Interaction name: 5nz2

Affinity: 5.03000020980835
Predicted value: 6.0082831382751465

Attributions for edges: 

(0,11): 0.536592423915863
(0,22): 0.554492175579071
(1,11): 0.3431118130683899
(1,17): 0.4724748730659485
(1,21): 0.38248875737190247
(1,22): 0.5272284746170044
(2,3): 0.4973863661289215
(2,4): 0.569899320602417
(2,17): 0.4551663398742676
(2,18): 0.45888766646385193
(2,19): 0.37439990043640137
(2,20): 0.40685632824897766
(2,21): 0.5041471719741821
(2,22): 0.615647554397583
(3,2): 0.46683818101882935
(3,4): 0.5605078935623169
(3,12): 0.5862433910369873
(3,17): 0.45806077122688293
(3,18): 0.4505287706851959
(3,19): 0.45740896463394165
(3,20): 0.4385296404361725
(3,21): 0.5243110656738281
(4,2): 0.4715029001235962
(4,3): 0.43170464038848877
(4,5): 0.6432755589485168
(4,6): 0.39888471364974976
(4,12): 0.5465337634086609
(4,13): 0.4508218467235565
(4,14): 0.6307283639907837
(4,17): 0.41729021072387695
(4,18): 0.41091597080230713
(4,19): 0.4526210129261017
(4,20): 0.3423296809196472
(4,21): 0.5584416389465332
(4,22): 0.4885084331035614
(5,4): 0.4562826156616211
(5,6): 0.4367063343524933
(5,8): 0.4504757523536682
(5,13): 0.5438991785049438
(5,14): 0.44078150391578674
(5,16): 0.6230724453926086
(5,19): 0.40575122833251953
(5,21): 0.5328933596611023
(6,4): 0.593799352645874
(6,5): 0.5653491020202637
(6,8): 0.4242279529571533
(6,9): 0.570824384689331
(6,13): 0.4470948874950409
(6,16): 0.4167695641517639
(6,19): 0.4882362186908722
(6,21): 0.46460479497909546
(6,22): 0.6558390855789185
(7,8): 0.5396674275398254
(7,9): 0.4667820930480957
(7,13): 0.4755859673023224
(7,16): 0.4409629702568054
(7,22): 0.4288577139377594
(8,5): 0.45765483379364014
(8,6): 0.5452010035514832
(8,7): 0.5503607392311096
(8,9): 0.4387853443622589
(8,13): 0.5746980905532837
(8,14): 0.5166789293289185
(8,15): 0.5805957913398743
(8,22): 0.5737694501876831
(9,6): 0.40837177634239197
(9,7): 0.5903448462486267
(9,8): 0.5619829893112183
(9,10): 0.5492039918899536
(9,13): 0.4296252429485321
(9,14): 0.5250952839851379
(9,15): 0.5072852373123169
(9,16): 0.4489980936050415
(9,21): 0.5436838269233704
(9,22): 0.601948082447052
(10,9): 0.4894525706768036
(10,19): 0.3845006227493286
(10,21): 0.5394924283027649
(10,22): 0.4522365927696228
(11,0): 0.48827922344207764
(11,1): 0.589151918888092
(11,23): 0.47214236855506897
(12,3): 0.5103715062141418
(12,4): 0.4483770728111267
(12,17): 0.3923923671245575
(12,18): 0.47134196758270264
(12,19): 0.51678466796875
(12,20): 0.5379968285560608
(13,4): 0.5583541393280029
(13,5): 0.6149911880493164
(13,6): 0.47996172308921814
(13,7): 0.5274640321731567
(13,8): 0.3706628084182739
(13,9): 0.4778999388217926
(13,14): 0.4450763165950775
(13,15): 0.4360779821872711
(13,16): 0.4229341149330139
(13,19): 0.4529936909675598
(14,4): 0.4815049171447754
(14,5): 0.5565670728683472
(14,8): 0.48545342683792114
(14,9): 0.49777358770370483
(14,13): 0.4939531087875366
(14,16): 0.425022691488266
(14,19): 0.534743070602417
(15,8): 0.670475423336029
(15,9): 0.5272178649902344
(15,13): 0.46166977286338806
(15,16): 0.45431557297706604
(16,5): 0.5789527297019958
(16,6): 0.5115260481834412
(16,7): 0.47324898838996887
(16,9): 0.48539865016937256
(16,13): 0.5109643340110779
(16,14): 0.49307945370674133
(16,15): 0.42077308893203735
(17,1): 0.4740672707557678
(17,2): 0.5909920334815979
(17,3): 0.4633197486400604
(17,4): 0.42977410554885864
(17,12): 0.5472728610038757
(17,18): 0.47175219655036926
(17,19): 0.5994499325752258
(17,20): 0.5758251547813416
(17,24): 0.38072165846824646
(17,25): 0.46520736813545227
(18,2): 0.49089905619621277
(18,3): 0.468150794506073
(18,4): 0.45437461137771606
(18,12): 0.5076351761817932
(18,17): 0.5694080591201782
(18,19): 0.666496217250824
(18,20): 0.531772255897522
(18,26): 0.5512257218360901
(18,27): 0.49900200963020325
(19,2): 0.45342817902565
(19,3): 0.5638672709465027
(19,4): 0.49559012055397034
(19,5): 0.40506869554519653
(19,6): 0.4523496627807617
(19,10): 0.5645828247070312
(19,12): 0.4867757260799408
(19,13): 0.36658036708831787
(19,14): 0.521970272064209
(19,17): 0.5937613844871521
(19,18): 0.3988875448703766
(19,20): 0.5621986985206604
(20,2): 0.5844472646713257
(20,3): 0.4579852819442749
(20,4): 0.46593379974365234
(20,12): 0.5680825710296631
(20,17): 0.46398070454597473
(20,18): 0.5265962481498718
(20,19): 0.6428237557411194
(20,28): 0.41146421432495117
(21,1): 0.557855486869812
(21,2): 0.5153725743293762
(21,3): 0.5326404571533203
(21,4): 0.5738335251808167
(21,5): 0.5081347227096558
(21,6): 0.6159635782241821
(21,9): 0.43845075368881226
(21,10): 0.5839758515357971
(21,23): 0.4482874572277069
(22,0): 0.48189452290534973
(22,1): 0.4745909571647644
(22,2): 0.5192701816558838
(22,4): 0.3727371394634247
(22,6): 0.5132745504379272
(22,7): 0.5461384654045105
(22,8): 0.6351855397224426
(22,9): 0.5376636385917664
(22,10): 0.6746076345443726
(22,26): 0.5885211229324341
(23,11): 0.546795666217804
(23,21): 0.35562023520469666
(24,17): 0.492365300655365
(25,17): 0.5716946125030518
(25,27): 0.45539483428001404
(25,28): 0.47441139817237854
(26,18): 0.4405999183654785
(26,22): 0.3874121904373169
(27,18): 0.42747172713279724
(27,25): 0.3899107873439789
(27,28): 0.497274786233902
(28,20): 0.5689258575439453
(28,25): 0.5117760300636292
(28,27): 0.48130959272384644
