Interaction name: 5nf6

Affinity: 7.460000038146973
Predicted value: 6.878129959106445

Attributions for edges: 

(0,4): 0.0
(0,6): 0.5303164124488831
(0,10): 0.5040813684463501
(0,11): 0.0
(0,12): 0.0
(0,13): 0.5300947427749634
(1,2): 0.4593783915042877
(1,4): 0.6226428151130676
(1,5): 0.0
(1,7): 0.5543875098228455
(1,9): 0.0
(1,11): 0.0
(1,13): 0.4600301682949066
(1,14): 0.0
(1,15): 0.5311025977134705
(1,19): 0.6100481152534485
(2,1): 0.5736117362976074
(2,3): 0.0
(2,6): 0.4340139627456665
(2,8): 0.0
(2,10): 0.3887445330619812
(2,11): 0.0
(2,13): 0.4988492429256439
(2,14): 0.5198660492897034
(2,15): 0.44864365458488464
(2,16): 0.0
(2,17): 0.49964940547943115
(2,18): 0.45369911193847656
(2,20): 0.539858341217041
(3,2): 0.0
(3,6): 0.0
(3,7): 0.0
(3,10): 0.0
(3,11): 0.5541338324546814
(3,15): 0.6727029085159302
(3,16): 0.42003515362739563
(3,17): 0.500309944152832
(3,18): 0.0
(3,20): 0.5552432537078857
(4,0): 0.0
(4,1): 0.5805243253707886
(4,5): 0.0
(4,6): 0.4926655888557434
(4,9): 0.0
(4,10): 0.5939759016036987
(4,11): 0.0
(4,12): 0.0
(4,13): 0.49358364939689636
(4,15): 0.547247052192688
(4,17): 0.5687155723571777
(4,18): 0.5726773738861084
(5,1): 0.0
(5,4): 0.0
(5,11): 0.4623274505138397
(5,14): 0.4961383640766144
(5,19): 0.4701562225818634
(6,0): 0.5642646551132202
(6,2): 0.4005952775478363
(6,3): 0.0
(6,4): 0.5913083553314209
(6,7): 0.49486127495765686
(6,8): 0.0
(6,11): 0.0
(6,12): 0.0
(6,19): 0.531467080116272
(6,21): 0.5521233081817627
(6,22): 0.5239757299423218
(7,1): 0.5321776270866394
(7,3): 0.0
(7,6): 0.5124964714050293
(7,8): 0.0
(7,10): 0.43215110898017883
(7,11): 0.0
(8,2): 0.0
(8,6): 0.0
(8,7): 0.0
(8,10): 0.0
(8,11): 0.4987965524196625
(9,1): 0.0
(9,4): 0.0
(9,11): 0.5032455921173096
(10,0): 0.5935462117195129
(10,2): 0.5211171507835388
(10,3): 0.0
(10,4): 0.48658686876296997
(10,7): 0.507256269454956
(10,8): 0.0
(10,11): 0.0
(10,12): 0.0
(11,0): 0.0
(11,1): 0.0
(11,2): 0.0
(11,3): 0.48757460713386536
(11,4): 0.0
(11,5): 0.4961857795715332
(11,6): 0.0
(11,7): 0.0
(11,8): 0.3850557506084442
(11,9): 0.37158364057540894
(11,10): 0.0
(11,12): 0.0
(11,23): 0.458431601524353
(12,0): 0.0
(12,4): 0.0
(12,6): 0.0
(12,10): 0.0
(12,11): 0.0
(12,24): 0.4992586672306061
(13,0): 0.42834603786468506
(13,1): 0.5098651647567749
(13,2): 0.47177034616470337
(13,4): 0.5011671781539917
(14,1): 0.0
(14,2): 0.4835062325000763
(14,5): 0.4851572811603546
(14,16): 0.0
(15,1): 0.4770144522190094
(15,2): 0.5226209759712219
(15,3): 0.4682393968105316
(15,4): 0.39719414710998535
(15,16): 0.5232882499694824
(15,18): 0.0
(15,20): 0.0
(16,2): 0.0
(16,3): 0.47961294651031494
(16,14): 0.0
(16,15): 0.5102486610412598
(17,2): 0.3527993857860565
(17,3): 0.41180703043937683
(17,4): 0.6060147881507874
(17,18): 0.5651484727859497
(17,19): 0.0
(18,2): 0.0
(18,3): 0.0
(18,4): 0.5611188411712646
(18,15): 0.0
(18,17): 0.5491428375244141
(18,20): 0.0
(19,1): 0.5228785276412964
(19,5): 0.5736531615257263
(19,6): 0.4832514822483063
(19,17): 0.0
(19,21): 0.4365212619304657
(19,22): 0.0
(20,2): 0.5769470930099487
(20,3): 0.4114043414592743
(20,15): 0.0
(20,18): 0.0
(21,6): 0.5726886987686157
(21,19): 0.4766152799129486
(21,22): 0.0
(22,6): 0.5859366059303284
(22,19): 0.0
(22,21): 0.0
(23,11): 0.37737342715263367
(23,24): 0.0
(24,12): 0.41938385367393494
(24,23): 0.0
