Interaction name: 4ura

Affinity: 5.5
Predicted value: 5.761984348297119

Shapley values for edges: 

(0,1): -0.029846205711364746
(0,7): -0.09630302906036377
(0,8): -0.03525705337524414
(0,9): -0.0013567113876342774
(0,10): -0.0023114681243896484
(0,12): -0.029800472259521486
(1,0): -0.03113794803619385
(1,6): -0.05131861686706543
(1,8): -0.012263970375061035
(1,9): 0.009080510139465332
(1,10): 0.029365839958190917
(1,12): -0.02159468650817871
(2,3): -0.02180788516998291
(2,8): -0.04649930000305176
(2,9): -0.0218607234954834
(2,10): 0.016811904907226564
(2,12): 0.003957223892211914
(3,2): -0.036771016120910646
(3,4): -0.045698599815368654
(3,5): -0.013257136344909668
(3,10): -0.02139774799346924
(3,11): 0.0022244644165039062
(3,12): -0.02362955093383789
(4,3): 0.017365636825561522
(4,5): -0.014424448013305663
(4,12): -0.007389121055603028
(5,3): 0.07020528316497802
(5,4): 0.011073594093322753
(6,1): 0.01743267059326172
(6,7): -0.06409927368164063
(6,8): -0.0022904491424560547
(6,9): -0.052129874229431154
(6,10): -0.051842327117919924
(7,0): 0.016894783973693848
(7,6): -0.01528806209564209
(7,8): -0.0011823034286499022
(7,9): -0.06772311210632324
(7,10): -0.05250200271606445
(8,0): -0.03374815464019775
(8,1): 0.013108630180358887
(8,2): -0.04074281692504883
(8,6): 0.014908432960510254
(8,7): -0.0020183563232421876
(8,9): 0.014570560455322266
(8,10): -0.08556249141693115
(8,11): -0.0260996150970459
(8,13): 0.022314581871032715
(9,0): -0.012441048622131348
(9,1): -0.006209602355957031
(9,2): -0.04047678470611572
(9,6): 0.024555611610412597
(9,7): 0.019312925338745117
(9,8): -0.05019120216369629
(9,10): -0.006470394134521484
(9,11): -0.08291518211364746
(10,0): -0.029558658599853516
(10,1): -0.006279458999633789
(10,2): -0.011116642951965332
(10,3): -0.012526021003723145
(10,6): 0.018071503639221193
(10,7): 0.03844627857208252
(10,8): -0.012070636749267578
(10,9): -0.021451454162597656
(10,11): -0.06663805961608887
(11,3): -0.07893380641937256
(11,8): -0.07264729976654052
(11,9): -0.041741375923156736
(11,10): -0.03322337150573731
(12,0): -0.031457676887512206
(12,1): 0.0084320068359375
(12,2): 0.007442221641540527
(12,3): -0.0293965482711792
(12,4): -0.07271431922912598
(13,8): -0.020135531425476073
