Interaction name: 6gi6

Affinity: 6.710000038146973
Predicted value: 6.8916707038879395

Attributions for edges: 

(0,8): 3.8239413913638854e-23
(0,9): 1.9818453125393422e-23
(0,13): 7.088629625846559e-23
(0,15): 2.9632305615788007e-24
(0,16): 7.088629625846559e-23
(0,17): 5.891539513060916e-23
(1,2): 2.347795401559518e-24
(1,4): 9.272855823113768e-25
(1,6): 4.974116368394225e-23
(1,10): 5.4460586369438466e-24
(1,12): 7.088629625846559e-23
(1,18): 1.1536558257746273e-24
(2,1): 2.174613217162276e-24
(2,3): 1.0618736343891994e-24
(2,6): 1.5259280630259934e-24
(2,10): 1.6707010242954146e-25
(2,12): 2.174613217162276e-24
(2,19): 9.722764891036204e-25
(3,2): 1.1255737580553435e-24
(3,5): 3.398424770377878e-23
(3,6): 2.3846870734378576e-23
(3,10): 2.6109349448531858e-24
(3,11): 1.9398686038229027e-23
(3,12): 3.398424770377878e-23
(4,1): 8.305953941965031e-25
(4,6): 5.828317360217245e-25
(4,10): 6.381256099704138e-26
(4,11): 4.741155113181762e-25
(4,12): 8.305953941965031e-25
(4,14): 8.333374747030514e-25
(4,15): 3.472090539347015e-26
(4,16): 8.305953941965031e-25
(4,17): 6.903262617021183e-25
(4,20): 8.305953941965031e-25
(4,23): 7.269825941857174e-26
(4,25): 6.004090854080525e-25
(4,26): 8.641999812903999e-25
(5,3): 3.461436455132036e-23
(5,6): 4.974116368394225e-23
(5,10): 5.4460586369438466e-24
(5,11): 4.046304556694498e-23
(5,12): 7.088629625846559e-23
(5,14): 7.112058794731623e-23
(5,16): 7.088629625846559e-23
(6,1): 4.920894763018222e-23
(6,2): 1.6298289328526529e-24
(6,3): 2.402913704652989e-23
(6,4): 6.437174504970729e-25
(6,5): 4.920894763018222e-23
(6,10): 3.780614310549889e-24
(6,11): 2.808926055301769e-23
(6,12): 4.920894763018222e-23
(6,14): 4.937158550528983e-23
(6,16): 4.920894763018222e-23
(6,25): 3.557147055496329e-23
(6,30): 4.920894763018222e-23
(7,8): 2.966183583491405e-23
(7,10): 4.2244239059531564e-24
(7,11): 3.13865602973222e-23
(7,13): 5.498561826693465e-23
(7,14): 5.516714462755686e-23
(7,15): 2.2985322213198237e-24
(7,16): 5.498561826693465e-23
(7,17): 4.569976615762259e-23
(7,26): 5.721025019586859e-23
(8,0): 3.7210095582731994e-23
(8,7): 2.908934685422068e-23
(8,13): 3.7210095582731994e-23
(8,15): 1.5554782994975067e-24
(8,16): 3.7210095582731994e-23
(8,17): 3.0926253648238497e-23
(8,20): 3.7210095582731994e-23
(8,21): 2.642207087187093e-23
(8,25): 2.689801432181792e-23
(8,29): 3.742991009625002e-23
(9,0): 1.9187683101022322e-23
(9,15): 8.020948850708061e-25
(9,16): 1.9187683101022322e-23
(9,17): 1.5947369090789167e-23
(9,23): 1.679417616823364e-24
(9,24): 1.9187683101022322e-23
(9,25): 1.3870123200221283e-23
(9,27): 1.9187683101022322e-23
(10,1): 5.142219392967111e-24
(10,2): 1.7031264122474257e-25
(10,3): 2.510978773983084e-24
(10,4): 6.726722325706125e-26
(10,5): 5.142219392967111e-24
(10,6): 3.608313678214231e-24
(10,7): 4.019978769451553e-24
(10,11): 2.9352508485619692e-24
(10,12): 5.142219392967111e-24
(10,14): 5.159215006739645e-24
(10,15): 2.1495725040554585e-25
(10,16): 5.142219392967111e-24
(10,17): 4.273812515076781e-24
(11,3): 1.9518864263974017e-23
(11,4): 5.228916192527032e-25
(11,5): 3.9972569721402005e-23
(11,6): 2.804878567769261e-23
(11,7): 3.124893246835372e-23
(11,10): 3.0710159797179947e-24
(11,12): 3.9972569721402005e-23
(11,14): 4.0104533529070997e-23
(11,15): 1.6709568863996424e-24
(11,16): 3.9972569721402005e-23
(11,22): 3.312085837567611e-23
(12,1): 7.088629625846559e-23
(12,2): 2.347795401559518e-24
(12,3): 3.461436455132036e-23
(12,4): 9.272855823113768e-25
(12,5): 7.088629625846559e-23
(12,6): 4.974116368394225e-23
(12,10): 5.4460586369438466e-24
(12,11): 4.046304556694498e-23
(12,14): 7.112058794731623e-23
(12,20): 7.088629625846559e-23
(12,27): 7.088629625846559e-23
(13,0): 7.088629625846559e-23
(13,7): 5.541602708771047e-23
(13,8): 3.8239413913638854e-23
(13,14): 7.112058794731623e-23
(13,15): 2.9632305615788007e-24
(13,16): 7.088629625846559e-23
(14,4): 9.138780037586273e-25
(14,5): 6.986162274056867e-23
(14,6): 4.902177302547862e-23
(14,7): 5.461497985922561e-23
(14,10): 5.3673141469542326e-24
(14,11): 3.987799160975325e-23
(14,12): 6.986162274056867e-23
(14,13): 6.986162274056867e-23
(14,15): 2.9203853564487582e-24
(14,16): 6.986162274056867e-23
(14,17): 5.806353894894081e-23
(14,21): 4.960738234074763e-23
(15,0): 2.685227498324185e-24
(15,4): 3.5126158031624154e-26
(15,7): 2.0992099475367255e-24
(15,8): 1.4485384416410965e-24
(15,9): 7.50738314507688e-25
(15,10): 2.0630011826832745e-25
(15,11): 1.5327655149219965e-24
(15,13): 2.685227498324185e-24
(15,14): 2.6941027751536003e-24
(15,16): 2.685227498324185e-24
(15,17): 2.2317606677192016e-24
(15,20): 2.685227498324185e-24
(15,21): 1.906720984129878e-24
(15,23): 2.350258471824651e-25
(16,0): 7.088629625846559e-23
(16,4): 9.272855823113768e-25
(16,5): 7.088629625846559e-23
(16,6): 4.974116368394225e-23
(16,7): 5.541602708771047e-23
(16,8): 3.8239413913638854e-23
(16,9): 1.9818453125393422e-23
(16,10): 5.4460586369438466e-24
(16,11): 4.046304556694498e-23
(16,13): 7.088629625846559e-23
(16,14): 7.112058794731623e-23
(16,15): 2.9632305615788007e-24
(16,17): 5.891539513060916e-23
(16,28): 7.088629625846559e-23
(17,0): 5.86087428086444e-23
(17,4): 7.6667626302154705e-25
(17,7): 4.581776712726917e-23
(17,8): 3.1616200862275657e-23
(17,9): 1.6385822715076436e-23
(17,10): 4.5027632211686225e-24
(17,14): 5.880222830058977e-23
(17,15): 2.449987795880695e-24
(17,16): 5.86087428086444e-23
(17,22): 4.8562416164924806e-23
(18,1): 1.0701857631399e-24
(18,19): 4.7848515978361515e-25
(19,2): 1.0325261351703278e-24
(19,18): 5.073610680925843e-25
(20,4): 9.272855823113768e-25
(20,8): 3.8239413913638854e-23
(20,12): 7.088629625846559e-23
(20,15): 2.9632305615788007e-24
(20,24): 7.088629625846559e-23
(20,29): 7.130503624873139e-23
(21,8): 2.68009181661597e-23
(21,14): 4.984639457325511e-23
(21,15): 2.076843965936673e-24
(22,11): 3.336064053642709e-23
(22,17): 4.8574091306322077e-23
(22,27): 5.844397816453632e-23
(22,28): 5.844397816453632e-23
(23,4): 7.704873486622829e-26
(23,9): 1.6467275167338448e-24
(23,15): 2.4621665263583366e-25
(24,9): 1.9818453125393422e-23
(24,20): 7.088629625846559e-23
(25,4): 6.652948670147438e-25
(25,6): 3.5687676077189584e-23
(25,8): 2.743543685755241e-23
(25,9): 1.4219097909751144e-23
(26,4): 9.64978835477034e-25
(26,7): 5.766885606084064e-23
(26,29): 7.420379084194376e-23
(26,30): 7.376803038878692e-23
(27,9): 1.9818453125393422e-23
(27,12): 7.088629625846559e-23
(27,22): 5.873564844018912e-23
(28,16): 7.088629625846559e-23
(28,22): 5.873564844018912e-23
(29,8): 3.846633133074749e-23
(29,20): 7.130667707941425e-23
(29,26): 7.419190744126751e-23
(30,6): 4.974116368394225e-23
(30,26): 7.375451877920229e-23
