Interaction name: 5l26

Affinity: 5.349999904632568
Predicted value: 6.420754432678223

Attributions for edges: 

(0,2): 0.402792751789093
(0,6): 0.48670363426208496
(0,7): 0.5003928542137146
(0,10): 0.4407655596733093
(0,14): 0.419086754322052
(1,6): 0.4863235056400299
(1,15): 0.4312345087528229
(2,0): 0.6231922507286072
(2,3): 0.4646769165992737
(2,4): 0.5510731339454651
(2,8): 0.3705962002277374
(2,10): 0.5866631865501404
(2,11): 0.4093378484249115
(2,12): 0.5783815383911133
(2,15): 0.4853658974170685
(3,2): 0.5693606734275818
(3,4): 0.5557609796524048
(3,5): 0.5350638628005981
(3,7): 0.42785146832466125
(3,9): 0.5360485911369324
(3,10): 0.3840232193470001
(3,11): 0.33510422706604004
(3,12): 0.4539952278137207
(3,13): 0.4774726927280426
(3,15): 0.4469601511955261
(4,2): 0.5045701265335083
(4,3): 0.46175384521484375
(4,5): 0.44426262378692627
(4,7): 0.5134177803993225
(4,8): 0.42428699135780334
(4,9): 0.31746718287467957
(4,10): 0.40158945322036743
(4,11): 0.4637938141822815
(4,12): 0.5070574879646301
(4,13): 0.685981810092926
(4,15): 0.40908312797546387
(5,3): 0.4666029214859009
(5,4): 0.6965525150299072
(5,8): 0.5358138680458069
(5,11): 0.42205873131752014
(5,12): 0.5435977578163147
(5,13): 0.522540271282196
(5,15): 0.48605188727378845
(5,16): 0.4043354392051697
(6,0): 0.5544472932815552
(6,1): 0.539412260055542
(7,0): 0.5475379228591919
(7,3): 0.4821373224258423
(7,4): 0.5034818053245544
(7,8): 0.531425416469574
(7,10): 0.5398925542831421
(7,11): 0.6722734570503235
(7,12): 0.41506531834602356
(8,2): 0.41274410486221313
(8,4): 0.4472542703151703
(8,5): 0.4224063456058502
(8,7): 0.558888852596283
(8,9): 0.38802671432495117
(8,10): 0.5072301030158997
(8,11): 0.5883833765983582
(8,12): 0.49179908633232117
(8,13): 0.6290693283081055
(9,3): 0.3794799745082855
(9,4): 0.4867570698261261
(9,8): 0.4887474477291107
(9,11): 0.5540139675140381
(9,12): 0.5203733444213867
(9,13): 0.5102174282073975
(10,0): 0.5097510814666748
(10,2): 0.4908614456653595
(10,3): 0.5111172795295715
(10,4): 0.38054269552230835
(10,7): 0.45958036184310913
(10,8): 0.43672001361846924
(10,11): 0.35403963923454285
(10,12): 0.5080835223197937
(10,13): 0.42864128947257996
(10,17): 0.451907217502594
(10,18): 0.4734281003475189
(11,2): 0.43801677227020264
(11,3): 0.4561157822608948
(11,4): 0.5914044976234436
(11,5): 0.4908802807331085
(11,7): 0.48768845200538635
(11,8): 0.44281867146492004
(11,9): 0.4650428295135498
(11,10): 0.43004176020622253
(11,12): 0.48738259077072144
(11,13): 0.4084569215774536
(11,19): 0.5749102830886841
(12,2): 0.6048891544342041
(12,3): 0.4885489344596863
(12,4): 0.4793149530887604
(12,5): 0.5327194333076477
(12,7): 0.4952813982963562
(12,8): 0.6116099953651428
(12,9): 0.5226624608039856
(12,10): 0.37450942397117615
(12,11): 0.35968074202537537
(12,13): 0.37428364157676697
(12,18): 0.5012761950492859
(13,3): 0.4544757604598999
(13,4): 0.5118083357810974
(13,5): 0.4933399260044098
(13,8): 0.37171295285224915
(13,9): 0.48808160424232483
(13,10): 0.4060637652873993
(13,11): 0.4930201768875122
(13,12): 0.418249249458313
(13,20): 0.5038425922393799
(13,21): 0.46324700117111206
(14,0): 0.5043002367019653
(14,18): 0.37084320187568665
(15,1): 0.4772047698497772
(15,2): 0.48236173391342163
(15,3): 0.3124215602874756
(15,4): 0.45949727296829224
(15,5): 0.5271454453468323
(15,20): 0.45709651708602905
(16,5): 0.38496479392051697
(16,19): 0.5243995785713196
(16,21): 0.41446202993392944
(17,10): 0.4591052234172821
(17,19): 0.4739510715007782
(18,10): 0.47780585289001465
(18,12): 0.4768129885196686
(18,14): 0.5070775747299194
(19,11): 0.30487674474716187
(19,16): 0.40706586837768555
(19,17): 0.6013332605361938
(20,13): 0.5319699048995972
(20,15): 0.35385462641716003
(21,13): 0.4905548691749573
(21,16): 0.399832159280777
