Interaction name: 5idp

Affinity: 7.349999904632568
Predicted value: 6.818875789642334

Attributions for edges: 

(0,7): 1.9604926831692092e-28
(0,8): 5.722057753913516e-28
(0,9): 4.281538229744667e-28
(0,17): 4.648842922053451e-28
(0,20): 4.281538229744667e-28
(0,21): 8.229389566490902e-30
(1,2): 5.98573329167665e-23
(1,3): 3.864031302567217e-23
(1,9): 4.5555474031726803e-23
(1,10): 6.428813111856497e-23
(1,18): 6.374016309024949e-23
(1,19): 3.3234637361757947e-23
(1,20): 4.5555474031726803e-23
(1,21): 8.756018809916249e-25
(2,1): 5.99283935071088e-23
(2,3): 4.0299451592420246e-23
(2,9): 4.7511539843200066e-23
(2,10): 6.704828600617363e-23
(2,17): 5.158745476728858e-23
(2,18): 6.647729586120018e-23
(2,19): 3.466180349071673e-23
(2,20): 4.7511539843200066e-23
(2,22): 1.434358173831683e-23
(3,1): 3.8243206756871157e-23
(3,2): 3.983830875077701e-23
(3,9): 3.0319528104258533e-23
(3,18): 4.2422544501077764e-23
(3,19): 2.211937421474948e-23
(3,20): 3.0319528104258533e-23
(3,23): 2.7769112398686414e-23
(4,5): 1.9955992601940516e-23
(4,11): 1.9955992601940516e-23
(4,13): 1.5486112653175578e-23
(4,14): 7.288326135243094e-24
(4,15): 1.9955992601940516e-23
(4,16): 1.9955992601940516e-23
(5,4): 1.9625328931742645e-23
(5,9): 5.066304547044525e-23
(5,11): 7.088629625846559e-23
(5,12): 7.088629625846559e-23
(5,13): 5.500911370013575e-23
(5,14): 2.5889088045311026e-23
(5,15): 7.088629625846559e-23
(5,16): 7.088629625846559e-23
(5,20): 5.066304547044525e-23
(5,32): 7.088629625846559e-23
(5,33): 5.936093745899074e-23
(6,7): 1.6501490234165372e-23
(6,12): 5.042339268288273e-23
(6,14): 1.8415555513322858e-23
(6,24): 5.04399335183434e-23
(6,29): 4.7515891199953265e-23
(6,30): 4.182173304730424e-24
(6,32): 5.042339268288273e-23
(7,0): 2.5957847494496438e-28
(7,6): 1.6134122443769378e-23
(7,12): 2.2588446686212e-23
(7,14): 8.24968804346969e-24
(7,25): 6.5627878837450784e-24
(8,0): 7.767251391589417e-28
(8,9): 4.8306702169331983e-23
(8,10): 6.817068361300933e-23
(8,17): 5.245083462906039e-23
(8,18): 6.759013878475184e-23
(8,19): 3.5241912867754537e-23
(8,20): 4.8306702169331983e-23
(8,24): 6.76120564961425e-23
(9,0): 5.769313333993973e-28
(9,1): 4.5258587807768686e-23
(9,2): 4.714611738379635e-23
(9,3): 3.043459766678131e-23
(9,5): 5.020420294720164e-23
(9,8): 4.7953453411417635e-23
(9,10): 5.0635612043605284e-23
(9,14): 1.833557606158612e-23
(9,17): 3.8959271577758373e-23
(9,18): 5.020420294720164e-23
(9,19): 2.6176880280753755e-23
(9,32): 5.020420294720164e-23
(10,1): 6.445437251028763e-23
(10,2): 6.714247599825702e-23
(10,8): 6.829223761217303e-23
(10,9): 5.109996081596734e-23
(10,17): 5.548371766426568e-23
(10,18): 7.149788434106534e-23
(10,19): 3.727957214037662e-23
(10,20): 5.109996081596734e-23
(10,26): 7.359938454902515e-23
(10,34): 1.327116856724647e-22
(11,4): 1.9625328931742645e-23
(11,5): 7.088629625846559e-23
(11,13): 5.500911370013575e-23
(11,15): 7.088629625846559e-23
(11,16): 7.088629625846559e-23
(12,5): 7.088629625846559e-23
(12,6): 5.063174978061332e-23
(12,7): 2.3198242476835083e-23
(12,14): 2.5889088045311026e-23
(12,16): 7.088629625846559e-23
(12,27): 7.088629625846559e-23
(12,32): 7.088629625846559e-23
(12,33): 5.936093745899074e-23
(12,34): 1.3157697552462032e-22
(13,4): 1.5661963948445636e-23
(13,5): 5.657112771223301e-23
(13,11): 5.657112771223301e-23
(13,14): 2.0660825621259196e-23
(13,15): 5.657112771223301e-23
(13,16): 5.657112771223301e-23
(13,30): 4.692074061203561e-24
(13,33): 4.737291173860377e-23
(14,4): 7.262571404409439e-24
(14,5): 2.6232357712774328e-23
(14,6): 1.873683962735765e-23
(14,7): 8.584766968154083e-24
(14,9): 1.8748350685686636e-23
(14,12): 2.6232357712774328e-23
(14,13): 2.035673236407098e-23
(14,15): 2.6232357712774328e-23
(14,16): 2.6232357712774328e-23
(14,20): 1.8748350685686636e-23
(14,30): 2.175741879902421e-24
(15,4): 1.9625328931742645e-23
(15,5): 7.088629625846559e-23
(15,11): 7.088629625846559e-23
(15,13): 5.500911370013575e-23
(15,14): 2.5889088045311026e-23
(15,16): 7.088629625846559e-23
(15,29): 6.679911955609415e-23
(16,4): 1.9625328931742645e-23
(16,5): 7.088629625846559e-23
(16,11): 7.088629625846559e-23
(16,12): 7.088629625846559e-23
(16,13): 5.500911370013575e-23
(16,14): 2.5889088045311026e-23
(16,15): 7.088629625846559e-23
(16,27): 7.088629625846559e-23
(17,0): 6.5009808606214895e-28
(17,2): 5.312501093588037e-23
(17,8): 5.403473164266848e-23
(17,9): 4.0431724633564084e-23
(17,10): 5.705724904557917e-23
(17,18): 5.657112771223301e-23
(17,19): 2.949664520591715e-23
(17,20): 4.0431724633564084e-23
(17,24): 5.658969434249829e-23
(17,30): 4.692074061203561e-24
(18,1): 6.390328059278747e-23
(18,2): 6.656839982942235e-23
(18,3): 4.297241210645302e-23
(18,8): 6.770807033463876e-23
(18,9): 5.066304547044525e-23
(18,10): 7.149570077407969e-23
(18,17): 5.500911370013575e-23
(18,19): 3.696068931893732e-23
(18,20): 5.066304547044525e-23
(18,31): 5.175480056427854e-23
(18,32): 7.088629625846559e-23
(19,1): 3.283541694573094e-23
(19,2): 3.420496151872876e-23
(19,3): 2.2080592234927006e-23
(19,8): 3.4790561367666904e-23
(19,9): 2.603208801704406e-23
(19,10): 3.6736624422861964e-23
(19,17): 2.8265327996175777e-23
(19,18): 3.6423774809625794e-23
(19,20): 2.603208801704406e-23
(19,28): 3.8690610796989064e-23
(19,31): 2.6593163758160694e-23
(19,33): 3.0501423651784394e-23
(20,0): 5.769313333993973e-28
(20,1): 4.5258587807768686e-23
(20,2): 4.714611738379635e-23
(20,3): 3.043459766678131e-23
(20,5): 5.020420294720164e-23
(20,8): 4.7953453411417635e-23
(20,10): 5.0635612043605284e-23
(20,14): 1.833557606158612e-23
(20,17): 3.8959271577758373e-23
(20,18): 5.020420294720164e-23
(20,19): 2.6176880280753755e-23
(21,0): 1.0374230789396744e-29
(21,1): 8.1382830356745025e-25
(21,22): 1.9478676731233664e-25
(21,23): 5.909359999238994e-25
(22,2): 1.454253088089176e-23
(22,21): 2.1272945790539513e-25
(22,28): 1.6449641562308816e-23
(22,34): 2.87441918091939e-23
(23,3): 2.787024752217937e-23
(23,21): 6.315463128056442e-25
(24,6): 5.055821532247224e-23
(24,8): 6.760999914690169e-23
(24,17): 5.492943243782119e-23
(24,31): 5.167983353473358e-23
(25,7): 6.583650099244553e-24
(26,10): 7.360780327260567e-23
(26,28): 7.752262964440443e-23
(27,12): 7.088629625846559e-23
(27,16): 7.088629625846559e-23
(27,31): 5.175480056427854e-23
(28,19): 4.004582650050445e-23
(28,22): 1.6571702010173663e-23
(28,26): 7.906067490675745e-23
(29,6): 4.802631576006747e-23
(29,15): 6.723884955732606e-23
(29,30): 5.5768241648978076e-24
(30,6): 3.909562697408673e-24
(30,13): 4.247546996806995e-24
(30,14): 1.999041967513572e-24
(30,17): 4.247546996806995e-24
(30,29): 5.15795559030446e-24
(31,18): 5.1286655793240564e-23
(31,19): 2.67411761520855e-23
(31,24): 5.130348377407074e-23
(31,27): 5.1286655793240564e-23
(32,5): 7.088629625846559e-23
(32,6): 5.063174978061332e-23
(32,9): 5.066304547044525e-23
(32,12): 7.088629625846559e-23
(32,18): 7.088629625846559e-23
(33,5): 5.90573837826617e-23
(33,12): 5.90573837826617e-23
(33,13): 4.582948013398989e-23
(33,19): 3.079287935727097e-23
(34,10): 1.3759987173799757e-22
(34,12): 1.3642753608041776e-22
(34,22): 2.9436622357360693e-23
