Interaction name: 5x4p

Affinity: 5.03000020980835
Predicted value: 6.388721466064453

Attributions for edges: 

(0,1): 1.2689911573852676e-26
(0,4): 1.235874483842738e-26
(0,6): 9.173138843498295e-27
(1,0): 1.2691848289004752e-26
(1,3): 2.631400240057818e-26
(1,4): 1.5903666960848924e-26
(1,6): 1.1804272688926206e-26
(1,7): 2.3995575637244604e-26
(2,3): 4.8551781777580554e-26
(2,5): 5.334954135849742e-26
(2,7): 4.4274066422479e-26
(3,1): 2.63215304755448e-26
(3,2): 4.85480747476236e-26
(3,5): 4.6605840650699157e-26
(3,7): 3.8677418774678666e-26
(4,0): 1.2360394975203731e-26
(4,1): 1.5903423523303954e-26
(4,6): 1.1496042238394606e-26
(4,7): 2.3368916551939885e-26
(4,8): 2.2818262365960464e-26
(5,2): 5.334811771108253e-26
(5,3): 4.660851230071801e-26
(5,7): 4.250184725806924e-26
(5,8): 4.150019112366486e-26
(6,0): 9.172718990770419e-27
(6,1): 1.1802021662007206e-26
(6,4): 1.1494026174928821e-26
(6,9): 6.952543928735746e-27
(7,1): 2.400088195942738e-26
(7,2): 4.426798972831847e-26
(7,3): 3.86754990077101e-26
(7,4): 2.337462500829505e-26
(7,5): 4.249698467014565e-26
(7,8): 3.443677680063459e-26
(8,4): 2.2823485487969642e-26
(8,5): 4.1495128239027057e-26
(8,7): 3.443611736222163e-26
(9,6): 6.951694208444282e-27
