Interaction name: 5nu1

Affinity: 9.0
Predicted value: 8.130390167236328

Attributions for edges: 

(0,1): 0.0
(0,6): 0.49446600675582886
(0,7): 0.0
(0,9): 0.4997626543045044
(0,24): 0.40176525712013245
(0,26): 0.0
(0,32): 0.49405550956726074
(1,0): 0.0
(1,6): 0.0
(1,7): 0.0
(1,9): 0.0
(1,24): 0.5459256172180176
(1,26): 0.0
(1,32): 0.5059465169906616
(1,33): 0.520180344581604
(2,5): 0.0
(2,8): 0.539535641670227
(2,10): 0.0
(2,17): 0.0
(2,25): 0.4296322762966156
(2,28): 0.5100058317184448
(2,33): 0.4745396375656128
(3,5): 0.0
(3,13): 0.0
(3,14): 0.5096772313117981
(3,17): 0.0
(3,29): 0.0
(3,30): 0.0
(4,11): 0.0
(4,17): 0.0
(4,18): 0.0
(4,21): 0.5698155760765076
(5,2): 0.0
(5,3): 0.0
(5,8): 0.47997671365737915
(5,10): 0.0
(5,17): 0.0
(5,25): 0.45651543140411377
(5,31): 0.0
(5,34): 0.0
(6,0): 0.46288859844207764
(6,1): 0.0
(6,7): 0.0
(6,9): 0.5182322263717651
(6,26): 0.4361303448677063
(6,35): 0.49594515562057495
(6,44): 0.4309083819389343
(6,47): 0.43805715441703796
(6,50): 0.45601868629455566
(6,51): 0.5406823754310608
(6,53): 0.54867023229599
(6,54): 0.5443788170814514
(7,0): 0.0
(7,1): 0.0
(7,6): 0.0
(7,9): 0.5065454244613647
(7,24): 0.5543810725212097
(7,26): 0.0
(7,36): 0.41623198986053467
(8,2): 0.5410559773445129
(8,5): 0.4589921236038208
(8,9): 0.0
(8,10): 0.0
(8,24): 0.0
(8,25): 0.0
(8,26): 0.0
(8,28): 0.0
(8,52): 0.5125560760498047
(8,53): 0.46600839495658875
(8,56): 0.5774089694023132
(9,0): 0.4510778486728668
(9,1): 0.0
(9,6): 0.4330367147922516
(9,7): 0.3859351873397827
(9,8): 0.0
(9,10): 0.4451906383037567
(9,24): 0.0
(9,25): 0.0
(9,26): 0.0
(9,28): 0.0
(9,37): 0.4079432785511017
(9,47): 0.45378392934799194
(9,50): 0.39400649070739746
(9,54): 0.4642452895641327
(9,56): 0.43296337127685547
(10,2): 0.0
(10,5): 0.0
(10,8): 0.0
(10,9): 0.0
(10,24): 0.39791393280029297
(10,25): 0.0
(10,28): 0.0
(10,38): 0.5018473863601685
(10,44): 0.5730142593383789
(10,53): 0.49502864480018616
(11,4): 0.0
(11,12): 0.0
(11,14): 0.5264984965324402
(11,18): 0.0
(11,19): 0.0
(11,20): 0.0
(11,21): 0.0
(11,39): 0.47387194633483887
(11,40): 0.4980386793613434
(12,11): 0.0
(12,18): 0.0
(12,19): 0.0
(12,20): 0.0
(12,21): 0.0
(12,22): 0.0
(12,39): 0.44168445467948914
(12,41): 0.4657040536403656
(12,46): 0.45381584763526917
(12,47): 0.4380172789096832
(12,52): 0.4434950053691864
(13,3): 0.0
(13,14): 0.0
(13,15): 0.0
(13,16): 0.0
(13,18): 0.5739750862121582
(13,21): 0.4169817864894867
(13,22): 0.4547663927078247
(13,27): 0.0
(13,29): 0.0
(13,30): 0.0
(13,31): 0.0
(13,35): 0.5559803247451782
(13,53): 0.4786078631877899
(14,3): 0.4230773150920868
(14,11): 0.5735931396484375
(14,13): 0.0
(14,15): 0.0
(14,16): 0.0
(14,18): 0.486014187335968
(14,21): 0.4461137056350708
(14,27): 0.0
(14,29): 0.0
(14,30): 0.0
(14,31): 0.554374098777771
(14,39): 0.4930879771709442
(14,43): 0.47677063941955566
(15,13): 0.0
(15,14): 0.0
(15,16): 0.0
(15,23): 0.0
(15,27): 0.0
(15,29): 0.0
(15,30): 0.0
(15,39): 0.5033585429191589
(15,49): 0.5247498154640198
(15,57): 0.45893165469169617
(16,13): 0.0
(16,14): 0.0
(16,15): 0.0
(16,23): 0.0
(16,27): 0.0
(16,29): 0.0
(16,30): 0.0
(16,53): 0.4628465175628662
(16,57): 0.4518234431743622
(17,2): 0.0
(17,3): 0.0
(17,4): 0.0
(17,5): 0.0
(17,31): 0.0
(17,35): 0.4790705740451813
(17,37): 0.42732152342796326
(17,39): 0.5301087498664856
(17,44): 0.0
(17,46): 0.5847875475883484
(17,53): 0.6386732459068298
(17,56): 0.5320004820823669
(17,57): 0.5442231893539429
(18,4): 0.0
(18,11): 0.0
(18,12): 0.0
(18,13): 0.0
(18,14): 0.47154393792152405
(18,19): 0.0
(18,20): 0.0
(18,21): 0.0
(18,22): 0.0
(18,41): 0.4019535481929779
(18,44): 0.588229775428772
(18,53): 0.4989337921142578
(19,11): 0.0
(19,12): 0.0
(19,18): 0.0
(19,20): 0.0
(19,21): 0.0
(19,42): 0.4764329195022583
(19,45): 0.4757288098335266
(20,11): 0.0
(20,12): 0.0
(20,18): 0.0
(20,19): 0.0
(20,21): 0.0
(20,35): 0.45788028836250305
(20,40): 0.45944488048553467
(20,45): 0.47510597109794617
(20,55): 0.488364577293396
(21,4): 0.4285866320133209
(21,11): 0.0
(21,12): 0.0
(21,13): 0.4729185402393341
(21,14): 0.5034851431846619
(21,18): 0.0
(21,19): 0.0
(21,20): 0.0
(21,22): 0.0
(21,35): 0.5228214263916016
(21,46): 0.5086448788642883
(22,12): 0.0
(22,13): 0.47445788979530334
(22,18): 0.0
(22,21): 0.0
(22,29): 0.5126757621765137
(22,30): 0.5771086812019348
(22,35): 0.49721547961235046
(22,41): 0.43410542607307434
(22,46): 0.5693585872650146
(22,50): 0.4553694427013397
(22,53): 0.4368566870689392
(22,54): 0.5382148623466492
(22,57): 0.48981037735939026
(23,15): 0.0
(23,16): 0.0
(23,29): 0.0
(23,30): 0.0
(23,43): 0.4287213981151581
(23,48): 0.5176189541816711
(23,50): 0.5901170372962952
(24,0): 0.4234083294868469
(24,1): 0.5115150809288025
(24,7): 0.46253159642219543
(24,8): 0.0
(24,9): 0.0
(24,10): 0.3790600597858429
(24,25): 0.0
(24,26): 0.0
(24,28): 0.0
(24,37): 0.4601215124130249
(24,44): 0.4541611969470978
(24,56): 0.467425137758255
(25,2): 0.4294424057006836
(25,5): 0.4657997488975525
(25,8): 0.0
(25,9): 0.0
(25,10): 0.0
(25,24): 0.0
(25,26): 0.0
(25,28): 0.0
(25,35): 0.4535228908061981
(25,54): 0.6176339387893677
(25,56): 0.0
(26,0): 0.0
(26,1): 0.0
(26,6): 0.36048945784568787
(26,7): 0.0
(26,8): 0.0
(26,9): 0.0
(26,24): 0.0
(26,25): 0.0
(26,28): 0.0
(27,13): 0.0
(27,14): 0.0
(27,15): 0.0
(27,16): 0.0
(27,29): 0.0
(27,30): 0.0
(27,42): 0.37976789474487305
(27,50): 0.46385428309440613
(28,2): 0.5013493895530701
(28,8): 0.0
(28,9): 0.0
(28,10): 0.0
(28,24): 0.0
(28,25): 0.0
(28,26): 0.0
(29,3): 0.0
(29,13): 0.0
(29,14): 0.0
(29,15): 0.0
(29,16): 0.0
(29,22): 0.4359143376350403
(29,23): 0.0
(29,27): 0.0
(29,31): 0.0
(29,43): 0.48872825503349304
(29,54): 0.4715766906738281
(30,3): 0.0
(30,13): 0.0
(30,14): 0.0
(30,15): 0.0
(30,16): 0.0
(30,22): 0.6325861215591431
(30,23): 0.0
(30,27): 0.0
(30,31): 0.0
(31,5): 0.0
(31,13): 0.0
(31,14): 0.4882386028766632
(31,17): 0.0
(31,29): 0.0
(31,30): 0.0
(32,0): 0.5180021524429321
(32,1): 0.526731550693512
(32,36): 0.0
(32,37): 0.48556020855903625
(33,1): 0.40545955300331116
(33,2): 0.5398949384689331
(34,5): 0.0
(34,38): 0.5368953347206116
(35,6): 0.5300080180168152
(35,13): 0.45478320121765137
(35,17): 0.5655261874198914
(35,20): 0.5169289708137512
(35,21): 0.3641989827156067
(35,22): 0.5244846940040588
(35,25): 0.45342710614204407
(35,43): 0.0
(35,52): 0.0
(36,7): 0.46588531136512756
(36,32): 0.0
(36,37): 0.0
(37,9): 0.4807032346725464
(37,17): 0.6258177161216736
(37,24): 0.5026879906654358
(37,32): 0.5750055909156799
(37,36): 0.0
(38,10): 0.5342137813568115
(38,34): 0.48303377628326416
(38,56): 0.4646243155002594
(39,11): 0.48729002475738525
(39,12): 0.5211575031280518
(39,14): 0.4847903251647949
(39,15): 0.5218115448951721
(39,17): 0.413207083940506
(40,11): 0.5269033312797546
(40,20): 0.4073798954486847
(40,46): 0.0
(41,12): 0.49056175351142883
(41,18): 0.5431811213493347
(41,22): 0.4210483133792877
(41,47): 0.5066814422607422
(42,19): 0.5319622159004211
(42,27): 0.5143855810165405
(43,14): 0.6086449027061462
(43,23): 0.49967142939567566
(43,29): 0.4673911929130554
(43,35): 0.0
(43,52): 0.0
(44,6): 0.4374494254589081
(44,10): 0.5774858593940735
(44,17): 0.43752431869506836
(44,18): 0.4857194423675537
(44,24): 0.479459285736084
(45,19): 0.42807188630104065
(45,20): 0.4413267970085144
(46,12): 0.4947168529033661
(46,17): 0.5398088693618774
(46,21): 0.45980390906333923
(46,22): 0.4855527877807617
(46,40): 0.0
(47,6): 0.5466281175613403
(47,9): 0.4331772029399872
(47,12): 0.5139731764793396
(47,41): 0.49594125151634216
(48,23): 0.4692234992980957
(48,52): 0.4071120321750641
(48,53): 0.0
(49,15): 0.5141692757606506
(50,6): 0.4481935203075409
(50,9): 0.5084208250045776
(50,22): 0.4649088978767395
(50,23): 0.42071104049682617
(50,27): 0.5627593398094177
(51,6): 0.5587626099586487
(52,8): 0.47697705030441284
(52,12): 0.4224918484687805
(52,35): 0.0
(52,43): 0.0
(52,48): 0.44354119896888733
(53,6): 0.48447033762931824
(53,8): 0.5397834777832031
(53,10): 0.5602054595947266
(53,13): 0.5049792528152466
(53,16): 0.5581319332122803
(53,17): 0.5525630712509155
(53,18): 0.4150281846523285
(53,22): 0.4364793598651886
(53,48): 0.0
(54,6): 0.49274829030036926
(54,9): 0.48616456985473633
(54,22): 0.6476457118988037
(54,25): 0.4750414490699768
(54,29): 0.5022593140602112
(55,20): 0.4865436553955078
(55,57): 0.38447305560112
(56,8): 0.48710936307907104
(56,9): 0.5005363821983337
(56,17): 0.5626612305641174
(56,24): 0.0
(56,25): 0.49380290508270264
(56,38): 0.6213768720626831
(57,15): 0.49490177631378174
(57,16): 0.47311100363731384
(57,17): 0.5107444524765015
(57,22): 0.533852219581604
(57,55): 0.5560183525085449
