Interaction name: 5k8o

Affinity: 5.960000038146973
Predicted value: 5.533088684082031

Attributions for edges: 

(0,1): 0.0
(0,5): 0.0
(0,6): 0.0
(0,8): 0.0
(0,9): 0.0
(0,10): 0.5066032409667969
(0,13): 0.0
(0,14): 0.0
(0,15): 0.41629543900489807
(0,16): 0.0
(0,17): 0.4459324777126312
(0,18): 0.4191804826259613
(0,19): 0.41142404079437256
(1,0): 0.0
(1,5): 0.5531882047653198
(1,6): 0.4709829092025757
(1,7): 0.0
(1,9): 0.0
(1,10): 0.0
(1,13): 0.6222299337387085
(1,14): 0.6119174957275391
(1,15): 0.3437449634075165
(1,16): 0.38529807329177856
(1,17): 0.3440265655517578
(1,19): 0.4881877303123474
(2,3): 0.0
(2,4): 0.0
(2,9): 0.4386575520038605
(2,10): 0.0
(2,11): 0.0
(2,12): 0.5055796504020691
(2,15): 0.6132848262786865
(2,16): 0.5273189544677734
(2,18): 0.4050323963165283
(3,2): 0.0
(3,4): 0.0
(3,10): 0.5019582509994507
(3,11): 0.0
(3,15): 0.3420056402683258
(3,16): 0.5147033333778381
(3,18): 0.5917709469795227
(4,2): 0.0
(4,3): 0.0
(4,10): 0.0
(4,11): 0.5623103976249695
(4,15): 0.42262718081474304
(4,16): 0.5053048729896545
(5,0): 0.0
(5,1): 0.49999701976776123
(5,7): 0.0
(5,8): 0.45885276794433594
(5,9): 0.0
(5,10): 0.46117839217185974
(5,11): 0.39901435375213623
(5,12): 0.0
(5,13): 0.0
(5,14): 0.0
(5,15): 0.48972389101982117
(5,16): 0.5388628840446472
(6,0): 0.0
(6,1): 0.48198163509368896
(6,7): 0.0
(6,8): 0.4966892600059509
(6,9): 0.0
(6,10): 0.4752950668334961
(6,11): 0.3985334634780884
(6,12): 0.0
(6,13): 0.0
(6,14): 0.0
(7,1): 0.0
(7,5): 0.0
(7,6): 0.0
(7,8): 0.0
(7,9): 0.0
(7,10): 0.5727187991142273
(7,13): 0.0
(7,14): 0.0
(8,0): 0.0
(8,5): 0.4409572184085846
(8,6): 0.5695778131484985
(8,7): 0.0
(8,9): 0.0
(8,10): 0.0
(8,13): 0.4312329888343811
(8,14): 0.5704087018966675
(9,0): 0.0
(9,1): 0.0
(9,2): 0.44600412249565125
(9,5): 0.0
(9,6): 0.0
(9,7): 0.0
(9,8): 0.0
(9,10): 0.0
(9,11): 0.0
(9,12): 0.0
(9,13): 0.0
(9,14): 0.0
(9,23): 0.38056832551956177
(10,0): 0.6734362244606018
(10,1): 0.0
(10,2): 0.0
(10,3): 0.4292110800743103
(10,4): 0.0
(10,5): 0.4559582769870758
(10,6): 0.47296732664108276
(10,7): 0.5035803318023682
(10,8): 0.0
(10,9): 0.0
(10,11): 0.0
(10,12): 0.0
(10,13): 0.0
(10,14): 0.0
(10,20): 0.5869042277336121
(11,2): 0.0
(11,3): 0.0
(11,4): 0.35882368683815
(11,5): 0.5519863367080688
(11,6): 0.39276233315467834
(11,9): 0.0
(11,10): 0.0
(11,12): 0.0
(11,13): 0.0
(11,14): 0.0
(11,21): 0.5700377821922302
(12,2): 0.6165390610694885
(12,5): 0.0
(12,6): 0.0
(12,9): 0.0
(12,10): 0.0
(12,11): 0.0
(12,13): 0.0
(12,14): 0.0
(12,22): 0.5398994088172913
(12,23): 0.5975092053413391
(13,0): 0.0
(13,1): 0.42248427867889404
(13,5): 0.0
(13,6): 0.0
(13,7): 0.0
(13,8): 0.5040604472160339
(13,9): 0.0
(13,10): 0.0
(13,11): 0.0
(13,12): 0.0
(14,0): 0.0
(14,1): 0.41963690519332886
(14,5): 0.0
(14,6): 0.0
(14,7): 0.0
(14,8): 0.5788267850875854
(14,9): 0.0
(14,10): 0.0
(14,11): 0.0
(14,12): 0.0
(15,0): 0.4130619764328003
(15,1): 0.4659298360347748
(15,2): 0.5778480768203735
(15,3): 0.47953930497169495
(15,4): 0.5031713247299194
(15,5): 0.49256110191345215
(15,16): 0.0
(15,19): 0.0
(15,23): 0.4150865077972412
(16,0): 0.0
(16,1): 0.46684202551841736
(16,2): 0.40847596526145935
(16,3): 0.5389825701713562
(16,4): 0.5228258371353149
(16,5): 0.5045760273933411
(16,15): 0.0
(16,19): 0.0
(17,0): 0.3895086646080017
(17,1): 0.5964564085006714
(18,0): 0.600044846534729
(18,2): 0.542940616607666
(18,3): 0.6061670184135437
(18,20): 0.5319371223449707
(19,0): 0.5631197690963745
(19,1): 0.6057139039039612
(19,15): 0.0
(19,16): 0.0
(19,23): 0.4116207957267761
(20,10): 0.2927163243293762
(20,18): 0.40698161721229553
(21,11): 0.5583913326263428
(21,22): 0.0
(22,12): 0.40321671962738037
(22,21): 0.0
(23,9): 0.5897244811058044
(23,12): 0.5551686882972717
(23,15): 0.5165533423423767
(23,19): 0.6391711831092834
