Interaction name: 6gi6

Affinity: 6.710000038146973
Predicted value: 7.099337577819824

Attributions for edges: 

(0,8): 2.3641795994654873e-16
(0,9): 7.253131480635549e-16
(0,13): 8.739722164771064e-20
(0,15): 8.357253221062514e-17
(0,16): 2.1693431949662566e-17
(0,17): 4.19691188134055e-15
(1,2): 8.41840804694221e-15
(1,4): 1.4895683762006229e-06
(1,6): 2.141519325959962e-05
(1,10): 1.271386508960859e-06
(1,12): 0.0001936225889949128
(1,18): 8.289000136738913e-37
(2,1): 3.4452099512008796e-14
(2,3): 5.560456983744189e-09
(2,6): 2.520844282116741e-05
(2,10): 1.595808726051473e-06
(2,12): 0.0002138636918971315
(2,19): 1.4368186226400734e-36
(3,2): 6.153258139834656e-16
(3,5): 3.252083115512505e-05
(3,6): 1.8762538047667476e-06
(3,10): 1.0041629394663687e-07
(3,11): 3.429843445701408e-06
(3,12): 1.954362051037606e-05
(4,1): 7.485589978452713e-18
(4,6): 8.146036734046902e-09
(4,10): 5.041227990609798e-10
(4,11): 1.4416348115275923e-08
(4,12): 8.007886265204434e-08
(4,14): 4.76525208181755e-10
(4,15): 7.894700518318309e-13
(4,16): 2.0608901141628416e-13
(4,17): 3.577117074771152e-11
(4,20): 3.4771813792015827e-14
(4,23): 7.550922409673339e-33
(4,25): 1.957262793328178e-30
(4,26): 8.758790947301781e-14
(5,3): 1.6841289474101018e-10
(5,6): 1.0120933211510419e-06
(5,10): 5.777895495384655e-08
(5,11): 1.850137664405338e-06
(5,12): 1.054236327036051e-05
(5,14): 5.4616123179584974e-08
(5,16): 2.5431686270782627e-11
(6,1): 1.361295501592152e-16
(6,2): 4.584973130747522e-17
(6,3): 2.3263653156635478e-11
(6,4): 9.443764881211791e-09
(6,5): 2.423285877739545e-06
(6,10): 8.271809015525378e-09
(6,11): 2.5556772698109853e-07
(6,12): 1.4562745036528213e-06
(6,14): 7.818994340880181e-09
(6,16): 3.562584689059678e-12
(6,25): 3.5593622877361984e-29
(6,30): 6.843377227477461e-25
(7,8): 8.602434628350586e-13
(7,10): 2.180235575410805e-10
(7,11): 6.23483265016489e-09
(7,13): 2.6208144359179833e-16
(7,14): 2.0608893758211622e-10
(7,15): 3.41432773980771e-13
(7,16): 8.845554226154934e-14
(7,17): 1.54704131449801e-11
(7,26): 3.2638378355239264e-14
(8,0): 2.4074565652795397e-22
(8,7): 3.3377024966562904e-14
(8,13): 6.794128740560987e-20
(8,15): 8.851194528553449e-17
(8,16): 2.2930930541988847e-17
(8,17): 4.010500258440613e-15
(8,20): 2.802543750021005e-18
(8,21): 3.357482596991127e-33
(8,25): 1.4366117093751165e-34
(8,29): 5.7596801746545735e-36
(9,0): 2.153705482810848e-21
(9,15): 7.918319689004152e-16
(9,16): 2.0514040810134664e-16
(9,17): 3.587812013629288e-14
(9,23): 5.9239071530535424e-36
(9,24): 0.0
(9,25): 1.5355265054665647e-33
(9,27): 5.116403905978798e-34
(10,1): 1.2002803451270096e-17
(10,2): 4.042658301034486e-18
(10,3): 2.051196885954898e-12
(10,4): 8.933843109737438e-10
(10,5): 2.1366624025631609e-07
(10,6): 1.2644580493770263e-08
(10,7): 4.6210288373593755e-10
(10,11): 2.2533923171863535e-08
(10,12): 1.2840268936997745e-07
(10,14): 7.396815937532608e-10
(10,15): 1.2254470441869225e-12
(10,16): 3.2705077795264215e-13
(10,17): 5.552534126929132e-11
(11,3): 3.947871890508381e-11
(11,4): 1.5735714953279967e-08
(11,5): 4.112348506168928e-06
(11,6): 2.3725107212158036e-07
(11,7): 8.139280360808243e-09
(11,10): 1.378291081266525e-08
(11,12): 2.4713165203138487e-06
(11,14): 1.3028431666839424e-08
(11,15): 2.158449634304116e-11
(11,16): 5.989261604028018e-12
(11,22): 3.6211492138171764e-10
(12,1): 7.581409157860202e-16
(12,2): 2.5534906690834354e-16
(12,3): 1.2956159756161156e-10
(12,4): 5.047082041187423e-08
(12,5): 1.3495787243300583e-05
(12,6): 7.786121614117292e-07
(12,10): 4.420746790856356e-08
(12,11): 1.423325556970667e-06
(12,14): 4.1787391324987766e-08
(12,20): 3.5217046293056775e-12
(12,27): 6.534692940221151e-29
(13,0): 2.0342936007254005e-21
(13,7): 1.9657160014313613e-13
(13,8): 1.2089803958905483e-15
(13,14): 3.1661801544284607e-13
(13,15): 4.273666618888946e-16
(13,16): 1.1093459484780543e-16
(14,4): 4.78343753496091e-10
(14,5): 1.09938774528473e-07
(14,6): 6.770274563194789e-09
(14,7): 2.47423248556089e-10
(14,10): 4.1898284841579425e-10
(14,11): 1.1981654779447126e-08
(14,12): 6.60677414998645e-08
(14,13): 5.036493903274328e-16
(14,15): 6.561411028220554e-13
(14,16): 1.7068407776564543e-13
(14,17): 2.9729874811978974e-11
(14,21): 3.038682312446248e-29
(15,0): 1.1119020964816577e-21
(15,4): 2.980279868378122e-13
(15,7): 1.5415462959952886e-13
(15,8): 1.0299816877076253e-15
(15,9): 2.8405529407045556e-15
(15,10): 2.610426794429771e-13
(15,11): 7.465039003617946e-12
(15,13): 3.1379324011867557e-19
(15,14): 2.4675270507423797e-13
(15,16): 1.0590866529826794e-16
(15,17): 1.8522979170995137e-14
(15,20): 1.2943811560735933e-17
(15,21): 1.5506967192414071e-32
(15,23): 3.047040778012981e-36
(16,0): 2.063216851338305e-22
(16,4): 5.530129712450968e-14
(16,5): 1.1501942627500927e-11
(16,6): 7.827095091852976e-13
(16,7): 2.860447881163075e-14
(16,8): 1.9111997465125864e-16
(16,9): 5.270856273076568e-16
(16,10): 4.843839901663011e-14
(16,11): 1.3851931754405022e-12
(16,13): 5.822665857193691e-20
(16,14): 4.578687418359956e-14
(16,15): 7.585600250413436e-17
(16,17): 3.437056200292373e-15
(16,28): 6.723412191392107e-26
(17,0): 8.90061461002631e-20
(17,4): 2.3856614600470394e-11
(17,7): 1.2339806260142083e-11
(17,8): 8.244821519303239e-14
(17,9): 2.2738169853930845e-13
(17,10): 2.0896007146831153e-11
(17,14): 1.975215477290071e-11
(17,15): 3.2723901577857636e-14
(17,16): 8.477801997203681e-15
(17,22): 4.187217792547132e-13
(18,1): 0.0
(18,19): 0.0
(19,2): 0.0
(19,18): 0.0
(20,4): 4.850841950343465e-09
(20,8): 1.5195312022542318e-11
(20,12): 7.989447681211459e-07
(20,15): 5.371432899164974e-12
(20,24): 0.0
(20,29): 6.537827334781913e-31
(21,8): 1.2694663998583446e-25
(21,14): 3.324567194810018e-23
(21,15): 4.4874802490732265e-26
(22,11): 6.936565988269194e-09
(22,17): 1.3345134025621874e-11
(22,27): 3.184654467422885e-31
(22,28): 4.1027426319710128e-22
(23,4): 3.2617409022293484e-25
(23,9): 3.1346056366647606e-27
(23,15): 3.6117765915433185e-28
(24,9): 1.0443173316708042e-34
(24,20): 7.771483798282186e-37
(25,4): 1.115501782135716e-19
(25,6): 1.763797220146821e-18
(25,8): 3.4943140319599855e-22
(25,9): 1.072025972894528e-21
(26,4): 9.391946421966058e-12
(26,7): 4.783542485731207e-12
(26,29): 1.2658102450253524e-33
(26,30): 7.269124537430728e-28
(27,9): 1.1771941717763788e-26
(27,12): 2.017499269545999e-22
(27,22): 2.956159483595336e-26
(28,16): 2.4230008359140918e-21
(28,22): 2.0343809232099874e-19
(29,8): 6.2928234633372005e-28
(29,20): 1.4366867129309309e-29
(29,26): 3.618946347243786e-29
(30,6): 1.4849652339067936e-19
(30,26): 1.6918601226661888e-24
