Interaction name: 4ura

Affinity: 5.5
Predicted value: 6.36773681640625

Attributions for edges: 

(0,1): 0.5125074982643127
(0,7): 0.503471314907074
(0,8): 0.4511241316795349
(0,9): 0.43988409638404846
(0,10): 0.48262935876846313
(0,12): 0.5223952531814575
(1,0): 0.5554689168930054
(1,6): 0.5512412190437317
(1,8): 0.5203303098678589
(1,9): 0.710066020488739
(1,10): 0.45993876457214355
(1,12): 0.5530363321304321
(2,3): 0.6534519195556641
(2,8): 0.4960921108722687
(2,9): 0.3653079569339752
(2,10): 0.4497857093811035
(2,12): 0.4528535306453705
(3,2): 0.47101035714149475
(3,4): 0.5050974488258362
(3,5): 0.39545267820358276
(3,10): 0.6862620115280151
(3,11): 0.26086533069610596
(3,12): 0.6363934874534607
(4,3): 0.2890480160713196
(4,5): 0.6862372159957886
(4,12): 0.44303372502326965
(5,3): 0.6842882037162781
(5,4): 0.5262514352798462
(6,1): 0.7060650587081909
(6,7): 0.5051524043083191
(6,8): 0.4455121159553528
(6,9): 0.2665315568447113
(6,10): 0.66250079870224
(7,0): 0.5457123517990112
(7,6): 0.6353444457054138
(7,8): 0.4667496681213379
(7,9): 0.5607309341430664
(7,10): 0.5377616882324219
(8,0): 0.47038325667381287
(8,1): 0.42781123518943787
(8,2): 0.437290221452713
(8,6): 0.5521140694618225
(8,7): 0.6674705743789673
(8,9): 0.5573822855949402
(8,10): 0.4204714000225067
(8,11): 0.39325442910194397
(8,13): 0.5685064792633057
(9,0): 0.5061581134796143
(9,1): 0.5608252286911011
(9,2): 0.3048788607120514
(9,6): 0.44439762830734253
(9,7): 0.681182324886322
(9,8): 0.47041818499565125
(9,10): 0.31977757811546326
(9,11): 0.5341206192970276
(10,0): 0.43628278374671936
(10,1): 0.4131808876991272
(10,2): 0.7122442722320557
(10,3): 0.6650751829147339
(10,6): 0.41593027114868164
(10,7): 0.3861393928527832
(10,8): 0.4759235680103302
(10,9): 0.42413070797920227
(10,11): 0.47992396354675293
(11,3): 0.38869166374206543
(11,8): 0.38944947719573975
(11,9): 0.4509727954864502
(11,10): 0.3918151259422302
(12,0): 0.4432470500469208
(12,1): 0.46033114194869995
(12,2): 0.4186120927333832
(12,3): 0.519241213798523
(12,4): 0.3182612955570221
(13,8): 0.3608626425266266
