Interaction name: 5jnl

Affinity: 6.570000171661377
Predicted value: 6.779228687286377

Shapley values for edges: 

(0,1): 0.032634129524230955
(0,5): 0.030149173736572266
(0,9): 0.01779834270477295
(0,10): 0.03936682224273682
(0,18): 0.007754936218261719
(0,26): -0.01947126865386963
(0,27): -0.06088053703308106
(0,28): -0.05676285266876221
(0,30): -0.09416595458984375
(0,31): -0.08778967380523682
(0,32): -0.06729521751403808
(1,0): -0.0011424827575683594
(1,9): -0.0732100248336792
(1,26): 0.025647010803222656
(1,27): -0.260082802772522
(1,28): -0.02776334285736084
(1,31): -0.022222681045532225
(1,32): -0.06092171192169189
(1,33): -0.10396701812744141
(2,3): -9.036064147949218e-06
(2,4): 0.0014106941223144532
(2,7): 0.007983646392822265
(2,8): -0.0008424854278564453
(2,10): 0.00536022663116455
(2,18): -0.056381330490112305
(2,26): 0.016622896194458007
(2,28): -0.15228423595428467
(2,29): -0.13010724067687987
(2,30): 0.026526193618774414
(2,31): -0.06047383785247803
(2,32): 0.0135573148727417
(2,33): -0.01752340793609619
(3,2): 0.02738790512084961
(3,4): -0.0019935035705566408
(3,6): 0.019501404762268068
(3,8): -0.014168295860290527
(3,10): 0.0024098253250122072
(3,18): -0.039415688514709474
(3,26): -0.03452763080596924
(3,28): -0.04509357929229736
(3,29): 0.027260828018188476
(3,30): 0.006368246078491211
(3,31): -0.014874796867370605
(3,32): 0.016088638305664062
(3,33): 0.039967465400695804
(4,2): -0.012688369750976562
(4,3): -0.02000295162200928
(4,6): 0.003620615005493164
(4,7): -0.008156876564025878
(4,10): 0.004925374984741211
(4,11): 0.009297399520874024
(4,18): 0.005217456817626953
(4,26): -0.0169851016998291
(4,29): -0.041836910247802735
(4,30): -0.01496744155883789
(4,31): 0.026887826919555664
(4,32): 0.004748959541320801
(4,33): -0.033151988983154294
(5,0): -0.001867389678955078
(5,9): 0.05608660221099854
(6,3): -0.000330047607421875
(6,4): 0.030687851905822752
(6,7): -0.031088333129882812
(6,8): -0.01293609619140625
(6,10): -0.039847073554992674
(6,18): -0.01788498878479004
(7,2): -0.0027564287185668944
(7,4): 0.0045766735076904295
(7,6): -0.04351149559020996
(7,8): 0.0018001675605773925
(7,10): -0.0003760671615600586
(7,18): -0.04190655708312988
(8,2): -0.00019177436828613282
(8,3): -0.0008919858932495118
(8,6): -0.08268263816833496
(8,7): -0.05753561019897461
(8,10): -0.00030423641204833983
(8,11): -0.023246617317199708
(8,18): 0.0024628686904907228
(9,0): -0.03001668453216553
(9,1): -0.13666468143463134
(9,5): 0.014784703254699707
(9,10): -0.0013856983184814453
(9,11): -0.012424144744873047
(9,12): 0.0030966281890869142
(9,18): 0.0005999088287353515
(9,35): -0.028980441093444824
(9,36): -0.0033379507064819334
(9,45): 0.058324761390686035
(10,0): -0.06246750354766846
(10,2): 3.814697265625e-08
(10,3): -0.0018831157684326171
(10,4): 0.055478267669677735
(10,6): 0.021557674407958985
(10,7): 0.027569823265075684
(10,8): 0.022530908584594726
(10,9): -0.0011353778839111328
(10,11): 0.014004497528076172
(10,12): 0.0004967594146728515
(10,18): -0.000850372314453125
(10,35): -0.051322708129882814
(10,36): -0.09046152591705323
(10,37): -0.2358365249633789
(10,43): -0.05250246524810791
(10,45): 0.1093896484375
(11,4): -0.07144256591796876
(11,8): 0.0918420934677124
(11,9): -0.0005141162872314453
(11,10): 0.006729502677917481
(11,12): -0.0015043401718139648
(11,13): 0.0012500524520874024
(11,14): 0.005304303169250488
(11,18): -0.0002215099334716797
(11,19): -0.03058998107910156
(11,22): -0.031150851249694824
(11,25): 0.08881730556488038
(11,37): -0.014532556533813476
(11,38): -0.02397287368774414
(11,46): 0.09522258281707764
(12,9): -0.0012045955657958983
(12,10): 0.01145601749420166
(12,11): -0.0001586484909057617
(12,13): 0.0003366518020629883
(12,14): 0.0015837955474853516
(12,18): -0.0006773233413696289
(12,19): -0.01309293270111084
(12,22): -0.03240269660949707
(12,25): -0.04465484619140625
(12,35): -0.035960607528686524
(13,11): -0.0040492057800292965
(13,12): 0.013237471580505372
(13,14): 0.005412654876708984
(13,15): -0.044317617416381835
(13,18): -0.08550681591033936
(13,19): 0.0023316287994384764
(13,21): -0.008152494430541992
(13,22): 0.0024888944625854493
(13,25): 0.08191100597381591
(13,35): -0.10910140991210937
(13,37): -0.2078981590270996
(13,38): -0.09916394233703613
(13,44): -0.0387399435043335
(13,45): -0.04467886447906494
(13,47): -0.02294748306274414
(14,11): 0.012263760566711426
(14,12): 0.004284429550170899
(14,13): -0.035099120140075685
(14,15): 0.0007258367538452149
(14,19): -0.008969898223876954
(14,20): 0.075740385055542
(14,21): -0.0025202751159667967
(14,22): -0.002361350059509277
(15,13): -0.03038236141204834
(15,14): 0.01616565704345703
(15,16): 0.013905043601989747
(15,17): 0.07435686111450196
(15,19): -0.019944820404052734
(15,20): 0.006366739273071289
(15,21): 5.9556961059570315e-05
(15,22): 0.0021207284927368163
(15,23): -0.00023320674896240234
(15,24): -0.011685161590576172
(15,25): 0.010620074272155762
(15,39): -0.03104893207550049
(15,40): 0.020249805450439452
(16,15): 0.008521742820739746
(16,17): -0.0037999534606933593
(16,20): -0.003317890167236328
(16,21): 0.015714707374572753
(16,23): -0.02719034194946289
(16,24): -0.00015249252319335938
(16,39): -0.009140777587890624
(16,41): -0.1142348289489746
(17,15): -0.005253005027770996
(17,16): 0.00023730754852294923
(17,20): -0.06418808460235596
(17,21): -0.05492830753326416
(17,23): -0.027947721481323243
(17,24): -0.01803647994995117
(18,0): -0.021910886764526367
(18,2): -0.0543174409866333
(18,3): 0.07122809886932373
(18,4): -0.0028981924057006835
(18,6): 0.03447869300842285
(18,7): 0.12606618881225587
(18,8): -0.019523882865905763
(18,9): -0.0036058855056762696
(18,10): -0.000344696044921875
(18,11): 0.0
(18,12): -0.016405682563781738
(18,13): -0.016094613075256347
(19,11): -0.04006364345550537
(19,12): -0.007834243774414062
(19,13): 4.291534423828125e-08
(19,14): 0.027805871963500976
(19,15): -0.0011258792877197265
(19,20): 0.0016199111938476562
(19,21): 0.0036019325256347657
(19,22): 0.001958937644958496
(19,24): 0.03173079967498779
(19,25): 0.00581592082977295
(19,40): -0.02001230239868164
(19,44): -0.08607955932617188
(20,14): -0.000966949462890625
(20,15): -4.1975975036621094e-05
(20,16): 0.003153853416442871
(20,17): 0.007620716094970703
(20,19): -0.003080739974975586
(20,21): 0.0013289976119995118
(20,22): 0.01522839069366455
(20,23): -0.0009580421447753907
(20,24): -0.00799323558807373
(20,25): -0.00411400318145752
(20,45): -0.11427351474761963
(21,13): 0.02920158386230469
(21,14): -0.01592050552368164
(21,15): -0.006987729072570801
(21,16): -0.10866354465484619
(21,17): 0.019225411415100098
(21,19): 0.0033845949172973634
(21,20): 0.0031763505935668945
(21,22): 0.004493279457092285
(21,23): -0.017689576148986818
(21,24): -0.006271324157714844
(21,25): -0.06116883277893066
(21,45): 0.04226709365844727
(21,47): -0.010360941886901856
(22,11): -0.008738813400268554
(22,12): -0.0014281845092773437
(22,13): 0.0259713077545166
(22,14): -0.0010474824905395508
(22,15): 0.00011925697326660156
(22,19): 0.007086448669433594
(22,20): 0.002251124382019043
(22,21): 0.002790689468383789
(22,24): 0.015186686515808106
(22,25): -0.0044764518737792965
(22,40): 0.027950959205627443
(23,15): 0.058104848861694335
(23,16): 0.010205106735229492
(23,17): -0.009589486122131348
(23,20): 0.001778407096862793
(23,21): -0.008969764709472656
(23,24): -0.005987424850463868
(23,42): -0.017467784881591796
(23,46): 0.12657506942749022
(24,15): 0.0003748941421508789
(24,16): -0.024580612182617187
(24,17): -0.024067478179931642
(24,19): -0.06794041633605957
(24,20): 0.0029531240463256834
(24,21): 0.00414346694946289
(24,22): 0.017243690490722656
(24,23): -0.026810121536254884
(24,45): -0.027972722053527833
(24,47): -0.024639058113098144
(25,11): 0.032862520217895506
(25,12): -0.023304314613342286
(25,13): 0.025801887512207033
(25,15): 0.0015126419067382811
(25,19): 0.004539680480957031
(25,20): 0.03856895446777344
(25,21): -0.0033785820007324217
(25,22): 0.005511713027954101
(26,0): -3.0446052551269532e-05
(26,1): -0.03605244636535645
(26,2): -0.028627791404724122
(26,3): 0.022253751754760742
(26,4): 0.004476280212402344
(27,0): 0.15772773265838624
(27,1): -0.008473796844482422
(27,28): -0.06828723907470703
(27,45): 0.04268671035766602
(28,0): -0.15016913414001465
(28,1): -0.044510693550109864
(28,2): -0.02854402542114258
(28,3): 0.013585457801818848
(28,27): -0.2804093360900879
(28,45): 0.018224830627441405
(29,2): -0.016653523445129395
(29,3): -0.0026594352722167968
(29,4): -0.026250624656677247
(29,30): -0.12042062759399413
(29,37): 0.011230473518371581
(30,0): -0.08394989967346192
(30,2): -0.025606446266174317
(30,3): -0.005383219718933106
(30,4): -0.0113344144821167
(30,29): -0.14635266304016115
(30,32): -0.005190291404724121
(30,43): 0.07483686923980713
(31,0): -0.0668840217590332
(31,1): -0.014575614929199218
(31,2): -0.0405961799621582
(31,3): 0.00541015625
(31,4): -0.04300248622894287
(31,32): 0.0020687150955200195
(32,0): -0.11530594825744629
(32,1): -0.041003270149230955
(32,2): -0.08562261581420899
(32,3): 0.018125386238098146
(32,4): -0.012182178497314454
(32,30): -0.008380889892578125
(32,31): 0.005461745262145996
(32,43): 0.02090157985687256
(33,1): -0.03176677227020264
(33,2): -0.025303802490234374
(33,3): -0.015328264236450196
(33,4): -0.0065749168395996095
(35,9): 0.01665818691253662
(35,10): -0.013352069854736328
(35,12): 0.013787155151367187
(35,13): -0.004572949409484863
(36,9): -0.003764057159423828
(36,10): 0.004456572532653809
(37,10): -0.033003201484680174
(37,11): 0.3439761972427368
(37,13): -0.03658071517944336
(37,29): 0.13838698863983154
(38,11): -0.008904829025268554
(38,13): -0.01232475757598877
(38,40): -0.04199397563934326
(38,43): -0.022048683166503907
(39,15): -0.07804809093475341
(39,16): -0.02072798728942871
(39,46): -0.034733424186706545
(40,15): -0.052249269485473634
(40,19): -0.08601638793945313
(40,22): 0.03557190895080566
(40,38): -0.06872581958770752
(41,16): 0.05670309543609619
(42,23): -0.036519622802734374
(43,10): 0.01151517391204834
(43,30): 0.048601899147033695
(43,32): 0.03462326049804688
(43,38): 0.025682845115661622
(44,13): -0.09325304508209228
(44,19): 0.024874248504638673
(45,9): 0.02704488277435303
(45,10): -0.041701159477233886
(45,13): 0.052470831871032714
(45,20): -0.10262546062469483
(45,21): 0.04856830596923828
(45,24): -0.05599714756011963
(45,27): 0.17692585468292235
(45,28): 0.0014470624923706055
(45,46): -0.06438232421875
(46,11): 0.10426461219787597
(46,23): -0.07283334255218506
(46,39): -0.01589700222015381
(46,45): -0.04384020328521729
(47,13): -0.057162814140319824
(47,21): -0.0014714241027832032
(47,24): -0.1079221487045288
