Interaction name: 5ubg

Affinity: 5.170000076293945
Predicted value: 6.4312520027160645

Attributions for edges: 

(0,1): 1.8745585316450014e-28
(0,2): 7.216739242943395e-28
(0,3): 1.1782223102178905e-27
(0,29): 9.559442323660396e-39
(0,30): 2.9008591158766504e-36
(0,46): 1.2943548266029714e-27
(0,47): 1.2943548266029714e-27
(0,48): 2.4035126630879037e-28
(0,58): 0.0
(1,0): 2.0750737185393403e-28
(1,2): 3.2626438856695755e-21
(1,3): 5.326650557167962e-21
(1,4): 1.498420463539414e-22
(1,28): 2.7208172769972298e-27
(1,30): 1.3114556761728582e-29
(1,31): 2.277256903030112e-22
(1,46): 5.851676389901504e-21
(1,47): 5.851676389901504e-21
(1,48): 1.0866091711328057e-21
(1,58): 0.0
(2,0): 8.10397616824122e-28
(2,1): 3.3097148246091042e-21
(2,3): 2.0802655365170988e-20
(2,5): 1.9423718189710574e-30
(2,28): 1.0625816955999055e-26
(2,29): 1.6878122871804316e-31
(2,32): 6.052064503119977e-23
(2,46): 2.285308908526076e-20
(2,47): 2.285308908526076e-20
(2,48): 4.243602140078256e-21
(2,49): 2.1966787677130065e-20
(2,58): 0.0
(3,0): 1.3298398932353118e-27
(3,1): 5.431128961529665e-21
(3,2): 2.0908946458296918e-20
(3,4): 9.602800517594011e-22
(3,5): 3.187365909712266e-30
(3,6): 3.750127997055427e-20
(3,7): 3.750127997055427e-20
(3,28): 1.7436603966736145e-26
(3,29): 2.7696421901842835e-31
(3,30): 8.404549434277553e-29
(3,31): 1.4594005506461496e-21
(3,32): 9.931232468736575e-23
(3,33): 2.8717054842593e-20
(3,46): 3.750127997055427e-20
(3,48): 6.963659568662444e-21
(4,1): 1.4733279972129096e-22
(4,3): 9.260356629726294e-22
(4,5): 8.64651973190138e-32
(4,6): 1.0173073493341308e-21
(4,7): 1.0173073493341308e-21
(4,8): 1.0173073493341308e-21
(4,29): 7.51328234587604e-33
(4,32): 2.6940925199618324e-24
(4,33): 7.790153152786784e-22
(4,34): 7.505161058013227e-22
(4,58): 0.0
(5,2): 1.632586739732755e-30
(5,3): 2.6654003385686178e-30
(5,4): 7.4979112878711e-32
(5,6): 2.9281065869378433e-30
(5,30): 6.562338161670156e-39
(5,31): 1.1395069439201684e-31
(5,48): 5.437237364784983e-31
(5,58): 0.0
(6,3): 3.7485547383044426e-20
(6,4): 1.0544881687109483e-21
(6,5): 3.5000763712117984e-30
(6,7): 4.118034669064286e-20
(6,8): 4.118034669064286e-20
(6,9): 4.118034669064286e-20
(6,31): 1.6025813545422089e-21
(6,32): 1.0905577923057841e-22
(6,33): 3.153446432069129e-20
(6,34): 3.038058614027103e-20
(6,37): 4.118034669064286e-20
(6,46): 4.118034669064286e-20
(6,47): 4.118034669064286e-20
(6,48): 7.646858248049393e-21
(6,49): 3.9583419588146686e-20
(7,3): 3.7485547383044426e-20
(7,4): 1.0544881687109483e-21
(7,6): 4.118034669064286e-20
(7,8): 4.118034669064286e-20
(7,9): 4.118034669064286e-20
(7,31): 1.6025813545422089e-21
(7,34): 3.038058614027103e-20
(7,37): 4.118034669064286e-20
(7,46): 4.118034669064286e-20
(7,47): 4.118034669064286e-20
(7,48): 7.646858248049393e-21
(7,49): 3.9583419588146686e-20
(7,58): 0.0
(8,4): 1.0544881687109483e-21
(8,6): 4.118034669064286e-20
(8,7): 4.118034669064286e-20
(8,9): 4.118034669064286e-20
(8,31): 1.6025813545422089e-21
(8,33): 3.153446432069129e-20
(8,37): 4.118034669064286e-20
(8,46): 4.118034669064286e-20
(8,47): 4.118034669064286e-20
(8,48): 7.646858248049393e-21
(8,49): 3.9583419588146686e-20
(8,53): 4.118034669064286e-20
(9,6): 4.118034669064286e-20
(9,7): 4.118034669064286e-20
(9,8): 4.118034669064286e-20
(9,10): 4.118034669064286e-20
(9,11): 4.09625687761684e-20
(9,14): 4.118034669064286e-20
(9,23): 3.836249454166988e-20
(9,33): 3.153446432069129e-20
(9,34): 3.038058614027103e-20
(9,37): 4.118034669064286e-20
(9,38): 4.118034669064286e-20
(9,39): 4.118034669064286e-20
(9,41): 4.118034669064286e-20
(9,46): 4.118034669064286e-20
(9,47): 4.118034669064286e-20
(9,48): 7.646858248049393e-21
(9,49): 3.9583419588146686e-20
(10,9): 4.118034669064286e-20
(10,11): 4.09625687761684e-20
(10,12): 4.0411430612486535e-20
(10,14): 4.118034669064286e-20
(10,23): 3.836249454166988e-20
(10,24): 3.357364224521923e-20
(10,37): 4.118034669064286e-20
(10,38): 4.118034669064286e-20
(10,39): 4.118034669064286e-20
(10,40): 4.118034669064286e-20
(10,41): 4.118034669064286e-20
(10,49): 3.9583419588146686e-20
(11,9): 4.095866228647865e-20
(11,10): 4.095866228647865e-20
(11,12): 4.019373347736877e-20
(11,24): 3.339278049675422e-20
(11,37): 4.095866228647865e-20
(11,38): 4.095866228647865e-20
(11,39): 4.095866228647865e-20
(11,40): 4.095866228647865e-20
(11,41): 4.095866228647865e-20
(11,48): 7.605664007309399e-21
(11,49): 3.937033333870905e-20
(12,10): 4.0402952011207866e-20
(12,11): 4.0189439246766884e-20
(12,23): 3.763858225871527e-20
(12,38): 4.0402952011207866e-20
(12,39): 4.0402952011207866e-20
(12,40): 4.0402952011207866e-20
(12,41): 4.0402952011207866e-20
(12,56): 4.87427995463946e-31
(13,14): 8.244028755335634e-23
(13,15): 7.010344962878599e-24
(13,25): 5.251201143320976e-26
(13,41): 8.244028755335634e-23
(13,50): 5.985573626229433e-23
(13,51): 9.903760545484434e-24
(13,53): 8.244028755335634e-23
(13,55): 5.743570033169352e-23
(14,9): 4.118034669064286e-20
(14,10): 4.118034669064286e-20
(14,13): 8.689313599517756e-23
(14,15): 3.501788343886548e-21
(14,38): 4.118034669064286e-20
(14,39): 4.118034669064286e-20
(14,40): 4.118034669064286e-20
(14,41): 4.118034669064286e-20
(14,47): 4.118034669064286e-20
(14,49): 3.9583419588146686e-20
(14,50): 2.9898969922134834e-20
(14,55): 2.869022963382185e-20
(15,13): 7.208719814714526e-24
(15,14): 3.416352865072038e-21
(15,16): 3.416352865072038e-21
(15,18): 3.416352865072038e-21
(15,25): 2.1761152083258167e-24
(15,26): 1.1477656380536136e-23
(15,42): 3.416352865072038e-21
(15,43): 3.2475007302949447e-25
(15,45): 2.3625330445635418e-21
(15,46): 3.416352865072038e-21
(15,47): 3.416352865072038e-21
(15,53): 3.416352865072038e-21
(16,15): 3.501788343886548e-21
(16,17): 3.716105670720209e-21
(16,18): 4.118034669064286e-20
(16,27): 2.6290676621775507e-22
(16,42): 4.118034669064286e-20
(16,43): 3.914487161609515e-24
(16,45): 2.847771530222961e-20
(16,48): 7.646858248049393e-21
(16,50): 2.9898969922134834e-20
(16,53): 4.118034669064286e-20
(16,55): 2.869022963382185e-20
(17,16): 3.6439931312053445e-21
(17,18): 3.6439931312053445e-21
(17,26): 1.2242442039790708e-23
(17,42): 3.6439931312053445e-21
(17,43): 3.4638635829221747e-25
(17,44): 1.8493506772117836e-21
(17,45): 2.5199447477284944e-21
(17,48): 6.766575709786016e-22
(17,50): 2.645709522321191e-21
(17,55): 2.538759875489808e-21
(18,15): 3.501788343886548e-21
(18,16): 4.118034669064286e-20
(18,17): 3.716105670720209e-21
(18,19): 1.6859933104715185e-21
(18,25): 2.6230557532188614e-23
(18,26): 1.3835041293588657e-22
(18,27): 2.6290676621775507e-22
(18,42): 4.118034669064286e-20
(18,43): 3.914487161609515e-24
(18,44): 2.0899296556346178e-20
(18,45): 2.847771530222961e-20
(18,50): 2.9898969922134834e-20
(18,51): 4.947118443261039e-21
(18,53): 4.118034669064286e-20
(18,55): 2.869022963382185e-20
(19,18): 1.631411405972327e-21
(19,20): 6.319014654793533e-22
(19,21): 6.749998271179339e-22
(19,22): 7.944466462751518e-22
(19,25): 1.0391566096863236e-24
(19,35): 5.2202211734959476e-27
(19,36): 7.713810109713577e-27
(19,42): 1.631411405972327e-21
(19,43): 1.550779375559848e-25
(19,44): 8.279552360966313e-22
(19,45): 1.1281805504943681e-21
(19,50): 1.1844854786718561e-21
(19,51): 1.9598706453913246e-22
(19,53): 1.631411405972327e-21
(19,54): 5.92058032288136e-23
(19,55): 1.1366040198620926e-21
(20,19): 6.455554486801531e-22
(20,21): 6.5239096755139405e-21
(20,22): 7.678368659508835e-21
(20,36): 7.45540916759591e-26
(20,44): 8.002230064162519e-21
(20,50): 1.1448070625602365e-20
(20,51): 1.894210887106972e-21
(20,52): 1.2002754098614097e-25
(20,53): 1.5767676446807466e-20
(20,54): 5.722271798470343e-22
(20,55): 1.0985296192415191e-20
(21,19): 6.899771276426856e-22
(21,20): 6.52764370127715e-21
(21,22): 8.206760971932625e-21
(21,35): 5.39253112116956e-26
(21,44): 8.552843969819436e-21
(21,50): 1.2235878571908863e-20
(21,51): 2.02456231357279e-21
(21,52): 1.2828682838214345e-25
(21,53): 1.6852675685361348e-20
(21,54): 6.116030267807345e-22
(21,55): 1.1741211640905081e-20
(22,19): 8.139755101399604e-22
(22,20): 7.700721115299807e-21
(22,21): 8.225942837973333e-21
(22,35): 6.361666464756204e-26
(22,36): 9.400499803813866e-26
(22,44): 1.008990710665635e-20
(22,52): 1.5134171974553506e-25
(22,53): 1.988133125915177e-20
(22,54): 7.21519295486728e-22
(22,55): 1.3851320302959444e-20
(23,9): 3.833279681897467e-20
(23,10): 3.833279681897467e-20
(23,12): 3.761705294456902e-20
(23,24): 3.1252082307906734e-20
(23,37): 3.833279681897467e-20
(23,38): 3.833279681897467e-20
(23,39): 3.833279681897467e-20
(23,40): 3.833279681897467e-20
(23,41): 3.833279681897467e-20
(24,10): 3.351362964554366e-20
(24,11): 3.333652252157781e-20
(24,23): 3.122050404178767e-20
(24,38): 3.351362964554366e-20
(24,39): 3.351362964554366e-20
(24,40): 3.351362964554366e-20
(24,41): 3.351362964554366e-20
(25,13): 5.265624355637294e-26
(25,15): 2.1220518094778525e-24
(25,18): 2.4954817987152435e-23
(25,19): 1.0216926097513145e-24
(25,42): 2.4954817987152435e-23
(25,44): 1.2664735848434525e-23
(25,45): 1.725710380767494e-23
(25,52): 1.8996240283887152e-28
(25,57): 0.0
(26,15): 1.1327159074759882e-23
(26,17): 1.2020453425617894e-23
(26,18): 1.3320467956201715e-22
(26,27): 8.504189757066414e-25
(26,42): 1.3320467956201715e-22
(26,43): 1.2662155841866145e-26
(26,45): 9.211625977929278e-23
(27,16): 2.543353444095346e-22
(27,18): 2.543353444095346e-22
(27,26): 8.544739179747037e-25
(27,42): 2.543353444095346e-22
(27,43): 2.4176579155649983e-26
(27,44): 1.2907734668412633e-22
(27,45): 1.758815117981711e-22
(28,1): 2.5255572547715187e-27
(28,2): 9.723014183408206e-27
(28,3): 1.5874027669376783e-26
(28,29): 1.2879207508228219e-37
(28,30): 3.9082581332637577e-35
(29,0): 9.127322514918088e-39
(29,2): 1.4350858212804782e-31
(29,3): 2.3429556083499257e-31
(29,4): 6.590857235106406e-33
(29,28): 1.1967614652517752e-37
(29,30): 0.0
(29,31): 1.0016634951854354e-32
(30,0): 2.900992205599598e-36
(30,1): 1.1847834269169486e-29
(30,3): 7.446813963736054e-29
(30,5): 6.953191131936562e-39
(30,28): 3.803767992721121e-35
(30,29): 0.0
(30,32): 2.166466416319727e-31
(31,1): 2.250622939385933e-22
(31,3): 1.4145858801132977e-21
(31,5): 1.3208229508537135e-31
(31,6): 1.5540157955554377e-21
(31,7): 1.5540157955554377e-21
(31,8): 1.5540157955554377e-21
(31,29): 1.1477122030561751e-32
(31,32): 4.115403723282065e-24
(31,33): 1.1900062428309548e-21
(31,34): 1.1464716221791253e-21
(32,2): 5.817461056439593e-23
(32,3): 9.49769155462266e-23
(32,4): 2.671760656595931e-24
(32,6): 1.04338397328244e-22
(32,30): 2.3383838757207076e-31
(32,31): 4.060450489333012e-24
(33,3): 2.8604008979660266e-20
(33,4): 8.04645847851416e-22
(33,6): 3.142326668943973e-20
(33,8): 3.142326668943973e-20
(33,9): 3.142326668943973e-20
(33,31): 1.2228778874248971e-21
(33,34): 2.3182444293963246e-20
(33,37): 3.142326668943973e-20
(34,4): 7.746502512783901e-22
(34,6): 3.025186908213954e-20
(34,7): 3.025186908213954e-20
(34,9): 3.025186908213954e-20
(34,31): 1.177291370138828e-21
(34,33): 2.3165913606409256e-20
(34,37): 3.025186908213954e-20
(35,19): 4.9456124523754936e-27
(35,21): 4.99797925793536e-26
(35,22): 5.882413127014226e-26
(35,36): 5.711625017735844e-31
(35,44): 6.130523440253043e-26
(36,19): 7.334502829398377e-27
(36,20): 6.938901257307289e-26
(36,22): 8.723773627377274e-26
(36,35): 5.732317950089979e-31
(36,44): 9.091694655786861e-26
(37,6): 4.118034669064286e-20
(37,7): 4.118034669064286e-20
(37,8): 4.118034669064286e-20
(37,9): 4.118034669064286e-20
(37,10): 4.118034669064286e-20
(37,11): 4.09625687761684e-20
(37,23): 3.836249454166988e-20
(37,33): 3.153446432069129e-20
(37,34): 3.038058614027103e-20
(37,38): 4.118034669064286e-20
(37,39): 4.118034669064286e-20
(37,40): 4.118034669064286e-20
(37,41): 4.118034669064286e-20
(37,59): 3.331816351361016e-38
(37,65): 0.0
(38,9): 4.118034669064286e-20
(38,10): 4.118034669064286e-20
(38,11): 4.09625687761684e-20
(38,12): 4.0411430612486535e-20
(38,14): 4.118034669064286e-20
(38,23): 3.836249454166988e-20
(38,24): 3.357364224521923e-20
(38,37): 4.118034669064286e-20
(38,39): 4.118034669064286e-20
(38,40): 4.118034669064286e-20
(38,41): 4.118034669064286e-20
(38,63): 5.625122733937403e-35
(39,9): 4.118034669064286e-20
(39,10): 4.118034669064286e-20
(39,11): 4.09625687761684e-20
(39,12): 4.0411430612486535e-20
(39,14): 4.118034669064286e-20
(39,23): 3.836249454166988e-20
(39,24): 3.357364224521923e-20
(39,37): 4.118034669064286e-20
(39,38): 4.118034669064286e-20
(39,40): 4.118034669064286e-20
(39,41): 4.118034669064286e-20
(39,64): 1.2851932859126355e-35
(40,10): 4.118034669064286e-20
(40,11): 4.09625687761684e-20
(40,12): 4.0411430612486535e-20
(40,14): 4.118034669064286e-20
(40,23): 3.836249454166988e-20
(40,24): 3.357364224521923e-20
(40,37): 4.118034669064286e-20
(40,38): 4.118034669064286e-20
(40,39): 4.118034669064286e-20
(40,41): 4.118034669064286e-20
(40,59): 3.331816351361016e-38
(40,64): 1.2851932859126355e-35
(40,65): 0.0
(41,9): 4.118034669064286e-20
(41,10): 4.118034669064286e-20
(41,11): 4.09625687761684e-20
(41,12): 4.0411430612486535e-20
(41,13): 8.689313599517756e-23
(41,14): 4.118034669064286e-20
(41,23): 3.836249454166988e-20
(41,24): 3.357364224521923e-20
(41,37): 4.118034669064286e-20
(41,38): 4.118034669064286e-20
(41,39): 4.118034669064286e-20
(41,40): 4.118034669064286e-20
(41,60): 0.0
(42,15): 3.501788343886548e-21
(42,16): 4.118034669064286e-20
(42,17): 3.716105670720209e-21
(42,18): 4.118034669064286e-20
(42,19): 1.6859933104715185e-21
(42,25): 2.6230557532188614e-23
(42,26): 1.3835041293588657e-22
(42,27): 2.6290676621775507e-22
(42,43): 3.914487161609515e-24
(42,44): 2.0899296556346178e-20
(42,45): 2.847771530222961e-20
(42,61): 0.0
(42,65): 0.0
(43,15): 3.155833367475033e-25
(43,16): 3.711184295698672e-24
(43,17): 3.348977331952247e-25
(43,18): 3.711184295698672e-24
(43,19): 1.519427577996036e-25
(43,26): 1.2468224711302061e-26
(43,27): 2.369332019177247e-26
(43,42): 3.711184295698672e-24
(43,44): 1.8834505735019896e-24
(43,45): 2.566409860425475e-24
(43,62): 0.0
(44,17): 1.8731856361464933e-21
(44,18): 2.075786967423235e-20
(44,19): 8.498689085194571e-22
(44,20): 8.040233520313075e-21
(44,21): 8.58864457291293e-21
(44,22): 1.0108437891082099e-20
(44,25): 1.3222146541785503e-23
(44,27): 1.3252399988589453e-22
(44,35): 6.642116993621171e-26
(44,36): 9.81491555442008e-26
(44,42): 2.075786967423235e-20
(44,43): 1.9731915872951582e-24
(44,45): 1.435482449558562e-20
(44,59): 1.6794761079314867e-38
(44,61): 0.0
(45,15): 2.4141526690785453e-21
(45,16): 2.838985644271426e-20
(45,17): 2.5619041709247786e-21
(45,18): 2.838985644271426e-20
(45,19): 1.1623333556854873e-21
(45,25): 1.8083495559322746e-23
(45,26): 9.537956277402589e-23
(45,27): 1.812487320706776e-22
(45,42): 2.838985644271426e-20
(45,43): 2.698659235742157e-24
(45,44): 1.440809525015146e-20
(45,60): 0.0
(46,0): 1.4603039284120587e-27
(46,1): 5.9639730243008965e-21
(46,2): 2.2960307525401544e-20
(46,3): 3.7485547383044426e-20
(46,6): 4.118034669064286e-20
(46,7): 4.118034669064286e-20
(46,8): 4.118034669064286e-20
(46,9): 4.118034669064286e-20
(46,15): 3.501788343886548e-21
(47,0): 1.4603039284120587e-27
(47,1): 5.9639730243008965e-21
(47,2): 2.2960307525401544e-20
(47,6): 4.118034669064286e-20
(47,7): 4.118034669064286e-20
(47,8): 4.118034669064286e-20
(47,9): 4.118034669064286e-20
(47,14): 4.118034669064286e-20
(47,15): 3.501788343886548e-21
(48,0): 2.5971319374457426e-28
(48,1): 1.0606809161435505e-21
(48,2): 4.0834457563212116e-21
(48,3): 6.666732828808234e-21
(48,5): 6.224840679129711e-31
(48,6): 7.323844218847436e-21
(48,7): 7.323844218847436e-21
(48,8): 7.323844218847436e-21
(48,9): 7.323844218847436e-21
(48,11): 7.285112940693061e-21
(48,16): 7.323844218847436e-21
(48,17): 6.609021633004889e-22
(48,59): 5.925548903123958e-39
(49,2): 2.2047631657310052e-20
(49,6): 3.954342734423431e-20
(49,7): 3.954342734423431e-20
(49,8): 3.954342734423431e-20
(49,9): 3.954342734423431e-20
(49,10): 3.954342734423431e-20
(49,11): 3.933415388043266e-20
(49,14): 3.954342734423431e-20
(49,56): 4.77056655826415e-31
(49,64): 1.2341020425547645e-35
(50,13): 6.288927878521638e-23
(50,14): 2.9804341752528475e-20
(50,16): 2.9804341752528475e-20
(50,17): 2.6895476714058007e-21
(50,18): 2.9804341752528475e-20
(50,19): 1.2202403404546215e-21
(50,20): 1.1544242488715159e-20
(50,21): 1.2331657039554553e-20
(50,51): 3.5804848048688086e-21
(50,54): 1.0816340715281792e-21
(50,55): 2.076460182581928e-20
(51,13): 1.0331255314076374e-23
(51,18): 4.896183019897239e-21
(51,19): 2.0045805047088652e-22
(51,20): 1.896459380500567e-21
(51,21): 2.0258063156658873e-21
(51,50): 3.554871286448075e-21
(51,55): 3.411157136849439e-21
(52,20): 1.1190870780912275e-25
(52,21): 1.1954135614949194e-25
(52,22): 1.4069517901296242e-25
(52,25): 1.8403222379886017e-28
(52,53): 2.889202325814857e-25
(52,62): 0.0
(53,8): 4.118034669064286e-20
(53,13): 8.689313599517756e-23
(53,15): 3.501788343886548e-21
(53,16): 4.118034669064286e-20
(53,18): 4.118034669064286e-20
(53,19): 1.6859933104715185e-21
(53,20): 1.5950557679189844e-20
(53,21): 1.7038453665474796e-20
(53,22): 2.0053549616450456e-20
(53,52): 3.1347404594645875e-25
(53,62): 0.0
(54,19): 6.047494789668213e-23
(54,20): 5.7213115338676355e-22
(54,21): 6.111529343026516e-22
(54,22): 7.193015487357749e-22
(54,50): 1.0724431982718558e-21
(54,57): 0.0
(55,13): 6.032910329252487e-23
(55,14): 2.859113598137741e-20
(55,16): 2.859113598137741e-20
(55,17): 2.58006781317435e-21
(55,18): 2.859113598137741e-20
(55,19): 1.170569618894072e-21
(55,20): 1.107432716039618e-20
(55,21): 1.1829597989619646e-20
(55,22): 1.3922942511779173e-20
(55,50): 2.0758502984388837e-20
(55,51): 3.4347386505525195e-21
(56,12): 3.4676606098551048e-31
(56,49): 3.39664876102306e-31
(57,25): 0.0
(57,54): 0.0
(58,0): 0.0
(58,1): 0.0
(58,2): 0.0
(58,4): 0.0
(58,5): 0.0
(58,7): 0.0
(59,37): 2.0684090190420754e-38
(59,40): 2.0684090190420754e-38
(59,44): 1.0497311767654496e-38
(59,48): 3.840853993329499e-39
(60,41): 0.0
(60,45): 0.0
(60,63): 0.0
(61,42): 0.0
(61,44): 0.0
(61,64): 0.0
(62,43): 0.0
(62,52): 0.0
(62,53): 0.0
(63,38): 3.619073321608902e-35
(63,60): 0.0
(64,39): 8.508359981284481e-36
(64,40): 8.508359981284481e-36
(64,49): 8.178415132603603e-36
(64,61): 0.0
(65,37): 0.0
(65,40): 0.0
(65,42): 0.0
