Interaction name: 5ywy

Affinity: 7.230000019073486
Predicted value: 6.665645599365234

Shapley values for edges: 

(0,7): -0.02972858428955078
(0,11): 0.010704073905944824
(0,12): 0.06309183120727539
(0,29): 0.018491249084472656
(0,30): 0.10838943958282471
(1,2): -0.010446748733520507
(1,6): -0.013188748359680176
(1,14): -0.0006506490707397461
(1,17): -0.028983807563781737
(1,18): -0.01267176628112793
(1,28): -0.012673954963684082
(1,29): 0.00618441104888916
(1,31): 0.07569709777832032
(2,1): 0.023005747795104982
(2,5): -0.028371462821960448
(2,14): 0.008888540267944335
(2,18): -0.0029607629776000977
(2,28): -0.04645446300506592
(2,29): -0.038842663764953614
(2,31): 0.014264979362487794
(3,4): -0.06808537006378174
(3,7): -0.03285266399383545
(3,10): -0.02549196720123291
(3,13): 0.006379570960998535
(3,17): -0.0148292875289917
(3,19): -0.07419425010681152
(3,24): -0.011292452812194825
(3,25): -0.040980896949768066
(3,28): 0.032764859199523926
(3,29): 0.01703296184539795
(3,30): -0.08001566410064698
(4,3): 0.022384729385375977
(4,7): 0.01978940486907959
(4,8): 0.041631765365600586
(4,10): 0.01663756847381592
(4,11): 0.03903334140777588
(4,13): -0.005494365692138672
(4,17): 0.009819865226745605
(4,18): -0.005991506576538086
(4,19): 0.02367155075073242
(4,24): 0.024327640533447267
(4,25): 0.0408781099319458
(5,2): 0.0021740388870239258
(5,6): -0.020092601776123046
(5,14): -0.014661040306091309
(5,17): -0.0400898551940918
(5,18): -0.007418055534362793
(6,1): -0.020732221603393556
(6,5): -0.03132232666015625
(6,14): -0.042707633972167966
(6,18): -0.030517377853393556
(7,0): -0.03402989387512207
(7,3): -0.021769943237304686
(7,4): -0.00031565189361572267
(7,8): 0.01289468765258789
(7,11): -0.04149827480316162
(7,12): -0.002922463417053223
(7,13): -0.002437853813171387
(7,17): 0.03251162052154541
(7,32): 0.001309976577758789
(7,44): 0.030347795486450196
(8,4): -0.004465579986572266
(8,7): 0.013157553672790527
(8,11): -0.01692026138305664
(8,12): -0.06849512577056885
(8,13): -0.02136270046234131
(8,17): 0.012585482597351073
(8,18): 0.02532545566558838
(8,32): 0.020480952262878417
(8,39): 0.0235614013671875
(9,15): 0.027636137008666992
(9,22): -0.002445697784423828
(9,23): -0.019037818908691405
(9,25): 0.03790575981140137
(9,26): 0.02034273624420166
(9,27): 0.011040148735046386
(9,40): 0.05617933750152588
(9,42): -0.007667078971862793
(10,3): 0.02406022071838379
(10,4): 0.019631414413452147
(10,16): 0.021699748039245605
(10,19): 0.07868285179138183
(10,22): 0.013677873611450196
(10,24): -0.0630225658416748
(10,25): -0.0017946243286132812
(10,26): -0.02471384048461914
(10,27): -0.004447402954101562
(10,39): 0.0830588960647583
(10,42): 0.012331676483154298
(11,0): -0.11689142227172851
(11,4): -0.0237749719619751
(11,7): -0.0019241952896118164
(11,8): -0.024468727111816406
(11,12): -0.08195174694061279
(11,13): 0.008778343200683594
(11,38): 0.033489255905151366
(12,0): -0.051765947341918944
(12,7): 0.001642770767211914
(12,8): -0.08276117801666259
(12,11): -0.0672998571395874
(12,13): -0.0030360889434814455
(12,17): 0.029028868675231932
(12,34): 0.07396275997161865
(12,38): 0.031141448020935058
(13,3): -0.005154156684875488
(13,4): 0.014351205825805664
(13,7): 0.017945013046264648
(13,8): -0.04019939422607422
(13,11): 0.041576871871948244
(13,12): -0.023278560638427735
(13,14): 0.00605806827545166
(13,17): 0.03214534282684326
(13,18): 0.014433975219726563
(13,32): 0.025496258735656738
(13,42): 0.017891502380371092
(13,44): 0.01422205924987793
(14,1): -0.01212186336517334
(14,2): -0.017582874298095703
(14,5): 0.012408199310302735
(14,6): -0.003305215835571289
(14,13): 0.017941813468933105
(14,17): 0.013470878601074219
(14,18): 0.009126715660095215
(14,35): -0.05586380004882813
(14,36): -0.01861806869506836
(14,45): 0.03884851455688477
(15,9): 0.02136831760406494
(15,16): 0.011523656845092774
(15,20): 0.00817798137664795
(15,21): -0.03347503662109375
(15,22): 0.023895182609558106
(15,23): -0.0006651401519775391
(15,24): 0.039872174263000486
(15,26): -0.009495711326599121
(15,27): 0.008524541854858398
(16,10): 0.03481395721435547
(16,15): 0.02415891170501709
(16,19): 0.0024512577056884765
(16,20): -0.0324136209487915
(16,21): 0.024344968795776366
(16,23): 0.007862062454223632
(16,24): -0.00028483867645263673
(16,25): 0.027291264533996582
(16,26): 0.014805750846862793
(16,27): -0.013453612327575684
(16,33): 0.022183866500854493
(17,1): -0.002813429832458496
(17,3): -0.031033520698547364
(17,4): -0.009789609909057617
(17,5): 0.03785214900970459
(17,7): 0.0370136022567749
(17,8): -0.009290552139282227
(17,12): 0.0277626371383667
(17,13): -0.01713050365447998
(17,14): 0.016383633613586426
(17,18): 0.006895136833190918
(17,35): -0.04086203575134277
(18,1): -0.009331188201904296
(18,2): -0.030077791213989256
(18,4): -0.037557182312011717
(18,5): 0.03805587768554688
(18,6): 0.021954426765441893
(18,8): 0.010652213096618653
(18,13): -0.002249650955200195
(18,14): -0.0006700944900512695
(18,17): -0.002050933837890625
(18,43): -0.011718387603759766
(18,44): 0.027468080520629882
(19,3): 0.017426366806030272
(19,4): -0.016839661598205567
(19,10): -0.03162858009338379
(19,16): 0.03298962593078613
(19,24): 0.021169285774230957
(19,25): 0.017895879745483397
(19,27): 0.025248146057128905
(19,33): 0.0469412899017334
(19,34): 0.029514656066894532
(19,35): -0.01855222702026367
(20,15): -0.0021644544601440428
(20,16): -0.08547569274902343
(20,21): -0.02422924041748047
(20,24): 0.014485974311828614
(20,26): 0.009365363121032715
(20,27): 0.009561357498168945
(20,37): 0.0002565336227416992
(21,15): -0.04193517208099365
(21,16): -0.017402992248535157
(21,20): -0.05801127910614014
(21,23): -0.0012014198303222656
(21,26): 0.006236009597778321
(21,27): 0.012321066856384278
(21,42): 0.012938461303710937
(22,9): -0.004501886367797851
(22,10): 0.010699448585510253
(22,15): 0.024577569961547852
(22,23): -0.030116195678710937
(22,24): -0.01250962257385254
(22,25): -0.052776198387146
(22,26): -0.0003912496566772461
(22,27): 0.007039833068847656
(22,40): 0.027315587997436525
(22,43): 0.0431036376953125
(23,9): -0.023839702606201173
(23,15): 0.0077752494812011715
(23,16): 0.011284055709838868
(23,21): 0.016066765785217284
(23,22): -0.06532947540283203
(23,24): 0.015715079307556154
(23,25): 0.007159104347229004
(23,26): -0.003247661590576172
(23,27): 0.006640024185180664
(23,41): 0.020599203109741213
(24,3): -0.021394004821777345
(24,4): 0.0008489084243774414
(24,10): -0.046295995712280276
(24,15): 0.027290544509887694
(24,16): -0.006878519058227539
(24,19): 0.008420281410217285
(24,20): 0.02239604473114014
(24,22): -0.02029550552368164
(24,23): 0.016616950035095213
(24,25): -0.019198894500732422
(24,26): 0.022417712211608886
(24,27): -0.015478811264038085
(25,3): 0.007347006797790528
(25,4): -0.019069900512695314
(25,9): 0.02452899932861328
(25,10): 0.0135086727142334
(25,16): 0.0371515703201294
(25,19): 0.015664129257202147
(25,22): -0.06764033317565918
(25,23): 0.014121403694152832
(25,24): -0.054336991310119626
(25,26): 0.013962774276733399
(25,27): 0.007022013664245605
(25,32): 0.04376710891723633
(25,44): 0.03911047458648682
(26,9): -0.000297856330871582
(26,10): 0.01635745048522949
(26,15): -0.059574971199035646
(26,16): -0.00888202667236328
(26,20): 0.011942658424377441
(26,21): 0.009596281051635742
(26,22): -0.009232449531555175
(26,23): -0.02738715648651123
(26,24): 0.006274237632751465
(26,25): 0.006177101135253906
(26,27): 0.015342531204223632
(26,45): 0.0185125732421875
(27,9): 0.027222247123718263
(27,10): 0.0015775680541992188
(27,15): 0.01311448097229004
(27,16): -0.06171237945556641
(27,19): -0.0266050386428833
(27,20): 0.005219712257385254
(27,21): 0.011933355331420899
(27,22): -0.0029021358489990236
(27,23): 0.023054065704345702
(27,24): -0.0597914457321167
(27,25): -0.009157357215881347
(27,26): 0.009893183708190917
(28,1): 0.026273460388183595
(28,2): -0.009011373519897461
(28,3): -0.0034334564208984373
(28,29): -0.020942788124084472
(28,31): -0.025594043731689452
(28,45): 0.03315711498260498
(29,0): 2.0608901977539062e-05
(29,1): 0.034580655097961426
(29,2): 0.00960075855255127
(29,3): -0.029645209312438966
(29,28): -0.03488904476165772
(29,31): -0.008159284591674804
(29,41): 0.0062721347808837894
(29,44): -0.009575948715209961
(29,45): 0.018645405769348145
(30,0): 0.09494636535644531
(30,3): -0.014196109771728516
(30,35): 0.0054716825485229496
(31,1): -0.0358905553817749
(31,2): -0.0010784387588500977
(31,28): -0.0034139871597290037
(31,29): -0.038986830711364745
(31,44): -0.0860699987411499
(31,45): -0.03950442314147949
(32,7): 0.01836430549621582
(32,8): 0.027093496322631836
(32,13): 0.020134873390197754
(32,25): -0.009464125633239746
(33,16): -0.009061231613159179
(33,19): -0.01900348663330078
(33,37): 0.0088862943649292
(34,12): -0.025141944885253908
(34,19): 0.002082490921020508
(35,14): 0.05615682125091553
(35,17): 0.042507286071777346
(35,19): -0.030798826217651367
(35,30): -0.08238295078277588
(36,14): 0.04358138084411621
(37,20): 0.014301047325134278
(37,33): 0.017146148681640626
(38,11): 0.016172966957092284
(38,12): -0.05023076057434082
(39,8): -0.01625460147857666
(39,10): -0.06300607204437256
(40,9): 0.021334662437438964
(40,22): -0.03347437381744385
(41,23): 0.0012680387496948242
(41,29): -0.026860041618347166
(41,44): 0.008555283546447754
(41,45): 0.008964762687683106
(42,9): 0.008908123970031738
(42,10): -0.072651948928833
(42,13): 0.018482823371887207
(42,21): 0.013542842864990235
(43,18): 0.025225610733032228
(43,22): -0.06914958953857422
(44,7): 0.03549880027770996
(44,13): 0.02480311393737793
(44,18): 0.047059249877929685
(44,25): -0.020405359268188476
(44,29): -0.04540905952453613
(44,31): -0.0014560747146606446
(44,41): -0.016726717948913575
(44,45): -0.003991646766662598
(45,14): 0.05356910228729248
(45,26): 0.006734652519226074
(45,28): -0.09695865631103516
(45,29): -0.04903922557830811
(45,31): -0.02764596462249756
(45,41): 0.017080669403076173
(45,44): 0.006008052825927734
