Interaction name: 5xij

Affinity: 7.300000190734863
Predicted value: 7.357441425323486

Shapley values for edges: 

(0,1): -0.03920012950897217
(0,2): -0.035352139472961425
(0,4): -0.008194241523742676
(0,8): 0.022998738288879394
(0,11): -0.08614484310150146
(0,17): 0.017627477645874023
(0,18): 0.15915506362915038
(1,0): -0.03473052978515625
(1,8): 0.022566723823547363
(1,9): -0.051283378601074216
(1,10): 0.04200255870819092
(1,17): 0.005799980163574219
(1,18): 0.06662355422973633
(1,19): -0.12913796901702881
(2,0): 0.038207688331604005
(2,5): -0.003983955383300781
(2,7): -0.02527946949005127
(2,11): -0.0004580259323120117
(2,12): 0.004384737014770507
(2,19): 0.02358290195465088
(3,5): -0.001052250862121582
(3,7): 0.003186154365539551
(3,11): -0.025053162574768067
(3,12): 0.006710367202758789
(3,13): 0.002553582191467285
(3,14): -0.06050073146820068
(3,15): -0.1233499813079834
(3,19): -0.026467065811157226
(4,0): -0.16332509517669677
(4,5): -0.04524762630462646
(4,7): -0.046255574226379395
(4,11): -0.0002490234375
(4,12): -0.018843302726745604
(5,2): 0.008809309005737304
(5,3): -0.028720593452453612
(5,4): -0.1289604663848877
(5,6): -0.00886605739593506
(5,11): 0.005891270637512207
(5,12): 0.055680279731750486
(5,13): 0.0016723012924194337
(5,14): -0.027862801551818847
(5,15): 0.006522173881530762
(5,20): -0.03162614822387695
(5,21): 0.00709475040435791
(6,5): 0.008256626129150391
(6,7): -0.03564620971679688
(6,11): 0.04998939037322998
(6,12): 0.035278611183166504
(6,13): 0.003925127983093262
(6,14): -0.013090639114379883
(6,15): 0.027397620677947997
(7,2): -0.005654377937316895
(7,3): -0.028150720596313475
(7,4): -0.18586493492126466
(7,6): -0.16659965991973877
(7,11): 0.0
(7,12): -0.006630816459655762
(7,13): 0.000493154525756836
(7,14): -0.03184597015380859
(7,15): 0.03796901226043701
(8,0): -0.010137248039245605
(8,1): 0.17223185062408447
(8,9): 0.02489921569824219
(8,10): 0.002137112617492676
(8,16): 0.025672292709350585
(8,17): 0.027934532165527343
(8,28): 0.055717248916625974
(8,30): -0.08603679656982421
(9,1): -0.08867404460906983
(9,8): 0.007658977508544922
(9,10): -0.010272526741027832
(9,16): -2.1924972534179686e-05
(9,17): -0.0030088567733764647
(9,18): -0.10739194869995117
(9,30): -0.04485507726669311
(9,31): 0.012407221794128419
(10,1): -0.05405841827392578
(10,8): -0.020552501678466797
(10,9): -0.0028648805618286134
(10,16): 0.016279592514038085
(10,17): 0.01333336353302002
(10,18): -0.05038506984710693
(10,22): 0.0036885881423950194
(11,0): -0.10799936771392822
(11,2): 0.08913878917694092
(11,3): -0.04698829174041748
(11,4): 0.10187403202056884
(11,5): 0.013399405479431152
(11,6): -0.03442632675170899
(11,7): -0.03853024482727051
(11,12): 0.009851131439208984
(11,13): 0.01985750675201416
(11,23): -0.09208475589752198
(11,25): -0.06336395740509033
(11,27): -0.054691190719604495
(11,32): -0.15691267490386962
(12,2): -0.1519060754776001
(12,3): 0.024037098884582518
(12,4): 0.03995616912841797
(12,5): 0.0030884170532226563
(12,6): -0.011470713615417481
(12,7): 0.0015484237670898438
(12,11): -0.0007433176040649414
(12,13): -0.010253548622131348
(12,14): -0.06038784503936768
(12,22): -0.3297395944595337
(12,23): -0.0288694429397583
(12,24): -0.05234605312347412
(13,3): -0.005893101692199707
(13,5): -0.010244507789611817
(13,6): 0.07506207942962646
(13,7): -0.10966604709625244
(13,11): -0.023863449096679687
(13,12): -0.010109281539916993
(13,14): -0.006188583374023437
(13,15): -0.006941952705383301
(13,22): -0.04753929615020752
(14,3): 0.00857090950012207
(14,5): -0.009108033180236817
(14,6): 0.006368513107299805
(14,7): -0.060494918823242184
(14,12): -0.015497603416442872
(14,13): -0.0794746732711792
(14,15): -0.009551205635070802
(14,23): -0.008066391944885254
(14,32): 0.033289122581481936
(15,3): -0.08986039161682129
(15,5): -0.006262359619140625
(15,6): -0.15471691131591797
(15,7): 0.017548723220825194
(15,13): -0.025239028930664063
(15,14): 0.00786982536315918
(15,25): -0.045086908340454104
(15,26): 0.0616007661819458
(15,27): 0.011891818046569825
(15,28): 0.03272675514221191
(16,8): 0.005952248573303223
(16,9): -0.029095487594604494
(16,10): 0.014220318794250487
(16,17): -0.00897275447845459
(16,18): -0.03863296985626221
(16,29): 0.025752530097961426
(16,33): -0.03459637641906738
(17,0): 0.0009217119216918945
(17,1): -0.04273172378540039
(17,8): -0.02038320541381836
(17,9): -0.007580533027648926
(17,10): 0.002075042724609375
(17,16): -0.014074883460998534
(17,18): -0.0988786745071411
(18,0): 0.060663604736328126
(18,1): 0.024729809761047362
(18,9): 0.02766232967376709
(18,10): 0.009578194618225098
(18,16): 0.010328683853149414
(18,17): 0.04844699382781983
(19,1): -0.1076398515701294
(19,2): -0.10025865077972412
(19,3): -0.03737360954284668
(19,32): -0.030572805404663086
(20,5): 0.015917234420776367
(20,21): 0.04227675914764404
(20,23): -0.016273779869079588
(20,25): 0.03805617332458496
(20,28): 0.005358133316040039
(21,5): -0.010605120658874511
(21,20): 0.025897040367126464
(22,10): 0.04889904499053955
(22,12): 0.06769642353057861
(22,13): 0.12748319625854493
(23,11): -0.09378654956817627
(23,12): -0.23821730136871339
(23,14): 0.030309014320373535
(23,20): 0.12686221599578856
(23,25): -0.14130208492279053
(23,28): 0.006564302444458008
(24,12): 0.08403291702270507
(25,11): -0.0037406301498413086
(25,15): -0.06483157634735108
(25,20): -0.16793992042541503
(25,23): -0.013321475982666016
(26,15): 0.08581459999084473
(27,11): 0.04910636901855469
(27,15): -0.024581599235534667
(28,8): -0.04200853824615478
(28,15): 0.030669002532958983
(28,20): 0.056164231300354
(28,23): -0.021393799781799318
(29,16): -0.07639853000640869
(29,31): -0.06075925350189209
(30,8): -0.053206963539123533
(30,9): 0.011897039413452149
(31,9): -0.020517172813415526
(31,29): -0.05894418239593506
(32,11): 0.004518170356750489
(32,14): -0.02078606128692627
(32,19): -0.17444462776184083
(33,16): -0.026263680458068848
