Interaction name: 5ko1

Affinity: 6.639999866485596
Predicted value: 7.14729642868042

Attributions for edges: 

(0,1): 0.0
(0,3): 9.462115483486364e-29
(0,4): 0.0
(0,6): 5.31262085766561e-31
(0,20): 5.07321303898505e-29
(0,21): 0.0
(1,0): 0.0
(1,6): 3.5449993843797175e-36
(1,20): 3.3852474062155647e-34
(1,21): 0.0
(2,3): 3.039850885808926e-23
(2,5): 1.0345463708721363e-21
(2,7): 3.7949976177456706e-21
(2,10): 8.791509204502817e-22
(2,12): 1.3277504950472696e-21
(2,19): 1.248934480617101e-21
(3,0): 9.143669324255384e-31
(3,2): 2.1581124006153236e-22
(3,4): 5.597741191546603e-36
(3,5): 2.1052416174610906e-23
(3,10): 1.7890210438047304e-23
(3,12): 2.7019053983671413e-23
(3,13): 8.646063827072471e-23
(3,19): 2.5415189322830366e-23
(3,21): 0.0
(4,0): 6.574794303719539e-38
(4,3): 4.4480291873356694e-32
(4,6): 2.497382058948846e-34
(4,10): 1.2864081673138985e-30
(4,12): 1.9428166260334085e-30
(4,19): 1.8274899097092626e-30
(5,2): 2.427765404320333e-21
(5,3): 6.958842600959434e-24
(5,7): 8.687560308824248e-22
(5,8): 1.72136628784551e-21
(5,9): 1.72136628784551e-21
(5,10): 2.0125645343761708e-22
(5,12): 3.0395047967525875e-22
(5,13): 9.72641413791793e-22
(5,14): 7.01179659316195e-22
(6,0): 2.9174673638927034e-32
(6,1): 0.0
(6,4): 1.784434876311757e-37
(6,22): 2.728014499444103e-38
(7,2): 5.3955282873439904e-21
(7,5): 5.263345592861905e-22
(7,8): 3.825594010784113e-21
(7,9): 3.825594010784113e-21
(7,11): 4.607682273765651e-23
(7,14): 1.558319517731736e-21
(7,16): 2.1583440354206454e-21
(7,24): 2.89146087156436e-26
(7,25): 1.3720630209040684e-21
(7,28): 2.1739778701669327e-21
(7,29): 8.316705721672741e-24
(8,5): 8.242366088982918e-22
(8,7): 3.0235127560464575e-21
(8,9): 5.990833372092212e-21
(8,11): 7.215547248077033e-23
(8,14): 2.4403003409954223e-21
(8,16): 3.3799403583515822e-21
(9,5): 8.242366088982918e-22
(9,7): 3.0235127560464575e-21
(9,8): 5.990833372092212e-21
(9,11): 7.215547248077033e-23
(9,14): 2.4403003409954223e-21
(9,16): 3.3799403583515822e-21
(10,2): 2.059254825840825e-21
(10,3): 5.90255942659031e-24
(10,4): 5.354849720800733e-35
(10,5): 2.0088060223704634e-22
(10,12): 2.5781284522814057e-22
(10,13): 8.250010845352106e-22
(10,15): 2.0641692904408327e-22
(10,17): 3.434866042122382e-23
(10,19): 2.4250985243461575e-22
(10,23): 1.0226881127706582e-22
(10,24): 1.1035538521996018e-26
(11,7): 1.84065053854738e-22
(11,8): 3.6470789026310794e-22
(11,9): 3.6470789026310794e-22
(11,14): 1.4856087313499007e-22
(11,16): 2.057628182032485e-22
(12,2): 2.7036608347623116e-21
(12,3): 7.749686702496172e-24
(12,4): 7.035059331126619e-35
(12,5): 2.6374149465144925e-22
(12,10): 2.2412671752677567e-22
(12,13): 1.0831699900215318e-21
(12,15): 2.710113338313785e-22
(12,17): 4.509744561293738e-23
(12,18): 8.560249013447633e-22
(12,19): 3.183988773620523e-22
(12,26): 1.1732552327370244e-23
(13,3): 1.6762950292591825e-23
(13,5): 5.704835574327807e-22
(13,10): 4.847951382576204e-22
(13,12): 7.321689429507607e-22
(13,15): 5.862085213908391e-22
(13,17): 9.754759866617566e-23
(13,18): 1.8516167401154597e-21
(13,19): 6.887070742070542e-22
(13,24): 3.133997389469724e-26
(13,25): 1.4871575492967754e-21
(13,28): 2.3563314114017032e-21
(14,5): 4.565465972215078e-22
(14,7): 1.6747373129612968e-21
(14,8): 3.318336607297514e-21
(14,9): 3.318336607297514e-21
(14,11): 3.996708240494529e-23
(14,16): 1.8721569110389872e-21
(14,24): 2.5080564449226686e-26
(14,25): 1.1901332683693571e-21
(14,29): 7.213891586809155e-24
(15,10): 2.0588060460272885e-22
(15,12): 3.109353696744477e-22
(15,13): 9.949931627633934e-22
(15,17): 4.142607433826431e-23
(15,18): 7.863360959404232e-22
(15,19): 2.9247806921974234e-22
(15,27): 9.138754794037306e-23
(15,28): 1.0006799285004996e-21
(16,7): 2.10583805941431e-21
(16,8): 4.172523172432299e-21
(16,9): 4.172523172432299e-21
(16,11): 5.0254977190505283e-23
(16,14): 1.6996380545333964e-21
(16,26): 2.5537252926138834e-23
(16,28): 2.371128372012634e-21
(17,10): 6.563467250756655e-23
(17,12): 9.912610302663566e-23
(17,13): 3.1720233314101307e-22
(17,15): 7.936496695689379e-23
(17,18): 2.5068275433529304e-22
(17,19): 9.324192011483247e-23
(18,12): 6.31805085609397e-22
(18,13): 2.021768559521506e-21
(18,15): 5.058505805026638e-22
(18,17): 8.417538395894634e-23
(18,19): 5.942984729896106e-22
(18,29): 7.778623698221489e-24
(19,2): 2.5820959808725605e-21
(19,3): 7.4012089753366e-24
(19,4): 6.718177507802364e-35
(19,10): 2.1404929083072864e-22
(19,12): 3.23271084261089e-22
(19,13): 1.0344634710573284e-21
(19,15): 2.5882581836109125e-22
(19,17): 4.3069565060096417e-23
(19,18): 8.175355068765907e-22
(19,29): 3.980046630429265e-24
(20,0): 5.369752234104275e-31
(20,1): 6.896133061066184e-39
(21,0): 0.0
(21,1): 0.0
(21,3): 0.0
(21,22): 0.0
(22,6): 5.839259578131948e-35
(22,21): 0.0
(23,10): 1.3214186304163098e-22
(23,25): 4.0535676937121764e-22
(24,7): 1.640044681575265e-24
(24,10): 3.799349855656501e-25
(24,13): 1.8361605316014793e-24
(24,14): 1.3236976535157979e-24
(24,27): 1.6864787354379006e-25
(25,7): 1.6038778632171577e-21
(25,13): 1.7956616875266554e-21
(25,14): 1.294501913780151e-21
(25,23): 2.22594737027062e-22
(26,12): 4.2099957188827546e-23
(26,16): 1.345159809566607e-22
(27,15): 1.2151301626194723e-22
(27,24): 6.496324250905453e-27
(27,29): 1.8685365664431074e-24
(28,7): 2.1503066913779213e-21
(28,13): 2.4074392986920462e-21
(28,15): 6.023439454551021e-22
(28,16): 2.40378706202749e-21
(29,7): 6.171148421017244e-23
(29,14): 4.980780980865894e-23
(29,18): 5.460206147304171e-23
(29,19): 2.030926344796021e-23
(29,27): 6.345821552525354e-24
