Interaction name: 6e4a

Affinity: 7.360000133514404
Predicted value: 6.960803985595703

Shapley values for edges: 

(0,1): 0.01020571231842041
(0,6): 0.0042680931091308594
(0,7): 0.003826913833618164
(0,8): 0.003489055633544922
(0,9): 0.006233940124511719
(0,10): 0.009893593788146972
(0,16): 0.004169802665710449
(0,22): -0.003332109451293945
(0,23): -0.0034708595275878907
(1,0): 0.0031175136566162108
(1,3): -0.0010614967346191406
(1,7): 0.003217463493347168
(1,8): 0.005211730003356934
(1,9): 0.0034964895248413086
(1,10): 0.00842057228088379
(1,11): 0.002791271209716797
(1,19): 0.0035953378677368165
(1,22): -0.0009750509262084961
(2,24): 0.0
(3,1): 0.0019176006317138672
(3,7): 9.491443634033204e-05
(3,8): 7.503509521484376e-05
(3,11): 0.0033013248443603516
(3,12): 0.004793338775634766
(3,18): 0.003558177947998047
(3,19): 0.001790008544921875
(3,21): -0.0014699935913085938
(3,22): -0.002880344390869141
(3,23): 0.0027373933792114256
(4,5): 0.00834216594696045
(4,9): -0.016681780815124513
(4,10): -0.004832563400268555
(5,4): -0.02584340572357178
(6,0): -0.00768150806427002
(6,7): -0.0009338760375976563
(6,8): -0.005543084144592285
(6,15): 0.0005691385269165039
(6,16): -0.0021159934997558596
(6,22): -0.016033320426940917
(6,25): 0.0009643125534057617
(6,27): 0.006362953186035156
(7,0): -0.013115901947021485
(7,1): -0.010840511322021485
(7,3): -0.021077604293823243
(7,6): 0.0017247533798217774
(7,8): -0.0067758655548095705
(7,15): 0.0018386173248291016
(7,16): -0.0019269180297851562
(7,23): -0.013123230934143066
(8,0): -0.009782953262329102
(8,1): -0.00651883602142334
(8,3): -0.007230477333068848
(8,6): 0.0011161518096923827
(8,7): -0.0006532907485961914
(8,11): 2.814292907714844e-05
(8,15): 3.428936004638672e-05
(8,16): 0.0005331707000732422
(8,22): -0.018110251426696776
(8,23): -0.0068563175201416015
(8,25): 0.003393721580505371
(9,0): -0.004318099021911621
(9,1): -0.00856217384338379
(9,4): 0.0179594087600708
(9,10): 0.0027433109283447267
(9,23): -0.011410150527954101
(10,0): -0.00619596004486084
(10,1): -0.01074655055999756
(10,4): 0.018890690803527833
(10,9): 0.0033028173446655274
(10,23): -0.012409262657165528
(11,1): -0.008127985000610351
(11,3): -0.027577404975891114
(11,8): -0.005667428970336914
(11,12): 0.004512715339660645
(11,13): 0.0020101308822631837
(11,17): 0.0018351078033447266
(11,18): 0.0026818037033081053
(11,19): -0.003329925537109375
(11,21): -0.004991927146911621
(11,23): -0.008186831474304199
(11,25): 0.0016423940658569336
(11,26): 0.009588503837585449
(11,27): 0.0033787250518798827
(12,3): -0.0024679756164550782
(12,11): -0.0008802604675292969
(12,13): -0.00203852653503418
(12,14): 0.00167325496673584
(12,17): 0.0012927293777465821
(12,18): -0.0002467489242553711
(12,19): 0.0003299140930175781
(12,20): 0.0008765840530395507
(13,11): -0.002274932861328125
(13,12): -0.000627894401550293
(13,14): 0.0016766595840454102
(13,17): 0.0005300092697143555
(13,18): 0.000392303466796875
(13,19): -0.0024677371978759767
(13,20): 0.0010907793045043946
(13,21): -0.003966751098632812
(13,25): 0.0024507617950439453
(13,27): 0.0022075605392456055
(13,29): 0.0030466127395629883
(14,12): -0.0013555002212524414
(14,13): -0.0010418891906738281
(14,20): -0.0009313726425170899
(14,21): -0.00922985076904297
(14,26): 0.002726101875305176
(14,27): 0.0013470792770385743
(14,28): 0.00967606544494629
(14,31): 0.006033267974853516
(15,6): 0.0012203264236450195
(15,7): -0.0020175647735595705
(15,8): -0.004100160598754883
(15,16): -0.001456441879272461
(15,22): -0.01582916736602783
(15,29): 0.00276792049407959
(15,30): 0.010068864822387695
(16,0): -0.005629582405090332
(16,6): -0.0016758060455322266
(16,7): 0.001163482666015625
(16,8): -0.006464152336120605
(16,15): -0.0007172489166259766
(16,22): -0.014334802627563476
(16,29): 0.0039552259445190426
(17,11): -0.00280731201171875
(17,12): 0.0009694051742553711
(17,13): -0.0003603219985961914
(17,18): -0.0003051137924194336
(17,19): -0.007511682510375976
(17,20): 0.0005964946746826172
(17,21): -0.01096118927001953
(18,3): -0.01636925220489502
(18,11): -0.0010512638092041015
(18,12): -8.585929870605469e-05
(18,13): 0.0003631782531738281
(18,17): 0.002314434051513672
(18,19): 0.0003908872604370117
(18,20): 0.001726670265197754
(18,21): -0.0072049093246459965
(19,1): -0.006513590812683105
(19,3): -0.01854163646697998
(19,11): -0.000421910285949707
(19,12): 0.00416508674621582
(19,13): 0.0006320810317993164
(19,17): 0.002772979736328125
(19,18): 0.0028696346282958986
(19,20): 0.005465240478515625
(19,21): -0.005072011947631836
(19,23): -0.011974740028381347
(20,12): 0.0002571392059326172
(20,13): -0.0024824047088623045
(20,14): -0.0004996252059936523
(20,17): -0.0004938602447509766
(20,18): 0.0007259225845336914
(20,19): -0.002943897247314453
(20,21): -0.006251802444458008
(20,31): 0.0065739059448242185
(21,3): 0.0014505529403686524
(21,11): 9.531021118164062e-05
(21,13): 0.0048633146286010745
(21,14): 0.009444026947021485
(21,17): 0.00444735050201416
(21,18): -0.0014243888854980468
(21,19): 0.008727641105651855
(21,20): 0.007378091812133789
(22,0): 0.0099916410446167
(22,1): 0.008269100189208985
(22,3): 0.0014409112930297851
(22,6): 0.0027317714691162107
(22,8): 0.017404618263244628
(22,15): 0.005219788551330567
(22,16): 0.002449617385864258
(22,23): 0.004439454078674316
(23,0): 0.023128557205200195
(23,3): 0.01668304443359375
(23,7): 0.003534731864929199
(23,8): 0.006961026191711426
(23,9): 0.021813735961914063
(23,10): 0.01094254970550537
(23,11): 0.007497134208679199
(23,19): 0.004160699844360352
(23,22): 0.000221099853515625
(24,2): 0.0
(25,6): -0.0006168556213378907
(25,8): -0.003640923500061035
(25,11): -0.0022006320953369143
(25,13): -0.0003529596328735352
(25,30): 0.003850255012512207
(26,11): -0.0024116992950439452
(26,14): -0.0018607234954833983
(27,6): -0.0025295448303222657
(27,11): -0.002869830131530762
(27,13): -0.0008036565780639649
(27,14): 0.001982269287109375
(28,14): -0.0031108951568603518
(29,13): -0.0011046361923217774
(29,15): -0.003998656272888184
(29,16): 0.0024519920349121093
(30,15): -0.002623929977416992
(30,25): -0.00026363372802734375
(31,14): -0.0016947555541992187
(31,20): -0.0011755132675170899
