Interaction name: 5m2v

Affinity: 5.400000095367432
Predicted value: 6.03000545501709

Shapley values for edges: 

(0,1): 0.004221773147583008
(0,5): -0.0012311983108520509
(0,7): -0.011439709663391114
(0,10): -0.010154886245727539
(0,14): -0.08880128383636475
(0,19): -0.014272398948669433
(0,20): 0.05649646282196045
(0,21): -0.0012480545043945313
(0,22): -0.0008319950103759765
(0,27): 0.09103325366973877
(1,0): 0.01609405517578125
(1,5): -0.002295112609863281
(1,6): -0.046887173652648925
(1,10): -0.03135012626647949
(1,14): 9.651660919189453e-05
(1,19): -0.04155096530914307
(1,20): -0.13315020084381105
(1,21): 0.018581280708312987
(1,22): 0.01940659999847412
(1,27): -0.08981724262237549
(2,4): -0.023775901794433594
(2,5): -0.00025020599365234376
(2,9): 0.00422952651977539
(2,10): -0.04625011444091797
(2,11): 0.0016461515426635742
(2,12): 0.010292401313781738
(2,13): 0.006244521141052246
(2,14): 0.025990986824035646
(2,15): 0.12101166725158691
(2,17): 0.04118952751159668
(2,18): -0.052233338356018066
(2,23): 0.02712696075439453
(3,4): 0.04439373970031738
(3,9): -0.015081090927124024
(3,11): 0.05315481662750244
(3,17): 0.004758543968200683
(3,18): 0.019360475540161133
(3,20): 0.16299038410186767
(3,23): 0.017731070518493652
(4,2): 0.00878880500793457
(4,3): 0.08277743339538574
(4,8): 0.2045414161682129
(4,11): 0.0006363582611083984
(4,14): 0.04535216808319092
(4,15): -0.09265192985534668
(4,17): 0.00513936996459961
(4,18): -0.019497408866882324
(4,20): -0.02465420722961426
(4,23): -0.08244205951690674
(5,0): 0.005823493003845215
(5,1): -0.11601341247558594
(5,2): -0.023898282051086427
(5,6): -0.0009660863876342773
(5,7): -0.1013680362701416
(5,14): -0.000711517333984375
(5,15): -0.0014275264739990233
(5,23): -0.25241578102111817
(5,24): -4.76837158203125e-09
(5,25): -0.0033665084838867187
(5,26): -0.08402480602264405
(6,1): 0.001158289909362793
(6,5): 0.0012403631210327149
(6,7): -0.0013242673873901367
(6,10): -0.06941222667694091
(6,14): -0.042764506340026855
(7,0): 0.029773159027099608
(7,5): -0.07869253158569336
(7,6): 0.043310384750366214
(7,10): -0.13639453411102295
(7,14): 4.837512969970703e-05
(8,4): -5.817413330078125e-06
(8,9): 0.001606912612915039
(8,11): 0.010695252418518066
(8,17): 0.004193148612976074
(8,18): 0.0008559370040893555
(9,2): 0.00042263984680175783
(9,3): 0.021970243453979493
(9,8): 0.033005385398864745
(9,11): -0.0014851951599121093
(9,14): -0.025742359161376953
(9,15): -0.14330170154571534
(9,17): -0.0003623819351196289
(9,18): 0.007512211799621582
(10,0): 0.0061330413818359375
(10,1): 0.015437278747558594
(10,2): -0.02088285446166992
(10,6): 0.0034509563446044923
(10,7): 0.14265960216522217
(10,14): -4.794120788574219e-05
(10,15): 0.01156775951385498
(11,2): -0.0010220193862915039
(11,3): 0.00012000083923339844
(11,4): 0.0015572166442871093
(11,8): 0.058413329124450686
(11,9): -0.005751724243164062
(11,12): -0.013869442939758302
(11,13): 0.009422760009765625
(11,14): -0.002627463340759277
(11,15): -0.001359114646911621
(11,16): 0.02320920467376709
(11,17): -0.012532525062561035
(11,18): 0.002868514060974121
(12,2): -0.007845149040222169
(12,11): 0.00041339874267578127
(12,13): -0.005306282043457031
(12,15): 0.0287089204788208
(12,16): 0.0021807098388671874
(12,17): -0.0005831480026245117
(12,18): -0.0004709529876708984
(13,2): 0.010353116989135743
(13,11): 0.00412559986114502
(13,12): -0.011347231864929199
(13,16): -0.009218888282775879
(13,17): -0.02124529838562012
(13,18): -0.0033190298080444337
(13,31): -0.0580442476272583
(13,33): -0.039390058517456056
(14,0): -0.09447410106658935
(14,1): 0.0047467279434204104
(14,2): -0.0026103830337524414
(14,4): -0.004687213897705078
(14,5): -4.76837158203125e-09
(14,6): 0.08693084716796876
(14,7): -0.0468185806274414
(14,9): -0.0012343549728393555
(14,10): 0.010115056037902833
(14,11): -0.05542015552520752
(14,15): 0.00024108409881591796
(14,34): 0.015914831161499023
(15,2): -0.015647950172424315
(15,4): -0.006458654403686524
(15,5): -0.00011572837829589843
(15,9): -0.008009533882141113
(15,10): 0.07849548816680908
(15,11): 0.002129073143005371
(15,12): 0.017943286895751955
(15,14): -2.7337074279785155e-05
(15,17): -0.03085000514984131
(15,30): -0.17298861026763915
(15,31): -0.20035819530487062
(15,33): -0.22042366981506348
(16,11): 0.004373660087585449
(16,12): 0.002647824287414551
(16,13): 0.0120269775390625
(16,17): 0.001015915870666504
(16,18): -0.002389693260192871
(16,32): 0.058376283645629884
(16,33): -0.02740119457244873
(17,2): -0.2975630235671997
(17,3): -0.10362313747406006
(17,4): 1.430511474609375e-08
(17,8): -0.09284090518951416
(17,9): 0.05980541706085205
(17,11): 0.0052920103073120115
(17,12): 0.00125093936920166
(17,13): 0.011475529670715332
(17,15): -0.01370943546295166
(17,16): -0.004451823234558105
(17,18): 0.0003360414505004883
(17,30): 0.12371521472930908
(18,2): -0.01826592445373535
(18,3): -0.04640394687652588
(18,4): -0.1569405746459961
(18,8): -0.155011625289917
(18,9): 0.06549453258514404
(18,11): -0.0005892372131347656
(18,12): 0.006963753700256347
(18,13): 0.00602200984954834
(18,16): -0.0020551252365112304
(18,17): -0.002968325614929199
(19,0): -0.014632430076599121
(19,1): -0.007841792106628418
(19,20): -0.010899033546447754
(19,22): -0.0011197805404663086
(19,27): 0.007728228569030762
(20,0): -0.02230013847351074
(20,1): -0.025359339714050293
(20,3): -0.015339012145996095
(20,4): 0.19690852165222167
(20,19): 0.023114690780639647
(20,21): 0.009904322624206542
(20,24): 0.043250837326049806
(21,0): 0.0007593250274658203
(21,1): -0.03489943027496338
(21,20): -0.013220505714416504
(21,25): -0.033093128204345706
(21,28): -0.022307615280151367
(22,0): -0.14480918884277344
(22,1): -0.008362860679626464
(22,19): 0.058008041381835934
(22,27): 0.012182946205139161
(23,2): -0.06329204082489014
(23,3): -0.01530543327331543
(23,4): -0.19756126880645752
(23,5): -0.09580989837646485
(24,5): 0.0035423803329467773
(24,20): 0.1414005470275879
(25,5): -0.012490086555480957
(25,21): -0.027482771873474122
(25,26): -0.07175637245178222
(25,29): -0.10995896339416504
(25,30): -0.0022144222259521482
(26,5): -0.012123117446899414
(26,25): -0.032362627983093264
(26,28): -0.14299528121948243
(26,30): 0.009127693176269531
(27,0): -0.14828360080718994
(27,1): -0.0554325008392334
(27,19): -0.018726658821105958
(27,22): 0.05140817165374756
(28,21): -0.01134706974029541
(28,26): -0.055673074722290036
(28,29): -0.17151870250701903
(28,30): -0.013687562942504884
(29,25): -0.02160109519958496
(29,28): -0.1369264030456543
(29,30): 0.013263559341430664
(30,15): -0.18446306228637696
(30,17): 0.08983945369720459
(30,25): 0.014105877876281737
(30,26): 0.18031753063201905
(30,28): 0.14263756275177003
(30,29): 0.08541142463684082
(31,13): 0.004428715705871582
(31,15): -0.0748990821838379
(31,33): -0.00313784122467041
(32,16): 0.007197799682617187
(33,13): 0.026809959411621093
(33,15): 0.027932896614074706
(33,16): -0.10287091732025147
(33,31): -0.026270017623901368
(34,14): -0.0352211856842041
