Interaction name: 5o4f

Affinity: 6.679999828338623
Predicted value: 6.608546257019043

Attributions for edges: 

(0,1): 0.559715747833252
(0,3): 0.44755807518959045
(0,5): 0.45693737268447876
(0,6): 0.5034598708152771
(0,8): 0.4857023358345032
(0,10): 0.4647084176540375
(0,11): 0.5321742296218872
(0,12): 0.46528300642967224
(0,13): 0.5579765439033508
(0,14): 0.44893312454223633
(0,15): 0.45334044098854065
(0,16): 0.43010351061820984
(0,18): 0.3694598376750946
(1,0): 0.54225093126297
(1,3): 0.41604191064834595
(1,8): 0.4169723391532898
(1,11): 0.3802947402000427
(1,16): 0.46076226234436035
(1,17): 0.5527616739273071
(2,4): 0.39841777086257935
(2,5): 0.4143374562263489
(2,9): 0.43184322118759155
(2,10): 0.649769127368927
(2,11): 0.477030485868454
(2,14): 0.4202142655849457
(2,15): 0.5439936518669128
(2,16): 0.48624324798583984
(2,17): 0.41777533292770386
(2,18): 0.5205716490745544
(2,21): 0.5972604751586914
(3,0): 0.4398542046546936
(3,1): 0.299466073513031
(3,4): 0.5476126074790955
(3,6): 0.36863973736763
(3,9): 0.4989335536956787
(3,11): 0.6075617671012878
(3,15): 0.4928588271141052
(3,16): 0.5531682372093201
(3,17): 0.43686699867248535
(3,21): 0.4991716146469116
(4,2): 0.5032230615615845
(4,3): 0.5768013596534729
(4,5): 0.44312089681625366
(4,7): 0.4744386076927185
(4,8): 0.476664662361145
(4,10): 0.48256972432136536
(4,11): 0.3578232526779175
(4,14): 0.42248114943504333
(4,15): 0.4610538184642792
(4,16): 0.50608229637146
(4,17): 0.44544005393981934
(4,18): 0.46037009358406067
(4,21): 0.5105451941490173
(5,0): 0.5557889938354492
(5,2): 0.4860484004020691
(5,4): 0.3987292945384979
(5,7): 0.5006200671195984
(5,9): 0.4091370105743408
(5,11): 0.3099936842918396
(5,13): 0.5990026593208313
(5,19): 0.3859124779701233
(5,20): 0.4909036159515381
(5,22): 0.5001612901687622
(6,0): 0.49430790543556213
(6,3): 0.4938766658306122
(6,8): 0.4069552719593048
(6,11): 0.40955808758735657
(7,4): 0.5639792084693909
(7,5): 0.5425010323524475
(7,9): 0.4433641731739044
(7,10): 0.48615577816963196
(7,11): 0.39674514532089233
(8,0): 0.49303606152534485
(8,1): 0.3761599063873291
(8,4): 0.511309802532196
(8,6): 0.47063490748405457
(8,9): 0.4681946635246277
(8,11): 0.49297404289245605
(9,2): 0.4316824674606323
(9,3): 0.37534162402153015
(9,5): 0.47210291028022766
(9,7): 0.470181405544281
(9,8): 0.5014429092407227
(9,10): 0.5897464752197266
(9,11): 0.45137128233909607
(10,0): 0.551506519317627
(10,2): 0.5426223278045654
(10,4): 0.560942530632019
(10,7): 0.3931847810745239
(10,9): 0.4107533097267151
(10,11): 0.5251673460006714
(10,13): 0.4423968493938446
(11,0): 0.4788791239261627
(11,1): 0.35681578516960144
(11,2): 0.48516759276390076
(11,3): 0.48012930154800415
(11,4): 0.4588949978351593
(11,5): 0.5639152526855469
(11,6): 0.47333818674087524
(11,7): 0.4958452582359314
(11,8): 0.45155325531959534
(11,9): 0.45792219042778015
(11,10): 0.41578206419944763
(11,12): 0.5267407298088074
(11,13): 0.5243352055549622
(11,24): 0.5154603719711304
(12,0): 0.5125157237052917
(12,11): 0.38930949568748474
(12,13): 0.4845288395881653
(12,25): 0.5426482558250427
(13,0): 0.3843149244785309
(13,5): 0.4329374432563782
(13,10): 0.5049841403961182
(13,11): 0.5004439353942871
(13,12): 0.5161982774734497
(13,26): 0.5796191096305847
(14,0): 0.44230398535728455
(14,2): 0.4628446698188782
(14,4): 0.54521244764328
(14,16): 0.523368775844574
(14,21): 0.43971386551856995
(15,0): 0.5176945924758911
(15,2): 0.38358721137046814
(15,3): 0.5856499671936035
(15,4): 0.4373871088027954
(15,16): 0.5280406475067139
(15,19): 0.36382314562797546
(16,0): 0.39722082018852234
(16,1): 0.40207961201667786
(16,2): 0.46380913257598877
(16,3): 0.5088968276977539
(16,4): 0.3908998370170593
(16,14): 0.5059522986412048
(16,15): 0.4333995282649994
(16,21): 0.4861171245574951
(17,1): 0.5387981534004211
(17,2): 0.5739072561264038
(17,3): 0.49946555495262146
(17,4): 0.5200543403625488
(17,18): 0.4831054210662842
(18,0): 0.4132627844810486
(18,2): 0.4145229160785675
(18,4): 0.42458218336105347
(18,17): 0.49056243896484375
(19,5): 0.4779793918132782
(19,15): 0.4794630706310272
(20,5): 0.4648340344429016
(20,22): 0.39830833673477173
(21,2): 0.49218302965164185
(21,3): 0.45798224210739136
(21,4): 0.599873423576355
(21,14): 0.4689332842826843
(21,16): 0.5028026700019836
(22,5): 0.5178874731063843
(22,20): 0.46164435148239136
(22,23): 0.3174407184123993
(23,22): 0.49541860818862915
(24,11): 0.5521250367164612
(24,26): 0.5115253925323486
(25,12): 0.41200685501098633
(26,13): 0.5742708444595337
(26,24): 0.5284584164619446
