Interaction name: 1epq

Affinity: 8.1899995803833
Predicted value: 8.09788703918457

Attributions for edges: 

(0,1): 7.94105084901756e-20
(0,6): 1.247227270305671e-18
(0,11): 8.358855701519601e-15
(0,27): 9.925093736375687e-16
(0,28): 9.326394967388587e-16
(0,34): 5.4362903585256684e-21
(1,0): 8.073685615475863e-18
(1,2): 3.816620858896714e-18
(1,6): 2.7511118910621865e-22
(1,7): 5.291722532685484e-18
(1,34): 1.3620067112255933e-24
(2,1): 3.8751676557527546e-20
(2,6): 5.936536186552594e-19
(2,7): 2.096059938572377e-14
(2,11): 3.888430105247059e-15
(2,24): 5.972186636150683e-15
(2,25): 2.3269252057969356e-14
(2,34): 2.6515595633330163e-21
(2,35): 7.891606069792764e-15
(2,36): 0.0
(3,5): 1.2835964856371271e-27
(3,7): 4.554651755152796e-27
(3,8): 4.202493538891645e-27
(3,10): 4.3209024081744946e-27
(3,15): 2.9938469281562807e-27
(3,20): 1.1211790337894356e-28
(3,24): 1.5112868570103859e-27
(3,31): 3.364031463510907e-27
(4,5): 2.3125706231431117e-15
(4,8): 7.994291873988403e-15
(4,10): 8.326362670629979e-15
(4,14): 1.3337040915496127e-15
(4,15): 5.376190961056508e-15
(4,16): 1.0810892417010502e-14
(4,31): 6.188500639671066e-15
(4,35): 3.3086394409832798e-15
(4,36): 0.0
(4,40): 0.0
(4,41): 7.427992565220033e-17
(5,3): 1.4162504023444475e-34
(5,4): 1.8735130007579764e-15
(5,8): 7.933895036717382e-15
(5,9): 5.24357766548863e-25
(5,15): 5.335594365960504e-15
(5,16): 1.0729257922652974e-14
(5,18): 3.7275175621912654e-15
(5,31): 6.1417465385649964e-15
(5,32): 1.7230401387770917e-15
(5,35): 3.28365514541283e-15
(5,36): 0.0
(5,37): 4.212104266640792e-36
(6,0): 2.406829064935946e-17
(6,1): 5.995102434875778e-23
(6,2): 1.1377645986901506e-17
(6,7): 1.5775100250633462e-17
(6,11): 3.723120911947089e-18
(6,27): 5.206024036285576e-19
(6,28): 4.912033706826573e-19
(6,30): 9.884381805005333e-20
(6,38): 0.0
(7,1): 5.144211349425417e-20
(7,2): 2.0241641208226108e-14
(7,3): 4.126197770559835e-34
(7,6): 7.97849460116145e-19
(7,8): 2.5963382648246797e-14
(7,11): 5.294678439443385e-15
(7,24): 8.131993173190587e-15
(7,25): 3.16845650465223e-14
(8,3): 3.996746914353011e-34
(8,4): 5.870744276321614e-15
(8,5): 7.191778978441789e-15
(8,7): 2.732938251788844e-14
(8,9): 1.4737818920005557e-24
(8,10): 2.5893897147451737e-14
(8,14): 4.042710803842326e-15
(8,15): 1.6719249614871416e-14
(8,19): 2.4361592946528553e-15
(8,20): 4.559631824024694e-16
(8,24): 7.786794212899517e-15
(8,31): 1.92453915488517e-14
(8,39): 4.0145248218111263e-23
(9,5): 1.7414181475578185e-21
(9,8): 5.701400937055347e-21
(9,10): 5.8620209943198185e-21
(9,14): 1.1726881584975845e-21
(9,15): 4.06168056645341e-21
(9,16): 7.730182154479906e-21
(9,31): 4.563866439978328e-21
(10,3): 3.924649621384257e-34
(10,4): 5.8076403217511684e-15
(10,8): 2.4594016669672765e-14
(10,9): 1.4466333425549877e-24
(10,15): 1.653956851577036e-14
(10,16): 3.325914169722763e-14
(10,18): 1.1554807573266063e-14
(10,31): 1.903856134972525e-14
(10,32): 5.325244893894477e-15
(11,0): 1.9002099969477743e-14
(11,2): 8.810576678224425e-15
(11,6): 3.8947460514996044e-19
(11,7): 1.2422962134093097e-14
(11,12): 8.819340134036277e-18
(11,27): 2.992413613229957e-16
(11,28): 2.811895010302305e-16
(11,29): 1.528688605219063e-18
(11,30): 5.141629617921002e-17
(11,42): 1.8476245217433674e-27
(11,47): 1.7547182511795614e-17
(11,50): 4.523125746245606e-18
(11,53): 3.6488412509926845e-17
(12,11): 6.677180575540351e-17
(12,13): 1.199144088478576e-19
(12,27): 9.324287575885598e-18
(12,28): 8.797734176436392e-18
(12,29): 5.90802314159092e-20
(12,30): 1.7703495245740066e-18
(12,51): 9.951854948250799e-17
(12,59): 3.1420406453977886e-19
(13,12): 1.7945405508350906e-19
(13,27): 5.0657769075957056e-18
(13,28): 4.779706005321285e-18
(13,29): 3.209771938787735e-20
(13,30): 9.618101509078974e-19
(13,44): 3.023583599542279e-20
(14,4): 2.1575436885213142e-15
(14,8): 9.070199052821446e-15
(14,9): 6.744171559151064e-25
(14,15): 6.099765891633179e-15
(14,19): 9.659924778281808e-16
(14,20): 1.807990502425324e-16
(14,21): 1.7999303304595154e-18
(14,22): 4.887979811601414e-18
(14,23): 3.921209575547919e-18
(14,31): 7.021377972310852e-15
(14,47): 1.4214911883905344e-17
(14,52): 7.791658220189786e-17
(14,53): 2.9540426236726434e-17
(14,56): 1.5007460305367154e-18
(14,59): 6.819504444555612e-18
(14,60): 1.1968602841663478e-17
(15,3): 3.466160906815486e-34
(15,4): 4.8510025816715825e-15
(15,5): 5.942621374643246e-15
(15,8): 2.0542878311521733e-14
(15,9): 1.2809617056211285e-24
(15,10): 2.1396201325442343e-14
(15,14): 3.340509055623723e-15
(15,16): 2.7780679978119636e-14
(15,17): 4.961226820279107e-17
(15,18): 9.651493200566602e-15
(15,31): 1.590251842427219e-14
(15,32): 4.448067738113291e-15
(15,51): 6.529306887097675e-15
(15,53): 6.256475854251391e-17
(15,59): 1.410676629062016e-17
(16,4): 8.313571626093492e-15
(16,5): 1.0184331134498181e-14
(16,9): 2.043296669866018e-24
(16,10): 3.666846963871692e-14
(16,15): 2.3676209037477684e-14
(16,17): 8.290951717116184e-17
(16,18): 1.654057817904349e-14
(16,31): 2.725343415570583e-14
(16,32): 7.622999216724217e-15
(16,46): 7.829685420249633e-15
(17,15): 3.6760165825696647e-16
(17,16): 7.1869205033354565e-16
(17,18): 2.665358575125107e-16
(17,32): 1.296669931741303e-16
(17,46): 1.3266248548742573e-16
(18,5): 5.6042113834244185e-15
(18,10): 2.0177885038286276e-14
(18,15): 1.3028515305447616e-14
(18,16): 2.619882731439739e-14
(18,17): 4.781349778634551e-17
(18,32): 4.225377694082452e-15
(18,46): 4.329492019343635e-15
(18,47): 2.882157981463825e-17
(18,52): 1.5947854274587202e-16
(19,8): 6.93362112381057e-15
(19,14): 1.2270122450299347e-15
(19,20): 1.4163335849223682e-16
(19,21): 1.453707577823275e-18
(19,22): 3.939155672527563e-18
(19,23): 3.1627862834618302e-18
(19,31): 5.367399606096956e-15
(19,33): 2.4222925447431348e-18
(19,46): 1.657037849219379e-15
(19,51): 2.3322116231240444e-15
(20,3): 4.903213656160901e-35
(20,8): 2.0059034033808763e-15
(20,14): 3.632594232622061e-16
(20,19): 2.2403251184289835e-16
(20,21): 4.831361883611573e-19
(20,22): 1.2924119078688036e-18
(20,23): 1.0412430643604458e-18
(20,33): 8.001597755670056e-19
(20,47): 3.651137173500887e-18
(20,48): 1.380370365099783e-18
(20,52): 1.863468017184153e-17
(20,57): 6.275951656337829e-19
(20,59): 1.792386650068185e-18
(21,14): 2.3341318004933556e-17
(21,19): 1.496750396626324e-17
(21,20): 3.0275453552367073e-18
(21,22): 9.868595580002641e-20
(21,23): 7.951599986767025e-20
(21,28): 3.829658879711775e-18
(21,33): 6.110533757650094e-20
(21,49): 3.314340816028936e-20
(21,51): 4.3194415366730994e-17
(21,54): 4.145253757978682e-20
(21,57): 4.7927015943558616e-20
(22,14): 4.19738839031294e-17
(22,19): 2.6915648149836444e-17
(22,20): 5.444351417771931e-18
(22,21): 6.634794367537668e-20
(22,23): 1.4299087385701177e-19
(22,33): 1.0988360314973332e-19
(22,44): 4.356485959621462e-20
(22,55): 9.311156141822455e-21
(23,14): 3.7464452545514916e-17
(23,19): 2.40240778456185e-17
(23,20): 4.859459864851504e-18
(23,21): 5.922012833700724e-20
(23,22): 1.5839907731976672e-19
(23,33): 9.807871475753299e-20
(23,52): 2.2402288511492945e-18
(23,59): 2.1953145982488902e-19
(24,2): 9.720366296540797e-15
(24,3): 2.282687658498252e-34
(24,7): 1.3705796073808577e-14
(24,8): 1.2468015816557553e-14
(24,25): 1.521541546185487e-14
(24,26): 2.9198514770122335e-16
(24,51): 3.962808915378407e-15
(24,52): 1.0358876778719152e-16
(24,55): 3.153712939322736e-19
(24,59): 8.899231719138486e-18
(25,2): 2.880535775726979e-14
(25,7): 4.0615866789620036e-14
(25,24): 1.1572407223844113e-14
(25,26): 8.246448606067443e-16
(26,24): 8.524852453962171e-16
(26,25): 3.1533581847190692e-15
(26,47): 4.6139733385610795e-18
(26,53): 9.308897880589049e-18
(26,59): 2.2638448576376835e-18
(26,60): 3.913797210078831e-18
(27,0): 4.552977427311946e-15
(27,6): 1.127867615305501e-19
(27,11): 6.186042550058134e-16
(27,12): 2.538502321820097e-18
(27,13): 9.199107645450957e-19
(27,28): 7.228406456556298e-17
(27,29): 4.532294733143026e-19
(27,30): 1.3799867394111962e-17
(27,59): 2.41462602803084e-18
(28,0): 4.386245767908515e-15
(28,6): 1.0919081353732602e-19
(28,11): 5.959507823479707e-16
(28,12): 2.4570990641484473e-18
(28,13): 8.907582314217362e-19
(28,21): 6.296117802683989e-19
(28,27): 7.410925513077349e-17
(28,29): 4.388680152179452e-19
(28,30): 1.3342777313782509e-17
(29,11): 2.3107078653432015e-17
(29,12): 1.1445981186762102e-19
(29,13): 4.155275244970218e-20
(29,27): 3.2310652867395605e-18
(29,28): 3.048603098885623e-18
(29,30): 6.134616474949722e-19
(29,43): 3.0089479956963453e-20
(30,6): 4.035535681424339e-20
(30,11): 1.9328507027377943e-16
(30,12): 9.074680035783434e-19
(30,13): 3.2944135180846504e-19
(30,27): 2.574832756067916e-17
(30,28): 2.4282983722986373e-17
(30,29): 1.623119776592664e-19
(30,51): 2.941528638319247e-16
(30,54): 2.61620580740695e-19
(30,55): 3.267889454755255e-20
(31,3): 3.5839729914167266e-34
(31,4): 5.1138974680603206e-15
(31,5): 6.2646747361341185e-15
(31,8): 2.165621672332689e-14
(31,9): 1.3233492728185296e-24
(31,10): 2.2555828393749054e-14
(31,14): 3.5215443486492004e-15
(31,15): 1.4563943787396748e-14
(31,16): 2.9286333557906885e-14
(31,19): 2.1463221960360893e-15
(31,32): 4.689143479297232e-15
(31,55): 5.021943779755908e-19
(31,56): 3.0998144709942402e-18
(32,5): 3.2875656847720664e-15
(32,10): 1.1836811946461332e-14
(32,15): 7.642798611866286e-15
(32,16): 1.5368835151459252e-14
(32,17): 2.905738253749752e-17
(32,18): 5.349309946958919e-15
(32,31): 8.797578957648808e-15
(32,47): 1.7602760777153052e-17
(32,51): 3.695519622059313e-15
(32,59): 8.406328027007938e-18
(33,19): 2.05536630923482e-17
(33,20): 4.157499507787979e-18
(33,21): 5.066544582902943e-20
(33,22): 1.3551743919426294e-19
(33,23): 1.091924808232482e-19
(33,50): 1.0291312014881088e-19
(33,58): 4.4684820140345936e-20
(34,0): 5.511677095393694e-19
(34,1): 1.3728881599445987e-24
(34,2): 2.6054894240773843e-19
(34,38): 0.0
(34,42): 9.301662112675394e-32
(34,52): 4.099553160046121e-21
(35,2): 1.003347795472398e-14
(35,4): 3.0390405005752607e-15
(35,5): 3.722899115046361e-15
(35,37): 6.681702457629888e-36
(35,51): 4.090442804486e-15
(36,2): 8.817547855439212e-35
(36,4): 2.9614511000444724e-35
(36,5): 3.445422442881533e-35
(37,5): 1.5066407917607948e-28
(37,35): 2.195472025306493e-28
(38,6): 0.0
(38,34): 0.0
(38,42): 0.0
(39,8): 5.590254600695286e-20
(40,4): 1.6502045200904216e-32
(40,41): 7.6386736139752e-34
(41,4): 1.6525677651891424e-16
(41,40): 0.0
(41,59): 5.943605995850508e-19
(42,11): 5.2081756588221874e-24
(42,34): 5.679754356619513e-30
(42,38): 0.0
(43,29): 2.3779411817872243e-20
(43,55): 4.7876183917771385e-21
(44,13): 4.1257707464962173e-20
(44,22): 7.800123183328105e-20
(46,16): 1.5695351106032734e-14
(46,17): 2.958666563296815e-17
(46,18): 5.452819067179289e-15
(46,19): 1.2214921313126784e-15
(47,11): 9.835875623692494e-17
(47,14): 7.907328510071241e-17
(47,18): 2.100396069635961e-16
(47,20): 1.0190144672339767e-17
(47,26): 1.245691981729742e-17
(47,32): 1.0340320801473872e-16
(47,53): 1.8756053623892354e-18
(48,20): 5.558300510234786e-18
(48,49): 6.084807148129988e-20
(48,56): 5.648776336563705e-20
(49,21): 3.3907125279048814e-20
(49,48): 9.68410780777432e-20
(49,56): 2.827636790890684e-20
(49,57): 4.4045441838585124e-20
(50,11): 4.4683522449061205e-17
(50,33): 9.406375454761106e-20
(50,57): 7.377771224907065e-20
(51,12): 1.1506931835101707e-17
(51,15): 1.0206149009153558e-14
(51,19): 1.5755150573317704e-15
(51,21): 2.840375268926424e-18
(51,24): 4.753402786807732e-15
(51,30): 6.779124299464856e-17
(51,32): 3.3669788352254197e-15
(51,35): 6.281113528057956e-15
(52,14): 2.3507800676355163e-16
(52,18): 6.467775766831163e-16
(52,20): 2.808078001909291e-17
(52,23): 7.283592059276957e-19
(52,24): 4.334828221032219e-16
(52,34): 2.8996517489426615e-22
(52,60): 2.1617091450930047e-18
(53,11): 1.5220218562182275e-16
(53,14): 1.2219157007258648e-16
(53,15): 4.608682972604599e-16
(53,26): 1.8934706851820638e-17
(53,47): 1.4196261856224417e-18
(54,21): 3.9970042513984264e-20
(54,30): 8.348513685659616e-19
(55,22): 2.617023197561472e-20
(55,24): 1.0822140438832332e-17
(55,30): 2.0436057964975436e-19
(55,31): 2.4089416842204064e-17
(55,43): 1.0023615527584901e-20
(56,14): 1.91922809684023e-17
(56,31): 7.469250348940708e-17
(56,48): 8.66450172028673e-20
(56,49): 2.725220845064109e-20
(57,20): 3.5736266277919115e-18
(57,21): 4.355023853265289e-20
(57,49): 3.9121361667853394e-20
(57,50): 8.846118271060697e-20
(58,33): 5.646535840326423e-20
(58,59): 1.2638747195730011e-19
(59,12): 3.122635763709119e-19
(59,14): 5.0715995146455276e-17
(59,15): 1.7800619732697776e-16
(59,20): 6.5750862220263e-18
(59,23): 1.7268795031737257e-19
(59,24): 8.901477183629323e-17
(59,26): 8.037731382970634e-18
(59,27): 8.814865914102978e-18
(59,32): 6.627190411529076e-17
(59,41): 2.995013996106222e-18
(59,58): 7.066932260346122e-20
(60,14): 7.327408726222565e-17
(60,26): 1.1560257687651163e-17
(60,52): 4.359549125752019e-18
