Interaction name: 5drq

Affinity: 10.920000076293945
Predicted value: 8.723204612731934

Shapley values for edges: 

(0,1): 0.049169373512268064
(0,3): -0.04834120273590088
(0,4): -0.009034819602966308
(0,5): -0.007631149291992188
(0,13): 0.0020377063751220704
(0,18): 0.010800647735595702
(0,27): 0.04956175804138183
(1,0): 0.02314293384552002
(1,3): -0.0010387897491455078
(1,27): 0.10726608276367187
(2,5): -0.015494346618652344
(2,7): -0.08834144592285156
(2,8): -0.00044620990753173827
(2,9): 0.007932395935058593
(2,15): -0.02434149742126465
(2,19): -0.03078482151031494
(3,0): -0.01062138557434082
(3,1): 0.0942400074005127
(3,4): 0.06841991901397705
(3,5): 0.0024018192291259764
(3,18): 0.03572239875793457
(4,0): -0.016816954612731933
(4,3): -0.004780783653259278
(5,0): -0.006611285209655762
(5,2): 0.016128430366516112
(5,3): 0.012840847969055175
(5,7): 0.01746184825897217
(5,8): 0.047469067573547366
(5,9): 0.030593371391296385
(5,13): 0.0185652494430542
(5,15): 0.023297786712646484
(5,18): 0.03576760768890381
(5,19): -0.0074993610382080075
(5,27): 0.08860978603363037
(6,12): -0.030413503646850585
(6,23): -0.0015703821182250976
(6,24): -0.04089167594909668
(6,25): 0.007489776611328125
(6,26): -0.011812591552734375
(7,2): 0.005063862800598145
(7,5): -0.01963437080383301
(7,13): 0.002239212989807129
(7,18): 0.024197711944580078
(8,2): 0.05050869464874268
(8,5): 0.060957636833190915
(8,13): 0.004457259178161621
(8,18): -0.01684720516204834
(9,2): -0.02617952346801758
(9,5): 0.08250597953796386
(9,10): -0.00600367546081543
(9,14): 0.0025720453262329103
(9,15): 0.004083385467529297
(9,19): 0.018057174682617187
(9,20): -0.0014332866668701173
(9,21): -0.0055916690826416015
(9,35): 0.02577305316925049
(9,37): 0.032047085762023926
(9,41): 0.015711407661437988
(10,9): 0.014614286422729493
(10,14): 0.0024779272079467774
(10,15): 0.020095629692077635
(10,16): 0.0101969575881958
(10,19): 0.006534314155578614
(10,20): -0.006304187774658203
(10,21): 0.005224752426147461
(10,29): 0.008724570274353027
(10,36): 0.005896544456481934
(10,41): 0.005680599212646484
(11,16): -0.003491082191467285
(11,17): -0.010090255737304687
(11,20): -0.007221822738647461
(11,22): 0.008424148559570313
(11,23): 0.005844736099243164
(11,25): 0.0007689762115478516
(11,29): 0.020586481094360353
(11,30): 0.035039329528808595
(11,32): -0.016745519638061524
(11,38): -0.004738945960998536
(12,6): -0.028010787963867186
(12,17): -0.018114180564880372
(12,22): -0.0168349552154541
(12,23): 0.006475200653076172
(12,24): -0.003793621063232422
(12,25): -0.0035492229461669923
(12,26): 0.008061480522155762
(13,0): -0.07486939430236816
(13,5): 0.06830512046813965
(13,7): -0.021195878982543947
(13,8): -0.01810699462890625
(13,18): 0.07506706237792969
(13,31): 0.035986285209655765
(13,32): 0.030844569206237793
(13,36): 0.02825861930847168
(13,41): -0.006693253517150879
(14,9): 0.01391627311706543
(14,10): -0.00414212703704834
(14,15): 0.009172472953796387
(14,16): 0.003251032829284668
(14,19): 0.0010212898254394532
(14,20): -0.01510263442993164
(14,21): -0.020682682991027834
(14,32): 0.015259361267089844
(14,34): 0.020839319229125977
(15,2): -0.023486247062683107
(15,5): 0.07062142372131347
(15,9): -0.0025951290130615235
(15,10): -0.018209333419799804
(15,14): -0.005468196868896484
(15,19): 0.011257791519165039
(15,20): -0.0079233980178833
(15,21): -0.0010911655426025391
(15,33): 0.047487735748291016
(15,40): 0.011615657806396484
(16,10): -0.00804105281829834
(16,11): -0.012495360374450683
(16,14): 0.0015064525604248048
(16,17): -0.014245100021362304
(16,20): -0.011311545372009277
(16,21): -0.02322545528411865
(16,34): 0.01644139289855957
(16,36): 0.009857144355773926
(17,11): -0.016941170692443847
(17,12): 0.003207230567932129
(17,16): -0.0015555524826049805
(17,20): -0.007763967514038086
(17,22): -0.004821114540100098
(17,23): 0.011482882499694824
(17,25): 0.007401256561279297
(17,26): 0.022396883964538573
(17,40): -0.010778579711914062
(18,0): -0.038964858055114744
(18,3): -0.04476688861846924
(18,5): 0.03459423065185547
(18,7): -0.06306779861450196
(18,8): -0.0023568105697631837
(18,13): 0.05858235359191895
(18,31): 0.04897192001342773
(18,33): 0.059569907188415525
(18,36): 0.030883703231811523
(18,41): 0.02177320957183838
(19,2): -0.008744902610778808
(19,5): 0.05263336658477783
(19,9): 0.009211149215698242
(19,10): 0.005445723533630371
(19,14): -0.010261402130126954
(19,15): 0.0054827880859375
(19,21): -0.022882962226867677
(20,9): 0.004641275405883789
(20,10): -0.000597686767578125
(20,11): -0.03339236259460449
(20,14): -0.009960131645202637
(20,15): -0.005624337196350098
(20,16): -0.003383002281188965
(20,17): -0.019023370742797852
(20,21): -0.001168212890625
(20,29): 0.014680743217468262
(20,30): 0.030507969856262206
(20,32): 0.018114027976989747
(20,37): 0.04223915100097656
(21,9): 0.020050477981567384
(21,10): -0.0015092039108276368
(21,14): 0.002397336959838867
(21,15): 0.00311370849609375
(21,16): -0.003117117881774902
(21,19): 0.002576899528503418
(21,20): -0.008056545257568359
(22,11): -0.009212698936462402
(22,12): 0.02429149627685547
(22,17): -0.008987293243408204
(22,23): 0.0056970930099487305
(22,24): 0.010538477897644043
(22,25): -0.004097518920898438
(22,26): 0.009104757308959962
(22,30): 0.013988909721374511
(22,38): -0.0015743446350097656
(23,6): -0.0023576498031616213
(23,11): -0.018596997261047365
(23,12): 0.008347644805908203
(23,17): -0.020464062690734863
(23,22): -0.004662375450134277
(23,24): 0.007273359298706055
(23,25): -0.006230731010437012
(23,26): 0.014247136116027832
(23,38): 0.0020394659042358397
(23,39): -0.018125948905944825
(24,6): -0.02529223918914795
(24,12): -0.006510806083679199
(24,22): -0.01554738998413086
(24,23): 0.009156618118286133
(24,25): -0.0011013221740722656
(24,26): 0.008912267684936524
(25,6): 0.010723252296447754
(25,11): -0.008280129432678222
(25,12): 0.009033164978027343
(25,17): -0.01070291519165039
(25,22): -0.005995702743530273
(25,23): -0.004098935127258301
(25,24): 0.005176792144775391
(25,26): 0.021561264991760254
(25,32): -0.0047506380081176755
(25,38): 0.0032903242111206057
(25,40): 0.018988690376281737
(26,6): -0.013523530960083009
(26,12): 0.008074932098388672
(26,17): -0.018085951805114745
(26,22): -0.009285178184509277
(26,23): -0.004046521186828613
(26,24): -0.008686838150024414
(26,25): 0.012618908882141113
(26,40): -0.00591850757598877
(27,0): -0.004916930198669433
(27,1): 0.012863759994506835
(27,5): 0.015580663681030274
(27,35): 0.0076771068572998044
(28,35): -0.017680492401123047
(29,10): -0.015256857872009278
(29,11): -0.022684316635131836
(29,20): -0.04177235603332519
(30,11): -0.015558018684387206
(30,20): -0.013494935035705567
(30,22): -0.005327258110046387
(30,41): -0.015296988487243653
(31,13): 0.04053544998168945
(31,18): 0.06398857593536376
(32,11): -0.007493515014648438
(32,13): 0.07975641727447509
(32,14): -0.002303028106689453
(32,20): -0.003115973472595215
(32,25): 0.006434540748596191
(33,15): -0.0047172164916992184
(33,18): 0.0649794864654541
(33,36): -0.011883916854858399
(34,14): -0.021458125114440917
(34,16): -0.031088032722473145
(34,37): -0.023827667236328124
(34,38): -0.021669812202453613
(35,9): -0.012215914726257325
(35,27): -0.15164130687713623
(35,28): -0.09616991043090821
(36,10): 0.0015320968627929687
(36,13): 0.11333237171173095
(36,16): -0.017064137458801268
(36,18): 0.0733065938949585
(36,33): 0.037922520637512204
(37,9): 0.02030477046966553
(37,20): -0.027215561866760253
(37,34): -0.0017371034622192382
(37,38): -0.023568711280822753
(38,11): 0.0010161781311035156
(38,22): -0.01074289321899414
(38,23): 0.02806220531463623
(38,25): 0.02380715847015381
(38,34): 0.018147287368774415
(38,37): 0.0038443708419799803
(39,23): -0.014234609603881836
(40,15): -0.0017313241958618164
(40,17): -0.031796507835388184
(40,25): 0.009825372695922851
(40,26): 0.004746031761169433
(41,9): 0.013320159912109376
(41,10): -0.01456777572631836
(41,13): 0.08865412712097168
(41,18): 0.07260598659515381
(41,30): -0.0012929153442382813
