Interaction name: 5ni5

Affinity: 8.050000190734863
Predicted value: 7.500605583190918

Shapley values for edges: 

(0,1): -0.01967827320098877
(0,6): -0.028384528160095214
(0,7): -0.0014602851867675782
(0,20): 0.005112700462341309
(0,23): -0.0018146562576293946
(0,24): -0.011287307739257813
(0,32): -0.031755475997924804
(0,33): 0.026452908515930174
(1,0): -0.015568814277648925
(1,6): -0.03882203578948975
(1,7): 0.0034015512466430663
(1,20): 0.00443880558013916
(1,23): -0.01181595802307129
(1,24): -0.012860231399536133
(1,33): 0.014516162872314452
(2,5): -0.025516610145568847
(2,8): -0.01010765552520752
(2,9): -0.018538689613342284
(2,16): 0.0055098867416381835
(2,21): -0.010940828323364259
(2,22): -0.04154177188873291
(2,32): 0.014784460067749023
(3,5): -0.016913995742797852
(3,11): 0.029728794097900392
(3,15): 0.0374030351638794
(3,16): 0.01110936164855957
(3,29): 0.012610626220703126
(3,31): 0.01377145767211914
(4,10): 0.029638214111328123
(4,16): 0.014374380111694335
(4,17): 0.030740437507629396
(4,18): 0.0264811372756958
(4,26): 0.037651896476745605
(4,31): 0.024032645225524903
(5,2): 0.003043093681335449
(5,3): -0.006993851661682129
(5,8): -0.011764373779296875
(5,9): 0.0007758903503417969
(5,16): 0.014249973297119141
(5,22): -0.008541522026062011
(5,31): 0.03751239776611328
(5,34): 0.07951276302337647
(6,0): -0.0034105730056762694
(6,1): -0.014565696716308594
(6,7): -0.002019453048706055
(6,20): 0.0037760114669799804
(6,23): 0.01236806869506836
(6,24): -0.00971756935119629
(6,37): 0.030478329658508302
(7,0): -0.005789356231689453
(7,1): 0.011612539291381835
(7,6): -0.0027402210235595702
(7,8): 0.007546892166137695
(7,9): 0.005378565788269043
(7,20): 0.01792724609375
(7,21): 0.0040452337265014645
(7,22): 0.008852725028991698
(7,23): 0.004567809104919433
(7,24): -0.012951211929321289
(7,35): 0.00851637363433838
(7,38): 0.05536163330078125
(7,39): 0.03606697559356689
(7,52): 0.0034695196151733397
(8,2): -0.009125561714172363
(8,5): -0.008484830856323242
(8,7): 0.0035950565338134766
(8,9): -0.003629322052001953
(8,21): -0.00632542610168457
(8,22): 0.011181464195251465
(8,23): -0.005909976959228516
(8,24): -0.002574448585510254
(8,49): -0.006652388572692871
(8,58): 0.002318706512451172
(9,2): -0.009047942161560059
(9,5): -0.010063600540161134
(9,7): 0.005287294387817383
(9,8): 0.002908082008361816
(9,21): 0.007894196510314942
(9,22): -0.003159513473510742
(9,23): 0.0004167318344116211
(9,40): 0.013554668426513672
(9,44): -0.004590096473693847
(10,4): -0.005897417068481446
(10,11): -0.00710322380065918
(10,15): -0.009247026443481444
(10,16): 0.0020121192932128907
(10,17): 0.003972492218017578
(10,25): 0.001266469955444336
(10,26): -0.004043998718261718
(10,27): -0.009066972732543945
(10,28): 0.006829843521118164
(10,29): -0.0019704103469848633
(10,31): -0.006847410202026367
(10,41): 0.001559438705444336
(10,52): -0.005511012077331543
(10,56): 0.01229041576385498
(10,58): 0.005655550956726074
(10,59): -0.0031577491760253905
(11,3): -0.02000176429748535
(11,10): -0.015063824653625489
(11,12): -0.00511932373046875
(11,13): 0.005332999229431153
(11,14): -0.009912981986999511
(11,15): -0.008773221969604492
(11,16): -0.016021628379821778
(11,17): -0.00490725040435791
(11,19): -0.01739616870880127
(11,26): -0.013051567077636718
(11,29): -0.02231168270111084
(11,30): -0.016741180419921876
(11,31): 0.0014568376541137695
(11,35): -0.00501765251159668
(11,41): 0.0019963979721069336
(11,42): 0.024094982147216795
(11,44): -0.023110370635986328
(11,56): 0.004058980941772461
(12,11): -0.01897648811340332
(12,13): 0.007088022232055664
(12,14): -0.008176040649414063
(12,15): -0.005081596374511718
(12,26): 0.007469038963317871
(12,29): -0.010751461982727051
(12,30): -0.013449101448059083
(12,31): -0.009439883232116699
(12,43): 0.03770328521728516
(13,11): -0.010007410049438477
(13,12): -0.0024599123001098635
(13,14): -0.01677462100982666
(13,15): -0.01251563549041748
(13,19): -0.01080878734588623
(13,29): -0.015062880516052247
(13,43): 0.022197179794311524
(13,57): -0.006989450454711914
(13,59): -0.004225854873657227
(14,11): -0.016038589477539063
(14,12): -0.010656623840332032
(14,13): 0.006928467750549316
(14,15): -0.0015532398223876954
(14,19): 0.0045305538177490235
(14,29): -0.009665603637695313
(14,30): -0.009954352378845215
(14,31): -0.011082768440246582
(15,3): -0.00804518699645996
(15,10): 0.0050348186492919925
(15,11): -0.016818900108337403
(15,12): -0.0018502330780029296
(15,13): 0.0021296262741088865
(15,14): -0.002924466133117676
(15,19): -0.003611412048339844
(15,29): -0.005097284317016602
(15,30): -0.0035284614562988282
(15,31): -0.007311453819274902
(15,38): 0.0687734079360962
(15,49): -0.010487093925476074
(15,52): -0.02018974781036377
(15,58): 0.009568738937377929
(16,2): 0.006923294067382813
(16,3): -0.0025672674179077148
(16,4): -0.004395184516906739
(16,5): -0.005204129219055176
(16,10): 0.010734767913818359
(16,11): -0.0019439792633056641
(16,17): 0.010440640449523926
(16,31): -0.006463899612426758
(16,41): 0.0120416259765625
(16,44): 0.009239826202392578
(16,55): 0.016017565727233885
(16,57): 0.01531242847442627
(17,4): -0.0032065773010253908
(17,10): 0.008377003669738769
(17,11): -0.01060685634613037
(17,16): -0.002900543212890625
(17,18): -0.0022324705123901367
(17,25): 0.009551329612731934
(17,26): -0.004315252304077148
(17,27): 0.011192374229431153
(17,28): 0.00445500373840332
(17,29): -0.007582273483276367
(17,31): -0.011218209266662598
(17,43): 0.01690617561340332
(17,47): -0.013791122436523438
(18,4): -0.010755419731140137
(18,17): -0.008094544410705567
(18,26): -0.005026950836181641
(18,27): -0.007838706970214843
(18,28): -0.009120683670043945
(18,29): 0.003969645500183106
(18,35): 0.019556970596313478
(18,45): 0.016424665451049803
(18,46): 0.00788449764251709
(18,47): 0.017074904441833495
(18,51): 0.0046099042892456055
(19,11): -0.02570716857910156
(19,13): -0.005008773803710937
(19,14): -0.001181635856628418
(19,15): -0.02208383083343506
(19,30): -0.00880408763885498
(19,48): 0.010188188552856445
(19,49): -0.0031070327758789063
(19,57): -0.0034775876998901366
(19,58): 0.004680337905883789
(19,59): 0.0060451459884643555
(20,0): -0.004690961837768555
(20,1): 0.01334902286529541
(20,6): -0.0028325939178466797
(20,7): -0.0077530574798583985
(20,23): 0.005200333595275879
(20,24): -0.011672224998474121
(20,35): 0.00923818588256836
(20,36): 0.009390087127685546
(20,50): -0.0056156301498413086
(20,52): -0.002861371040344238
(20,56): 0.00219083309173584
(21,2): -0.00904688835144043
(21,7): 0.003439650535583496
(21,8): 0.007308139801025391
(21,9): -0.00028026580810546875
(21,22): 0.0024793672561645506
(21,23): 0.007515187263488769
(21,24): 0.0006888294219970703
(21,44): -0.0018677854537963868
(21,55): 0.003854861259460449
(21,56): 0.004370694160461426
(22,2): -0.014574761390686036
(22,5): -0.009284429550170899
(22,7): 0.013361663818359374
(22,8): -0.0051555347442626956
(22,9): 0.008813409805297852
(22,21): 0.007084193229675293
(22,23): 0.001981706619262695
(22,24): -0.014770498275756836
(22,36): -0.0018026399612426757
(22,52): -0.014580864906311036
(23,0): 0.004944696426391602
(23,1): 0.0026795101165771485
(23,6): 0.004607787132263183
(23,7): 0.005833578109741211
(23,8): 0.01567220687866211
(23,9): 0.008921146392822266
(23,20): 0.014399156570434571
(23,21): -0.003910732269287109
(23,22): 0.019460725784301757
(23,24): 0.01028583526611328
(23,36): -0.005207028388977051
(23,52): -0.0107344388961792
(23,55): 0.0016622161865234375
(24,0): 0.001794419288635254
(24,1): 0.004784083366394043
(24,6): 0.004238982200622559
(24,7): 0.002418007850646973
(24,8): 0.011369566917419433
(24,20): 0.017891502380371092
(24,21): 0.0023809289932250977
(24,22): 0.008077492713928222
(24,23): 0.00841836929321289
(24,55): 0.0015442276000976563
(25,10): -0.0019979238510131835
(25,17): -0.010155916213989258
(25,26): -0.007518725395202637
(25,27): -0.010702619552612305
(25,28): -0.009984769821166993
(25,49): -0.011307601928710937
(25,51): -0.01083540439605713
(25,54): -0.01301177978515625
(26,4): -0.007356400489807129
(26,10): -0.00044891357421875
(26,11): 0.0017944717407226563
(26,12): 0.0005156087875366211
(26,17): -0.002244706153869629
(26,18): -0.01032041072845459
(26,25): -0.0011258840560913086
(26,27): -0.0008267831802368165
(26,28): -0.0013086748123168944
(26,29): 0.00254582405090332
(26,46): -0.015187134742736816
(26,51): -0.004780144691467285
(26,58): 0.0033054161071777344
(27,10): -0.0032572364807128907
(27,17): 0.0013238048553466796
(27,18): 0.006781044006347656
(27,25): -0.0030952930450439454
(27,26): -0.0011620378494262694
(27,28): -0.003946795463562012
(27,45): -0.013022708892822265
(27,51): -0.010728740692138672
(28,10): -0.005953154563903809
(28,17): -0.000252690315246582
(28,18): -0.0032965230941772463
(28,25): -0.00949615478515625
(28,26): -0.006804342269897461
(28,27): -0.004856181144714355
(28,41): -0.005614938735961914
(28,52): -0.0025813913345336913
(28,53): -0.007896404266357421
(28,54): 0.0018990707397460937
(28,56): -0.006126561164855957
(29,3): -0.020534052848815917
(29,10): 0.0023601245880126953
(29,11): -0.01765418529510498
(29,12): -0.003655080795288086
(29,13): 0.0072322416305541995
(29,14): 0.0013973522186279297
(29,15): -0.008579139709472655
(29,17): -0.0008175134658813477
(29,18): -0.0007310819625854492
(29,26): -0.001540665626525879
(29,30): -0.009258837699890136
(29,31): -0.0061806154251098635
(29,47): -0.004061927795410156
(30,11): -0.04344806671142578
(30,12): -0.0014419984817504884
(30,14): -0.01570579528808594
(30,15): -0.014516639709472656
(30,19): 0.014287552833557128
(30,29): -0.01030378818511963
(31,3): 0.04215742588043213
(31,4): 0.04785273551940918
(31,5): 0.01751494884490967
(31,10): -0.01699613094329834
(31,11): -0.007658090591430664
(31,12): 0.007750430107116699
(31,14): 0.0032172441482543946
(31,15): -0.0053591299057006835
(31,16): 0.04905807018280029
(31,17): -0.001346454620361328
(31,29): -0.0031167221069335936
(32,0): -0.022697558403015138
(32,2): -0.024987664222717285
(33,0): -0.03143399715423584
(33,1): -0.036045899391174314
(33,37): -0.05271793365478516
(33,38): -0.039838619232177734
(33,39): -0.053212032318115235
(34,5): -0.0078171968460083
(34,40): -0.0071694087982177735
(35,7): 0.02521270751953125
(35,11): -0.027322711944580077
(35,18): 0.022358770370483397
(35,20): 0.018850641250610353
(36,20): 0.019990639686584474
(36,22): 0.005276980400085449
(36,23): 0.017812256813049317
(36,41): -0.010200672149658203
(36,57): -0.012838649749755859
(37,6): -0.025170364379882813
(37,33): -0.006979155540466309
(37,38): -0.018188848495483398
(38,7): 0.00817798137664795
(38,15): -0.02955496311187744
(38,33): 0.022059717178344727
(38,37): 0.005381121635437012
(39,7): 0.004131193161010742
(39,33): -0.02002848148345947
(39,55): -0.0379772424697876
(40,9): -0.007949762344360352
(40,34): -0.10048177242279052
(41,10): -0.003940763473510742
(41,11): -0.01937429904937744
(41,16): -0.003126769065856934
(41,28): 0.0037351179122924803
(41,36): -0.013869853019714355
(41,57): -0.023329753875732422
(42,11): -0.05264011859893799
(42,58): -0.034665007591247556
(43,12): -0.02723250389099121
(43,13): -0.014392204284667968
(43,17): -0.013319997787475587
(43,48): -0.03766613006591797
(44,9): -0.007284612655639649
(44,11): -0.04044730186462402
(44,16): 0.002878403663635254
(44,21): -0.008392405509948731
(45,18): 0.010734705924987794
(45,27): -0.030031523704528808
(45,56): -0.024622421264648437
(46,18): 0.0010861635208129882
(46,26): -0.025854625701904298
(47,17): -0.0178467321395874
(47,18): -0.0032331275939941405
(47,29): -0.026236891746520996
(48,19): -0.016881937980651854
(48,43): -0.02364542007446289
(49,8): -0.004598822593688965
(49,15): -0.026605968475341798
(49,19): -0.005612573623657227
(49,25): -0.004349961280822754
(50,20): -0.019785232543945312
(51,18): 0.01411299705505371
(51,25): 0.00023566246032714845
(51,26): -0.009250459671020507
(51,27): -0.01012603759765625
(51,59): -0.011669859886169434
(52,7): 0.016489367485046386
(52,10): -0.004378814697265625
(52,15): -0.0066014909744262695
(52,20): 0.021066470146179198
(52,22): 0.009708375930786132
(52,23): 0.01445770263671875
(52,28): 0.01258441925048828
(53,28): -0.03726212024688721
(53,56): -0.04303314208984375
(54,25): -0.03238748073577881
(54,28): -0.04066330432891846
(55,16): -0.008524503707885742
(55,21): -0.009899907112121582
(55,23): 0.011329436302185058
(55,24): 0.0021363258361816405
(55,39): 0.009672842025756835
(56,10): -0.014384031295776367
(56,11): -0.02507486820220947
(56,20): 0.0031183910369873046
(56,21): -0.004091205596923828
(56,28): 0.00018035411834716798
(56,45): -0.016860117912292482
(56,53): -0.018589797019958495
(57,13): -0.013411283493041992
(57,16): -0.01895176887512207
(57,19): 0.006559491157531738
(57,36): -0.028073854446411133
(57,41): -0.006399760246276856
(58,8): 0.0027361011505126955
(58,10): -0.00493896484375
(58,15): -0.020332388877868653
(58,19): -0.005482907295227051
(58,26): -0.012391252517700195
(58,42): -0.02145519256591797
(59,10): -0.009475994110107421
(59,13): -0.009780058860778809
(59,19): -0.010556769371032716
(59,51): -0.007296829223632812
