Interaction name: 1o0f

Affinity: 5.300000190734863
Predicted value: 5.986778259277344

Attributions for edges: 

(0,1): 2.5352358760540047e-22
(0,2): 3.230725942355609e-22
(0,8): 3.203382382549966e-23
(0,15): 2.7184187550824257e-36
(0,16): 6.75032450486537e-32
(0,20): 2.619075003318935e-24
(0,23): 1.118792487846934e-25
(0,25): 5.367813293958846e-21
(0,26): 6.5188597540301756e-21
(0,28): 5.79259363635213e-23
(0,31): 6.5188597540301756e-21
(1,0): 2.4948550329488273e-22
(1,2): 7.774741082618172e-23
(1,8): 7.708968069151379e-24
(1,9): 5.575426035161048e-22
(1,14): 4.518986728328706e-33
(1,16): 1.6244719201933647e-32
(1,22): 6.762864962599377e-28
(1,25): 1.2917691481431715e-21
(1,26): 1.5687692362879493e-21
(1,28): 1.3939875859182736e-23
(2,0): 3.164252357296107e-22
(2,1): 7.738051477460705e-23
(2,8): 9.777370040110829e-24
(2,14): 5.731481600553048e-33
(2,15): 8.297225870828377e-37
(2,25): 1.6383589355190447e-21
(2,26): 1.9896876438554084e-21
(2,28): 1.7680165177979537e-23
(2,31): 1.9896876438554084e-21
(3,4): 8.9016579158077e-22
(3,5): 1.1638063672548139e-21
(3,6): 3.780647316490163e-22
(3,18): 5.553308142427079e-22
(3,19): 3.408280735418837e-22
(3,20): 1.9103245007449275e-24
(3,25): 3.91520982130757e-21
(3,26): 4.7547848144550386e-21
(3,27): 4.2864398368302026e-21
(3,31): 4.7547848144550386e-21
(4,3): 8.926277444244306e-22
(4,5): 1.8632935980740605e-21
(4,6): 6.052968853261723e-22
(4,17): 1.5696193380429645e-21
(4,19): 5.456773277080139e-22
(4,20): 3.0584949822151005e-24
(4,25): 6.268432035270097e-21
(4,26): 7.61257306568749e-21
(4,27): 6.862736263788872e-21
(4,28): 6.764456387632485e-23
(4,31): 7.61257306568749e-21
(5,3): 1.1695206989473921e-21
(5,4): 1.8672641054039934e-21
(5,6): 7.930539091915405e-22
(5,17): 2.056507317971249e-21
(5,18): 1.1648989080541088e-21
(5,20): 4.007224860766392e-24
(5,25): 8.212837195143196e-21
(5,26): 9.973992768767389e-21
(5,27): 8.99155665602798e-21
(5,28): 8.86278916128565e-23
(5,31): 9.973992768767389e-21
(6,3): 3.904066813922525e-22
(6,4): 6.233305232985632e-22
(6,5): 8.14944811933198e-22
(6,7): 1.82618030519073e-22
(6,17): 6.865011414370176e-22
(6,18): 3.8886685014881005e-22
(6,19): 2.386617510736242e-22
(6,20): 1.3376875100242136e-24
(6,21): 6.3517462307242585e-27
(6,22): 1.4353296244512116e-27
(6,23): 5.714232912401764e-26
(6,25): 2.7416002732726875e-21
(6,26): 3.3294948617861352e-21
(6,27): 3.0015518781870632e-21
(6,28): 2.958555929626642e-23
(7,6): 1.8416829997001333e-22
(7,8): 1.1381909965886746e-23
(7,9): 8.231840033934628e-22
(7,12): 1.1496341208225295e-35
(7,20): 9.305811473505507e-25
(7,21): 4.4186980492625675e-27
(7,22): 9.985073352418038e-28
(7,23): 3.975171790509742e-26
(7,25): 1.90723292330293e-21
(7,27): 2.0880718515996763e-21
(7,28): 2.0581690250691045e-23
(7,31): 2.3162190081962417e-21
(8,0): 3.3698825206495337e-23
(8,1): 8.240911965899106e-24
(8,2): 1.050163822555144e-23
(8,7): 1.1622257739906769e-23
(8,9): 7.530882088709011e-23
(8,14): 6.103896761663773e-34
(8,15): 8.836424444371663e-38
(8,16): 2.194210448681514e-33
(8,20): 8.513402912882297e-26
(8,21): 4.042452804965949e-28
(8,22): 9.134824152443412e-29
(8,23): 3.63669152871363e-27
(8,25): 1.7448348619105118e-22
(8,26): 2.1189962593133966e-22
(8,27): 1.9102683338484758e-22
(8,31): 2.1189962593133966e-22
(9,1): 5.732212708053576e-22
(9,7): 8.084239488511218e-22
(9,8): 7.242932081085237e-23
(9,15): 6.146415591934183e-36
(9,21): 2.811837997282734e-26
(9,22): 6.3539999539451805e-27
(9,23): 2.5296094498931084e-25
(9,25): 1.2136767955799518e-20
(9,27): 1.3287493317927987e-20
(9,28): 1.3097155948974302e-22
(9,31): 1.4739255069682504e-20
(10,11): 0.0
(10,12): 0.0
(10,13): 0.0
(10,21): 0.0
(10,28): 0.0
(11,10): 0.0
(11,12): 4.59010625379212e-37
(11,13): 1.5637469105874423e-33
(11,24): 3.0688028304483972e-24
(11,29): 0.0
(12,7): 9.28831095804135e-36
(12,10): 0.0
(12,11): 3.928912205398995e-37
(12,21): 0.0
(12,24): 5.619522347094356e-36
(12,28): 1.5047967097624663e-36
(12,29): 0.0
(13,10): 0.0
(13,11): 1.2559500514738612e-33
(13,24): 1.7963710712698312e-32
(13,30): 0.0
(14,1): 3.979542452502773e-33
(14,2): 5.0712291988992165e-33
(14,8): 5.028327236678553e-34
(14,15): 0.0
(14,16): 0.0
(14,20): 4.111096915543466e-35
(14,23): 1.7561610453528908e-36
(15,0): 2.2650249375221854e-36
(15,2): 7.058546187522544e-37
(15,8): 6.99877845383767e-38
(15,9): 5.0617702231510025e-36
(15,14): 0.0
(15,16): 0.0
(15,22): 0.0
(16,0): 5.920621212994247e-32
(16,1): 1.4478696162192583e-32
(16,8): 1.8294472047816657e-33
(16,14): 0.0
(16,15): 0.0
(17,4): 1.576135404850737e-21
(17,5): 2.060637970375829e-21
(17,6): 6.694047459506761e-22
(17,18): 9.832735927199404e-22
(17,19): 6.034754622940021e-22
(17,20): 3.3824249357260046e-24
(18,3): 5.569516520347857e-22
(18,5): 1.1625948788527861e-21
(18,6): 3.776712352077176e-22
(18,17): 9.793580153525599e-22
(18,19): 3.4047461336924676e-22
(18,20): 1.908329077085171e-24
(19,3): 3.406772938239034e-22
(19,4): 5.43931584835647e-22
(19,6): 2.310155558221449e-22
(19,17): 5.990533478730483e-22
(19,18): 3.393322922913888e-22
(19,20): 1.167294836395446e-24
(20,0): 2.7021101077720462e-24
(20,3): 1.9923047009525318e-24
(20,4): 3.1809382248342062e-24
(20,5): 4.158771745977043e-24
(20,6): 1.3509899728613424e-24
(20,7): 9.319204359523897e-25
(20,8): 8.349375927676307e-26
(20,14): 4.894355548584612e-35
(20,17): 3.503306036537546e-24
(20,18): 1.9844391660817994e-24
(20,19): 1.2179271833437646e-24
(20,21): 3.241380119635375e-29
(20,22): 7.324676451951153e-30
(20,23): 2.9160488436080125e-28
(20,33): 1.2842839933234668e-24
(21,6): 6.0113034463148156e-27
(21,7): 4.146661985361826e-27
(21,8): 3.7151003256472632e-28
(21,9): 2.6869157099651646e-26
(21,10): 0.0
(21,12): 0.0
(21,20): 3.0374539302535937e-29
(21,22): 3.2591674086294186e-32
(21,23): 1.2975168710478133e-30
(21,33): 5.714514175210843e-27
(22,1): 6.4105772275494665e-28
(22,6): 1.3106468457815264e-27
(22,7): 9.04091412316639e-28
(22,8): 8.100047271154671e-29
(22,9): 5.8582698233057836e-27
(22,15): 0.0
(22,20): 6.622547093436636e-30
(22,21): 3.144586096783016e-32
(22,23): 2.8289698602680247e-31
(23,0): 1.0716721003448528e-25
(23,6): 5.358081935217108e-26
(23,7): 3.6960493829344244e-26
(23,8): 3.31139695368877e-27
(23,9): 2.3949222971640674e-25
(23,14): 1.9411216806715607e-36
(23,20): 2.707377223028572e-28
(23,21): 1.2855545703361054e-30
(23,22): 2.904997308396158e-31
(24,11): 3.091668555431907e-24
(24,12): 6.614144535839039e-36
(24,13): 2.25329204371659e-32
(25,0): 5.365848336107249e-21
(25,1): 1.31219663186411e-21
(25,2): 1.6721709527991084e-21
(25,3): 3.956286931980357e-21
(25,4): 6.3166799294366665e-21
(25,5): 8.258484801817765e-21
(25,6): 2.6827846217149344e-21
(25,7): 1.8506140663504876e-21
(25,8): 1.6580119471576734e-22
(25,9): 1.199138934755619e-20
(25,26): 3.374055178319595e-20
(26,0): 6.549043364555908e-21
(26,1): 1.6015361706407762e-21
(26,2): 2.040877118296013e-21
(26,3): 4.8286672296750825e-21
(26,4): 7.709509101514616e-21
(26,5): 1.0079481722881341e-20
(26,6): 3.2743391209318242e-21
(26,8): 2.023604043210451e-22
(26,25): 3.3908934736638774e-20
(26,33): 3.1126782216563423e-21
(27,3): 4.350886415394747e-21
(27,4): 6.946678940091665e-21
(27,5): 9.08215070456101e-21
(27,6): 2.950354325810789e-21
(27,7): 2.0351785385779902e-21
(27,8): 1.8233749895940192e-22
(27,9): 1.3187359227369322e-20
(27,28): 3.297174536301634e-22
(28,0): 5.531613205356053e-23
(28,1): 1.3527285828534042e-23
(28,2): 1.723822005532576e-23
(28,4): 6.511818949570025e-23
(28,5): 8.513578109028585e-23
(28,6): 2.765663029993276e-23
(28,7): 1.9077767955654257e-23
(28,9): 1.2361786124014517e-22
(28,10): 0.0
(28,12): 1.7264165684712974e-36
(28,27): 3.1356779220428295e-22
(28,32): 5.399520012808089e-37
(29,11): 0.0
(29,12): 0.0
(29,30): 0.0
(30,13): 0.0
(30,29): 0.0
(31,0): 6.549043364555908e-21
(31,2): 2.040877118296013e-21
(31,3): 4.8286672296750825e-21
(31,4): 7.709509101514616e-21
(31,5): 1.0079481722881341e-20
(31,7): 2.2586659379836258e-21
(31,8): 2.023604043210451e-22
(31,9): 1.4635492370421116e-20
(32,28): 3.5366638781737523e-37
(33,20): 1.2022831841247136e-24
(33,21): 5.70880533366969e-27
(33,26): 2.9924744999268957e-21
