Interaction name: 5jfu

Affinity: 8.069999694824219
Predicted value: 7.661484718322754

Attributions for edges: 

(0,4): 0.5026983618736267
(0,17): 0.4959920346736908
(0,21): 0.37817949056625366
(0,29): 0.4719557762145996
(0,30): 0.38854092359542847
(0,33): 0.47828689217567444
(0,39): 0.46442049741744995
(0,41): 0.5549125671386719
(0,43): 0.5079696774482727
(1,9): 0.4712134599685669
(1,11): 0.4116089940071106
(1,14): 0.4314517676830292
(1,41): 0.5092443823814392
(1,43): 0.5853438973426819
(1,44): 0.5184242129325867
(2,6): 0.5027623176574707
(2,7): 0.5197315812110901
(2,12): 0.46263816952705383
(2,13): 0.462554395198822
(2,22): 0.4659595489501953
(2,31): 0.45208504796028137
(2,32): 0.47835469245910645
(2,40): 0.4716658890247345
(2,42): 0.42863526940345764
(2,44): 0.6067447066307068
(3,10): 0.403774619102478
(3,15): 0.49272188544273376
(3,16): 0.45885151624679565
(3,29): 0.5466972589492798
(3,30): 0.4369123876094818
(3,38): 0.43698829412460327
(3,41): 0.5113067030906677
(3,43): 0.39545977115631104
(4,0): 0.5005140900611877
(4,11): 0.4604383409023285
(4,14): 0.4347560405731201
(4,27): 0.42855772376060486
(4,29): 0.4537506401538849
(4,30): 0.5152957439422607
(4,37): 0.42476752400398254
(4,39): 0.5411595106124878
(4,42): 0.44876712560653687
(5,6): 0.48476606607437134
(5,9): 0.5226543545722961
(5,11): 0.5339217782020569
(5,13): 0.4146943688392639
(5,22): 0.5269955396652222
(5,27): 0.45640116930007935
(5,32): 0.41886425018310547
(5,40): 0.48504939675331116
(5,42): 0.4743783473968506
(5,44): 0.6038433909416199
(6,2): 0.48984527587890625
(6,5): 0.4698373079299927
(6,7): 0.47592833638191223
(6,9): 0.44275790452957153
(6,12): 0.4419534206390381
(6,13): 0.4647594690322876
(6,22): 0.4941909611225128
(6,31): 0.49550533294677734
(6,32): 0.4509044289588928
(6,40): 0.5340982675552368
(6,42): 0.5006895065307617
(6,44): 0.5620974898338318
(7,2): 0.5347430109977722
(7,6): 0.41042762994766235
(7,12): 0.5204190611839294
(7,13): 0.5013463497161865
(7,22): 0.5207180380821228
(7,31): 0.44388338923454285
(7,32): 0.4772959351539612
(7,40): 0.467404842376709
(7,44): 0.43480321764945984
(8,9): 0.5396664142608643
(8,11): 0.5470417141914368
(8,14): 0.5060651898384094
(9,1): 0.4205299913883209
(9,5): 0.4917907118797302
(9,6): 0.4336584210395813
(9,8): 0.4646439254283905
(9,11): 0.5277429819107056
(9,14): 0.44747933745384216
(9,23): 0.49692848324775696
(9,27): 0.45820239186286926
(9,37): 0.4206126630306244
(9,40): 0.47767841815948486
(9,46): 0.5407404899597168
(10,3): 0.5141646862030029
(10,15): 0.5649045705795288
(10,16): 0.5713945627212524
(10,29): 0.4769783020019531
(10,30): 0.5315825939178467
(10,38): 0.40928903222084045
(10,39): 0.45174333453178406
(10,49): 0.5027305483818054
(11,1): 0.4506067633628845
(11,4): 0.44305235147476196
(11,5): 0.45952898263931274
(11,8): 0.47874924540519714
(11,9): 0.4928954839706421
(11,14): 0.4811782240867615
(11,21): 0.47496727108955383
(11,37): 0.4865574240684509
(11,58): 0.45215123891830444
(11,62): 0.5360527038574219
(11,65): 0.6482446789741516
(12,2): 0.4802912771701813
(12,6): 0.46494853496551514
(12,7): 0.46093353629112244
(12,13): 0.5071772933006287
(12,22): 0.5019088387489319
(12,23): 0.47581201791763306
(12,31): 0.4547204375267029
(12,32): 0.4967769980430603
(12,40): 0.48651498556137085
(12,58): 0.44395679235458374
(12,68): 0.4915825128555298
(13,2): 0.5222569704055786
(13,5): 0.46889737248420715
(13,6): 0.447076678276062
(13,7): 0.49421432614326477
(13,12): 0.44622865319252014
(13,22): 0.5291335582733154
(13,23): 0.5134002566337585
(13,31): 0.4129470884799957
(13,32): 0.462613970041275
(13,34): 0.4804372191429138
(13,35): 0.47701725363731384
(13,40): 0.46358972787857056
(13,57): 0.5103893876075745
(13,59): 0.5562538504600525
(14,1): 0.5716609954833984
(14,4): 0.48253729939460754
(14,8): 0.5091226696968079
(14,9): 0.4881623387336731
(14,11): 0.4606259763240814
(14,23): 0.5289627909660339
(14,25): 0.5110754370689392
(14,26): 0.4317101836204529
(14,27): 0.46198391914367676
(14,34): 0.5391442775726318
(14,36): 0.49318191409111023
(14,37): 0.40452948212623596
(14,48): 0.5504601001739502
(14,57): 0.5721595287322998
(14,58): 0.41657009720802307
(15,3): 0.5015994310379028
(15,10): 0.5649563670158386
(15,16): 0.5136303901672363
(15,38): 0.5065228939056396
(15,47): 0.5563368797302246
(15,51): 0.48970159888267517
(15,52): 0.5264883637428284
(15,65): 0.6034613847732544
(16,3): 0.41770967841148376
(16,10): 0.5375002026557922
(16,15): 0.5178130865097046
(16,29): 0.49325859546661377
(16,30): 0.509884238243103
(16,38): 0.46378251910209656
(16,39): 0.5421673059463501
(16,48): 0.47158539295196533
(16,63): 0.5631142258644104
(16,66): 0.4777529537677765
(17,0): 0.4507586658000946
(17,18): 0.46042245626449585
(17,19): 0.47554391622543335
(17,20): 0.41034096479415894
(17,21): 0.47691020369529724
(17,33): 0.4938984215259552
(17,51): 0.5982769727706909
(17,68): 0.5356956124305725
(18,17): 0.5803855061531067
(18,19): 0.5197412967681885
(18,20): 0.5394964814186096
(18,21): 0.4344981014728546
(18,33): 0.49848422408103943
(18,53): 0.5594159364700317
(18,59): 0.5095386505126953
(19,17): 0.49107667803764343
(19,18): 0.42723149061203003
(19,20): 0.41739118099212646
(19,21): 0.43835896253585815
(19,33): 0.44991183280944824
(19,54): 0.51183021068573
(19,55): 0.5549468994140625
(19,67): 0.5358664393424988
(20,17): 0.5237328410148621
(20,18): 0.4734603762626648
(20,19): 0.43808233737945557
(20,21): 0.5245587229728699
(20,33): 0.5625939965248108
(20,56): 0.5322186350822449
(20,57): 0.5017927289009094
(21,0): 0.4633418619632721
(21,11): 0.4367406964302063
(21,17): 0.47294914722442627
(21,18): 0.5347206592559814
(21,19): 0.5295836925506592
(21,20): 0.5281622409820557
(21,33): 0.48383525013923645
(21,55): 0.5863415598869324
(21,58): 0.536411702632904
(21,59): 0.5921670794487
(21,65): 0.57200688123703
(22,2): 0.5171830058097839
(22,5): 0.41219988465309143
(22,6): 0.4183075428009033
(22,7): 0.423234224319458
(22,12): 0.49009814858436584
(22,13): 0.49157318472862244
(22,31): 0.42890307307243347
(22,32): 0.4778997004032135
(22,40): 0.561532735824585
(22,50): 0.5301386713981628
(22,57): 0.4712577760219574
(22,58): 0.39245477318763733
(22,59): 0.5433903336524963
(22,60): 0.611111044883728
(22,61): 0.4361535608768463
(23,9): 0.44151243567466736
(23,12): 0.42922988533973694
(23,13): 0.4919423460960388
(23,14): 0.4974512457847595
(23,24): 0.4357582628726959
(23,25): 0.5452384352684021
(23,26): 0.5720551609992981
(23,27): 0.47096720337867737
(23,28): 0.43706345558166504
(23,34): 0.45913395285606384
(23,35): 0.46954599022865295
(23,36): 0.42933371663093567
(23,37): 0.38126716017723083
(23,58): 0.5770601630210876
(23,61): 0.42858225107192993
(23,64): 0.4724743962287903
(23,68): 0.551712155342102
(24,23): 0.5553576350212097
(24,25): 0.445563405752182
(24,26): 0.4429037272930145
(24,27): 0.46038156747817993
(24,28): 0.41664794087409973
(24,34): 0.44818371534347534
(24,35): 0.4618558883666992
(24,36): 0.4945421516895294
(24,37): 0.4267433285713196
(24,48): 0.5060369968414307
(24,62): 0.5566177368164062
(24,64): 0.4992066025733948
(24,70): 0.4572620689868927
(25,14): 0.4895906448364258
(25,23): 0.4410361349582672
(25,24): 0.47428667545318604
(25,26): 0.5100544691085815
(25,27): 0.42885079979896545
(25,28): 0.5237151980400085
(25,34): 0.46255239844322205
(25,35): 0.4848807156085968
(25,36): 0.5281113982200623
(25,37): 0.4842310845851898
(25,62): 0.5619305372238159
(25,66): 0.5885499715805054
(25,68): 0.5226538181304932
(26,14): 0.47639840841293335
(26,23): 0.49594616889953613
(26,24): 0.46836236119270325
(26,25): 0.4673703610897064
(26,27): 0.46060261130332947
(26,28): 0.4700300395488739
(26,34): 0.48540717363357544
(26,35): 0.49631011486053467
(26,36): 0.4743017554283142
(26,37): 0.4172188937664032
(26,58): 0.5246905088424683
(26,62): 0.4907422661781311
(26,69): 0.4808814823627472
(27,4): 0.5367444157600403
(27,5): 0.49238699674606323
(27,9): 0.5186209082603455
(27,14): 0.5156373977661133
(27,23): 0.48100554943084717
(27,24): 0.49263137578964233
(27,25): 0.5342268943786621
(27,26): 0.4417459964752197
(27,28): 0.5403449535369873
(27,34): 0.45424529910087585
(27,35): 0.4498288333415985
(27,36): 0.5019324421882629
(27,37): 0.5023624300956726
(27,57): 0.5759198069572449
(27,58): 0.5471047163009644
(27,59): 0.5361789464950562
(27,63): 0.5695281624794006
(27,67): 0.6462404727935791
(28,23): 0.494398295879364
(28,24): 0.5384313464164734
(28,25): 0.4167981445789337
(28,26): 0.5070041418075562
(28,27): 0.517643928527832
(28,34): 0.40442124009132385
(28,35): 0.5154721736907959
(28,36): 0.5727947950363159
(28,37): 0.5059071779251099
(28,68): 0.5805480480194092
(28,70): 0.5323345065116882
(29,0): 0.5308695435523987
(29,3): 0.47205930948257446
(29,4): 0.5123278498649597
(29,10): 0.5108805298805237
(29,16): 0.4771386981010437
(29,30): 0.4847015142440796
(29,38): 0.3945966958999634
(29,39): 0.4524865448474884
(29,57): 0.4679699242115021
(29,67): 0.5896921157836914
(30,0): 0.5765111446380615
(30,3): 0.48153823614120483
(30,4): 0.5462943911552429
(30,10): 0.4770800769329071
(30,16): 0.4043222665786743
(30,29): 0.4616095721721649
(30,38): 0.4466973841190338
(30,39): 0.43990322947502136
(30,48): 0.4748714566230774
(30,62): 0.4767967760562897
(30,64): 0.5332313776016235
(30,65): 0.5345581769943237
(31,2): 0.488339900970459
(31,6): 0.4651893973350525
(31,7): 0.5370765924453735
(31,12): 0.43354928493499756
(31,13): 0.5121010541915894
(31,22): 0.44056370854377747
(31,32): 0.4910069406032562
(31,40): 0.4886980652809143
(31,50): 0.4908026158809662
(31,58): 0.4237361550331116
(31,61): 0.48959675431251526
(32,2): 0.4987579584121704
(32,5): 0.47414085268974304
(32,6): 0.4709804356098175
(32,7): 0.4463757872581482
(32,12): 0.45426145195961
(32,13): 0.4999741315841675
(32,22): 0.4408271014690399
(32,31): 0.46126142144203186
(32,40): 0.41111236810684204
(32,56): 0.4578757584095001
(33,0): 0.46027451753616333
(33,17): 0.4445148706436157
(33,18): 0.49816325306892395
(33,19): 0.449352890253067
(33,20): 0.5364819169044495
(33,21): 0.44018420577049255
(33,55): 0.4716228246688843
(33,62): 0.5025158524513245
(33,64): 0.5019521713256836
(34,13): 0.46839532256126404
(34,14): 0.49491551518440247
(34,23): 0.45189225673675537
(34,24): 0.4505082666873932
(34,25): 0.46330931782722473
(34,26): 0.49476173520088196
(34,27): 0.5294622182846069
(34,28): 0.5216508507728577
(34,35): 0.5426979660987854
(34,36): 0.3947785198688507
(34,37): 0.4448802173137665
(34,50): 0.45687922835350037
(35,13): 0.5128623843193054
(35,23): 0.4962497651576996
(35,24): 0.5375149250030518
(35,25): 0.5338769555091858
(35,26): 0.5666911602020264
(35,27): 0.4672504961490631
(35,28): 0.434731662273407
(35,34): 0.42501094937324524
(35,36): 0.48988932371139526
(35,37): 0.4899699091911316
(35,61): 0.5622272491455078
(36,14): 0.41855570673942566
(36,23): 0.46329325437545776
(36,24): 0.4269646108150482
(36,25): 0.5099437832832336
(36,26): 0.41111066937446594
(36,27): 0.4268778860569
(36,28): 0.47682085633277893
(36,34): 0.4086047410964966
(36,35): 0.48505863547325134
(36,37): 0.4897787868976593
(36,63): 0.5151297450065613
(37,4): 0.4358983337879181
(37,9): 0.5026553869247437
(37,11): 0.4421907663345337
(37,14): 0.4511990547180176
(37,23): 0.48755067586898804
(37,24): 0.5125774145126343
(37,25): 0.47804197669029236
(37,26): 0.4603599011898041
(37,27): 0.5600247383117676
(37,28): 0.4607630968093872
(37,34): 0.40265002846717834
(37,35): 0.5566694736480713
(37,36): 0.46546489000320435
(37,50): 0.4170777499675751
(37,58): 0.49936601519584656
(38,3): 0.5178540945053101
(38,10): 0.42533445358276367
(38,15): 0.5002976059913635
(38,16): 0.42895177006721497
(38,29): 0.5221897959709167
(38,30): 0.44427138566970825
(38,39): 0.46169963479042053
(38,47): 0.5613006353378296
(38,51): 0.4762459695339203
(39,0): 0.49479901790618896
(39,4): 0.44679316878318787
(39,10): 0.46935030817985535
(39,16): 0.4402323365211487
(39,29): 0.5051111578941345
(39,30): 0.5007501840591431
(39,38): 0.4935475289821625
(39,57): 0.5213282704353333
(40,2): 0.48407894372940063
(40,5): 0.5219113230705261
(40,6): 0.5123602747917175
(40,7): 0.49734678864479065
(40,9): 0.4981057047843933
(40,12): 0.4690062999725342
(40,13): 0.4635947644710541
(40,22): 0.4442548155784607
(40,31): 0.47136619687080383
(40,32): 0.4612303078174591
(40,56): 0.5395228266716003
(40,57): 0.5160536170005798
(41,0): 0.5378966927528381
(41,1): 0.46112799644470215
(41,3): 0.4408405125141144
(42,2): 0.4593951106071472
(42,4): 0.45117273926734924
(42,5): 0.49598997831344604
(42,6): 0.45557478070259094
(42,44): 0.4959506690502167
(42,50): 0.44231879711151123
(42,58): 0.6014060974121094
(43,0): 0.49943089485168457
(43,1): 0.5231854915618896
(43,3): 0.5305079221725464
(43,47): 0.4488152265548706
(43,51): 0.3879719376564026
(44,1): 0.5425781011581421
(44,2): 0.4740189015865326
(44,5): 0.45771336555480957
(44,6): 0.5162482261657715
(44,7): 0.4702036380767822
(44,42): 0.4959581196308136
(44,50): 0.4419151246547699
(44,61): 0.493434876203537
(46,9): 0.5348244905471802
(46,58): 0.5543823838233948
(47,15): 0.5178400278091431
(47,38): 0.47125476598739624
(47,43): 0.47614142298698425
(48,14): 0.5273714065551758
(48,16): 0.5029830932617188
(48,24): 0.5277962684631348
(48,30): 0.5084071159362793
(48,66): 0.5570479035377502
(48,69): 0.4234427213668823
(49,10): 0.48606759309768677
(49,52): 0.5795548558235168
(49,64): 0.5603712201118469
(50,22): 0.5906745195388794
(50,31): 0.5393559336662292
(50,34): 0.4658593535423279
(50,37): 0.4690350890159607
(50,42): 0.49159014225006104
(50,44): 0.528443455696106
(51,15): 0.5166401267051697
(51,17): 0.566496729850769
(51,38): 0.468301385641098
(51,43): 0.5493625402450562
(52,15): 0.5162537693977356
(52,49): 0.4818648099899292
(52,64): 0.49584105610847473
(53,18): 0.47761625051498413
(54,19): 0.5091920495033264
(54,56): 0.5227806568145752
(55,19): 0.5551575422286987
(55,21): 0.5208994746208191
(55,33): 0.5533718466758728
(55,57): 0.5171627402305603
(56,20): 0.5655891299247742
(56,32): 0.5254120826721191
(56,40): 0.47753840684890747
(56,54): 0.5881457924842834
(56,57): 0.5326725840568542
(56,60): 0.5509356260299683
(57,13): 0.5215569138526917
(57,14): 0.4953494966030121
(57,20): 0.506813108921051
(57,22): 0.5528309345245361
(57,27): 0.616972804069519
(57,29): 0.5078315734863281
(57,39): 0.45290786027908325
(57,40): 0.4902065694332123
(57,55): 0.5422652959823608
(57,56): 0.5819106101989746
(58,11): 0.35521602630615234
(58,12): 0.44983020424842834
(58,14): 0.47749438881874084
(58,21): 0.5407708287239075
(58,22): 0.5876166224479675
(58,23): 0.46204712986946106
(58,26): 0.536438524723053
(58,27): 0.599079966545105
(58,31): 0.5801190733909607
(58,37): 0.43739554286003113
(58,42): 0.4726245403289795
(58,46): 0.47534772753715515
(59,13): 0.5707731246948242
(59,18): 0.49541765451431274
(59,21): 0.5216665267944336
(59,22): 0.5442312359809875
(59,27): 0.5442487597465515
(59,60): 0.5007920861244202
(60,22): 0.538905680179596
(60,56): 0.5356125235557556
(60,59): 0.5893547534942627
(61,22): 0.5245392322540283
(61,23): 0.5529580116271973
(61,31): 0.6027437448501587
(61,35): 0.5079236030578613
(61,44): 0.489190012216568
(62,11): 0.4932221472263336
(62,24): 0.5334335565567017
(62,25): 0.524689793586731
(62,26): 0.5327701568603516
(62,30): 0.532827615737915
(62,33): 0.4923616647720337
(62,63): 0.5077387690544128
(63,16): 0.5181165337562561
(63,27): 0.5405212044715881
(63,36): 0.4919242858886719
(63,62): 0.5202626585960388
(64,23): 0.4851592481136322
(64,24): 0.48692044615745544
(64,30): 0.5739501714706421
(64,33): 0.5218570232391357
(64,49): 0.5282971858978271
(64,52): 0.4583124816417694
(64,66): 0.6028629541397095
(65,11): 0.5106459259986877
(65,15): 0.5270780324935913
(65,21): 0.5968810319900513
(65,30): 0.5889835357666016
(66,16): 0.5104345083236694
(66,25): 0.5193049907684326
(66,48): 0.48213404417037964
(66,64): 0.45113733410835266
(67,19): 0.5303683280944824
(67,27): 0.4997139275074005
(67,29): 0.5152471661567688
(68,12): 0.5558825135231018
(68,17): 0.605033814907074
(68,23): 0.4429313540458679
(68,25): 0.527177631855011
(68,28): 0.5667076110839844
(69,26): 0.6149939298629761
(69,48): 0.45546072721481323
(70,24): 0.5561598539352417
(70,28): 0.5516250133514404
