Interaction name: 5j64

Affinity: 6.849999904632568
Predicted value: 7.126346111297607

Attributions for edges: 

(0,7): 3.373326579541482e-17
(0,8): 1.866477631124866e-17
(0,13): 6.423289894226387e-18
(0,14): 2.9136414681943284e-17
(0,17): 6.161496329340092e-18
(0,19): 0.0
(0,20): 1.933950919126939e-15
(1,2): 0.0
(1,7): 1.1664221055759278e-17
(1,8): 6.4724831524355284e-18
(1,12): 4.416510850683952e-18
(1,13): 2.2989603290017846e-18
(1,17): 2.2359686641994933e-18
(1,19): 0.0
(1,20): 6.614035592811523e-16
(2,1): 3.154750890308164e-32
(2,3): 2.929856486603195e-33
(2,5): 5.9561802844486055e-34
(2,6): 2.0580308860272536e-35
(2,8): 8.489702908029933e-32
(2,12): 5.87217145008358e-32
(2,13): 3.100017522345177e-32
(3,2): 0.0
(3,6): 2.662505014703845e-22
(3,9): 8.928704500405875e-20
(3,11): 2.7965283375101546e-20
(3,16): 1.641075282751776e-19
(3,19): 0.0
(4,7): 1.3978915638749037e-22
(4,8): 7.830699088702206e-23
(4,13): 2.859425775010397e-23
(4,14): 1.2172595821925896e-22
(4,17): 2.787822132820934e-23
(5,2): 0.0
(5,7): 1.5317297347411142e-18
(5,8): 8.580500107365293e-19
(5,12): 5.935041574583287e-19
(5,13): 3.1331954997101825e-19
(5,17): 3.0547599075824316e-19
(6,2): 0.0
(6,3): 1.8902840006296543e-21
(6,12): 3.7886351932743313e-20
(6,16): 8.184095092237679e-21
(6,21): 0.0
(7,0): 6.128494469877186e-17
(7,1): 1.513527439246247e-17
(7,4): 9.785456529990733e-26
(7,5): 2.471951970926238e-19
(7,8): 3.8782343167214e-17
(7,12): 2.6265480879647314e-17
(7,13): 1.3420111256430704e-17
(7,14): 6.050536998483249e-17
(7,17): 1.2932164857711186e-17
(7,25): 1.0473244534108766e-21
(8,0): 3.619272191071874e-17
(8,1): 8.949889914212459e-18
(8,2): 0.0
(8,4): 6.01316435686428e-26
(8,5): 1.5185977513783462e-19
(8,7): 4.145291562717615e-17
(8,12): 1.5595716208633987e-17
(8,13): 8.048930581283989e-18
(8,14): 3.585467304670302e-17
(8,17): 7.80465422022973e-18
(8,23): 1.659472407198245e-16
(8,27): 1.40843005137106e-23
(8,30): 2.0792671036683532e-19
(9,3): 1.8534064713865147e-19
(9,10): 3.083488924232164e-20
(9,11): 1.3674191207008578e-19
(9,13): 1.9610562215932603e-18
(9,15): 4.7884225502730336e-21
(9,16): 8.024400540218729e-19
(9,18): 3.6235629009862784e-20
(9,24): 1.5107389216359815e-20
(9,28): 1.0159810532714009e-21
(10,9): 8.322690657899359e-20
(10,11): 2.6067109048858352e-20
(10,15): 9.128202611915835e-22
(10,16): 1.5296911481214772e-19
(10,18): 6.907622928923378e-21
(10,24): 2.8799320943347598e-21
(10,25): 3.0439819925973875e-23
(11,3): 8.717613824196024e-20
(11,9): 2.0535147740010753e-19
(11,10): 1.450332926493303e-20
(11,12): 1.7472362371028967e-18
(11,13): 9.223950981173222e-19
(11,15): 2.2522645778623597e-21
(11,16): 3.7743126902149464e-19
(11,18): 1.7043720479531286e-20
(11,22): 7.121044867075177e-23
(11,24): 7.105855470252004e-21
(11,25): 7.510627296106557e-23
(11,27): 1.643645930215212e-24
(11,28): 4.778730542082616e-22
(12,1): 6.942371371202401e-18
(12,2): 0.0
(12,5): 1.2188971615063424e-19
(12,6): 4.211638152530974e-21
(12,7): 3.2241720184638805e-17
(12,8): 1.790979533128171e-17
(12,11): 4.423607336556621e-19
(12,13): 6.383376361719172e-18
(12,14): 2.7889155358388877e-17
(12,17): 6.207642667762894e-18
(12,25): 5.165620241745678e-22
(13,0): 1.815897025592351e-17
(13,1): 4.535427576315494e-18
(13,2): 0.0
(13,4): 3.3059462637973633e-26
(13,5): 8.349083535553483e-20
(13,7): 2.1351485410600495e-17
(13,8): 1.1947117652433026e-17
(13,9): 9.674290854113935e-19
(13,11): 3.0300396149762844e-19
(13,12): 8.243766357125954e-18
(13,14): 1.857464009425998e-17
(13,17): 4.236701637849625e-18
(13,24): 3.347631927627354e-20
(13,30): 1.1431580489285437e-19
(14,0): 5.5478388261555827e-17
(14,4): 8.970806036144816e-26
(14,7): 6.342286909253152e-17
(14,8): 3.513235246604211e-17
(14,12): 2.3818214097849978e-17
(14,13): 1.2200054594500716e-17
(14,17): 1.1769435120953573e-17
(15,9): 2.5946767194428958e-20
(15,10): 1.832545541793424e-21
(15,11): 8.126697320338308e-21
(15,16): 4.768974112355234e-20
(15,18): 2.153524537051852e-21
(16,3): 2.7355126520948876e-19
(16,6): 1.9215098668051393e-21
(16,9): 6.443778847806596e-19
(16,10): 4.5510381934590803e-20
(16,11): 2.0182260858468268e-19
(16,15): 7.067440847175872e-21
(16,26): 5.967139413524613e-20
(17,0): 1.957133813846595e-17
(17,1): 4.907316812781066e-18
(17,4): 3.600857290982372e-26
(17,5): 9.093838185005015e-20
(17,7): 2.3218852260883855e-17
(17,8): 1.2993135513481857e-17
(17,12): 8.969235187198237e-18
(17,13): 4.7331125757773984e-18
(17,14): 2.0200997946908666e-17
(17,22): 3.654041830742667e-22
(17,28): 2.4521139180152287e-21
(17,30): 1.2451253785197796e-19
(18,9): 9.276347832346598e-20
(18,10): 6.551616590963416e-21
(18,11): 2.905423433978493e-20
(18,15): 1.0174198345883281e-21
(18,28): 2.158697041209401e-22
(18,29): 1.694905192024658e-21
(18,30): 1.0961310378031854e-20
(19,0): 0.0
(19,1): 0.0
(19,3): 0.0
(20,0): 9.64611496486801e-16
(20,1): 2.378898649808603e-16
(20,23): 4.49434072450532e-15
(21,6): 0.0
(22,11): 8.716973082338722e-22
(22,17): 1.2188268026866614e-20
(23,8): 9.89571453094907e-17
(23,20): 1.0590796834897102e-14
(23,25): 2.383770947180519e-21
(24,9): 5.3224690945480214e-20
(24,10): 3.759106541772679e-21
(24,11): 1.667031790321035e-20
(24,13): 2.3907398953736644e-19
(25,7): 6.266666036974039e-20
(25,10): 2.0155532443561274e-22
(25,11): 8.938271159229541e-22
(25,12): 2.4281557301718813e-20
(25,23): 2.328784325987384e-19
(25,30): 3.372172867847316e-22
(26,16): 1.8631818075223308e-19
(26,30): 1.1978451725787977e-20
(27,8): 2.938403423884602e-21
(27,11): 7.481688722659429e-23
(28,9): 9.523023430767568e-21
(28,11): 2.9826848496890733e-21
(28,17): 4.1704727500213194e-20
(28,18): 7.903900584432412e-22
(29,18): 3.012770919141597e-21
(30,8): 1.4102293104662627e-18
(30,13): 5.149514675751133e-19
(30,17): 5.020602713187807e-19
(30,18): 9.515070703100982e-21
(30,25): 4.193006494883553e-23
(30,26): 1.0616287205304877e-20
