Interaction name: 5tku

Affinity: 9.800000190734863
Predicted value: 7.884300231933594

Shapley values for edges: 

(0,1): 0.016663551330566406
(0,2): 0.015548362731933593
(0,19): 0.024271183013916016
(0,29): 0.0014984512329101563
(1,0): 0.01532944679260254
(1,2): 0.021601347923278807
(1,19): 0.02689425468444824
(1,29): 0.0002310466766357422
(2,0): 0.00963179111480713
(2,1): 0.011177992820739746
(2,19): 0.014824633598327636
(2,25): 0.020143008232116698
(2,28): 0.02863056182861328
(2,29): 0.003683061599731445
(3,4): 0.02293790340423584
(3,8): 0.03087651252746582
(3,29): 0.01561387538909912
(3,30): 0.013048081398010255
(4,3): 0.002304372787475586
(4,7): 0.004539532661437988
(4,8): -0.01929023742675781
(4,9): -0.010453166961669922
(4,10): -0.004533219337463379
(4,12): -0.011962418556213378
(4,13): -0.0012610387802124024
(4,14): -0.010647993087768554
(4,17): -0.003101153373718262
(4,21): -0.005435857772827148
(4,29): 0.005362176895141601
(4,30): 0.0074187517166137695
(5,6): 0.017805776596069335
(5,11): -0.011144108772277832
(5,23): 0.010674786567687989
(6,5): 0.00517087459564209
(6,11): -0.007134590148925781
(6,15): 0.005829625129699707
(6,23): 0.005189671516418457
(7,4): 0.00045402050018310546
(7,10): -0.01454871654510498
(7,13): -0.0035556650161743166
(7,16): -0.002790365219116211
(7,17): -0.008730463981628418
(7,20): -0.0044104051589965824
(7,21): -0.012319369316101074
(7,22): -0.0036165332794189453
(8,3): 0.029740543365478517
(8,4): 0.013602948188781739
(8,9): -0.005812144279479981
(8,12): -0.021035490036010743
(8,21): -0.003956398963928223
(9,4): -0.00423342227935791
(9,8): -0.017546119689941405
(9,12): -0.021415777206420898
(9,13): -0.010913939476013183
(9,21): -0.016253180503845215
(10,4): -0.007236762046813965
(10,7): -0.014742913246154786
(10,13): -0.014444398880004882
(10,14): -0.006568675041198731
(10,16): -0.001748952865600586
(10,17): -0.005747466087341308
(10,20): -0.01007643222808838
(10,22): 0.003535890579223633
(10,31): -0.03364620685577393
(11,5): 0.02068760395050049
(11,6): 0.011483936309814454
(11,14): 0.0036834716796875
(11,15): 0.0022529649734497072
(11,20): 0.006275091171264648
(11,23): 0.004205322265625
(11,32): -0.05359121799468994
(12,4): -0.008955550193786622
(12,8): -0.05961225509643555
(12,9): -0.05414896011352539
(12,16): 0.012965559959411621
(12,17): 0.011667814254760742
(12,21): 0.019145984649658204
(12,42): -5.3467750549316404e-05
(13,4): -0.01238577365875244
(13,7): 0.00025589942932128905
(13,9): -0.03822388172149658
(13,10): 0.0027104473114013673
(13,14): 0.004179182052612304
(13,15): 0.011886963844299317
(13,20): 0.010348396301269531
(13,36): 0.002579083442687988
(14,4): -0.006301445960998535
(14,10): -0.00019127845764160156
(14,11): -0.030253582000732422
(14,13): 0.01686089038848877
(14,15): 0.011857428550720216
(14,20): 0.010898690223693847
(14,33): 0.01533106803894043
(14,34): 0.00529184341430664
(14,41): 0.008942627906799316
(14,42): 0.005126466751098633
(15,6): -0.014470777511596679
(15,11): -0.012160134315490723
(15,13): 0.011521191596984863
(15,14): 0.009882183074951171
(15,20): 0.005683813095092773
(15,36): 0.0045206832885742185
(15,39): 0.0027193355560302733
(16,7): 0.0035497474670410155
(16,10): -0.0022908782958984374
(16,12): 0.013120007514953614
(16,17): 0.010374398231506347
(16,21): 0.014293041229248047
(16,22): 0.009856171607971191
(17,4): -0.0020653915405273436
(17,7): 0.003938508033752441
(17,10): -0.005463089942932129
(17,12): 0.021053128242492676
(17,16): 0.012011346817016601
(17,21): 0.02624220848083496
(17,22): 0.006722464561462403
(17,34): 0.0025431299209594726
(17,39): 0.007215423583984375
(18,24): -0.003612394332885742
(18,25): -0.0029206609725952147
(18,26): -0.0008727359771728516
(18,27): -0.004099040031433105
(18,35): 0.013953614234924316
(19,0): -0.013328661918640137
(19,1): -0.012920522689819336
(19,2): -0.006035294532775879
(19,24): 0.012596507072448731
(19,25): 0.011287293434143066
(19,26): 0.019137258529663085
(19,27): 0.008283252716064454
(19,28): 0.010212750434875488
(19,40): 0.016560707092285156
(20,7): 0.005007586479187012
(20,10): -0.005661015510559082
(20,11): -0.02251518249511719
(20,13): 0.020167102813720705
(20,14): 0.007294435501098633
(20,15): 0.008235025405883788
(20,34): 0.005403909683227539
(20,36): 0.0033843231201171873
(20,39): 0.007904548645019532
(20,42): 0.005812168121337891
(21,4): -0.009459648132324219
(21,7): 0.005989995002746582
(21,8): -0.05032813549041748
(21,9): -0.012529754638671875
(21,12): 0.018002352714538573
(21,16): 0.010694451332092285
(21,17): 0.010777382850646973
(21,22): 0.008211836814880372
(21,34): 0.007357282638549805
(22,7): 0.0013220930099487305
(22,10): -0.026257281303405763
(22,16): 0.011693158149719239
(22,17): 0.008440794944763184
(22,21): 0.011254000663757324
(22,36): 0.0019523477554321289
(22,39): -0.0007664775848388672
(23,5): -0.041499052047729496
(23,6): -0.01673161029815674
(23,11): -0.03648488998413086
(23,33): 0.0060320615768432615
(23,34): 0.009261245727539063
(23,37): 0.023006720542907713
(23,38): 0.019051156044006347
(24,18): 0.005117373466491699
(24,19): 0.00024533748626708984
(24,25): 0.00044647693634033205
(24,26): -0.0009557533264160156
(24,27): -0.002249250411987305
(24,28): 0.0003073930740356445
(24,40): 0.004817814826965332
(24,41): 0.0025586700439453125
(25,2): -0.007575850486755371
(25,18): 0.008852367401123046
(25,19): 0.00022644996643066405
(25,24): 0.0074866867065429684
(25,26): 0.005442638397216797
(25,27): 0.0014732074737548828
(25,28): 0.003276357650756836
(26,18): 0.0035424232482910156
(26,19): 0.00018789291381835938
(26,24): -0.0006847715377807617
(26,25): -0.0006061172485351562
(26,27): -0.002013216018676758
(26,28): 0.002000751495361328
(26,41): 0.0011203575134277343
(27,18): 0.005461978912353516
(27,19): -0.0016652297973632811
(27,24): 0.0034195232391357423
(27,25): 0.0013474225997924805
(27,26): 0.00133272647857666
(27,28): -0.00044404983520507813
(27,34): 0.01625537872314453
(27,42): 0.005883374214172363
(28,2): -0.0036014127731323242
(28,19): 0.0023330354690551756
(28,24): 0.006993503570556641
(28,25): 0.004757156372070312
(28,26): 0.0035362958908081053
(28,27): 0.004171791076660156
(29,0): 0.005521764755249023
(29,1): 0.002396683692932129
(29,2): 0.005040249824523926
(29,3): 0.002013649940490723
(29,4): 0.008325777053833007
(29,42): 0.01276979923248291
(30,3): -0.005800600051879883
(30,4): 0.013461408615112304
(30,33): -0.0039663219451904295
(31,10): 0.007045488357543945
(31,34): 0.030596303939819335
(32,11): 0.04804122924804687
(33,14): 0.005263628959655761
(33,23): 0.0046202135086059574
(33,30): -0.010475254058837891
(34,14): 0.009565491676330567
(34,17): 0.009755182266235351
(34,20): 0.01006739616394043
(34,21): 0.02319977283477783
(34,23): 0.013606610298156739
(34,27): 0.00887481689453125
(34,31): -0.11899135589599609
(35,18): -0.007461705207824707
(36,13): 0.012210593223571778
(36,15): 0.008107805252075195
(36,20): 0.008061380386352538
(36,22): 0.0034732437133789063
(37,23): 0.0012402009963989257
(38,23): 0.019226508140563967
(38,39): -0.0023261642456054686
(39,15): 0.00784998893737793
(39,17): 0.00457359790802002
(39,20): 0.008832430839538575
(39,22): 0.0100892972946167
(39,38): 0.005019001960754395
(40,19): -0.0010523748397827147
(40,24): -0.0022709178924560547
(41,14): 0.001404719352722168
(41,24): 0.00015553474426269532
(41,26): -0.001258087158203125
(41,42): 0.0032757949829101563
(42,12): 0.02765669345855713
(42,14): 0.007732114791870117
(42,20): 0.00881197452545166
(42,27): 0.005556635856628418
(42,29): -0.019240379333496094
(42,41): 0.004477095603942871
