Interaction name: 5naw

Affinity: 7.300000190734863
Predicted value: 7.269017696380615

Attributions for edges: 

(0,2): 0.47960489988327026
(0,6): 0.45716148614883423
(0,9): 0.5021358132362366
(0,16): 0.4181500971317291
(0,24): 0.4370936155319214
(0,25): 0.5226937532424927
(0,26): 0.4753592312335968
(1,5): 0.48632046580314636
(1,18): 0.5014698505401611
(1,24): 0.43773773312568665
(1,25): 0.5761758685112
(2,0): 0.5478618741035461
(2,4): 0.4778696596622467
(2,6): 0.45780009031295776
(2,8): 0.4373541474342346
(2,20): 0.5138267874717712
(2,24): 0.45311668515205383
(2,25): 0.4524103105068207
(2,26): 0.5485771298408508
(3,10): 0.5014872550964355
(3,11): 0.5200332999229431
(3,12): 0.5228986144065857
(3,13): 0.4807220697402954
(3,14): 0.5634445548057556
(3,15): 0.4991641342639923
(3,19): 0.5889639258384705
(3,23): 0.5812292098999023
(4,2): 0.6370412707328796
(4,7): 0.4035414755344391
(4,8): 0.5548937320709229
(4,20): 0.5364350080490112
(4,27): 0.5278676748275757
(5,1): 0.49190422892570496
(5,27): 0.4204835891723633
(5,28): 0.4987679123878479
(6,0): 0.5436646342277527
(6,2): 0.4758946895599365
(6,9): 0.3672736585140228
(6,10): 0.44787484407424927
(6,15): 0.5164749026298523
(6,16): 0.5648207068443298
(6,23): 0.4868882894515991
(6,29): 0.4053439795970917
(7,4): 0.4690372943878174
(7,16): 0.5565981864929199
(7,17): 0.38303327560424805
(7,30): 0.4249032735824585
(7,31): 0.455558717250824
(7,32): 0.5349975824356079
(7,36): 0.5258235931396484
(8,2): 0.40909481048583984
(8,4): 0.4697071611881256
(8,18): 0.45102885365486145
(8,20): 0.5258199572563171
(8,21): 0.5107390284538269
(8,22): 0.45894959568977356
(8,31): 0.5742315649986267
(9,0): 0.475577175617218
(9,6): 0.48244693875312805
(9,10): 0.4892648458480835
(9,15): 0.4922349452972412
(9,19): 0.4078885018825531
(9,23): 0.43450549244880676
(9,33): 0.4605250656604767
(9,35): 0.39176926016807556
(10,3): 0.3862885534763336
(10,6): 0.4752351641654968
(10,9): 0.5071744322776794
(10,15): 0.4528806209564209
(10,19): 0.5287836790084839
(10,23): 0.414612352848053
(11,3): 0.5000548362731934
(11,12): 0.5449416041374207
(11,13): 0.5940873026847839
(11,14): 0.5427843332290649
(11,15): 0.44437241554260254
(11,19): 0.4048801064491272
(11,23): 0.48424839973449707
(12,3): 0.4208237826824188
(12,11): 0.5245413780212402
(12,13): 0.5102959871292114
(12,14): 0.42327386140823364
(12,23): 0.42903923988342285
(12,37): 0.5219444036483765
(12,40): 0.40947508811950684
(13,3): 0.5047606229782104
(13,11): 0.5866973996162415
(13,12): 0.40298545360565186
(13,14): 0.5246241092681885
(13,15): 0.49669861793518066
(13,19): 0.4886148273944855
(13,23): 0.43614092469215393
(13,33): 0.5658712387084961
(14,3): 0.39189237356185913
(14,11): 0.5483699440956116
(14,12): 0.38706880807876587
(14,13): 0.5968882441520691
(14,15): 0.5568119883537292
(14,19): 0.5057894587516785
(14,23): 0.494884192943573
(14,33): 0.5298233032226562
(14,39): 0.43688273429870605
(15,3): 0.4974249303340912
(15,6): 0.45364460349082947
(15,9): 0.5292279720306396
(15,10): 0.4194158911705017
(15,11): 0.42355477809906006
(15,13): 0.4934709966182709
(15,14): 0.5454229116439819
(15,19): 0.40678635239601135
(15,23): 0.5249916315078735
(15,31): 0.4761737287044525
(15,33): 0.5420286059379578
(15,36): 0.3928987383842468
(15,40): 0.4552220404148102
(16,0): 0.4830089807510376
(16,6): 0.4212959408760071
(16,7): 0.45273298025131226
(16,17): 0.42700713872909546
(16,33): 0.5153010487556458
(16,37): 0.4841562807559967
(17,7): 0.5001927614212036
(17,16): 0.5443740487098694
(17,35): 0.49018943309783936
(18,1): 0.5991119742393494
(18,8): 0.5894925594329834
(18,20): 0.5211883783340454
(18,21): 0.381635844707489
(18,22): 0.4513031542301178
(18,31): 0.4277753531932831
(18,32): 0.46852388978004456
(18,34): 0.5223029851913452
(18,38): 0.5030900239944458
(19,3): 0.5190361142158508
(19,9): 0.5259425044059753
(19,10): 0.3611982762813568
(19,11): 0.4781663417816162
(19,13): 0.4566245675086975
(19,14): 0.4050854444503784
(19,15): 0.41228434443473816
(19,23): 0.5164878964424133
(20,2): 0.488094687461853
(20,4): 0.5328112244606018
(20,8): 0.5646845102310181
(20,18): 0.5120686292648315
(20,21): 0.3991840183734894
(20,22): 0.44341424107551575
(20,32): 0.5035650730133057
(21,8): 0.5426253080368042
(21,18): 0.45643872022628784
(21,20): 0.46988412737846375
(21,22): 0.5074881911277771
(21,38): 0.44393497705459595
(22,8): 0.4693062901496887
(22,18): 0.43226584792137146
(22,20): 0.5118749737739563
(22,21): 0.5345736145973206
(22,35): 0.4854329228401184
(22,37): 0.45379069447517395
(23,3): 0.600007951259613
(23,6): 0.3815648555755615
(23,9): 0.44996166229248047
(23,10): 0.42160817980766296
(23,11): 0.5286145210266113
(23,12): 0.5224160552024841
(23,13): 0.4832361936569214
(23,14): 0.5814103484153748
(23,15): 0.45346885919570923
(23,19): 0.5458305478096008
(24,0): 0.617307186126709
(24,1): 0.4758504033088684
(24,2): 0.5244579315185547
(25,0): 0.5884942412376404
(25,1): 0.4642605483531952
(25,2): 0.395297110080719
(25,34): 0.4901261031627655
(26,0): 0.5544504523277283
(26,2): 0.46394920349121094
(26,37): 0.4220060706138611
(27,4): 0.44287654757499695
(27,5): 0.5333390831947327
(27,32): 0.5568010807037354
(28,5): 0.4055681526660919
(28,31): 0.39062464237213135
(29,6): 0.47181233763694763
(29,36): 0.47128620743751526
(30,7): 0.5487834215164185
(30,36): 0.4600647985935211
(31,7): 0.49952301383018494
(31,8): 0.3743233382701874
(31,15): 0.5800067186355591
(31,18): 0.40337711572647095
(31,28): 0.5540055632591248
(32,7): 0.5771436095237732
(32,18): 0.5154680609703064
(32,20): 0.4769855737686157
(32,27): 0.48871663212776184
(33,9): 0.4760192334651947
(33,13): 0.5911006927490234
(33,14): 0.47333022952079773
(33,15): 0.5156493782997131
(33,16): 0.5367916822433472
(34,18): 0.5505141019821167
(34,25): 0.4616014361381531
(35,9): 0.37645673751831055
(35,17): 0.5653088688850403
(35,22): 0.5180017948150635
(36,7): 0.4971858263015747
(36,15): 0.5751212239265442
(36,29): 0.4219514727592468
(36,30): 0.505266547203064
(37,12): 0.5293428301811218
(37,16): 0.476859450340271
(37,22): 0.47818803787231445
(37,26): 0.4772627055644989
(38,18): 0.6079389452934265
(38,21): 0.44214656949043274
(39,14): 0.46207019686698914
(40,12): 0.47761091589927673
(40,15): 0.5015198588371277
