Interaction name: 5ep7

Affinity: 5.400000095367432
Predicted value: 6.027842998504639

Attributions for edges: 

(0,11): 0.0
(1,4): 0.0
(1,6): 0.5972999334335327
(1,11): 0.6519178748130798
(2,3): 0.0
(2,6): 0.0
(2,7): 0.41482165455818176
(2,9): 0.0
(3,2): 0.0
(3,5): 0.0
(3,6): 0.4879162907600403
(3,7): 0.0
(3,9): 0.0
(4,1): 0.0
(4,6): 0.0
(4,8): 0.0
(4,9): 0.6094077825546265
(4,10): 0.5131654739379883
(5,3): 0.0
(5,6): 0.0
(5,7): 0.5156156420707703
(5,9): 0.0
(6,1): 0.3439329266548157
(6,2): 0.0
(6,3): 0.432289183139801
(6,4): 0.0
(6,5): 0.0
(6,7): 0.0
(6,8): 0.0
(6,9): 0.0
(6,10): 0.0
(6,12): 0.5579929351806641
(6,13): 0.4758668839931488
(7,2): 0.43235906958580017
(7,3): 0.0
(7,5): 0.37814098596572876
(7,6): 0.0
(7,8): 0.0
(7,9): 0.0
(7,10): 0.0
(8,4): 0.0
(8,6): 0.0
(8,7): 0.0
(8,9): 0.0
(8,10): 0.0
(8,12): 0.3997723460197449
(8,13): 0.687110960483551
(9,2): 0.0
(9,3): 0.0
(9,4): 0.4795815348625183
(9,5): 0.0
(9,6): 0.0
(9,7): 0.0
(9,8): 0.0
(9,10): 0.0
(10,4): 0.5415661334991455
(10,6): 0.0
(10,7): 0.0
(10,8): 0.0
(10,9): 0.0
(11,0): 0.4104384183883667
(11,1): 0.5232781767845154
(12,6): 0.6825724244117737
(12,8): 0.6013622283935547
(13,6): 0.3718489110469818
(13,8): 0.3921552896499634
