Interaction name: 6bsl

Affinity: 9.0
Predicted value: 7.547391891479492

Shapley values for edges: 

(0,1): -0.03136603355407715
(0,12): -0.02281318187713623
(0,19): 0.007220892906188965
(0,20): -0.025099787712097168
(0,30): -0.02110280990600586
(0,37): -0.001741480827331543
(1,0): -0.06330394744873047
(1,11): -0.047263989448547365
(1,37): 0.06715849399566651
(2,12): -0.010021042823791505
(2,13): 0.0032671546936035157
(2,21): 0.0016948509216308594
(2,29): -0.04210892677307129
(2,30): -0.04165703296661377
(2,37): -0.12006874084472656
(3,4): 0.017635536193847657
(3,12): -0.021819324493408204
(3,13): 0.016134352684020997
(3,21): 0.01717766284942627
(3,37): 0.009701623916625976
(3,38): -0.02460496425628662
(3,41): 0.017705092430114745
(4,3): -0.02666651725769043
(4,13): 0.01535968780517578
(4,22): 0.008716421127319336
(4,23): 0.03521676540374756
(4,28): 0.028535847663879396
(4,38): -0.005108232498168945
(5,9): -0.02151402473449707
(5,10): 0.029598135948181153
(5,14): 0.03820207595825195
(5,18): -0.007675361633300781
(5,24): 0.025283117294311524
(5,34): 0.011160507202148437
(5,35): 0.043001837730407715
(5,36): 0.029378542900085448
(5,38): -0.05678287506103516
(5,41): 0.004827775955200195
(5,42): 0.0631527042388916
(6,7): -0.02018777370452881
(6,14): 0.04823718547821045
(6,16): -0.053024797439575194
(6,25): 0.01903320789337158
(6,38): -0.0767289638519287
(6,39): -0.0008083534240722656
(6,40): -0.012679262161254883
(6,41): -0.008874859809875488
(6,45): 0.029087700843811036
(6,46): 0.0082106351852417
(7,6): -0.027683539390563963
(7,14): 0.05626243114471435
(7,15): -0.06421291828155518
(7,25): 0.014964885711669922
(7,38): -0.07040293216705322
(7,39): -0.05344990253448487
(7,40): -0.029286394119262694
(7,41): -0.0012556076049804687
(7,45): -0.01701871871948242
(7,46): 0.01351675033569336
(8,9): -0.022727932929992676
(8,14): 0.04736911773681641
(8,18): -0.046766290664672854
(8,25): 0.017646751403808593
(8,39): 0.01465785026550293
(8,41): -0.017923946380615233
(8,42): -0.027364106178283693
(8,46): 0.008751459121704101
(9,5): -0.015455751419067383
(9,8): -0.012713122367858886
(9,14): 0.058846349716186526
(9,17): -0.06645052433013916
(9,25): 0.0003471803665161133
(9,41): -0.04567605495452881
(9,42): -0.05499827384948731
(9,46): -0.026429057121276855
(10,5): 0.02440763473510742
(10,14): 0.04377655506134033
(10,22): 0.05989802360534668
(10,24): 0.01455519199371338
(10,26): 0.003584275245666504
(10,27): 0.006961202621459961
(10,28): 0.01856003761291504
(10,34): 0.017974891662597657
(10,35): -0.0012497997283935547
(10,36): 0.03621958255767822
(10,38): -0.059822735786437986
(10,41): 0.006823205947875976
(11,1): -0.07487282752990723
(11,12): -0.043182601928710936
(11,19): 0.0016943359375
(11,20): 0.016219258308410645
(11,30): 0.003424062728881836
(12,0): -0.05251105785369873
(12,2): 0.03157028675079346
(12,3): -0.08129330158233643
(12,11): -0.03195000171661377
(12,13): -0.034324665069580075
(12,21): -0.0034686899185180664
(12,29): 0.026819095611572266
(12,30): -0.027577824592590332
(13,2): 0.03563951969146729
(13,3): -0.10635226249694824
(13,4): -0.06807142734527588
(13,12): 0.054565873146057126
(13,43): -0.02690676212310791
(14,5): 0.007850093841552734
(14,6): -0.05137513160705567
(14,7): -0.029491138458251954
(14,8): -0.025002989768981933
(14,9): 0.011824593544006348
(14,10): 0.013770909309387206
(14,15): 0.022377829551696777
(14,16): 0.015785961151123046
(14,17): 0.02793722152709961
(14,18): 0.016023545265197753
(14,24): 0.03559972763061523
(14,25): 0.020125207901000978
(14,34): 0.0319872522354126
(14,35): 0.04595041751861572
(14,36): 0.010253181457519531
(14,44): -0.023492164611816406
(15,7): -0.034242777824401854
(15,14): 0.05877618312835693
(15,16): -0.014386534690856934
(15,25): 0.0024559879302978515
(16,6): -0.014405083656311036
(16,14): 0.058524155616760255
(16,15): -0.029413185119628905
(16,25): 0.004978437423706055
(17,9): -0.056152935028076174
(17,14): 0.05001299381256104
(17,18): -0.04371537208557129
(17,25): -0.00016947269439697267
(18,5): -0.048295578956604
(18,8): -0.041815876960754395
(18,14): 0.03297491073608398
(18,17): -0.04230057716369629
(18,25): -0.004929037094116211
(19,0): -0.011304850578308106
(19,11): 0.0013651323318481445
(19,20): -0.010936403274536132
(19,29): 0.033083653450012206
(19,30): 0.056722984313964844
(19,49): 0.012077517509460449
(19,53): -0.008110270500183106
(20,0): -0.03275320529937744
(20,11): -0.04730263710021973
(20,19): 0.02132413864135742
(20,30): 0.09800504684448243
(21,2): 0.004112200736999512
(21,3): -0.06974940299987793
(21,12): 0.02256406307220459
(21,29): 0.0007933807373046875
(21,30): 0.054338903427124025
(21,31): -0.028263764381408693
(21,32): -0.0013982677459716797
(21,33): -0.008083558082580567
(22,4): -0.05523618698120117
(22,10): -0.0011156892776489258
(22,23): -0.01889172077178955
(22,24): -0.011097025871276856
(22,28): -0.025428900718688963
(22,34): 0.04028815269470215
(22,35): -0.009213271141052247
(22,36): -0.034991917610168455
(23,4): -0.05154433727264404
(23,22): -0.02570521831512451
(23,24): -0.01863052845001221
(23,28): -0.013063163757324218
(23,34): -0.00528313159942627
(23,35): -0.007714948654174805
(23,36): -0.029754724502563477
(23,49): 0.03745457649230957
(23,54): 0.01400510311126709
(24,5): -0.05084124565124512
(24,10): -0.01597048282623291
(24,14): 0.01733948230743408
(24,22): -0.013194112777709962
(24,23): -0.009608168601989747
(24,26): -0.006318249702453613
(24,28): -0.013981485366821289
(24,34): 0.02551919937133789
(24,35): -0.008150887489318848
(24,36): -0.0269730806350708
(25,6): -0.042451944351196286
(25,7): -0.023784780502319337
(25,8): -0.06378299236297608
(25,9): -0.05733642101287842
(25,14): 0.04633112907409668
(25,15): -0.06098155975341797
(25,16): -0.05997668743133545
(25,17): -0.03974020004272461
(25,18): -0.02686098575592041
(25,49): -0.011854796409606934
(25,50): -0.003283710479736328
(25,51): 0.06383422374725342
(26,10): -0.05196613788604736
(26,24): -0.010345168113708496
(26,27): -0.012914352416992188
(26,28): -0.0025107812881469726
(26,35): -0.02297872066497803
(26,49): 0.006264467239379883
(27,10): -0.04402179718017578
(27,26): -0.007447638511657715
(27,28): -0.01779191493988037
(27,35): -0.023164191246032716
(27,51): 0.007348847389221191
(28,4): -0.0076837635040283205
(28,10): -0.026988987922668458
(28,22): -0.034520740509033206
(28,23): 0.0026271772384643555
(28,24): -0.011124763488769531
(28,26): -0.014814682006835937
(28,27): -0.0009129095077514648
(28,34): 0.02977989673614502
(28,35): -0.01840867519378662
(28,36): -0.06919890403747558
(29,2): 0.02840385913848877
(29,12): 0.019058399200439453
(29,19): 0.03198741912841797
(29,21): 0.03957099914550781
(29,30): 0.040000696182250974
(29,31): 0.004437665939331054
(29,32): 0.026948719024658202
(29,53): -0.02086244583129883
(30,0): -0.008733167648315429
(30,2): 0.00011048316955566406
(30,11): 0.018320422172546386
(30,12): 0.039096040725708006
(30,19): 0.02909597396850586
(30,20): 0.04069165706634521
(30,21): 0.0445767879486084
(30,29): 0.006132364273071289
(30,31): 0.011382007598876953
(31,21): 0.05779873847961426
(31,29): 0.00512113094329834
(31,30): 0.09960301399230957
(31,32): -0.018655924797058104
(31,33): -0.04664679527282715
(31,49): -0.012198848724365234
(31,53): -0.0024091720581054686
(32,21): 0.007089419364929199
(32,29): 0.03663654327392578
(32,31): -0.031732006072998045
(32,33): -0.11768204212188721
(32,53): -0.0010272741317749023
(33,21): 0.08738889694213867
(33,31): -0.01700614929199219
(33,32): -0.01968703269958496
(33,47): 0.017912535667419432
(33,48): -0.004820284843444825
(33,50): -0.00047021865844726563
(33,52): 0.013150334358215332
(34,5): -0.04044902324676514
(34,10): -0.034498162269592285
(34,14): 0.031083450317382813
(34,22): 0.003322157859802246
(34,23): 0.0036168622970581053
(34,24): -0.02778493404388428
(34,28): 0.010640096664428712
(34,35): -0.0009420251846313476
(34,49): 0.008793926239013672
(34,50): -0.0008885478973388672
(34,55): -0.01727475643157959
(35,5): -0.032282724380493164
(35,10): -0.01506955623626709
(35,14): 0.017885923385620117
(35,22): 0.005202975273132324
(35,23): 0.011184959411621094
(35,24): -0.028454852104187012
(35,26): -0.011592974662780762
(35,27): -0.0031406593322753904
(35,28): -0.03993961811065674
(35,34): 0.009245500564575196
(35,36): -0.05180922031402588
(36,5): 0.07935659408569336
(36,10): 0.05866405487060547
(36,14): 0.08538227558135986
(36,22): 0.04073290824890137
(36,23): 0.0005511760711669922
(36,24): 0.03459764003753662
(36,28): 0.01977700710296631
(36,35): 0.025211591720581055
(37,0): 0.08566571235656738
(37,1): 0.09346726894378662
(37,2): 0.0012777948379516602
(37,3): -0.0044393157958984375
(37,43): -5.385875701904297e-05
(37,54): 0.02876274585723877
(38,3): 0.02725409507751465
(38,4): 0.12260539054870606
(38,5): -0.01248725414276123
(38,6): -0.007491664886474609
(38,7): -0.011379694938659668
(38,10): 0.04072519779205322
(39,6): -0.003731122016906738
(39,7): 0.011416740417480468
(39,8): 0.021914124488830566
(39,40): -0.014321727752685547
(39,45): -0.04241457462310791
(40,6): -0.0027434206008911132
(40,7): 0.018904471397399904
(40,39): -0.042705726623535153
(40,45): -0.024485249519348145
(41,3): -0.03444974899291992
(41,5): 0.06443782329559326
(41,6): -0.02292262077331543
(41,7): 0.000654292106628418
(41,8): 0.0190871000289917
(41,9): -0.01070082664489746
(41,10): 0.0263506555557251
(41,42): -0.026894469261169434
(41,46): -0.02861876964569092
(42,5): 0.02525150775909424
(42,8): 0.0059591388702392575
(42,9): -0.008658022880554199
(42,41): -0.04388850688934326
(42,46): -0.04257218360900879
(43,13): -0.0389111328125
(43,37): -0.10535257339477538
(44,14): 0.17103042602539062
(44,50): -0.0017994260787963868
(45,6): -0.03507834434509277
(45,7): -0.025246872901916503
(45,39): -0.04660420417785645
(45,40): -0.02885469913482666
(46,6): -0.06841819286346436
(46,7): -0.009489574432373048
(46,8): -0.037138266563415526
(46,9): -0.004150619506835937
(46,41): -0.022262649536132814
(46,42): -0.04444626331329346
(47,33): -0.022301898002624512
(48,33): -0.029553847312927248
(48,49): 0.029991111755371093
(49,19): 0.02330843925476074
(49,23): 0.03342106819152832
(49,25): 0.027763657569885254
(49,26): 0.07037450790405274
(49,31): 0.03694450378417969
(49,34): 0.017667441368103026
(49,48): 0.012421374320983886
(49,53): -0.0017598867416381836
(49,54): 0.039749755859375
(50,25): 0.034135265350341795
(50,33): 0.01632723331451416
(50,34): 0.059496560096740723
(50,44): -0.07166549682617188
(51,25): 0.03205318927764893
(51,27): 0.024520692825317384
(51,55): -0.018965754508972168
(52,33): -0.03179022789001465
(53,19): 0.038356146812438964
(53,29): 0.04167955875396728
(53,31): 0.02567671298980713
(53,32): 0.0220011043548584
(53,49): -0.005560870170593262
(53,54): -0.03773027896881104
(54,23): 0.001999220848083496
(54,37): -0.14238707065582276
(54,49): -0.02557865619659424
(54,53): -0.017750134468078615
(55,34): -0.0020190906524658204
(55,51): 0.00041837692260742186
