Interaction name: 5ndf

Affinity: 5.849999904632568
Predicted value: 6.389522552490234

Shapley values for edges: 

(0,9): -0.02216050148010254
(0,11): -0.01319478988647461
(0,13): -0.0012167835235595704
(0,14): -0.018811616897583008
(0,15): -0.01764449119567871
(0,16): -0.0002177143096923828
(1,2): 0.005167388916015625
(1,9): -0.006633634567260742
(1,10): -0.023786697387695312
(1,11): -0.006240901947021485
(1,13): -0.008642683029174805
(1,14): -0.02192808151245117
(1,15): -0.02467466354370117
(1,16): -0.0013642501831054687
(2,1): 0.004047527313232422
(2,3): 0.002191743850708008
(2,7): 0.0009869098663330077
(2,9): -0.014306411743164063
(2,10): -0.02126537322998047
(2,11): 0.0020827388763427733
(2,14): -0.039586725234985354
(2,16): 0.0005992507934570313
(3,2): 0.011277713775634766
(3,9): -0.021944923400878905
(3,10): -0.025084476470947265
(3,11): -0.002124500274658203
(3,12): -0.032334814071655275
(3,13): -0.030420026779174804
(3,15): -0.016825332641601562
(3,16): -0.005970849990844727
(4,5): 0.00861048698425293
(4,8): -0.009369096755981444
(5,4): 0.004967327117919922
(5,12): -0.027370195388793945
(6,9): -0.020162343978881836
(6,11): -0.008394222259521484
(6,13): -0.0053996086120605465
(6,14): -0.017974443435668945
(6,15): -0.00867147445678711
(6,16): -0.017671833038330077
(7,2): -0.013059520721435547
(7,9): -0.007578868865966797
(7,10): -0.01498408317565918
(7,11): -0.014750337600708008
(7,13): -0.017716722488403322
(7,14): -0.015583267211914062
(7,15): -0.024410724639892578
(7,16): -0.006935710906982422
(8,4): 0.026231365203857424
(8,12): -0.01400259017944336
(9,0): -0.016487483978271485
(9,1): -0.004308328628540039
(9,2): -0.012347078323364258
(9,3): -0.006708583831787109
(9,6): -0.023507871627807618
(9,7): -0.0009717369079589844
(9,10): 0.0018803024291992188
(9,11): 0.0017575836181640625
(9,13): 0.0050138187408447265
(9,14): 0.0011802005767822265
(9,15): 0.0024577617645263673
(9,20): -0.02292078971862793
(10,1): -0.0022766590118408203
(10,2): -0.012544460296630859
(10,3): -0.001998281478881836
(10,7): -0.002515420913696289
(10,9): 0.00040716171264648437
(10,11): 0.0006083583831787109
(10,13): 0.005818948745727539
(10,14): 0.0007867240905761719
(10,15): 0.0017494487762451172
(10,16): -0.017300519943237305
(11,0): -0.022366743087768554
(11,1): -0.010740299224853516
(11,2): -0.027087535858154297
(11,3): -0.0014081001281738281
(11,6): -0.025998764038085938
(11,7): -0.006441297531127929
(11,9): -0.0008301639556884766
(11,10): 0.0012722587585449218
(11,13): 0.0036334228515625
(11,14): -0.0030683135986328126
(11,15): 0.00036843299865722655
(11,16): -0.022018003463745116
(12,3): -0.0011106967926025391
(12,5): 0.0541417121887207
(12,8): 0.004192209243774414
(12,19): -0.008895721435546875
(13,0): -0.007487373352050781
(13,1): -0.019524002075195314
(13,3): -0.015805578231811522
(13,6): -0.005897026062011718
(13,7): -0.008991918563842773
(13,9): -0.0007745361328125
(13,10): 0.00324193000793457
(13,11): 0.0009950447082519532
(13,14): -0.00014797210693359375
(13,15): -0.0007359790802001953
(13,16): -0.021562108993530272
(14,0): -0.006109352111816406
(14,1): 0.0036302947998046874
(14,2): -0.025221891403198242
(14,6): -0.005902557373046875
(14,7): 0.0014388179779052735
(14,9): 0.004005708694458008
(14,10): 0.008107824325561524
(14,11): 0.006369199752807617
(14,13): 0.003076601028442383
(14,15): 0.007718715667724609
(14,16): -0.012777862548828125
(14,18): -0.014092178344726562
(14,19): -0.008932962417602539
(15,0): -0.0066159915924072265
(15,1): -0.006326274871826172
(15,3): -0.012851791381835937
(15,6): -0.008251161575317382
(15,7): -0.005346059799194336
(15,9): 0.005317716598510742
(15,10): 0.0039055442810058596
(15,11): 1.995086669921875e-05
(15,13): 0.002111549377441406
(15,14): 0.0025510501861572264
(15,16): -0.024713478088378905
(15,17): -0.020136127471923827
(16,0): 0.014384918212890625
(16,1): 0.007556343078613281
(16,2): 0.010601024627685546
(16,3): 0.02576399803161621
(16,6): 0.011076059341430664
(16,7): 0.0012393951416015624
(16,10): 3.838539123535156e-05
(16,11): 0.008145017623901367
(16,13): 0.0014347457885742188
(16,14): -0.005482892990112304
(16,15): 0.00014980316162109376
(17,15): 0.050224294662475584
(18,14): 0.04338517189025879
(19,12): 0.06583178520202637
(19,14): 0.030806732177734376
(20,9): 0.05743363380432129
