Interaction name: 5khd

Affinity: 5.599999904632568
Predicted value: 6.431032180786133

Attributions for edges: 

(0,1): 0.5036321878433228
(0,2): 0.5228404402732849
(0,13): 0.530957043170929
(0,25): 0.41982781887054443
(0,31): 0.3968382477760315
(0,33): 0.4683746099472046
(0,38): 0.44010061025619507
(0,39): 0.3938700556755066
(0,43): 0.48263663053512573
(1,0): 0.528228759765625
(1,2): 0.47115281224250793
(1,13): 0.4089764654636383
(1,14): 0.4937920868396759
(1,21): 0.4466109573841095
(1,24): 0.4809012711048126
(1,31): 0.5036043524742126
(1,33): 0.420396625995636
(1,37): 0.4892159402370453
(1,38): 0.46072500944137573
(1,39): 0.45784735679626465
(1,40): 0.47939807176589966
(1,43): 0.45981714129447937
(1,47): 0.37856602668762207
(2,0): 0.5018692016601562
(2,1): 0.40178728103637695
(2,3): 0.5111457109451294
(2,4): 0.44822001457214355
(2,13): 0.46989136934280396
(2,24): 0.39738520979881287
(2,25): 0.3600407540798187
(2,28): 0.5822799801826477
(2,29): 0.5692720413208008
(2,31): 0.4049864709377289
(2,33): 0.4885062575340271
(2,34): 0.42425790429115295
(2,35): 0.5349487066268921
(2,38): 0.5227895379066467
(2,39): 0.4500793218612671
(2,43): 0.5772537589073181
(2,44): 0.5173582434654236
(3,2): 0.46719709038734436
(3,4): 0.4906602203845978
(3,5): 0.47623640298843384
(3,6): 0.4595925509929657
(3,18): 0.5028093457221985
(3,28): 0.4769399166107178
(3,29): 0.5561638474464417
(3,33): 0.5748924016952515
(3,34): 0.4756534993648529
(3,35): 0.6039549708366394
(3,40): 0.5409041047096252
(3,42): 0.5267371535301208
(4,2): 0.4555158019065857
(4,3): 0.5176292657852173
(4,5): 0.5324225425720215
(4,9): 0.5037772059440613
(4,10): 0.5511726140975952
(4,11): 0.45803362131118774
(4,18): 0.5267916321754456
(4,26): 0.5201466083526611
(4,27): 0.40314698219299316
(4,28): 0.46070748567581177
(4,29): 0.4946284592151642
(4,30): 0.519591748714447
(4,33): 0.4224936366081238
(4,34): 0.4495513141155243
(4,35): 0.4708685576915741
(4,38): 0.47789430618286133
(4,40): 0.40386277437210083
(4,41): 0.4702412784099579
(4,42): 0.47839027643203735
(5,3): 0.44487521052360535
(5,4): 0.4965766668319702
(5,10): 0.4623996317386627
(5,27): 0.5107124447822571
(5,28): 0.4593546688556671
(5,29): 0.4595784842967987
(5,34): 0.39933133125305176
(5,35): 0.43632757663726807
(5,39): 0.45010003447532654
(5,40): 0.48448091745376587
(6,3): 0.5258275270462036
(6,7): 0.4801776707172394
(6,8): 0.5259409546852112
(6,19): 0.5976577997207642
(6,29): 0.48718711733818054
(6,39): 0.4308514893054962
(6,40): 0.5417022109031677
(6,41): 0.5644189715385437
(6,42): 0.44870641827583313
(7,6): 0.5611992478370667
(7,19): 0.5073057413101196
(7,39): 0.5222648978233337
(7,41): 0.5068246722221375
(7,42): 0.5037174820899963
(8,6): 0.43894267082214355
(8,19): 0.4004916548728943
(8,20): 0.41929948329925537
(8,29): 0.45804107189178467
(8,35): 0.5202620029449463
(8,39): 0.4806763529777527
(9,4): 0.4547065198421478
(9,10): 0.5284562706947327
(9,11): 0.4474286139011383
(9,27): 0.44748303294181824
(9,30): 0.4488517940044403
(9,34): 0.5029410123825073
(9,40): 0.5598471760749817
(10,4): 0.4557470679283142
(10,5): 0.489933043718338
(10,9): 0.5188882946968079
(10,11): 0.4998890459537506
(10,18): 0.43522199988365173
(10,26): 0.5342416763305664
(10,30): 0.4406021237373352
(10,34): 0.5489729046821594
(10,35): 0.4493311941623688
(10,38): 0.42355069518089294
(10,40): 0.43348824977874756
(10,41): 0.4356323182582855
(11,4): 0.5314062237739563
(11,9): 0.4524095058441162
(11,10): 0.48481082916259766
(11,12): 0.3994394540786743
(11,13): 0.4440591633319855
(11,26): 0.46854037046432495
(11,27): 0.46303558349609375
(11,30): 0.523118257522583
(11,31): 0.5462745428085327
(11,32): 0.40259623527526855
(11,34): 0.44736436009407043
(11,36): 0.4104169011116028
(11,38): 0.4777055084705353
(11,40): 0.4046495258808136
(11,41): 0.4151395857334137
(11,42): 0.41168689727783203
(12,11): 0.43130844831466675
(12,13): 0.5117799639701843
(12,14): 0.5103014707565308
(12,21): 0.4630310833454132
(12,30): 0.38011929392814636
(12,31): 0.5186769962310791
(12,32): 0.40601131319999695
(12,36): 0.5015884637832642
(12,37): 0.4866872727870941
(12,38): 0.5414140820503235
(12,44): 0.4778605103492737
(13,0): 0.5027174353599548
(13,1): 0.5223932266235352
(13,2): 0.4277938902378082
(13,11): 0.4905046224594116
(13,12): 0.48766860365867615
(13,14): 0.4674372971057892
(13,21): 0.538793683052063
(13,24): 0.4736202359199524
(13,25): 0.49372076988220215
(13,30): 0.47770050168037415
(13,31): 0.48760080337524414
(13,32): 0.41251862049102783
(13,33): 0.3807583153247833
(13,36): 0.46386003494262695
(13,37): 0.41520053148269653
(13,38): 0.46166011691093445
(13,39): 0.451343834400177
(13,43): 0.4783042073249817
(14,1): 0.4729066789150238
(14,12): 0.4365471601486206
(14,13): 0.47902294993400574
(14,25): 0.44569170475006104
(14,31): 0.5227429270744324
(14,32): 0.44840195775032043
(14,36): 0.49164918065071106
(14,37): 0.3782747983932495
(14,43): 0.5075689554214478
(14,44): 0.467695027589798
(15,16): 0.48962265253067017
(15,17): 0.43713849782943726
(15,22): 0.4676438271999359
(15,32): 0.4493216574192047
(15,38): 0.5251940488815308
(15,40): 0.43663260340690613
(15,43): 0.4634625017642975
(15,44): 0.4261760711669922
(16,15): 0.4154385030269623
(16,22): 0.46382904052734375
(16,44): 0.49857962131500244
(17,15): 0.4587107300758362
(17,22): 0.4426068961620331
(17,23): 0.5188137888908386
(17,32): 0.48401784896850586
(17,37): 0.5379320979118347
(17,38): 0.46007367968559265
(18,3): 0.4654494822025299
(18,4): 0.5049448609352112
(18,10): 0.42939749360084534
(18,27): 0.47221672534942627
(18,28): 0.5298774242401123
(18,29): 0.5078192353248596
(18,34): 0.5852346420288086
(18,35): 0.4809679388999939
(19,6): 0.4544609785079956
(19,7): 0.578763484954834
(19,8): 0.48342984914779663
(19,20): 0.5838857889175415
(20,8): 0.5607554912567139
(20,19): 0.5574608445167542
(21,1): 0.44120362401008606
(21,12): 0.5015384554862976
(21,13): 0.48836690187454224
(21,25): 0.5470962524414062
(21,31): 0.41586852073669434
(21,32): 0.45168256759643555
(21,36): 0.5161677002906799
(21,37): 0.5368874073028564
(22,15): 0.5698590874671936
(22,16): 0.44495290517807007
(22,17): 0.4785897433757782
(22,23): 0.5080707669258118
(22,45): 0.37590667605400085
(22,46): 0.5232759118080139
(23,17): 0.4979887306690216
(23,22): 0.45584484934806824
(23,46): 0.4334070086479187
(24,1): 0.4608839750289917
(24,2): 0.5200626254081726
(24,13): 0.4360784888267517
(24,25): 0.5750176906585693
(24,31): 0.41184666752815247
(24,33): 0.5208402872085571
(25,0): 0.43550607562065125
(25,2): 0.4571799337863922
(25,13): 0.5240969061851501
(25,14): 0.4339032471179962
(25,21): 0.4077985882759094
(25,24): 0.41348758339881897
(25,31): 0.4529303014278412
(25,33): 0.4497031569480896
(25,37): 0.44690218567848206
(26,4): 0.41203755140304565
(26,10): 0.48467347025871277
(26,11): 0.46975597739219666
(26,27): 0.4335082471370697
(26,30): 0.4477142095565796
(26,34): 0.491107314825058
(27,4): 0.483953058719635
(27,5): 0.547823429107666
(27,9): 0.5653585195541382
(27,11): 0.5602431297302246
(27,18): 0.5461910367012024
(27,26): 0.47030529379844666
(27,30): 0.440867155790329
(27,34): 0.5322148203849792
(27,35): 0.40022581815719604
(28,2): 0.42618274688720703
(28,3): 0.41146209836006165
(28,4): 0.4601714015007019
(28,5): 0.5003005266189575
(28,18): 0.4819573163986206
(28,29): 0.4977949857711792
(28,33): 0.5214595198631287
(28,34): 0.426084041595459
(28,35): 0.42259249091148376
(28,49): 0.448036253452301
(29,2): 0.5228849053382874
(29,3): 0.4696609079837799
(29,4): 0.49199941754341125
(29,5): 0.45205482840538025
(29,6): 0.4026440978050232
(29,8): 0.5096526741981506
(29,18): 0.4485183358192444
(29,28): 0.4206770658493042
(29,33): 0.5217095613479614
(29,34): 0.420234739780426
(29,35): 0.4716440439224243
(30,4): 0.4696115255355835
(30,9): 0.4508579969406128
(30,10): 0.5552809238433838
(30,11): 0.4739988446235657
(30,12): 0.47164180874824524
(30,13): 0.4200601577758789
(30,26): 0.5428850650787354
(30,27): 0.42946431040763855
(30,31): 0.4875011742115021
(30,32): 0.4969468414783478
(30,34): 0.4188810884952545
(30,36): 0.5212077498435974
(30,37): 0.38258272409439087
(30,49): 0.43127962946891785
(31,0): 0.46178463101387024
(31,1): 0.44720572233200073
(31,2): 0.43029525876045227
(31,11): 0.4821859300136566
(31,12): 0.481123149394989
(31,13): 0.48737919330596924
(31,14): 0.5275312066078186
(31,21): 0.4590321183204651
(31,24): 0.47576096653938293
(31,25): 0.49231860041618347
(31,30): 0.4788053333759308
(31,32): 0.508823812007904
(31,33): 0.4744955003261566
(31,36): 0.4026744067668915
(31,37): 0.4376673102378845
(32,11): 0.47483962774276733
(32,12): 0.5340216159820557
(32,13): 0.49692437052726746
(32,14): 0.5291983485221863
(32,15): 0.5319634079933167
(32,17): 0.4676436185836792
(32,21): 0.45925015211105347
(32,30): 0.4747096300125122
(32,31): 0.4133172333240509
(32,36): 0.4924705922603607
(32,37): 0.49721720814704895
(33,0): 0.4364418685436249
(33,1): 0.48590120673179626
(33,2): 0.5334639549255371
(33,3): 0.462394118309021
(33,4): 0.5184135437011719
(33,13): 0.49920761585235596
(33,24): 0.4015694856643677
(33,25): 0.4412461519241333
(33,28): 0.3893451988697052
(33,29): 0.4420351982116699
(33,31): 0.425586462020874
(33,34): 0.43960657715797424
(33,35): 0.5175271034240723
(34,2): 0.4656626880168915
(34,3): 0.4590645134449005
(34,4): 0.4558729827404022
(34,5): 0.5005079507827759
(34,9): 0.4555800259113312
(34,10): 0.5444528460502625
(34,11): 0.4561835527420044
(34,18): 0.48802220821380615
(34,26): 0.43032705783843994
(34,27): 0.42935308814048767
(34,28): 0.4687809348106384
(34,29): 0.34691232442855835
(34,30): 0.402134507894516
(34,33): 0.4524342119693756
(34,35): 0.45999154448509216
(35,2): 0.4041658341884613
(35,3): 0.4214615821838379
(35,4): 0.4725525975227356
(35,5): 0.494213730096817
(35,8): 0.4190017282962799
(35,10): 0.448205828666687
(35,18): 0.4144563376903534
(35,27): 0.47291314601898193
(35,28): 0.48434358835220337
(35,29): 0.43336471915245056
(35,33): 0.49352720379829407
(35,34): 0.4769679009914398
(36,11): 0.4864445626735687
(36,12): 0.501089334487915
(36,13): 0.46066296100616455
(36,14): 0.5263310670852661
(36,21): 0.43372610211372375
(36,30): 0.4339972138404846
(36,31): 0.5392727255821228
(36,32): 0.4279261827468872
(36,37): 0.4733031988143921
(37,1): 0.4850759208202362
(37,12): 0.45869535207748413
(37,13): 0.5717616677284241
(37,14): 0.41866400837898254
(37,17): 0.474185973405838
(37,21): 0.4990316331386566
(37,25): 0.43192291259765625
(37,30): 0.3845766484737396
(37,31): 0.4542155861854553
(37,32): 0.4847910404205322
(37,36): 0.5553685426712036
(38,0): 0.48844748735427856
(38,1): 0.4526873528957367
(38,2): 0.5100640058517456
(38,4): 0.5158759355545044
(38,10): 0.5203808546066284
(38,11): 0.5088585019111633
(38,12): 0.4344492256641388
(38,13): 0.428690105676651
(38,15): 0.4345770478248596
(38,17): 0.5283912420272827
(39,0): 0.5556896924972534
(39,1): 0.4773842692375183
(39,2): 0.5230886936187744
(39,5): 0.5215661525726318
(39,6): 0.5759431719779968
(39,7): 0.4193749725818634
(39,8): 0.42692601680755615
(39,13): 0.48828423023223877
(39,41): 0.5015327334403992
(39,47): 0.3791147768497467
(40,1): 0.33668527007102966
(40,3): 0.39320942759513855
(40,4): 0.4693765640258789
(40,5): 0.4761049747467041
(40,6): 0.5432975888252258
(40,9): 0.46697279810905457
(40,10): 0.4705592095851898
(40,11): 0.4650402069091797
(40,15): 0.5193157196044922
(40,49): 0.5246922373771667
(41,4): 0.4752518832683563
(41,6): 0.41719937324523926
(41,7): 0.35574212670326233
(41,10): 0.5454689264297485
(41,11): 0.5674669742584229
(41,39): 0.5152335166931152
(41,42): 0.4153764843940735
(41,47): 0.45031020045280457
(42,3): 0.4465821385383606
(42,4): 0.46358802914619446
(42,6): 0.37601593136787415
(42,7): 0.4291927218437195
(42,11): 0.44717416167259216
(42,41): 0.46123233437538147
(42,47): 0.47990965843200684
(43,0): 0.5665544867515564
(43,1): 0.4179585874080658
(43,2): 0.5276143550872803
(43,13): 0.4561518132686615
(43,14): 0.4429996609687805
(43,15): 0.5097593069076538
(43,44): 0.4855044484138489
(44,2): 0.4884021580219269
(44,12): 0.4898619055747986
(44,14): 0.5451344847679138
(44,15): 0.5100312232971191
(44,16): 0.48586004972457886
(44,43): 0.4818764925003052
(45,22): 0.40861836075782776
(45,46): 0.46713730692863464
(46,22): 0.4504135847091675
(46,23): 0.5264941453933716
(46,45): 0.47302380204200745
(47,1): 0.5165084600448608
(47,39): 0.5205934047698975
(47,41): 0.4845797121524811
(47,42): 0.45665037631988525
(48,49): 0.5513458847999573
(49,28): 0.509397566318512
(49,30): 0.41457125544548035
(49,40): 0.457825630903244
(49,48): 0.5236395001411438
