Interaction name: 5doh

Affinity: 7.489999771118164
Predicted value: 6.794408798217773

Attributions for edges: 

(0,7): 0.0
(0,20): 0.0
(0,21): 0.0
(0,30): 0.4271939694881439
(1,2): 0.0
(1,4): 0.0
(1,5): 0.5143603086471558
(1,9): 0.5085216164588928
(1,10): 0.43220967054367065
(1,11): 0.0
(1,23): 0.4409860670566559
(1,29): 0.0
(1,30): 0.0
(2,1): 0.0
(2,4): 0.0
(2,9): 0.0
(2,11): 0.0
(2,23): 0.5457449555397034
(2,29): 0.4758692681789398
(2,30): 0.5583299398422241
(3,7): 0.0
(3,20): 0.0
(3,21): 0.0
(4,1): 0.0
(4,2): 0.0
(4,5): 0.0
(4,10): 0.5769273042678833
(4,11): 0.44545385241508484
(4,24): 0.5377590656280518
(4,28): 0.5711954832077026
(4,31): 0.0
(5,1): 0.5579352378845215
(5,4): 0.0
(5,6): 0.0
(5,10): 0.0
(5,11): 0.0
(5,12): 0.0
(5,16): 0.5417057275772095
(5,17): 0.0
(5,18): 0.0
(5,19): 0.5306615233421326
(5,23): 0.43518179655075073
(5,24): 0.0
(5,25): 0.0
(5,26): 0.5366693735122681
(5,27): 0.0
(5,28): 0.0
(5,30): 0.4923219084739685
(5,31): 0.5028579235076904
(6,5): 0.0
(6,10): 0.0
(6,11): 0.0
(6,12): 0.0
(6,17): 0.0
(6,18): 0.0
(6,19): 0.0
(6,20): 0.0
(6,21): 0.48666733503341675
(6,22): 0.48829957842826843
(6,27): 0.0
(6,38): 0.44775158166885376
(6,41): 0.46248358488082886
(7,0): 0.0
(7,3): 0.49012070894241333
(7,19): 0.4719008207321167
(7,20): 0.0
(7,21): 0.0
(7,33): 0.4997705817222595
(7,34): 0.4967532157897949
(8,9): 0.0
(8,11): 0.4285719394683838
(8,18): 0.0
(8,19): 0.0
(8,20): 0.0
(8,21): 0.0
(8,22): 0.0
(8,23): 0.0
(8,27): 0.42135369777679443
(8,32): 0.0
(8,34): 0.5130419731140137
(8,35): 0.4954034984111786
(8,36): 0.5091724395751953
(8,43): 0.4865918457508087
(9,1): 0.4399039149284363
(9,2): 0.0
(9,8): 0.0
(9,10): 0.4952366054058075
(9,11): 0.0
(9,19): 0.5083445906639099
(9,22): 0.0
(9,23): 0.0
(9,35): 0.44418877363204956
(9,36): 0.5458924174308777
(9,37): 0.5398905277252197
(10,1): 0.4168667197227478
(10,4): 0.4816505014896393
(10,5): 0.0
(10,6): 0.0
(10,9): 0.5932585597038269
(10,11): 0.0
(10,12): 0.0
(10,17): 0.4297909438610077
(10,18): 0.0
(10,19): 0.0
(10,20): 0.4658138155937195
(10,22): 0.0
(10,23): 0.0
(10,25): 0.4570462107658386
(10,27): 0.0
(10,40): 0.4693869650363922
(10,42): 0.38842859864234924
(11,1): 0.0
(11,2): 0.0
(11,4): 0.40062204003334045
(11,5): 0.0
(11,6): 0.3642748296260834
(11,8): 0.49932998418807983
(11,9): 0.0
(11,10): 0.0
(11,12): 0.5846246480941772
(11,18): 0.0
(11,19): 0.0
(11,22): 0.0
(11,23): 0.0
(11,27): 0.0
(11,38): 0.5792855024337769
(11,44): 0.5366920232772827
(12,5): 0.0
(12,6): 0.0
(12,10): 0.0
(12,11): 0.41916725039482117
(12,13): 0.41883882880210876
(12,15): 0.4928493797779083
(12,16): 0.0
(12,17): 0.0
(12,18): 0.0
(12,24): 0.0
(12,25): 0.0
(12,26): 0.0
(12,27): 0.0
(12,28): 0.0
(13,12): 0.44494685530662537
(13,14): 0.0
(13,15): 0.0
(13,24): 0.0
(13,25): 0.0
(13,26): 0.0
(13,28): 0.0
(13,41): 0.49579542875289917
(13,44): 0.537342369556427
(14,13): 0.0
(14,15): 0.0
(14,16): 0.41956982016563416
(14,24): 0.0
(14,25): 0.0
(14,26): 0.0
(14,28): 0.0
(14,38): 0.45579439401626587
(15,12): 0.4725557863712311
(15,13): 0.0
(15,14): 0.0
(15,16): 0.0
(15,17): 0.4279114305973053
(15,24): 0.0
(15,25): 0.0
(15,26): 0.0
(15,28): 0.0
(15,40): 0.49513179063796997
(16,5): 0.46380725502967834
(16,12): 0.0
(16,14): 0.4423535168170929
(16,15): 0.0
(16,17): 0.0
(16,24): 0.5586002469062805
(16,25): 0.0
(16,26): 0.0
(16,28): 0.48543843626976013
(16,32): 0.5105775594711304
(16,39): 0.5440042614936829
(17,5): 0.0
(17,6): 0.0
(17,10): 0.42529991269111633
(17,12): 0.0
(17,15): 0.41569414734840393
(17,16): 0.0
(17,18): 0.5053721070289612
(17,24): 0.41872525215148926
(17,25): 0.0
(17,26): 0.0
(17,27): 0.5015102028846741
(17,28): 0.502738893032074
(18,5): 0.0
(18,6): 0.0
(18,8): 0.49813610315322876
(18,10): 0.0
(18,11): 0.0
(18,12): 0.0
(18,17): 0.5422095060348511
(18,19): 0.0
(18,20): 0.0
(18,21): 0.4201848804950714
(18,22): 0.0
(18,23): 0.0
(18,41): 0.4749712646007538
(19,5): 0.48526719212532043
(19,6): 0.0
(19,7): 0.4849621653556824
(19,8): 0.0
(19,9): 0.47591716051101685
(19,10): 0.0
(19,11): 0.0
(19,18): 0.0
(19,20): 0.0
(19,21): 0.0
(19,22): 0.0
(19,23): 0.0
(19,27): 0.0
(19,38): 0.4778410792350769
(19,41): 0.47305452823638916
(20,0): 0.0
(20,3): 0.46618959307670593
(20,6): 0.0
(20,7): 0.0
(20,8): 0.0
(20,10): 0.5550671815872192
(20,18): 0.0
(20,19): 0.0
(20,21): 0.0
(20,22): 0.0
(20,23): 0.48906829953193665
(20,27): 0.0
(20,37): 0.319074422121048
(21,0): 0.0
(21,3): 0.0
(21,6): 0.41149505972862244
(21,7): 0.0
(21,8): 0.0
(21,18): 0.45081737637519836
(21,19): 0.0
(21,20): 0.0
(21,22): 0.0
(21,27): 0.47382739186286926
(21,32): 0.41047587990760803
(21,37): 0.46353623270988464
(21,41): 0.5470916032791138
(22,6): 0.4128875434398651
(22,8): 0.0
(22,9): 0.0
(22,10): 0.0
(22,11): 0.0
(22,18): 0.0
(22,19): 0.0
(22,20): 0.0
(22,21): 0.0
(22,23): 0.0
(22,27): 0.0
(22,42): 0.43154871463775635
(23,1): 0.4942460060119629
(23,2): 0.5689730644226074
(23,5): 0.5305523872375488
(23,8): 0.0
(23,9): 0.0
(23,10): 0.0
(23,11): 0.0
(23,18): 0.0
(23,19): 0.0
(23,20): 0.4278776943683624
(23,22): 0.0
(23,27): 0.0
(23,42): 0.4520379304885864
(23,43): 0.4662899374961853
(24,4): 0.514105498790741
(24,5): 0.0
(24,12): 0.0
(24,13): 0.0
(24,14): 0.0
(24,15): 0.0
(24,16): 0.40161678194999695
(24,17): 0.4087655544281006
(24,25): 0.0
(24,26): 0.0
(25,5): 0.0
(25,10): 0.5224601626396179
(25,12): 0.0
(25,13): 0.0
(25,14): 0.0
(25,15): 0.0
(25,16): 0.0
(25,17): 0.0
(25,24): 0.0
(25,26): 0.0
(25,28): 0.0
(25,40): 0.4742511808872223
(26,5): 0.48636388778686523
(26,12): 0.0
(26,13): 0.0
(26,14): 0.0
(26,15): 0.0
(26,16): 0.0
(26,17): 0.0
(26,24): 0.0
(26,25): 0.0
(26,28): 0.0
(26,38): 0.5336806178092957
(26,40): 0.6014096140861511
(27,5): 0.0
(27,6): 0.0
(27,8): 0.49637871980667114
(27,10): 0.0
(27,11): 0.0
(27,12): 0.0
(27,17): 0.5264078974723816
(27,19): 0.0
(27,20): 0.0
(27,21): 0.48662346601486206
(27,22): 0.0
(27,23): 0.0
(28,4): 0.46414628624916077
(28,5): 0.0
(28,12): 0.0
(28,13): 0.0
(28,14): 0.0
(28,15): 0.0
(28,16): 0.3912876546382904
(28,17): 0.5378801226615906
(28,25): 0.0
(28,26): 0.0
(29,1): 0.0
(29,2): 0.4434314966201782
(29,30): 0.0
(30,0): 0.47960805892944336
(30,1): 0.0
(30,2): 0.4530787467956543
(30,5): 0.4867401421070099
(30,29): 0.0
(30,31): 0.4710545837879181
(31,4): 0.0
(31,5): 0.49965643882751465
(31,30): 0.4792700409889221
(32,8): 0.0
(32,16): 0.4237782657146454
(32,21): 0.5203103423118591
(32,33): 0.44369301199913025
(32,42): 0.0
(33,7): 0.49271082878112793
(33,32): 0.44722917675971985
(34,7): 0.46086588501930237
(34,8): 0.5787673592567444
(35,8): 0.47809702157974243
(35,9): 0.366622656583786
(35,43): 0.44740545749664307
(36,8): 0.4207691252231598
(36,9): 0.47442370653152466
(37,9): 0.4499935209751129
(37,20): 0.4913967251777649
(37,21): 0.47285401821136475
(37,43): 0.0
(38,6): 0.43157264590263367
(38,11): 0.44119444489479065
(38,14): 0.4205203056335449
(38,19): 0.4503535330295563
(38,26): 0.3997526466846466
(39,16): 0.5156220197677612
(39,40): 0.518563985824585
(40,10): 0.5146542191505432
(40,15): 0.4292753040790558
(40,25): 0.49428752064704895
(40,26): 0.48001396656036377
(40,39): 0.5638754963874817
(41,6): 0.4790542721748352
(41,13): 0.47391390800476074
(41,18): 0.4931742548942566
(41,19): 0.46229982376098633
(41,21): 0.5032724738121033
(42,10): 0.3923473060131073
(42,22): 0.38058024644851685
(42,23): 0.48618778586387634
(42,32): 0.0
(43,8): 0.5414847135543823
(43,23): 0.48120012879371643
(43,35): 0.49510443210601807
(43,37): 0.0
(44,11): 0.6066209077835083
(44,13): 0.49547818303108215
