Interaction name: 5j64

Affinity: 6.849999904632568
Predicted value: 7.126346111297607

Shapley values for edges: 

(0,7): -0.032139344215393065
(0,8): -0.0017868375778198242
(0,13): -0.0061402273178100585
(0,14): -0.00979637622833252
(0,17): -0.020751023292541505
(0,19): 0.03115065097808838
(0,20): -0.05357825756072998
(1,2): 0.05092141151428223
(1,7): -0.02950577735900879
(1,8): 0.028170080184936525
(1,12): -0.009572663307189942
(1,13): -0.006268877983093262
(1,17): -0.019163179397583007
(1,19): 0.00532163143157959
(1,20): -0.012020630836486816
(2,1): 0.010715384483337403
(2,3): 0.02473698616027832
(2,5): -0.020079588890075682
(2,6): 0.03410822868347168
(2,8): 0.0496982479095459
(2,12): -0.033204240798950194
(2,13): 0.014180221557617188
(3,2): 0.026766567230224608
(3,6): -0.05210363388061524
(3,9): 0.007807908058166504
(3,11): 0.012566022872924805
(3,16): -0.07654244422912598
(3,19): 0.010624275207519532
(4,7): 0.0007553911209106446
(4,8): -0.009193639755249023
(4,13): -0.02004995822906494
(4,14): -0.03779277324676514
(4,17): -0.020163254737854006
(5,2): -0.03003164768218994
(5,7): -0.04527209758758545
(5,8): -0.03883219718933106
(5,12): 0.00217376708984375
(5,13): -0.023913445472717284
(5,17): 0.007598195075988769
(6,2): 0.03804420948028565
(6,3): -0.02634601593017578
(6,12): -0.01370901107788086
(6,16): 0.017694334983825683
(6,21): 0.13163907051086426
(7,0): 0.00254453182220459
(7,1): 0.018934106826782225
(7,4): -0.020103254318237306
(7,5): -0.03196029186248779
(7,8): -0.03191826343536377
(7,12): 0.011281356811523438
(7,13): 0.003440113067626953
(7,14): 0.0440864896774292
(7,17): -0.012895774841308594
(7,25): -0.014844651222229005
(8,0): -0.021132817268371584
(8,1): 0.006855535507202149
(8,2): -0.035616822242736816
(8,4): -0.01613142490386963
(8,5): -0.009936718940734864
(8,7): 0.009706034660339355
(8,12): 0.029439697265625
(8,13): -0.005897812843322754
(8,14): 0.0028005456924438477
(8,17): 0.0009051322937011719
(8,23): -0.03898913383483887
(8,27): 0.028390798568725586
(8,30): -0.0012844657897949218
(9,3): 0.05123374938964844
(9,10): -0.0032880449295043944
(9,11): -0.013455815315246582
(9,13): 0.007989206314086915
(9,15): -0.00789130687713623
(9,16): 0.020844774246215822
(9,18): -0.012879905700683593
(9,24): -0.007904353141784668
(9,28): 0.01735915184020996
(10,9): -0.008485913276672363
(10,11): -0.0028143978118896486
(10,15): -0.006721615791320801
(10,16): -0.02334944725036621
(10,18): -0.012719268798828126
(10,24): -0.004897217750549316
(10,25): 0.01153841495513916
(11,3): 0.03058259963989258
(11,9): -0.008821339607238769
(11,10): -0.0026221323013305665
(11,12): 0.013492846488952636
(11,13): 0.010870985984802246
(11,15): -0.007021570205688476
(11,16): 0.03339862823486328
(11,18): -0.002325472831726074
(11,22): 0.007418551445007324
(11,24): -0.021397800445556642
(11,25): -0.008006725311279297
(11,27): 0.017673330307006838
(11,28): 0.0004472970962524414
(12,1): 0.02618765354156494
(12,2): -0.031000404357910155
(12,5): -0.012879400253295899
(12,6): 0.05917037010192871
(12,7): 0.003086280822753906
(12,8): 0.013869075775146485
(12,11): -0.011631660461425782
(12,13): 0.0007124948501586914
(12,14): 0.018081884384155273
(12,17): 0.01334780216217041
(12,25): -0.00814749240875244
(13,0): -0.007326455116271973
(13,1): 0.007604174613952637
(13,2): -0.03600105285644531
(13,4): 0.010926060676574707
(13,5): 0.0020516538619995118
(13,7): 0.003694334030151367
(13,8): 0.0017289590835571288
(13,9): -0.0003297281265258789
(13,11): -0.016603360176086424
(13,12): 0.03347487449645996
(13,14): -0.020597319602966308
(13,17): 0.009716534614562988
(13,24): 0.0029778051376342773
(13,30): -0.00023354530334472655
(14,0): 0.02041525363922119
(14,4): -0.017594189643859864
(14,7): 0.011786017417907715
(14,8): 0.008319668769836426
(14,12): 0.016380772590637208
(14,13): -0.003192601203918457
(14,17): -0.004810991287231445
(15,9): -0.002313570976257324
(15,10): -0.0008984708786010742
(15,11): 0.0009897756576538086
(15,16): -0.00036919116973876953
(15,18): 0.0033766603469848632
(16,3): 0.026802997589111328
(16,6): 0.02985576629638672
(16,9): -0.006178097724914551
(16,10): -0.017978825569152833
(16,11): -0.006181125640869141
(16,15): 0.005033483505249023
(16,26): -0.015243139266967774
(17,0): -0.02556783676147461
(17,1): 0.01654428005218506
(17,4): 0.010521731376647948
(17,5): -0.020426754951477052
(17,7): 0.02550801753997803
(17,8): -0.00024290084838867186
(17,12): 0.02113436222076416
(17,13): 0.027937207221984863
(17,14): 0.00899871826171875
(17,22): 0.0013995504379272462
(17,28): 0.013096909523010253
(17,30): -0.005216422080993652
(18,9): 0.0062526512145996095
(18,10): -0.0049120235443115235
(18,11): -0.0015670442581176757
(18,15): -0.0065357589721679685
(18,28): -0.0020829010009765624
(18,29): 0.004056668281555176
(18,30): 0.003085637092590332
(19,0): -0.05435938358306885
(19,1): -0.044406037330627444
(19,3): -0.0777757692337036
(20,0): 0.03296129703521729
(20,1): 0.03441887378692627
(20,23): 0.0765710210800171
(21,6): -0.10672754764556885
(22,11): -0.0014331960678100586
(22,17): 0.0073465871810913085
(23,8): -0.03201323986053467
(23,20): -0.22614305973052978
(23,25): 0.007839741706848145
(24,9): -0.0004995155334472656
(24,10): -0.003646674156188965
(24,11): 0.002393012046813965
(24,13): 0.010173964500427245
(25,7): 0.03638327598571777
(25,10): -0.012129745483398437
(25,11): -0.0014569950103759765
(25,12): 0.011149001121520997
(25,23): -0.06961997032165528
(25,30): -0.00670870304107666
(26,16): 0.013862853050231933
(26,30): 0.001231093406677246
(27,8): 0.021826729774475098
(27,11): 0.002872934341430664
(28,9): -0.0011606550216674805
(28,11): -0.003552412986755371
(28,17): 0.019548444747924804
(28,18): -0.00033636093139648436
(29,18): 0.0026584529876708986
(30,8): 0.03535889148712158
(30,13): 0.012914543151855468
(30,17): -0.003729434013366699
(30,18): -0.002239265441894531
(30,25): -0.019252514839172362
(30,26): -0.009436750411987304
