Interaction name: 5oei

Affinity: 5.800000190734863
Predicted value: 6.388583183288574

Shapley values for edges: 

(0,1): -0.001259746551513672
(0,4): -0.00211883544921875
(0,5): 0.011306495666503906
(0,9): -0.013429021835327149
(0,10): 0.0006880760192871094
(0,11): -0.0007133865356445312
(0,12): 0.002651567459106445
(0,15): 0.002877006530761719
(0,16): -0.004945192337036133
(0,17): -0.00510101318359375
(1,0): -0.0011729812622070313
(1,4): -0.0006007003784179687
(1,9): -0.021501340866088868
(1,10): 0.000109405517578125
(1,11): -0.004162578582763672
(1,12): 0.002561140060424805
(1,15): 0.0038275718688964844
(1,17): -0.004575672149658203
(2,3): 0.0025895023345947265
(2,7): -0.033511180877685544
(2,8): -0.020552835464477538
(2,13): 0.0057570266723632815
(2,14): 0.005390090942382813
(2,15): 0.003233814239501953
(2,16): -0.0027446842193603518
(3,2): -0.00045551300048828124
(3,6): 0.0043228244781494144
(3,7): -0.019788236618041993
(3,8): -0.012903928756713867
(3,10): 6.436347961425781e-05
(3,12): 0.0044549179077148435
(3,13): 0.0065037918090820315
(3,14): 0.0048487186431884766
(3,15): 0.0024065780639648438
(3,16): -0.0004097938537597656
(4,0): -0.00014678001403808593
(4,1): -0.00022653579711914062
(4,5): 0.016347074508666994
(4,8): -0.006159029006958008
(4,9): -0.01367539405822754
(4,10): 0.003256731033325195
(4,11): 0.0008850669860839843
(4,12): 0.002030143737792969
(4,15): 0.00500875473022461
(4,16): -0.00212860107421875
(4,17): -0.00011322021484375
(5,0): 0.0033588027954101563
(5,4): 0.0065669727325439456
(5,9): -0.04627645492553711
(6,3): 0.002116851806640625
(6,7): -0.05630614280700683
(6,8): -0.054440088272094726
(7,2): 0.013686017990112305
(7,3): 0.009766359329223633
(7,6): 0.023177013397216797
(7,8): 0.0041265869140625
(7,9): 0.004904756546020508
(7,18): 0.0016003131866455078
(8,2): 0.01587921142578125
(8,3): 0.013238201141357422
(8,4): 0.015781383514404296
(8,6): 0.02956075668334961
(8,7): -0.0020186138153076173
(8,9): -0.0013418197631835938
(8,19): -0.008569202423095702
(9,0): 0.018619823455810546
(9,1): 0.02899087905883789
(9,4): 0.008662700653076172
(9,5): 0.02727959632873535
(9,7): 0.0022434902191162107
(9,8): -6.333351135253906e-05
(9,20): -0.00932016372680664
(10,0): -0.0025644874572753906
(10,1): -0.007552728652954101
(10,3): -0.001603546142578125
(10,4): -0.0037846851348876955
(10,11): -0.0028625965118408204
(11,0): 0.00021802902221679688
(11,1): 0.0008386421203613281
(11,4): 0.002326211929321289
(11,10): 0.0021315670013427736
(11,18): -0.0361490535736084
(12,0): -0.004555759429931641
(12,1): -0.005240135192871094
(12,3): -0.0008958721160888672
(12,4): -0.0029721736907958986
(13,2): -0.006053142547607422
(13,3): -0.0033634471893310546
(13,14): -0.0010599517822265626
(13,15): -0.00177154541015625
(14,2): -0.007284708023071289
(14,3): -0.0025217723846435547
(14,13): -0.002099599838256836
(14,15): -0.002662029266357422
(15,0): -0.0074932861328125
(15,1): -0.008818721771240235
(15,2): -0.005016298294067383
(15,3): -0.003612518310546875
(15,4): -0.006310930252075195
(15,13): 0.0009736824035644531
(15,14): 0.0029421424865722656
(15,16): -0.00499176025390625
(16,0): 0.0013317584991455079
(16,2): 0.0008583354949951172
(16,3): 0.003018350601196289
(16,4): -0.0003444290161132813
(16,15): 0.0029094600677490234
(16,19): -0.017661428451538085
(17,0): 0.0020238399505615235
(17,1): 0.0021946144104003904
(17,4): 0.000253143310546875
(17,19): -0.039083118438720706
(18,7): 0.026117944717407228
(18,11): 0.037458000183105467
(19,8): 0.014522085189819336
(19,16): 0.023497447967529297
(19,17): 0.028782730102539063
(20,9): 0.02474893569946289
