Interaction name: 5lwe

Affinity: 9.960000038146973
Predicted value: 7.624704360961914

Attributions for edges: 

(0,1): 0.4819082021713257
(0,5): 0.469521701335907
(0,10): 0.4395243227481842
(0,11): 0.5129879713058472
(0,13): 0.4936743974685669
(0,21): 0.4254496693611145
(0,25): 0.4756042957305908
(0,26): 0.491489440202713
(0,27): 0.4889642596244812
(0,28): 0.4303677976131439
(1,0): 0.46699702739715576
(1,5): 0.4350140690803528
(1,10): 0.46929922699928284
(1,11): 0.3961476981639862
(1,21): 0.46743857860565186
(1,25): 0.4719926416873932
(1,27): 0.44840550422668457
(1,28): 0.4771865904331207
(2,5): 0.4733961522579193
(2,14): 0.4381178021430969
(2,15): 0.417772501707077
(2,16): 0.4714581072330475
(2,17): 0.43659669160842896
(2,24): 0.45341208577156067
(2,27): 0.5067554116249084
(2,28): 0.46185553073883057
(3,4): 0.4127841889858246
(3,16): 0.3951151669025421
(3,17): 0.5061389803886414
(3,24): 0.5224424004554749
(3,29): 0.4094753861427307
(4,3): 0.424060195684433
(4,16): 0.44990503787994385
(4,17): 0.49418485164642334
(4,29): 0.43644338846206665
(5,0): 0.41712138056755066
(5,1): 0.4673689007759094
(5,2): 0.44180119037628174
(5,10): 0.48767608404159546
(5,11): 0.49819859862327576
(5,13): 0.5692877173423767
(5,14): 0.48303690552711487
(5,15): 0.46176594495773315
(5,17): 0.4195448160171509
(5,21): 0.5134578943252563
(5,22): 0.41937655210494995
(5,24): 0.48931244015693665
(5,25): 0.4946334958076477
(5,26): 0.46259045600891113
(6,7): 0.424932599067688
(6,8): 0.48941463232040405
(6,9): 0.4205387830734253
(6,12): 0.5694794654846191
(6,19): 0.3999997079372406
(6,20): 0.5587843656539917
(6,30): 0.4081776738166809
(7,6): 0.4893038868904114
(7,8): 0.49440446496009827
(7,9): 0.5073903799057007
(7,12): 0.4475257992744446
(7,19): 0.5128641724586487
(7,20): 0.5213109850883484
(7,31): 0.4771729111671448
(7,32): 0.4925745725631714
(7,37): 0.5261512994766235
(7,43): 0.47495895624160767
(7,47): 0.5009127259254456
(8,6): 0.49230727553367615
(8,7): 0.4590810537338257
(8,9): 0.47274234890937805
(8,12): 0.4431403577327728
(8,19): 0.5677161812782288
(8,20): 0.4700230658054352
(8,31): 0.4336141049861908
(8,33): 0.4249558448791504
(8,34): 0.4314460754394531
(8,35): 0.47313815355300903
(8,37): 0.474101185798645
(8,42): 0.4579193592071533
(8,49): 0.5032462477684021
(9,6): 0.5191702842712402
(9,7): 0.4885551333427429
(9,8): 0.4870864152908325
(9,10): 0.5022326111793518
(9,11): 0.5162845849990845
(9,12): 0.461620569229126
(9,19): 0.4567910134792328
(9,20): 0.485114187002182
(9,21): 0.40792420506477356
(9,25): 0.4755578339099884
(9,34): 0.48117595911026
(10,0): 0.39180684089660645
(10,1): 0.43544483184814453
(10,5): 0.42683202028274536
(10,9): 0.40902408957481384
(10,11): 0.5335569381713867
(10,12): 0.5247424244880676
(10,13): 0.5404008030891418
(10,20): 0.5764855146408081
(10,21): 0.40570202469825745
(10,25): 0.474648654460907
(10,26): 0.5173050165176392
(10,30): 0.4217292368412018
(10,42): 0.5108223557472229
(10,44): 0.44771450757980347
(10,49): 0.4857524037361145
(11,0): 0.5329281091690063
(11,1): 0.566032350063324
(11,5): 0.4113985002040863
(11,9): 0.4170028269290924
(11,10): 0.5374492406845093
(11,12): 0.48795419931411743
(11,19): 0.37920472025871277
(11,20): 0.37516671419143677
(11,21): 0.49870565533638
(11,25): 0.4824073910713196
(11,37): 0.48350852727890015
(12,6): 0.474800705909729
(12,7): 0.4061746597290039
(12,8): 0.42711400985717773
(12,9): 0.4319157004356384
(12,10): 0.3880711495876312
(12,11): 0.48029324412345886
(12,19): 0.544430136680603
(12,20): 0.4182961583137512
(12,21): 0.46820855140686035
(12,25): 0.534602701663971
(12,30): 0.44198739528656006
(12,37): 0.44967660307884216
(12,42): 0.5230951905250549
(13,0): 0.4819486737251282
(13,5): 0.5515943765640259
(13,10): 0.4453491270542145
(13,14): 0.49891534447669983
(13,15): 0.3610418438911438
(13,21): 0.4217321276664734
(13,22): 0.46873757243156433
(13,23): 0.42456871271133423
(13,25): 0.4360612630844116
(13,36): 0.4952603578567505
(13,37): 0.44583043456077576
(13,40): 0.4927581250667572
(13,44): 0.4129474461078644
(14,2): 0.5397652983665466
(14,5): 0.4292398989200592
(14,13): 0.47680962085723877
(14,15): 0.4213431179523468
(14,18): 0.5632792711257935
(14,22): 0.3971286416053772
(14,23): 0.47295403480529785
(14,24): 0.43631118535995483
(14,26): 0.5227072238922119
(14,37): 0.4169829487800598
(14,38): 0.45938533544540405
(14,40): 0.47461438179016113
(14,41): 0.4806513488292694
(14,47): 0.5376940965652466
(14,48): 0.5511679649353027
(15,2): 0.41137340664863586
(15,5): 0.49676233530044556
(15,13): 0.39904889464378357
(15,14): 0.4998907744884491
(15,17): 0.4470120668411255
(15,22): 0.5053632259368896
(15,23): 0.49422597885131836
(15,24): 0.5705032348632812
(15,26): 0.3977055847644806
(15,30): 0.5039153099060059
(15,49): 0.5399697422981262
(16,2): 0.5735682249069214
(16,3): 0.5078469514846802
(16,4): 0.4540904462337494
(16,17): 0.4766824543476105
(16,24): 0.4156435430049896
(16,38): 0.47593238949775696
(16,39): 0.4682467579841614
(17,2): 0.4949054718017578
(17,3): 0.5502563118934631
(17,4): 0.5403772592544556
(17,5): 0.4428524076938629
(17,15): 0.38182616233825684
(17,16): 0.4702834188938141
(17,24): 0.46163755655288696
(17,30): 0.4077658951282501
(17,40): 0.48456135392189026
(17,47): 0.46868351101875305
(18,14): 0.5017041563987732
(18,22): 0.4931103587150574
(18,23): 0.5246835947036743
(18,41): 0.45093318819999695
(18,42): 0.4179946780204773
(18,47): 0.5537505745887756
(18,48): 0.512948751449585
(19,6): 0.4654480516910553
(19,7): 0.443727970123291
(19,8): 0.44848811626434326
(19,9): 0.5210279226303101
(19,11): 0.4204615354537964
(19,12): 0.5002073049545288
(19,20): 0.45309939980506897
(19,21): 0.4946020543575287
(19,25): 0.4877506494522095
(20,6): 0.5214798450469971
(20,7): 0.42545104026794434
(20,8): 0.4896860420703888
(20,9): 0.510941207408905
(20,10): 0.5179575681686401
(20,11): 0.4882849156856537
(20,12): 0.5248721241950989
(20,19): 0.483095645904541
(20,21): 0.5195692777633667
(20,25): 0.48408135771751404
(20,31): 0.46100279688835144
(21,0): 0.4903022050857544
(21,1): 0.39366015791893005
(21,5): 0.4309960901737213
(21,9): 0.47410836815834045
(21,10): 0.51781165599823
(21,11): 0.48168423771858215
(21,12): 0.4678298234939575
(21,13): 0.532991886138916
(21,19): 0.4930587708950043
(21,20): 0.5321298241615295
(21,26): 0.4918186366558075
(21,36): 0.49091631174087524
(21,40): 0.49765241146087646
(21,47): 0.50950026512146
(22,5): 0.434587687253952
(22,13): 0.5412508249282837
(22,14): 0.535866916179657
(22,15): 0.5042003393173218
(22,18): 0.4162180423736572
(22,23): 0.3928404450416565
(22,26): 0.4905586540699005
(22,45): 0.5061774849891663
(23,13): 0.4432169795036316
(23,14): 0.5295263528823853
(23,15): 0.4619523882865906
(23,18): 0.4974008798599243
(23,22): 0.5012743473052979
(23,26): 0.5347083806991577
(23,46): 0.5716251134872437
(24,2): 0.483782023191452
(24,3): 0.5083290338516235
(24,5): 0.5264192223548889
(24,14): 0.5026147961616516
(24,15): 0.44054603576660156
(24,16): 0.5394947528839111
(24,17): 0.4727855622768402
(24,49): 0.44183558225631714
(25,0): 0.49248966574668884
(25,1): 0.4938243329524994
(25,5): 0.5071754455566406
(25,9): 0.46077409386634827
(25,10): 0.42594748735427856
(25,11): 0.44326409697532654
(25,12): 0.41715702414512634
(25,13): 0.5123320817947388
(25,19): 0.41975268721580505
(25,20): 0.5226922035217285
(25,26): 0.47489500045776367
(26,0): 0.4555390775203705
(26,5): 0.4697018265724182
(26,10): 0.5841502547264099
(26,14): 0.5562096834182739
(26,15): 0.43650031089782715
(26,21): 0.573806643486023
(26,22): 0.4850512444972992
(26,23): 0.43356308341026306
(26,25): 0.3823916018009186
(27,0): 0.4838220775127411
(27,1): 0.45977944135665894
(27,2): 0.4533992111682892
(27,28): 0.4252895712852478
(27,37): 0.5534827709197998
(27,44): 0.3826148211956024
(28,0): 0.47205519676208496
(28,1): 0.4808257520198822
(28,2): 0.454662948846817
(28,27): 0.467765748500824
(28,37): 0.464669406414032
(29,3): 0.42143872380256653
(29,4): 0.45137134194374084
(30,6): 0.4637438654899597
(30,10): 0.48030194640159607
(30,12): 0.4467851221561432
(30,15): 0.5108442306518555
(30,17): 0.4973856508731842
(31,7): 0.5067576169967651
(31,8): 0.4472058117389679
(31,20): 0.39332324266433716
(32,7): 0.45432865619659424
(32,40): 0.542149543762207
(32,46): 0.5164167881011963
(33,8): 0.35694271326065063
(34,8): 0.5284489989280701
(34,9): 0.42626768350601196
(34,43): 0.45627954602241516
(35,8): 0.455135315656662
(35,44): 0.525093138217926
(36,13): 0.4158731997013092
(36,21): 0.5266461968421936
(37,7): 0.4920794367790222
(37,8): 0.4794505536556244
(37,11): 0.44792506098747253
(37,12): 0.5157954692840576
(37,13): 0.42480719089508057
(37,14): 0.5589285492897034
(37,27): 0.4976307451725006
(37,28): 0.45922067761421204
(37,39): 0.43370142579078674
(38,14): 0.4713679850101471
(38,16): 0.5422985553741455
(39,16): 0.45765241980552673
(39,37): 0.5830421447753906
(40,13): 0.42885342240333557
(40,14): 0.522777259349823
(40,17): 0.44172170758247375
(40,21): 0.5042763948440552
(40,32): 0.5094835758209229
(40,46): 0.4997454285621643
(41,14): 0.4276002049446106
(41,18): 0.4029061794281006
(42,8): 0.44181743264198303
(42,10): 0.3634091317653656
(42,12): 0.4752137362957001
(42,18): 0.5352551937103271
(42,45): 0.43079113960266113
(43,7): 0.4369216859340668
(43,34): 0.45402875542640686
(44,10): 0.5426768064498901
(44,13): 0.49673593044281006
(44,27): 0.513412356376648
(44,35): 0.4907069504261017
(45,22): 0.4419381320476532
(45,42): 0.41581809520721436
(46,23): 0.5284858345985413
(46,32): 0.5122883319854736
(46,40): 0.4222804605960846
(47,7): 0.4591090977191925
(47,14): 0.4542505741119385
(47,17): 0.4898473918437958
(47,18): 0.5253147482872009
(47,21): 0.43851882219314575
(47,48): 0.4829508364200592
(48,14): 0.4739892780780792
(48,18): 0.3559567928314209
(48,47): 0.5232011675834656
(49,8): 0.49758875370025635
(49,10): 0.5448757410049438
(49,15): 0.5629258751869202
(49,24): 0.5000520944595337
