Interaction name: 5nu1

Affinity: 9.0
Predicted value: 8.130390167236328

Attributions for edges: 

(0,1): 1.096271203752009e-31
(0,6): 5.938585284182124e-23
(0,7): 5.812337247088002e-23
(0,9): 5.812337247088002e-23
(0,24): 1.9877652008734375e-24
(0,26): 6.195042071203303e-23
(0,32): 7.704651897549371e-30
(1,0): 5.395148201806615e-32
(1,6): 6.460005024329509e-32
(1,7): 6.188164314988575e-32
(1,9): 6.188164314988575e-32
(1,24): 2.9137841727495926e-33
(1,26): 7.466856490363902e-32
(1,32): 1.1293979371890905e-38
(1,33): 1.6045248569701452e-38
(2,5): 8.373546764361215e-35
(2,8): 4.897530760864275e-35
(2,10): 2.8729219687340944e-35
(2,17): 2.8729219687340944e-35
(2,25): 3.579011521339606e-35
(2,28): 3.0221652684700734e-35
(2,33): 0.0
(3,5): 5.0348816928346754e-23
(3,13): 3.9732673964680674e-23
(3,14): 4.3790558683919455e-23
(3,17): 3.9732673964680674e-23
(3,29): 3.9732673964680674e-23
(3,30): 2.2377975441255412e-23
(4,11): 8.002847512791391e-27
(4,17): 8.002847512791391e-27
(4,18): 8.002847512791391e-27
(4,21): 8.412220292875426e-28
(5,2): 4.190472515965851e-34
(5,3): 5.311507759936183e-23
(5,8): 8.518418559543021e-23
(5,10): 9.279235144039064e-23
(5,17): 9.279235144039064e-23
(5,25): 9.706987081286105e-23
(5,31): 6.043044351985318e-23
(5,34): 3.1322960942748088e-21
(6,0): 5.937067515800479e-23
(6,1): 1.3363210210232598e-31
(6,7): 7.251362795351515e-23
(6,9): 7.251362795351515e-23
(6,26): 7.728818649425998e-23
(6,35): 7.251362795351515e-23
(6,44): 7.251362795351515e-23
(6,47): 7.260109685068606e-23
(6,50): 7.251362795351515e-23
(6,51): 7.251362795351515e-23
(6,53): 2.065459993099519e-23
(6,54): 7.251362795351515e-23
(7,0): 5.80382890890865e-23
(7,1): 1.2894486539819614e-31
(7,6): 7.242655033135324e-23
(7,9): 7.088683899476838e-23
(7,24): 2.424263633407117e-24
(7,26): 7.555398623465832e-23
(7,36): 7.088683899476838e-23
(8,2): 2.5245658249890922e-34
(8,5): 8.463807296796381e-23
(8,9): 6.679249312449029e-23
(8,10): 6.679249312449029e-23
(8,24): 2.2842408227303873e-24
(8,25): 6.987148665732756e-23
(8,26): 7.119007712673534e-23
(8,28): 4.233718344024561e-23
(8,52): 6.69447811445214e-23
(8,53): 1.9024862210184705e-23
(8,56): 6.679249312449029e-23
(9,0): 5.80382890890865e-23
(9,1): 1.2894486539819614e-31
(9,6): 7.242655033135324e-23
(9,7): 7.088683899476838e-23
(9,8): 6.507472641526619e-23
(9,10): 7.088683899476838e-23
(9,24): 2.424263633407117e-24
(9,25): 7.415426930975761e-23
(9,26): 7.555398623465832e-23
(9,28): 4.493242853333963e-23
(9,37): 2.714436611618758e-23
(9,47): 7.097179615881707e-23
(9,50): 7.088683899476838e-23
(9,54): 7.088683899476838e-23
(9,56): 7.088683899476838e-23
(10,2): 1.3940488267651425e-34
(10,5): 8.982634172184274e-23
(10,8): 6.507472641526619e-23
(10,9): 7.088683899476838e-23
(10,24): 2.424263633407117e-24
(10,25): 7.415426930975761e-23
(10,28): 4.493242853333963e-23
(10,38): 5.143107035034884e-22
(10,44): 7.088683899476838e-23
(10,53): 2.0191074729418188e-23
(11,4): 1.008995314162055e-26
(11,12): 5.596455047410323e-23
(11,14): 7.812647426835852e-23
(11,18): 7.088683899476838e-23
(11,19): 7.088683899476838e-23
(11,20): 7.088683899476838e-23
(11,21): 7.451322942062575e-24
(11,39): 7.104818313799143e-23
(11,40): 7.088683899476838e-23
(12,11): 5.546212811901159e-23
(12,18): 5.546212811901159e-23
(12,19): 5.546212811901159e-23
(12,20): 5.546212811901159e-23
(12,21): 5.8299664739396094e-24
(12,22): 5.357783602813895e-23
(12,39): 5.558880024772836e-23
(12,41): 5.551631970775665e-23
(12,46): 5.553411640977844e-23
(12,47): 5.552902983466157e-23
(12,52): 5.558880024772836e-23
(13,3): 4.0576035692121595e-23
(13,14): 7.812647426835852e-23
(13,15): 7.088683899476838e-23
(13,16): 9.750923478263295e-24
(13,18): 7.088683899476838e-23
(13,21): 7.451322942062575e-24
(13,22): 6.847823839184966e-23
(13,27): 7.088683899476838e-23
(13,29): 7.088683899476838e-23
(13,30): 3.9924417651747314e-23
(13,31): 4.6164439940677595e-23
(13,35): 7.088683899476838e-23
(13,53): 2.0191074729418188e-23
(14,3): 4.552733063007214e-23
(14,11): 7.953681241648713e-23
(14,13): 7.953681241648713e-23
(14,15): 7.953681241648713e-23
(14,16): 1.0940823912758754e-23
(14,18): 7.953681241648713e-23
(14,21): 8.36057112116846e-24
(14,27): 7.953681241648713e-23
(14,29): 7.953681241648713e-23
(14,30): 4.47961985658952e-23
(14,31): 5.1797853437041884e-23
(14,39): 7.97181494504921e-23
(14,43): 7.953681241648713e-23
(15,13): 7.088683899476838e-23
(15,14): 7.812647426835852e-23
(15,16): 9.750923478263295e-24
(15,23): 7.088683899476838e-23
(15,27): 7.088683899476838e-23
(15,29): 7.088683899476838e-23
(15,30): 3.9924417651747314e-23
(15,39): 7.104818313799143e-23
(15,49): 7.088683899476838e-23
(15,57): 2.4319803891111246e-23
(16,13): 9.37898187233883e-24
(16,14): 1.0336812839153656e-23
(16,15): 9.37898187233883e-24
(16,23): 9.37898187233883e-24
(16,27): 9.37898187233883e-24
(16,29): 9.37898187233883e-24
(16,30): 5.28232818948251e-24
(16,53): 2.6714652281869256e-24
(16,57): 3.217734444543014e-24
(17,2): 1.3940488267651425e-34
(17,3): 4.0576035692121595e-23
(17,4): 1.008995314162055e-26
(17,5): 8.982634172184274e-23
(17,31): 4.6164439940677595e-23
(17,35): 7.088683899476838e-23
(17,37): 2.714436611618758e-23
(17,39): 7.104818313799143e-23
(17,44): 7.088683899476838e-23
(17,46): 7.097856774082748e-23
(17,53): 2.0191074729418188e-23
(17,56): 7.088683899476838e-23
(17,57): 2.4319803891111246e-23
(18,4): 1.008995314162055e-26
(18,11): 7.088683899476838e-23
(18,12): 5.596455047410323e-23
(18,13): 7.088683899476838e-23
(18,14): 7.812647426835852e-23
(18,19): 7.088683899476838e-23
(18,20): 7.088683899476838e-23
(18,21): 7.451322942062575e-24
(18,22): 6.847823839184966e-23
(18,41): 7.095555193505676e-23
(18,44): 7.088683899476838e-23
(18,53): 2.0191074729418188e-23
(19,11): 7.088683899476838e-23
(19,12): 5.596455047410323e-23
(19,18): 7.088683899476838e-23
(19,20): 7.088683899476838e-23
(19,21): 7.451322942062575e-24
(19,42): 7.088683899476838e-23
(19,45): 7.088683899476838e-23
(20,11): 7.088683899476838e-23
(20,12): 5.596455047410323e-23
(20,18): 7.088683899476838e-23
(20,19): 7.088683899476838e-23
(20,21): 7.451322942062575e-24
(20,35): 7.088683899476838e-23
(20,40): 7.088683899476838e-23
(20,45): 7.088683899476838e-23
(20,55): 7.088683899476838e-23
(21,4): 1.0253807987208111e-27
(21,11): 7.203799689248663e-24
(21,12): 5.687338055692935e-24
(21,13): 7.203799689248663e-24
(21,14): 7.939519768450366e-24
(21,18): 7.203799689248663e-24
(21,19): 7.203799689248663e-24
(21,20): 7.203799689248663e-24
(21,22): 6.959027983272161e-24
(21,35): 7.203799689248663e-24
(21,46): 7.213148479836437e-24
(22,12): 5.426940198475363e-23
(22,13): 6.873995719665302e-23
(22,18): 6.873995719665302e-23
(22,21): 7.225652714045095e-24
(22,29): 6.873995719665302e-23
(22,30): 3.871511597214885e-23
(22,35): 6.873995719665302e-23
(22,41): 6.880712396956716e-23
(22,46): 6.882890915232574e-23
(22,50): 6.873995719665302e-23
(22,53): 1.9579642841277675e-23
(22,54): 6.873995719665302e-23
(22,57): 2.358325550795906e-23
(23,15): 7.088683899476838e-23
(23,16): 9.750923478263295e-24
(23,29): 7.088683899476838e-23
(23,30): 3.9924417651747314e-23
(23,43): 7.088683899476838e-23
(23,48): 7.088683899476838e-23
(23,50): 7.088683899476838e-23
(24,0): 2.0352140010311235e-24
(24,1): 4.754937464555525e-33
(24,7): 2.4857707237567466e-24
(24,8): 2.2819590425620355e-24
(24,9): 2.4857707237567466e-24
(24,10): 2.4857707237567466e-24
(24,25): 2.6003590811273403e-24
(24,26): 2.649442203865418e-24
(24,28): 1.5756400065131454e-24
(24,37): 9.518682630551003e-25
(24,44): 2.4857707237567466e-24
(24,56): 2.4857707237567466e-24
(25,2): 1.7770129476485432e-34
(25,5): 9.459436849429234e-23
(25,8): 6.852866869179863e-23
(25,9): 7.464925743967845e-23
(25,10): 7.464925743967845e-23
(25,24): 2.5529445964190314e-24
(25,26): 7.956442885905711e-23
(25,28): 4.7317644143583983e-23
(25,35): 7.464925743967845e-23
(25,54): 7.464925743967845e-23
(25,56): 7.464925743967845e-23
(26,0): 6.230972476625585e-23
(26,1): 1.455762296713702e-31
(26,6): 7.775690871148058e-23
(26,7): 7.61038727726953e-23
(26,8): 6.986374950956915e-23
(26,9): 7.61038727726953e-23
(26,24): 2.6026911511784e-24
(26,25): 7.961208867950694e-23
(26,28): 4.823930504903352e-23
(27,13): 7.088683899476838e-23
(27,14): 7.812647426835852e-23
(27,15): 7.088683899476838e-23
(27,16): 9.750923478263295e-24
(27,29): 7.088683899476838e-23
(27,30): 3.9924417651747314e-23
(27,42): 7.088683899476838e-23
(27,50): 7.088683899476838e-23
(28,2): 1.5518550403544479e-34
(28,8): 4.199777761349608e-23
(28,9): 4.574877966338578e-23
(28,10): 4.574877966338578e-23
(28,24): 1.564565484087587e-24
(28,25): 4.7857515303568277e-23
(28,26): 4.876085254791134e-23
(29,3): 4.0576035692121595e-23
(29,13): 7.088683899476838e-23
(29,14): 7.812647426835852e-23
(29,15): 7.088683899476838e-23
(29,16): 9.750923478263295e-24
(29,22): 6.847823839184966e-23
(29,23): 7.088683899476838e-23
(29,27): 7.088683899476838e-23
(29,31): 4.6164439940677595e-23
(29,43): 7.088683899476838e-23
(29,54): 7.088683899476838e-23
(30,3): 2.2364320258986037e-23
(30,13): 3.9070747089996965e-23
(30,14): 4.3061023274214684e-23
(30,15): 3.9070747089996965e-23
(30,16): 5.374444266246073e-24
(30,22): 3.774305001029931e-23
(30,23): 3.9070747089996965e-23
(30,27): 3.9070747089996965e-23
(30,31): 2.5444484461406653e-23
(31,5): 5.784643811693675e-23
(31,13): 4.564958513771967e-23
(31,14): 5.0311951880523966e-23
(31,17): 4.564958513771967e-23
(31,29): 4.564958513771967e-23
(31,30): 2.571045995965459e-23
(32,0): 6.88368062440401e-30
(32,1): 1.6082626804938852e-38
(32,36): 8.407592253126408e-30
(32,37): 3.2194804153767306e-30
(33,1): 2.892921825063083e-38
(33,2): 0.0
(34,5): 3.732457835895903e-21
(34,38): 2.1370602097393872e-20
(35,6): 7.242655033135324e-23
(35,13): 7.088683899476838e-23
(35,17): 7.088683899476838e-23
(35,20): 7.088683899476838e-23
(35,21): 7.451322942062575e-24
(35,22): 6.847823839184966e-23
(35,25): 7.415426930975761e-23
(35,43): 7.088683899476838e-23
(35,52): 7.104818313799143e-23
(36,7): 7.088683899476838e-23
(36,32): 9.396536214710487e-30
(36,37): 2.714436611618758e-23
(37,9): 2.7336087715148875e-23
(37,17): 2.7336087715148875e-23
(37,24): 9.348722548521136e-25
(37,32): 3.623572114997323e-30
(37,36): 2.7336087715148875e-23
(38,10): 5.7659421284414195e-22
(38,34): 1.9463428950814896e-20
(38,56): 5.7659421284414195e-22
(39,11): 7.017733118572536e-23
(39,12): 5.540461700357736e-23
(39,14): 7.734451747378e-23
(39,15): 7.017733118572536e-23
(39,17): 7.017733118572536e-23
(40,11): 7.088683899476838e-23
(40,20): 7.088683899476838e-23
(40,46): 7.097856774082748e-23
(41,12): 5.572425713148567e-23
(41,18): 7.058246490309791e-23
(41,22): 6.818420784436844e-23
(41,47): 7.06676050828766e-23
(42,19): 7.088683899476838e-23
(42,27): 7.088683899476838e-23
(43,14): 7.812647426835852e-23
(43,23): 7.088683899476838e-23
(43,29): 7.088683899476838e-23
(43,35): 7.088683899476838e-23
(43,52): 7.104818313799143e-23
(44,6): 7.242655033135324e-23
(44,10): 7.088683899476838e-23
(44,17): 7.088683899476838e-23
(44,18): 7.088683899476838e-23
(44,24): 2.424263633407117e-24
(45,19): 7.088683899476838e-23
(45,20): 7.088683899476838e-23
(46,12): 5.564523220144425e-23
(46,17): 7.048237423144347e-23
(46,21): 7.408808072436594e-24
(46,22): 6.808751874093731e-23
(46,40): 7.048237423144347e-23
(47,6): 7.204298091568582e-23
(47,9): 7.051142324541733e-23
(47,12): 5.566795139551461e-23
(47,41): 7.058004783328431e-23
(48,23): 7.088683899476838e-23
(48,52): 7.104818313799143e-23
(48,53): 2.0191074729418188e-23
(49,15): 7.088683899476838e-23
(50,6): 7.242655033135324e-23
(50,9): 7.088683899476838e-23
(50,22): 6.847823839184966e-23
(50,23): 7.088683899476838e-23
(50,27): 7.088683899476838e-23
(51,6): 7.242655033135324e-23
(52,8): 6.442364480030746e-23
(52,12): 5.540461700357736e-23
(52,35): 7.017733118572536e-23
(52,43): 7.017733118572536e-23
(52,48): 7.017733118572536e-23
(53,6): 2.00941047915048e-23
(53,8): 1.8054339260265777e-23
(53,10): 1.9666923989553138e-23
(53,13): 1.9666923989553138e-23
(53,16): 2.7053075582361333e-24
(53,17): 1.9666923989553138e-23
(53,18): 1.9666923989553138e-23
(53,22): 1.899867991674042e-23
(53,48): 1.9666923989553138e-23
(54,6): 7.242655033135324e-23
(54,9): 7.088683899476838e-23
(54,22): 6.847823839184966e-23
(54,25): 7.415426930975761e-23
(54,29): 7.088683899476838e-23
(55,20): 7.088683899476838e-23
(55,57): 2.4319803891111246e-23
(56,8): 6.507472641526619e-23
(56,9): 7.088683899476838e-23
(56,17): 7.088683899476838e-23
(56,24): 2.424263633407117e-24
(56,25): 7.415426930975761e-23
(56,38): 5.143107035034884e-22
(57,15): 2.3781008737401674e-23
(57,16): 3.271225327589014e-24
(57,17): 2.3781008737401674e-23
(57,22): 2.2972887004318786e-23
(57,55): 2.3781008737401674e-23
