Interaction name: 6h38

Affinity: 8.109999656677246
Predicted value: 7.517991542816162

Shapley values for edges: 

(0,2): -0.0823528814315796
(0,4): -0.02986452102661133
(0,6): 0.09146689414978028
(0,7): 0.031005306243896483
(0,11): 0.09276259899139404
(0,20): -0.026925325393676758
(0,21): 0.11810142993927002
(1,8): 0.12479257583618164
(1,9): 0.1095040225982666
(1,12): 0.07231677532196044
(1,19): 0.11648706912994385
(1,20): 0.18980320930480957
(1,21): -0.038918800354003906
(2,0): 0.01681401252746582
(2,4): -0.015137429237365723
(2,6): 0.06471757411956787
(2,7): 0.04864609718322754
(2,11): 0.09853784084320068
(2,20): 0.1490124797821045
(2,21): 0.1389842176437378
(3,15): 0.027928075790405273
(3,16): -0.0265773868560791
(3,18): 0.023142061233520507
(4,0): 0.0023369932174682616
(4,2): -0.08714413642883301
(4,6): 0.027137460708618163
(4,7): 0.07784308433532715
(4,11): 0.09647208213806152
(5,15): -0.0063244342803955075
(5,16): -0.015030117034912109
(5,18): -0.00972280502319336
(6,0): -0.058676347732543946
(6,2): -0.10523204803466797
(6,4): -0.07916135787963867
(6,7): 0.0014042949676513672
(6,8): -0.018197922706604003
(6,9): -0.001744828224182129
(6,11): 0.006252975463867188
(6,12): -0.007726979255676269
(6,19): -0.06375244617462159
(7,0): -0.02892808437347412
(7,2): -0.03486043930053711
(7,4): -0.0687402105331421
(7,6): 0.026944360733032226
(7,8): -0.047214779853820804
(7,9): -0.00041164875030517576
(7,11): 0.017602667808532715
(7,12): 0.013232274055480957
(7,19): -0.04381992816925049
(7,23): 0.009522995948791503
(8,1): -0.05693789958953857
(8,6): 0.001342463493347168
(8,7): -0.004357357025146485
(8,9): -0.024485135078430177
(8,11): 0.016615552902221678
(8,12): -0.00948620319366455
(8,19): -0.04852328777313233
(8,29): 0.08909531116485596
(9,1): -0.12158380508422852
(9,6): -0.006784119606018066
(9,7): 0.021443190574645995
(9,8): -0.06469565391540527
(9,11): 0.01406393051147461
(9,12): -0.010130319595336914
(9,19): -0.0639625883102417
(9,25): 0.046230950355529786
(10,13): 0.011140427589416503
(10,14): 0.01586385250091553
(10,15): 0.039763021469116214
(10,17): 0.005185093879699707
(10,18): 0.02928731918334961
(10,24): -0.00878866672515869
(11,0): -0.07495917797088623
(11,2): -0.08811703205108642
(11,4): -0.0719713830947876
(11,6): 0.02664578914642334
(11,7): 0.0029439496994018554
(11,8): -0.005843429565429687
(11,9): 0.004136748313903808
(11,12): -0.013212170600891113
(11,19): -0.06740623950958252
(11,26): 0.015515861511230468
(12,1): -0.12536640644073485
(12,6): 0.00696230411529541
(12,7): 0.027127752304077147
(12,8): -0.04367004871368408
(12,9): -0.06181309223175049
(12,11): -0.0007361984252929688
(12,22): 0.01774543285369873
(12,29): -0.006262588500976563
(13,10): -0.014668970108032227
(13,14): -0.0021075010299682617
(13,15): 0.012214975357055664
(13,16): -0.02043483257293701
(13,17): -8.816719055175782e-05
(13,18): -0.07588555812835693
(13,25): 0.022301764488220216
(14,10): -0.009574141502380371
(14,13): 0.002395472526550293
(14,15): -0.0629690170288086
(14,16): -0.016274423599243165
(14,17): 4.5270919799804686e-05
(14,18): 0.01404510498046875
(14,27): 0.0004018735885620117
(15,3): 0.024513373374938963
(15,5): 0.012909145355224609
(15,10): 0.019149093627929686
(15,13): 0.015880041122436524
(15,14): -0.01659416198730469
(15,16): -0.0571467113494873
(15,17): 0.011024837493896484
(15,18): -0.0008273220062255859
(16,3): 0.005670351982116699
(16,5): 0.008526701927185059
(16,13): -0.004811005592346191
(16,14): -0.0012422513961791992
(16,15): -0.07325224876403809
(16,17): 0.0023473834991455077
(16,18): -0.07698601722717285
(16,23): 0.054341697692871095
(16,29): 0.08387049674987793
(17,10): -0.03624764442443848
(17,13): -0.024776768684387208
(17,14): -0.026086935997009276
(17,15): -0.004684391021728515
(17,16): -0.00026406288146972655
(17,18): -0.009777727127075196
(17,28): 0.0010846757888793945
(18,3): 0.011063981056213378
(18,5): 0.015278325080871583
(18,10): 0.024786863327026367
(18,13): -0.025887479782104494
(18,14): 0.014222521781921387
(18,15): -0.0004400444030761719
(18,16): -0.06063165664672852
(18,17): 0.002322397232055664
(19,1): 0.11959642887115479
(19,6): 0.06767531394958497
(19,7): 0.0792005443572998
(19,8): 0.010221667289733886
(19,9): -0.018932452201843263
(19,11): 0.05090119361877441
(20,0): 0.05685522079467773
(20,1): 0.13847925186157226
(20,2): 0.15212482452392578
(21,0): 0.12711299896240236
(21,1): 0.010133004188537598
(21,2): 0.11759421348571777
(21,26): 0.07766968727111817
(22,12): -0.042664313316345216
(22,26): -0.07206821918487549
(23,7): 0.07351241588592529
(23,16): 0.007333559989929199
(24,10): 0.010542187690734863
(25,9): 0.02063565731048584
(25,13): -0.005653238296508789
(26,11): 0.02476191520690918
(26,21): -0.0565809965133667
(26,22): -0.0006587362289428711
(27,14): 0.005956249237060547
(27,28): -0.02559783935546875
(28,17): -0.012050185203552246
(28,27): -0.029537968635559082
(29,8): 0.05818677425384521
(29,12): 0.00976198673248291
(29,16): 0.002355351448059082
