Interaction name: 5ega

Affinity: 5.059999942779541
Predicted value: 5.977989196777344

Attributions for edges: 

(0,1): 2.722078780524177e-23
(0,9): 3.8597884930745765e-23
(0,14): 4.244925533132855e-23
(0,15): 3.822001740170128e-23
(0,16): 3.9102803241741526e-23
(0,24): 3.666032895155261e-23
(0,25): 4.508609548223306e-23
(0,26): 3.6520189389461906e-23
(1,0): 2.7194427229232907e-23
(1,2): 8.78969015436425e-24
(1,8): 2.7203767342350724e-23
(1,10): 2.6765668705470804e-23
(1,14): 3.1063408160663843e-23
(1,15): 2.796854590185715e-23
(1,16): 2.8614550408029877e-23
(1,20): 3.0651654322574684e-23
(1,24): 2.6827102037325795e-23
(1,26): 2.672465424928655e-23
(1,28): 4.932826126437509e-24
(2,1): 8.765948596560719e-24
(2,9): 1.2429777572118973e-23
(2,15): 1.2308091833184106e-23
(2,16): 1.2592378370764033e-23
(2,20): 1.3488896701442367e-23
(2,24): 1.1805821728247172e-23
(2,25): 1.4519248440135066e-23
(2,26): 1.1760692573581288e-23
(2,28): 2.170792369367838e-24
(2,29): 2.7561917490284436e-25
(3,4): 3.3119845478273806e-23
(3,11): 3.2863737052228373e-23
(3,14): 3.9350903151877155e-23
(3,20): 3.882930201045778e-23
(3,25): 4.179528648545671e-23
(4,3): 3.312717557380512e-23
(4,11): 3.4074600676419176e-23
(4,18): 3.7631776446452455e-23
(4,21): 3.6548064578408796e-23
(4,23): 3.6715748007866195e-23
(4,25): 4.3335395407937793e-23
(5,6): 2.150394753498493e-23
(5,7): 2.0386494508303157e-23
(5,13): 3.303177704681493e-23
(5,17): 3.2290118422718725e-23
(5,19): 2.6005984609690296e-23
(5,21): 3.5513167423180213e-23
(5,22): 3.4507839930122935e-23
(5,23): 3.5675833697280407e-23
(5,27): 3.2080533857419607e-23
(5,30): 1.6105344797946916e-23
(6,5): 2.1471815652593467e-23
(6,12): 2.2390185430346423e-23
(6,17): 2.138459603546861e-23
(6,18): 2.421648993379807e-23
(6,19): 1.7222707894485493e-23
(6,21): 2.3519020142168724e-23
(6,22): 2.285322627132762e-23
(6,27): 2.1245720228548073e-23
(6,28): 4.169382714013171e-24
(7,5): 2.035230685439269e-23
(7,12): 2.1222958435988826e-23
(7,17): 2.0269634231525527e-23
(7,18): 2.295388018966839e-23
(7,19): 1.632480432405759e-23
(7,22): 2.1661776514014308e-23
(7,23): 2.2394970660597494e-23
(7,27): 2.0137998589993107e-23
(7,28): 3.9520124860099735e-24
(7,30): 1.0109888322296874e-23
(8,1): 2.723013738469045e-23
(8,9): 3.861128609980366e-23
(8,14): 4.246383032541341e-23
(8,15): 3.82332860421271e-23
(8,16): 3.911623280979201e-23
(8,24): 3.6672916016156315e-23
(8,25): 4.5101926342879035e-23
(8,26): 3.653287111737424e-23
(9,0): 3.860672017288424e-23
(9,2): 1.2478331960835326e-23
(9,8): 3.8620124497385756e-23
(9,10): 3.799817709337865e-23
(9,14): 4.40991736918164e-23
(9,15): 3.9705552926759176e-23
(9,16): 4.0622651060732915e-23
(9,20): 4.3514801310446777e-23
(9,24): 3.808524840465332e-23
(9,26): 3.7939804541835914e-23
(10,1): 2.6789060009032417e-23
(10,9): 3.7985716246519777e-23
(10,15): 3.761369575450479e-23
(10,16): 3.8482768036568673e-23
(10,20): 4.12222484575733e-23
(10,24): 3.607874913778747e-23
(10,25): 4.437118870915471e-23
(10,26): 3.594096984752519e-23
(11,3): 3.2869378985422514e-23
(11,4): 3.4073168105015295e-23
(11,14): 4.048342657729227e-23
(11,18): 3.733892287944183e-23
(11,20): 3.994681183512473e-23
(11,25): 4.299815737095581e-23
(12,6): 2.2424890577010716e-23
(12,7): 2.1259582092374617e-23
(12,13): 3.4446416064598806e-23
(12,17): 3.367299474501478e-23
(12,19): 2.711963059364347e-23
(12,21): 3.703422062163478e-23
(12,22): 3.598555626588828e-23
(12,23): 3.7203850959806265e-23
(12,27): 3.345443925350149e-23
(13,5): 3.302862791408129e-23
(13,12): 3.444142730823419e-23
(13,17): 3.289446476220854e-23
(13,18): 3.7250431618537755e-23
(13,19): 2.6492618702624844e-23
(13,22): 3.5153560446369784e-23
(13,23): 3.634341197148912e-23
(13,27): 3.268083807363107e-23
(14,0): 4.24839241903912e-23
(14,1): 3.111867575568363e-23
(14,3): 3.940107155000559e-23
(14,8): 4.249834772318226e-23
(14,9): 4.412508935027472e-23
(14,11): 4.05279277986776e-23
(14,15): 4.3692941880063786e-23
(14,16): 4.470214110244389e-23
(14,20): 4.788490455419755e-23
(14,24): 4.1909917441316183e-23
(14,25): 5.154260329166133e-23
(14,26): 4.17498670299777e-23
(15,0): 3.8226432418582537e-23
(15,1): 2.80003590844429e-23
(15,2): 1.235541638774922e-23
(15,8): 3.8239849364858536e-23
(15,9): 3.970328416279576e-23
(15,10): 3.762387837106938e-23
(15,14): 4.366511717821483e-23
(15,16): 4.022266071646241e-23
(15,20): 4.3086162693542267e-23
(15,24): 3.7710236552085737e-23
(15,25): 4.6377309322786054e-23
(15,26): 3.756608642115289e-23
(16,0): 3.9115036896659694e-23
(16,1): 2.865114093225765e-23
(16,2): 1.2642628021565706e-23
(16,8): 3.9128466464710176e-23
(16,9): 4.062606209528709e-23
(16,10): 3.8498333839950494e-23
(16,14): 4.46799772664508e-23
(16,15): 4.022818274279896e-23
(16,20): 4.4087738364134314e-23
(16,24): 3.858654742181593e-23
(16,25): 4.74552025527928e-23
(16,26): 3.843934282145807e-23
(17,5): 3.228260215601378e-23
(17,6): 2.1411534057660098e-23
(17,7): 2.0298885193891122e-23
(17,12): 3.3663487393385056e-23
(17,13): 3.288982310464222e-23
(17,18): 3.640904835424713e-23
(17,19): 2.5894124133329957e-23
(17,21): 3.536068376564461e-23
(17,22): 3.435940786219655e-23
(17,23): 3.552265268670459e-23
(17,27): 3.1942789277037155e-23
(18,4): 3.765274121386961e-23
(18,6): 2.4265405620809016e-23
(18,7): 2.3004543992445305e-23
(18,11): 3.7361578964639775e-23
(18,13): 3.7273598885602286e-23
(18,17): 3.6436699506696935e-23
(18,19): 2.9345581498010947e-23
(18,21): 4.0073796352759965e-23
(18,22): 3.893906411681023e-23
(18,23): 4.025735481907403e-23
(18,27): 3.6200341002274616e-23
(19,5): 2.5984963044287967e-23
(19,6): 1.7234603916936226e-23
(19,7): 1.633901013123881e-23
(19,12): 2.709646648202256e-23
(19,13): 2.647372706166661e-23
(19,17): 2.5879312480973527e-23
(19,18): 2.930642875356302e-23
(19,21): 2.846257477691724e-23
(19,22): 2.765673442957225e-23
(19,23): 2.8592837800474574e-23
(19,31): 1.0555335198508928e-23
(20,1): 3.0703731764093754e-23
(20,2): 1.3548356303312495e-23
(20,3): 3.8875541881278215e-23
(20,9): 4.353654862788191e-23
(20,10): 4.1256384046664026e-23
(20,11): 3.9987671674571556e-23
(20,14): 4.7880887674468165e-23
(20,15): 4.3110497474746525e-23
(20,16): 4.410624188552718e-23
(20,24): 4.135092113754571e-23
(20,25): 5.0855129945422946e-23
(20,26): 4.119301011698219e-23
(21,4): 3.656215047873242e-23
(21,5): 3.5525631425482705e-23
(21,6): 2.356248164488097e-23
(21,12): 3.704524258620253e-23
(21,17): 3.538119414918036e-23
(21,18): 4.0066614563078833e-23
(21,19): 2.849538507968719e-23
(21,22): 3.781107190843471e-23
(21,23): 3.909117227655495e-23
(21,27): 3.515155042878328e-23
(22,5): 3.4513630169167257e-23
(22,6): 2.289126987734281e-23
(22,7): 2.1701808049510653e-23
(22,12): 3.599008432748425e-23
(22,13): 3.5162951046585534e-23
(22,17): 3.4373569493167077e-23
(22,18): 3.8925401045931804e-23
(22,19): 2.768386177838099e-23
(22,21): 3.780457800546293e-23
(22,23): 3.79777424404898e-23
(22,27): 3.4150334478764014e-23
(23,4): 3.6730597525546075e-23
(23,5): 3.56893105969852e-23
(23,7): 2.2440980184033604e-23
(23,12): 3.7215917376212525e-23
(23,13): 3.636060913922294e-23
(23,17): 3.5544336895267306e-23
(23,18): 4.025120801490055e-23
(23,19): 2.8626780907504423e-23
(23,21): 3.909206842254328e-23
(23,22): 3.7985422790263034e-23
(23,27): 3.5313500417181533e-23
(24,0): 3.6657252394022247e-23
(24,1): 2.685075524270794e-23
(24,2): 1.1848231679372759e-23
(24,8): 3.6669839458625953e-23
(24,9): 3.8073336604984485e-23
(24,10): 3.6079298184977504e-23
(24,14): 4.187236450678404e-23
(24,15): 3.7700599827267557e-23
(24,16): 3.857139182610482e-23
(24,20): 4.131733459564502e-23
(24,25): 4.447353552299808e-23
(25,0): 4.5139444567531346e-23
(25,2): 1.4589816781272517e-23
(25,3): 4.186389845154921e-23
(25,4): 4.3396929713988653e-23
(25,8): 4.515494410659713e-23
(25,10): 4.4427753191502675e-23
(25,11): 4.306151236797592e-23
(25,14): 5.1561286673340586e-23
(25,15): 4.6424214992210495e-23
(25,16): 4.749649784345931e-23
(25,20): 5.087802584433608e-23
(25,24): 4.452956042448688e-23
(25,26): 4.4359680806269343e-23
(26,0): 3.651642810066581e-23
(26,1): 2.674770476493711e-23
(26,2): 1.1802670228930814e-23
(26,8): 3.6528967833615206e-23
(26,9): 3.7926927176419086e-23
(26,10): 3.594055648441085e-23
(26,14): 4.1711503146434994e-23
(26,15): 3.755562297010604e-23
(26,16): 3.842321534911173e-23
(26,20): 4.1158612626070933e-23
(26,25): 4.430251994507703e-23
(27,5): 3.207172701427372e-23
(27,6): 2.1271670596886223e-23
(27,7): 2.0166364450423045e-23
(27,12): 3.344359083833289e-23
(27,13): 3.2675101477128304e-23
(27,17): 3.19414513689419e-23
(27,18): 3.6171355097173175e-23
(27,21): 3.512969898170866e-23
(27,22): 3.4135093686075144e-23
(27,23): 3.529061082915564e-23
(28,1): 4.9078255466292446e-24
(28,2): 2.165623161071151e-24
(28,6): 4.151290189151927e-24
(28,7): 3.9355686804406415e-24
(28,29): 1.543119536170152e-25
(29,2): 2.7302086429627266e-25
(29,28): 1.5322093433319124e-25
(30,5): 1.605510540233701e-23
(30,7): 1.0095282562636707e-23
(30,31): 6.521759622494986e-24
(31,19): 1.0523654544555253e-23
(31,30): 6.517258382169795e-24
