Interaction name: 5kr2

Affinity: 8.479999542236328
Predicted value: 7.663942337036133

Shapley values for edges: 

(0,1): -0.0041008186340332035
(0,3): -0.0006840324401855469
(0,6): -0.001876068115234375
(0,13): -0.0037619781494140623
(0,17): -0.006835546493530274
(0,39): -0.00092041015625
(0,40): 0.0008007240295410156
(1,0): 0.005311107635498047
(1,6): -0.00019406318664550782
(1,13): 0.0011363601684570312
(1,14): 0.007157011032104492
(1,15): 0.006696310043334961
(1,16): 0.008461475372314453
(1,30): 0.0054664421081542965
(1,31): 0.00665761947631836
(1,34): -0.0005196762084960937
(1,37): 0.006021976470947266
(1,40): 0.012747488021850585
(2,6): -0.002476930618286133
(2,9): -0.00015414237976074218
(2,17): -0.003527364730834961
(2,18): -0.002277088165283203
(2,19): -0.011096839904785155
(2,20): -0.00051971435546875
(2,21): -0.01025177001953125
(2,39): 0.004753713607788086
(2,40): 0.009606618881225586
(2,41): 0.0029771232604980467
(3,0): -0.0016655921936035156
(3,6): -0.007915077209472656
(3,7): -0.004493532180786133
(3,17): -0.004117183685302735
(3,40): -0.0008603954315185547
(4,9): 4.3001174926757816e-05
(4,10): -0.004601783752441406
(4,12): 0.003914270401000976
(4,18): -0.0004937362670898438
(4,19): -0.005753068923950195
(4,41): 0.002323436737060547
(4,43): -0.003012065887451172
(5,10): -0.002022247314453125
(5,11): -0.0002426910400390625
(5,12): 0.0023253536224365234
(5,18): -0.0022147846221923827
(5,19): -0.006963205337524414
(5,22): 0.003562889099121094
(5,26): 0.005072975158691406
(5,27): 0.005479612350463867
(5,39): 0.004428739547729492
(5,40): 0.006803703308105469
(5,41): 0.0021962547302246094
(6,0): 0.002608041763305664
(6,1): -0.0009983158111572265
(6,2): 0.001304483413696289
(6,3): 0.009415359497070312
(6,7): 0.0006973934173583984
(6,9): 0.0005165958404541016
(6,13): -0.0031780338287353514
(6,17): -0.0008850765228271485
(6,29): -0.005765247344970703
(6,34): -0.0012691879272460937
(6,42): 0.0010984134674072265
(7,3): 0.005126485824584961
(7,6): 0.005678443908691406
(7,17): -0.002660703659057617
(7,42): -0.0003203105926513672
(8,9): 0.003285789489746094
(8,10): -0.0025058269500732424
(8,12): -0.0014491653442382812
(8,18): -0.0005979633331298828
(8,19): -0.0025323867797851563
(9,2): 0.0006386280059814453
(9,4): 0.002347879409790039
(9,6): 0.0027065658569335937
(9,8): 0.0005241107940673829
(9,17): -0.0032994747161865234
(9,18): -0.001939105987548828
(9,19): -0.0020140838623046876
(9,20): 0.0013379287719726563
(9,21): -0.005394477844238282
(9,29): -0.0054128170013427734
(9,44): -0.0014481258392333985
(10,4): 0.004738340377807617
(10,5): 0.0007292366027832031
(10,8): 0.0017363452911376954
(10,11): -0.0010835742950439453
(10,18): -0.0015375232696533203
(10,22): 0.0016071128845214844
(10,25): 0.0064465713500976565
(10,33): 0.005243349075317383
(10,36): 0.007379512786865234
(10,42): 0.00201416015625
(11,5): 0.0024234485626220704
(11,10): 0.0008806228637695312
(11,12): 0.0017073726654052734
(11,22): 0.004064712524414062
(11,26): 0.007355194091796875
(11,27): 0.006083412170410156
(11,28): 0.006922607421875
(12,4): 0.0051403999328613285
(12,5): 0.002794780731201172
(12,8): -0.007481660842895508
(12,11): -0.004811058044433594
(12,18): -0.002313833236694336
(12,22): -0.0024732112884521484
(12,25): -0.0011943912506103516
(12,33): -0.002224721908569336
(12,36): -0.0014749717712402343
(13,0): 0.016348648071289062
(13,1): 0.002590217590332031
(13,6): 0.0050634098052978515
(13,14): 0.00017183303833007813
(13,31): 0.0005095577239990234
(13,34): 0.0008615589141845703
(13,37): 0.0010119247436523437
(13,48): 0.000736398696899414
(13,59): 0.0004602813720703125
(13,62): 0.0023155117034912107
(14,1): 0.00395538330078125
(14,13): 0.0013107776641845704
(14,16): 0.0007350444793701172
(14,31): 0.00024439811706542967
(14,32): 0.001359405517578125
(14,37): 0.0015549659729003906
(14,57): 0.0009544944763183594
(15,1): 0.005632333755493164
(15,16): 0.0003360176086425781
(15,31): 0.000668802261352539
(15,32): 0.0005816936492919922
(15,37): 0.0009196090698242187
(15,45): 0.0008259201049804687
(15,59): 0.000595550537109375
(16,1): 0.00472555160522461
(16,14): 0.0003811454772949219
(16,15): 0.00036110877990722654
(16,31): 0.0004799652099609375
(16,32): 0.0004968833923339844
(16,37): 0.0002539634704589844
(16,46): 0.002338447570800781
(16,62): 0.0013732337951660157
(17,0): 0.015714521408081054
(17,2): 0.007338552474975586
(17,3): 0.010819578170776367
(17,6): 0.0020597553253173828
(17,7): 0.006195468902587891
(17,9): -0.003251791000366211
(17,45): 0.0002614498138427734
(17,46): 0.000865030288696289
(17,47): 0.0004619598388671875
(17,48): 0.00048415184020996095
(17,54): 0.0006014347076416015
(17,60): -0.00010007858276367187
(18,2): 0.009304046630859375
(18,4): 0.004536275863647461
(18,5): 0.008509597778320312
(18,8): -0.0007449722290039062
(18,9): 0.0021860790252685547
(18,10): 0.001717081069946289
(18,12): 0.0033225345611572264
(18,19): 0.0014978504180908202
(18,20): 0.0010159969329833984
(18,45): 0.0005825138092041015
(18,46): 0.0012366199493408204
(18,48): 0.0004860019683837891
(18,50): 0.0006064224243164062
(18,52): 0.00011945724487304688
(18,54): 3.9215087890625e-05
(18,59): -0.0004536819458007813
(18,60): 0.000191802978515625
(19,2): 0.010073585510253906
(19,4): 0.007441396713256836
(19,5): 0.0074555397033691405
(19,8): -0.002160511016845703
(19,9): -0.00019621849060058594
(19,18): 0.0011431598663330079
(19,20): 0.00033178329467773435
(19,21): 0.000485076904296875
(19,29): 0.001818370819091797
(19,34): 0.0010167980194091797
(19,38): 0.000887908935546875
(19,52): 0.0012061691284179687
(19,59): -0.00015302658081054688
(20,2): 0.011709070205688477
(20,9): 0.0019858837127685546
(20,18): 0.0011571979522705079
(20,19): 0.0014687156677246093
(20,21): 0.0014754009246826171
(20,29): 0.0014772415161132812
(20,30): 0.0009152984619140625
(20,34): 0.0016932487487792969
(20,38): 0.0004915714263916016
(20,45): 0.00046212196350097656
(20,48): 0.0012154483795166016
(20,54): 0.0005641746520996094
(21,2): 0.009332933425903321
(21,9): -0.00030282020568847654
(21,19): 0.003101949691772461
(21,20): 0.00015676498413085937
(21,29): 0.0015661144256591797
(21,30): 0.0010628700256347656
(21,34): 0.0025371360778808595
(21,38): 0.0004574966430664063
(21,54): 0.0008437442779541016
(22,5): 0.007987661361694336
(22,10): 0.0017310619354248048
(22,11): 0.0020923519134521482
(22,12): 0.004257106781005859
(22,23): 0.0004901695251464844
(22,24): 0.000649871826171875
(22,25): 5.79833984375e-06
(22,33): -9.531021118164062e-05
(22,35): 0.00044249534606933595
(22,36): 7.358551025390625e-05
(22,50): 0.00015618324279785157
(22,52): -0.0008819866180419922
(22,53): 0.0002810573577880859
(22,59): -0.000841989517211914
(22,62): 0.0008069324493408203
(23,22): -0.00012281417846679688
(23,24): -3.930091857910156e-05
(23,25): -0.0004997062683105469
(23,33): 0.0001271343231201172
(23,35): -0.0001659393310546875
(23,36): -0.0007436466217041015
(23,61): -0.0003152179718017578
(24,22): 0.0003707218170166016
(24,23): 1.2483596801757812e-05
(24,25): -0.0006893157958984375
(24,33): -0.00038351058959960936
(24,35): -9.246826171875e-05
(24,36): -0.00045666694641113283
(24,62): -0.0005796527862548828
(25,10): 0.0026292800903320312
(25,12): 0.006151914596557617
(25,22): -0.000111083984375
(25,23): 0.00025674819946289065
(25,24): 0.00034966468811035154
(25,33): 0.0004526233673095703
(25,35): 0.0002636051177978516
(25,36): 9.0484619140625e-05
(25,49): 0.0005295372009277344
(25,54): -8.1024169921875e-05
(26,5): 0.00939499855041504
(26,11): 0.002613029479980469
(26,27): -7.747650146484375e-05
(26,28): 1.1548995971679687e-05
(26,48): -2.25067138671875e-05
(26,50): 0.0003251075744628906
(26,51): 0.0007530689239501953
(26,52): 0.0003675651550292969
(26,53): 0.0003468513488769531
(26,61): 0.0009690761566162109
(27,5): 0.010327091217041015
(27,11): 0.0023661041259765625
(27,26): -7.162094116210937e-06
(27,28): -0.00044358253479003906
(27,46): -0.00022382736206054686
(27,48): -0.0009187507629394531
(27,52): 2.8371810913085938e-05
(27,53): 0.0006635189056396484
(27,54): -0.00022217750549316406
(27,55): 0.0004542160034179687
(27,61): 0.0014642143249511718
(28,11): 0.0036181068420410157
(28,26): 0.000634765625
(28,27): 0.00048313140869140627
(28,51): 0.0008777523040771484
(28,52): 0.002587451934814453
(28,53): 0.0007825660705566407
(28,55): 0.0009267997741699219
(29,6): 0.004869585037231445
(29,9): 0.0018101406097412109
(29,19): 0.004712228775024414
(29,20): 0.0005193519592285157
(29,21): 0.002641105651855469
(29,30): 0.0006592464447021484
(29,34): 0.0005381965637207032
(29,38): 0.0007614707946777344
(29,46): 0.0016649818420410155
(29,59): 0.0006700038909912109
(30,1): 0.004264640808105469
(30,20): 0.0006177234649658203
(30,21): 0.004147863388061524
(30,29): 0.0027377796173095703
(30,34): 0.0019488048553466797
(30,38): 0.0002767086029052734
(30,45): 0.0005620098114013671
(30,47): 0.0014913082122802734
(31,1): 0.004721870422363281
(31,13): 0.0018550872802734375
(31,14): -2.941131591796875e-05
(31,15): 0.0005422782897949219
(31,16): -2.899169921875e-06
(31,32): 0.0005672836303710938
(31,37): 0.0005449485778808593
(31,45): 0.0007526588439941407
(31,59): 0.001080322265625
(32,14): -0.0004974365234375
(32,15): 9.584426879882813e-06
(32,16): -0.0003277778625488281
(32,31): -0.0009356021881103515
(32,37): 0.000239715576171875
(32,56): 0.0003065299987792969
(33,10): 0.0020308876037597656
(33,12): 0.005858230590820313
(33,22): 0.000559854507446289
(33,23): 0.0002701663970947266
(33,24): 0.0006881904602050781
(33,25): 9.790420532226562e-05
(33,35): 0.00037606239318847655
(33,36): 0.00015172004699707032
(33,49): 0.0011609745025634765
(34,1): 0.005209331512451172
(34,6): 0.00604043960571289
(34,13): 0.002142505645751953
(34,19): 0.003730487823486328
(34,20): 0.0006029224395751953
(34,21): 0.0038319873809814454
(34,29): 0.0012124156951904296
(34,30): 0.00022541046142578126
(34,38): 0.0008303451538085937
(34,46): 0.002459735870361328
(34,59): 0.0003002357482910156
(34,60): 0.001093435287475586
(35,22): -0.0005924224853515625
(35,23): -9.518623352050781e-05
(35,24): -0.00011270523071289063
(35,25): -0.0007845497131347656
(35,33): -0.0004294013977050781
(35,36): -0.0007582283020019531
(35,46): -0.0004670333862304688
(35,61): -0.0004522705078125
(35,62): -0.00046929359436035154
(36,10): 0.0017743396759033203
(36,12): 0.007327728271484375
(36,22): -0.0001256084442138672
(36,23): 1.3446807861328125e-05
(36,24): 0.00016571998596191407
(36,25): -0.00023183822631835937
(36,33): -0.0005739116668701172
(36,35): 0.00017693519592285156
(36,46): -0.0008193397521972656
(36,48): -0.0007615566253662109
(36,52): -0.0006864452362060547
(36,59): -0.001957359313964844
(36,62): -0.00012724876403808594
(37,1): 0.004311208724975586
(37,13): 0.002928333282470703
(37,14): 0.0009681224822998047
(37,15): 0.0012965965270996093
(37,16): 0.0008185768127441407
(37,31): 0.000498809814453125
(37,32): 0.0005281639099121094
(37,57): 0.0010085678100585937
(38,19): 0.0031780052185058595
(38,20): 0.0002301025390625
(38,21): 0.0019689559936523437
(38,29): 0.0022142887115478515
(38,30): -4.50897216796875e-05
(38,34): 0.002137765884399414
(38,45): -0.002451143264770508
(38,54): -0.0015211200714111328
(38,58): -0.0006485271453857422
(38,60): -0.0020560455322265626
(38,62): -0.0010769271850585938
(39,0): -0.0006879425048828125
(39,2): -0.0030679988861083986
(39,5): -0.008769607543945313
(39,40): 0.00046442031860351564
(39,46): 0.00047695159912109375
(40,0): -0.0019334602355957032
(40,1): -0.011143465042114258
(40,2): -0.0048758316040039065
(40,3): -0.0008377552032470704
(40,5): -0.008693618774414063
(40,39): -0.0018664836883544923
(41,2): -0.002803173065185547
(41,4): -0.0006272125244140625
(41,5): -0.0046090507507324215
(41,52): 0.0049617385864257815
(42,6): 0.0024296379089355467
(42,7): -0.0012072372436523439
(42,10): -0.004431705474853515
(43,4): 0.006414394378662109
(44,9): 0.005965585708618164
(44,46): 0.004481325149536133
(44,59): 0.009332542419433593
(45,15): 0.0011481952667236328
(45,17): 0.0026605796813964845
(45,18): 0.000527944564819336
(45,20): 4.94384765625e-05
(45,30): 0.0009152317047119141
(45,31): -0.0017620468139648438
(45,38): -0.0006317424774169921
(45,56): 3.118515014648438e-05
(46,16): -9.341239929199219e-05
(46,17): 0.00241485595703125
(46,18): 0.0014134597778320311
(46,27): -0.0001395130157470703
(46,29): 0.002551994323730469
(46,34): 0.002781476974487305
(46,35): 0.0020500469207763673
(46,36): 0.000786600112915039
(46,39): 0.01820779800415039
(46,44): 0.000407562255859375
(47,17): 0.004886922836303711
(47,30): 0.002297506332397461
(47,62): -0.00015810012817382813
(48,13): 0.0024560737609863282
(48,17): 0.0032643795013427733
(48,18): 0.0017249774932861328
(48,20): -0.00011946678161621093
(48,26): -0.0014788532257080079
(48,27): -0.001261739730834961
(48,36): -0.0005891609191894531
(48,49): 6.535530090332031e-05
(49,25): -5.7058334350585936e-05
(49,33): -0.0005924034118652343
(49,48): -0.0009601116180419922
(50,18): 0.00156982421875
(50,22): 0.0014464282989501954
(50,26): 6.122589111328125e-05
(50,54): -0.0005719280242919922
(50,58): 0.00017310142517089843
(51,26): 0.00024942398071289064
(51,28): -0.0011563777923583984
(51,53): -0.0002966213226318359
(52,18): 0.0018836021423339843
(52,19): 0.005106019973754883
(52,22): 0.0004502582550048828
(52,26): -0.00013670921325683593
(52,27): -0.0002512836456298828
(52,28): -3.470420837402344e-05
(52,36): 0.00048213958740234375
(52,41): 0.018966560363769532
(53,22): -1.621246337890625e-06
(53,26): -0.000345458984375
(53,27): -0.0007358360290527344
(53,28): -0.0012539386749267577
(53,51): -0.00014408111572265626
(54,17): 0.0025601100921630857
(54,18): 0.00012812614440917968
(54,20): -4.698753356933594e-05
(54,21): 0.0062665843963623045
(54,25): -0.0007300853729248046
(54,27): -0.0010938358306884766
(54,38): -0.00044155120849609375
(54,50): -0.0005928993225097657
(55,27): 0.0005080509185791016
(55,28): -0.00030473709106445314
(56,32): -0.00033115386962890626
(56,45): -0.0002678871154785156
(57,14): -0.00027368545532226564
(57,37): 0.0012763690948486327
(57,60): 0.0001388263702392578
(58,38): -0.000281982421875
(58,50): -0.00026418685913085936
(59,13): 0.0018799114227294922
(59,15): -7.386207580566407e-05
(59,18): 0.0022202491760253905
(59,19): 0.005293865203857422
(59,22): 2.4366378784179688e-05
(59,29): 0.0027888202667236328
(59,31): -0.0014261054992675782
(59,34): 0.0020592403411865234
(59,36): 0.0003978729248046875
(59,44): 0.002300558090209961
(60,17): 0.004323759078979492
(60,18): 0.001962270736694336
(60,34): 0.0022175979614257814
(60,38): -0.00036293983459472656
(60,57): -0.00019744873046875
(61,23): 0.00026966094970703124
(61,26): -0.0014389801025390626
(61,27): -0.0011884212493896485
(61,35): -9.333610534667969e-05
(62,13): 0.0010968971252441407
(62,16): -0.0022579097747802736
(62,22): -0.0001401805877685547
(62,24): -0.0004553413391113281
(62,35): -0.0010335540771484375
(62,36): -0.0014324951171875
(62,38): -0.001322784423828125
(62,47): -0.0012359333038330078
