Interaction name: 4ura

Affinity: 5.5
Predicted value: 6.288433074951172

Attributions for edges: 

(0,1): 0.5493621826171875
(0,7): 0.652756929397583
(0,8): 0.45827358961105347
(0,9): 0.3556182086467743
(0,10): 0.5059145092964172
(0,12): 0.5902295112609863
(1,0): 0.5934761762619019
(1,6): 0.4617820382118225
(1,8): 0.3363862633705139
(1,9): 0.5034050345420837
(1,10): 0.40839698910713196
(1,12): 0.4844169616699219
(2,3): 0.45564550161361694
(2,8): 0.5087727308273315
(2,9): 0.5048573613166809
(2,10): 0.31254053115844727
(2,12): 0.33591458201408386
(3,2): 0.5294985771179199
(3,4): 0.6618105173110962
(3,5): 0.36648690700531006
(3,10): 0.4472619891166687
(3,11): 0.5997382402420044
(3,12): 0.5472924709320068
(4,3): 0.3327334225177765
(4,5): 0.37196603417396545
(4,12): 0.3644964098930359
(5,3): 0.5673098564147949
(5,4): 0.3219537138938904
(6,1): 0.3622627556324005
(6,7): 0.4658467769622803
(6,8): 0.35132676362991333
(6,9): 0.44417887926101685
(6,10): 0.42152613401412964
(7,0): 0.4472363293170929
(7,6): 0.7721472978591919
(7,8): 0.41757720708847046
(7,9): 0.6230970621109009
(7,10): 0.41032880544662476
(8,0): 0.5476725697517395
(8,1): 0.4795474112033844
(8,2): 0.32666176557540894
(8,6): 0.5353606343269348
(8,7): 0.6587492227554321
(8,9): 0.33630743622779846
(8,10): 0.4216504395008087
(8,11): 0.5233870148658752
(8,13): 0.4785732328891754
(9,0): 0.4440726041793823
(9,1): 0.4075264036655426
(9,2): 0.35443559288978577
(9,6): 0.3415701687335968
(9,7): 0.6136576533317566
(9,8): 0.32776716351509094
(9,10): 0.5673931241035461
(9,11): 0.6445184350013733
(10,0): 0.46092477440834045
(10,1): 0.3790219724178314
(10,2): 0.5769341588020325
(10,3): 0.3530554175376892
(10,6): 0.471072256565094
(10,7): 0.6064308881759644
(10,8): 0.4320507347583771
(10,9): 0.501253068447113
(10,11): 0.5400757193565369
(11,3): 0.5377923846244812
(11,8): 0.5552812218666077
(11,9): 0.5996986031532288
(11,10): 0.4408402144908905
(12,0): 0.6154128909111023
(12,1): 0.3912400007247925
(12,2): 0.39472031593322754
(12,3): 0.517098605632782
(12,4): 0.3832763135433197
(13,8): 0.45612868666648865
