Interaction name: 6h29

Affinity: 5.619999885559082
Predicted value: 6.243721008300781

Attributions for edges: 

(0,1): 0.0
(0,2): 0.0
(0,5): 0.0
(0,7): 0.0
(0,8): 0.0
(0,10): 0.0
(1,0): 0.0
(1,2): 0.0
(1,5): 0.0
(1,7): 0.0
(1,8): 0.0
(1,9): 0.0
(1,10): 0.0
(2,0): 0.0
(2,1): 0.0
(2,5): 0.0
(2,8): 0.0
(2,11): 0.0
(2,12): 0.0
(2,13): 0.0
(3,4): 3.304121418982409e-24
(3,5): 2.703581937331914e-26
(3,6): 1.3049613195482805e-24
(3,7): 3.304121418982409e-24
(3,8): 0.0
(3,9): 3.304121418982409e-24
(4,3): 3.4573568609606855e-24
(4,5): 3.369549558238658e-22
(4,6): 1.626409952102579e-20
(4,7): 4.118034669064286e-20
(4,8): 0.0
(4,9): 4.118034669064286e-20
(4,16): 3.514555117315351e-21
(4,18): 4.118034669064286e-20
(5,0): 0.0
(5,1): 0.0
(5,2): 0.0
(5,3): 2.902157948698673e-26
(5,4): 3.4567142706445105e-22
(5,7): 3.4567142706445105e-22
(5,8): 0.0
(5,9): 3.4567142706445105e-22
(5,14): 5.6783088107793015e-28
(5,17): 3.4036422332961376e-22
(6,3): 1.3585716164138084e-24
(6,4): 1.6181791818902495e-20
(6,7): 1.6181791818902495e-20
(6,8): 0.0
(6,9): 1.6181791818902495e-20
(7,0): 0.0
(7,1): 0.0
(7,3): 3.4573568609606855e-24
(7,4): 4.118034669064286e-20
(7,5): 3.369549558238658e-22
(7,6): 1.626409952102579e-20
(7,8): 0.0
(7,9): 4.118034669064286e-20
(7,16): 3.514555117315351e-21
(7,17): 4.054793480060339e-20
(8,0): 0.0
(8,1): 0.0
(8,2): 0.0
(8,3): 0.0
(8,4): 0.0
(8,5): 0.0
(8,6): 0.0
(8,7): 0.0
(8,9): 0.0
(9,1): 0.0
(9,3): 3.4573568609606855e-24
(9,4): 4.118034669064286e-20
(9,5): 3.369549558238658e-22
(9,6): 1.626409952102579e-20
(9,7): 4.118034669064286e-20
(9,8): 0.0
(9,14): 6.764652360402865e-26
(9,15): 1.2959899099201444e-20
(9,18): 4.118034669064286e-20
(10,0): 0.0
(10,1): 0.0
(10,12): 0.0
(11,2): 0.0
(11,12): 0.0
(11,13): 0.0
(12,2): 0.0
(12,10): 0.0
(12,11): 0.0
(13,2): 0.0
(13,11): 0.0
(14,5): 4.5409966229575985e-28
(14,9): 5.549718435808251e-26
(15,9): 1.2660552613717447e-20
(15,17): 1.2466170824322454e-20
(16,4): 3.3574265457956132e-21
(16,7): 3.3574265457956132e-21
(16,18): 3.3574265457956132e-21
(17,5): 3.3155387133041996e-22
(17,7): 4.052025979299981e-20
(17,15): 1.2752162058764128e-20
(18,4): 4.118034669064286e-20
(18,9): 4.118034669064286e-20
(18,16): 3.514555117315351e-21
