Interaction name: 5t4u

Affinity: 5.320000171661377
Predicted value: 6.429172515869141

Attributions for edges: 

(0,3): 8.332539756251265e-27
(0,7): 4.394844251343365e-27
(1,2): 1.6626701121314736e-26
(1,3): 1.4350401379212708e-26
(1,4): 1.5870334506115426e-26
(1,5): 1.688363866482346e-26
(1,6): 1.5487270121664716e-26
(1,8): 1.512954789379423e-26
(2,1): 1.66272080260761e-26
(2,3): 1.5023954547547322e-26
(2,4): 1.6615162489831923e-26
(2,5): 1.767609258494872e-26
(2,6): 1.6214182334666545e-26
(2,10): 1.9864821062851439e-26
(3,0): 8.33533774727447e-27
(3,1): 1.434936137704274e-26
(3,2): 1.502246310739839e-26
(3,4): 1.43390183628694e-26
(3,5): 1.525455153239265e-26
(3,6): 1.399297189269377e-26
(3,9): 1.301917086826105e-26
(4,1): 1.5870334506115426e-26
(4,2): 1.661465558507056e-26
(4,3): 1.4340059905783326e-26
(4,5): 1.6871469869062843e-26
(4,6): 1.5475991875910384e-26
(5,1): 1.6884282695796863e-26
(5,2): 1.7676294422406892e-26
(5,3): 1.5256238647023934e-26
(5,4): 1.687205072953407e-26
(5,10): 2.017194988145485e-26
(6,1): 1.5487034387839523e-26
(6,2): 1.6213502866582165e-26
(6,3): 1.3993719153512192e-26
(6,4): 1.5475813149611545e-26
(7,0): 4.3941570795392075e-27
(8,1): 1.512920122640424e-26
(8,9): 1.372672055197399e-26
(9,3): 1.3019371164975267e-26
(9,8): 1.372630146961809e-26
(10,2): 1.9866335614159705e-26
(10,5): 2.0173335010270852e-26
