Interaction name: 5doh

Affinity: 7.489999771118164
Predicted value: 6.794408798217773

Attributions for edges: 

(0,7): 6.401698384822241e-23
(0,20): 6.401698384822241e-23
(0,21): 6.401698384822241e-23
(0,30): 3.6609598884459656e-23
(1,2): 3.1163730694315548e-21
(1,4): 8.990450206033204e-23
(1,5): 1.1079386068583376e-22
(1,9): 1.112941373392632e-22
(1,10): 1.1770213651390763e-22
(1,11): 7.63422980926893e-23
(1,23): 1.0822195956464705e-22
(1,29): 3.0881019101755676e-21
(1,30): 5.1413589823777867e-23
(2,1): 3.762535625464366e-21
(2,4): 3.0357867753994233e-21
(2,9): 3.7580600452067e-21
(2,11): 2.577834667858527e-21
(2,23): 3.654322387545887e-21
(2,29): 3.3535879511551627e-20
(2,30): 1.7360786320803034e-21
(3,7): 1.626326844028492e-23
(3,20): 1.626326844028492e-23
(3,21): 1.626326844028492e-23
(4,1): 8.785637933666311e-23
(4,2): 2.4571517225954894e-21
(4,5): 8.735742796955444e-23
(4,10): 9.280403289267515e-23
(4,11): 6.019301532004338e-23
(4,24): 7.088656131572975e-23
(4,28): 7.088656131572975e-23
(4,31): 6.813324742989116e-23
(5,1): 1.1157936419904216e-22
(5,4): 9.002736872404203e-23
(5,6): 8.983798530880381e-23
(5,10): 1.178630010297003e-22
(5,11): 7.644633937975709e-23
(5,12): 9.03680051738037e-23
(5,16): 9.002736872404203e-23
(5,17): 9.040385732422418e-23
(5,18): 7.845320152263934e-23
(5,19): 8.983798530880381e-23
(5,23): 1.083702654148286e-22
(5,24): 9.002736872404203e-23
(5,25): 9.002736872404203e-23
(5,26): 8.997791661161553e-23
(5,27): 7.845320152263934e-23
(5,28): 9.002736872404203e-23
(5,30): 5.1484044568944966e-23
(5,31): 8.653059445579971e-23
(6,5): 8.719395705733092e-23
(6,10): 9.263072330724172e-23
(6,11): 6.00803786045523e-23
(6,12): 7.102216966078086e-23
(6,17): 7.10498113468998e-23
(6,18): 6.165806886055812e-23
(6,19): 7.060536080201104e-23
(6,20): 7.075391908768226e-23
(6,21): 7.075391908768226e-23
(6,22): 7.075391908768226e-23
(6,27): 6.165806886055812e-23
(6,38): 7.003212398117952e-23
(6,41): 7.075391908768226e-23
(7,0): 6.321229523779904e-23
(7,3): 1.6756557363815913e-23
(7,19): 7.073773166190713e-23
(7,20): 7.088656131572975e-23
(7,21): 7.088656131572975e-23
(7,33): 7.088656131572975e-23
(7,34): 6.309521565768976e-23
(8,9): 5.918705989370555e-23
(8,11): 4.05992597571713e-23
(8,18): 4.166554411009682e-23
(8,19): 4.771150661634273e-23
(8,20): 4.7811900210584777e-23
(8,21): 4.7811900210584777e-23
(8,22): 4.7811900210584777e-23
(8,23): 5.755325322834593e-23
(8,27): 4.166554411009682e-23
(8,32): 4.498868062676913e-23
(8,34): 4.2556748673717583e-23
(8,35): 4.23320148235946e-23
(8,36): 2.5808430173195798e-23
(8,43): 4.068484169905692e-23
(9,1): 1.1008021293476015e-22
(9,2): 3.0787038378693224e-21
(9,8): 6.042261170878615e-23
(9,10): 1.1628029361833728e-22
(9,11): 7.541950122753624e-23
(9,19): 8.863128055930533e-23
(9,22): 8.881810806521063e-23
(9,23): 1.0691463402896582e-22
(9,35): 7.863836926520006e-23
(9,36): 4.7943030981137855e-23
(9,37): 8.881810806521063e-23
(10,1): 1.1678795400983958e-22
(10,4): 9.423024923310405e-23
(10,5): 1.1612469238250424e-22
(10,6): 9.403204319750184e-23
(10,9): 1.1664903875987379e-22
(10,11): 8.001520291296212e-23
(10,12): 9.458678280782774e-23
(10,17): 9.462431996514177e-23
(10,18): 8.211607203219775e-23
(10,19): 9.403204319750184e-23
(10,20): 9.423024923310405e-23
(10,22): 9.423024923310405e-23
(10,23): 1.1342906000605542e-22
(10,25): 9.423024923310405e-23
(10,27): 8.211607203219775e-23
(10,40): 9.437379036341806e-23
(10,42): 9.423024923310405e-23
(11,1): 7.428224779213342e-23
(11,2): 2.0775127779893375e-21
(11,4): 5.993433205200331e-23
(11,5): 7.386038391268295e-23
(11,6): 5.980848664951521e-23
(11,8): 4.077340237972065e-23
(11,9): 7.419388905986143e-23
(11,10): 7.84657664991377e-23
(11,12): 6.01613346660897e-23
(11,18): 5.222960963224383e-23
(11,19): 5.980848664951521e-23
(11,22): 5.993433205200331e-23
(11,23): 7.214610712410355e-23
(11,27): 5.222960963224383e-23
(11,38): 5.932268086053114e-23
(11,44): 5.993433205200331e-23
(12,5): 8.76892985969373e-23
(12,6): 7.10064618624361e-23
(12,10): 9.315695032900931e-23
(12,11): 6.042168400836161e-23
(12,13): 7.115613717514911e-23
(12,15): 7.25415725622217e-23
(12,16): 7.115613717514911e-23
(12,17): 7.145370813037296e-23
(12,18): 6.200810222142279e-23
(12,24): 7.115613717514911e-23
(12,25): 7.115613717514911e-23
(12,26): 7.111706016134808e-23
(12,27): 6.200810222142279e-23
(12,28): 7.115613717514911e-23
(13,12): 7.115478033439213e-23
(13,14): 7.085709578319793e-23
(13,15): 7.226675866639167e-23
(13,24): 7.088656131572975e-23
(13,25): 7.088656131572975e-23
(13,26): 7.084791344226116e-23
(13,28): 7.088656131572975e-23
(13,41): 7.088656131572975e-23
(13,44): 7.088656131572975e-23
(14,13): 7.08603395792402e-23
(14,15): 7.224029711618694e-23
(14,16): 7.08603395792402e-23
(14,24): 7.08603395792402e-23
(14,25): 7.08603395792402e-23
(14,26): 7.082196938481025e-23
(14,28): 7.08603395792402e-23
(14,38): 7.013718763198048e-23
(15,12): 7.254739120025861e-23
(15,13): 7.227419920244972e-23
(15,14): 7.224415306829166e-23
(15,16): 7.227419920244972e-23
(15,17): 7.257617515696832e-23
(15,24): 7.227419920244972e-23
(15,25): 7.227419920244972e-23
(15,26): 7.22342323535476e-23
(15,28): 7.227419920244972e-23
(15,40): 7.238429263038236e-23
(16,5): 8.735742796955444e-23
(16,12): 7.115478033439213e-23
(16,14): 7.085709578319793e-23
(16,15): 7.226675866639167e-23
(16,17): 7.11830152439118e-23
(16,24): 7.088656131572975e-23
(16,25): 7.088656131572975e-23
(16,26): 7.084791344226116e-23
(16,28): 7.088656131572975e-23
(16,32): 6.670083379819085e-23
(16,39): 7.088656131572975e-23
(17,5): 8.772409682918841e-23
(17,6): 7.103463366308335e-23
(17,10): 9.31935597858988e-23
(17,12): 7.145370813037296e-23
(17,15): 7.257035651893141e-23
(17,16): 7.118410071651739e-23
(17,18): 6.203271468166568e-23
(17,24): 7.118410071651739e-23
(17,25): 7.118410071651739e-23
(17,26): 7.114527613820603e-23
(17,27): 6.203271468166568e-23
(17,28): 7.118410071651739e-23
(18,5): 7.583292113985723e-23
(18,6): 6.14057406559705e-23
(18,8): 4.186214086945238e-23
(18,10): 8.05615995303544e-23
(18,11): 5.225232882631419e-23
(18,12): 6.176824433002491e-23
(18,17): 6.17922824995288e-23
(18,19): 6.14057406559705e-23
(18,20): 6.153517695329917e-23
(18,21): 6.153517695329917e-23
(18,22): 6.153517695329917e-23
(18,23): 7.407256856352568e-23
(18,41): 6.153517695329917e-23
(19,5): 8.719395705733092e-23
(19,6): 7.060536080201104e-23
(19,7): 7.075391908768226e-23
(19,8): 4.81337933252384e-23
(19,9): 8.758733359177205e-23
(19,10): 9.263072330724172e-23
(19,11): 6.00803786045523e-23
(19,18): 6.165806886055812e-23
(19,20): 7.075391908768226e-23
(19,21): 7.075391908768226e-23
(19,22): 7.075391908768226e-23
(19,23): 8.516989774671485e-23
(19,27): 6.165806886055812e-23
(19,38): 7.003212398117952e-23
(19,41): 7.075391908768226e-23
(20,0): 6.321229523779904e-23
(20,3): 1.6756557363815913e-23
(20,6): 7.073773166190713e-23
(20,7): 7.088656131572975e-23
(20,8): 4.8224035857352063e-23
(20,10): 9.280403289267515e-23
(20,18): 6.17734255684504e-23
(20,19): 7.073773166190713e-23
(20,21): 7.088656131572975e-23
(20,22): 7.088656131572975e-23
(20,23): 8.532923502779501e-23
(20,27): 6.17734255684504e-23
(20,37): 7.088656131572975e-23
(21,0): 6.321229523779904e-23
(21,3): 1.6756557363815913e-23
(21,6): 7.073773166190713e-23
(21,7): 7.088656131572975e-23
(21,8): 4.8224035857352063e-23
(21,18): 6.17734255684504e-23
(21,19): 7.073773166190713e-23
(21,20): 7.088656131572975e-23
(21,22): 7.088656131572975e-23
(21,27): 6.17734255684504e-23
(21,32): 6.670083379819085e-23
(21,37): 7.088656131572975e-23
(21,41): 7.088656131572975e-23
(22,6): 7.073773166190713e-23
(22,8): 4.8224035857352063e-23
(22,9): 8.775153656691561e-23
(22,10): 9.280403289267515e-23
(22,11): 6.019301532004338e-23
(22,18): 6.17734255684504e-23
(22,19): 7.073773166190713e-23
(22,20): 7.088656131572975e-23
(22,21): 7.088656131572975e-23
(22,23): 8.532923502779501e-23
(22,27): 6.17734255684504e-23
(22,42): 7.088656131572975e-23
(23,1): 1.068726287634846e-22
(23,2): 2.9889949291372745e-21
(23,5): 1.0626608939067828e-22
(23,8): 5.866198145341596e-23
(23,9): 1.0674509835410296e-22
(23,10): 1.1289118308643952e-22
(23,11): 7.32218862068843e-23
(23,18): 7.514410041919272e-23
(23,19): 8.604868879513106e-23
(23,20): 8.622974815009738e-23
(23,22): 8.622974815009738e-23
(23,27): 7.514410041919272e-23
(23,42): 8.622974815009738e-23
(23,43): 7.337567621807895e-23
(24,4): 7.088656131572975e-23
(24,5): 8.735742796955444e-23
(24,12): 7.115478033439213e-23
(24,13): 7.088656131572975e-23
(24,14): 7.085709578319793e-23
(24,15): 7.226675866639167e-23
(24,16): 7.088656131572975e-23
(24,17): 7.11830152439118e-23
(24,25): 7.088656131572975e-23
(24,26): 7.084791344226116e-23
(25,5): 8.735742796955444e-23
(25,10): 9.280403289267515e-23
(25,12): 7.115478033439213e-23
(25,13): 7.088656131572975e-23
(25,14): 7.085709578319793e-23
(25,15): 7.226675866639167e-23
(25,16): 7.088656131572975e-23
(25,17): 7.11830152439118e-23
(25,24): 7.088656131572975e-23
(25,26): 7.084791344226116e-23
(25,28): 7.088656131572975e-23
(25,40): 7.09948119645878e-23
(26,5): 8.731478530446181e-23
(26,12): 7.112031657916484e-23
(26,13): 7.085195872098313e-23
(26,14): 7.08225058102258e-23
(26,15): 7.223202985390022e-23
(26,16): 7.085195872098313e-23
(26,17): 7.114826118787139e-23
(26,24): 7.085195872098313e-23
(26,25): 7.085195872098313e-23
(26,28): 7.085195872098313e-23
(26,38): 7.01288951261448e-23
(26,40): 7.095988751459185e-23
(27,5): 7.583292113985723e-23
(27,6): 6.14057406559705e-23
(27,8): 4.186214086945238e-23
(27,10): 8.05615995303544e-23
(27,11): 5.225232882631419e-23
(27,12): 6.176824433002491e-23
(27,17): 6.17922824995288e-23
(27,19): 6.14057406559705e-23
(27,20): 6.153517695329917e-23
(27,21): 6.153517695329917e-23
(27,22): 6.153517695329917e-23
(27,23): 7.407256856352568e-23
(28,4): 7.088656131572975e-23
(28,5): 8.735742796955444e-23
(28,12): 7.115478033439213e-23
(28,13): 7.088656131572975e-23
(28,14): 7.085709578319793e-23
(28,15): 7.226675866639167e-23
(28,16): 7.088656131572975e-23
(28,17): 7.11830152439118e-23
(28,25): 7.088656131572975e-23
(28,26): 7.084791344226116e-23
(29,1): 3.73524957046327e-21
(29,2): 3.4285095120197264e-20
(29,30): 1.72348856349427e-21
(30,0): 3.539671893179511e-23
(30,1): 4.9196373187353e-23
(30,2): 1.3759206390830206e-21
(30,5): 4.89169712764982e-23
(30,29): 1.3634385119123702e-21
(30,31): 3.815228264893538e-23
(31,4): 6.843201745369095e-23
(31,5): 8.433255029481533e-23
(31,30): 3.913429141363433e-23
(32,8): 4.529883549115306e-23
(32,16): 6.65869475270259e-23
(32,21): 6.65869475270259e-23
(32,33): 6.65869475270259e-23
(32,42): 6.65869475270259e-23
(33,7): 7.088656131572975e-23
(33,32): 6.670083379819085e-23
(34,7): 6.28890389715012e-23
(34,8): 4.2783328458358783e-23
(35,8): 4.255123295826828e-23
(35,9): 7.742893821241314e-23
(35,43): 5.322420546154648e-23
(36,8): 2.558356537216255e-23
(36,9): 4.6553673377644505e-23
(37,9): 8.775153656691561e-23
(37,20): 7.088656131572975e-23
(37,21): 7.088656131572975e-23
(37,43): 6.031989570803913e-23
(38,6): 6.998885653824996e-23
(38,11): 5.955577348080585e-23
(38,14): 7.010695848209241e-23
(38,19): 6.998885653824996e-23
(38,26): 7.00978771153515e-23
(39,16): 7.088656131572975e-23
(39,40): 7.09948119645878e-23
(40,10): 9.294610989714908e-23
(40,15): 7.237738220885262e-23
(40,25): 7.099508333273919e-23
(40,26): 7.095610098224679e-23
(40,39): 7.099508333273919e-23
(41,6): 7.073773166190713e-23
(41,13): 7.088656131572975e-23
(41,18): 6.17734255684504e-23
(41,19): 7.073773166190713e-23
(41,21): 7.088656131572975e-23
(42,10): 9.280403289267515e-23
(42,22): 7.088656131572975e-23
(42,23): 8.532923502779501e-23
(42,32): 6.670083379819085e-23
(43,8): 4.08495306125181e-23
(43,23): 7.228109069131773e-23
(43,35): 5.316475059284178e-23
(43,37): 6.004669739934299e-23
(44,11): 6.019301532004338e-23
(44,13): 7.088656131572975e-23
