Interaction name: 4ura

Affinity: 5.5
Predicted value: 6.36773681640625

Attributions for edges: 

(0,1): 1.3963611106099026e-23
(0,7): 1.4600562644523438e-23
(0,8): 1.4367842366595997e-23
(0,9): 1.4302112898251172e-23
(0,10): 1.3363060765285132e-23
(0,12): 9.924144711275345e-24
(1,0): 1.3963611106099026e-23
(1,6): 1.4600840323562075e-23
(1,8): 1.4367896009137552e-23
(1,9): 1.4302112898251172e-23
(1,10): 1.3363111252383066e-23
(1,12): 9.924144711275345e-24
(2,3): 7.189880238576038e-24
(2,8): 1.2480758496979786e-23
(2,9): 1.2423661533520794e-23
(2,10): 1.1607947014225154e-23
(2,12): 8.620667239089786e-24
(3,2): 7.187631984996158e-24
(3,4): 3.379613041029344e-24
(3,5): 2.716227365316655e-24
(3,10): 7.917471895010344e-24
(3,11): 7.349328749043835e-24
(3,12): 5.879906102405531e-24
(4,3): 3.378555967416348e-24
(4,5): 1.8713044821443017e-24
(4,12): 4.050889495161733e-24
(5,3): 2.7149740625534852e-24
(5,4): 1.8710116175332384e-24
(6,1): 1.4601619718136434e-23
(6,7): 1.5267732288783246e-23
(6,8): 1.5024434963838602e-23
(6,9): 1.495564471518152e-23
(6,10): 1.3973683282136887e-23
(7,0): 1.4601398837082972e-23
(7,6): 1.5267732288783246e-23
(7,8): 1.5024206194176088e-23
(7,9): 1.4955474321225992e-23
(7,10): 1.3973522354512222e-23
(8,0): 1.4368334615800855e-23
(8,1): 1.4368445056327586e-23
(8,2): 1.2482997284228803e-23
(8,6): 1.5024147818469102e-23
(8,7): 1.5023862250821412e-23
(8,9): 1.4716760278140682e-23
(8,10): 1.3750482977613654e-23
(8,11): 1.2763773390780497e-23
(8,13): 1.5234743703448713e-23
(9,0): 1.4302548349470854e-23
(9,1): 1.430260356973422e-23
(9,2): 1.2425796191130322e-23
(9,6): 1.4955302349548653e-23
(9,7): 1.495507515760795e-23
(9,8): 1.471664668217033e-23
(9,10): 1.368747350167003e-23
(9,11): 1.2705285665545601e-23
(10,0): 1.3362652135336227e-23
(10,1): 1.3362652135336227e-23
(10,2): 1.1609231279778854e-23
(10,3): 7.92079536600404e-24
(10,6): 1.3972457392290174e-23
(10,7): 1.3972244399845764e-23
(10,8): 1.3749589987068944e-23
(10,9): 1.3686637309110497e-23
(10,11): 1.1870355283459682e-23
(11,3): 7.351909113064813e-24
(11,8): 1.2762022119570906e-23
(11,9): 1.270358882573847e-23
(11,10): 1.1869494636212086e-23
(12,0): 9.920965601827305e-24
(12,1): 9.921041332474206e-24
(12,2): 8.619221257050516e-24
(12,3): 5.880758861044075e-24
(12,4): 4.052713341574604e-24
(13,8): 1.5235325882796766e-23
