Interaction name: 5x33

Affinity: 8.489999771118164
Predicted value: 7.6713385581970215

Shapley values for edges: 

(0,8): 0.012348198890686035
(0,9): 0.014924287796020508
(0,11): -0.039423527717590334
(0,17): 0.02358295440673828
(0,18): 0.015749478340148927
(0,19): -0.003509483337402344
(0,20): 0.028077273368835448
(0,27): 0.033118176460266116
(0,28): 0.012936992645263672
(0,36): -0.03514721393585205
(0,38): -0.03738889217376709
(1,10): 0.008440632820129395
(1,26): 0.027463574409484864
(1,30): 0.008635201454162598
(1,31): 0.021692852973937988
(1,34): 0.032158064842224124
(2,12): 0.007664189338684082
(2,13): 0.022787013053894044
(2,19): 0.008660573959350586
(2,21): 0.016765241622924806
(2,22): 0.015600666999816895
(2,23): 0.043628387451171875
(2,25): -0.04060217380523681
(2,32): 0.046457042694091795
(2,33): -0.017427568435668946
(2,36): -0.02769610404968262
(3,10): -0.02622246742248535
(3,26): -0.005774340629577637
(3,30): 0.017039217948913575
(3,31): -0.009509401321411133
(3,34): 0.05305283069610596
(4,5): -0.05389812469482422
(4,6): -0.0668551778793335
(4,24): -0.010903387069702149
(4,25): -0.022060060501098634
(4,33): -0.036543684005737306
(4,37): -0.01546802043914795
(5,4): 0.01065582275390625
(5,6): -0.03039703845977783
(5,24): -0.013121924400329589
(5,25): -0.028221430778503417
(5,33): 0.022265477180480955
(5,37): -0.013291888236999512
(5,39): 0.03487559795379638
(6,4): 0.01505180835723877
(6,5): 0.02736466407775879
(6,23): 0.07348996639251709
(6,24): 0.05213697910308838
(6,25): 0.08663969039916992
(6,32): 0.05451825618743897
(6,33): 0.12275401592254638
(6,37): -0.03568943977355957
(6,40): 0.018468194007873535
(7,15): -0.01450700283050537
(7,16): -0.004170441627502441
(7,17): 0.005596575736999512
(7,18): -0.004044718742370605
(7,27): -0.0023959207534790038
(7,29): -0.004021425247192383
(7,30): -0.009441680908203125
(7,34): 0.00027965068817138673
(7,35): 9.187221527099609e-05
(7,38): -0.01226452350616455
(7,41): -0.013492274284362792
(7,42): -0.010844845771789551
(7,43): -0.013908162117004394
(7,48): -0.004850587844848633
(7,49): -0.0034388160705566407
(8,0): 0.005746259689331055
(8,9): 0.004776105880737304
(8,11): -0.0015002346038818358
(8,17): -0.011735773086547852
(8,18): -0.01693716049194336
(8,27): -0.00798306941986084
(8,29): -0.02424787521362305
(8,35): -0.0037009286880493163
(8,38): 0.008513035774230958
(8,50): -0.0016291141510009766
(9,0): -0.007232956886291504
(9,8): -0.005167045593261719
(9,11): -0.011763896942138672
(9,17): -0.0046745014190673825
(9,18): -0.012619576454162597
(9,20): -0.023801970481872558
(9,27): -0.027811064720153808
(9,28): -0.011622495651245117
(9,29): -0.000693368911743164
(9,38): 0.000609278678894043
(10,1): -0.02434753894805908
(10,3): -0.004408049583435059
(10,15): 0.002558779716491699
(10,26): -0.012328948974609375
(10,30): -0.043812131881713866
(10,31): -0.006592121124267578
(10,34): -0.01476388931274414
(10,44): 0.00015068531036376953
(11,0): -0.0026060628890991213
(11,8): -0.017571496963500976
(11,9): -0.0034434843063354493
(11,12): -0.012470216751098632
(11,14): 0.003593864440917969
(11,18): 0.001833639144897461
(11,19): 0.004464893341064453
(11,20): -0.006360993385314941
(11,28): -0.003868312835693359
(11,36): 0.02321319580078125
(11,38): -0.015395140647888184
(11,45): 0.00445833683013916
(11,46): -0.0162330436706543
(12,2): -0.09147565841674804
(12,11): -0.0264335298538208
(12,13): -0.0001813840866088867
(12,14): -0.008671884536743163
(12,19): 0.003568582534790039
(12,20): -0.02923854351043701
(12,21): 0.012279176712036132
(12,22): -0.021463656425476076
(12,28): -0.0036924266815185547
(12,36): -0.009527692794799805
(12,50): -0.009729070663452149
(12,53): -0.0026845598220825197
(12,55): -0.0031880760192871094
(12,57): -0.003595094680786133
(13,2): -0.03287737369537354
(13,12): -0.009291958808898926
(13,14): -0.007618203163146973
(13,19): 0.0054386091232299805
(13,21): -0.007316389083862305
(13,22): -0.009208345413208007
(13,23): -0.023321266174316405
(13,28): -0.0060383987426757815
(13,32): -0.04113948345184326
(13,36): -0.06015960216522217
(13,47): -0.017432537078857422
(13,48): -0.0018010807037353515
(13,51): 0.007740144729614258
(13,54): -0.03206540107727051
(14,11): -0.009487118721008301
(14,12): 0.010988764762878418
(14,13): -0.01124009609222412
(14,19): -0.012692704200744628
(14,20): -0.00023793697357177735
(14,21): -0.0025954389572143553
(14,28): -0.0068840646743774415
(14,36): -0.009151372909545898
(14,43): -0.010588040351867676
(14,53): 0.003536872863769531
(15,7): -0.010787467956542968
(15,10): -0.0017907953262329102
(15,16): 0.0003624105453491211
(15,17): 0.004580855369567871
(15,26): 0.004384379386901855
(15,27): 0.0017708873748779298
(15,29): -0.00728994369506836
(15,30): 0.0016008853912353516
(15,31): 0.0059823417663574215
(15,34): 0.002275652885437012
(15,35): -0.0036707496643066406
(15,50): -0.0019345712661743165
(16,7): -0.016983919143676758
(16,15): -0.006726279258728028
(16,17): 0.009607615470886231
(16,27): -0.003112049102783203
(16,29): 0.00636383056640625
(16,30): -0.010263128280639649
(16,34): -0.01664688587188721
(16,35): 0.009539532661437988
(16,49): -0.01331526756286621
(16,50): -0.013715534210205079
(16,57): -0.004005141258239746
(16,58): -0.010211572647094727
(17,0): -0.006245613098144531
(17,7): -0.001748194694519043
(17,8): -0.00447603702545166
(17,9): -0.0007106590270996093
(17,15): -0.00017223834991455077
(17,16): -0.0024386024475097656
(17,18): 0.0054267501831054684
(17,27): -0.003510923385620117
(17,29): -0.005505456924438477
(17,35): -0.0019744920730590822
(17,38): 0.004760217666625976
(17,42): 0.005481367111206055
(17,44): -0.010250010490417481
(17,49): 0.0072014379501342774
(18,0): -0.01111788272857666
(18,7): -0.0026857519149780275
(18,8): 0.0069245719909667965
(18,9): 0.001843414306640625
(18,11): 0.009915051460266113
(18,17): -0.009486427307128906
(18,20): -0.006507992744445801
(18,27): -0.002808351516723633
(18,28): -0.006130175590515137
(18,29): -0.008595156669616699
(18,35): -0.005286006927490234
(18,57): 0.004222440719604492
(19,0): 0.005168848037719727
(19,2): -0.007402052879333496
(19,11): -0.005160088539123535
(19,12): -0.01926933765411377
(19,13): -0.023654584884643556
(19,14): -0.0016091442108154296
(19,20): -0.011342830657958984
(19,21): -0.012344174385070801
(19,28): -0.009560585021972656
(19,59): -0.014959769248962402
(20,0): 0.010124306678771972
(20,9): 0.026483731269836427
(20,11): -0.013612890243530273
(20,12): -0.0109906005859375
(20,14): -0.0059128618240356446
(20,18): 0.0093682861328125
(20,19): 0.012640595436096191
(20,21): -0.041803836822509766
(20,28): -0.026782398223876954
(20,36): -0.009483790397644043
(20,38): 0.01097303867340088
(21,2): -0.029840531349182128
(21,12): -0.013875155448913575
(21,13): 0.00468414306640625
(21,14): -0.00023148059844970703
(21,19): 0.007717351913452148
(21,20): 0.0003558349609375
(21,28): -0.018493270874023436
(21,36): 0.01290271282196045
(21,43): -0.01996696472167969
(22,2): -0.02699463367462158
(22,12): -0.012100882530212402
(22,13): -0.007474761009216308
(22,23): -0.06399131298065186
(22,24): 0.02714080810546875
(22,25): -0.03704090118408203
(22,32): -0.02974085807800293
(22,33): -0.011722283363342285
(22,37): -0.04163448333740234
(22,57): -0.011098747253417968
(23,2): 0.005410590171813965
(23,6): 0.031695561408996584
(23,13): -0.02078634262084961
(23,22): 0.019071564674377442
(23,24): 0.007917947769165039
(23,25): -0.012181572914123535
(23,32): 0.017217001914978027
(23,33): -0.030636930465698244
(23,37): 0.003578505516052246
(23,59): 0.004010543823242187
(24,4): 0.00035229206085205076
(24,5): -0.06209897518157959
(24,6): -0.012384042739868165
(24,22): -0.01192699432373047
(24,23): -0.0318181848526001
(24,25): -0.024638528823852538
(24,32): -0.046308188438415526
(24,33): -0.07383670330047608
(24,54): -0.010222644805908203
(24,56): -0.0009602689743041992
(25,2): 0.0037154388427734376
(25,4): 0.025785355567932128
(25,5): -0.033600993156433105
(25,6): 0.022194113731384277
(25,22): -0.0160007381439209
(25,23): -0.02524888515472412
(25,24): -0.006502470970153809
(25,32): -0.026313972473144532
(25,33): -0.06934129238128663
(25,37): 0.008998823165893555
(25,51): -0.008343334197998048
(25,54): -0.021549344062805176
(25,55): 0.011292023658752441
(26,1): -0.01564204216003418
(26,3): -0.011372756958007813
(26,10): -0.041813936233520504
(26,15): 0.0026847028732299803
(26,30): -0.017860703468322754
(26,31): -0.002783994674682617
(26,34): 0.0071060705184936524
(26,35): -0.0032483434677124026
(26,52): -0.0064467287063598635
(27,0): -0.010074443817138672
(27,7): -0.004632859230041504
(27,8): 0.006320295333862305
(27,9): -0.010329179763793946
(27,15): -0.003298821449279785
(27,16): -0.006078009605407715
(27,17): -0.0032979726791381838
(27,18): -0.0018766260147094727
(27,29): -0.006666703224182129
(27,30): -0.000444025993347168
(27,35): -0.00927140712738037
(27,38): 0.009053230285644531
(27,43): -0.008677935600280762
(27,44): -0.008246417045593262
(28,0): -0.01655265808105469
(28,9): -0.02119114875793457
(28,11): -0.02181107521057129
(28,12): -0.002913074493408203
(28,13): -0.00423497200012207
(28,14): 0.0010164976119995117
(28,18): -0.00043489933013916013
(28,19): 0.002443971633911133
(28,20): -0.027165732383728027
(28,21): -0.007589945793151856
(28,36): 0.0007494211196899414
(28,38): 0.0072337198257446285
(28,42): -0.004953999519348145
(28,50): -0.007621231079101562
(28,57): 0.001963620185852051
(28,59): 0.0011643838882446288
(29,7): -0.004303355216979981
(29,8): -0.004953203201293946
(29,9): -0.0019070863723754882
(29,15): -0.005632386207580566
(29,16): -0.007221231460571289
(29,17): -0.0064156103134155274
(29,18): 0.0010712289810180665
(29,27): -0.0013605737686157226
(29,30): 0.004176974296569824
(29,34): -0.010244379043579102
(29,35): -0.016409010887145997
(29,38): -0.003019442558288574
(29,50): -0.003001675605773926
(29,58): -0.011844873428344727
(30,1): -0.02581944942474365
(30,3): -0.01609149932861328
(30,7): -0.005742034912109375
(30,10): -0.00428957462310791
(30,15): 0.00104403018951416
(30,16): -0.0007172536849975586
(30,26): 0.005673089027404785
(30,27): -0.005901789665222168
(30,29): 0.005291528701782226
(30,31): 0.009039535522460937
(30,34): -0.009019021987915038
(30,35): -0.01024630069732666
(31,1): -0.017297430038452147
(31,3): -0.03272849559783936
(31,10): 0.004138503074645996
(31,15): -0.002199602127075195
(31,26): -0.007670054435729981
(31,30): -0.013701758384704589
(31,34): -0.0004434299468994141
(31,35): 0.009218425750732421
(32,2): -0.018339004516601563
(32,6): -0.0030122852325439454
(32,13): -0.0027600812911987307
(32,22): -0.043157706260681154
(32,23): -0.015193233489990235
(32,24): -0.008164162635803223
(32,25): -0.028349552154541015
(32,33): 0.020737318992614745
(32,37): 0.006652712821960449
(32,43): 0.0008843183517456054
(33,2): -0.0009788942337036132
(33,4): -0.003596367835998535
(33,5): -0.024049806594848632
(33,6): 0.01734790325164795
(33,22): -0.013035731315612793
(33,23): -0.03740500926971436
(33,24): -0.03794560432434082
(33,25): -0.02876410961151123
(33,32): -0.009123992919921876
(33,37): -0.0314551305770874
(33,43): -0.009949498176574707
(33,56): -0.004236626625061035
(34,1): -0.01863454818725586
(34,3): -0.02922190189361572
(34,7): -0.017753925323486328
(34,10): 0.0005901861190795899
(34,15): -0.0026440858840942384
(34,16): -0.0068892955780029295
(34,26): 0.006030335426330567
(34,29): -0.011657648086547852
(34,30): -0.004471917152404786
(34,31): -0.004568662643432617
(34,35): -0.006201176643371582
(34,41): 0.0006734132766723633
(34,42): -0.006944432258605957
(34,58): 0.001993236541748047
(35,7): -0.013555102348327637
(35,8): -0.00619499683380127
(35,15): -0.003812847137451172
(35,16): -0.0013035917282104492
(35,17): 0.0012964105606079101
(35,18): 5.939960479736328e-05
(35,26): 0.0037170171737670897
(35,27): -0.0005465555191040039
(35,29): 0.011544198989868163
(35,30): 0.0017281103134155274
(35,31): 0.004826512336730957
(35,34): 0.0007759714126586914
(35,38): 0.0010383892059326171
(36,0): -0.016053752899169924
(36,2): -0.05659265041351318
(36,11): -0.00312591552734375
(36,12): -0.005891323089599609
(36,13): 0.012477779388427734
(36,14): -0.037528548240661624
(36,20): 0.00480595588684082
(36,21): 0.017524070739746093
(36,28): -0.010987176895141601
(37,4): -0.036417088508605956
(37,5): -0.11113468170166016
(37,6): -0.06671804904937745
(37,22): 0.01936890125274658
(37,23): 0.006283235549926758
(37,25): 0.050821046829223636
(37,32): 0.0071311664581298825
(37,33): 0.05333330154418945
(38,0): 0.0031049394607543944
(38,7): -0.006087217330932617
(38,8): -0.007161898612976074
(38,9): -0.015276083946228028
(38,11): 0.024346537590026855
(38,17): -0.007010774612426758
(38,20): 0.030146880149841307
(38,27): -0.0022815465927124023
(38,28): -0.011685433387756348
(38,29): 0.016377453804016114
(38,35): 0.00697094440460205
(39,5): -0.07252389430999756
(40,6): -0.03514671802520752
(41,7): -0.008271064758300781
(41,34): -0.0025954437255859375
(41,43): -0.009344220161437988
(42,7): 0.0006956291198730468
(42,17): -0.003831944465637207
(42,28): -0.020276432037353517
(42,34): -0.00022942543029785156
(42,53): -0.0011273336410522461
(43,7): -0.004488248825073243
(43,14): 0.0032701826095581053
(43,21): 0.0070930194854736325
(43,27): 0.020464725494384765
(43,32): -0.05104888439178467
(43,33): 0.017598233222961425
(43,41): 0.002974429130554199
(44,10): -0.015395936965942382
(44,17): 0.006699047088623047
(44,27): -0.015483913421630859
(44,52): 0.003883380889892578
(45,11): -0.016762638092041017
(45,50): 0.0036388349533081053
(46,11): -0.017650566101074218
(46,59): 0.009238247871398925
(47,13): 0.005222535133361817
(47,51): 0.004172892570495606
(48,7): 0.006742653846740723
(48,13): 0.008905425071716308
(49,7): -0.004537892341613769
(49,16): -0.00046967506408691407
(49,17): -0.006736407279968262
(50,8): 0.002467217445373535
(50,12): -0.002817549705505371
(50,15): -0.0018372488021850585
(50,16): -0.005222349166870117
(50,28): -0.013943800926208496
(50,29): -0.0010720300674438477
(50,45): -0.0048359489440917966
(51,13): 0.014953041076660156
(51,25): -0.032991399765014646
(51,47): 0.00530489444732666
(52,26): -0.003898472785949707
(52,44): -0.0030443096160888672
(53,12): -0.006220440864562988
(53,14): 0.0038416767120361328
(53,42): 0.0005730628967285156
(54,13): 0.0025485992431640626
(54,24): -0.01494542121887207
(54,25): -0.009402031898498536
(54,55): -0.0030440378189086916
(54,57): -0.005611495971679687
(55,12): -0.0029909563064575194
(55,25): 0.0014565134048461915
(55,54): -0.011975111961364747
(56,24): -0.0282222843170166
(56,33): -0.054600586891174314
(57,12): -0.010611371994018555
(57,16): -0.0016481447219848632
(57,18): 0.003943181037902832
(57,22): -0.001511993408203125
(57,28): -0.005005922317504883
(57,54): 0.020835251808166505
(58,16): -0.0008262538909912109
(58,29): -0.00024884700775146485
(58,34): 0.002291688919067383
(59,19): 0.01585071563720703
(59,23): -0.002582974433898926
(59,28): -0.0037918519973754884
(59,46): -0.002159404754638672
