Interaction name: 5ung

Affinity: 9.470000267028809
Predicted value: 8.345663070678711

Attributions for edges: 

(0,4): 0.0
(0,5): 0.0
(0,7): 0.0
(0,27): 0.4797358214855194
(0,40): 0.4098978042602539
(0,41): 0.471699982881546
(1,14): 0.44367745518684387
(1,15): 0.4057491719722748
(1,16): 0.49146294593811035
(1,35): 0.5205473303794861
(1,36): 0.5146303772926331
(1,40): 0.4564744830131531
(2,9): 0.0
(2,10): 0.0
(2,19): 0.0
(2,20): 0.0
(2,22): 0.46202754974365234
(2,28): 0.48505425453186035
(2,30): 0.46596407890319824
(2,39): 0.0
(3,8): 0.4792165458202362
(3,9): 0.0
(3,10): 0.3930634558200836
(3,12): 0.0
(3,13): 0.4465254843235016
(3,19): 0.5094515681266785
(3,20): 0.0
(3,21): 0.0
(3,39): 0.0
(4,0): 0.0
(4,5): 0.0
(4,7): 0.0
(4,23): 0.4127123951911926
(4,24): 0.5046399831771851
(4,25): 0.43080011010169983
(4,27): 0.0
(4,31): 0.518932580947876
(4,34): 0.4977201819419861
(4,38): 0.601774275302887
(4,40): 0.5202974081039429
(4,41): 0.5144228339195251
(5,0): 0.0
(5,4): 0.0
(5,7): 0.0
(5,25): 0.5473440289497375
(5,27): 0.0
(5,34): 0.5462510585784912
(5,40): 0.6085887551307678
(5,41): 0.5181853771209717
(6,9): 0.0
(6,10): 0.0
(6,19): 0.0
(6,20): 0.0
(6,22): 0.5299485921859741
(6,28): 0.5238735675811768
(6,30): 0.49892738461494446
(6,39): 0.0
(7,0): 0.0
(7,4): 0.0
(7,5): 0.0
(7,27): 0.4567829966545105
(8,3): 0.46209031343460083
(8,10): 0.49202921986579895
(8,21): 0.0
(8,42): 0.4279962182044983
(8,43): 0.452828586101532
(8,60): 0.47180935740470886
(9,2): 0.0
(9,3): 0.0
(9,6): 0.0
(9,10): 0.0
(9,12): 0.44904404878616333
(9,19): 0.0
(9,20): 0.0
(9,21): 0.5065733790397644
(9,22): 0.4613707661628723
(9,28): 0.4615224599838257
(9,39): 0.0
(9,44): 0.44133955240249634
(9,45): 0.4535093605518341
(10,2): 0.0
(10,3): 0.5219369530677795
(10,6): 0.0
(10,8): 0.5191396474838257
(10,9): 0.0
(10,20): 0.5124397873878479
(10,21): 0.0
(10,22): 0.0
(10,23): 0.5521029233932495
(10,24): 0.45118656754493713
(10,28): 0.0
(10,30): 0.0
(10,38): 0.5210303068161011
(10,39): 0.5105772614479065
(10,45): 0.544426679611206
(10,46): 0.4429229497909546
(10,47): 0.4104425013065338
(11,25): 0.0
(11,26): 0.0
(11,27): 0.0
(11,29): 0.0
(11,34): 0.0
(11,37): 0.0
(11,56): 0.44971635937690735
(11,64): 0.4511757493019104
(12,3): 0.0
(12,9): 0.49980470538139343
(12,13): 0.0
(12,19): 0.0
(12,20): 0.0
(12,39): 0.0
(12,42): 0.49644219875335693
(12,49): 0.44099506735801697
(13,3): 0.5268333554267883
(13,12): 0.0
(13,15): 0.5398587584495544
(13,16): 0.45307493209838867
(13,18): 0.43046140670776367
(13,19): 0.0
(13,20): 0.0
(13,35): 0.5329898595809937
(13,36): 0.4596916139125824
(13,39): 0.0
(13,50): 0.409373015165329
(13,51): 0.4501922130584717
(14,1): 0.4698404371738434
(14,35): 0.0
(14,50): 0.568985104560852
(14,51): 0.0
(14,55): 0.40702661871910095
(14,58): 0.50283282995224
(15,1): 0.42982378602027893
(15,13): 0.48848599195480347
(15,16): 0.0
(15,17): 0.0
(15,18): 0.0
(15,32): 0.0
(15,33): 0.0
(15,49): 0.5213985443115234
(15,58): 0.5137826800346375
(16,1): 0.43210095167160034
(16,13): 0.5124871730804443
(16,15): 0.0
(16,17): 0.0
(16,18): 0.0
(16,32): 0.0
(16,33): 0.0
(16,36): 0.0
(16,51): 0.5242670774459839
(17,15): 0.0
(17,16): 0.0
(17,18): 0.0
(17,32): 0.0
(17,33): 0.0
(17,36): 0.0
(17,50): 0.4910959303379059
(17,52): 0.519029974937439
(18,13): 0.49016761779785156
(18,15): 0.0
(18,16): 0.0
(18,17): 0.0
(18,32): 0.0
(18,33): 0.0
(18,36): 0.0
(18,52): 0.47804754972457886
(18,53): 0.4727272391319275
(19,2): 0.0
(19,3): 0.47849714756011963
(19,6): 0.0
(19,9): 0.0
(19,12): 0.0
(19,13): 0.0
(19,20): 0.0
(19,35): 0.5034071207046509
(19,39): 0.0
(19,50): 0.4901573061943054
(19,51): 0.4747388958930969
(19,53): 0.4738031029701233
(19,65): 0.45588061213493347
(20,2): 0.0
(20,3): 0.0
(20,6): 0.0
(20,9): 0.0
(20,10): 0.4233379065990448
(20,12): 0.0
(20,13): 0.0
(20,19): 0.0
(20,35): 0.4543096721172333
(20,42): 0.513600766658783
(21,3): 0.0
(21,8): 0.0
(21,9): 0.46227332949638367
(21,10): 0.0
(21,28): 0.5009627342224121
(21,51): 0.4783313572406769
(21,54): 0.47510576248168945
(21,56): 0.5232155919075012
(21,57): 0.5027812123298645
(21,61): 0.6243164539337158
(22,2): 0.47906744480133057
(22,6): 0.45752453804016113
(22,9): 0.5657157301902771
(22,10): 0.0
(22,23): 0.0
(22,24): 0.0
(22,25): 0.5719341039657593
(22,28): 0.0
(22,30): 0.0
(22,31): 0.0
(22,38): 0.0
(22,42): 0.42470428347587585
(22,49): 0.4547634720802307
(22,50): 0.5255003571510315
(22,56): 0.5291162133216858
(23,4): 0.5530098676681519
(23,10): 0.449774831533432
(23,22): 0.0
(23,24): 0.0
(23,25): 0.0
(23,27): 0.518198549747467
(23,28): 0.0
(23,29): 0.4586572051048279
(23,30): 0.0
(23,31): 0.0
(23,37): 0.5151530504226685
(23,38): 0.0
(23,48): 0.5876673460006714
(23,51): 0.4286928176879883
(23,59): 0.5367894768714905
(23,61): 0.44066789746284485
(24,4): 0.4575090706348419
(24,10): 0.5173557996749878
(24,22): 0.0
(24,23): 0.0
(24,25): 0.0
(24,27): 0.45480528473854065
(24,28): 0.0
(24,29): 0.4504925012588501
(24,30): 0.0
(24,31): 0.0
(24,37): 0.47001826763153076
(24,58): 0.4439760744571686
(24,63): 0.4512259364128113
(25,4): 0.0
(25,5): 0.4863458573818207
(25,11): 0.0
(25,22): 0.553582489490509
(25,23): 0.0
(25,24): 0.0
(25,26): 0.0
(25,27): 0.0
(25,29): 0.0
(25,30): 0.4095182418823242
(25,31): 0.0
(25,34): 0.0
(25,37): 0.0
(25,38): 0.0
(25,49): 0.5244675278663635
(26,11): 0.0
(26,25): 0.0
(26,27): 0.0
(26,29): 0.0
(26,31): 0.0
(26,34): 0.0
(26,37): 0.0
(26,62): 0.5303539633750916
(27,0): 0.4533548951148987
(27,4): 0.0
(27,5): 0.0
(27,7): 0.4550960958003998
(27,11): 0.0
(27,23): 0.5161377191543579
(27,24): 0.4284699559211731
(27,25): 0.0
(27,26): 0.0
(27,29): 0.0
(27,31): 0.0
(27,34): 0.0
(27,37): 0.0
(27,38): 0.42673569917678833
(27,58): 0.5278646349906921
(28,2): 0.435467392206192
(28,6): 0.4855605363845825
(28,9): 0.49393415451049805
(28,10): 0.0
(28,21): 0.5151599049568176
(28,22): 0.0
(28,23): 0.0
(28,24): 0.0
(28,30): 0.0
(28,31): 0.0
(28,38): 0.0
(28,49): 0.5177463293075562
(28,56): 0.48575183749198914
(28,61): 0.5204294919967651
(29,11): 0.0
(29,23): 0.47330403327941895
(29,24): 0.4901556968688965
(29,25): 0.0
(29,26): 0.0
(29,27): 0.0
(29,31): 0.0
(29,34): 0.0
(29,38): 0.4752615690231323
(29,61): 0.5268204808235168
(29,63): 0.49292826652526855
(30,2): 0.5216366648674011
(30,6): 0.5213384032249451
(30,10): 0.0
(30,22): 0.0
(30,23): 0.0
(30,24): 0.0
(30,25): 0.48781946301460266
(30,28): 0.0
(30,31): 0.0
(30,38): 0.0
(30,48): 0.5252596735954285
(31,4): 0.46418991684913635
(31,22): 0.0
(31,23): 0.0
(31,24): 0.0
(31,25): 0.0
(31,26): 0.40032973885536194
(31,27): 0.0
(31,28): 0.0
(31,29): 0.0
(31,30): 0.0
(31,34): 0.46350494027137756
(31,37): 0.0
(31,38): 0.0
(31,61): 0.49853280186653137
(31,62): 0.4581114649772644
(32,15): 0.0
(32,16): 0.0
(32,17): 0.0
(32,18): 0.0
(32,33): 0.0
(32,36): 0.0
(32,65): 0.36235174536705017
(33,15): 0.0
(33,16): 0.0
(33,17): 0.0
(33,18): 0.0
(33,32): 0.0
(33,36): 0.0
(33,52): 0.4911101460456848
(34,4): 0.4347148537635803
(34,5): 0.46272704005241394
(34,11): 0.0
(34,25): 0.0
(34,26): 0.0
(34,27): 0.0
(34,29): 0.0
(34,31): 0.4760277271270752
(34,37): 0.0
(34,58): 0.49401941895484924
(34,59): 0.46236833930015564
(35,1): 0.5188440680503845
(35,13): 0.48053866624832153
(35,14): 0.0
(35,19): 0.5291165113449097
(35,20): 0.457394003868103
(35,39): 0.5125464200973511
(36,1): 0.5178560614585876
(36,13): 0.5068079233169556
(36,16): 0.0
(36,17): 0.0
(36,18): 0.0
(36,32): 0.0
(36,33): 0.0
(37,11): 0.0
(37,23): 0.45238950848579407
(37,24): 0.4828912913799286
(37,25): 0.0
(37,26): 0.0
(37,27): 0.0
(37,31): 0.0
(37,34): 0.0
(37,38): 0.5140379071235657
(38,4): 0.5074281692504883
(38,10): 0.46688246726989746
(38,22): 0.0
(38,23): 0.0
(38,25): 0.0
(38,27): 0.5901176333427429
(38,28): 0.0
(38,29): 0.5168830156326294
(38,30): 0.0
(38,31): 0.0
(38,37): 0.42642107605934143
(39,2): 0.0
(39,3): 0.0
(39,6): 0.0
(39,9): 0.0
(39,10): 0.35387060046195984
(39,12): 0.0
(39,13): 0.0
(39,19): 0.0
(39,35): 0.5679577589035034
(40,0): 0.47093844413757324
(40,1): 0.4921521246433258
(40,4): 0.47403088212013245
(40,5): 0.5193995833396912
(40,41): 0.0
(41,0): 0.5252112150192261
(41,4): 0.4312300682067871
(41,5): 0.41153526306152344
(41,40): 0.0
(42,8): 0.5560625195503235
(42,12): 0.515028715133667
(42,20): 0.43077972531318665
(42,22): 0.478272408246994
(42,43): 0.44977331161499023
(42,45): 0.0
(42,53): 0.3889656960964203
(43,8): 0.43499088287353516
(43,42): 0.4513857662677765
(43,57): 0.0
(44,9): 0.4797969162464142
(44,45): 0.5545779466629028
(44,47): 0.0
(45,9): 0.520970344543457
(45,10): 0.49921926856040955
(45,42): 0.0
(45,44): 0.5051301121711731
(45,53): 0.0
(46,10): 0.48774850368499756
(46,60): 0.0
(47,10): 0.536228358745575
(47,44): 0.0
(48,23): 0.5051347613334656
(48,30): 0.4874105155467987
(48,63): 0.0
(49,12): 0.46793028712272644
(49,15): 0.4679752588272095
(49,22): 0.0
(49,25): 0.5085276961326599
(49,28): 0.5185511708259583
(49,55): 0.0
(50,13): 0.5329008102416992
(50,14): 0.49009305238723755
(50,17): 0.49967148900032043
(50,19): 0.510658323764801
(50,22): 0.45005783438682556
(51,13): 0.4636450707912445
(51,14): 0.5170961618423462
(51,16): 0.447296142578125
(51,19): 0.5585402846336365
(51,21): 0.4157584309577942
(51,23): 0.5417130589485168
(52,17): 0.5558075904846191
(52,18): 0.5380399227142334
(52,33): 0.42872393131256104
(53,18): 0.4865594506263733
(53,19): 0.5267693996429443
(53,42): 0.0
(53,45): 0.0
(54,21): 0.5273204445838928
(54,55): 0.48264092206954956
(55,14): 0.4832991659641266
(55,49): 0.0
(55,54): 0.47168752551078796
(55,57): 0.49420419335365295
(56,11): 0.43047982454299927
(56,21): 0.5560513138771057
(56,22): 0.4736764430999756
(56,28): 0.4755724370479584
(56,60): 0.4504556655883789
(56,62): 0.0
(57,21): 0.44233885407447815
(57,43): 0.0
(57,55): 0.43858182430267334
(58,14): 0.4557565748691559
(58,15): 0.5284125804901123
(58,24): 0.514301598072052
(58,27): 0.514144241809845
(58,34): 0.5346507430076599
(59,23): 0.523716926574707
(59,34): 0.49673032760620117
(60,8): 0.5121740698814392
(60,46): 0.0
(60,56): 0.5269094109535217
(61,21): 0.5061372518539429
(61,23): 0.4421364963054657
(61,28): 0.5192374587059021
(61,29): 0.5475248694419861
(61,31): 0.4862179160118103
(62,26): 0.5255325436592102
(62,31): 0.48800596594810486
(62,56): 0.0
(63,24): 0.48334693908691406
(63,29): 0.4496878385543823
(63,48): 0.0
(64,11): 0.5366146564483643
(65,19): 0.4119390547275543
(65,32): 0.5052746534347534
