Interaction name: 5tkd

Affinity: 8.149999618530273
Predicted value: 7.607697486877441

Shapley values for edges: 

(0,1): 0.03747429847717285
(0,4): 0.02609318256378174
(0,6): 0.059594855308532715
(0,9): 0.0456876802444458
(0,14): -0.0010054588317871093
(0,16): 0.2059588050842285
(1,0): 0.05409907341003418
(1,3): 0.019557762145996093
(1,14): 0.04495771408081055
(1,15): 0.002662849426269531
(2,4): -0.018845815658569336
(2,14): -0.054890527725219726
(2,16): 0.014906854629516601
(3,1): 0.012841644287109375
(3,8): 0.5771366500854492
(4,0): -0.06289084434509278
(4,2): 0.26096984386444094
(4,6): -0.05395183086395264
(4,14): 0.14766500473022462
(5,6): -0.03251406669616699
(5,9): -0.01751783847808838
(5,11): 0.001125316619873047
(5,12): 0.0010065078735351563
(5,13): 0.08496329307556152
(5,17): 0.0773398780822754
(6,0): 0.016675586700439452
(6,4): 0.05112400531768799
(6,5): 0.0027521514892578126
(6,9): -0.0099912691116333
(6,10): 0.0023009586334228516
(6,11): -0.021320228576660157
(6,12): 0.009676418304443359
(6,13): 0.03299892902374268
(6,18): -0.035614337921142575
(6,21): -0.03095500946044922
(6,23): 0.03149721622467041
(7,9): -0.04031608581542969
(7,10): -0.0013328027725219727
(7,11): 0.02822821617126465
(7,12): 0.007491750717163086
(7,13): -0.02608415126800537
(7,19): -0.009183745384216308
(7,21): -0.02561478614807129
(7,22): -0.11957156658172607
(7,23): -0.07183747291564942
(8,3): 0.5768482065200806
(8,18): 0.2768401527404785
(8,20): 0.032946844100952145
(9,0): 0.016398091316223145
(9,5): -0.09517033100128174
(9,6): -0.020736732482910157
(9,7): -0.10311880588531494
(9,10): -0.00747321605682373
(9,11): 0.019985384941101074
(9,12): 0.025838484764099123
(9,13): 0.00394108772277832
(10,6): -0.0004167461395263672
(10,7): 0.00411811351776123
(10,9): -4.6873092651367186e-05
(10,11): 0.02956068515777588
(10,12): -0.0009200716018676758
(10,13): -0.003939814567565918
(10,23): -0.00739217758178711
(11,5): -0.005810451507568359
(11,6): -1.2178421020507812e-05
(11,7): -0.006141152381896973
(11,9): -0.0004001474380493164
(11,10): 0.01563082218170166
(11,12): 0.056738333702087404
(11,13): 0.018812484741210937
(12,5): -0.01111769199371338
(12,6): -0.0062047338485717776
(12,7): -0.010636119842529297
(12,9): 0.018890771865844726
(12,10): 0.011792759895324707
(12,11): -0.017873172760009767
(12,13): -0.0006421279907226563
(12,22): -0.07315283298492431
(13,5): -0.08066269874572754
(13,6): 0.0006966733932495117
(13,7): -0.008279156684875489
(13,9): 0.0029344415664672853
(13,10): 0.004461503028869629
(13,11): -0.012779059410095215
(13,12): 0.004483485221862793
(14,0): -0.34539533138275147
(14,1): -0.00704136848449707
(14,2): -0.16586562156677245
(14,4): 0.016528940200805663
(15,1): 0.014023299217224122
(16,0): 0.12710456371307374
(16,2): -0.09853009700775146
(17,5): -0.035107631683349606
(17,18): -0.2473094129562378
(18,6): -0.06604051113128662
(18,8): 0.1397301149368286
(18,17): -0.03964176177978516
(19,7): 0.06184192180633545
(20,8): -0.04452991485595703
(21,6): 0.03857309341430664
(21,7): -0.02280435085296631
(22,7): -0.03869848251342774
(22,12): 0.06984338760375977
(22,23): -0.05616160869598388
(23,6): 0.13095735549926757
(23,7): -0.05082864284515381
(23,10): 0.03766108512878418
(23,22): -0.1523243474960327
