Interaction name: 4gz3

Affinity: 5.739999771118164
Predicted value: 6.462401866912842

Attributions for edges: 

(0,2): 0.48008468747138977
(0,3): 0.41651707887649536
(0,12): 0.47383809089660645
(0,13): 0.393024206161499
(0,20): 0.47599896788597107
(0,25): 0.5102403163909912
(0,29): 0.5098868608474731
(1,12): 0.3631943464279175
(1,24): 0.5138518214225769
(1,25): 0.4720282256603241
(2,0): 0.47809740900993347
(2,3): 0.4830832779407501
(2,4): 0.5397351384162903
(2,14): 0.39291301369667053
(2,20): 0.49116310477256775
(2,21): 0.3834152817726135
(2,22): 0.46524906158447266
(2,24): 0.38552770018577576
(2,25): 0.5182549953460693
(2,26): 0.4840901792049408
(2,27): 0.5186959505081177
(2,29): 0.5089057683944702
(2,32): 0.4424821138381958
(2,35): 0.4831421673297882
(3,0): 0.4860282242298126
(3,2): 0.5826647281646729
(3,4): 0.46043509244918823
(3,5): 0.461063414812088
(3,13): 0.49967727065086365
(3,14): 0.41128918528556824
(3,20): 0.4858788549900055
(3,21): 0.5079997777938843
(3,22): 0.48698705434799194
(3,23): 0.5021004676818848
(3,25): 0.4406619369983673
(3,26): 0.5044461488723755
(3,29): 0.5303874015808105
(3,32): 0.40095266699790955
(4,2): 0.5152557492256165
(4,3): 0.4751516282558441
(4,13): 0.3464701771736145
(4,20): 0.5924642086029053
(4,21): 0.42558205127716064
(4,22): 0.5388972759246826
(4,23): 0.4183104932308197
(4,26): 0.42246249318122864
(4,27): 0.5334939956665039
(4,29): 0.4897952675819397
(4,32): 0.43255749344825745
(4,34): 0.39250344038009644
(5,3): 0.4494209885597229
(5,6): 0.5067187547683716
(5,7): 0.5161852240562439
(5,8): 0.45882147550582886
(5,15): 0.4083540439605713
(5,16): 0.523409903049469
(5,21): 0.45515984296798706
(5,22): 0.4032064974308014
(5,23): 0.47048330307006836
(5,25): 0.471588134765625
(5,26): 0.5212869644165039
(5,27): 0.3964058756828308
(5,32): 0.4993066191673279
(6,5): 0.453580766916275
(6,7): 0.4852813184261322
(6,8): 0.4934288263320923
(6,9): 0.44444483518600464
(6,10): 0.5145938992500305
(6,16): 0.4923308193683624
(6,17): 0.47937095165252686
(6,18): 0.3649881184101105
(6,23): 0.4218650758266449
(6,25): 0.5369972586631775
(6,26): 0.5066166520118713
(6,27): 0.5264749526977539
(6,28): 0.5475935935974121
(6,29): 0.45637208223342896
(6,30): 0.4265548884868622
(6,32): 0.4661545753479004
(6,33): 0.3951739966869354
(7,5): 0.5020163059234619
(7,6): 0.47857099771499634
(7,8): 0.4864729940891266
(7,9): 0.5048111081123352
(7,15): 0.43075132369995117
(7,17): 0.4682820439338684
(7,23): 0.4644273817539215
(7,26): 0.5611719489097595
(7,27): 0.43927112221717834
(7,29): 0.4919893741607666
(7,30): 0.41683676838874817
(7,32): 0.4835682809352875
(8,5): 0.42203205823898315
(8,6): 0.49953219294548035
(8,7): 0.44909632205963135
(8,9): 0.5396337509155273
(8,10): 0.35996851325035095
(8,11): 0.5630983114242554
(8,15): 0.4104338586330414
(8,16): 0.4894069731235504
(8,17): 0.5209112763404846
(8,18): 0.31825530529022217
(8,19): 0.5281890034675598
(8,23): 0.459828644990921
(8,25): 0.5733985304832458
(8,26): 0.41556885838508606
(8,27): 0.4482913017272949
(8,28): 0.43994125723838806
(8,29): 0.42545485496520996
(8,30): 0.4917457401752472
(8,32): 0.3932771682739258
(8,33): 0.568881094455719
(9,6): 0.5143824815750122
(9,7): 0.4069410562515259
(9,8): 0.5822227001190186
(9,10): 0.44284623861312866
(9,11): 0.4234451651573181
(9,15): 0.40946969389915466
(9,16): 0.5316751003265381
(9,18): 0.4086746573448181
(9,19): 0.47321465611457825
(9,25): 0.5732114315032959
(9,26): 0.46474510431289673
(9,27): 0.4617198705673218
(9,28): 0.49210166931152344
(9,29): 0.42385563254356384
(9,30): 0.49853017926216125
(9,31): 0.4630812704563141
(9,32): 0.5023207068443298
(9,33): 0.4816467761993408
(10,6): 0.5570533871650696
(10,8): 0.4934220314025879
(10,9): 0.46977728605270386
(10,11): 0.472616046667099
(10,15): 0.4033541977405548
(10,17): 0.48787564039230347
(10,19): 0.3274412751197815
(10,28): 0.4836028516292572
(10,29): 0.5014075040817261
(10,30): 0.44679707288742065
(10,31): 0.45050153136253357
(10,32): 0.42992451786994934
(10,33): 0.43679875135421753
(11,8): 0.4693804085254669
(11,9): 0.4510781466960907
(11,10): 0.4546307921409607
(11,17): 0.4460218548774719
(11,18): 0.4854223132133484
(11,25): 0.3828470706939697
(11,28): 0.45145148038864136
(11,29): 0.6387491226196289
(11,30): 0.42566555738449097
(11,32): 0.4866286516189575
(11,33): 0.526274561882019
(12,0): 0.4633232355117798
(12,1): 0.6292209625244141
(12,34): 0.481340616941452
(13,0): 0.440594345331192
(13,3): 0.40178143978118896
(13,4): 0.41323691606521606
(13,14): 0.44989240169525146
(13,20): 0.5898416638374329
(13,21): 0.544199526309967
(13,22): 0.5301831364631653
(14,2): 0.40894684195518494
(14,3): 0.5037955045700073
(14,13): 0.4077032208442688
(14,20): 0.451555997133255
(14,21): 0.3836249113082886
(14,22): 0.5753006935119629
(14,23): 0.5691421031951904
(15,5): 0.493961900472641
(15,7): 0.3625911772251129
(15,8): 0.44288477301597595
(15,9): 0.40606194734573364
(15,10): 0.47882381081581116
(15,16): 0.5810382962226868
(15,17): 0.4956824779510498
(15,18): 0.5163022875785828
(15,23): 0.4552246332168579
(16,5): 0.46865350008010864
(16,6): 0.46654656529426575
(16,8): 0.4603134095668793
(16,9): 0.550131618976593
(16,15): 0.48390325903892517
(16,17): 0.45701926946640015
(16,23): 0.5350197553634644
(17,6): 0.47429707646369934
(17,7): 0.4380508065223694
(17,8): 0.45094040036201477
(17,10): 0.4520307779312134
(17,11): 0.45257070660591125
(17,15): 0.5470554828643799
(17,16): 0.43038585782051086
(17,18): 0.4232380986213684
(17,19): 0.4612954556941986
(18,6): 0.4607656002044678
(18,8): 0.43431901931762695
(18,9): 0.5145185589790344
(18,11): 0.436872273683548
(18,15): 0.39436885714530945
(18,17): 0.5181559324264526
(18,19): 0.4304516017436981
(19,8): 0.4032491445541382
(19,9): 0.4551672637462616
(19,10): 0.4528937339782715
(19,17): 0.4981316030025482
(19,18): 0.48402464389801025
(20,0): 0.5231795310974121
(20,2): 0.49029096961021423
(20,3): 0.484963983297348
(20,4): 0.5067904591560364
(20,13): 0.47890907526016235
(20,14): 0.5104813575744629
(20,21): 0.4447440803050995
(20,22): 0.4821173846721649
(20,23): 0.48603305220603943
(21,2): 0.4985946714878082
(21,3): 0.49072423577308655
(21,4): 0.4962657392024994
(21,5): 0.4826406240463257
(21,13): 0.5601938366889954
(21,14): 0.37746110558509827
(21,20): 0.4898667335510254
(21,22): 0.5005810260772705
(21,23): 0.474867045879364
(21,38): 0.5149064660072327
(22,2): 0.4533018469810486
(22,3): 0.4772298038005829
(22,4): 0.3582504093647003
(22,5): 0.45690712332725525
(22,13): 0.4393887221813202
(22,14): 0.527651309967041
(22,20): 0.4329404830932617
(22,21): 0.5688505172729492
(22,23): 0.39831629395484924
(22,37): 0.4483810067176819
(22,39): 0.4383842945098877
(23,3): 0.46901535987854004
(23,4): 0.38793036341667175
(23,5): 0.4379340410232544
(23,6): 0.41802749037742615
(23,7): 0.4805010259151459
(23,8): 0.466188907623291
(23,14): 0.46636220812797546
(23,15): 0.4633289575576782
(23,16): 0.5344130396842957
(23,20): 0.4768926203250885
(23,21): 0.48664695024490356
(23,22): 0.47872215509414673
(23,40): 0.4723763167858124
(24,1): 0.48052701354026794
(24,2): 0.42546913027763367
(24,34): 0.38782548904418945
(25,0): 0.38943415880203247
(25,1): 0.45142000913619995
(25,2): 0.4661092758178711
(25,3): 0.4425896108150482
(25,5): 0.41985583305358887
(25,6): 0.48640626668930054
(25,8): 0.4916447401046753
(25,9): 0.43949243426322937
(25,11): 0.44477736949920654
(25,38): 0.4628421664237976
(26,2): 0.4886844754219055
(26,3): 0.4982669949531555
(26,4): 0.4885725975036621
(26,5): 0.46686962246894836
(26,6): 0.47735515236854553
(26,7): 0.5441429018974304
(26,8): 0.4387412965297699
(26,9): 0.561019778251648
(27,2): 0.5050137639045715
(27,4): 0.5110628008842468
(27,5): 0.47526252269744873
(27,6): 0.49808311462402344
(27,7): 0.51043301820755
(27,8): 0.43848082423210144
(27,9): 0.4632379710674286
(27,40): 0.4439542889595032
(28,6): 0.5792595744132996
(28,8): 0.4720005989074707
(28,9): 0.43670982122421265
(28,10): 0.4440918266773224
(28,11): 0.4512370228767395
(28,33): 0.5513758063316345
(29,0): 0.4446882903575897
(29,2): 0.5049262642860413
(29,3): 0.5063011646270752
(29,4): 0.5559751987457275
(29,6): 0.4672430157661438
(29,7): 0.33764180541038513
(29,8): 0.3158632218837738
(29,9): 0.5594890713691711
(29,10): 0.6009101271629333
(29,11): 0.4939922094345093
(30,6): 0.5091437101364136
(30,7): 0.37678709626197815
(30,8): 0.5117914080619812
(30,9): 0.40177226066589355
(30,10): 0.493188738822937
(30,11): 0.4954245686531067
(30,31): 0.4673309922218323
(30,38): 0.4977816343307495
(31,9): 0.41149961948394775
(31,10): 0.4035953879356384
(31,30): 0.5335360765457153
(31,32): 0.4865405559539795
(31,33): 0.45405837893486023
(31,38): 0.49668386578559875
(32,2): 0.44859346747398376
(32,3): 0.5342438220977783
(32,4): 0.44538384675979614
(32,5): 0.38994595408439636
(32,6): 0.43724074959754944
(32,7): 0.4537872076034546
(32,8): 0.5206828713417053
(32,9): 0.4704689383506775
(32,10): 0.4769079089164734
(32,11): 0.4332312345504761
(32,31): 0.45771995186805725
(32,33): 0.4086698889732361
(33,6): 0.39315372705459595
(33,8): 0.48602235317230225
(33,9): 0.4768562912940979
(33,10): 0.5069180130958557
(33,11): 0.5267981290817261
(33,28): 0.5395154356956482
(33,31): 0.443549782037735
(33,32): 0.5252538323402405
(33,35): 0.4965294599533081
(33,38): 0.39344531297683716
(34,4): 0.5008746981620789
(34,12): 0.48911944031715393
(34,24): 0.5333882570266724
(35,2): 0.44424325227737427
(35,33): 0.5191519856452942
(35,38): 0.4833163022994995
(37,22): 0.4182758331298828
(38,21): 0.5039322376251221
(38,25): 0.43371570110321045
(38,30): 0.5519358515739441
(38,31): 0.45285764336586
(38,33): 0.4132634401321411
(38,35): 0.5457248091697693
(39,22): 0.40307390689849854
(40,23): 0.34185507893562317
(40,27): 0.49365997314453125
