Interaction name: 5ufp

Affinity: 7.369999885559082
Predicted value: 7.479693412780762

Attributions for edges: 

(0,6): 0.5538298487663269
(0,24): 0.46348869800567627
(0,25): 0.4932590425014496
(1,6): 0.4634115993976593
(1,8): 0.5524591207504272
(1,9): 0.5323649644851685
(1,12): 0.5501083135604858
(1,17): 0.556480348110199
(1,18): 0.48538196086883545
(1,19): 0.5746479034423828
(1,20): 0.4846256971359253
(1,21): 0.4820469617843628
(1,24): 0.47639229893684387
(1,26): 0.4790622591972351
(1,27): 0.5546088218688965
(1,28): 0.4874645173549652
(1,29): 0.4989510178565979
(2,3): 0.5578710436820984
(2,9): 0.5215394496917725
(2,10): 0.5741074681282043
(2,11): 0.5627283453941345
(2,12): 0.4257603585720062
(2,13): 0.4594258964061737
(2,14): 0.4209079444408417
(2,16): 0.5192312598228455
(2,20): 0.5035043358802795
(2,22): 0.608504593372345
(2,23): 0.4927557110786438
(2,29): 0.5441796779632568
(3,2): 0.558586835861206
(3,4): 0.476234495639801
(3,5): 0.5720937252044678
(3,12): 0.5527809858322144
(3,13): 0.47129541635513306
(3,14): 0.5722440481185913
(3,15): 0.44257140159606934
(3,16): 0.5020232796669006
(3,23): 0.5818933248519897
(3,26): 0.4164770841598511
(3,29): 0.4912441074848175
(4,3): 0.535002589225769
(4,12): 0.48144420981407166
(4,14): 0.5122146010398865
(4,15): 0.35759884119033813
(4,16): 0.5785791873931885
(4,23): 0.47572362422943115
(4,26): 0.5277371406555176
(5,3): 0.5244471430778503
(5,9): 0.5340489745140076
(5,10): 0.6005927920341492
(5,11): 0.4758840501308441
(5,12): 0.5180969834327698
(5,13): 0.5105085372924805
(5,14): 0.4649287462234497
(5,16): 0.5514950156211853
(5,20): 0.43644943833351135
(5,22): 0.4907277524471283
(5,23): 0.5319533944129944
(6,0): 0.49196168780326843
(6,1): 0.48533815145492554
(6,8): 0.49518275260925293
(6,17): 0.5116245150566101
(6,18): 0.5317641496658325
(6,19): 0.5352537035942078
(6,21): 0.5234158039093018
(6,24): 0.4702151417732239
(6,25): 0.587344229221344
(6,27): 0.5013249516487122
(6,28): 0.4988076686859131
(6,35): 0.4788613021373749
(6,47): 0.46968117356300354
(7,17): 0.5240505933761597
(7,18): 0.4757686257362366
(7,21): 0.4880206286907196
(7,24): 0.5833733081817627
(7,25): 0.4256369471549988
(7,27): 0.43238019943237305
(7,30): 0.4228053092956543
(7,31): 0.4538511633872986
(7,32): 0.512434184551239
(7,33): 0.49744701385498047
(8,1): 0.5540446043014526
(8,6): 0.5331617593765259
(8,9): 0.4895307123661041
(8,12): 0.5578165650367737
(8,13): 0.5724227428436279
(8,17): 0.539795994758606
(8,19): 0.4938356280326843
(8,20): 0.5517313480377197
(8,21): 0.5653530359268188
(8,22): 0.4583549201488495
(8,23): 0.4926641881465912
(8,26): 0.5850566625595093
(8,27): 0.5372790694236755
(8,35): 0.42637181282043457
(8,46): 0.48364925384521484
(9,1): 0.48431751132011414
(9,2): 0.4078930616378784
(9,5): 0.6066684722900391
(9,8): 0.45996513962745667
(9,10): 0.48197782039642334
(9,11): 0.4708486795425415
(9,12): 0.4238990545272827
(9,13): 0.4756736159324646
(9,19): 0.5129878520965576
(9,20): 0.5121948719024658
(9,21): 0.4534412622451782
(9,22): 0.5012818574905396
(9,23): 0.48528143763542175
(9,26): 0.5134032368659973
(9,28): 0.4400691092014313
(9,42): 0.5787161588668823
(9,44): 0.5777583122253418
(9,46): 0.4396824240684509
(10,2): 0.4731177091598511
(10,5): 0.3735215365886688
(10,9): 0.5438182950019836
(10,11): 0.409250944852829
(10,12): 0.45017877221107483
(10,13): 0.6205853223800659
(10,20): 0.6397752165794373
(10,22): 0.5694190859794617
(10,37): 0.3847672641277313
(10,40): 0.5353438258171082
(10,42): 0.5676905512809753
(10,43): 0.5722359418869019
(11,2): 0.5323771238327026
(11,5): 0.5215367674827576
(11,9): 0.5738069415092468
(11,10): 0.48131516575813293
(11,12): 0.4689502418041229
(11,13): 0.46843236684799194
(11,20): 0.537041187286377
(11,22): 0.5707477331161499
(11,31): 0.42689448595046997
(11,36): 0.4188087284564972
(11,44): 0.5211317539215088
(12,1): 0.632550835609436
(12,2): 0.5803756713867188
(12,3): 0.5353386998176575
(12,4): 0.5680093169212341
(12,5): 0.473544716835022
(12,8): 0.5681702494621277
(12,9): 0.5442538857460022
(12,10): 0.48681774735450745
(12,11): 0.4574461877346039
(12,13): 0.5612854957580566
(12,14): 0.4717654585838318
(12,16): 0.5408583879470825
(12,19): 0.5790421366691589
(12,20): 0.5642285943031311
(12,22): 0.5640614032745361
(12,23): 0.46938714385032654
(12,26): 0.5621333718299866
(12,28): 0.4789152145385742
(12,35): 0.4525294899940491
(12,48): 0.5210152268409729
(12,51): 0.49755769968032837
(13,2): 0.5161513090133667
(13,3): 0.5319120287895203
(13,5): 0.5062376260757446
(13,8): 0.5292830467224121
(13,9): 0.47815370559692383
(13,10): 0.43435025215148926
(13,11): 0.5106981992721558
(13,12): 0.45396944880485535
(13,14): 0.5372661352157593
(13,16): 0.5400538444519043
(13,20): 0.5121254920959473
(13,22): 0.511143147945404
(13,23): 0.4918355941772461
(13,26): 0.4525294303894043
(13,28): 0.5327179431915283
(13,31): 0.574303388595581
(13,37): 0.5642808675765991
(13,40): 0.5884677171707153
(13,45): 0.5337868928909302
(13,50): 0.5072741508483887
(14,2): 0.5378673076629639
(14,3): 0.46046510338783264
(14,4): 0.46406614780426025
(14,5): 0.44450220465660095
(14,12): 0.38816940784454346
(14,13): 0.4656727910041809
(14,15): 0.5047023296356201
(14,16): 0.5476677417755127
(14,23): 0.4687921404838562
(14,26): 0.514904797077179
(14,37): 0.5251808762550354
(14,38): 0.5026592016220093
(14,50): 0.5055025219917297
(15,3): 0.5632202625274658
(15,4): 0.49790477752685547
(15,14): 0.5383011698722839
(15,16): 0.5005359649658203
(15,23): 0.5133017301559448
(15,26): 0.6112616658210754
(15,38): 0.5384807586669922
(15,39): 0.5038211941719055
(15,49): 0.525434136390686
(16,2): 0.4228348135948181
(16,3): 0.556961178779602
(16,4): 0.534353494644165
(16,5): 0.47643694281578064
(16,12): 0.5264577269554138
(16,13): 0.5534676909446716
(16,14): 0.5250736474990845
(16,15): 0.5128549933433533
(16,23): 0.5223864912986755
(16,26): 0.43549683690071106
(16,40): 0.5055757761001587
(16,44): 0.5608097314834595
(16,47): 0.6189878582954407
(17,1): 0.46118560433387756
(17,6): 0.5595060586929321
(17,7): 0.5276452898979187
(17,8): 0.42980265617370605
(17,18): 0.5062315464019775
(17,19): 0.5197765827178955
(17,21): 0.5367121696472168
(17,24): 0.513712465763092
(17,25): 0.5867794752120972
(17,28): 0.48305413126945496
(17,48): 0.449910432100296
(18,1): 0.5955990552902222
(18,6): 0.4774143695831299
(18,7): 0.5284681916236877
(18,17): 0.5834669470787048
(18,21): 0.497694730758667
(18,24): 0.5361794829368591
(18,25): 0.4518224596977234
(18,27): 0.3742879033088684
(18,33): 0.4544317424297333
(18,39): 0.43327367305755615
(18,44): 0.41309061646461487
(18,51): 0.5324109792709351
(19,1): 0.5662126541137695
(19,6): 0.49967262148857117
(19,8): 0.5099678635597229
(19,9): 0.5785332918167114
(19,12): 0.5197849869728088
(19,17): 0.5197206735610962
(19,20): 0.46077895164489746
(19,21): 0.5106004476547241
(19,23): 0.5882774591445923
(19,26): 0.4614325761795044
(19,27): 0.4551210403442383
(19,28): 0.6387357115745544
(19,41): 0.5366511940956116
(19,48): 0.48590895533561707
(20,1): 0.4997258484363556
(20,2): 0.497010201215744
(20,5): 0.4753667116165161
(20,8): 0.5386530756950378
(20,9): 0.6116315722465515
(20,10): 0.5729665160179138
(20,11): 0.46903643012046814
(20,12): 0.539115846157074
(20,13): 0.6022515296936035
(20,19): 0.5488742589950562
(20,22): 0.47582489252090454
(20,23): 0.5261504054069519
(20,28): 0.512752890586853
(20,34): 0.506635308265686
(20,35): 0.4258214831352234
(20,47): 0.5852580666542053
(21,1): 0.4784735441207886
(21,6): 0.5467475056648254
(21,7): 0.48962998390197754
(21,8): 0.5016240477561951
(21,9): 0.5138064026832581
(21,17): 0.5626203417778015
(21,18): 0.5216014385223389
(21,19): 0.4995487332344055
(21,24): 0.5914846658706665
(21,25): 0.5029529929161072
(21,27): 0.48833632469177246
(21,28): 0.45284149050712585
(21,31): 0.413867324590683
(21,44): 0.5589151978492737
(21,49): 0.5030918121337891
(22,2): 0.4292761981487274
(22,5): 0.5296695828437805
(22,8): 0.5758557915687561
(22,9): 0.5998464822769165
(22,10): 0.5198967456817627
(22,11): 0.5582754611968994
(22,12): 0.5264720916748047
(22,13): 0.5362658500671387
(22,20): 0.4939136803150177
(22,23): 0.5806430578231812
(22,28): 0.38812753558158875
(22,40): 0.47234871983528137
(23,2): 0.483181357383728
(23,3): 0.5495388507843018
(23,4): 0.3844672441482544
(23,5): 0.4933532178401947
(23,8): 0.5334628224372864
(23,9): 0.4720063805580139
(23,12): 0.534538745880127
(23,13): 0.5115985870361328
(23,14): 0.5555644035339355
(23,15): 0.5801305770874023
(23,16): 0.5756740570068359
(23,19): 0.6366768479347229
(23,20): 0.580640435218811
(23,22): 0.4320462942123413
(23,26): 0.5396141409873962
(23,28): 0.49441227316856384
(23,37): 0.4631791114807129
(23,46): 0.5319942235946655
(24,0): 0.5269138813018799
(24,1): 0.4401968717575073
(24,6): 0.493085652589798
(24,7): 0.4906271696090698
(24,17): 0.5608612895011902
(24,18): 0.5874607563018799
(24,21): 0.5146299004554749
(24,25): 0.4699335992336273
(24,27): 0.4460426867008209
(24,35): 0.46696871519088745
(25,0): 0.44989001750946045
(25,6): 0.5409541726112366
(25,7): 0.40178990364074707
(25,17): 0.5823252201080322
(25,18): 0.5007812976837158
(25,21): 0.5987852811813354
(25,24): 0.5109378099441528
(25,27): 0.44277212023735046
(25,41): 0.49268218874931335
(25,46): 0.4578603208065033
(25,51): 0.45638179779052734
(26,1): 0.4913284480571747
(26,3): 0.5102166533470154
(26,4): 0.47867298126220703
(26,8): 0.5059150457382202
(26,9): 0.49279582500457764
(26,12): 0.519241452217102
(26,13): 0.5239353179931641
(26,14): 0.4794330894947052
(26,15): 0.4682840406894684
(26,16): 0.5628846287727356
(26,19): 0.49224725365638733
(26,23): 0.46801018714904785
(26,28): 0.4953575134277344
(26,47): 0.49330347776412964
(26,48): 0.4694230258464813
(26,49): 0.5758561491966248
(27,1): 0.5267058610916138
(27,6): 0.4218302369117737
(27,7): 0.4548538625240326
(27,8): 0.4706803262233734
(27,18): 0.5297226905822754
(27,19): 0.5008473992347717
(27,21): 0.5397309064865112
(27,24): 0.5187867879867554
(27,25): 0.5547337532043457
(27,28): 0.48188167810440063
(28,1): 0.4921548366546631
(28,6): 0.471636563539505
(28,9): 0.4996172785758972
(28,12): 0.44975146651268005
(28,13): 0.5591325759887695
(28,17): 0.5615593194961548
(28,19): 0.5540499091148376
(28,20): 0.47811228036880493
(28,21): 0.5414130091667175
(28,22): 0.5186066627502441
(28,23): 0.6038211584091187
(28,26): 0.5251690745353699
(28,27): 0.5171367526054382
(29,1): 0.5375801920890808
(29,2): 0.46365609765052795
(29,3): 0.5401850342750549
(29,40): 0.4014180600643158
(29,42): 0.39027753472328186
(30,7): 0.5317296981811523
(30,33): 0.4740125238895416
(31,7): 0.5815081000328064
(31,11): 0.5221011638641357
(31,13): 0.5394405126571655
(31,21): 0.48387008905410767
(31,32): 0.5997053980827332
(32,7): 0.5388108491897583
(32,31): 0.5170555114746094
(33,7): 0.5984888672828674
(33,18): 0.5806466341018677
(33,30): 0.4248223304748535
(34,20): 0.5777145624160767
(34,42): 0.530629575252533
(35,6): 0.4895704686641693
(35,8): 0.5407080054283142
(35,12): 0.6189266443252563
(35,20): 0.4924001693725586
(35,24): 0.5066187381744385
(36,11): 0.4624091684818268
(36,43): 0.4651902914047241
(36,45): 0.47117355465888977
(37,10): 0.5088528990745544
(37,13): 0.5528100728988647
(37,14): 0.5080516338348389
(37,23): 0.6050280928611755
(37,43): 0.4159725308418274
(37,45): 0.3983404338359833
(38,14): 0.45578449964523315
(38,15): 0.5887554883956909
(39,15): 0.5539736151695251
(39,18): 0.4883147180080414
(39,47): 0.5520316362380981
(40,10): 0.4405328035354614
(40,13): 0.5071230530738831
(40,16): 0.5365539193153381
(40,22): 0.5112910270690918
(40,29): 0.5269559025764465
(41,19): 0.49615564942359924
(41,25): 0.5088882446289062
(42,9): 0.469632089138031
(42,10): 0.48112815618515015
(42,29): 0.5007219910621643
(42,34): 0.506705105304718
(43,10): 0.5791288018226624
(43,36): 0.4963952898979187
(43,37): 0.5401412844657898
(43,45): 0.4841817617416382
(44,9): 0.45749717950820923
(44,11): 0.4320223927497864
(44,16): 0.5097820162773132
(44,18): 0.5412126183509827
(44,21): 0.590953528881073
(45,13): 0.5941715836524963
(45,36): 0.5135834217071533
(45,37): 0.49598556756973267
(45,43): 0.5347305536270142
(46,8): 0.5811724066734314
(46,9): 0.49440446496009827
(46,23): 0.49152860045433044
(46,25): 0.5147764682769775
(46,48): 0.44688913226127625
(47,6): 0.5472409129142761
(47,16): 0.5408324003219604
(47,20): 0.5978760123252869
(47,26): 0.5821002125740051
(47,39): 0.46202677488327026
(47,49): 0.5154696106910706
(48,12): 0.40195977687835693
(48,17): 0.5352004766464233
(48,19): 0.5680251717567444
(48,26): 0.42038577795028687
(48,46): 0.4324442446231842
(49,15): 0.42905139923095703
(49,21): 0.5179473757743835
(49,26): 0.6165415644645691
(49,47): 0.5165242552757263
(50,13): 0.5119179487228394
(50,14): 0.5590112209320068
(51,12): 0.5809950232505798
(51,18): 0.500148594379425
(51,25): 0.49416157603263855
