Interaction name: 5j6d

Affinity: 8.220000267028809
Predicted value: 7.671070098876953

Shapley values for edges: 

(0,1): -0.010264005661010742
(0,7): -0.015439190864562989
(0,10): 0.02465179443359375
(0,12): 0.006182370185852051
(0,24): -0.048550567626953124
(0,41): -0.00332493782043457
(0,42): -0.010610260963439942
(0,43): 0.015063109397888184
(0,47): 0.044861488342285157
(1,0): 0.0468008279800415
(1,7): 0.005074229240417481
(1,9): 0.05907370567321777
(1,12): -0.015065760612487792
(1,24): -0.008207187652587891
(1,41): -0.0419279956817627
(1,42): -0.0596651554107666
(1,43): -0.01311591625213623
(1,44): -0.049706797599792484
(1,47): -0.007138218879699707
(2,5): -0.0007817554473876953
(2,8): -0.02496910572052002
(2,11): -0.04141599178314209
(2,13): -0.006167163848876953
(2,14): 0.01423912525177002
(2,31): -0.018529720306396484
(2,32): 0.019377522468566895
(3,8): -0.04947201251983643
(3,13): -0.021114583015441894
(3,15): 0.016419544219970703
(3,16): -0.0037448453903198243
(3,18): 0.017556495666503906
(3,19): 0.016176562309265136
(3,23): -0.006628503799438476
(3,28): 0.026286096572875978
(3,33): 0.01726710796356201
(3,35): -0.0023052072525024414
(3,37): 0.025610618591308594
(3,39): -0.03349989414215088
(4,15): -0.014826159477233886
(4,16): -0.008570175170898437
(4,17): 0.04817276477813721
(4,33): -0.010481739044189453
(4,34): -0.011854186058044433
(4,35): -0.0014451313018798827
(4,39): -0.04107240200042725
(5,2): -0.0615234899520874
(5,6): 0.00016585826873779296
(5,8): -0.06845016956329346
(5,11): -0.010711598396301269
(5,13): -0.011489529609680176
(5,14): 0.04211724281311035
(5,31): -0.005008893013000488
(5,32): 0.010152387619018554
(5,43): 0.02423553466796875
(5,45): -0.06145938396453857
(6,5): 0.04232410907745361
(6,8): -0.018797450065612793
(6,11): -0.028244733810424805
(6,13): -0.002798142433166504
(6,19): 0.03322753429412842
(6,20): 0.047280898094177244
(6,22): 0.0065364551544189456
(6,26): 0.010886402130126953
(6,45): -0.001786661148071289
(7,0): -0.06341931819915772
(7,1): -0.0418436336517334
(7,9): 0.02897456645965576
(7,10): -0.02695574760437012
(7,24): -0.038594236373901365
(7,25): -0.06746991157531738
(7,29): -0.030268335342407228
(7,30): -0.029247169494628907
(7,38): -0.03959858417510986
(7,45): 0.03212531089782715
(7,46): -0.040381574630737306
(8,2): 0.014552474021911621
(8,3): -0.023420934677124024
(8,5): 0.006389026641845703
(8,6): -0.02023353099822998
(8,11): -0.005509061813354492
(8,13): -0.02033224582672119
(8,19): -0.04245790958404541
(8,37): -0.00012042522430419922
(8,46): 0.00585845947265625
(9,1): -0.07964538097381592
(9,7): -0.012888789176940918
(9,10): -0.0019592666625976563
(9,12): 0.007886266708374024
(9,24): 0.012758984565734863
(10,0): -0.021111817359924318
(10,7): -0.01092991828918457
(10,9): -0.026417646408081055
(10,12): -0.029159560203552246
(10,24): -0.05169960498809814
(11,2): 0.00375582218170166
(11,5): 0.04891127586364746
(11,6): 0.025189728736877443
(11,8): 0.04300665378570557
(11,13): 0.037463083267211914
(11,19): 0.04864684104919434
(11,32): 0.022182674407958985
(11,45): 0.04580388069152832
(12,0): -0.02774932861328125
(12,1): 0.007237610816955567
(12,9): 0.04121246814727783
(12,10): 0.06798004627227783
(12,24): 0.07817110061645507
(12,25): 0.03878581047058106
(12,29): -0.008788995742797852
(12,30): 0.02127601146697998
(12,38): 0.01734314441680908
(13,2): 0.005822343826293945
(13,3): 0.008974637985229492
(13,5): -0.02017794132232666
(13,6): -0.009229774475097657
(13,8): 0.006525959968566895
(13,11): 0.031172013282775878
(13,19): 0.02161346435546875
(13,20): -0.03699099063873291
(13,27): -0.0007750415802001954
(13,28): -0.004950432777404785
(13,37): -0.016220250129699708
(13,40): 0.009038105010986328
(13,49): -0.003910603523254394
(13,51): -0.04714600086212158
(13,52): -0.015271716117858887
(13,63): -0.006651821136474609
(14,2): -0.06572339057922363
(14,5): -0.006946320533752441
(14,24): -0.0288140344619751
(14,25): 0.007154374122619629
(14,29): 0.014396576881408692
(14,30): -0.01655787467956543
(14,31): -0.002398829460144043
(14,32): -0.022679247856140138
(14,38): -0.004111404418945312
(14,51): -0.03820848941802978
(14,55): -0.011641521453857422
(14,68): -0.004139604568481445
(15,3): 0.025848898887634277
(15,4): -0.02339162826538086
(15,16): -0.03872096061706543
(15,23): -0.006643099784851074
(15,28): -0.037465877532958984
(15,33): -0.006672134399414062
(15,34): -0.005858650207519531
(15,35): 0.00028232097625732424
(15,37): 0.003913874626159668
(15,39): 0.012903504371643067
(15,50): -0.012271666526794433
(15,52): -0.013515114784240723
(15,64): -0.01565929889678955
(16,3): -0.005544452667236328
(16,4): -0.012870006561279297
(16,15): -0.013869924545288086
(16,17): -0.02432480812072754
(16,23): -0.013724374771118163
(16,33): -0.004953656196594238
(16,34): -0.02554966926574707
(16,35): 0.005048155784606934
(16,39): -0.004193682670593262
(17,4): -0.010534071922302246
(17,16): 0.001386852264404297
(17,33): -0.007471189498901367
(17,34): -0.00851341724395752
(17,39): -0.01762059211730957
(17,53): 0.013588733673095703
(17,54): -0.01639458179473877
(17,65): -0.0016738224029541017
(18,3): 0.0037803411483764648
(18,19): -0.010881776809692384
(18,27): 0.00020904541015625
(18,28): -0.014947009086608887
(18,37): -0.0026589441299438477
(18,40): -0.06178538799285889
(18,66): -0.011761946678161621
(18,67): 0.026218295097351074
(19,3): 0.0018214702606201172
(19,6): -0.0071610832214355465
(19,8): -0.04334009647369385
(19,11): 0.020736217498779297
(19,13): -0.009445710182189941
(19,18): -0.01145479679107666
(19,20): -0.019062724113464356
(19,21): -0.009087996482849121
(19,22): -0.011718182563781739
(19,26): -0.005469622611999511
(19,27): 0.00805311679840088
(19,28): -0.012649307250976563
(19,37): -0.01849703311920166
(19,40): -0.04873045921325683
(19,55): -0.004813365936279297
(19,63): -0.0017674827575683593
(20,6): 0.02690962314605713
(20,13): -0.018279242515563964
(20,19): -0.010892462730407716
(20,21): -0.0037592077255249024
(20,22): -0.00284700870513916
(20,26): -0.0015580224990844726
(20,27): -0.00931166172027588
(20,36): -0.005750503540039063
(20,40): -0.029795165061950683
(20,51): -0.03573505401611328
(20,55): -0.014008889198303223
(20,56): -0.0020280075073242187
(20,67): -0.007000780105590821
(21,19): -0.020298476219177245
(21,20): 0.0011365461349487306
(21,22): -0.013269705772399902
(21,26): -0.018971819877624512
(21,36): -0.005892467498779297
(21,68): 0.0014495420455932616
(21,69): -0.01923788070678711
(22,6): -0.05964648723602295
(22,19): -0.0023173952102661134
(22,20): -0.014345130920410155
(22,21): -0.02943821430206299
(22,26): -0.0224214506149292
(22,36): -0.01176060676574707
(22,57): -0.11100849151611328
(22,58): 0.002025618553161621
(22,67): -5.023002624511719e-05
(22,70): -0.013526954650878907
(23,3): -0.0185754919052124
(23,15): -0.002991623878479004
(23,16): 0.004329509735107422
(23,28): -0.002407517433166504
(23,33): 0.0012972927093505859
(23,34): 0.002052497863769531
(23,35): 0.006345643997192383
(23,37): -0.01344921112060547
(23,39): -0.024367017745971678
(23,59): -0.013045487403869628
(23,64): -0.010796127319335937
(23,65): 0.0007838296890258789
(23,66): 0.0015899038314819336
(24,0): -0.025151143074035643
(24,1): -0.03353523254394531
(24,7): -0.06363300800323486
(24,9): 0.005163187980651855
(24,10): -0.0038956499099731447
(24,12): -0.047535576820373536
(24,14): -0.0032120370864868165
(24,25): 0.008807826042175292
(24,29): -0.016264472007751465
(24,30): -0.015768413543701173
(24,31): -0.002664995193481445
(24,38): -0.030830230712890625
(24,57): -0.017209577560424804
(24,60): -0.1251012182235718
(24,61): -0.01560511589050293
(25,7): -0.051153130531311035
(25,12): 0.013750853538513184
(25,14): -0.02133028507232666
(25,24): 0.014383692741394043
(25,29): 0.015244536399841309
(25,30): -0.031411561965942386
(25,31): -0.0333057975769043
(25,32): 0.0144281005859375
(25,38): -0.03603408813476563
(26,6): -0.023126683235168456
(26,19): -0.007153782844543457
(26,20): -0.017103619575500488
(26,21): -0.01883997917175293
(26,22): -0.04999053001403809
(26,27): -0.02655421257019043
(26,36): -0.013639149665832519
(26,40): -0.051828470230102536
(26,57): -0.015400385856628418
(26,61): 0.04317883968353271
(26,62): -0.0038185882568359374
(26,64): -0.013438839912414551
(26,66): -0.005074295997619629
(27,13): -0.04450906276702881
(27,18): -0.0036568450927734375
(27,19): -0.016418399810791014
(27,20): -0.03085085391998291
(27,26): -0.048635005950927734
(27,28): -0.0014756679534912109
(27,37): -0.025253849029541017
(27,56): 0.0037813663482666017
(28,3): -0.028101091384887696
(28,13): -0.00523284912109375
(28,15): 0.00803640365600586
(28,18): 0.008084497451782226
(28,19): 0.007272992134094238
(28,23): -0.00880582332611084
(28,27): -0.0019005870819091798
(28,33): -0.002450094223022461
(28,37): -0.003456730842590332
(28,39): -0.0341395902633667
(28,40): -0.06214208126068115
(28,53): 0.00790677547454834
(28,61): 0.0026197338104248045
(28,65): 0.015731029510498047
(29,7): -0.038833451271057126
(29,12): 0.017455897331237792
(29,14): -0.03727917194366455
(29,24): -0.01072298526763916
(29,25): -0.0004484128952026367
(29,30): -0.017896289825439452
(29,31): -0.0245051908493042
(29,32): 0.0030147266387939454
(29,38): -0.0377052640914917
(30,7): -0.08353703022003174
(30,12): 0.006828503608703613
(30,14): -0.028355865478515624
(30,24): -0.040736851692199705
(30,25): -0.0249878454208374
(30,29): -0.01355179786682129
(30,31): 0.006614184379577637
(30,32): -0.0196589994430542
(30,51): -0.021167821884155273
(31,2): -0.009346189498901368
(31,5): -0.03357693672180176
(31,14): -0.009306411743164062
(31,24): -0.021855125427246092
(31,25): -0.007626209259033203
(31,29): -0.0317044734954834
(31,30): -0.0053874731063842775
(31,32): -0.02222226619720459
(31,38): -0.00032306671142578124
(31,54): 0.0006355762481689454
(31,63): -0.02939795970916748
(32,2): -0.043396706581115725
(32,5): -0.06917101860046387
(32,11): 0.017580037117004396
(32,14): -0.006628365516662598
(32,25): -0.03015465259552002
(32,29): -0.01469487190246582
(32,30): -0.013650631904602051
(32,31): -0.02092228889465332
(32,38): -0.021312217712402343
(32,56): 0.016184992790222168
(32,61): -0.006469411849975586
(32,64): -0.012711944580078125
(32,65): -0.02343376636505127
(32,66): -0.010984182357788086
(33,3): 0.0016809225082397461
(33,4): -0.03519546508789063
(33,15): -0.012002224922180177
(33,16): -0.017481427192687988
(33,17): -0.029632601737976074
(33,23): 0.002104487419128418
(33,28): 0.03500694274902344
(33,34): -0.03273286819458008
(33,35): -0.023346948623657226
(33,37): -0.01868384838104248
(33,54): -0.008468241691589355
(33,63): -0.012575469017028808
(33,66): -0.01600193977355957
(33,67): -0.0004438352584838867
(34,4): -0.019245662689208985
(34,15): -0.016162686347961426
(34,16): -0.022383718490600585
(34,17): -0.01948847770690918
(34,23): 0.0013592863082885743
(34,33): -0.004285631179809571
(34,35): -0.0020596837997436525
(34,39): -0.05089399337768555
(34,63): -0.0029728031158447266
(35,3): 0.004074702262878418
(35,4): -0.012702879905700683
(35,15): -0.006869487762451172
(35,16): 0.0005046463012695312
(35,23): -0.0090055513381958
(35,33): -0.009480652809143066
(35,34): -0.0014787435531616211
(35,39): -0.04866757869720459
(35,53): -0.0013778495788574218
(36,20): -0.0065046119689941406
(36,21): -0.010401411056518555
(36,22): -0.012651867866516113
(36,26): -0.02447053909301758
(36,58): 0.00020776271820068358
(36,68): 0.002673978805541992
(37,3): 0.02344844341278076
(37,8): -0.007374262809753418
(37,13): -0.01306267738342285
(37,15): -0.005028781890869141
(37,18): -0.03723287582397461
(37,19): -0.0007405424118041992
(37,23): -0.010844316482543945
(37,27): -0.0005346012115478516
(37,28): 0.0031705093383789062
(37,33): -0.0041878890991210935
(37,39): 0.01182464599609375
(37,40): -0.023312888145446777
(37,50): -0.00044233322143554687
(37,52): 0.00775324821472168
(37,67): -0.00635033130645752
(38,7): 0.026171255111694335
(38,12): -0.035708680152893066
(38,14): 0.12979833126068116
(38,24): 0.04041365623474121
(38,25): -0.014159693717956542
(38,29): -0.002574019432067871
(38,31): -0.0050730562210083005
(38,32): -0.0042717218399047855
(39,3): -0.03922262191772461
(39,4): -0.0788055419921875
(39,15): -0.019633545875549316
(39,16): 0.028610186576843263
(39,17): 0.013821091651916504
(39,23): 0.02327319622039795
(39,28): 0.011755638122558594
(39,34): 0.016004204750061035
(39,35): 0.04466126918792725
(39,37): -0.0061329460144042966
(40,13): 0.05830965518951416
(40,18): -0.0071095418930053715
(40,19): 0.0011350440979003907
(40,20): -0.007964706420898438
(40,26): 0.06902041912078857
(40,28): 0.031185245513916014
(40,37): 0.001206197738647461
(41,0): 0.012967042922973633
(41,1): -0.019596548080444337
(41,46): -0.019864263534545897
(41,60): 0.012689170837402343
(42,0): -0.0013866758346557618
(42,1): 0.02168508052825928
(42,44): -0.05182698726654053
(42,47): 0.04476645469665527
(42,60): 0.015065007209777832
(43,0): -0.03206113815307617
(43,1): 0.00874699592590332
(43,5): -0.01858752727508545
(43,61): 0.031465468406677244
(44,1): 0.02860520839691162
(44,42): -0.025744733810424806
(44,47): 0.0378077220916748
(44,60): -0.012919130325317383
(45,5): -0.01697052001953125
(45,6): -0.0398422908782959
(45,7): -0.05596392154693604
(45,11): -0.045255632400512696
(45,51): -0.01958127498626709
(45,57): -0.06793009281158448
(46,7): -0.02680356502532959
(46,8): -0.008017802238464355
(46,41): -0.04647986888885498
(46,60): -0.01612136363983154
(47,0): -0.029912734031677247
(47,1): -0.018267874717712403
(47,42): 0.010156917572021484
(47,44): -0.05842662811279297
(47,60): 0.02463552951812744
(48,51): 0.0995766830444336
(48,57): 0.164885778427124
(49,13): -0.016955533027648927
(50,15): 0.010754361152648925
(50,37): -0.014608244895935058
(50,54): -0.008019261360168457
(50,64): 0.0050132226943969726
(51,13): -0.002712054252624512
(51,14): 0.001829514503479004
(51,20): -0.008364014625549317
(51,30): -0.014113564491271973
(51,45): -0.03196591854095459
(51,48): 0.05487838268280029
(52,13): -0.017908267974853516
(52,15): 0.001718893051147461
(52,37): -0.007897191047668457
(52,55): 0.017284846305847167
(52,59): 0.004228453636169433
(53,17): 0.0017516899108886718
(53,28): -0.006550025939941406
(53,35): 0.008626971244812012
(54,17): -0.0035470771789550782
(54,31): -0.011931905746459961
(54,33): -2.562999725341797e-05
(54,50): -0.016452012062072755
(54,64): 0.002867774963378906
(55,14): -0.04096248626708984
(55,19): 0.003765454292297363
(55,20): -0.006344122886657715
(55,52): -0.014517126083374023
(55,56): 0.0044823789596557615
(55,59): -0.002593693733215332
(56,20): 0.0028793144226074217
(56,27): 0.0021513557434082032
(56,32): -0.03589322566986084
(56,55): -0.013386130332946777
(57,22): -0.010306730270385742
(57,24): -0.005293378829956055
(57,26): -0.01722017765045166
(57,45): -0.02734142780303955
(57,48): 0.030738987922668458
(57,69): 0.04276527881622314
(58,22): -0.017551050186157227
(58,36): 0.0005424165725708008
(59,23): 0.010035276412963867
(59,52): -0.0018215370178222656
(59,55): 0.003971414566040039
(60,24): -0.01836698055267334
(60,41): -0.04132143020629883
(60,42): -0.017848448753356935
(60,44): -0.04133375644683838
(60,46): -0.1644849681854248
(60,47): -0.18307148933410644
(61,24): -0.03932746410369873
(61,26): -0.023368120193481445
(61,28): -0.0021916627883911133
(61,32): -0.009788036346435547
(61,43): -0.08722031116485596
(62,26): -0.0028343296051025393
(62,70): 0.007899117469787598
(63,13): -0.0062070655822753906
(63,19): -0.00685452938079834
(63,31): 0.0022042560577392577
(63,33): -0.007322006225585938
(63,34): 0.014420132637023925
(63,66): -6.909370422363282e-05
(64,15): 0.002872486114501953
(64,23): -0.004635958671569824
(64,26): -0.01438365936279297
(64,32): 0.005156693458557129
(64,50): -0.004066982269287109
(64,54): -0.017535452842712403
(65,17): -0.0014386653900146484
(65,23): 1.6412734985351563e-05
(65,28): -0.0033871936798095703
(65,32): 0.0023217010498046875
(66,18): -0.019768075942993166
(66,23): -0.022871332168579103
(66,26): -0.00650693416595459
(66,32): -0.005081057548522949
(66,33): 0.014415097236633301
(66,63): 0.005573520660400391
(67,18): 0.003256235122680664
(67,20): -0.0071852970123291015
(67,22): -0.00536862850189209
(67,33): -0.005166726112365723
(67,37): 0.01783463954925537
(68,14): -0.010739736557006836
(68,21): 0.0006013298034667968
(68,36): -0.00635915756225586
(69,21): -0.01702925205230713
(69,57): -0.03788506031036377
(70,22): -0.006575236320495606
(70,62): 0.007916984558105468
