Interaction name: 5yfz

Affinity: 6.960000038146973
Predicted value: 7.036769866943359

Shapley values for edges: 

(0,1): -0.0056000852584838865
(0,5): -0.011422004699707031
(0,8): 0.014853053092956543
(0,19): 0.008092503547668457
(0,28): 0.025678558349609373
(1,0): 0.026129426956176757
(1,5): -0.010714249610900879
(1,10): 0.02157963752746582
(1,18): -0.034715089797973636
(1,19): 0.011896734237670898
(1,23): -0.009199624061584472
(1,28): 0.029144434928894042
(2,3): -0.0401222038269043
(2,7): -0.033234171867370606
(2,11): -0.011983733177185058
(2,12): -0.014068269729614257
(2,22): 0.011767592430114746
(3,2): -0.05027567386627197
(3,6): -0.04602849006652832
(3,11): -0.017279224395751955
(3,12): 0.01346405029296875
(4,10): 0.00784599781036377
(4,19): -0.0036278772354125977
(4,23): -0.0004920482635498047
(4,24): -0.007750892639160156
(4,25): 0.003915152549743652
(5,0): 0.01758796215057373
(5,1): -0.006833910942077637
(5,8): 0.05106431484222412
(5,19): 0.046782641410827636
(6,3): -0.054789037704467775
(6,7): 0.003274416923522949
(6,11): 0.04272168636322021
(6,12): 0.03991540431976318
(6,22): 0.023475518226623537
(7,2): -0.06273440361022949
(7,6): -0.0004391050338745117
(7,11): 0.045040011405944824
(7,12): 0.05017943382263183
(8,0): -0.014034466743469238
(8,5): -0.014348931312561035
(8,9): -0.006796879768371582
(8,19): -0.02946406364440918
(8,20): 0.0003404903411865234
(8,23): -0.01316903591156006
(8,24): -0.01341644287109375
(8,29): 0.026044459342956544
(8,30): 0.020779857635498045
(8,37): 0.009036154747009277
(9,8): 0.0008422517776489257
(9,10): -0.007400789260864258
(9,18): 0.013200507164001465
(9,19): -0.013476471900939941
(9,23): -0.0007537746429443359
(9,24): -0.008315405845642089
(9,25): -0.017342891693115235
(9,30): 0.022680883407592774
(10,1): 0.021609158515930177
(10,4): 0.009790587425231933
(10,9): -0.010624194145202636
(10,18): 0.021584553718566893
(10,19): -0.02040626049041748
(10,20): 0.0042336654663085935
(10,23): -0.008713068962097168
(10,24): -0.018032875061035156
(10,25): -0.011324625015258789
(10,31): 0.0192925500869751
(10,35): 0.007588691711425781
(11,2): 0.036191396713256836
(11,3): 0.025909748077392578
(11,6): 0.04354600429534912
(11,7): 0.04457393646240235
(11,12): 0.00042755126953125
(11,13): -0.015184926986694335
(11,14): 0.00018271446228027344
(11,15): -0.010104498863220214
(11,22): -0.010929675102233886
(11,32): 0.03795542240142822
(12,2): 0.0455579662322998
(12,3): 0.016809005737304688
(12,6): 0.03983243465423584
(12,7): 0.05629772663116455
(12,11): -0.0010881805419921875
(12,13): -0.018446030616760253
(12,14): -0.0008223390579223633
(12,15): 0.0013176441192626954
(12,22): -0.01586702823638916
(12,38): 0.008774356842041016
(12,40): 0.010823297500610351
(13,11): 0.003084402084350586
(13,12): -0.002644467353820801
(13,14): -0.0076609373092651365
(13,15): -0.01274207592010498
(13,21): -0.015249805450439453
(13,22): 0.011245145797729492
(13,34): -0.014620218276977539
(14,11): -0.003510589599609375
(14,12): -0.007771792411804199
(14,13): -0.022937512397766112
(14,15): -0.0028136873245239256
(14,16): 0.004420037269592285
(14,20): -0.004185209274291992
(14,21): -0.0032767152786254885
(14,22): -0.012403435707092285
(14,35): 0.006740536689758301
(14,36): 0.03603971481323242
(14,38): -0.00927187442779541
(14,39): -0.009251842498779297
(15,11): 0.007527403831481934
(15,12): 0.007558584213256836
(15,13): -0.007811264991760254
(15,14): 0.003080573081970215
(15,16): 0.002010183334350586
(15,20): 0.004820427894592285
(15,21): -0.002868614196777344
(15,22): -0.010797295570373535
(15,36): 0.024598031044006347
(15,40): -0.017824554443359376
(16,14): -0.004131407737731934
(16,15): 0.0008427762985229492
(16,17): -0.0008069419860839844
(16,20): -0.007174701690673828
(16,21): -0.0037564945220947264
(16,24): 0.00212404727935791
(16,25): 0.0004892015457153321
(16,26): -0.0029909467697143556
(16,27): 0.007821812629699706
(16,35): 0.002984943389892578
(17,16): 0.0019747591018676757
(17,21): -0.010549192428588866
(17,24): -0.007403326034545898
(17,25): -0.008822517395019531
(17,26): 0.0044771480560302735
(17,27): -0.007513408660888672
(17,37): 0.008990254402160645
(17,38): -0.005523138046264649
(18,1): 0.007607808113098144
(18,9): -0.019830045700073243
(18,10): 0.001928701400756836
(18,19): -0.029071512222290038
(18,23): -0.0026708745956420896
(19,0): -0.011872739791870117
(19,1): 0.03310950756072998
(19,4): 0.0171990966796875
(19,5): -0.004536442756652832
(19,8): -0.0039788389205932615
(19,9): 0.007331180572509766
(19,10): 0.0017616796493530274
(19,18): 0.02201712131500244
(19,20): -0.011736226081848145
(19,21): 0.0010010480880737304
(19,23): -0.003676443099975586
(19,24): -0.004056782722473145
(19,25): -0.005060849189758301
(19,26): 0.007729229927062989
(19,27): 0.008746185302734376
(19,37): 0.018354177474975586
(20,8): 0.008938302993774414
(20,10): -0.006055521965026856
(20,14): -0.012961263656616212
(20,15): -0.0038454723358154297
(20,16): -0.004080281257629394
(20,19): -0.02384300708770752
(20,21): -0.0067206287384033205
(20,23): 0.00700230598449707
(20,24): -0.0014183378219604491
(20,25): -0.0030272579193115234
(20,26): 0.005143461227416993
(20,27): -0.005253067016601562
(20,39): -0.006878175735473633
(20,40): -0.009039855003356934
(21,13): -0.012365412712097169
(21,14): -0.0012923192977905274
(21,15): -0.010335931777954102
(21,16): -0.002376418113708496
(21,17): 0.006736884117126465
(21,19): -0.023945212364196777
(21,20): 0.0077316522598266605
(21,22): -0.015592613220214845
(21,24): -0.014811162948608398
(21,25): -0.008505244255065918
(21,26): 0.0017061758041381837
(21,27): -6.88934326171875e-05
(21,35): 0.006188125610351563
(21,38): -0.00958594799041748
(22,2): 0.0473239278793335
(22,6): 0.03624078273773193
(22,11): -0.0054375362396240235
(22,12): -0.009794406890869141
(22,13): -0.017710494995117187
(22,14): -0.01354398250579834
(22,15): -0.004627413749694824
(22,21): -0.006337871551513672
(22,32): 0.03437822818756103
(22,33): 0.045630207061767576
(22,39): 0.004732880592346191
(22,40): 0.0011349916458129883
(23,1): 0.0065896034240722655
(23,4): 0.0001461172103881836
(23,8): 0.005182666778564453
(23,9): -0.015596814155578613
(23,10): 0.0019004106521606444
(23,18): 0.012301735877990723
(23,19): -0.011823740005493164
(23,20): 0.00020885467529296875
(23,24): 0.007863898277282715
(23,25): -0.0009682846069335938
(23,35): 0.004955930709838867
(24,4): -0.00474522590637207
(24,8): 0.005914301872253418
(24,9): -0.007737154960632324
(24,10): -0.0012553644180297852
(24,16): 0.002258791923522949
(24,17): -0.001095142364501953
(24,19): -0.005595531463623047
(24,20): -0.002399740219116211
(24,21): -0.002452535629272461
(24,23): -0.0021355676651000975
(24,25): -0.009456419944763183
(24,26): 0.004111380577087403
(24,27): 0.0022144556045532227
(24,38): -0.004287123680114746
(25,4): 0.016618947982788086
(25,9): -0.005487542152404785
(25,10): 0.011701645851135254
(25,16): -0.0026853322982788087
(25,17): 0.006612658500671387
(25,19): -0.019333133697509764
(25,20): -0.010481243133544921
(25,21): -0.0025840091705322268
(25,23): -0.0011173295974731445
(25,24): -0.0078302001953125
(25,26): 0.012527003288269042
(25,27): 0.004189095497131348
(25,39): 0.00328371524810791
(26,16): 0.006334161758422852
(26,17): -0.005608177185058594
(26,19): -0.015559821128845215
(26,20): -0.00196042537689209
(26,21): -0.001266336441040039
(26,24): -0.011532511711120606
(26,25): -0.004229812622070312
(26,37): -0.0012410402297973633
(27,16): -0.016431822776794433
(27,17): 0.01150855541229248
(27,19): 0.011806559562683106
(27,20): -0.02177788257598877
(27,21): -0.024589548110961913
(27,24): -0.00465578556060791
(27,25): -0.008347349166870117
(28,0): -0.0017349672317504882
(28,1): -0.022190113067626954
(29,8): -0.01832324028015137
(29,36): -0.02818611145019531
(30,8): -0.0022112131118774414
(30,9): -0.06513284206390381
(31,10): -0.011185431480407714
(31,39): -0.02938406467437744
(31,40): -0.038590288162231444
(32,11): 0.021574954986572265
(32,22): 0.004226088523864746
(32,33): -0.0388020658493042
(33,22): 0.01730821132659912
(33,32): -0.05565207958221435
(34,13): -0.04251472473144531
(34,35): -0.029269347190856932
(35,10): 0.011225996017456054
(35,14): -0.00034405231475830077
(35,16): -0.007110252380371094
(35,21): -0.004425926208496094
(35,23): 0.0019184446334838867
(35,34): -0.012132196426391602
(35,39): -0.0025605010986328126
(36,14): -0.0032910013198852537
(36,15): -0.020430564880371094
(36,29): -0.04616164207458496
(37,8): 0.019709324836730956
(37,17): -0.013473501205444336
(37,19): -0.026100234985351564
(37,26): -0.021394047737121582
(38,12): 0.011662368774414062
(38,14): -0.0022187042236328125
(38,17): -0.006267824172973633
(38,21): -0.020290627479553222
(38,24): 0.0003032255172729492
(39,14): -0.004871830940246582
(39,20): -0.010252685546875
(39,22): 0.0004974126815795899
(39,25): -0.0045220947265625
(39,31): 0.00019875526428222656
(39,35): 0.0035088300704956056
(40,12): 0.02657578945159912
(40,15): -0.007257518768310547
(40,20): -0.014141998291015624
(40,22): -0.0005232858657836914
(40,31): -0.007755837440490723
