Interaction name: 5t28

Affinity: 8.489999771118164
Predicted value: 8.098236083984375

Attributions for edges: 

(0,1): 0.0
(0,6): 0.0
(0,23): 0.0
(0,24): 0.0
(0,25): 0.0
(1,0): 0.0
(1,2): 0.0
(1,4): 0.0
(1,5): 0.0
(1,6): 0.0
(1,9): 0.0
(1,16): 0.0
(1,23): 0.0
(1,24): 0.0
(1,25): 0.0
(2,1): 0.0
(2,4): 0.0
(2,8): 0.0
(2,10): 0.0
(2,11): 0.0
(2,12): 0.0
(2,13): 0.0
(2,20): 0.0
(2,22): 0.0
(2,23): 0.0
(2,24): 0.0
(2,25): 0.0
(3,5): 0.0
(3,6): 0.0
(3,7): 0.0
(3,9): 0.0
(3,15): 0.0
(3,16): 0.0
(3,25): 0.0
(4,1): 0.0
(4,2): 0.0
(4,12): 0.0
(4,13): 0.0
(4,23): 0.0
(4,24): 0.0
(4,25): 0.0
(5,1): 0.0
(5,3): 0.0
(5,6): 0.0
(5,7): 0.0
(5,9): 0.0
(5,16): 0.0
(5,25): 0.0
(6,0): 0.0
(6,1): 0.0
(6,3): 0.0
(6,5): 0.0
(6,23): 0.0
(6,26): 0.0
(7,3): 0.0
(7,5): 0.0
(7,9): 0.0
(7,14): 0.0
(7,15): 0.0
(7,16): 0.0
(7,28): 0.0
(7,29): 0.0
(7,30): 0.0
(8,2): 0.0
(8,10): 0.0
(8,11): 0.0
(8,12): 0.0
(8,13): 0.0
(8,17): 0.0
(8,18): 0.0
(8,19): 0.0
(8,20): 0.0
(8,21): 0.0
(8,22): 0.0
(8,32): 0.0
(9,1): 0.0
(9,3): 0.0
(9,5): 0.0
(9,7): 0.0
(9,14): 0.0
(9,15): 0.0
(9,16): 0.0
(9,29): 0.0
(9,34): 0.0
(10,2): 0.0
(10,8): 0.0
(10,11): 0.0
(10,12): 0.0
(10,19): 0.0
(10,20): 0.0
(10,22): 0.0
(10,27): 0.0
(10,29): 0.0
(11,2): 0.0
(11,8): 0.0
(11,10): 0.0
(11,12): 0.0
(11,13): 0.0
(11,19): 0.0
(11,20): 0.0
(11,22): 0.0
(12,2): 0.0
(12,4): 0.0
(12,8): 0.0
(12,10): 0.0
(12,11): 0.0
(12,13): 0.0
(12,17): 0.0
(12,19): 0.0
(12,20): 0.0
(12,21): 0.0
(12,22): 0.0
(12,24): 0.0
(12,33): 0.0
(13,2): 0.0
(13,4): 0.0
(13,8): 0.0
(13,11): 0.0
(13,12): 0.0
(13,20): 0.0
(13,22): 0.0
(13,24): 0.0
(13,29): 0.0
(13,31): 0.0
(13,33): 0.0
(14,7): 0.0
(14,9): 0.0
(14,15): 7.424285022053392e-31
(14,16): 0.0
(14,28): 0.0
(14,32): 8.907924577534969e-26
(15,3): 0.0
(15,7): 0.0
(15,9): 0.0
(15,14): 1.2930753831926664e-29
(15,16): 0.0
(16,1): 0.0
(16,3): 0.0
(16,5): 0.0
(16,7): 0.0
(16,9): 0.0
(16,14): 0.0
(16,15): 0.0
(16,30): 0.0
(17,8): 0.0
(17,12): 0.0
(17,18): 0.0
(17,19): 0.0
(17,20): 0.0
(17,21): 0.0
(17,22): 0.0
(17,27): 0.0
(18,8): 0.0
(18,17): 0.0
(18,19): 0.0
(18,20): 0.0
(18,21): 0.0
(18,22): 0.0
(18,33): 0.0
(18,35): 0.0
(19,8): 0.0
(19,10): 0.0
(19,11): 0.0
(19,12): 0.0
(19,17): 0.0
(19,18): 0.0
(19,20): 0.0
(19,21): 0.0
(19,22): 0.0
(20,2): 0.0
(20,8): 0.0
(20,10): 0.0
(20,11): 0.0
(20,12): 0.0
(20,13): 0.0
(20,17): 0.0
(20,18): 0.0
(20,19): 0.0
(20,21): 0.0
(20,29): 0.0
(21,8): 0.0
(21,12): 0.0
(21,17): 0.0
(21,18): 0.0
(21,19): 0.0
(21,20): 0.0
(21,22): 0.0
(22,2): 0.0
(22,8): 0.0
(22,10): 0.0
(22,11): 0.0
(22,12): 0.0
(22,13): 0.0
(22,17): 0.0
(22,18): 0.0
(22,19): 0.0
(22,21): 0.0
(23,0): 0.0
(23,1): 0.0
(23,2): 0.0
(23,4): 0.0
(23,6): 0.0
(23,24): 0.0
(24,0): 0.0
(24,1): 0.0
(24,2): 0.0
(24,4): 0.0
(24,12): 0.0
(24,13): 0.0
(24,23): 0.0
(25,0): 0.0
(25,1): 0.0
(25,2): 0.0
(25,3): 0.0
(25,4): 0.0
(25,5): 0.0
(25,26): 0.0
(26,6): 0.0
(26,25): 0.0
(27,10): 0.0
(27,17): 0.0
(27,33): 4.707408826658876e-29
(28,7): 0.0
(28,14): 1.4039184114144708e-31
(29,7): 0.0
(29,9): 0.0
(29,10): 0.0
(29,13): 0.0
(29,20): 0.0
(30,7): 0.0
(30,16): 0.0
(30,32): 2.536862368401051e-21
(30,34): 8.710907581904465e-33
(30,35): 9.950184697012751e-32
(31,13): 0.0
(32,8): 0.0
(32,14): 5.638031147315542e-21
(32,30): 1.091959224115843e-17
(32,35): 3.9742669367120385e-31
(33,12): 0.0
(33,13): 0.0
(33,18): 1.6914291657484767e-30
(33,27): 2.230652426595936e-33
(34,9): 0.0
(34,30): 2.0506425364524602e-26
(35,18): 0.0
(35,30): 1.878498696384691e-25
(35,32): 1.7160493212852063e-28
