Interaction name: 6ew7

Affinity: 5.539999961853027
Predicted value: 5.824835300445557

Attributions for edges: 

(0,1): 0.5009258985519409
(0,4): 0.5418312549591064
(0,5): 0.454107403755188
(0,10): 0.4521883726119995
(0,11): 0.48052778840065
(0,16): 0.5588173866271973
(0,18): 0.5278751254081726
(0,19): 0.5258400440216064
(0,21): 0.5056530833244324
(0,23): 0.652032196521759
(1,0): 0.5150009989738464
(1,5): 0.5247915983200073
(1,10): 0.564329981803894
(1,11): 0.4899381399154663
(1,21): 0.40096932649612427
(1,23): 0.50975102186203
(2,3): 0.5051078200340271
(2,7): 0.4719424843788147
(2,12): 0.5467653274536133
(2,17): 0.422385573387146
(3,2): 0.5908582210540771
(3,6): 0.32464680075645447
(3,17): 0.5478723049163818
(4,0): 0.39373287558555603
(4,8): 0.5810931921005249
(4,9): 0.45205599069595337
(4,10): 0.6097642779350281
(4,11): 0.509620189666748
(4,13): 0.6258221864700317
(4,16): 0.544624924659729
(4,18): 0.5052860379219055
(4,23): 0.3296382427215576
(4,24): 0.5694881081581116
(5,0): 0.5736331939697266
(5,1): 0.5960644483566284
(5,19): 0.5196177363395691
(5,20): 0.5848382115364075
(5,21): 0.5670905113220215
(5,23): 0.5232169032096863
(6,3): 0.4911208748817444
(6,7): 0.48448288440704346
(6,12): 0.578061580657959
(6,17): 0.5722128748893738
(7,2): 0.5481483340263367
(7,6): 0.48713138699531555
(7,17): 0.42048075795173645
(8,4): 0.5423117280006409
(8,9): 0.4997886121273041
(8,13): 0.5870397686958313
(8,14): 0.40884387493133545
(8,15): 0.47309353947639465
(8,16): 0.6351423263549805
(8,18): 0.5229414105415344
(8,22): 0.41934433579444885
(8,27): 0.5666197538375854
(8,30): 0.49320417642593384
(9,4): 0.4364822804927826
(9,8): 0.6529366970062256
(9,12): 0.571721076965332
(9,13): 0.4435056149959564
(9,14): 0.4667477607727051
(9,15): 0.5284141898155212
(9,16): 0.49185264110565186
(9,18): 0.5299327969551086
(9,22): 0.4681842029094696
(9,31): 0.41989338397979736
(10,0): 0.4544585049152374
(10,1): 0.42055046558380127
(10,4): 0.4814596474170685
(10,11): 0.4649420976638794
(10,18): 0.4352795481681824
(10,23): 0.5040817260742188
(10,25): 0.36982229351997375
(10,30): 0.3992919921875
(10,31): 0.457736998796463
(11,0): 0.5090565085411072
(11,1): 0.456514447927475
(11,4): 0.5689910054206848
(11,10): 0.49607744812965393
(11,26): 0.45925387740135193
(11,27): 0.5223789215087891
(11,28): 0.520235538482666
(11,29): 0.40553200244903564
(12,2): 0.43544408679008484
(12,6): 0.43768566846847534
(12,9): 0.4497681260108948
(12,16): 0.5281161069869995
(12,17): 0.3903655707836151
(12,19): 0.4914315640926361
(12,21): 0.4832930862903595
(13,4): 0.5717449188232422
(13,8): 0.5152889490127563
(13,9): 0.4739339351654053
(13,14): 0.3961437940597534
(13,15): 0.4386116862297058
(13,16): 0.4708949327468872
(13,18): 0.4382553994655609
(13,22): 0.46982210874557495
(13,27): 0.48877188563346863
(14,8): 0.5167006850242615
(14,9): 0.6523046493530273
(14,13): 0.510412871837616
(14,15): 0.4818040728569031
(14,16): 0.6147314310073853
(14,18): 0.49102821946144104
(15,8): 0.5908972024917603
(15,9): 0.46113720536231995
(15,13): 0.3903270661830902
(15,14): 0.5019349455833435
(15,16): 0.5473819375038147
(15,22): 0.5200124382972717
(16,0): 0.3347104489803314
(16,4): 0.6274614930152893
(16,8): 0.45036178827285767
(16,9): 0.503412127494812
(16,12): 0.5016357898712158
(16,13): 0.4788263142108917
(16,14): 0.5569961071014404
(16,15): 0.49042055010795593
(16,18): 0.5749617218971252
(16,19): 0.5255013108253479
(16,22): 0.3790712058544159
(16,27): 0.6547763347625732
(16,31): 0.44349244236946106
(17,2): 0.5059226155281067
(17,3): 0.4641796350479126
(17,6): 0.5436245799064636
(17,7): 0.3931730389595032
(17,12): 0.4263710677623749
(17,19): 0.5192522406578064
(17,20): 0.5026556849479675
(17,21): 0.4323374032974243
(17,31): 0.5187351703643799
(18,0): 0.42242419719696045
(18,4): 0.5173429846763611
(18,8): 0.538261890411377
(18,9): 0.44858425855636597
(18,10): 0.46791839599609375
(18,13): 0.513706624507904
(18,14): 0.4601069986820221
(18,16): 0.5148102045059204
(18,22): 0.47971197962760925
(18,30): 0.4751414954662323
(19,0): 0.3928004801273346
(19,5): 0.4780864417552948
(19,12): 0.47065603733062744
(19,16): 0.4741574227809906
(19,17): 0.5410853028297424
(19,20): 0.5128812789916992
(19,21): 0.457810640335083
(19,23): 0.4391223192214966
(19,30): 0.5619204640388489
(20,5): 0.5787562727928162
(20,17): 0.5085707902908325
(20,19): 0.47603896260261536
(20,21): 0.49388888478279114
(20,23): 0.6317338943481445
(21,0): 0.46911996603012085
(21,1): 0.5309171080589294
(21,5): 0.5180748701095581
(21,12): 0.5076656341552734
(21,17): 0.558046817779541
(21,19): 0.46279236674308777
(21,20): 0.5599592328071594
(21,23): 0.544876754283905
(22,8): 0.4207860827445984
(22,9): 0.484937846660614
(22,13): 0.5667097568511963
(22,15): 0.5570129156112671
(22,16): 0.4662935435771942
(22,18): 0.5850050449371338
(23,0): 0.40319550037384033
(23,1): 0.5748841166496277
(23,4): 0.5316250324249268
(23,5): 0.4369771182537079
(23,10): 0.5439857840538025
(23,19): 0.4991650879383087
(23,20): 0.5057445764541626
(23,21): 0.46617591381073
(24,4): 0.536599338054657
(24,26): 0.47998547554016113
(24,31): 0.5340090394020081
(25,10): 0.48883602023124695
(25,29): 0.5340679287910461
(26,11): 0.6097809672355652
(26,24): 0.46568533778190613
(27,8): 0.4962734878063202
(27,11): 0.37850022315979004
(27,13): 0.6009156107902527
(27,16): 0.48265841603279114
(27,30): 0.5087761878967285
(28,11): 0.598105251789093
(28,31): 0.5155527591705322
(29,11): 0.4902991056442261
(29,25): 0.5070270299911499
(30,8): 0.3518153727054596
(30,10): 0.5894358158111572
(30,18): 0.40845751762390137
(30,19): 0.487140953540802
(30,27): 0.6130232810974121
(31,9): 0.35956326127052307
(31,10): 0.4599286913871765
(31,16): 0.4768826365470886
(31,17): 0.40712836384773254
(31,24): 0.3700754940509796
(31,28): 0.5236846208572388
