Interaction name: 5u7o

Affinity: 7.139999866485596
Predicted value: 7.345954895019531

Attributions for edges: 

(0,2): 9.158100219527547e-28
(0,6): 7.179036877240206e-29
(0,7): 2.7675992709043623e-27
(0,8): 5.884151571289646e-30
(0,10): 1.1793274028014488e-29
(0,11): 7.694875546132453e-29
(1,2): 1.3052725382717138e-28
(1,13): 1.0394230744321183e-30
(2,0): 9.151360427687164e-28
(2,1): 1.312222015734792e-28
(2,7): 2.2086780306386592e-27
(2,11): 6.140929942706997e-29
(2,13): 5.820082051034236e-30
(3,5): 3.165096592413904e-30
(3,6): 2.146404160194695e-30
(3,8): 1.7592430821991093e-31
(3,10): 3.525951729020291e-31
(3,20): 1.2796678356865094e-31
(4,9): 2.6075103686055933e-32
(4,14): 2.6807748172621186e-32
(4,17): 7.615579447882762e-32
(4,20): 4.2443712645726557e-32
(5,3): 3.174722104395725e-30
(5,8): 5.392620301205172e-31
(6,0): 7.121212034366194e-29
(6,3): 2.151240237993526e-30
(6,8): 3.6541222257599393e-31
(6,10): 7.323751102798186e-31
(6,11): 4.778637690555992e-30
(6,12): 4.622043493559647e-32
(6,20): 2.657997028127365e-31
(7,0): 2.7745335816691286e-27
(7,2): 2.2158598234012792e-27
(7,8): 1.4237130168797754e-29
(7,10): 2.8534454676154224e-29
(7,11): 1.8618304217544107e-28
(8,0): 5.79504797102274e-30
(8,3): 1.7506204784875225e-31
(8,5): 5.349878856411533e-31
(8,6): 3.6280377710163226e-31
(8,7): 1.398638462246792e-29
(8,10): 5.959868030632326e-32
(8,11): 3.88872503730835e-31
(8,12): 3.761292824489415e-33
(8,21): 6.970503412982015e-32
(8,27): 8.971497487876885e-32
(9,4): 2.596235026792506e-32
(9,14): 6.089086083856389e-33
(9,15): 5.068156824008152e-32
(9,16): 6.672851786432901e-32
(9,17): 1.7297951854694847e-32
(9,18): 2.45194118505075e-32
(9,19): 9.49648972187503e-32
(9,26): 5.599162887105104e-32
(10,0): 1.1638193785457398e-29
(10,3): 3.5157975737190178e-31
(10,6): 7.286187005323309e-31
(10,7): 2.808885768159932e-29
(10,8): 5.971975622445795e-32
(10,11): 7.809725387908357e-31
(10,12): 7.553803105516823e-33
(10,22): 1.2725024923216371e-31
(10,25): 1.3273791530459897e-31
(11,0): 7.63464268897485e-29
(11,2): 6.097279944223676e-29
(11,6): 4.779695447392636e-30
(11,7): 1.842626131684575e-28
(11,8): 3.9176099897933655e-31
(11,10): 7.851784575780778e-31
(11,23): 3.705938345882604e-30
(12,6): 4.5615081793545883e-32
(12,8): 3.7386906395169945e-33
(12,10): 7.493246779350244e-33
(12,22): 7.966423663174524e-33
(12,24): 1.1753327938174464e-32
(12,25): 8.309976580881723e-33
(12,28): 1.7038740656659147e-32
(13,1): 1.0304218910099057e-30
(13,2): 5.73908127438687e-30
(13,21): 8.643683264032846e-32
(13,27): 1.1124990208145457e-31
(14,4): 2.6694271825464556e-32
(14,9): 6.089689994079124e-33
(14,15): 5.211036399109074e-32
(14,16): 6.860970261625219e-32
(14,17): 1.778574821482351e-32
(14,18): 2.521084497450086e-32
(14,19): 9.764209735769157e-32
(14,21): 3.1943985515198737e-32
(15,9): 5.099029419890973e-32
(15,14): 5.242298671369193e-32
(15,16): 5.744795587525087e-31
(15,17): 1.4892277980355669e-31
(15,18): 2.110942645955247e-31
(15,19): 8.17572213680524e-31
(16,9): 6.718879443233698e-32
(16,14): 6.907663248228582e-32
(16,15): 5.749443492188239e-31
(16,17): 1.962337825618644e-31
(16,18): 2.7815431300908785e-31
(17,4): 7.605708821818907e-32
(17,9): 1.7350691878112428e-32
(17,14): 1.7838201711493078e-32
(17,15): 1.4847238914303913e-31
(17,16): 1.954806785961231e-31
(17,18): 7.182998114527336e-32
(17,19): 2.7819891126475805e-31
(18,9): 2.4618197457014728e-32
(18,14): 2.5309906822180534e-32
(18,15): 2.1066149459532595e-31
(18,16): 2.7736177120787645e-31
(18,17): 7.190070476289058e-32
(18,19): 3.947311910852203e-31
(18,28): 2.510672791336548e-31
(19,9): 9.571336385927763e-32
(19,14): 9.840190751870433e-32
(19,15): 8.19033118059726e-31
(19,17): 2.7954139634305815e-31
(19,18): 3.962429238401518e-31
(20,3): 1.2721141089881254e-31
(20,4): 4.23279470233217e-32
(20,6): 2.636386975080718e-31
(20,22): 4.6043402547626754e-32
(20,27): 6.519270510762092e-32
(21,8): 6.986689382445663e-32
(21,13): 8.659326742853589e-32
(21,14): 3.2098383759443367e-32
(22,10): 1.2725704358951146e-31
(22,12): 8.031233074839172e-33
(22,20): 4.618554038579231e-32
(22,27): 1.915623092369791e-31
(23,11): 3.701671583507763e-30
(24,12): 1.186007017206882e-32
(24,25): 2.084090358301673e-31
(25,10): 1.3275108084132818e-31
(25,12): 8.377900317892081e-33
(25,24): 2.08219922299007e-31
(26,9): 5.635332848279905e-32
(27,8): 8.999467788207526e-32
(27,13): 1.115397084587063e-31
(27,20): 6.546184041671343e-32
(27,22): 1.9175826414526117e-31
(28,12): 1.7211200371604162e-32
(28,18): 2.517289884136197e-31
