Interaction name: 5kr2

Affinity: 8.479999542236328
Predicted value: 8.769184112548828

Attributions for edges: 

(0,1): 4.390667378739413e-29
(0,3): 9.943238695055767e-25
(0,6): 2.921918452151273e-27
(0,13): 5.506487625606975e-26
(0,17): 1.6757682846460534e-26
(0,39): 6.449205724814663e-29
(0,40): 3.7466829285815404e-27
(1,0): 4.188837142804922e-29
(1,6): 7.404469264272541e-28
(1,13): 1.395400493731497e-26
(1,14): 2.587176882600403e-26
(1,15): 1.37275063313913e-26
(1,16): 2.1540531107375974e-26
(1,30): 2.3190510727843495e-26
(1,31): 1.37275063313913e-26
(1,34): 1.962792089448412e-26
(1,37): 2.3762835477557161e-26
(1,40): 9.494480254719306e-28
(2,6): 1.3172259616500843e-30
(2,9): 2.515109753538444e-32
(2,17): 7.554477510135777e-30
(2,18): 2.3679910519348686e-29
(2,19): 2.529228101319645e-29
(2,20): 3.1829814098232466e-29
(2,21): 2.2154317216653058e-32
(2,39): 2.9073572308548686e-32
(2,40): 1.6890304049564147e-30
(2,41): 4.1846940612436975e-32
(3,0): 1.3552587950423327e-24
(3,6): 2.395628258648911e-23
(3,7): 3.060156897572235e-21
(3,17): 1.3739268530985032e-22
(3,40): 3.07183793333819e-23
(4,9): 1.7224245225011983e-35
(4,10): 5.797778288077975e-34
(4,12): 0.0
(4,18): 3.137779984491755e-32
(4,19): 3.351431666351872e-32
(4,41): 3.306132675999453e-35
(4,43): 1.5773242817624625e-31
(5,10): 4.413822924738747e-30
(5,11): 4.392941349051192e-31
(5,12): 3.4709963976943785e-38
(5,18): 2.3887689471398903e-28
(5,19): 2.5514399717388846e-28
(5,22): 3.705390990573878e-28
(5,26): 4.593595695668758e-28
(5,27): 3.865613435989827e-28
(5,39): 2.9328783887055713e-31
(5,40): 1.7038572819575737e-29
(5,41): 4.221396286260552e-31
(6,0): 3.051754056387166e-27
(6,1): 8.10604750589641e-28
(6,2): 1.4524404437178262e-30
(6,3): 1.8357269736479698e-23
(6,7): 6.890821491684942e-24
(6,9): 1.03001863061989e-27
(6,13): 1.0166152051424726e-24
(6,17): 3.0938143557017214e-25
(6,29): 1.0862428296504474e-24
(6,34): 1.4299757556803409e-24
(6,42): 1.0330106929813598e-24
(7,3): 2.9957981665580964e-21
(7,6): 8.80341396753238e-24
(7,17): 5.0489025910197116e-23
(7,42): 1.6858124151996205e-22
(8,9): 1.3589652152250424e-32
(8,10): 2.3641436589246272e-31
(8,12): 0.0
(8,18): 1.2794739543502622e-29
(8,19): 1.3666039278140022e-29
(9,2): 2.505208858495056e-32
(9,4): 2.492308032991747e-35
(9,6): 9.304484376810588e-28
(9,8): 1.399196803255523e-32
(9,17): 5.336254215599401e-27
(9,18): 1.6726772441225097e-26
(9,19): 1.7865836743813706e-26
(9,20): 2.2483528037906185e-26
(9,21): 1.5648958693287891e-29
(9,29): 1.8735668366128624e-26
(9,44): 1.9744545967452478e-26
(10,4): 8.0505842832476e-34
(10,5): 4.9582047029548354e-30
(10,8): 2.8303731654240364e-31
(10,11): 6.222405205298084e-28
(10,18): 3.3835844133452598e-25
(10,22): 5.248500650575275e-25
(10,25): 4.656534989954836e-25
(10,33): 1.4821562638218675e-29
(10,36): 1.662975610842972e-25
(10,42): 3.6042396553730236e-25
(11,5): 4.908725230502735e-31
(11,10): 6.189522358910102e-28
(11,12): 5.224241206418357e-36
(11,22): 5.196104755769528e-26
(11,26): 6.441618133797936e-26
(11,27): 5.420787132718445e-26
(11,28): 6.480041206560439e-26
(12,4): 0.0
(12,5): 2.3404729375787423e-38
(12,8): 0.0
(12,11): 3.568226948991959e-36
(12,18): 1.9403178115703083e-33
(12,22): 3.009766041559117e-33
(12,25): 2.6703119257164417e-33
(12,33): 1.4175986483215362e-38
(12,36): 9.536410979396894e-34
(13,0): 6.686326484382987e-26
(13,1): 1.7760306568068974e-26
(13,6): 1.181915387197586e-24
(13,14): 4.1297325927644996e-23
(13,31): 2.1912189364324045e-23
(13,34): 3.133033975832891e-23
(13,37): 3.793068846521518e-23
(13,48): 3.7326818597712116e-23
(13,59): 1.912016212956174e-24
(13,62): 3.9629137548592227e-23
(14,1): 3.0775922940024664e-26
(14,13): 3.859700140653192e-23
(14,16): 5.95812252890519e-23
(14,31): 3.7970355546973313e-23
(14,32): 7.379560896603344e-23
(14,37): 6.572813043672989e-23
(14,57): 7.122402338920881e-23
(15,1): 1.7503580106482156e-26
(15,16): 3.388651414850914e-23
(15,31): 2.1595441200494273e-23
(15,32): 4.1970713373559756e-23
(15,37): 3.7382389115319505e-23
(15,45): 8.266951475519547e-24
(15,59): 1.8843774850656243e-24
(16,1): 2.613294033390249e-26
(16,14): 6.076609436869386e-23
(16,15): 3.2242111503470595e-23
(16,31): 3.2242111503470595e-23
(16,32): 6.266274317678587e-23
(16,37): 5.581232556294454e-23
(16,46): 7.99501692199357e-24
(16,62): 5.831147477600816e-23
(17,0): 1.9034269166938287e-26
(17,2): 9.059203566419986e-30
(17,3): 1.144976194338316e-22
(17,6): 3.3646123085746944e-25
(17,7): 4.2979297284433787e-23
(17,9): 6.4243876859946785e-27
(17,45): 2.3879083869443276e-24
(17,46): 1.546786235613329e-24
(17,47): 9.667994475601936e-24
(17,48): 1.062599583637229e-23
(17,54): 1.650947823969164e-24
(17,60): 1.1700819608596824e-23
(18,2): 3.039261896988887e-29
(18,4): 4.828253414558296e-32
(18,5): 2.9736423341474545e-28
(18,8): 1.6974994561919423e-29
(18,9): 2.1553354719317682e-26
(18,10): 3.7495466015195695e-25
(18,12): 3.164765440961598e-33
(18,19): 2.1674587615115097e-23
(18,20): 2.727660760289521e-23
(18,45): 8.011258779171165e-24
(18,46): 5.189336082683699e-24
(18,48): 3.564944156683533e-23
(18,50): 3.9255394184360237e-23
(18,52): 1.2431199888331086e-23
(18,54): 5.5388105355970175e-24
(18,59): 1.8260879611331648e-24
(18,60): 3.9255394184360237e-23
(19,2): 3.235672445689251e-29
(19,4): 5.140276341166976e-32
(19,5): 3.165812105480899e-28
(19,8): 1.8071855299598256e-29
(19,9): 2.2946137951291954e-26
(19,18): 2.160392776611264e-23
(19,20): 2.903934253916053e-23
(19,21): 2.021200306132228e-26
(19,29): 2.4198574902640502e-23
(19,34): 3.1856270168396136e-23
(19,38): 3.625119413166878e-23
(19,52): 1.323456005699006e-23
(19,59): 1.944097608249702e-24
(20,2): 3.940125258125739e-29
(20,9): 2.794184769338085e-26
(20,18): 2.6307414672462487e-23
(20,19): 2.809890674416673e-23
(20,21): 2.4612358553794505e-26
(20,29): 2.946695563688825e-23
(20,30): 4.583262295583629e-23
(20,34): 3.879154397209028e-23
(20,38): 4.414343825493016e-23
(20,45): 1.0385824767195037e-23
(20,48): 4.621606615375888e-23
(20,54): 7.18053381457098e-24
(21,2): 2.3478843680008472e-32
(21,9): 1.665022559725051e-29
(21,19): 1.6743880862107078e-26
(21,20): 2.1071587195589103e-26
(21,29): 1.755908694822335e-26
(21,30): 2.7311134910729184e-26
(21,34): 2.3115522719528834e-26
(21,38): 2.63046685736957e-26
(21,54): 4.278797342544312e-27
(22,5): 4.733991173789727e-28
(22,10): 5.9692414444781895e-25
(22,11): 5.940978037358318e-26
(22,12): 5.038294785925053e-33
(22,23): 2.523617311760856e-23
(22,24): 5.897475533600523e-23
(22,25): 4.4459632638404466e-23
(22,33): 1.4151429897391168e-27
(22,35): 5.2278244484772513e-23
(22,36): 1.587774738273798e-23
(22,50): 6.249396480839203e-23
(22,52): 1.9790349166784018e-23
(22,53): 6.249396480839203e-23
(22,59): 2.9071249990624456e-24
(22,62): 6.025412364120542e-23
(23,22): 2.2570616852032194e-23
(23,24): 2.6562543333263635e-23
(23,25): 2.002492957872597e-23
(23,33): 6.373903188065959e-28
(23,35): 2.3546579786753525e-23
(23,36): 7.151448512995481e-24
(23,61): 1.859052959526631e-23
(24,22): 5.357681997529303e-23
(24,23): 2.6981254924536843e-23
(24,25): 4.7534022378998865e-23
(24,33): 1.51300026058541e-27
(24,35): 5.58935025055354e-23
(24,36): 1.6975691879233637e-23
(24,62): 6.442069761596555e-23
(25,10): 4.784779121240484e-25
(25,12): 4.0385427180224516e-33
(25,22): 4.016807154182112e-23
(25,23): 2.0228542466972565e-23
(25,24): 4.7272360372180676e-23
(25,33): 1.1343351816101664e-27
(25,35): 4.1904960239387775e-23
(25,36): 1.2727163145030095e-23
(25,49): 4.239308939376122e-31
(25,54): 7.068023316824738e-24
(26,5): 5.341403959677698e-28
(26,11): 6.703258027858875e-26
(26,27): 5.89860076479573e-23
(26,28): 7.051250240713567e-23
(26,48): 6.403554416760045e-23
(26,50): 7.051250240713567e-23
(26,51): 7.051250240713567e-23
(26,52): 2.2329539381674842e-23
(26,53): 7.051250240713567e-23
(26,61): 4.657090525525815e-23
(27,5): 4.581380966478968e-28
(27,11): 5.749458017010211e-26
(27,26): 6.012049691474822e-23
(27,28): 6.047910046048721e-23
(27,46): 7.99501692199357e-24
(27,48): 5.492377157196532e-23
(27,52): 1.9152290067648676e-23
(27,53): 6.047910046048721e-23
(27,54): 8.533407390058763e-24
(27,55): 6.047910046048721e-23
(27,61): 3.994422121591198e-23
(28,11): 6.738844282850493e-26
(28,26): 7.046624991454075e-23
(28,27): 5.929915387289383e-23
(28,51): 7.088683899476838e-23
(28,52): 2.2448084665346024e-23
(28,53): 7.088683899476838e-23
(28,55): 7.088683899476838e-23
(29,6): 1.2102113348297979e-24
(29,9): 2.3107766614456798e-26
(29,19): 2.323756719296035e-23
(29,20): 2.9243774265026744e-23
(29,21): 2.0354216809903746e-26
(29,30): 3.79032077067209e-23
(29,34): 3.2080413950562013e-23
(29,38): 3.6506403256282264e-23
(29,46): 5.5635653852333055e-24
(29,59): 1.957783950524834e-24
(30,1): 2.7906268833960217e-26
(30,20): 4.487573152235958e-23
(30,21): 3.1234349733571225e-26
(30,29): 3.739522545996926e-23
(30,34): 4.922884901309914e-23
(30,38): 5.602050911127599e-23
(30,45): 1.3180146009469725e-23
(30,47): 5.336285565424812e-23
(31,1): 1.7503580106482156e-26
(31,13): 2.1951843824307695e-23
(31,14): 4.0700211864934245e-23
(31,15): 2.1595441200494273e-23
(31,16): 3.388651414850914e-23
(31,32): 4.1970713373559756e-23
(31,37): 3.7382389115319505e-23
(31,45): 8.266951475519547e-24
(31,59): 1.8843774850656243e-24
(32,14): 7.380968224458258e-23
(32,15): 3.916311323566748e-23
(32,16): 6.145284511834306e-23
(32,31): 3.916311323566748e-23
(32,37): 6.779258573658052e-23
(32,56): 7.604670244517212e-23
(33,10): 1.2180078249435051e-29
(33,12): 2.1892970757415273e-38
(33,22): 1.022517711265485e-27
(33,23): 5.149393077564665e-28
(33,24): 1.203373318251135e-27
(33,25): 9.071904261901525e-28
(33,35): 1.0667359072306494e-27
(33,36): 3.2398364265996376e-28
(33,49): 6.5550885720909405e-37
(34,1): 2.405817452341301e-26
(34,6): 1.6010330446217571e-24
(34,13): 3.0172304571238946e-23
(34,19): 3.074194103089904e-23
(34,20): 3.86878056076101e-23
(34,21): 2.692753896961382e-26
(34,29): 3.2238791976781425e-23
(34,30): 5.0143722559320154e-23
(34,38): 4.8295648650328027e-23
(34,46): 7.360299437652744e-24
(34,59): 2.590023622762361e-24
(34,60): 5.567772064896487e-23
(35,22): 4.8495770040208114e-23
(35,23): 2.442244100576774e-23
(35,24): 5.707313985965394e-23
(35,25): 4.302621242018909e-23
(35,33): 1.3695175167635887e-27
(35,36): 1.536583345323472e-23
(35,46): 7.99501692199357e-24
(35,61): 3.994422121591198e-23
(35,62): 5.831147477600816e-23
(36,10): 1.8226907316448305e-25
(36,12): 1.5384348437943922e-33
(36,22): 1.5301432426654287e-23
(36,23): 7.705762927293466e-24
(36,24): 1.8007703381270922e-23
(36,25): 1.3575620913918744e-23
(36,33): 4.321098756732325e-28
(36,35): 1.5963073733690306e-23
(36,46): 2.522586073342506e-24
(36,48): 1.732960328030837e-23
(36,52): 6.0429265750521685e-24
(36,59): 8.876822996789532e-25
(36,62): 1.8398492451942927e-23
(37,1): 2.851817529589093e-26
(37,13): 3.5765634467287146e-23
(37,14): 6.631215887474484e-23
(37,15): 3.518495395495396e-23
(37,16): 5.52105130446823e-23
(37,31): 3.518495395495396e-23
(37,32): 6.838217406625546e-23
(37,57): 6.599922721997452e-23
(38,19): 3.448770188893445e-23
(38,20): 4.3401404133043067e-23
(38,21): 3.0208420718891744e-26
(38,29): 3.616680179202824e-23
(38,30): 5.62532861871886e-23
(38,34): 4.7611510607996914e-23
(38,45): 1.2747181279360984e-23
(38,54): 8.81312484527565e-24
(38,58): 6.246155209151831e-23
(38,60): 6.246155209151831e-23
(38,62): 6.022241143281554e-23
(39,0): 6.288764325238161e-29
(39,2): 2.9930854461131626e-32
(39,5): 2.928429142587709e-31
(39,40): 1.4254262037876808e-27
(39,46): 5.110453566687575e-27
(40,0): 4.223885227969943e-27
(40,1): 1.1219454816849288e-27
(40,2): 2.0103080573638364e-30
(40,3): 2.5408015421758286e-23
(40,5): 1.9668815344625385e-29
(40,39): 1.647969142198576e-27
(41,2): 4.2095748685467897e-32
(41,4): 4.840509527327927e-35
(41,5): 4.118640212484551e-31
(41,52): 1.7217887658531753e-26
(42,6): 1.1227948969090893e-24
(42,7): 1.4342495950166884e-22
(42,10): 3.7295751085897023e-25
(43,4): 2.273019807046624e-31
(44,9): 2.4015078374233447e-26
(44,46): 5.782015958246203e-24
(44,59): 2.0346629816888266e-24
(45,15): 7.27685294223756e-24
(45,17): 2.2510755325530855e-24
(45,18): 7.056116250321332e-24
(45,20): 9.48458115969443e-24
(45,30): 1.2293123986368442e-23
(45,31): 7.27685294223756e-24
(45,38): 1.1840053558368332e-23
(45,56): 1.413020432978541e-23
(46,16): 7.506041489892326e-24
(46,17): 1.4797646131057519e-24
(46,18): 4.638383004702861e-24
(46,27): 7.506041489892326e-24
(46,29): 5.195456065586404e-24
(46,34): 6.839543955123766e-24
(46,35): 7.506041489892326e-24
(46,36): 2.2796969839163143e-24
(46,39): 5.694906282447036e-27
(46,44): 5.475221246888057e-24
(47,17): 9.59019701312904e-24
(47,30): 5.237206213450864e-23
(47,62): 5.606732958372267e-23
(48,13): 3.481857539613311e-23
(48,17): 1.0596202926564808e-23
(48,18): 3.3214104890116855e-23
(48,20): 4.464539044892229e-23
(48,26): 6.387062806219856e-23
(48,27): 5.374877271996949e-23
(48,36): 1.632430576396549e-23
(48,49): 5.564139973317834e-31
(49,25): 1.917611676163077e-31
(49,33): 4.1012557735526385e-37
(49,48): 2.5377108070975518e-31
(50,18): 3.6644109971341264e-23
(50,22): 5.684130941682759e-23
(50,26): 7.046624991454075e-23
(50,54): 1.0001867231962246e-23
(50,58): 7.088683899476838e-23
(51,26): 7.046624991454075e-23
(51,28): 7.088683899476838e-23
(51,53): 7.088683899476838e-23
(52,18): 1.1807218012049413e-23
(52,19): 1.2611270800583171e-23
(52,22): 1.8315023079561492e-23
(52,26): 2.2705158657139448e-23
(52,27): 1.910690058888407e-23
(52,28): 2.2840678649769176e-23
(52,36): 5.803051723144826e-24
(52,41): 2.0865538884186913e-26
(53,22): 5.684130941682759e-23
(53,26): 7.046624991454075e-23
(53,27): 5.929915387289383e-23
(53,28): 7.088683899476838e-23
(53,51): 7.088683899476838e-23
(54,17): 1.591296726114293e-24
(54,18): 4.987985253082825e-24
(54,20): 6.704697649707097e-24
(54,21): 4.666630714723314e-27
(54,25): 6.864531913157547e-24
(54,27): 8.071751788827133e-24
(54,38): 8.369792905150494e-24
(54,50): 9.649094157173746e-24
(55,27): 5.929915387289383e-23
(55,28): 7.088683899476838e-23
(56,32): 7.604496064029339e-23
(56,45): 1.4978540614094654e-23
(57,14): 7.122293791660323e-23
(57,37): 6.541670077312312e-23
(57,60): 7.088683899476838e-23
(58,38): 6.148824919576938e-23
(58,50): 7.088683899476838e-23
(59,13): 1.5920618225847443e-24
(59,15): 1.56621361173382e-24
(59,18): 1.5186983500448691e-24
(59,19): 1.622125311682717e-24
(59,22): 2.355770982526529e-24
(59,29): 1.7011079390580947e-24
(59,31): 1.56621361173382e-24
(59,34): 2.239410449132356e-24
(59,36): 7.464206815581871e-25
(59,44): 1.79270238154808e-24
(60,17): 1.1690423210726916e-23
(60,18): 3.6644109971341264e-23
(60,34): 5.403370296804807e-23
(60,38): 6.148824919576938e-23
(60,57): 7.088683899476838e-23
(61,23): 1.8750568962552117e-23
(61,26): 4.615810065444324e-23
(61,27): 3.884307552186294e-23
(61,35): 3.884307552186294e-23
(62,13): 3.700766440812142e-23
(62,16): 5.712759650566316e-23
(62,22): 5.475996618271799e-23
(62,24): 6.444527852177224e-23
(62,35): 5.712759650566316e-23
(62,36): 1.7350639045206995e-23
(62,38): 5.923675181984723e-23
(62,47): 5.64265137310879e-23
