Interaction name: 5zk8

Affinity: 8.890000343322754
Predicted value: 7.551847457885742

Shapley values for edges: 

(0,4): -0.002307291030883789
(0,7): 0.0024445438385009765
(0,8): -0.005181522369384766
(0,9): -0.00012760162353515626
(0,10): -0.022738380432128905
(1,2): 0.0035293006896972654
(1,3): 0.011336193084716797
(1,4): -0.006553611755371094
(1,5): -0.00027477264404296875
(1,6): 0.003208408355712891
(1,7): 0.006702985763549805
(1,8): -0.0018226337432861329
(1,9): -0.01015101432800293
(1,10): -0.006470890045166016
(1,11): 0.0017566967010498047
(1,12): 0.012865419387817384
(1,15): -0.010031976699829102
(1,16): -0.005840482711791992
(2,1): -0.008193330764770508
(2,3): 0.005418834686279297
(2,5): -0.0049521255493164065
(2,6): -0.002159261703491211
(2,10): -0.014493494033813477
(2,11): 0.0002524852752685547
(2,15): -0.009647483825683595
(2,16): -0.009241266250610352
(3,1): -0.010480422973632813
(3,2): 0.004195165634155273
(3,5): -0.00065887451171875
(3,11): 0.0009206676483154297
(3,16): -0.015945072174072265
(4,0): 0.013535881042480468
(4,1): 0.0063849067687988285
(4,6): -0.003911762237548828
(4,7): -0.002469606399536133
(4,8): -0.0031014442443847655
(4,9): -0.004300575256347656
(4,10): 0.0014837265014648437
(5,1): 0.008529119491577149
(5,2): 0.0061238956451416015
(5,3): 0.0019436168670654297
(5,11): 0.0009941673278808594
(5,12): 0.002560310363769531
(5,15): 0.004959917068481446
(5,16): 0.0063964748382568356
(5,19): 0.0018663883209228515
(5,20): 0.002373943328857422
(5,21): 0.003210916519165039
(5,31): -0.0005417537689208985
(6,1): 0.005798721313476562
(6,2): 0.01206338882446289
(6,4): 0.010084209442138671
(6,7): 0.0010498714447021483
(6,8): 0.0011834335327148438
(6,9): 0.0004969310760498047
(6,10): 0.004498987197875976
(6,11): 0.0030782222747802734
(6,20): 0.0007808017730712891
(6,22): 0.0013251304626464844
(6,27): -5.3491592407226566e-05
(7,0): 0.00774496078491211
(7,1): 0.013941497802734374
(7,4): 0.011044845581054688
(7,6): -0.0004418277740478516
(7,8): 0.0026981449127197266
(7,9): 0.001381521224975586
(7,10): 0.004133663177490234
(7,12): 0.0010248565673828126
(7,20): 0.0011955738067626954
(7,23): 0.002137155532836914
(7,24): 0.002447633743286133
(8,0): 0.0070657825469970705
(8,1): 0.00833195686340332
(8,4): 0.007160224914550781
(8,6): -0.0004169940948486328
(8,7): -0.0010601425170898438
(8,9): 0.0024013328552246094
(8,10): 0.0020474815368652344
(8,23): 0.004509754180908203
(8,25): -0.0013666534423828125
(8,26): 0.0006990528106689453
(8,27): 0.0003780841827392578
(9,0): 0.006919345855712891
(9,1): 0.010636062622070312
(9,4): 0.011073932647705079
(9,6): 0.0033814144134521485
(9,7): 0.0006781959533691406
(9,8): 0.0038783836364746096
(9,10): 0.008132638931274415
(9,25): 0.002120046615600586
(10,0): 0.0013760471343994142
(10,1): 0.007013254165649414
(10,2): 0.0008122158050537109
(10,4): 0.002609567642211914
(10,6): 6.673812866210938e-05
(10,7): 0.000492258071899414
(10,8): 0.0027084255218505857
(10,9): 0.0012206363677978516
(10,28): 0.0019865894317626955
(10,31): 0.0011131668090820313
(11,1): 0.006599102020263672
(11,2): 0.0036218929290771484
(11,3): 0.0064846229553222655
(11,5): -0.00021032333374023437
(11,6): -0.002723855972290039
(11,12): -0.00023508071899414062
(11,13): 0.001672534942626953
(11,15): 0.0026456546783447266
(11,16): 0.0017821216583251954
(11,17): 0.0007519721984863281
(11,18): 0.007238597869873047
(11,22): -0.0020543670654296874
(11,28): -0.001739521026611328
(12,1): 0.011527338027954102
(12,5): 0.00013929367065429688
(12,7): -0.002617778778076172
(12,11): 0.0007360267639160156
(12,13): 0.00016108512878417968
(12,14): 0.0005636501312255859
(12,15): 0.004849519729614258
(12,16): 0.0013593482971191407
(12,17): -0.0005335140228271484
(12,18): 0.0069128799438476565
(12,19): -0.0024517154693603515
(13,11): 0.0004295063018798828
(13,12): -0.00047931671142578127
(13,14): -0.0007138156890869141
(13,15): 0.004670839309692382
(13,16): 0.0061970043182373044
(13,17): -0.0017899131774902343
(13,18): 0.004127054214477539
(13,23): -0.004456262588500976
(14,12): -0.0016347789764404297
(14,13): -0.0003530406951904297
(14,15): 0.008531522750854493
(14,16): 0.005911636352539063
(14,17): -0.0011188411712646485
(14,18): 0.002425374984741211
(14,23): -0.0035098934173583983
(14,29): -0.0037366867065429686
(15,1): 0.0033197975158691406
(15,2): 0.0016910171508789063
(15,5): 0.0032561302185058595
(15,11): 0.0012068367004394532
(15,12): 0.0012043476104736327
(15,13): 0.002496833801269531
(15,14): 0.0028054618835449217
(15,16): 0.002431182861328125
(15,17): 0.0007441902160644532
(15,18): 0.0031316852569580078
(16,1): 0.0019194412231445313
(16,2): -0.0015054988861083985
(16,3): -0.018094711303710938
(16,5): 0.0008217048645019531
(16,11): 0.0007441902160644532
(16,12): 0.0003500461578369141
(16,13): 0.0009175586700439453
(16,14): 0.0013721942901611327
(16,15): 0.001774158477783203
(16,17): 0.001553182601928711
(16,18): 0.005464515686035156
(17,11): -0.0010088253021240234
(17,12): 0.0020189476013183594
(17,13): -0.00029257774353027346
(17,14): -2.2592544555664064e-05
(17,15): 0.002295866012573242
(17,16): 0.00901625633239746
(17,20): -0.003141002655029297
(17,21): -0.003918600082397461
(17,30): -0.0018246841430664062
(18,11): -0.019095287322998047
(18,12): -0.018184919357299805
(18,13): -0.012525396347045898
(18,14): -0.008547945022583008
(18,15): -0.004754476547241211
(18,16): -0.0026364898681640624
(19,5): 0.004042110443115234
(19,12): 0.0034772682189941405
(20,5): 6.203651428222656e-05
(20,6): -0.00047939300537109376
(20,7): -0.0010400867462158202
(20,17): 0.00047756195068359374
(21,5): 0.0038451290130615233
(21,17): 0.00092803955078125
(22,6): -0.0002606296539306641
(22,11): 0.00519383430480957
(22,26): -0.00023301124572753907
(23,7): 0.00021645545959472656
(23,8): -0.0004321861267089844
(23,13): 0.00040617942810058596
(23,14): -0.0002641582489013672
(23,24): -0.0018748569488525391
(24,7): -0.0010341262817382812
(24,23): 0.0004661750793457031
(24,28): -0.00035543441772460936
(25,8): 0.005219020843505859
(25,9): 0.009668140411376954
(26,8): 0.00395472526550293
(26,22): -0.00016460418701171874
(27,6): 0.0018053817749023437
(27,8): 0.003714456558227539
(28,10): 0.011779327392578125
(28,11): 0.002940025329589844
(28,24): -1.5974044799804688e-05
(28,30): 0.0015277671813964844
(29,14): 0.0011242485046386718
(30,17): -0.00072052001953125
(30,28): -0.0020948600769042968
(31,5): 0.003741292953491211
(31,10): 0.01498539924621582
