Interaction name: 5jnl

Affinity: 6.570000171661377
Predicted value: 6.871560096740723

Attributions for edges: 

(0,1): 2.5465645865528554e-16
(0,5): 1.091065680457106e-14
(0,9): 1.1957343887822672e-15
(0,10): 1.1132213095002e-15
(0,18): 3.1102192202318813e-15
(0,26): 6.049720132620919e-35
(0,27): 3.13440942241428e-15
(0,28): 6.518020892722645e-19
(0,30): 1.2124110734640067e-24
(0,31): 1.2477131972537564e-32
(0,32): 1.2591893855697903e-16
(1,0): 3.307867741028772e-16
(1,9): 3.6882090924497983e-16
(1,26): 2.0475065381675478e-35
(1,27): 9.519488833209413e-16
(1,28): 2.1553511764109807e-19
(1,31): 4.22284149779017e-33
(1,32): 3.8839491421374065e-17
(1,33): 5.870860315852876e-36
(2,3): 5.14524234578994e-16
(2,4): 4.895915550787676e-16
(2,7): 7.578376674029913e-15
(2,8): 5.2650106869493295e-15
(2,10): 8.003685787010808e-16
(2,18): 2.212984324259713e-15
(2,26): 4.4645289793526754e-35
(2,28): 4.770086411785176e-19
(2,29): 9.1617550558484e-16
(2,30): 8.96376335715394e-25
(2,31): 9.20778463589323e-33
(2,32): 9.053113286544584e-17
(2,33): 1.2801340110321066e-35
(3,2): 5.14524234578994e-16
(3,4): 4.895915550787676e-16
(3,6): 7.57840547315012e-15
(3,8): 5.2650106869493295e-15
(3,10): 8.003685787010808e-16
(3,18): 2.212984324259713e-15
(3,26): 4.4645289793526754e-35
(3,28): 4.770086411785176e-19
(3,29): 9.1617550558484e-16
(3,30): 8.96376335715394e-25
(3,31): 9.20778463589323e-33
(3,32): 9.053113286544584e-17
(3,33): 1.2801340110321066e-35
(4,2): 5.056726873406273e-16
(4,3): 5.056726873406273e-16
(4,6): 7.424770637177135e-15
(4,7): 7.424770637177135e-15
(4,10): 7.865965641325548e-16
(4,11): 6.617940795201447e-18
(4,18): 2.1749135814124214e-15
(4,26): 4.4114383050518897e-35
(4,29): 9.004142341396872e-16
(4,30): 8.860414689960935e-25
(4,31): 9.098289541166042e-33
(4,32): 8.89736907383514e-17
(4,33): 1.2649015155717136e-35
(5,0): 7.07444882162107e-15
(5,9): 7.6934029012341e-15
(6,3): 4.5761704599571896e-15
(6,4): 4.3365998963205196e-15
(6,7): 7.024327002220013e-14
(6,8): 4.880070888948866e-14
(6,10): 7.018646291055957e-15
(6,18): 2.044078881852096e-14
(7,2): 4.5761704599571896e-15
(7,4): 4.3365998963205196e-15
(7,6): 7.024327002220013e-14
(7,8): 4.880070888948866e-14
(7,10): 7.018646291055957e-15
(7,18): 2.044078881852096e-14
(8,2): 3.565366656966586e-15
(8,3): 3.565366656966586e-15
(8,6): 5.472743230274489e-14
(8,7): 5.472743230274489e-14
(8,10): 5.468316381982254e-15
(8,11): 4.471898864500503e-17
(8,18): 1.5925679693181913e-14
(9,0): 1.5721649361462612e-15
(9,1): 3.7332505988156377e-16
(9,5): 1.5770762449326785e-14
(9,10): 1.6319702267827431e-15
(9,11): 1.370789318180219e-17
(9,12): 1.9032304031139392e-19
(9,18): 4.51234440979921e-15
(9,35): 5.079999864638249e-18
(9,36): 3.59657509952597e-18
(9,45): 2.245046599190987e-17
(10,0): 1.4881324915150566e-15
(10,2): 9.930585686247447e-16
(10,3): 9.930585686247447e-16
(10,4): 9.449371445835702e-16
(10,6): 1.4565055094623545e-14
(10,7): 1.4565055094623545e-14
(10,8): 1.0118924097344151e-14
(10,9): 1.659239076091056e-15
(10,11): 1.2990655626005423e-17
(10,12): 1.814967129827234e-19
(10,18): 4.271175071474597e-15
(10,35): 4.823243416092095e-18
(10,36): 3.4187440891265638e-18
(10,37): 1.8044136080205222e-17
(10,43): 1.653746993870398e-16
(10,45): 2.1260538556611514e-17
(11,4): 3.8955525008980553e-17
(11,8): 3.9147271430670756e-16
(11,9): 6.998052537828041e-17
(11,10): 6.5417658153095e-17
(11,12): 1.0847874350806284e-20
(11,13): 5.684790358717586e-20
(11,14): 4.920339440281915e-20
(11,18): 1.7281936460468645e-16
(11,19): 5.105600432512517e-20
(11,22): 5.3548499843552047e-20
(11,25): 4.976952521510354e-20
(11,37): 9.783961561653513e-19
(11,38): 5.18107775535114e-20
(11,46): 4.454950825553389e-20
(12,9): 5.0868844888765275e-18
(12,10): 4.7552090514805274e-18
(12,11): 5.197964518309439e-20
(12,13): 4.1322736462688486e-21
(12,14): 3.576594067153612e-21
(12,18): 1.2420193825280678e-17
(12,19): 3.7112609288024485e-21
(12,22): 3.892425195958282e-21
(12,25): 3.617746302628125e-21
(12,35): 2.006525939199691e-20
(13,11): 1.518059050004421e-19
(13,12): 2.3029065702129664e-21
(13,14): 1.0445400091804518e-20
(13,15): 8.957356291990607e-21
(13,18): 3.6273163570928296e-17
(13,19): 1.0838690545743671e-20
(13,21): 4.4938129662656096e-21
(13,22): 1.1367824412661918e-20
(13,25): 1.0565624816166705e-20
(13,35): 5.860056359585648e-20
(13,37): 2.077039532128142e-19
(13,38): 1.0998965675155057e-20
(13,44): 1.1503842309051473e-20
(13,45): 2.4219403725973403e-19
(13,47): 9.737297944542181e-21
(14,11): 1.3781755705913442e-19
(14,12): 2.0907022294020452e-21
(14,13): 1.0956209161656588e-20
(14,15): 8.131937477207089e-21
(14,19): 9.839907922383537e-21
(14,20): 1.4041719064224217e-21
(14,21): 4.079725059151857e-21
(14,22): 1.032028175401377e-20
(15,13): 1.0079750718139134e-20
(15,14): 8.724261803693279e-21
(15,16): 9.04684608671762e-21
(15,17): 8.861142423612332e-21
(15,19): 9.052749442104864e-21
(15,20): 1.2918381135189496e-21
(15,21): 3.753346569743568e-21
(15,22): 9.49469411037476e-21
(15,23): 7.98899275098097e-21
(15,24): 9.521570210140632e-21
(15,25): 8.824677006413241e-21
(15,39): 8.995845232074898e-21
(15,40): 9.264531104931881e-21
(16,15): 8.380093276560131e-21
(16,17): 9.925635822469281e-21
(16,20): 1.4470219220262642e-21
(16,21): 4.204222203689623e-21
(16,23): 8.948715324204982e-21
(16,24): 1.0665321890405653e-20
(16,39): 1.007648238536727e-20
(16,41): 4.087045688352308e-21
(17,15): 8.278102876384623e-21
(17,16): 1.0010240889496971e-20
(17,20): 1.429405458944103e-21
(17,21): 4.1530549435721095e-21
(17,23): 8.839737509675388e-21
(17,24): 1.0535519157720183e-20
(18,0): 3.002294093741001e-15
(18,2): 1.9760255867159017e-15
(18,3): 1.9760255867159017e-15
(18,4): 1.8802647003805404e-15
(18,6): 3.030168550430777e-14
(18,7): 3.030168550430777e-14
(18,8): 2.1051751989309593e-14
(18,9): 3.3016164790593576e-15
(18,10): 3.0738078149282607e-15
(18,11): 2.5666049559509736e-17
(18,12): 3.3843823343968633e-19
(18,13): 1.8195711137191276e-18
(19,11): 1.41750968892886e-19
(19,12): 2.1503723246052357e-21
(19,13): 1.126886566174316e-20
(19,14): 9.753542673173471e-21
(19,15): 8.36402868589427e-21
(19,20): 1.4442426072849896e-21
(19,21): 4.1961790031435386e-21
(19,22): 1.0614869527594887e-20
(19,24): 1.0644917024904589e-20
(19,25): 9.865804976346269e-21
(19,40): 1.035755173360554e-20
(19,44): 1.0741878910125856e-20
(20,14): 2.8603447159234455e-21
(20,15): 2.4528623387550045e-21
(20,16): 2.96611882116653e-21
(20,17): 2.9052336024902605e-21
(20,19): 2.968054496501325e-21
(20,21): 1.230580401034122e-21
(20,22): 3.1129393409268577e-21
(20,23): 2.6192886142302945e-21
(20,24): 3.1217511570518916e-21
(20,25): 2.8932780557510633e-21
(20,45): 6.632213305532561e-20
(21,13): 6.504799299203908e-21
(21,14): 5.630078823545739e-21
(21,15): 4.828022610408659e-21
(21,16): 5.838231069876466e-21
(21,17): 5.718412665678453e-21
(21,19): 5.842063646454843e-21
(21,20): 8.336694668150136e-22
(21,22): 6.1272430483617355e-21
(21,23): 5.155583305702174e-21
(21,24): 6.144587587934423e-21
(21,25): 5.694880427382956e-21
(21,45): 1.305427879150661e-19
(21,47): 5.24839111250542e-21
(22,11): 1.4588121093833397e-19
(22,12): 2.2130284287286432e-21
(22,13): 1.1597253941546011e-20
(22,14): 1.0037734143547989e-20
(22,15): 8.607766662229683e-21
(22,19): 1.0415677327508729e-20
(22,20): 1.4863295608906554e-21
(22,21): 4.318428058184493e-21
(22,24): 1.0955081481837131e-20
(22,25): 1.0153267202873352e-20
(22,40): 1.065938379989503e-20
(23,15): 7.73224687483702e-21
(23,16): 9.350204075055073e-21
(23,17): 9.158307866465574e-21
(23,20): 1.3351557406238582e-21
(23,21): 3.8792028269577215e-21
(23,24): 9.840808612210682e-21
(23,42): 1.6599558014023338e-21
(23,46): 8.163921255696762e-21
(24,15): 8.676635910573258e-21
(24,16): 1.0492203651073388e-20
(24,17): 1.0276870119932508e-20
(24,19): 1.0499049701553258e-20
(24,20): 1.4982269464930325e-21
(24,21): 4.3529947566044765e-21
(24,22): 1.1011601989922798e-20
(24,23): 9.265343745260229e-21
(24,45): 2.3460465513956e-19
(24,47): 9.432169272705982e-21
(25,11): 1.3880102310867168e-19
(25,12): 2.1056130889059155e-21
(25,13): 1.1034392269827054e-20
(25,15): 8.189997639831356e-21
(25,19): 9.910124570396778e-21
(25,20): 1.4141921817236073e-21
(25,21): 4.1088375354078186e-21
(25,22): 1.0393965452016345e-20
(26,0): 3.7004892581241695e-28
(26,1): 9.203027350305241e-29
(26,2): 2.5020812761591563e-28
(26,3): 2.5020812761591563e-28
(26,4): 2.39362180911726e-28
(27,0): 2.8758020050463065e-15
(27,1): 6.712683696826719e-16
(27,28): 1.66242344434388e-18
(27,45): 4.031910247027217e-17
(28,0): 1.015549076775747e-17
(28,1): 2.5256363545724473e-18
(28,2): 6.866570194229267e-18
(28,3): 6.866570194229267e-18
(28,27): 2.873277039535211e-17
(28,45): 1.9291060343912757e-19
(29,2): 9.698841707043407e-16
(29,3): 9.698841707043407e-16
(29,4): 9.228822065820812e-16
(29,30): 1.652195308883158e-24
(29,37): 1.7577262107590492e-17
(30,0): 1.946556919987052e-21
(30,2): 1.316157041774456e-21
(30,3): 1.316157041774456e-21
(30,4): 1.259109347412161e-21
(30,29): 2.3631007214927133e-21
(30,32): 2.606807395827407e-22
(30,43): 2.5061199666753834e-22
(31,0): 1.169522345398709e-26
(31,1): 2.9085736835666137e-27
(31,2): 7.907680380891418e-27
(31,3): 7.907680380891418e-27
(31,4): 7.564928791664644e-27
(31,32): 1.566211393832896e-27
(32,0): 2.6401106405498243e-16
(32,1): 6.269210465217767e-17
(32,2): 1.761801928160445e-16
(32,3): 1.761801928160445e-16
(32,4): 1.6764225952639876e-16
(32,30): 3.64160947556754e-25
(32,31): 3.7018212592034535e-33
(32,43): 2.93885757285964e-17
(33,1): 4.0171016687373584e-29
(33,2): 1.0921447972834474e-28
(33,3): 1.0921447972834474e-28
(33,4): 1.0448066429566244e-28
(35,9): 3.911769211371035e-17
(35,10): 3.656714356062964e-17
(35,12): 6.063764206490393e-21
(35,13): 3.177682500899506e-20
(36,9): 3.066098796021732e-17
(36,10): 2.8661725506901154e-17
(37,10): 8.051054119352535e-17
(37,11): 8.774770195065848e-19
(37,13): 6.975760154736586e-20
(37,29): 9.056739646350016e-17
(38,11): 1.415969452778892e-19
(38,13): 1.1256706752973484e-20
(38,40): 1.0346337135515624e-20
(38,43): 1.5311223773763471e-18
(39,15): 8.388377199589166e-21
(39,16): 1.0143627802238981e-20
(39,46): 8.856681787535654e-21
(40,15): 8.555258464791038e-21
(40,19): 1.035217909859178e-20
(40,22): 1.0857560603467537e-20
(40,38): 1.0505260018495941e-20
(41,16): 5.724130228545299e-21
(42,23): 3.0039689984877583e-21
(43,10): 2.949697477002127e-16
(43,30): 3.918952262244486e-25
(43,32): 3.3395253327346054e-17
(43,38): 1.948653992476523e-19
(44,13): 1.1824906324582822e-20
(44,19): 1.062013553385781e-20
(45,9): 9.368323362975471e-17
(45,10): 8.745705839395787e-17
(45,13): 7.538193857423775e-20
(45,20): 9.661078582532961e-21
(45,21): 2.80698118626644e-20
(45,24): 7.120783010693032e-20
(45,27): 2.3887652601551354e-16
(45,28): 7.166674732583532e-20
(45,46): 5.907391770138995e-20
(46,11): 1.2895745749701701e-19
(46,23): 8.125395157108391e-21
(46,39): 9.149403557977125e-21
(46,45): 2.057404073843723e-19
(47,13): 1.0615477796150797e-20
(47,21): 3.952832402791311e-21
(47,24): 1.0027592295314978e-20
