Interaction name: 5mro

Affinity: 5.699999809265137
Predicted value: 6.172929763793945

Attributions for edges: 

(0,1): 1.539213281363734e-21
(0,2): 1.3949873882295507e-23
(0,3): 7.3762307248297e-33
(0,4): 9.118636316599274e-21
(0,7): 1.6914229201752972e-22
(0,8): 9.118636316599274e-21
(0,13): 0.0
(0,14): 2.4131089429920655e-24
(0,15): 0.0
(1,0): 1.5503920336141165e-21
(1,2): 1.0484904908029891e-23
(1,4): 6.85365827968353e-21
(1,8): 6.85365827968353e-21
(1,9): 6.85365827968353e-21
(1,11): 6.85365827968353e-21
(1,13): 0.0
(1,14): 1.8137166499870363e-24
(1,15): 0.0
(2,0): 1.3468793370133715e-23
(2,1): 1.0050248860140355e-23
(2,3): 4.816306856287339e-35
(2,4): 5.95400972368973e-23
(2,14): 1.5756384164653833e-26
(2,15): 0.0
(3,0): 5.316711357601281e-33
(3,2): 3.5955424846198954e-35
(3,14): 6.21967520659978e-36
(3,15): 0.0
(4,0): 9.315527112813202e-21
(4,1): 6.951185620401659e-21
(4,2): 6.299853286514587e-23
(4,7): 7.638544941529361e-22
(4,8): 4.118034669064286e-20
(4,9): 4.118034669064286e-20
(4,10): 4.118034669064286e-20
(4,11): 4.118034669064286e-20
(4,16): 0.0
(4,24): 9.665266982387742e-39
(4,27): 4.118034669064286e-20
(5,6): 4.118034669064286e-20
(5,8): 4.118034669064286e-20
(5,9): 4.118034669064286e-20
(5,10): 4.118034669064286e-20
(5,11): 4.118034669064286e-20
(5,12): 4.118034669064286e-20
(5,18): 1.3637647469174462e-23
(5,21): 0.0
(6,5): 4.118034669064286e-20
(6,8): 4.118034669064286e-20
(6,9): 4.118034669064286e-20
(6,10): 4.118034669064286e-20
(6,11): 4.118034669064286e-20
(6,12): 4.118034669064286e-20
(6,17): 0.0
(6,23): 6.440769399341862e-30
(6,24): 9.665266982387742e-39
(7,0): 1.6875495500217896e-22
(7,4): 7.459976115104126e-22
(7,8): 7.459976115104126e-22
(7,11): 7.459976115104126e-22
(7,16): 0.0
(7,17): 0.0
(7,18): 2.4705116886594434e-25
(7,19): 0.0
(7,21): 0.0
(7,25): 4.543866897521254e-23
(8,0): 9.315527112813202e-21
(8,1): 6.951185620401659e-21
(8,4): 4.118034669064286e-20
(8,5): 4.118034669064286e-20
(8,6): 4.118034669064286e-20
(8,7): 7.638544941529361e-22
(8,9): 4.118034669064286e-20
(8,10): 4.118034669064286e-20
(8,11): 4.118034669064286e-20
(8,17): 0.0
(8,19): 0.0
(8,20): 1.3642915419190655e-21
(8,27): 4.118034669064286e-20
(9,1): 6.951185620401659e-21
(9,4): 4.118034669064286e-20
(9,5): 4.118034669064286e-20
(9,6): 4.118034669064286e-20
(9,8): 4.118034669064286e-20
(9,10): 4.118034669064286e-20
(9,11): 4.118034669064286e-20
(9,12): 4.118034669064286e-20
(9,16): 0.0
(9,25): 2.508292123576902e-21
(10,4): 4.118034669064286e-20
(10,5): 4.118034669064286e-20
(10,6): 4.118034669064286e-20
(10,8): 4.118034669064286e-20
(10,9): 4.118034669064286e-20
(10,11): 4.118034669064286e-20
(10,12): 4.118034669064286e-20
(10,17): 0.0
(10,22): 2.705134805586499e-22
(11,1): 6.951185620401659e-21
(11,4): 4.118034669064286e-20
(11,5): 4.118034669064286e-20
(11,6): 4.118034669064286e-20
(11,7): 7.638544941529361e-22
(11,8): 4.118034669064286e-20
(11,9): 4.118034669064286e-20
(11,10): 4.118034669064286e-20
(11,12): 4.118034669064286e-20
(11,18): 1.3637647469174462e-23
(11,27): 4.118034669064286e-20
(12,5): 4.118034669064286e-20
(12,6): 4.118034669064286e-20
(12,9): 4.118034669064286e-20
(12,10): 4.118034669064286e-20
(12,11): 4.118034669064286e-20
(12,23): 6.440769399341862e-30
(12,26): 6.668517795373227e-27
(13,0): 0.0
(13,1): 0.0
(14,0): 2.2207966844279874e-24
(14,1): 1.657131310174739e-24
(14,2): 1.5018683662475523e-26
(14,3): 7.941320275327337e-36
(14,15): 0.0
(14,25): 5.979679553368461e-25
(14,27): 9.817246958869751e-24
(15,0): 0.0
(15,1): 0.0
(15,2): 0.0
(15,3): 0.0
(15,14): 0.0
(16,4): 0.0
(16,7): 0.0
(16,9): 0.0
(17,6): 0.0
(17,7): 0.0
(17,8): 0.0
(17,10): 0.0
(18,5): 1.2025820835217018e-23
(18,7): 2.23067011682154e-25
(18,11): 1.2025820835217018e-23
(19,7): 0.0
(19,8): 0.0
(20,8): 1.2832037090560563e-21
(20,22): 8.429391346539942e-24
(20,27): 1.2832037090560563e-21
(21,5): 0.0
(21,7): 0.0
(22,10): 2.475156481947862e-22
(22,20): 8.200082892027582e-24
(23,6): 4.652758608464288e-30
(23,12): 4.652758608464288e-30
(24,4): 5.428138395033363e-39
(24,6): 5.428138395033363e-39
(25,7): 4.4443350549320705e-23
(25,9): 2.3959872092934483e-21
(25,14): 6.340592292192257e-25
(25,27): 2.3959872092934483e-21
(26,12): 5.228791561748471e-27
(27,4): 4.118034669064286e-20
(27,8): 4.118034669064286e-20
(27,11): 4.118034669064286e-20
(27,14): 1.089771187542752e-23
(27,20): 1.3642915419190655e-21
(27,25): 2.508292123576902e-21
