Interaction name: 6d56

Affinity: 8.050000190734863
Predicted value: 7.745645523071289

Attributions for edges: 

(0,5): 0.5284885764122009
(0,6): 0.5854849815368652
(0,7): 0.5233266949653625
(0,11): 0.5693615674972534
(0,13): 0.6452147960662842
(0,20): 0.4396817982196808
(0,22): 0.4909593462944031
(0,23): 0.5657463669776917
(1,2): 0.423382043838501
(1,6): 0.5119152665138245
(1,12): 0.6115047931671143
(1,13): 0.505721926689148
(2,1): 0.6012994050979614
(2,6): 0.4778059720993042
(2,12): 0.5382404327392578
(2,13): 0.5666640400886536
(2,26): 0.48180291056632996
(3,7): 0.49488502740859985
(3,14): 0.5775256156921387
(3,23): 0.4640378952026367
(3,29): 0.3907982110977173
(4,7): 0.48820045590400696
(4,14): 0.5712221264839172
(4,23): 0.5676787495613098
(5,0): 0.4534696340560913
(5,7): 0.5272026062011719
(5,8): 0.4118775427341461
(5,11): 0.5015307664871216
(5,15): 0.43159961700439453
(5,19): 0.5354588627815247
(5,22): 0.4335079789161682
(5,24): 0.45249414443969727
(5,25): 0.4346033036708832
(5,31): 0.5380017757415771
(5,33): 0.5824241042137146
(5,38): 0.5563474297523499
(5,41): 0.4771127700805664
(5,42): 0.4558778703212738
(6,0): 0.5448448657989502
(6,1): 0.5070679783821106
(6,2): 0.493935763835907
(6,11): 0.49871549010276794
(6,12): 0.5482701063156128
(6,13): 0.5035393834114075
(6,18): 0.5410665273666382
(6,20): 0.4396071434020996
(6,21): 0.441223680973053
(6,22): 0.35871532559394836
(6,26): 0.3914986252784729
(6,27): 0.49586254358291626
(6,32): 0.4748004972934723
(6,40): 0.5776726007461548
(6,43): 0.5093744397163391
(7,0): 0.46352994441986084
(7,3): 0.5087813138961792
(7,4): 0.5047413110733032
(7,5): 0.5618658661842346
(7,14): 0.47153931856155396
(7,19): 0.46989500522613525
(7,23): 0.4776458740234375
(7,32): 0.6024952530860901
(7,33): 0.5301443934440613
(7,37): 0.5651384592056274
(7,44): 0.5058851838111877
(7,47): 0.5315718054771423
(8,5): 0.43242165446281433
(8,9): 0.4616642892360687
(8,11): 0.4618198871612549
(8,15): 0.4973210096359253
(8,16): 0.5592974424362183
(8,17): 0.5446637272834778
(8,19): 0.5021948218345642
(8,22): 0.4392209053039551
(8,24): 0.5065740942955017
(8,25): 0.38430577516555786
(8,28): 0.40430229902267456
(8,36): 0.4001319706439972
(8,40): 0.5293643474578857
(8,46): 0.4905802309513092
(9,8): 0.5269085168838501
(9,16): 0.4946345388889313
(9,17): 0.4945524036884308
(9,19): 0.49272119998931885
(9,24): 0.5262653827667236
(9,25): 0.4420064687728882
(9,28): 0.5429214835166931
(9,33): 0.5280451774597168
(9,34): 0.38319915533065796
(9,35): 0.4486413598060608
(9,40): 0.5446329116821289
(9,46): 0.47958657145500183
(10,15): 0.43184420466423035
(10,16): 0.4800090789794922
(10,17): 0.5123268365859985
(10,19): 0.3735215961933136
(10,24): 0.5096691250801086
(10,25): 0.48759910464286804
(10,28): 0.5114108920097351
(10,36): 0.5227853059768677
(10,37): 0.49817952513694763
(10,49): 0.5236800909042358
(10,52): 0.4465533494949341
(11,0): 0.45219969749450684
(11,5): 0.5090044140815735
(11,6): 0.4750785231590271
(11,8): 0.45676809549331665
(11,18): 0.44760021567344666
(11,19): 0.48327910900115967
(11,20): 0.4754909873008728
(11,21): 0.5055245161056519
(11,22): 0.5232304334640503
(11,27): 0.47115713357925415
(11,42): 0.5371657013893127
(11,49): 0.4722360074520111
(12,1): 0.47668418288230896
(12,2): 0.46859636902809143
(12,6): 0.4545908272266388
(12,20): 0.3984760642051697
(12,26): 0.5183401703834534
(12,38): 0.4916614592075348
(12,39): 0.4997824728488922
(12,42): 0.4897930920124054
(13,0): 0.5356079936027527
(13,1): 0.48574718832969666
(13,2): 0.5705384016036987
(13,6): 0.45260557532310486
(13,26): 0.4861147403717041
(13,39): 0.5002663135528564
(13,40): 0.5400735139846802
(13,44): 0.3894357979297638
(13,48): 0.5865215063095093
(14,3): 0.526340126991272
(14,4): 0.5278318524360657
(14,7): 0.4695536494255066
(14,23): 0.5661882758140564
(15,5): 0.44781890511512756
(15,8): 0.42384544014930725
(15,10): 0.5056849122047424
(15,16): 0.3770640790462494
(15,17): 0.5113772749900818
(15,19): 0.5295822024345398
(15,24): 0.5024539828300476
(15,25): 0.4478303790092468
(15,28): 0.5253422260284424
(15,44): 0.5534051656723022
(15,52): 0.5026569366455078
(16,8): 0.4454057514667511
(16,9): 0.6027865409851074
(16,10): 0.497250497341156
(16,15): 0.4584667384624481
(16,17): 0.4934031665325165
(16,19): 0.4663751721382141
(16,24): 0.44822877645492554
(16,25): 0.41650843620300293
(16,51): 0.512288510799408
(16,52): 0.5973684787750244
(17,8): 0.45157718658447266
(17,9): 0.5231183767318726
(17,10): 0.5070371031761169
(17,15): 0.5380793213844299
(17,16): 0.5382963418960571
(17,24): 0.4940558075904846
(17,25): 0.5465384125709534
(17,28): 0.4797002375125885
(17,34): 0.5660226345062256
(17,41): 0.5246350169181824
(17,50): 0.5477535724639893
(17,51): 0.4515285789966583
(18,6): 0.4067278802394867
(18,11): 0.5002767443656921
(18,20): 0.5885631442070007
(18,21): 0.5063831210136414
(18,22): 0.4756363332271576
(18,27): 0.4946160912513733
(18,32): 0.586418867111206
(18,38): 0.6120012402534485
(18,42): 0.4328416585922241
(18,43): 0.4736185669898987
(18,45): 0.4119291603565216
(18,51): 0.5218420028686523
(19,5): 0.45561566948890686
(19,7): 0.4347071349620819
(19,8): 0.5594387054443359
(19,9): 0.5259674787521362
(19,10): 0.3840278089046478
(19,11): 0.45063725113868713
(19,15): 0.5061504244804382
(19,16): 0.44735443592071533
(19,22): 0.42929592728614807
(19,24): 0.45355135202407837
(19,25): 0.4886758029460907
(19,28): 0.426714152097702
(19,37): 0.5841026902198792
(19,43): 0.4851302206516266
(20,0): 0.46825382113456726
(20,6): 0.46249067783355713
(20,11): 0.41702061891555786
(20,12): 0.5693145990371704
(20,18): 0.46135419607162476
(20,21): 0.4394466280937195
(20,22): 0.5180302858352661
(20,27): 0.3872602880001068
(20,38): 0.4784487783908844
(20,45): 0.43434038758277893
(21,6): 0.4763490557670593
(21,11): 0.5544063448905945
(21,18): 0.5036275386810303
(21,20): 0.4579521417617798
(21,22): 0.5503920316696167
(21,32): 0.540286660194397
(21,38): 0.5032727122306824
(21,49): 0.3934798538684845
(22,0): 0.5201135873794556
(22,5): 0.4439717233181
(22,6): 0.537696361541748
(22,8): 0.5347877144813538
(22,11): 0.4572905898094177
(22,18): 0.4629172086715698
(22,19): 0.4052693247795105
(22,20): 0.5535595417022705
(22,21): 0.4747592806816101
(22,27): 0.4804302453994751
(22,32): 0.547095000743866
(22,43): 0.5662240982055664
(22,46): 0.4146183133125305
(23,0): 0.5232750177383423
(23,3): 0.4952419400215149
(23,4): 0.5408833622932434
(23,7): 0.46144166588783264
(23,14): 0.5192480087280273
(23,38): 0.5076732635498047
(23,40): 0.4584275484085083
(23,48): 0.5831970572471619
(24,5): 0.47464296221733093
(24,8): 0.46934202313423157
(24,9): 0.4357396960258484
(24,10): 0.5324496030807495
(24,15): 0.40376582741737366
(24,16): 0.5116108059883118
(24,17): 0.5364245772361755
(24,19): 0.4968806803226471
(24,25): 0.41315874457359314
(24,28): 0.4603079557418823
(24,37): 0.5187904238700867
(25,5): 0.45079055428504944
(25,8): 0.352874219417572
(25,9): 0.618919849395752
(25,10): 0.46888941526412964
(25,15): 0.41905251145362854
(25,16): 0.4309338331222534
(25,17): 0.5406600832939148
(25,19): 0.5212703943252563
(25,24): 0.527094304561615
(25,28): 0.4450335204601288
(25,50): 0.48503217101097107
(26,2): 0.5419201254844666
(26,6): 0.4915142059326172
(26,12): 0.512488603591919
(26,13): 0.4241688847541809
(27,6): 0.5483649969100952
(27,11): 0.4084729552268982
(27,18): 0.5287445783615112
(27,20): 0.5607702136039734
(27,22): 0.4999949336051941
(28,8): 0.5055530071258545
(28,9): 0.51982182264328
(28,10): 0.49371588230133057
(28,15): 0.5302366018295288
(28,17): 0.5126490592956543
(28,19): 0.49612554907798767
(28,24): 0.533749520778656
(28,25): 0.506005585193634
(29,3): 0.4541082978248596
(31,5): 0.5705413818359375
(31,47): 0.46893948316574097
(32,6): 0.4818957448005676
(32,7): 0.4760044813156128
(32,18): 0.5146000981330872
(32,21): 0.45646360516548157
(32,22): 0.42666658759117126
(32,52): 0.508553683757782
(33,5): 0.4685918688774109
(33,7): 0.3825854957103729
(33,9): 0.5381536483764648
(33,48): 0.4966936707496643
(33,50): 0.6010600924491882
(34,9): 0.5749116539955139
(34,17): 0.5842137336730957
(35,9): 0.4950717091560364
(35,39): 0.5443160533905029
(36,8): 0.49952492117881775
(36,10): 0.5457113981246948
(36,37): 0.5265771150588989
(37,7): 0.5038761496543884
(37,10): 0.40197131037712097
(37,19): 0.6056334376335144
(37,24): 0.4485597014427185
(37,36): 0.5072652101516724
(37,41): 0.49953410029411316
(38,5): 0.5209182500839233
(38,12): 0.47980996966362
(38,18): 0.5014503002166748
(38,20): 0.5930550694465637
(38,21): 0.4719412326812744
(38,23): 0.5054567456245422
(39,12): 0.5176781415939331
(39,13): 0.495132714509964
(39,35): 0.436504989862442
(40,6): 0.5054998993873596
(40,8): 0.5359804034233093
(40,9): 0.4819299578666687
(40,13): 0.45767781138420105
(40,23): 0.46311134099960327
(41,5): 0.5199984908103943
(41,17): 0.5326313972473145
(41,37): 0.5097072124481201
(42,5): 0.49283942580223083
(42,11): 0.5099661350250244
(42,12): 0.5556549429893494
(42,18): 0.497226744890213
(43,6): 0.46349433064460754
(43,18): 0.4503805637359619
(43,19): 0.5312804579734802
(43,22): 0.5227052569389343
(44,7): 0.4234273135662079
(44,13): 0.46637994050979614
(44,15): 0.5509400963783264
(44,45): 0.48777103424072266
(44,46): 0.5286625027656555
(45,18): 0.5038028359413147
(45,20): 0.49622392654418945
(45,44): 0.5517925024032593
(45,46): 0.45357075333595276
(46,8): 0.43344348669052124
(46,9): 0.5579922199249268
(46,22): 0.5036067962646484
(46,44): 0.5235665440559387
(46,45): 0.40805989503860474
(47,7): 0.5413004755973816
(47,31): 0.427798867225647
(48,13): 0.4767601490020752
(48,23): 0.49178165197372437
(48,33): 0.481307715177536
(48,50): 0.5484052300453186
(49,10): 0.5157073736190796
(49,11): 0.43309837579727173
(49,21): 0.3894447386264801
(49,52): 0.4851561486721039
(50,17): 0.5648724436759949
(50,25): 0.45701560378074646
(50,33): 0.45155230164527893
(50,48): 0.4873257875442505
(51,16): 0.41167494654655457
(51,17): 0.4931882917881012
(51,18): 0.5334212183952332
(51,52): 0.4916289746761322
(52,10): 0.45804646611213684
(52,15): 0.581244707107544
(52,16): 0.40218842029571533
(52,32): 0.5158270597457886
(52,49): 0.3975171446800232
(52,51): 0.495993435382843
