Interaction name: 5ywy

Affinity: 7.230000019073486
Predicted value: 6.96175479888916

Attributions for edges: 

(0,7): 0.5080519914627075
(0,11): 0.0
(0,12): 0.43980857729911804
(0,29): 0.47090598940849304
(0,30): 0.5264387130737305
(1,2): 0.0
(1,6): 0.0
(1,14): 0.0
(1,17): 0.3548353612422943
(1,18): 0.5901047587394714
(1,28): 0.43170249462127686
(1,29): 0.5469438433647156
(1,31): 0.471319317817688
(2,1): 0.0
(2,5): 0.0
(2,14): 0.0
(2,18): 0.35605883598327637
(2,28): 0.0
(2,29): 0.0
(2,31): 0.6096993088722229
(3,4): 0.0
(3,7): 0.48627176880836487
(3,10): 0.0
(3,13): 0.5284938216209412
(3,17): 0.5392882227897644
(3,19): 0.0
(3,24): 0.4298561215400696
(3,25): 0.47317108511924744
(3,28): 0.4468132257461548
(3,29): 0.4730629622936249
(3,30): 0.0
(4,3): 0.0
(4,7): 0.0
(4,8): 0.4535740911960602
(4,10): 0.0
(4,11): 0.4519708454608917
(4,13): 0.0
(4,17): 0.0
(4,18): 0.46481841802597046
(4,19): 0.45919814705848694
(4,24): 0.4638512134552002
(4,25): 0.5281526446342468
(5,2): 0.0
(5,6): 0.0
(5,14): 0.0
(5,17): 0.33967769145965576
(5,18): 0.5335330367088318
(6,1): 0.0
(6,5): 0.0
(6,14): 0.0
(6,18): 0.5180142521858215
(7,0): 0.5549521446228027
(7,3): 0.0
(7,4): 0.0
(7,8): 0.0
(7,11): 0.0
(7,12): 0.0
(7,13): 0.0
(7,17): 0.4708135426044464
(7,32): 0.44085443019866943
(7,44): 0.6149393916130066
(8,4): 0.5524265766143799
(8,7): 0.0
(8,11): 0.0
(8,12): 0.0
(8,13): 0.0
(8,17): 0.0
(8,18): 0.4107798635959625
(8,32): 0.4387206733226776
(8,39): 0.49866923689842224
(9,15): 0.0
(9,22): 0.0
(9,23): 0.0
(9,25): 0.5918477177619934
(9,26): 0.0
(9,27): 0.5641350150108337
(9,40): 0.462224543094635
(9,42): 0.456680566072464
(10,3): 0.0
(10,4): 0.0
(10,16): 0.0
(10,19): 0.0
(10,22): 0.44421708583831787
(10,24): 0.0
(10,25): 0.0
(10,26): 0.4672502875328064
(10,27): 0.0
(10,39): 0.462303102016449
(10,42): 0.4549468159675598
(11,0): 0.0
(11,4): 0.5288792848587036
(11,7): 0.0
(11,8): 0.0
(11,12): 0.0
(11,13): 0.0
(11,38): 0.3761207163333893
(12,0): 0.44116872549057007
(12,7): 0.0
(12,8): 0.0
(12,11): 0.0
(12,13): 0.0
(12,17): 0.5113696455955505
(12,34): 0.47144344449043274
(12,38): 0.5167136192321777
(13,3): 0.44104093313217163
(13,4): 0.0
(13,7): 0.0
(13,8): 0.0
(13,11): 0.0
(13,12): 0.0
(13,14): 0.49365532398223877
(13,17): 0.0
(13,18): 0.0
(13,32): 0.5438030958175659
(13,42): 0.49628570675849915
(13,44): 0.5952814817428589
(14,1): 0.0
(14,2): 0.0
(14,5): 0.0
(14,6): 0.0
(14,13): 0.5212990641593933
(14,17): 0.0
(14,18): 0.0
(14,35): 0.4503527879714966
(14,36): 0.43115296959877014
(14,45): 0.48052528500556946
(15,9): 0.0
(15,16): 0.0
(15,20): 0.0
(15,21): 0.0
(15,22): 0.48699331283569336
(15,23): 0.0
(15,24): 0.5099998116493225
(15,26): 0.0
(15,27): 0.0
(16,10): 0.0
(16,15): 0.0
(16,19): 0.5278558135032654
(16,20): 0.0
(16,21): 0.0
(16,23): 0.5252251625061035
(16,24): 0.0
(16,25): 0.47546035051345825
(16,26): 0.0
(16,27): 0.0
(16,33): 0.5068079233169556
(17,1): 0.5797283053398132
(17,3): 0.484999418258667
(17,4): 0.0
(17,5): 0.4712766110897064
(17,7): 0.5317979454994202
(17,8): 0.0
(17,12): 0.5239314436912537
(17,13): 0.0
(17,14): 0.0
(17,18): 0.0
(17,35): 0.5176602005958557
(18,1): 0.5144669413566589
(18,2): 0.4676888883113861
(18,4): 0.5101648569107056
(18,5): 0.4662937521934509
(18,6): 0.5901894569396973
(18,8): 0.506306529045105
(18,13): 0.0
(18,14): 0.0
(18,17): 0.0
(18,43): 0.4310430884361267
(18,44): 0.502236545085907
(19,3): 0.0
(19,4): 0.41581225395202637
(19,10): 0.0
(19,16): 0.5173637866973877
(19,24): 0.0
(19,25): 0.4552830159664154
(19,27): 0.4823150038719177
(19,33): 0.48628196120262146
(19,34): 0.5523115992546082
(19,35): 0.409593790769577
(20,15): 0.0
(20,16): 0.0
(20,21): 0.0
(20,24): 0.5116967558860779
(20,26): 0.0
(20,27): 0.0
(20,37): 0.4850948750972748
(21,15): 0.0
(21,16): 0.0
(21,20): 0.0
(21,23): 0.4647427797317505
(21,26): 0.0
(21,27): 0.0
(21,42): 0.3638089597225189
(22,9): 0.0
(22,10): 0.5009764432907104
(22,15): 0.5071203708648682
(22,23): 0.0
(22,24): 0.0
(22,25): 0.0
(22,26): 0.0
(22,27): 0.0
(22,40): 0.5324313640594482
(22,43): 0.4281054735183716
(23,9): 0.0
(23,15): 0.0
(23,16): 0.5175253748893738
(23,21): 0.5213955640792847
(23,22): 0.0
(23,24): 0.0
(23,25): 0.0
(23,26): 0.0
(23,27): 0.0
(23,41): 0.4942217767238617
(24,3): 0.49582362174987793
(24,4): 0.4981895983219147
(24,10): 0.0
(24,15): 0.44937485456466675
(24,16): 0.0
(24,19): 0.0
(24,20): 0.4567379951477051
(24,22): 0.0
(24,23): 0.0
(24,25): 0.0
(24,26): 0.0
(24,27): 0.0
(25,3): 0.4171372354030609
(25,4): 0.44360238313674927
(25,9): 0.4739011824131012
(25,10): 0.0
(25,16): 0.40619927644729614
(25,19): 0.4739181399345398
(25,22): 0.0
(25,23): 0.0
(25,24): 0.0
(25,26): 0.0
(25,27): 0.0
(25,32): 0.4490409195423126
(25,44): 0.41048702597618103
(26,9): 0.0
(26,10): 0.7063970565795898
(26,15): 0.0
(26,16): 0.0
(26,20): 0.0
(26,21): 0.0
(26,22): 0.0
(26,23): 0.0
(26,24): 0.0
(26,25): 0.0
(26,27): 0.0
(26,45): 0.47385019063949585
(27,9): 0.46984222531318665
(27,10): 0.0
(27,15): 0.0
(27,16): 0.0
(27,19): 0.4831765592098236
(27,20): 0.0
(27,21): 0.0
(27,22): 0.0
(27,23): 0.0
(27,24): 0.0
(27,25): 0.0
(27,26): 0.0
(28,1): 0.47175994515419006
(28,2): 0.0
(28,3): 0.5387800335884094
(28,29): 0.0
(28,31): 0.0
(28,45): 0.4731803834438324
(29,0): 0.4775327146053314
(29,1): 0.5958543419837952
(29,2): 0.0
(29,3): 0.5672093033790588
(29,28): 0.0
(29,31): 0.0
(29,41): 0.5256558060646057
(29,44): 0.0
(29,45): 0.0
(30,0): 0.4833433926105499
(30,3): 0.0
(30,35): 0.5731531977653503
(31,1): 0.6295641660690308
(31,2): 0.5014247298240662
(31,28): 0.0
(31,29): 0.0
(31,44): 0.5614008903503418
(31,45): 0.0
(32,7): 0.4870985150337219
(32,8): 0.5045318007469177
(32,13): 0.534864604473114
(32,25): 0.44806838035583496
(33,16): 0.5157985091209412
(33,19): 0.4842553436756134
(33,37): 0.0
(34,12): 0.4635896682739258
(34,19): 0.46487975120544434
(35,14): 0.5091135501861572
(35,17): 0.5014020800590515
(35,19): 0.4126397669315338
(35,30): 0.4825995862483978
(36,14): 0.5038708448410034
(37,20): 0.516550600528717
(37,33): 0.0
(38,11): 0.47654736042022705
(38,12): 0.39876940846443176
(39,8): 0.5967835783958435
(39,10): 0.38766276836395264
(40,9): 0.4485526382923126
(40,22): 0.5513648986816406
(41,23): 0.4803178310394287
(41,29): 0.5606902241706848
(41,44): 0.0
(41,45): 0.0
(42,9): 0.42985013127326965
(42,10): 0.5396752953529358
(42,13): 0.4209171235561371
(42,21): 0.44992467761039734
(43,18): 0.428133487701416
(43,22): 0.6157322525978088
(44,7): 0.48097994923591614
(44,13): 0.6304001212120056
(44,18): 0.5090605616569519
(44,25): 0.5028532147407532
(44,29): 0.0
(44,31): 0.4037870466709137
(44,41): 0.0
(44,45): 0.0
(45,14): 0.5009130239486694
(45,26): 0.46645233035087585
(45,28): 0.49353861808776855
(45,29): 0.0
(45,31): 0.0
(45,41): 0.0
(45,44): 0.0
