Interaction name: 5tku

Affinity: 9.800000190734863
Predicted value: 7.54830265045166

Shapley values for edges: 

(0,1): 0.4939784860610962
(0,2): -0.2041999340057373
(0,19): -0.014318885803222657
(0,29): 0.037244038581848146
(1,0): 0.11154579639434814
(1,2): 0.04269682884216309
(1,19): 0.021051511764526368
(1,29): 0.10794449806213378
(2,0): -0.10556859970092773
(2,1): -0.11514888286590576
(2,19): 0.04793316841125488
(2,25): 0.006664776802062988
(2,28): 0.037211546897888186
(2,29): -0.042055487632751465
(3,4): 0.010209307670593262
(3,8): -0.009778528213500977
(3,29): -0.000133209228515625
(3,30): 0.041585750579833984
(4,3): -0.07484786987304687
(4,7): -0.04632869720458985
(4,8): -0.021714963912963868
(4,9): 0.06792566299438477
(4,10): -0.10442278861999511
(4,12): -0.0892676305770874
(4,13): 0.011149358749389649
(4,14): -0.3537210512161255
(4,17): -0.013426971435546876
(4,21): -0.04260765552520752
(4,29): -0.2031447696685791
(4,30): -0.015852484703063965
(5,6): -0.14585885524749756
(5,11): -0.030888729095458985
(5,23): 0.2580165481567383
(6,5): -0.3368081140518189
(6,11): -0.003649473190307617
(6,15): 0.019591774940490723
(6,23): 0.016008286476135253
(7,4): 0.000625157356262207
(7,10): 0.006824231147766114
(7,13): 0.0014194631576538086
(7,16): -0.012002429962158202
(7,17): 0.0017222881317138672
(7,20): 0.012973990440368652
(7,21): -0.022900447845458985
(7,22): 0.031366095542907715
(8,3): 0.012425003051757812
(8,4): 0.030962815284729005
(8,9): -0.0034303855895996094
(8,12): 0.01728235721588135
(8,21): -0.012877373695373536
(9,4): 0.031627016067504884
(9,8): -0.011283202171325684
(9,12): 0.007768154144287109
(9,13): 0.016440305709838867
(9,21): 0.01660673141479492
(10,4): -0.12870694160461427
(10,7): 0.012894163131713867
(10,13): -0.06997618675231934
(10,14): -0.00883878231048584
(10,16): -0.022754902839660644
(10,17): -0.018100290298461913
(10,20): 0.0022017049789428713
(10,22): 0.0007893848419189453
(10,31): 0.0015148687362670898
(11,5): -0.16957374095916747
(11,6): 0.14281342029571534
(11,14): 0.09146234035491943
(11,15): -0.03330740451812744
(11,20): -5.1164627075195315e-06
(11,23): 0.05576404571533203
(11,32): 0.001138467788696289
(12,4): -0.042587080001831056
(12,8): 0.06362267494201661
(12,9): -0.005643444061279297
(12,16): -0.04536465644836426
(12,17): -0.002886333465576172
(12,21): -0.014180827140808105
(12,42): 0.09628787517547607
(13,4): 0.07023002624511719
(13,7): -0.012132420539855956
(13,9): -0.00605255126953125
(13,10): -0.007180256843566895
(13,14): -0.009882369041442872
(13,15): -0.02070258617401123
(13,20): -0.014177436828613282
(13,36): -0.059431023597717285
(14,4): -0.004022793769836426
(14,10): -0.03491414070129394
(14,11): 0.03839011192321777
(14,13): -0.029672164916992188
(14,15): -0.0002606725692749023
(14,20): 0.004280481338500976
(14,33): -0.03305776596069336
(14,34): -0.042884478569030764
(14,41): -0.15318761825561522
(14,42): -0.11953829765319825
(15,6): -0.12150429725646973
(15,11): 0.03450047969818115
(15,13): 0.002435183525085449
(15,14): 0.07299538612365723
(15,20): -0.01218667507171631
(15,36): -0.03699736595153809
(15,39): 0.035779690742492674
(16,7): -0.024498839378356934
(16,10): -0.05479550361633301
(16,12): 0.02292165279388428
(16,17): -3.0307769775390626e-05
(16,21): 0.005538005828857422
(16,22): 0.0075015735626220706
(17,4): -0.018876686096191406
(17,7): -0.04113273620605469
(17,10): 0.023540401458740236
(17,12): -0.0008378887176513672
(17,16): 0.010839214324951172
(17,21): -0.012871556282043457
(17,22): -0.03858601093292236
(17,34): -0.057393646240234374
(17,39): -0.08664663791656495
(18,24): -0.002802596092224121
(18,25): 0.043603281974792484
(18,26): 0.0035791969299316406
(18,27): 0.0086629056930542
(18,35): 0.033740057945251464
(19,0): -0.2565035629272461
(19,1): -0.4920802402496338
(19,2): -0.031151347160339356
(19,24): 0.0437886905670166
(19,25): -0.017683992385864256
(19,26): 0.00643160343170166
(19,27): 0.010595135688781739
(19,28): -0.011346454620361329
(19,40): -0.055201907157897946
(20,7): -0.02619034767150879
(20,10): -0.052393107414245604
(20,11): 0.0657759952545166
(20,13): -0.012272133827209472
(20,14): -0.023959498405456543
(20,15): -0.0014151239395141602
(20,34): -0.12251193046569825
(20,36): -0.12834084510803223
(20,39): -0.06417856693267822
(20,42): -0.019871397018432616
(21,4): -0.026139345169067383
(21,7): -0.06105983257293701
(21,8): -0.08579851150512695
(21,9): -0.0797036075592041
(21,12): 0.045667691230773924
(21,16): 0.09918110370635987
(21,17): -0.01895782470703125
(21,22): -0.024666805267333985
(21,34): -0.10356511116027832
(22,7): -0.008155202865600586
(22,10): 0.02780200958251953
(22,16): -0.03976262092590332
(22,17): -0.00328343391418457
(22,21): 0.025781326293945313
(22,36): 0.05101639747619629
(22,39): -0.011283397674560547
(23,5): 0.26762287139892577
(23,6): 0.12956977367401123
(23,11): 0.017636280059814453
(23,33): -0.12433655738830567
(23,34): -0.1576063823699951
(23,37): 0.09883831977844239
(23,38): 0.026098966598510742
(24,18): -0.0023258399963378908
(24,19): 0.011920714378356933
(24,25): -0.009972453117370605
(24,26): 0.00038012504577636716
(24,27): -0.013255391120910644
(24,28): 0.0029950809478759767
(24,40): -0.1985088348388672
(24,41): -0.009091572761535644
(25,2): 0.19976772785186767
(25,18): -0.12692749977111817
(25,19): -0.006370363235473633
(25,24): 0.005219297409057617
(25,26): -0.009332761764526368
(25,27): -0.012726402282714844
(25,28): 0.014260754585266114
(26,18): 0.0022603130340576173
(26,19): -0.024419879913330077
(26,24): -0.004460864067077637
(26,25): -0.02861290454864502
(26,27): -0.004267539978027344
(26,28): -0.009217824935913086
(26,41): -0.04851021766662598
(27,18): 0.004556961059570312
(27,19): -0.017212181091308593
(27,24): 0.021354732513427736
(27,25): 0.0004891157150268555
(27,26): -0.034540748596191405
(27,28): -0.004571928977966309
(27,34): 0.006573362350463867
(27,42): -0.004603495597839355
(28,2): -0.1371638870239258
(28,19): -0.0342754077911377
(28,24): 0.002525458335876465
(28,25): -0.005672507286071778
(28,26): 0.011650371551513671
(28,27): -0.008822622299194336
(29,0): 0.12423086166381836
(29,1): -0.1819389867782593
(29,2): 0.690701470375061
(29,3): -0.050462198257446286
(29,4): 0.05244612216949463
(29,42): 0.034252352714538574
(30,3): 0.019777307510375975
(30,4): -0.004246306419372558
(30,33): -0.04248909950256348
(31,10): -0.007590498924255371
(31,34): -0.006206903457641601
(32,11): 0.08156854629516602
(33,14): -0.005690736770629883
(33,23): 0.0049644184112548825
(33,30): 0.004959235191345215
(34,14): -0.11684945106506348
(34,17): 0.03559590816497803
(34,20): -0.08834251880645752
(34,21): 0.016161131858825683
(34,23): -0.3304420375823975
(34,27): -0.02300732135772705
(34,31): -0.01047356128692627
(35,18): 0.02846421718597412
(36,13): 0.17269357204437255
(36,15): 0.08903316020965577
(36,20): -0.03179453372955322
(36,22): 0.017476840019226073
(37,23): 0.03621691703796387
(38,23): -0.013365306854248048
(38,39): -0.028688392639160155
(39,15): 0.06836044788360596
(39,17): -0.027156004905700682
(39,20): 0.010379576683044433
(39,22): 0.02943504333496094
(39,38): 0.07719908714294434
(40,19): -0.10862399578094482
(40,24): 0.05711271286010742
(41,14): 0.1149116563796997
(41,24): -0.030621175765991212
(41,26): 0.014666533470153809
(41,42): -0.00837226390838623
(42,12): 0.0059490203857421875
(42,14): 0.0586510181427002
(42,20): -0.044029068946838376
(42,27): 0.0031763362884521485
(42,29): -0.22321789741516113
(42,41): -0.03472705364227295
