Interaction name: 6fgy

Affinity: 7.150000095367432
Predicted value: 7.3873982429504395

Attributions for edges: 

(0,1): 1.4309396597359754e-27
(0,3): 5.7821701805531735e-24
(0,7): 6.413752179454018e-22
(0,13): 1.249963725054445e-14
(0,15): 3.9543656380206166e-16
(1,0): 3.967737639294649e-24
(1,3): 1.789947288516175e-33
(1,10): 8.164610105136616e-35
(1,13): 3.967737639294649e-24
(2,4): 0.0
(2,5): 0.0
(2,6): 0.0
(2,8): 0.0
(2,9): 0.0
(2,11): 0.0
(2,14): 0.0
(2,17): 0.0
(2,18): 0.0
(2,19): 0.0
(2,20): 0.0
(3,0): 1.2214682875312524e-31
(3,1): 0.0
(3,8): 0.0
(3,10): 0.0
(3,13): 1.221477573936624e-31
(3,16): 0.0
(3,19): 0.0
(3,20): 0.0
(3,21): 0.0
(3,23): 7.215001813392315e-29
(4,2): 0.0
(4,5): 0.0
(4,6): 0.0
(4,8): 0.0
(4,9): 0.0
(4,11): 0.0
(4,14): 0.0
(4,17): 0.0
(4,18): 0.0
(4,19): 0.0
(4,20): 0.0
(4,22): 0.0
(4,24): 0.0
(5,2): 0.0
(5,4): 0.0
(5,6): 0.0
(5,11): 0.0
(5,18): 0.0
(5,22): 0.0
(5,23): 3.4643671349193506e-39
(5,24): 0.0
(6,2): 0.0
(6,4): 0.0
(6,5): 0.0
(6,8): 0.0
(6,11): 0.0
(6,14): 0.0
(6,17): 0.0
(6,18): 0.0
(6,19): 0.0
(6,20): 0.0
(6,22): 0.0
(6,23): 0.0
(6,24): 0.0
(7,0): 3.6360662529329e-20
(7,12): 8.410251013781032e-16
(7,13): 3.6360662529329e-20
(7,15): 1.1503046026542855e-21
(8,2): 0.0
(8,3): 0.0
(8,4): 0.0
(8,6): 0.0
(8,9): 0.0
(8,10): 0.0
(8,11): 0.0
(8,14): 0.0
(8,16): 0.0
(8,17): 0.0
(8,18): 0.0
(8,19): 0.0
(8,28): 0.0
(8,32): 0.0
(8,35): 0.0
(9,2): 0.0
(9,4): 0.0
(9,8): 0.0
(9,10): 0.0
(9,14): 0.0
(9,16): 0.0
(9,17): 0.0
(9,18): 0.0
(9,19): 0.0
(9,20): 0.0
(9,33): 0.0
(10,1): 0.0
(10,3): 0.0
(10,8): 0.0
(10,9): 0.0
(10,16): 0.0
(10,19): 0.0
(10,20): 0.0
(10,28): 0.0
(10,33): 1.7439361474110067e-30
(11,2): 0.0
(11,4): 0.0
(11,5): 0.0
(11,6): 0.0
(11,8): 0.0
(11,14): 0.0
(11,18): 0.0
(11,19): 0.0
(11,20): 0.0
(11,35): 0.0
(12,7): 9.228442725380162e-22
(12,15): 5.689748476207302e-16
(12,29): 7.808983886071858e-30
(12,30): 7.808983886071858e-30
(12,35): 1.2110312752611208e-09
(13,0): 1.249963725054445e-14
(13,1): 1.4309396597359754e-27
(13,3): 5.78219226865852e-24
(13,7): 6.413752179454018e-22
(13,15): 3.9543656380206166e-16
(14,2): 0.0
(14,4): 0.0
(14,6): 0.0
(14,8): 0.0
(14,9): 0.0
(14,11): 0.0
(14,17): 0.0
(14,18): 0.0
(14,19): 0.0
(14,20): 0.0
(14,31): 0.0
(15,0): 8.009793953351696e-16
(15,7): 4.1099615296691264e-23
(15,12): 1.852675131364112e-11
(15,13): 8.009825187691626e-16
(15,35): 4.377554221890456e-11
(16,3): 0.0
(16,8): 0.0
(16,9): 0.0
(16,10): 0.0
(16,18): 0.0
(16,19): 0.0
(16,20): 0.0
(16,32): 8.56075654568615e-33
(17,2): 0.0
(17,4): 0.0
(17,6): 0.0
(17,8): 0.0
(17,9): 0.0
(17,14): 0.0
(17,18): 0.0
(17,19): 0.0
(17,20): 0.0
(17,32): 0.0
(17,33): 0.0
(17,34): 0.0
(18,2): 0.0
(18,4): 0.0
(18,5): 0.0
(18,6): 0.0
(18,8): 0.0
(18,9): 0.0
(18,11): 0.0
(18,14): 0.0
(18,16): 0.0
(18,17): 0.0
(18,19): 0.0
(18,20): 0.0
(19,2): 0.0
(19,3): 0.0
(19,4): 0.0
(19,6): 0.0
(19,8): 0.0
(19,9): 0.0
(19,10): 0.0
(19,11): 0.0
(19,14): 0.0
(19,16): 0.0
(19,17): 0.0
(19,18): 0.0
(19,20): 0.0
(20,2): 0.0
(20,3): 0.0
(20,4): 0.0
(20,6): 0.0
(20,9): 0.0
(20,10): 0.0
(20,11): 0.0
(20,14): 0.0
(20,16): 0.0
(20,17): 0.0
(20,18): 0.0
(20,19): 0.0
(21,3): 0.0
(22,4): 0.0
(22,5): 0.0
(22,6): 0.0
(22,24): 5.0785117751223675e-24
(22,26): 0.0
(22,32): 4.926875459590791e-20
(23,3): 1.6644315078777447e-22
(23,5): 1.0577023877455971e-30
(23,6): 0.0
(24,4): 0.0
(24,5): 1.9877367148664043e-37
(24,6): 0.0
(24,22): 4.2644018777940373e-23
(24,27): 1.1894816315711188e-33
(26,22): 2.268953430459084e-34
(26,27): 0.0
(27,24): 1.8123671308453327e-25
(27,26): 0.0
(27,32): 2.843644795617181e-21
(28,8): 0.0
(28,10): 1.7884746879681825e-31
(28,33): 4.3921995988907124e-18
(29,12): 1.8773767468508495e-22
(30,12): 1.8773767468508495e-22
(31,14): 0.0
(31,34): 7.856416317508774e-08
(32,8): 0.0
(32,16): 4.166118654106399e-26
(32,17): 6.475747725664132e-39
(32,22): 4.587827433256422e-16
(32,27): 2.721150732507801e-26
(33,9): 0.0
(33,10): 1.108597589704123e-23
(33,17): 4.4054427497998253e-39
(33,28): 5.996915653754534e-21
(34,17): 3.170569777850238e-38
(34,31): 1.519744188271943e-07
(35,8): 0.0
(35,11): 0.0
(35,12): 3.947160820416684e-09
(35,15): 4.765967250030829e-15
