Interaction name: 6cwn

Affinity: 6.650000095367432
Predicted value: 6.611627578735352

Shapley values for edges: 

(0,1): -0.017518515586853026
(0,7): -0.05131163597106934
(0,8): 0.002414097785949707
(0,9): -0.06972724914550782
(0,12): 0.004565348625183105
(0,17): -0.0048026561737060545
(0,19): -0.04839454650878906
(0,21): -0.03919742107391357
(0,25): -0.08413229465484619
(0,26): 0.06380847454071045
(1,0): -0.048378190994262694
(1,2): 0.029339241981506347
(1,8): 0.000233917236328125
(1,13): 1.0895729064941407e-05
(1,17): -0.062812819480896
(1,19): 0.0026210594177246095
(1,20): -0.050864944458007814
(1,21): -0.004561171531677246
(1,25): 0.07266465187072754
(1,26): 0.15228865623474122
(2,1): 0.005941014289855957
(2,3): 0.0
(2,4): -0.029622011184692383
(2,5): -0.005629763603210449
(2,6): -0.025618643760681153
(2,9): -0.0336328649520874
(2,10): -0.03631117343902588
(2,11): -0.02996004581451416
(2,13): -9.5367431640625e-09
(2,14): 0.0004730653762817383
(2,15): -0.002969522476196289
(2,16): 0.13607312202453614
(2,19): 0.0030889225006103514
(2,20): 0.00010258197784423828
(2,23): -0.08050171852111816
(2,25): 0.2798932123184204
(2,26): -0.04312870025634766
(3,2): -2.857208251953125e-05
(3,4): -0.008142600059509278
(3,5): -0.0769784951210022
(3,11): 0.028422484397888182
(3,13): -0.027714190483093263
(3,14): 0.00862842559814453
(3,15): -0.0035557937622070312
(3,21): 0.055399689674377445
(3,22): -0.018331613540649414
(3,23): 0.016925063133239746
(3,24): -0.004007363319396972
(3,25): 0.046679873466491696
(3,26): 0.3541897821426392
(3,29): -0.5144677877426147
(4,2): -0.03411966323852539
(4,3): 0.030464372634887694
(4,5): -0.0019178342819213866
(4,10): 0.0002217721939086914
(4,13): -0.07880175590515137
(4,14): 0.04653174877166748
(4,15): -0.019575071334838868
(4,16): -0.007403221130371094
(4,21): -0.017111191749572752
(4,22): -0.13693751335144044
(4,23): -0.1592022943496704
(4,24): -0.008644032478332519
(4,25): -0.010012626647949219
(4,26): 0.017912940979003908
(4,29): -3.059996542930603
(5,2): -0.0122749662399292
(5,3): 0.019017529487609864
(5,4): -1.430511474609375e-08
(5,6): 0.02658735752105713
(5,10): 0.03914441585540771
(5,11): -0.027180371284484865
(5,13): 6.98089599609375e-06
(5,14): 0.051497459411621094
(5,15): 0.00011354923248291015
(5,16): 6.199359893798828e-05
(5,20): 0.0018326473236083985
(5,25): 0.022874741554260253
(5,26): -0.10011054992675782
(6,2): 0.028015995025634767
(6,5): -0.007076725959777832
(6,7): 0.007961955070495606
(6,8): -0.011798934936523437
(6,13): 1.8453598022460938e-06
(6,16): 0.014112982749938965
(6,17): 0.012929754257202148
(6,18): 0.02650454044342041
(6,19): 0.004258732795715332
(6,20): -0.0007385492324829101
(6,26): 0.07229526519775391
(7,0): 0.02033933162689209
(7,6): -0.026075501441955567
(7,8): -0.00432466983795166
(7,17): 0.08702480316162109
(7,18): 0.12116917610168457
(7,19): -0.07448848724365234
(7,20): -0.04676746129989624
(7,21): 0.002319602966308594
(7,26): 0.07588246822357178
(8,0): 0.005103764533996582
(8,1): -0.00015973567962646485
(8,6): -0.015770483016967773
(8,7): -0.10921028137207031
(8,9): 0.011401767730712891
(8,12): -0.004380278587341309
(8,13): 0.0
(8,17): -0.05604146003723145
(8,19): 0.009754137992858887
(8,20): -0.001969561576843262
(8,27): 0.0010394859313964844
(9,0): -0.036899051666259765
(9,2): -0.0037113285064697267
(9,8): 0.0011878681182861328
(9,13): -4.76837158203125e-09
(9,17): 0.08216958999633789
(9,19): 0.016628570556640625
(9,20): -0.0322002363204956
(10,2): -0.008715195655822754
(10,4): -9.5367431640625e-09
(10,5): -0.04430922508239746
(10,11): 0.00030211448669433596
(10,13): -0.022185330390930177
(10,14): -0.0002388620376586914
(10,15): -0.00679558277130127
(11,2): -0.05590932846069336
(11,3): 0.0008366823196411133
(11,5): -0.016324949264526368
(11,10): 0.0006493854522705078
(11,13): -0.03175845623016357
(11,14): 0.0043799829483032226
(11,15): -0.04282701015472412
(11,16): -0.006553425788879395
(12,0): 4.76837158203125e-09
(12,8): -0.015805392265319823
(12,30): -0.03979556083679199
(12,31): -0.06772863388061523
(12,35): -0.0036641407012939454
(12,39): 0.04631030559539795
(13,1): -0.00555844783782959
(13,2): -0.0005241966247558593
(13,3): -0.016818904876708986
(13,4): -0.034043588638305665
(13,5): 0.03516682147979736
(13,6): -0.0045526838302612305
(13,8): -0.013266792297363281
(13,9): 0.0023724508285522462
(13,10): 0.04151841640472412
(13,11): 0.08542980194091797
(13,14): -0.004248027801513672
(13,15): -0.05828850746154785
(13,16): -0.0003588676452636719
(13,17): 0.001400117874145508
(13,19): -0.01670246124267578
(13,20): -0.0007436943054199219
(13,30): -0.07910008907318115
(13,33): 0.09461291790008546
(13,39): 0.03240104198455811
(14,2): 0.003493504524230957
(14,3): -0.0008021354675292969
(14,4): 0.013282527923583984
(14,5): -0.0012145519256591796
(14,10): 0.005926847457885742
(14,11): 0.012967948913574218
(14,13): 3.814697265625e-08
(14,15): -0.002130579948425293
(14,16): -3.337860107421875e-08
(14,19): -0.062227063179016114
(14,20): -0.0018301677703857421
(14,30): -0.046955227851867676
(14,34): 0.1168474292755127
(15,2): -0.06650009155273437
(15,3): -0.0065320062637329104
(15,4): 0.02554457426071167
(15,5): 0.008956503868103028
(15,10): -0.051259727478027345
(15,11): 0.05435050964355469
(15,13): -0.0418291187286377
(15,14): -0.11744841098785401
(15,16): -0.022226853370666502
(15,34): -0.05664595603942871
(15,36): 0.006381027698516846
(15,40): 0.04471695423126221
(16,2): 0.003779630661010742
(16,4): -0.03040677070617676
(16,5): -0.0076156330108642575
(16,6): -0.007026424407958984
(16,11): -0.006980037689208985
(16,13): 0.0002289104461669922
(16,14): 0.001066908836364746
(16,15): -0.038378634452819825
(16,17): -0.03337988376617432
(16,19): -0.04018165111541748
(16,20): -5.336761474609375e-05
(16,30): -0.10672411203384399
(16,34): -0.07779980659484863
(16,41): -0.11124200820922851
(17,0): -0.02441538333892822
(17,1): -0.017655296325683592
(17,6): -0.013089551925659179
(17,7): -0.020779638290405272
(17,8): 0.019919838905334473
(17,9): -0.03169411182403564
(17,13): 1.5463829040527344e-05
(17,16): -0.026062116622924805
(17,18): -0.0018218088150024415
(17,19): -0.0007272005081176758
(17,20): -0.017042784690856932
(17,31): -0.06747268199920654
(17,38): 0.05807868957519531
(17,39): -0.036692266464233396
(18,6): 0.03113291263580322
(18,7): 0.003304548263549805
(18,17): -0.015151758193969727
(18,30): 0.0031992244720458985
(18,31): -0.09180027961730958
(18,38): 0.03205093383789062
(18,39): -0.004307427406311035
(19,0): -0.0454738187789917
(19,1): -0.0038499879837036134
(19,2): -8.6212158203125e-06
(19,6): 0.0009693241119384765
(19,7): -0.009085931777954102
(19,8): -0.00014090538024902344
(19,9): 0.005439305305480957
(19,13): -0.0022936344146728517
(19,14): -0.004479150772094726
(19,16): -0.02600518226623535
(19,17): -0.0021129751205444334
(19,20): -0.004750962257385254
(19,32): 0.04857731819152832
(20,1): -0.0819552993774414
(20,2): -0.0006715774536132813
(20,5): -0.008232588768005372
(20,6): 0.007014718055725098
(20,7): 0.026328105926513672
(20,8): -0.03930347442626953
(20,9): 0.016439952850341798
(20,13): 3.757476806640625e-06
(20,14): -0.0056731653213500976
(20,16): -0.0012900257110595704
(20,17): 0.013142943382263184
(20,19): 9.983539581298828e-05
(20,37): 0.1059106683731079
(21,0): -0.1264207649230957
(21,1): -0.03693621635437012
(21,3): -0.002005653381347656
(21,4): 0.004875340461730957
(21,7): 0.04338646411895752
(21,22): -0.020774335861206056
(21,23): -0.06564094543457032
(22,3): 0.008856053352355958
(22,4): 0.03393723964691162
(22,21): 0.004949331283569336
(22,23): -0.04187990665435791
(22,24): -0.007966580390930176
(22,27): -0.00868532657623291
(22,28): 0.016947555541992187
(22,30): 0.008279972076416016
(23,2): 0.008267636299133302
(23,3): 0.00040586471557617186
(23,4): 0.010766272544860839
(23,21): -0.04363274097442627
(23,22): 0.0001352262496948242
(23,24): 0.012250652313232422
(23,28): 0.08792625904083252
(23,30): -0.024353017807006837
(24,3): -0.013385801315307618
(24,4): -0.007754874229431152
(24,22): 0.004232206344604492
(24,23): 0.011053471565246583
(24,27): 0.00012801647186279298
(24,30): 0.058818812370300295
(25,0): 0.029413838386535645
(25,1): -0.05050449371337891
(25,2): -0.03731953144073486
(25,3): -0.20775512218475342
(25,4): -0.017649712562561034
(25,5): -0.10003763675689697
(25,26): -8.469104766845704e-05
(25,29): -0.478290753364563
(26,0): 0.05703856945037842
(26,1): -0.09779558658599853
(26,2): 0.08336478710174561
(26,3): -0.22669936656951906
(26,4): 0.00999783992767334
(26,5): -0.0035318374633789063
(26,6): -0.23188854694366456
(26,7): -0.14685397148132323
(26,25): 0.0570914888381958
(26,29): 0.3218802356719971
(26,34): -0.0335123348236084
(27,8): 1.21307373046875e-05
(27,22): -0.027937026023864747
(27,24): 0.00128415584564209
(28,22): -0.17395588159561157
(28,23): -0.09602502346038819
(29,3): 0.7894962167739868
(29,4): 0.22025152206420898
(29,25): -0.06809843063354493
(29,26): -0.016289305686950684
(30,12): 0.04542213916778565
(30,13): 0.047586922645568845
(30,14): -0.048198699951171875
(30,16): -0.054679436683654783
(30,18): -0.042066102027893064
(30,22): 0.14501679420471192
(30,23): 0.12128424167633056
(30,24): -0.05220644474029541
(31,12): -0.028821916580200196
(31,17): -0.0463247013092041
(31,18): 0.01047365665435791
(32,19): 0.008442044258117676
(32,33): -0.0017521333694458007
(32,37): -0.006424102783203125
(32,38): 0.0008968400955200195
(33,13): -0.0010514354705810547
(33,32): -0.00035178661346435547
(33,37): -0.037024312019348145
(33,38): -0.03259897708892822
(34,14): -0.16880654335021972
(34,15): -0.25050451278686525
(34,16): -0.029924402236938475
(34,26): 0.1334301996231079
(34,35): 0.06697147846221924
(35,12): -0.15198760509490966
(35,34): -0.03491339206695557
(36,15): -0.02655879020690918
(37,20): -0.008595972061157227
(37,32): -0.013966689109802246
(37,33): -0.03957357406616211
(37,38): -0.07582478046417236
(38,17): -0.036140789985656736
(38,18): -0.07335756778717041
(38,32): 0.009170374870300292
(38,33): 0.011384673118591308
(38,37): -0.10590474367141724
(39,12): 0.02325110912322998
(39,13): -0.0405624532699585
(39,17): 0.02047267436981201
(39,18): -0.09878667354583741
(39,41): -0.048708596229553223
(40,15): -0.0396387243270874
(41,16): 0.024843759536743164
(41,39): -0.034737229347229004
