Interaction name: 5doh

Affinity: 7.489999771118164
Predicted value: 7.484055042266846

Attributions for edges: 

(0,7): 0.4573300778865814
(0,20): 0.5265824198722839
(0,21): 0.4311967194080353
(0,30): 0.5802904367446899
(1,2): 0.5331271290779114
(1,4): 0.5214950442314148
(1,5): 0.4875456988811493
(1,9): 0.5035081505775452
(1,10): 0.4602802097797394
(1,11): 0.5799749493598938
(1,23): 0.4837590456008911
(1,29): 0.5879508852958679
(1,30): 0.44831612706184387
(2,1): 0.5890268087387085
(2,4): 0.4266773462295532
(2,9): 0.4674844443798065
(2,11): 0.5504922866821289
(2,23): 0.4671330451965332
(2,29): 0.42241424322128296
(2,30): 0.44164004921913147
(3,7): 0.5254805088043213
(3,20): 0.5299758315086365
(3,21): 0.49828973412513733
(4,1): 0.549125075340271
(4,2): 0.48045599460601807
(4,5): 0.5101935863494873
(4,10): 0.4521626830101013
(4,11): 0.586266279220581
(4,24): 0.5279597640037537
(4,28): 0.5020760893821716
(4,31): 0.4035090208053589
(5,1): 0.4034644663333893
(5,4): 0.449178010225296
(5,6): 0.5174278020858765
(5,10): 0.5562538504600525
(5,11): 0.573985755443573
(5,12): 0.5629770755767822
(5,16): 0.3571670949459076
(5,17): 0.4750250577926636
(5,18): 0.4331143796443939
(5,19): 0.6217246651649475
(5,23): 0.502044677734375
(5,24): 0.5794081091880798
(5,25): 0.5461905598640442
(5,26): 0.6410355567932129
(5,27): 0.5006104111671448
(5,28): 0.4993874132633209
(5,30): 0.5042744874954224
(5,31): 0.43800047039985657
(6,5): 0.4728527367115021
(6,10): 0.5492575764656067
(6,11): 0.43476012349128723
(6,12): 0.5236221551895142
(6,17): 0.48977455496788025
(6,18): 0.4599314033985138
(6,19): 0.5805495381355286
(6,20): 0.5305426120758057
(6,21): 0.5761101245880127
(6,22): 0.5409953594207764
(6,27): 0.6208536624908447
(6,38): 0.5233029723167419
(6,41): 0.4769526422023773
(7,0): 0.6078172326087952
(7,3): 0.5475337505340576
(7,19): 0.49398642778396606
(7,20): 0.4627866744995117
(7,21): 0.4255589544773102
(7,33): 0.4144213795661926
(7,34): 0.4671132266521454
(8,9): 0.4184712767601013
(8,11): 0.49270394444465637
(8,18): 0.491947740316391
(8,19): 0.593525767326355
(8,20): 0.4748654365539551
(8,21): 0.4487810432910919
(8,22): 0.5332029461860657
(8,23): 0.5559731721878052
(8,27): 0.5419762134552002
(8,32): 0.47091349959373474
(8,34): 0.4367697238922119
(8,35): 0.3486115038394928
(8,36): 0.45878326892852783
(8,43): 0.5052521824836731
(9,1): 0.5626283884048462
(9,2): 0.4616389870643616
(9,8): 0.45646315813064575
(9,10): 0.47138282656669617
(9,11): 0.490186870098114
(9,19): 0.6724697351455688
(9,22): 0.5575103163719177
(9,23): 0.45295846462249756
(9,35): 0.5283217430114746
(9,36): 0.5891073346138
(9,37): 0.567349374294281
(10,1): 0.43456214666366577
(10,4): 0.4735647737979889
(10,5): 0.5721873044967651
(10,6): 0.5534451603889465
(10,9): 0.4927533268928528
(10,11): 0.5076072812080383
(10,12): 0.5037581324577332
(10,17): 0.5821319222450256
(10,18): 0.49761566519737244
(10,19): 0.4871273636817932
(10,20): 0.5718508958816528
(10,22): 0.49651670455932617
(10,23): 0.5253932476043701
(10,25): 0.6017715930938721
(10,27): 0.5084353089332581
(10,40): 0.41031140089035034
(10,42): 0.334846556186676
(11,1): 0.47828418016433716
(11,2): 0.4729961156845093
(11,4): 0.339241623878479
(11,5): 0.5388404726982117
(11,6): 0.5376650094985962
(11,8): 0.3970399796962738
(11,9): 0.47090578079223633
(11,10): 0.47903916239738464
(11,12): 0.5558321475982666
(11,18): 0.45481055974960327
(11,19): 0.5055777430534363
(11,22): 0.554135262966156
(11,23): 0.4231944680213928
(11,27): 0.5165809988975525
(11,38): 0.613233208656311
(11,44): 0.5357739925384521
(12,5): 0.5678684711456299
(12,6): 0.5477529764175415
(12,10): 0.6121540665626526
(12,11): 0.5271597504615784
(12,13): 0.5888102054595947
(12,15): 0.6078721880912781
(12,16): 0.4914707839488983
(12,17): 0.5137511491775513
(12,18): 0.4785885810852051
(12,24): 0.596723198890686
(12,25): 0.5091963410377502
(12,26): 0.6131099462509155
(12,27): 0.6085452437400818
(12,28): 0.4816262722015381
(13,12): 0.46577367186546326
(13,14): 0.6130517721176147
(13,15): 0.5064084529876709
(13,24): 0.5646136403083801
(13,25): 0.5718557238578796
(13,26): 0.47640544176101685
(13,28): 0.607351541519165
(13,41): 0.41960278153419495
(13,44): 0.513975203037262
(14,13): 0.39643704891204834
(14,15): 0.4686920940876007
(14,16): 0.5380163192749023
(14,24): 0.46773800253868103
(14,25): 0.4744049608707428
(14,26): 0.4312678873538971
(14,28): 0.4935959577560425
(14,38): 0.6114145517349243
(15,12): 0.48451322317123413
(15,13): 0.512542724609375
(15,14): 0.5517085194587708
(15,16): 0.5034011602401733
(15,17): 0.557331383228302
(15,24): 0.5303937196731567
(15,25): 0.5582068562507629
(15,26): 0.4102577269077301
(15,28): 0.40946775674819946
(15,40): 0.4101496934890747
(16,5): 0.46802088618278503
(16,12): 0.5958454608917236
(16,14): 0.4984118938446045
(16,15): 0.4989866316318512
(16,17): 0.6088106036186218
(16,24): 0.5620286464691162
(16,25): 0.557844340801239
(16,26): 0.52373206615448
(16,28): 0.5689972639083862
(16,32): 0.5086796283721924
(16,39): 0.5312506556510925
(17,5): 0.5604969263076782
(17,6): 0.5849111080169678
(17,10): 0.4733978509902954
(17,12): 0.5062465667724609
(17,15): 0.5027803778648376
(17,16): 0.5987537503242493
(17,18): 0.571968674659729
(17,24): 0.5114269256591797
(17,25): 0.46031078696250916
(17,26): 0.5683043003082275
(17,27): 0.4938812255859375
(17,28): 0.4539843201637268
(18,5): 0.46755900979042053
(18,6): 0.4994978606700897
(18,8): 0.4765928089618683
(18,10): 0.531455934047699
(18,11): 0.4533933103084564
(18,12): 0.535578191280365
(18,17): 0.4355691075325012
(18,19): 0.5590640306472778
(18,20): 0.5705561637878418
(18,21): 0.47407352924346924
(18,22): 0.49200138449668884
(18,23): 0.6481820344924927
(18,41): 0.46119511127471924
(19,5): 0.5430367588996887
(19,6): 0.5064526796340942
(19,7): 0.47931545972824097
(19,8): 0.4836375415325165
(19,9): 0.5191156268119812
(19,10): 0.5588568449020386
(19,11): 0.5148730278015137
(19,18): 0.5019993185997009
(19,20): 0.6268333792686462
(19,21): 0.5412856340408325
(19,22): 0.5753222107887268
(19,23): 0.506201446056366
(19,27): 0.5784554481506348
(19,38): 0.5777734518051147
(19,41): 0.508897066116333
(20,0): 0.5714929103851318
(20,3): 0.47794219851493835
(20,6): 0.5768541097640991
(20,7): 0.4828477203845978
(20,8): 0.4640677869319916
(20,10): 0.5516924858093262
(20,18): 0.5205225944519043
(20,19): 0.49150994420051575
(20,21): 0.46924665570259094
(20,22): 0.44731605052948
(20,23): 0.4900282323360443
(20,27): 0.523995578289032
(20,37): 0.5674021244049072
(21,0): 0.39888796210289
(21,3): 0.5539894700050354
(21,6): 0.5097466707229614
(21,7): 0.3629387617111206
(21,8): 0.5004200339317322
(21,18): 0.5446929335594177
(21,19): 0.4866832196712494
(21,20): 0.4446244239807129
(21,22): 0.5163881182670593
(21,27): 0.6008134484291077
(21,32): 0.4444040358066559
(21,37): 0.4374583065509796
(21,41): 0.49108177423477173
(22,6): 0.6004655361175537
(22,8): 0.5571139454841614
(22,9): 0.48022934794425964
(22,10): 0.47114962339401245
(22,11): 0.5458705425262451
(22,18): 0.43254250288009644
(22,19): 0.4832204282283783
(22,20): 0.549956738948822
(22,21): 0.33375284075737
(22,23): 0.5768570303916931
(22,27): 0.625082790851593
(22,42): 0.4730782210826874
(23,1): 0.5221629738807678
(23,2): 0.48558977246284485
(23,5): 0.578033447265625
(23,8): 0.5227189064025879
(23,9): 0.5730718970298767
(23,10): 0.4802128076553345
(23,11): 0.4379372298717499
(23,18): 0.48244956135749817
(23,19): 0.5667468905448914
(23,20): 0.5352056622505188
(23,22): 0.5046849250793457
(23,27): 0.5418267846107483
(23,42): 0.4883441627025604
(23,43): 0.5049178600311279
(24,4): 0.5139879584312439
(24,5): 0.6501910090446472
(24,12): 0.5931241512298584
(24,13): 0.5156104564666748
(24,14): 0.47469362616539
(24,15): 0.5132746696472168
(24,16): 0.5304216742515564
(24,17): 0.5138987302780151
(24,25): 0.557040810585022
(24,26): 0.47690704464912415
(25,5): 0.49684059619903564
(25,10): 0.4904583990573883
(25,12): 0.577008843421936
(25,13): 0.4486575126647949
(25,14): 0.44607073068618774
(25,15): 0.5466596484184265
(25,16): 0.5672712922096252
(25,17): 0.46491530537605286
(25,24): 0.47409453988075256
(25,26): 0.47888481616973877
(25,28): 0.5628274083137512
(25,40): 0.44956088066101074
(26,5): 0.5599837899208069
(26,12): 0.5088543891906738
(26,13): 0.5341505408287048
(26,14): 0.47391465306282043
(26,15): 0.48296913504600525
(26,16): 0.4160997271537781
(26,17): 0.6044788360595703
(26,24): 0.591088056564331
(26,25): 0.5825121402740479
(26,28): 0.44280675053596497
(26,38): 0.5198529958724976
(26,40): 0.452223002910614
(27,5): 0.43704095482826233
(27,6): 0.5139620900154114
(27,8): 0.5127729177474976
(27,10): 0.44639915227890015
(27,11): 0.5554539561271667
(27,12): 0.5247223973274231
(27,17): 0.43463969230651855
(27,19): 0.5220708847045898
(27,20): 0.48323991894721985
(27,21): 0.5139045119285583
(27,22): 0.4898626506328583
(27,23): 0.5021471977233887
(28,4): 0.4685465395450592
(28,5): 0.4229187071323395
(28,12): 0.5111719369888306
(28,13): 0.45745566487312317
(28,14): 0.5017513632774353
(28,15): 0.4288034439086914
(28,16): 0.5828284025192261
(28,17): 0.5451242327690125
(28,25): 0.4872008264064789
(28,26): 0.5369986891746521
(29,1): 0.48603543639183044
(29,2): 0.5145263075828552
(29,30): 0.5342584252357483
(30,0): 0.5053144097328186
(30,1): 0.5024046897888184
(30,2): 0.5737961530685425
(30,5): 0.5251010060310364
(30,29): 0.42709043622016907
(30,31): 0.503136157989502
(31,4): 0.5009717345237732
(31,5): 0.5688714385032654
(31,30): 0.4364089369773865
(32,8): 0.5600671768188477
(32,16): 0.4779377281665802
(32,21): 0.48294568061828613
(32,33): 0.5126277804374695
(32,42): 0.5322793126106262
(33,7): 0.5211333632469177
(33,32): 0.5413649082183838
(34,7): 0.4586401879787445
(34,8): 0.4954928159713745
(35,8): 0.4721914827823639
(35,9): 0.5969204902648926
(35,43): 0.49572470784187317
(36,8): 0.4632384479045868
(36,9): 0.436933696269989
(37,9): 0.47820231318473816
(37,20): 0.5445980429649353
(37,21): 0.4835822284221649
(37,43): 0.3887105882167816
(38,6): 0.5071731805801392
(38,11): 0.4582116901874542
(38,14): 0.43332961201667786
(38,19): 0.47123977541923523
(38,26): 0.4326571226119995
(39,16): 0.5187034606933594
(39,40): 0.5041816830635071
(40,10): 0.6143539547920227
(40,15): 0.4233069121837616
(40,25): 0.4960136115550995
(40,26): 0.5828670859336853
(40,39): 0.4595659375190735
(41,6): 0.46716150641441345
(41,13): 0.4982818067073822
(41,18): 0.588468611240387
(41,19): 0.42164215445518494
(41,21): 0.3639305531978607
(42,10): 0.5032126307487488
(42,22): 0.5639178156852722
(42,23): 0.4481065273284912
(42,32): 0.5356642007827759
(43,8): 0.4786851704120636
(43,23): 0.3931471109390259
(43,35): 0.4895992875099182
(43,37): 0.3863661289215088
(44,11): 0.462734580039978
(44,13): 0.5475555658340454
