Interaction name: 5wex

Affinity: 7.179999828338623
Predicted value: 6.754270553588867

Attributions for edges: 

(0,4): 7.909170711704704e-24
(0,5): 5.321567945288285e-23
(0,6): 5.321567945288285e-23
(0,7): 1.1644219035862443e-24
(0,8): 1.2776286696889565e-24
(0,11): 7.932652734270418e-23
(0,13): 5.321567945288285e-23
(0,15): 2.56030944127322e-23
(0,17): 3.799298007773505e-22
(1,2): 1.7040990362287967e-35
(1,3): 3.573017990276289e-23
(1,7): 1.245692326194376e-24
(1,8): 1.366800421731395e-24
(1,9): 2.752159940106427e-23
(1,18): 4.963574267109844e-32
(2,1): 4.8777089299763486e-36
(2,3): 4.86722569285047e-36
(2,7): 1.5025927251170008e-38
(2,8): 1.0060379059206617e-37
(2,9): 4.2053931007731216e-36
(2,18): 0.0
(3,1): 3.6136597885689137e-23
(3,2): 1.5686923324116093e-35
(3,7): 1.0033234905351775e-24
(3,8): 1.1008638734906531e-24
(3,9): 2.2166761089326107e-23
(3,19): 3.489024183165063e-23
(4,0): 7.908446537393711e-24
(4,11): 1.6095763293392102e-23
(4,12): 1.079769535669817e-23
(4,13): 1.079769535669817e-23
(4,14): 5.187791887461729e-24
(4,15): 5.195000498413639e-24
(4,16): 7.009619802491474e-25
(4,17): 7.708972171228086e-23
(5,0): 5.1918530222878974e-23
(5,6): 7.088629625846559e-23
(5,7): 1.5510758640006946e-24
(5,8): 1.701886741986774e-24
(5,9): 3.4268698324426995e-23
(5,11): 1.056678235910459e-22
(5,17): 5.060898893468716e-22
(5,20): 7.088629625846559e-23
(5,21): 7.088629625846559e-23
(5,26): 5.995879936183964e-23
(6,0): 5.1918530222878974e-23
(6,5): 7.088629625846559e-23
(6,7): 1.5510758640006946e-24
(6,8): 1.701886741986774e-24
(6,9): 3.4268698324426995e-23
(6,17): 5.060898893468716e-22
(6,22): 4.78106191004747e-23
(6,23): 6.562165314718678e-23
(7,0): 9.99762671016623e-25
(7,1): 1.0757686303737623e-24
(7,2): 4.876847680729787e-38
(7,3): 8.567161564901813e-25
(7,5): 1.3650182863388876e-24
(7,6): 1.3650182863388876e-24
(7,8): 3.277217552002928e-26
(7,9): 6.5989343778908235e-25
(7,17): 9.745458249911924e-24
(7,22): 9.2065569944106e-25
(7,24): 7.877700585005109e-25
(7,29): 3.98233772901706e-25
(8,0): 1.203164045933006e-24
(8,1): 1.2946332567542875e-24
(8,2): 3.4780364651272078e-37
(8,3): 1.0310108319790114e-24
(8,5): 1.6427307529575425e-24
(8,6): 1.6427307529575425e-24
(8,7): 3.594489088065459e-26
(8,9): 7.941454844250874e-25
(8,17): 1.172816704959812e-23
(8,24): 9.480414988038731e-25
(8,25): 1.6041927776738133e-25
(8,29): 4.792524256215557e-25
(8,31): 1.1385984432462213e-24
(9,1): 2.72703661354131e-23
(9,2): 1.2687966320454771e-35
(9,3): 2.1717377008336095e-23
(9,5): 3.4602746207908264e-23
(9,6): 3.4602746207908264e-23
(9,7): 7.5714894335016e-25
(9,8): 8.30763322961702e-25
(9,17): 2.4704399772588543e-22
(10,12): 7.088629625846559e-23
(10,13): 7.088629625846559e-23
(10,14): 3.4057573902640886e-23
(10,16): 4.6017774921178904e-24
(10,23): 6.562165314718678e-23
(10,30): 6.574443145847538e-23
(10,31): 4.913260167177493e-23
(11,0): 7.929566710409193e-23
(11,4): 1.6091034861126207e-23
(11,5): 1.0826571925678147e-22
(11,17): 7.7295590427172025e-22
(11,21): 1.0826571925678147e-22
(11,23): 1.0022458237082506e-22
(11,25): 1.0572623085246847e-23
(11,26): 9.157599103341226e-23
(11,27): 1.0826571925678147e-22
(11,30): 1.0041209776343971e-22
(12,4): 1.0535503235351672e-23
(12,10): 7.088629625846559e-23
(12,13): 7.088629625846559e-23
(12,14): 3.4057573902640886e-23
(12,15): 3.4104899246066905e-23
(12,16): 4.6017774921178904e-24
(13,0): 5.1918530222878974e-23
(13,4): 1.0535503235351672e-23
(13,10): 7.088629625846559e-23
(13,12): 7.088629625846559e-23
(13,14): 3.4057573902640886e-23
(13,15): 3.4104899246066905e-23
(13,16): 4.6017774921178904e-24
(13,20): 7.088629625846559e-23
(13,28): 7.088629625846559e-23
(14,4): 4.95321029222842e-24
(14,10): 3.332706346085726e-23
(14,12): 3.332706346085726e-23
(14,13): 3.332706346085726e-23
(14,15): 1.603429525165728e-23
(14,16): 2.16350092802088e-24
(14,23): 3.085166842737166e-23
(14,26): 2.818941117810093e-23
(14,29): 9.722881050804498e-24
(14,30): 3.090938780208487e-23
(14,31): 2.3099339829703904e-23
(15,0): 2.5224237652112567e-23
(15,4): 5.1185772316376375e-24
(15,12): 3.443958452915959e-23
(15,13): 3.443958452915959e-23
(15,14): 1.6546624121996687e-23
(15,16): 2.2357313990856316e-24
(16,4): 7.646317327704405e-25
(16,10): 5.144691288613621e-24
(16,12): 5.144691288613621e-24
(16,13): 5.144691288613621e-24
(16,14): 2.471795263959851e-24
(16,15): 2.4752295699107308e-24
(17,0): 4.185753265958844e-22
(17,4): 8.493888140834269e-23
(17,5): 5.7149860053674665e-22
(17,6): 5.7149860053674665e-22
(17,7): 1.2505112210845769e-23
(17,8): 1.3720929092660454e-23
(17,9): 2.7628170722827283e-22
(17,11): 8.51910505785718e-22
(18,1): 3.6529635997530513e-32
(18,2): 0.0
(18,25): 4.526405567050333e-33
(19,3): 3.3662335656463433e-23
(20,5): 7.088629625846559e-23
(20,13): 7.088629625846559e-23
(20,27): 7.088629625846559e-23
(20,30): 6.574443145847538e-23
(21,5): 7.088629625846559e-23
(21,11): 1.056678235910459e-22
(21,24): 4.090956608284904e-23
(22,6): 4.9326030365735124e-23
(22,7): 1.0793118977371756e-24
(22,25): 4.816885267044914e-24
(22,28): 4.9326030365735124e-23
(23,6): 6.612018168485025e-23
(23,10): 6.612018168485025e-23
(23,11): 9.856238933465197e-23
(23,14): 3.1767684244183437e-23
(23,30): 6.132357921496993e-23
(23,31): 4.5828779625506054e-23
(24,7): 9.396955476418611e-25
(24,8): 1.0310540221135723e-24
(24,21): 4.2945205871553756e-23
(25,8): 1.6224028921137417e-25
(25,11): 1.0073278076546472e-23
(25,18): 5.8918017649319305e-33
(25,22): 4.557752742719316e-24
(25,28): 6.757617594672943e-24
(26,5): 6.095158396650391e-23
(26,11): 9.085814023143562e-23
(26,14): 2.928441322342011e-23
(27,11): 1.056678235910459e-22
(27,20): 7.088629625846559e-23
(28,13): 7.088629625846559e-23
(28,22): 4.78106191004747e-23
(28,25): 6.922357784092963e-24
(29,7): 4.9891813634303665e-25
(29,8): 5.474237142908794e-25
(29,14): 1.0954939000935874e-23
(30,10): 6.623177079305919e-23
(30,11): 9.872872538968325e-23
(30,14): 3.182116901355742e-23
(30,20): 6.623177079305919e-23
(30,23): 6.131257933850752e-23
(31,8): 1.2276106481705788e-24
(31,10): 5.113193808162138e-23
(31,14): 2.456652487238455e-23
(31,23): 4.733443425909071e-23
