Interaction name: 5kr2

Affinity: 8.479999542236328
Predicted value: 8.436498641967773

Attributions for edges: 

(0,1): 0.5006372332572937
(0,3): 0.5156088471412659
(0,6): 0.5223038196563721
(0,13): 0.4257146418094635
(0,17): 0.4025495648384094
(0,39): 0.46786290407180786
(0,40): 0.44307631254196167
(1,0): 0.40022388100624084
(1,6): 0.4793633818626404
(1,13): 0.522514820098877
(1,14): 0.47206583619117737
(1,15): 0.4166194796562195
(1,16): 0.4922836422920227
(1,30): 0.4499686062335968
(1,31): 0.48093661665916443
(1,34): 0.5002297759056091
(1,37): 0.4264751672744751
(1,40): 0.4873822033405304
(2,6): 0.4599055349826813
(2,9): 0.45748090744018555
(2,17): 0.47641393542289734
(2,18): 0.46069321036338806
(2,19): 0.3880569338798523
(2,20): 0.4986467659473419
(2,21): 0.4094529449939728
(2,39): 0.50611412525177
(2,40): 0.4504416882991791
(2,41): 0.4698263108730316
(3,0): 0.4030105769634247
(3,6): 0.36956214904785156
(3,7): 0.5682598948478699
(3,17): 0.5565241575241089
(3,40): 0.4113693833351135
(4,9): 0.48441407084465027
(4,10): 0.4294939637184143
(4,12): 0.5279263854026794
(4,18): 0.5166527032852173
(4,19): 0.4518376886844635
(4,41): 0.5653210282325745
(4,43): 0.5132423043251038
(5,10): 0.46776503324508667
(5,11): 0.4883122146129608
(5,12): 0.47564584016799927
(5,18): 0.46060144901275635
(5,19): 0.4989663362503052
(5,22): 0.4765351414680481
(5,26): 0.5462889075279236
(5,27): 0.5634341835975647
(5,39): 0.47459396719932556
(5,40): 0.5896252393722534
(5,41): 0.5332087278366089
(6,0): 0.518951416015625
(6,1): 0.45774611830711365
(6,2): 0.5109466314315796
(6,3): 0.524408221244812
(6,7): 0.499043732881546
(6,9): 0.5407242178916931
(6,13): 0.45996490120887756
(6,17): 0.5188703536987305
(6,29): 0.5147718191146851
(6,34): 0.41074302792549133
(6,42): 0.461084246635437
(7,3): 0.4903164207935333
(7,6): 0.511713981628418
(7,17): 0.42536482214927673
(7,42): 0.45145383477211
(8,9): 0.46905773878097534
(8,10): 0.4773240387439728
(8,12): 0.411037802696228
(8,18): 0.4700694680213928
(8,19): 0.4771665632724762
(9,2): 0.4461906850337982
(9,4): 0.49356889724731445
(9,6): 0.4615829885005951
(9,8): 0.5048625469207764
(9,17): 0.45846477150917053
(9,18): 0.4605487585067749
(9,19): 0.40666958689689636
(9,20): 0.44018134474754333
(9,21): 0.4526516795158386
(9,29): 0.4828721284866333
(9,44): 0.5195035934448242
(10,4): 0.47903773188591003
(10,5): 0.5200040936470032
(10,8): 0.5825250148773193
(10,11): 0.4852868318557739
(10,18): 0.4348512589931488
(10,22): 0.534559965133667
(10,25): 0.5552687048912048
(10,33): 0.4518451988697052
(10,36): 0.5523198246955872
(10,42): 0.5032671093940735
(11,5): 0.5165920257568359
(11,10): 0.5032411217689514
(11,12): 0.5000044107437134
(11,22): 0.44310909509658813
(11,26): 0.40733808279037476
(11,27): 0.4244679808616638
(11,28): 0.4587492346763611
(12,4): 0.5163873434066772
(12,5): 0.4802393615245819
(12,8): 0.4539303779602051
(12,11): 0.5225236415863037
(12,18): 0.4493715763092041
(12,22): 0.4512060582637787
(12,25): 0.4519736170768738
(12,33): 0.5008410811424255
(12,36): 0.5511225461959839
(13,0): 0.4554181694984436
(13,1): 0.488495796918869
(13,6): 0.5114794969558716
(13,14): 0.4979083836078644
(13,31): 0.44021713733673096
(13,34): 0.5278956294059753
(13,37): 0.4448724389076233
(13,48): 0.5400931239128113
(13,59): 0.4525581896305084
(13,62): 0.4291318655014038
(14,1): 0.43810853362083435
(14,13): 0.43980488181114197
(14,16): 0.525794267654419
(14,31): 0.4554370641708374
(14,32): 0.4842589199542999
(14,37): 0.40797075629234314
(14,57): 0.44728440046310425
(15,1): 0.46960800886154175
(15,16): 0.4648642838001251
(15,31): 0.5180973410606384
(15,32): 0.5389138460159302
(15,37): 0.41063565015792847
(15,45): 0.45060187578201294
(15,59): 0.41757842898368835
(16,1): 0.47755539417266846
(16,14): 0.4128352403640747
(16,15): 0.4222852885723114
(16,31): 0.41910114884376526
(16,32): 0.43652769923210144
(16,37): 0.5082992911338806
(16,46): 0.5052472949028015
(16,62): 0.4644554555416107
(17,0): 0.38787326216697693
(17,2): 0.5114219188690186
(17,3): 0.4113152325153351
(17,6): 0.4957640767097473
(17,7): 0.48385629057884216
(17,9): 0.5315331816673279
(17,45): 0.4776351749897003
(17,46): 0.49892300367355347
(17,47): 0.5145110487937927
(17,48): 0.4319503903388977
(17,54): 0.48883381485939026
(17,60): 0.48601460456848145
(18,2): 0.466142863035202
(18,4): 0.5309299230575562
(18,5): 0.47368335723876953
(18,8): 0.488737016916275
(18,9): 0.4742523729801178
(18,10): 0.4859446585178375
(18,12): 0.418486088514328
(18,19): 0.38956230878829956
(18,20): 0.46458345651626587
(18,45): 0.42189401388168335
(18,46): 0.4623351991176605
(18,48): 0.4530830383300781
(18,50): 0.4782356917858124
(18,52): 0.4721546769142151
(18,54): 0.44070953130722046
(18,59): 0.47892171144485474
(18,60): 0.4485604465007782
(19,2): 0.5151838660240173
(19,4): 0.4505079686641693
(19,5): 0.48959898948669434
(19,8): 0.38640454411506653
(19,9): 0.501244068145752
(19,18): 0.46755754947662354
(19,20): 0.48764386773109436
(19,21): 0.44111156463623047
(19,29): 0.46774306893348694
(19,34): 0.45172980427742004
(19,38): 0.5200241804122925
(19,52): 0.4398365318775177
(19,59): 0.46508386731147766
(20,2): 0.42921242117881775
(20,9): 0.4190391004085541
(20,18): 0.46414563059806824
(20,19): 0.4947141110897064
(20,21): 0.4602716863155365
(20,29): 0.4452255070209503
(20,30): 0.5144923329353333
(20,34): 0.4826401472091675
(20,38): 0.5317476391792297
(20,45): 0.4618346691131592
(20,48): 0.4656311571598053
(20,54): 0.5018739104270935
(21,2): 0.432230681180954
(21,9): 0.46964389085769653
(21,19): 0.5230985283851624
(21,20): 0.5038564801216125
(21,29): 0.5726450085639954
(21,30): 0.4807030260562897
(21,34): 0.4568542540073395
(21,38): 0.567843496799469
(21,54): 0.4825650155544281
(22,5): 0.5720299482345581
(22,10): 0.5510865449905396
(22,11): 0.548097550868988
(22,12): 0.4441933333873749
(22,23): 0.49931785464286804
(22,24): 0.4875549376010895
(22,25): 0.5394565463066101
(22,33): 0.4224759340286255
(22,35): 0.4544772207736969
(22,36): 0.5123576521873474
(22,50): 0.5304996371269226
(22,52): 0.5583516359329224
(22,53): 0.4468978941440582
(22,59): 0.47852596640586853
(22,62): 0.5045285224914551
(23,22): 0.38657695055007935
(23,24): 0.5186411738395691
(23,25): 0.49577370285987854
(23,33): 0.45840421319007874
(23,35): 0.4382553994655609
(23,36): 0.4622679352760315
(23,61): 0.5141552686691284
(24,22): 0.44019487500190735
(24,23): 0.5646204352378845
(24,25): 0.41871538758277893
(24,33): 0.5160641670227051
(24,35): 0.43979600071907043
(24,36): 0.45875588059425354
(24,62): 0.5184209942817688
(25,10): 0.4378337860107422
(25,12): 0.4139581322669983
(25,22): 0.4199327230453491
(25,23): 0.4555390775203705
(25,24): 0.45276346802711487
(25,33): 0.4499233663082123
(25,35): 0.41886451840400696
(25,36): 0.483269602060318
(25,49): 0.46920350193977356
(25,54): 0.4378270208835602
(26,5): 0.45007988810539246
(26,11): 0.4886400103569031
(26,27): 0.4815455973148346
(26,28): 0.5384241342544556
(26,48): 0.5543799996376038
(26,50): 0.5510091185569763
(26,51): 0.5351862907409668
(26,52): 0.46951138973236084
(26,53): 0.44285815954208374
(26,61): 0.5250616073608398
(27,5): 0.40772467851638794
(27,11): 0.4306754171848297
(27,26): 0.4165824055671692
(27,28): 0.46018412709236145
(27,46): 0.4962720274925232
(27,48): 0.47998443245887756
(27,52): 0.49391239881515503
(27,53): 0.5150749683380127
(27,54): 0.431047648191452
(27,55): 0.42794522643089294
(27,61): 0.45017021894454956
(28,11): 0.5169685482978821
(28,26): 0.4684097170829773
(28,27): 0.48872774839401245
(28,51): 0.45076313614845276
(28,52): 0.4089279770851135
(28,53): 0.5041601061820984
(28,55): 0.4510631859302521
(29,6): 0.42406028509140015
(29,9): 0.5136738419532776
(29,19): 0.42485684156417847
(29,20): 0.4712008535861969
(29,21): 0.4698345363140106
(29,30): 0.45357802510261536
(29,34): 0.5461196899414062
(29,38): 0.4740770757198334
(29,46): 0.47075155377388
(29,59): 0.42616865038871765
(30,1): 0.5355560183525085
(30,20): 0.4339538514614105
(30,21): 0.4858526885509491
(30,29): 0.49358487129211426
(30,34): 0.42438751459121704
(30,38): 0.5160265564918518
(30,45): 0.39226311445236206
(30,47): 0.43273723125457764
(31,1): 0.4631384313106537
(31,13): 0.44993993639945984
(31,14): 0.43562719225883484
(31,15): 0.48174941539764404
(31,16): 0.48068493604660034
(31,32): 0.4861714839935303
(31,37): 0.5220893621444702
(31,45): 0.46059998869895935
(31,59): 0.47590067982673645
(32,14): 0.4908565580844879
(32,15): 0.47886085510253906
(32,16): 0.5053562521934509
(32,31): 0.4748682379722595
(32,37): 0.41091451048851013
(32,56): 0.4407401978969574
(33,10): 0.47430095076560974
(33,12): 0.5264177322387695
(33,22): 0.49439457058906555
(33,23): 0.5235059857368469
(33,24): 0.5261337161064148
(33,25): 0.4684849977493286
(33,35): 0.4610498249530792
(33,36): 0.4746520221233368
(33,49): 0.4188564419746399
(34,1): 0.4909130334854126
(34,6): 0.49174413084983826
(34,13): 0.44051235914230347
(34,19): 0.483676016330719
(34,20): 0.5264933109283447
(34,21): 0.4634646773338318
(34,29): 0.5124545693397522
(34,30): 0.49677515029907227
(34,38): 0.4094759225845337
(34,46): 0.44372835755348206
(34,59): 0.39896515011787415
(34,60): 0.44522061944007874
(35,22): 0.43091708421707153
(35,23): 0.44357165694236755
(35,24): 0.5132361054420471
(35,25): 0.46674343943595886
(35,33): 0.4608871042728424
(35,36): 0.4576600193977356
(35,46): 0.4965268075466156
(35,61): 0.4568226635456085
(35,62): 0.5366157293319702
(36,10): 0.457668274641037
(36,12): 0.4855287969112396
(36,22): 0.4350926876068115
(36,23): 0.4345189332962036
(36,24): 0.4700597822666168
(36,25): 0.3600986897945404
(36,33): 0.4101884365081787
(36,35): 0.4553779363632202
(36,46): 0.4600490629673004
(36,48): 0.41058629751205444
(36,52): 0.4257529079914093
(36,59): 0.4728308916091919
(36,62): 0.49177712202072144
(37,1): 0.4249502420425415
(37,13): 0.45091891288757324
(37,14): 0.4212351441383362
(37,15): 0.47353702783584595
(37,16): 0.48389509320259094
(37,31): 0.4380339980125427
(37,32): 0.49210113286972046
(37,57): 0.4762674570083618
(38,19): 0.4839878976345062
(38,20): 0.49770909547805786
(38,21): 0.4618038535118103
(38,29): 0.519763708114624
(38,30): 0.438592791557312
(38,34): 0.43827906250953674
(38,45): 0.5321842432022095
(38,54): 0.43295156955718994
(38,58): 0.47532135248184204
(38,60): 0.48358607292175293
(38,62): 0.46028783917427063
(39,0): 0.5581748485565186
(39,2): 0.4221023917198181
(39,5): 0.47378113865852356
(39,40): 0.49483761191368103
(39,46): 0.4355807304382324
(40,0): 0.3915494978427887
(40,1): 0.4562022089958191
(40,2): 0.48107749223709106
(40,3): 0.5445324778556824
(40,5): 0.4865629971027374
(40,39): 0.4534554183483124
(41,2): 0.5035643577575684
(41,4): 0.5104868412017822
(41,5): 0.514995276927948
(41,52): 0.5041378736495972
(42,6): 0.4363535940647125
(42,7): 0.431799054145813
(42,10): 0.43863022327423096
(43,4): 0.5214687585830688
(44,9): 0.5444013476371765
(44,46): 0.4763585329055786
(44,59): 0.5179235339164734
(45,15): 0.5171297192573547
(45,17): 0.5621116757392883
(45,18): 0.4244360327720642
(45,20): 0.43185922503471375
(45,30): 0.48720285296440125
(45,31): 0.49943843483924866
(45,38): 0.3896653354167938
(45,56): 0.3503488004207611
(46,16): 0.4023309350013733
(46,17): 0.4671241044998169
(46,18): 0.47500288486480713
(46,27): 0.5350788235664368
(46,29): 0.4669910967350006
(46,34): 0.4707294702529907
(46,35): 0.46643874049186707
(46,36): 0.5146621465682983
(46,39): 0.5177711248397827
(46,44): 0.4748721420764923
(47,17): 0.4202791452407837
(47,30): 0.3683435320854187
(47,62): 0.537476122379303
(48,13): 0.5574695467948914
(48,17): 0.5076845288276672
(48,18): 0.42079976201057434
(48,20): 0.45267337560653687
(48,26): 0.4483681619167328
(48,27): 0.4637518525123596
(48,36): 0.38677823543548584
(48,49): 0.43336567282676697
(49,25): 0.45034679770469666
(49,33): 0.4630588889122009
(49,48): 0.47780290246009827
(50,18): 0.555381178855896
(50,22): 0.4239332377910614
(50,26): 0.5202072858810425
(50,54): 0.4580404758453369
(50,58): 0.44740092754364014
(51,26): 0.504384458065033
(51,28): 0.48291683197021484
(51,53): 0.4851408898830414
(52,18): 0.4870392382144928
(52,19): 0.5364404916763306
(52,22): 0.5061712265014648
(52,26): 0.48344799876213074
(52,27): 0.4800901710987091
(52,28): 0.41457444429397583
(52,36): 0.4682844579219818
(52,41): 0.45284247398376465
(53,22): 0.5209410190582275
(53,26): 0.4719947576522827
(53,27): 0.5107002854347229
(53,28): 0.5138524770736694
(53,51): 0.4794839322566986
(54,17): 0.45548149943351746
(54,18): 0.4989517331123352
(54,20): 0.5050382614135742
(54,21): 0.42001107335090637
(54,25): 0.45954903960227966
(54,27): 0.5167934894561768
(54,38): 0.40475350618362427
(54,50): 0.5337250232696533
(55,27): 0.41425520181655884
(55,28): 0.5151556134223938
(56,32): 0.5455109477043152
(56,45): 0.4947981536388397
(57,14): 0.4281114637851715
(57,37): 0.48663559556007385
(57,60): 0.5265682339668274
(58,38): 0.45675668120384216
(58,50): 0.46402671933174133
(59,13): 0.5310735106468201
(59,15): 0.48341667652130127
(59,18): 0.42462125420570374
(59,19): 0.38640812039375305
(59,22): 0.47109881043434143
(59,29): 0.4938809871673584
(59,31): 0.4327493906021118
(59,34): 0.5579127669334412
(59,36): 0.4740874767303467
(59,44): 0.4756195843219757
(60,17): 0.4466833472251892
(60,18): 0.416152685880661
(60,34): 0.4414501190185547
(60,38): 0.5209009647369385
(60,57): 0.4361020624637604
(61,23): 0.4565969407558441
(61,26): 0.5139480829238892
(61,27): 0.5139936208724976
(61,35): 0.5004101395606995
(62,13): 0.5090696215629578
(62,16): 0.5284745097160339
(62,22): 0.4852977395057678
(62,24): 0.5134374499320984
(62,35): 0.46770328283309937
(62,36): 0.5283510684967041
(62,38): 0.46407702565193176
(62,47): 0.43721380829811096
