Interaction name: 5ega

Affinity: 5.059999942779541
Predicted value: 5.878046989440918

Shapley values for edges: 

(0,1): 0.001279916763305664
(0,9): -0.00012202739715576172
(0,14): 0.0007097291946411133
(0,15): 0.0001860475540161133
(0,16): -0.02526759147644043
(0,24): 0.0012706804275512695
(0,25): -0.018133811950683594
(0,26): 0.03132054805755615
(1,0): -0.013045597076416015
(1,2): -0.01004495620727539
(1,8): -0.004143571853637696
(1,10): -0.0012457704544067384
(1,14): -0.02264324188232422
(1,15): 0.0006659173965454101
(1,16): 0.0019461393356323242
(1,20): 0.007050638198852539
(1,24): 0.0006225538253784179
(1,26): 0.002948284149169922
(1,28): -0.13384308338165282
(2,1): 0.0024778366088867186
(2,9): -0.014087643623352051
(2,15): -0.017591910362243654
(2,16): 0.0028298091888427734
(2,20): 0.0012986326217651366
(2,24): 0.0017948579788208009
(2,25): -0.01952798366546631
(2,26): 0.0012999439239501952
(2,28): 0.1156685733795166
(2,29): -0.001421651840209961
(3,4): 0.006875414848327637
(3,11): -0.011472382545471192
(3,14): 0.0051042699813842775
(3,20): -0.0025459909439086914
(3,25): 4.883289337158203e-05
(4,3): -0.06315379142761231
(4,11): 0.04378500461578369
(4,18): 0.011873984336853027
(4,21): -0.023879003524780274
(4,23): 0.002111954689025879
(4,25): -0.06203606128692627
(5,6): 2.3946762084960937e-05
(5,7): 0.0004188776016235352
(5,13): 0.007009730339050293
(5,17): -0.0002900838851928711
(5,19): 0.0018219089508056641
(5,21): -0.029500036239624022
(5,22): 0.001371002197265625
(5,23): -0.048635826110839844
(5,27): -0.0034473848342895506
(5,30): -0.1544387912750244
(6,5): -0.0024013376235961915
(6,12): 0.002884063720703125
(6,17): 0.0016093873977661133
(6,18): -0.04363924980163574
(6,19): -0.056017794609069825
(6,21): 0.0071750831604003905
(6,22): 0.0006345176696777344
(6,27): 0.00790565013885498
(6,28): -0.0642106819152832
(7,5): -0.0001878976821899414
(7,12): -0.0029291439056396483
(7,17): 0.0036155223846435548
(7,18): 0.006792883872985839
(7,19): 0.00851165771484375
(7,22): 0.06038334369659424
(7,23): 0.0014887332916259765
(7,27): -0.002628016471862793
(7,28): -0.0013920688629150391
(7,30): 0.011098623275756836
(8,1): -0.005148301124572754
(8,9): 5.720138549804687e-05
(8,14): 8.172035217285156e-05
(8,15): 0.0014137697219848632
(8,16): -0.014377875328063965
(8,24): 0.0013440752029418945
(8,25): -0.0023314380645751954
(8,26): -0.005037913322448731
(9,0): -0.013791370391845702
(9,2): -0.013302631378173828
(9,8): 0.004403610229492188
(9,10): 0.0016736698150634766
(9,14): -0.07132118225097656
(9,15): 0.0004618453979492187
(9,16): 0.00022113323211669922
(9,20): -0.027601208686828613
(9,24): 0.001928400993347168
(9,26): 0.016808381080627443
(10,1): 0.006752939224243164
(10,9): 0.000642714500427246
(10,15): -0.025905075073242186
(10,16): 0.00041927337646484374
(10,20): 0.003529987335205078
(10,24): -0.008270502090454102
(10,25): -0.01328331470489502
(10,26): -0.005183124542236328
(11,3): 0.07287812232971191
(11,4): 0.01780047416687012
(11,14): 0.0029313468933105467
(11,18): -0.005906305313110352
(11,20): -0.00975163459777832
(11,25): 0.0007308387756347657
(12,6): 0.0025217437744140623
(12,7): 0.001073141098022461
(12,13): -0.0171334171295166
(12,17): -8.374214172363281e-05
(12,19): 0.0011457252502441407
(12,21): -0.03422389030456543
(12,22): -0.0004897356033325195
(12,23): -0.038370213508605956
(12,27): -0.025140457153320313
(13,5): -0.0008480358123779297
(13,12): 0.0015181207656860352
(13,17): 0.0011353635787963868
(13,18): -0.02234126567840576
(13,19): 0.010000057220458984
(13,22): 0.011789608001708984
(13,23): 0.0043877077102661135
(13,27): 0.0014058399200439454
(14,0): -0.009563899040222168
(14,1): -0.05212956428527832
(14,3): -0.016637072563171387
(14,8): 0.0002757072448730469
(14,9): -0.02590790271759033
(14,11): -0.04586047649383545
(14,15): 0.00012053012847900391
(14,16): -0.034160676002502444
(14,20): -0.001261749267578125
(14,24): 0.0007400941848754882
(14,25): -1.1644363403320313e-05
(14,26): -0.0017122745513916016
(15,0): -0.0028233098983764648
(15,1): -0.0023778676986694336
(15,2): -0.02628685474395752
(15,8): 7.75909423828125e-05
(15,9): -0.00013584613800048827
(15,10): -0.032178940773010256
(15,14): -0.0021635723114013673
(15,16): -4.613876342773438e-05
(15,20): 0.0003907012939453125
(15,24): 2.5224685668945312e-05
(15,25): -0.0001580667495727539
(15,26): -0.0045918703079223635
(16,0): -0.05858229160308838
(16,1): -0.02087456226348877
(16,2): -0.0029396867752075197
(16,8): -0.004137296676635743
(16,9): -0.012388463020324708
(16,10): 0.000543522834777832
(16,14): 0.0007219457626342773
(16,15): 0.0012620878219604492
(16,20): 0.00020816326141357422
(16,24): -0.0004697847366333008
(16,25): 2.8076171875e-05
(16,26): -0.05971815586090088
(17,5): -0.008946771621704102
(17,6): 0.004338388442993164
(17,7): -0.011652140617370606
(17,12): -0.0012679767608642578
(17,13): 0.008867578506469726
(17,18): 3.540515899658203e-05
(17,19): 0.00017545700073242187
(17,21): -0.0012865447998046875
(17,22): -0.0003417253494262695
(17,23): 0.0012740516662597657
(17,27): -0.03806803703308106
(18,4): -0.07765554904937744
(18,6): -0.07547159194946289
(18,7): -0.041149687767028806
(18,11): -0.028869733810424805
(18,13): -0.06787999153137207
(18,17): 0.0020172119140625
(18,19): 0.001277327537536621
(18,21): -0.016722946166992186
(18,22): -0.0018274307250976563
(18,23): -0.00017955303192138672
(18,27): -0.012069492340087891
(19,5): -0.011857094764709473
(19,6): -0.05365035057067871
(19,7): -0.0014534282684326172
(19,12): 0.0018927812576293944
(19,13): 0.01376028060913086
(19,17): -0.00017902851104736328
(19,18): 0.0005525636672973633
(19,21): 0.0014074373245239258
(19,22): -0.009557056427001952
(19,23): -0.001594095230102539
(19,31): 0.12449831962585449
(20,1): -0.04100936889648438
(20,2): -0.009250397682189942
(20,3): -0.09683411121368408
(20,9): -0.02463852405548096
(20,10): -0.005916628837585449
(20,11): -0.014541072845458984
(20,14): -6.377696990966797e-05
(20,15): -0.0006527280807495117
(20,16): -0.0051285171508789066
(20,24): 0.0007831716537475586
(20,25): 4.388809204101563e-05
(20,26): -0.004853372573852539
(21,4): -0.04979733467102051
(21,5): -0.021943321228027345
(21,6): -0.020805788040161134
(21,12): -0.04445256233215332
(21,17): -0.0017371463775634765
(21,18): 3.924369812011719e-06
(21,19): 0.006304616928100586
(21,22): 0.0006305599212646485
(21,23): -1.7752647399902342e-05
(21,27): -0.00990180015563965
(22,5): 0.0010400056838989259
(22,6): -0.003055224418640137
(22,7): -0.07325340747833252
(22,12): -7.088184356689453e-05
(22,13): -0.02201998233795166
(22,17): -0.0004259967803955078
(22,18): 0.0009271192550659179
(22,19): 0.0004729747772216797
(22,21): -2.22015380859375e-05
(22,23): 0.0003744745254516602
(22,27): -0.015263876914978027
(23,4): -0.08569250106811524
(23,5): -0.06131407260894775
(23,7): -0.02437222480773926
(23,12): -0.008034744262695313
(23,13): 0.0005417776107788086
(23,17): -0.0004404544830322266
(23,18): 3.361701965332031e-05
(23,19): -0.012062368392944335
(23,21): 0.00011865615844726563
(23,22): 0.0036352920532226564
(23,27): -0.0030304241180419923
(24,0): -0.0027245235443115233
(24,1): -0.019167799949645997
(24,2): -2.430915832519531e-05
(24,8): -0.0008196735382080078
(24,9): -0.00042366981506347656
(24,10): -0.00020091533660888673
(24,14): -3.348827362060547e-05
(24,15): -4.220008850097656e-06
(24,16): -8.013248443603516e-05
(24,20): 0.0005319690704345703
(24,25): 0.0005800628662109375
(25,0): -0.04633455276489258
(25,2): -0.03235997676849365
(25,3): -0.02267505645751953
(25,4): -0.05261760234832764
(25,8): -0.03286900520324707
(25,10): -0.06024923324584961
(25,11): -0.07794772624969483
(25,14): 3.823757171630859e-05
(25,15): -0.03330459117889404
(25,16): 0.001620049476623535
(25,20): -1.1992454528808593e-05
(25,24): -0.0003025293350219727
(25,26): 0.001663947105407715
(26,0): -0.00014379024505615235
(26,1): -0.0008511686325073242
(26,2): 0.003911852836608887
(26,8): -0.0017235231399536132
(26,9): 0.0024536323547363283
(26,10): -0.0035627937316894532
(26,14): 0.0014845609664916992
(26,15): -1.3394355773925781e-05
(26,16): -0.004187407493591308
(26,20): 0.0027312278747558595
(26,25): 0.0009867382049560548
(27,5): -0.009886460304260254
(27,6): -0.01445755958557129
(27,7): 0.02154327392578125
(27,12): 0.0013208866119384765
(27,13): -0.003953361511230468
(27,17): -0.00035857200622558595
(27,18): -0.0016551828384399414
(27,21): 0.009717984199523926
(27,22): 0.0008128547668457032
(27,23): 0.0012094736099243163
(28,1): -0.028661108016967772
(28,2): 0.01190096378326416
(28,6): 0.23536202430725098
(28,7): 0.06675572872161865
(28,29): 0.0015159320831298828
(29,2): -0.026102700233459473
(29,28): 0.04338824272155762
(30,5): -0.07431374073028564
(30,7): 0.00010254859924316406
(30,31): -0.007511439323425293
(31,19): -0.008321938514709472
(31,30): -0.0557228422164917
