Interaction name: 6e9w

Affinity: 6.550000190734863
Predicted value: 6.767154693603516

Shapley values for edges: 

(0,18): 0.019503550529479982
(0,19): -0.016080737113952637
(0,20): -0.00841644287109375
(0,22): 0.030921430587768556
(0,23): 0.05300441265106201
(1,4): -0.05413110256195068
(1,7): -0.006869077682495117
(1,9): -0.03213735103607178
(1,10): -0.011395401954650879
(1,11): -0.013566513061523438
(1,23): 0.0266469669342041
(1,24): 0.013909626007080077
(2,3): -0.00010991096496582031
(2,6): -0.020158791542053224
(2,11): 0.002811136245727539
(2,12): 0.00023456573486328126
(2,13): -0.028249611854553224
(2,14): -0.020743541717529297
(2,15): -0.023153977394104006
(2,16): -0.029343523979187013
(2,24): 0.018383884429931642
(2,25): 0.03425962924957275
(3,2): 0.003175687789916992
(3,5): -0.041609978675842284
(3,6): -0.018076648712158205
(3,11): 0.0045179080963134765
(3,12): 0.0012025117874145507
(3,14): -0.013606171607971191
(3,15): -0.0368479061126709
(3,16): -0.015644068717956542
(3,24): 0.01525527000427246
(3,25): 0.027768077850341796
(4,1): -0.007477102279663086
(4,7): 0.007224540710449218
(4,9): -0.036429433822631835
(4,10): -0.017950873374938964
(4,11): -0.0404009199142456
(4,13): 0.017960314750671388
(4,15): -0.037500038146972656
(5,3): 0.007282114028930664
(5,6): -0.004316229820251465
(5,11): 0.020244894027709962
(5,13): 0.031195917129516602
(5,14): 0.0019349527359008788
(5,15): 0.00945476531982422
(5,26): 0.031565914154052736
(6,2): 0.008342962265014648
(6,3): 0.0029661083221435547
(6,5): -0.0006768321990966797
(6,11): 0.017536983489990235
(6,12): 0.018046350479125978
(6,13): 0.022785725593566893
(6,14): 0.004808416366577148
(6,15): 0.006744132041931152
(6,34): -0.0051070117950439455
(7,1): -0.012552733421325684
(7,4): -0.03077843189239502
(7,8): 0.00963994026184082
(7,9): -0.00492729663848877
(7,10): 0.010048413276672363
(7,17): -0.0002911853790283203
(7,21): 0.007539892196655273
(7,30): 0.024684195518493653
(7,32): 0.013549761772155762
(7,36): -0.0003116178512573242
(8,7): 0.023369760513305665
(8,9): 0.010931000709533692
(8,10): 0.01252336025238037
(8,17): 0.00209780216217041
(8,18): -0.016565594673156738
(8,19): 0.0012134408950805664
(8,20): -0.012649474143981933
(8,21): 0.01024956226348877
(8,22): -0.010126357078552245
(8,35): 0.046637768745422366
(8,36): 0.0013945960998535155
(8,37): 0.01452749252319336
(9,1): -0.02258552074432373
(9,4): -0.04051699161529541
(9,7): 0.01537674903869629
(9,8): 0.0014658117294311524
(9,10): 0.0031913805007934572
(9,17): -0.01682278633117676
(9,19): -0.006139674186706543
(9,21): 0.006761813163757324
(10,1): -0.008236875534057617
(10,4): -0.02513939380645752
(10,7): 0.01145711898803711
(10,8): -0.0035500860214233397
(10,9): -0.009278759956359864
(10,17): -0.010354828834533692
(10,19): -0.009565720558166504
(10,21): 0.000176239013671875
(10,33): 0.02114161491394043
(10,39): -0.012667856216430663
(11,1): -0.024371166229248047
(11,2): 0.005078344345092773
(11,3): -0.0005119800567626953
(11,4): -0.026572070121765136
(11,5): -0.0024012327194213867
(11,6): -0.008342742919921875
(11,13): 0.0047963809967041015
(11,14): -0.012705464363098145
(11,15): 0.0072869062423706055
(11,16): -0.017786269187927247
(11,33): 0.027565040588378907
(12,2): -0.008770098686218262
(12,3): 0.008618435859680175
(12,6): -0.007047758102416992
(12,14): 0.006810932159423828
(12,15): -0.004446902275085449
(12,16): -0.001950836181640625
(12,30): 0.024686145782470702
(12,31): -0.0036527490615844726
(12,34): -0.008083195686340331
(13,2): 0.0006312465667724609
(13,4): -0.0007828617095947265
(13,5): -2.6936531066894532e-05
(13,6): 0.0007981681823730469
(13,11): 0.011991100311279297
(13,14): 0.002565178871154785
(13,15): 0.005344395637512207
(13,29): 0.028257646560668946
(13,32): 0.01996429920196533
(13,33): 0.02458850383758545
(13,36): 0.012380285263061524
(13,37): 0.022829365730285645
(14,2): 0.011320767402648925
(14,3): 0.015255537033081055
(14,5): 0.0011590147018432618
(14,6): 0.006992940902709961
(14,11): 0.017560758590698243
(14,12): 0.017338128089904786
(14,13): 0.014658350944519043
(14,15): 0.01595141887664795
(14,16): -0.00814821720123291
(14,30): 0.01588181972503662
(15,2): -0.0016632795333862305
(15,3): 0.01294950008392334
(15,4): -0.02482759952545166
(15,5): -0.0016045665740966797
(15,6): 0.0015958595275878907
(15,11): 0.017531428337097168
(15,12): 0.018367018699645996
(15,13): 0.016141066551208495
(15,14): -0.0005595111846923829
(15,16): -0.001543745994567871
(15,39): -0.003186507225036621
(16,2): -0.0005369234085083008
(16,3): 0.013021469116210938
(16,11): -0.001459488868713379
(16,12): 0.021789922714233398
(16,14): 0.0003156137466430664
(16,15): 0.009716782569885254
(16,32): 0.002932415008544922
(17,7): 0.014819231033325195
(17,8): 0.007443647384643554
(17,9): -0.00037015438079833984
(17,10): 0.018807058334350587
(17,18): 0.002648344039916992
(17,19): -0.004468011856079102
(17,20): -0.02518671989440918
(17,21): 0.015554571151733398
(18,0): 0.01681334972381592
(18,8): -0.007492189407348633
(18,17): -0.0008383083343505859
(18,19): -0.0013104057312011718
(18,20): -0.017605109214782713
(18,21): -0.006317238807678222
(18,22): -0.02137984275817871
(18,27): 0.01538071632385254
(18,37): 0.028164949417114258
(18,38): 0.002855525016784668
(19,0): -0.0016806173324584962
(19,8): -0.0005233049392700196
(19,9): -0.001279621124267578
(19,10): 0.015599431991577149
(19,17): -0.0032299327850341796
(19,18): -0.0021232271194458006
(19,20): -0.02055746555328369
(19,21): -9.8876953125e-05
(19,22): -0.006337738037109375
(19,36): -0.008367118835449218
(20,0): -0.0020884180068969724
(20,8): 0.011719985008239746
(20,17): -0.018998427391052244
(20,18): 0.002426009178161621
(20,19): -0.007152957916259766
(20,21): -0.0027187204360961913
(20,22): -0.011371836662292481
(20,35): 0.04250375270843506
(21,7): 0.006155662536621094
(21,8): -0.0149212646484375
(21,9): -0.002426304817199707
(21,10): 0.008451633453369141
(21,17): -0.004559030532836914
(21,18): -0.008926215171813965
(21,19): -0.0036410093307495117
(21,20): -0.018098626136779785
(21,28): 0.019899635314941405
(21,38): 0.0023255491256713866
(21,39): -0.006313247680664063
(22,0): 0.09261418342590332
(22,8): -0.002062082290649414
(22,18): 0.011107654571533203
(22,19): -0.002316169738769531
(22,20): 0.009155626296997071
(23,0): -0.021947965621948243
(23,1): -0.00032224655151367185
(23,27): -0.06696394443511963
(24,1): -0.008944711685180663
(24,2): -0.011113052368164062
(24,3): -0.0015944480895996095
(24,26): -0.0299489164352417
(24,33): -0.03812106609344482
(25,2): -0.020672307014465333
(25,3): 0.004409761428833008
(25,30): -0.06720941066741944
(25,31): -0.06895350933074951
(26,5): -0.026653199195861815
(26,24): -0.08343593597412109
(26,33): -0.02267770767211914
(27,18): -0.028044552803039552
(27,23): -0.12657466888427735
(28,21): -0.015211763381958008
(28,37): -0.05480325698852539
(29,13): 0.0070802831649780275
(29,35): -0.01999570369720459
(30,7): 0.007579727172851563
(30,12): 0.008426194190979003
(30,14): 0.0010705041885375978
(30,25): -0.018280014991760254
(31,12): -0.028186683654785157
(31,25): -0.0886864995956421
(32,7): 0.013802652359008788
(32,13): 0.013495888710021973
(32,16): -0.0055334377288818355
(32,35): 0.028491530418395996
(33,10): 0.0028844499588012696
(33,11): 0.01393160343170166
(33,13): 0.028801989555358887
(33,24): -0.029520912170410155
(33,26): 0.014630985260009766
(34,6): 0.0001451730728149414
(34,12): -0.0141536283493042
(35,8): 0.005408635139465332
(35,20): -0.027602229118347168
(35,29): -0.024789018630981444
(35,32): -0.023232135772705078
(36,7): 0.01488215446472168
(36,8): 0.0029588985443115235
(36,13): 0.026238698959350586
(36,19): -0.01928964614868164
(37,8): -0.007405905723571777
(37,13): 0.01336759090423584
(37,18): 0.00425055980682373
(37,28): -0.020297327041625977
(38,18): -0.016308159828186036
(38,21): -0.002027297019958496
(39,10): 0.003271465301513672
(39,15): 0.022268977165222168
(39,21): 0.0035325908660888672
