Interaction name: 5q0e

Affinity: 9.15999984741211
Predicted value: 8.971238136291504

Shapley values for edges: 

(0,1): 0.007545404434204102
(0,2): 0.008837690353393554
(0,18): 0.0349775218963623
(0,30): 0.08854154586791992
(1,0): 0.0229514217376709
(1,2): 0.03457822322845459
(1,18): 0.06457930088043212
(1,30): 0.07029860496520995
(2,0): -0.029147558212280274
(2,1): 0.021921706199645997
(2,18): 0.030855426788330077
(2,23): -0.005604586601257324
(2,24): 0.029222273826599122
(2,30): 0.010607671737670899
(3,4): -0.015331811904907226
(3,8): -0.031320080757141114
(3,30): -0.0027282047271728516
(3,31): -0.00874624252319336
(4,3): -0.014857678413391114
(4,7): 0.0036403703689575195
(4,8): -0.023224849700927735
(4,9): -0.0768931770324707
(4,10): -0.020991506576538085
(4,12): -0.022193279266357422
(4,13): -0.025685133934020995
(4,14): -0.017546415328979492
(4,16): 0.022203550338745118
(4,20): 0.02437160015106201
(4,30): -0.028755712509155273
(4,31): -0.02825282096862793
(5,6): -0.026940898895263674
(5,11): -0.0142299222946167
(5,21): -0.015050029754638672
(6,5): -0.022975459098815917
(6,11): -0.04765815734863281
(6,15): -0.05527860641479492
(6,21): -0.07099063396453857
(7,4): -0.06965023994445801
(7,10): -0.027860164642333984
(7,13): -0.016144862174987794
(7,16): 0.032530050277709964
(7,19): -0.024966058731079103
(7,27): -0.038887743949890134
(7,28): 0.03807270526885986
(7,30): 0.05356244564056396
(8,3): -0.06105060577392578
(8,4): -0.07166031837463378
(8,9): -0.010366725921630859
(8,12): -0.019232916831970214
(8,20): 0.012283387184143067
(9,4): -0.06061144351959229
(9,8): -0.013311920166015625
(9,12): 0.01699519157409668
(9,13): 0.047814126014709475
(9,20): 0.010231561660766601
(10,4): -0.023089547157287598
(10,7): -0.027255153656005858
(10,13): 0.07669746398925781
(10,14): 0.05655476093292236
(10,16): 0.037351861000061035
(10,19): 0.04892650604248047
(10,27): 0.01590871810913086
(10,28): 0.09120638370513916
(10,32): -8.496284484863282e-05
(11,5): 0.03223462104797363
(11,6): 0.04740231990814209
(11,14): 0.06203920841217041
(11,15): -0.03108104705810547
(11,19): 0.07439555644989014
(11,21): 0.05721195220947266
(11,33): 0.0029903316497802736
(12,4): -0.04492744445800781
(12,8): -0.07108963966369629
(12,9): -0.04851951122283935
(12,16): -0.013876810073852539
(12,20): -0.00024241447448730469
(13,4): 0.02903130531311035
(13,7): 0.004617781639099121
(13,9): -0.012514595985412597
(13,10): 0.010970792770385741
(13,14): -0.008315939903259278
(13,15): 0.014640564918518067
(13,19): 0.008007946014404297
(13,36): 0.04341395854949951
(13,39): 0.008228387832641602
(14,4): 0.01939537525177002
(14,10): 0.07033683776855469
(14,11): 0.12319263935089111
(14,13): 0.01746093273162842
(14,15): 0.01936389923095703
(14,19): 0.03486489772796631
(14,34): 0.004645304679870605
(14,42): 0.06210974216461182
(15,6): -0.04940389633178711
(15,11): 0.030660843849182128
(15,13): -0.002433466911315918
(15,14): -0.008133883476257325
(15,19): -0.01923758029937744
(15,40): 0.004806885719299317
(16,4): -0.012866034507751464
(16,7): -0.0006078863143920898
(16,10): 0.07230604648590087
(16,12): 0.028002400398254395
(16,20): 0.04790123462677002
(16,22): 0.019107422828674316
(16,27): 0.0064679479598999026
(16,28): -0.035706009864807126
(16,40): 0.02052884578704834
(17,25): 0.0073622560501098635
(17,26): 0.023551740646362306
(17,29): 0.0019171428680419922
(17,35): -0.007512807846069336
(18,0): -0.09545587062835693
(18,1): -0.0954318380355835
(18,2): -0.01949002742767334
(18,23): 0.03022210121154785
(18,24): -0.023114004135131837
(18,25): 0.00963733196258545
(18,26): -0.012141842842102051
(18,29): 0.00460629940032959
(19,7): 0.012242231369018555
(19,10): 0.02267744541168213
(19,11): 0.08625402450561523
(19,13): 0.024848675727844237
(19,14): 0.05389175891876221
(19,15): 0.021021809577941895
(19,36): 0.027786593437194824
(19,39): 0.038196349143981935
(19,40): 0.031057310104370118
(20,4): -0.005659031867980957
(20,8): -0.07263616561889648
(20,9): -0.028927130699157713
(20,12): -0.012425918579101563
(20,16): 0.017327632904052735
(20,22): 0.03052443504333496
(20,27): 0.026981186866760255
(20,28): 0.0141896390914917
(21,5): -0.043294038772583004
(21,6): -0.02545910358428955
(21,11): 0.1182488489151001
(21,34): 0.025173077583312987
(21,37): 0.011651029586791992
(21,38): 0.03736583709716797
(22,16): 0.016361188888549805
(22,20): 0.06311703205108643
(22,27): -0.004045114517211914
(22,28): -0.035451536178588865
(22,39): 0.007456388473510742
(23,2): -0.03739260196685791
(23,18): 0.050651469230651856
(23,24): 0.014397573471069337
(23,25): 0.010404000282287598
(23,26): -0.0028291082382202147
(23,29): -0.020484962463378907
(24,2): -0.038531618118286134
(24,18): 0.0424845027923584
(24,23): -0.0021247243881225585
(24,25): -0.03292725086212158
(24,26): -0.002241034507751465
(24,29): -0.0006372356414794922
(24,41): -0.033801116943359376
(25,17): -0.00019989967346191408
(25,18): 0.04131699562072754
(25,23): -0.02061875820159912
(25,24): -0.017866177558898924
(25,26): 0.022524290084838867
(25,29): -0.0027143335342407226
(25,42): -0.02093923568725586
(26,17): -0.004770979881286621
(26,18): 0.022885808944702147
(26,23): -0.005311594009399414
(26,24): 0.013546042442321778
(26,25): -0.026528124809265138
(26,29): -0.0299373197555542
(27,7): -0.002402782440185547
(27,10): -0.01399954319000244
(27,16): 0.018121581077575683
(27,20): 0.09760013103485107
(27,22): 0.0185753870010376
(27,28): -0.03715815544128418
(27,36): -0.014504694938659668
(27,40): 0.0018115663528442383
(28,7): 0.0012311983108520509
(28,10): 0.054480037689208984
(28,16): -0.03868601799011231
(28,20): 0.025059380531311036
(28,22): -0.011197733879089355
(28,27): -0.0761726999282837
(29,17): 0.0028414487838745116
(29,18): 0.034335761070251464
(29,23): -0.0009633302688598633
(29,24): 0.014935970306396484
(29,25): 0.0021811008453369142
(29,26): 0.030125927925109864
(29,43): -0.058916478157043456
(30,0): 0.04273978233337403
(30,1): 0.010131335258483887
(30,2): 0.07253333568572998
(30,3): 0.0037663936614990234
(30,4): -0.02198315620422363
(30,7): 0.06446614265441894
(30,43): 0.023483891487121582
(31,3): -0.0010500335693359375
(31,4): -0.07444336414337158
(31,34): -0.04475406646728516
(32,10): 0.127372727394104
(33,11): 0.0836445665359497
(34,14): 0.045334606170654296
(34,21): 0.10673270225524903
(34,31): -0.0952614688873291
(35,17): 0.006760687828063965
(36,13): 0.05922961711883545
(36,19): 0.0713955020904541
(36,27): 0.04256672859191894
(37,21): 0.05150498390197754
(38,21): 0.03843908786773682
(38,40): -0.07577296257019044
(39,13): 0.054229536056518556
(39,19): 0.05208830833435059
(39,22): 0.05949392795562744
(40,15): 0.005622692108154297
(40,16): 0.06468120098114014
(40,19): 0.06130272388458252
(40,27): 0.04768222808837891
(40,38): -0.053462257385253904
(41,24): -0.007762689590454102
(42,14): 0.07531052112579345
(42,25): 0.0009344482421875
(42,43): -0.029834041595458983
(43,29): -0.023329319953918456
(43,30): -0.07073703765869141
(43,42): -0.0018546152114868163
