Interaction name: 6dnp

Affinity: 5.179999828338623
Predicted value: 6.399264812469482

Shapley values for edges: 

(0,1): 0.0015071868896484376
(0,4): -0.013400511741638184
(0,7): 0.004484367370605469
(0,9): 0.013588943481445313
(0,10): -0.013198227882385253
(0,11): 0.022777891159057616
(0,13): -0.013572745323181153
(0,14): -0.03304605007171631
(0,16): 0.003934059143066406
(0,18): 0.02492455005645752
(0,19): -0.013954262733459472
(0,20): 0.013514046669006347
(0,21): 0.015636954307556152
(1,0): 0.0159019660949707
(1,2): 0.01687117576599121
(1,3): 0.00691293716430664
(1,5): -0.026280293464660643
(1,6): -0.028458585739135744
(1,7): 0.006722121238708496
(1,9): 0.003198843002319336
(1,18): -0.03468688488006592
(1,19): -0.009491758346557617
(1,20): -0.0274721097946167
(2,1): 0.0015581178665161133
(2,3): 0.005113115310668945
(2,4): -0.00671513557434082
(2,6): -0.08200364112854004
(2,7): 0.03511168003082275
(2,9): -0.0007831668853759766
(2,19): -0.026182842254638673
(2,20): 0.007551679611206055
(3,1): -0.008174591064453125
(3,2): -0.033855628967285153
(3,4): -0.020707039833068847
(3,5): -0.003113236427307129
(3,7): -0.012760758399963379
(3,9): 0.005172629356384278
(3,18): -0.020205779075622557
(3,19): -0.020475902557373048
(3,20): -0.033068275451660155
(3,21): -0.04340775966644287
(4,0): -0.006192202568054199
(4,2): -0.01690842628479004
(4,3): -0.05228658676147461
(4,5): 0.002926325798034668
(4,6): -0.018927335739135742
(4,7): -0.0562238073348999
(4,9): -0.04279764652252197
(5,1): -0.009299769401550292
(5,3): -0.011603078842163085
(5,4): -0.023395276069641112
(5,6): 0.022176480293273924
(5,7): 0.003378448486328125
(5,9): -0.06004415988922119
(6,1): -0.005287795066833496
(6,2): -0.018228273391723632
(6,4): -0.04373342514038086
(6,5): 0.03320500373840332
(6,7): -0.016382675170898437
(6,9): -0.02725717067718506
(7,0): 0.019017143249511717
(7,1): 0.03714602470397949
(7,2): -0.008198966979980469
(7,3): -0.010015835762023926
(7,4): -0.04785381317138672
(7,5): 0.02758843421936035
(7,6): 0.048582324981689455
(7,9): 0.017279186248779298
(7,10): -0.020450639724731445
(7,13): -0.022562851905822755
(7,14): -0.006343984603881836
(7,16): -0.013186841011047364
(7,24): -0.0029909086227416994
(7,25): 0.024280586242675782
(7,29): 0.009197421073913574
(8,11): -0.0021022605895996095
(8,12): -0.001973581314086914
(8,13): -9.182453155517578e-05
(8,14): 0.002279496192932129
(8,15): -0.003368048667907715
(8,17): -0.00013759613037109375
(8,28): -0.0021436023712158203
(9,0): -0.013459649085998535
(9,1): 0.0013037633895874024
(9,2): 0.007824859619140624
(9,3): -0.023165678977966307
(9,4): -0.042447996139526364
(9,5): -0.037969741821289066
(9,6): 0.017847528457641603
(9,7): -0.0359183931350708
(9,14): -0.008957490921020508
(10,0): 0.028164949417114258
(10,7): 0.018441877365112304
(10,12): -0.0034385442733764647
(10,13): 0.0004118061065673828
(10,14): -0.002812666893005371
(10,16): -0.0006895780563354493
(10,17): -0.0018591022491455079
(10,23): 4.6715736389160156e-05
(10,25): 0.0029363203048706054
(10,26): -0.014745349884033204
(10,27): -0.0018774604797363282
(11,0): 0.01685757637023926
(11,8): 0.0007141399383544922
(11,12): 0.001549234390258789
(11,13): 0.004516496658325196
(11,14): -0.0004351186752319336
(11,15): -0.004497642517089844
(11,16): -0.006300368309020996
(11,28): -0.005290536880493164
(11,29): 0.004662041664123535
(12,8): -0.004292864799499512
(12,10): -0.0011665821075439453
(12,11): -0.01373201847076416
(12,13): 0.003447222709655762
(12,14): 0.006147351264953613
(12,15): -0.003523073196411133
(12,16): 0.0001548957824707031
(12,17): -0.0031064224243164064
(12,22): -0.008507781028747559
(12,25): -0.0041574048995971676
(12,31): -0.006175408363342285
(13,0): 0.023439774513244627
(13,7): -0.0025861215591430663
(13,8): -0.0008065938949584961
(13,10): -0.006240816116333008
(13,11): -0.006990633010864258
(13,12): -0.0005811643600463867
(13,14): 0.002531142234802246
(13,15): -0.00038929462432861327
(13,16): -0.0015415382385253907
(13,17): -0.0016205978393554687
(13,28): -0.002967572212219238
(13,30): -0.0013489103317260742
(13,32): -0.0025521516799926758
(14,0): 0.00313112735748291
(14,7): -0.015963706970214844
(14,8): -0.0034697771072387694
(14,9): 0.02525990962982178
(14,10): -0.0049739408493041995
(14,11): -0.006105003356933594
(14,12): -0.005946578979492187
(14,13): -0.0015679264068603515
(14,15): -0.001915416717529297
(14,16): -0.0019283294677734375
(14,17): -0.003936595916748047
(14,24): -0.0007190132141113282
(15,8): -0.0010939359664916993
(15,11): -0.0018720483779907226
(15,12): -0.0017138385772705077
(15,13): -0.001935262680053711
(15,14): -0.00026258468627929685
(15,16): -0.0024633550643920897
(15,17): -0.00519322395324707
(15,32): -0.011743659973144532
(16,0): 0.0024048519134521485
(16,7): 0.019366307258605955
(16,10): 0.0017908906936645508
(16,11): -0.009658875465393067
(16,12): 0.0011261272430419921
(16,13): 0.0004119396209716797
(16,14): 0.0015295982360839845
(16,15): -0.007069730758666992
(16,17): 0.0019096088409423827
(16,24): -0.00521583080291748
(16,30): 0.00036748886108398435
(17,8): 0.00039923667907714843
(17,10): -0.00185516357421875
(17,12): -0.01250767707824707
(17,13): 0.0018384170532226563
(17,14): 0.0024799346923828126
(17,15): -0.0017873001098632811
(17,16): 0.0009537506103515625
(17,23): -0.004671640396118164
(17,31): -0.011470365524291991
(18,0): -0.01672255516052246
(18,1): 0.002106490135192871
(18,3): -0.043653674125671386
(18,19): -0.0161513090133667
(19,0): -0.02297708988189697
(19,1): 0.005792350769042969
(19,2): 0.018202929496765136
(19,3): -0.01392085075378418
(19,18): -0.043513622283935544
(19,29): -0.012201137542724609
(20,0): -0.005252180099487305
(20,1): -0.0043217182159423825
(20,2): 0.0003976154327392578
(20,3): -0.031512207984924316
(20,21): -0.020395841598510742
(20,25): -0.010789551734924317
(21,0): -0.010127906799316405
(21,3): 0.00792140007019043
(21,20): -0.026168603897094727
(21,26): 0.017681517601013184
(22,12): 0.006748018264770508
(23,10): -0.005460777282714844
(23,17): -0.0011631631851196289
(23,31): 0.0002266979217529297
(24,7): 0.027346348762512206
(24,14): 0.011259512901306152
(24,16): 0.004702849388122559
(24,26): -0.010373058319091797
(24,27): -0.007802386283874512
(25,7): -0.008768720626831055
(25,10): -0.004394903182983399
(25,12): 0.0022403526306152342
(25,20): -0.028658523559570312
(26,10): 0.0036361026763916016
(26,21): -0.06545477867126465
(26,24): 0.011113786697387695
(27,10): 0.005685477256774902
(27,24): 0.0030752706527709963
(28,8): 0.0032760763168334962
(28,11): -0.003045215606689453
(28,13): 0.0044433164596557615
(29,7): 0.014368023872375488
(29,11): -0.006661310195922852
(29,19): -0.0297653865814209
(30,13): -0.0005410003662109375
(30,16): 0.0014709663391113282
(31,12): -0.0013198614120483398
(31,17): -0.00036205768585205076
(31,23): -0.01231860637664795
(31,32): 0.00042778491973876953
(32,13): -0.0005243873596191406
(32,15): 0.0032221651077270507
(32,31): -0.001375436782836914
