Interaction name: 5nvv

Affinity: 6.699999809265137
Predicted value: 7.035735607147217

Attributions for edges: 

(0,10): 0.0
(0,11): 0.0
(0,22): 0.0
(1,3): 8.460125001625108e-31
(1,6): 4.118034669064286e-20
(1,15): 4.118034669064286e-20
(1,19): 5.781757015388687e-37
(1,21): 3.415465049454866e-22
(1,23): 2.907675237247557e-27
(1,27): 4.118034669064286e-20
(1,28): 2.6806772902471632e-21
(2,15): 3.549466905147134e-20
(2,16): 3.0797155589222443e-20
(2,28): 2.310553346066072e-21
(2,30): 3.549466905147134e-20
(3,1): 7.198279776186896e-31
(3,6): 7.198279776186896e-31
(3,8): 0.0
(3,17): 0.0
(3,19): 0.0
(3,24): 1.5432751100294017e-37
(3,27): 7.198279776186896e-31
(4,5): 0.0
(4,8): 0.0
(4,9): 0.0
(4,20): 0.0
(4,28): 0.0
(5,4): 0.0
(5,8): 0.0
(5,20): 0.0
(6,1): 4.118034669064286e-20
(6,3): 8.460125001625108e-31
(6,13): 2.8164298764933396e-28
(6,15): 4.118034669064286e-20
(6,21): 3.415465049454866e-22
(6,23): 2.907675237247557e-27
(6,26): 1.0932915922688328e-27
(6,29): 4.0282606925604204e-20
(7,15): 4.118034669064286e-20
(7,16): 3.5730367058434934e-20
(8,3): 0.0
(8,4): 0.0
(8,5): 0.0
(8,9): 0.0
(8,17): 0.0
(8,18): 0.0
(8,19): 0.0
(8,20): 0.0
(8,24): 0.0
(9,4): 0.0
(9,8): 0.0
(9,20): 0.0
(10,0): 0.0
(10,11): 0.0
(10,12): 0.0
(10,22): 0.0
(10,25): 0.0
(10,31): 0.0
(10,32): 0.0
(10,33): 0.0
(10,34): 0.0
(11,0): 0.0
(11,10): 0.0
(11,12): 1.2403562694318641e-34
(11,14): 2.461983736920934e-36
(11,22): 0.0
(11,25): 0.0
(11,32): 1.4634223248355987e-33
(11,34): 1.2866692904006904e-36
(11,35): 3.005838926154661e-35
(12,10): 0.0
(12,11): 1.2075998106903808e-34
(12,13): 2.4677939453592304e-29
(12,14): 6.0703974727851324e-24
(12,21): 2.9926766881323475e-23
(12,22): 0.0
(12,23): 2.5477539825665705e-28
(12,26): 9.579568922997927e-29
(12,31): 0.0
(13,6): 2.519830165044143e-28
(13,12): 2.1357466205965806e-29
(13,14): 4.239212078641614e-31
(13,21): 2.08992720497102e-30
(13,22): 0.0
(13,23): 1.779203109437541e-35
(14,11): 2.317624256045285e-36
(14,12): 5.86950773238336e-24
(14,13): 4.736187110084521e-31
(14,21): 5.743541929999603e-25
(14,22): 0.0
(14,23): 4.8896468631493415e-30
(14,26): 1.8385098401098033e-30
(14,33): 0.0
(14,35): 1.422386420734049e-24
(14,41): 6.925029340434584e-23
(15,1): 4.118034669064286e-20
(15,2): 3.5487221194784093e-20
(15,6): 4.118034669064286e-20
(15,7): 4.118034669064286e-20
(15,16): 3.5730367058434934e-20
(15,36): 4.118034669064286e-20
(15,42): 3.1952327047143384e-21
(15,43): 4.118034669064286e-20
(16,2): 3.0796800160052987e-20
(16,7): 3.5737456254778455e-20
(16,15): 3.5737456254778455e-20
(16,37): 3.5737456254778455e-20
(17,3): 0.0
(17,8): 0.0
(17,18): 0.0
(17,19): 0.0
(17,24): 0.0
(17,40): 0.0
(18,8): 0.0
(18,17): 0.0
(18,19): 0.0
(18,24): 0.0
(18,38): 0.0
(18,44): 0.0
(19,1): 6.087401061779078e-37
(19,3): 0.0
(19,8): 0.0
(19,17): 0.0
(19,18): 0.0
(19,24): 0.0
(19,36): 6.087401061779078e-37
(19,39): 8.751285473314988e-38
(19,40): 0.0
(19,41): 6.087401061779078e-37
(20,4): 0.0
(20,5): 0.0
(20,8): 0.0
(20,9): 0.0
(20,40): 0.0
(20,42): 1.0584613771006206e-22
(21,1): 3.3301915837376264e-22
(21,6): 3.3301915837376264e-22
(21,12): 2.822599854688508e-23
(21,13): 2.2776124634752865e-30
(21,14): 5.602537480533939e-25
(21,22): 0.0
(21,23): 2.3514104502097404e-29
(21,26): 8.841315438184336e-30
(22,0): 0.0
(22,10): 0.0
(22,11): 0.0
(22,12): 0.0
(22,13): 0.0
(22,14): 0.0
(22,21): 0.0
(22,23): 0.0
(22,25): 0.0
(22,26): 0.0
(22,32): 0.0
(22,34): 0.0
(22,35): 0.0
(23,1): 2.6480845326474458e-27
(23,6): 2.6480845326474458e-27
(23,12): 2.24446022011317e-28
(23,13): 1.8110862413091545e-35
(23,14): 4.4549960719892925e-30
(23,21): 2.1962916890537622e-29
(23,22): 0.0
(23,26): 7.030337264708545e-35
(24,3): 1.7876370114585549e-37
(24,8): 0.0
(24,17): 0.0
(24,18): 0.0
(24,19): 0.0
(24,35): 1.7872567291190356e-28
(24,42): 6.751575161265379e-28
(25,10): 0.0
(25,11): 0.0
(25,22): 0.0
(26,6): 9.847044842198722e-28
(26,12): 8.346146210567117e-29
(26,14): 1.656614408500851e-30
(26,21): 8.167029309061136e-30
(26,22): 0.0
(26,23): 6.95288607710815e-35
(27,1): 4.118034669064286e-20
(27,3): 8.460125001625108e-31
(27,36): 4.118034669064286e-20
(28,1): 2.5711661300149933e-21
(28,2): 2.2157060624546785e-21
(28,4): 0.0
(28,42): 1.9950065101098685e-22
(28,43): 2.5711661300149933e-21
(29,6): 4.026892936492867e-20
(29,42): 3.124526937696311e-21
(30,2): 3.5487221194784093e-20
(30,37): 4.118034669064286e-20
(31,10): 0.0
(31,12): 0.0
(32,10): 0.0
(32,11): 1.3782131270673912e-33
(32,22): 0.0
(32,41): 4.118034669064286e-20
(33,10): 0.0
(33,14): 0.0
(34,10): 0.0
(34,11): 1.0649460270755798e-36
(34,22): 0.0
(35,11): 2.634752923138705e-35
(35,14): 1.3244450992234948e-24
(35,22): 0.0
(35,24): 1.6878469661445719e-28
(36,15): 4.118034669064286e-20
(36,19): 5.781757015388687e-37
(36,27): 4.118034669064286e-20
(37,16): 3.5730367058434934e-20
(37,30): 4.118034669064286e-20
(37,39): 5.920134875216287e-21
(37,44): 3.996135065520392e-20
(38,18): 0.0
(39,19): 8.198085349723922e-38
(39,37): 5.839033208888444e-21
(39,44): 5.6662110258984645e-21
(40,17): 0.0
(40,19): 0.0
(40,20): 0.0
(41,14): 6.927936135098142e-23
(41,19): 5.781757015388687e-37
(41,32): 4.118034669064286e-20
(42,15): 3.064537360137393e-21
(42,20): 1.0762007762662514e-22
(42,24): 6.570264745923362e-28
(42,28): 1.9948999823332274e-22
(42,29): 2.997753228938498e-21
(43,15): 4.118034669064286e-20
(43,28): 2.6806772902471632e-21
(44,18): 0.0
(44,37): 3.99630276346489e-20
(44,39): 5.745131649595553e-21
