Interaction name: 6hwz

Affinity: 5.170000076293945
Predicted value: 5.644946575164795

Attributions for edges: 

(0,1): 0.5183175206184387
(0,2): 0.3567145764827728
(0,3): 0.40023741126060486
(0,4): 0.4383934736251831
(0,5): 0.491349995136261
(0,6): 0.3935186266899109
(1,0): 0.3838757574558258
(1,2): 0.3681817054748535
(1,3): 0.23082685470581055
(1,4): 0.6777440905570984
(1,5): 0.36221155524253845
(1,6): 0.5979469418525696
(1,9): 0.41644787788391113
(2,0): 0.5979567766189575
(2,1): 0.49748802185058594
(2,3): 0.7027504444122314
(2,4): 0.23939087986946106
(2,5): 0.5132679343223572
(3,0): 0.4476970434188843
(3,1): 0.7628834247589111
(3,2): 0.42384955286979675
(3,4): 0.4972056448459625
(3,5): 0.3984411656856537
(3,6): 0.5021013617515564
(3,7): 0.6452188491821289
(3,8): 0.38795435428619385
(4,0): 0.37347039580345154
(4,1): 0.47036290168762207
(4,2): 0.3979932963848114
(4,3): 0.3951967656612396
(4,5): 0.49735698103904724
(4,6): 0.41971132159233093
(5,0): 0.46373939514160156
(5,1): 0.42380645871162415
(5,2): 0.7073437571525574
(5,3): 0.33286792039871216
(5,4): 0.3821735382080078
(5,6): 0.4582828879356384
(6,0): 0.4220297634601593
(6,1): 0.44433197379112244
(6,3): 0.44712644815444946
(6,4): 0.6372541785240173
(6,5): 0.3615700900554657
(7,3): 0.4593457579612732
(7,8): 0.3118506968021393
(8,3): 0.20824170112609863
(8,7): 0.6342211365699768
(9,1): 0.5896891951560974
