Interaction name: 5qcn

Affinity: 8.220000267028809
Predicted value: 8.349658012390137

Attributions for edges: 

(0,1): 0.0
(0,2): 0.0
(0,28): 0.5268703103065491
(0,35): 0.5312772393226624
(1,0): 0.0
(1,2): 0.0
(1,28): 0.494536429643631
(1,35): 0.5702694058418274
(2,0): 0.0
(2,1): 0.0
(2,26): 0.6192548274993896
(2,28): 0.0
(2,29): 0.5653610825538635
(2,35): 0.4468686580657959
(3,4): 0.546026349067688
(3,10): 0.5301635265350342
(3,39): 0.0
(4,3): 0.45295819640159607
(4,10): 0.0
(4,13): 0.4117082357406616
(4,14): 0.38461264967918396
(4,23): 0.5248868465423584
(4,32): 0.0
(4,39): 0.5637158155441284
(5,6): 0.0
(5,12): 0.0
(5,17): 0.0
(5,33): 0.5449020266532898
(5,36): 0.0
(5,37): 0.5590845346450806
(5,40): 0.44254833459854126
(5,41): 0.45475494861602783
(6,5): 0.0
(6,11): 0.0
(6,17): 0.5459019541740417
(6,33): 0.0
(6,36): 0.0
(6,37): 0.0
(6,40): 0.0
(6,41): 0.5410459637641907
(7,9): 0.4981202483177185
(7,14): 0.4988812208175659
(7,19): 0.0
(7,23): 0.5029077529907227
(7,30): 0.5384471416473389
(7,31): 0.40651780366897583
(7,39): 0.47397297620773315
(8,9): 0.0
(8,14): 0.4306778013706207
(8,21): 0.48996561765670776
(8,22): 0.0
(8,31): 0.0
(8,34): 0.0
(8,35): 0.0
(9,7): 0.5284472107887268
(9,8): 0.0
(9,14): 0.6061720252037048
(9,22): 0.0
(9,31): 0.0
(9,34): 0.49973997473716736
(10,3): 0.6114060282707214
(10,4): 0.0
(10,13): 0.5228739976882935
(10,15): 0.4682326018810272
(10,17): 0.48954248428344727
(10,20): 0.0
(10,32): 0.0
(10,33): 0.5033008456230164
(10,37): 0.49469193816185
(10,38): 0.6002510190010071
(11,6): 0.0
(11,12): 0.0
(11,17): 0.0
(11,33): 0.5484253764152527
(11,36): 0.0
(11,37): 0.4057583808898926
(12,5): 0.0
(12,11): 0.0
(12,17): 0.48291558027267456
(12,33): 0.0
(12,36): 0.0
(12,37): 0.0
(13,4): 0.49248358607292175
(13,10): 0.5249525904655457
(13,14): 0.0
(13,15): 0.0
(13,16): 0.5277635455131531
(13,19): 0.0
(13,23): 0.0
(13,30): 0.0
(13,38): 0.0
(13,47): 0.4451194107532501
(13,48): 0.519953191280365
(14,4): 0.5090427994728088
(14,7): 0.3840082585811615
(14,8): 0.51857990026474
(14,9): 0.4870874285697937
(14,13): 0.0
(14,15): 0.5215219855308533
(14,19): 0.0
(14,21): 0.5611842274665833
(14,22): 0.4883861243724823
(14,23): 0.0
(14,30): 0.5040481686592102
(14,35): 0.48635104298591614
(14,38): 0.4543214738368988
(14,42): 0.4895305335521698
(15,10): 0.49078860878944397
(15,13): 0.0
(15,14): 0.5016312003135681
(15,16): 0.0
(15,19): 0.0
(15,23): 0.0
(15,30): 0.0
(15,42): 0.47357943654060364
(15,47): 0.44153478741645813
(16,13): 0.0
(16,15): 0.0
(16,19): 0.0
(16,23): 0.0
(16,30): 0.0
(16,38): 0.0
(17,5): 0.0
(17,6): 0.48241570591926575
(17,10): 0.5366554260253906
(17,11): 0.0
(17,12): 0.4433065354824066
(17,20): 0.0
(17,32): 0.0
(17,33): 0.0
(17,36): 0.0
(17,37): 0.0
(17,42): 0.5182727575302124
(17,48): 0.467149943113327
(18,24): 0.0
(18,25): 0.0
(18,26): 0.42377734184265137
(18,27): 0.0
(18,43): 0.3712538182735443
(19,7): 0.0
(19,13): 0.0
(19,14): 0.0
(19,15): 0.0
(19,16): 0.0
(19,21): 0.5170624852180481
(19,23): 0.0
(19,30): 0.0
(19,38): 0.0
(20,10): 0.0
(20,17): 0.0
(20,32): 0.0
(20,33): 0.0
(20,36): 0.0
(20,37): 0.0
(20,42): 0.5555922985076904
(21,8): 0.6038709282875061
(21,14): 0.4584026336669922
(21,19): 0.508700966835022
(21,31): 0.0
(21,34): 0.0
(22,8): 0.0
(22,9): 0.0
(22,14): 0.5477178692817688
(22,31): 0.5226690769195557
(22,35): 0.0
(23,4): 0.5420381426811218
(23,7): 0.5543227791786194
(23,13): 0.0
(23,14): 0.0
(23,15): 0.0
(23,16): 0.5794974565505981
(23,19): 0.0
(23,30): 0.0
(23,38): 0.0
(24,18): 0.0
(24,25): 0.0
(24,26): 0.0
(24,27): 0.0
(24,28): 0.0
(24,29): 0.0
(25,18): 0.0
(25,24): 0.42967668175697327
(25,26): 0.0
(25,27): 0.0
(25,28): 0.0
(25,29): 0.0
(25,45): 0.5490639805793762
(26,2): 0.43945053219795227
(26,18): 0.425860732793808
(26,24): 0.4504069685935974
(26,25): 0.0
(26,27): 0.0
(26,28): 0.0
(26,29): 0.0
(27,18): 0.0
(27,24): 0.0
(27,25): 0.0
(27,26): 0.0
(27,28): 0.0
(27,29): 0.0
(27,45): 0.5377079248428345
(27,46): 0.37980228662490845
(28,0): 0.43784263730049133
(28,1): 0.47096192836761475
(28,2): 0.0
(28,24): 0.5544902682304382
(28,25): 0.0
(28,26): 0.0
(28,27): 0.0
(28,29): 0.0
(29,2): 0.0
(29,24): 0.3889594078063965
(29,25): 0.0
(29,26): 0.0
(29,27): 0.0
(29,28): 0.0
(30,7): 0.4504811763763428
(30,13): 0.0
(30,14): 0.40064719319343567
(30,15): 0.0
(30,16): 0.0
(30,19): 0.0
(30,23): 0.0
(30,38): 0.0
(30,42): 0.4046669900417328
(31,7): 0.4897571802139282
(31,8): 0.0
(31,9): 0.0
(31,21): 0.0
(31,22): 0.5163700580596924
(31,34): 0.0
(32,4): 0.0
(32,10): 0.0
(32,17): 0.0
(32,20): 0.0
(32,33): 0.0
(32,36): 0.0
(32,37): 0.0
(32,45): 0.5086084604263306
(32,47): 0.49390819668769836
(33,5): 0.49919983744621277
(33,6): 0.0
(33,10): 0.4946967363357544
(33,11): 0.4800654649734497
(33,12): 0.0
(33,17): 0.0
(33,20): 0.0
(33,32): 0.0
(33,36): 0.0
(33,48): 0.43181049823760986
(34,8): 0.0
(34,9): 0.5163422226905823
(34,21): 0.0
(34,31): 0.0
(34,47): 0.5299853682518005
(35,0): 0.5443975925445557
(35,1): 0.46290889382362366
(35,2): 0.5117412805557251
(35,8): 0.0
(35,14): 0.5120386481285095
(35,22): 0.0
(35,44): 0.4862462878227234
(35,45): 0.5605348944664001
(36,5): 0.0
(36,6): 0.0
(36,11): 0.0
(36,12): 0.0
(36,17): 0.0
(36,20): 0.0
(36,32): 0.0
(36,33): 0.0
(36,37): 0.0
(36,47): 0.4312715530395508
(37,5): 0.6009891629219055
(37,6): 0.0
(37,10): 0.5256958603858948
(37,11): 0.5182750821113586
(37,12): 0.0
(37,17): 0.0
(37,20): 0.0
(37,32): 0.0
(37,36): 0.0
(38,10): 0.3790036737918854
(38,13): 0.0
(38,14): 0.5019316077232361
(38,16): 0.6019390225410461
(38,19): 0.0
(38,23): 0.0
(38,30): 0.0
(39,3): 0.0
(39,4): 0.5094459056854248
(39,7): 0.5448485612869263
(39,47): 0.4863487780094147
(40,5): 0.49428874254226685
(40,6): 0.0
(41,5): 0.6116933822631836
(41,6): 0.4971272051334381
(42,14): 0.5392058491706848
(42,15): 0.5000350475311279
(42,17): 0.5190285444259644
(42,20): 0.5278927683830261
(42,30): 0.551746129989624
(43,18): 0.5841366648674011
(44,35): 0.499443918466568
(44,47): 0.0
(45,25): 0.557016134262085
(45,27): 0.4923264682292938
(45,32): 0.4461694359779358
(45,35): 0.5046353340148926
(45,46): 0.5396509766578674
(46,27): 0.4716443419456482
(46,45): 0.4514216482639313
(47,13): 0.46412020921707153
(47,15): 0.5538662672042847
(47,32): 0.4816198945045471
(47,34): 0.46857941150665283
(47,36): 0.5033486485481262
(47,39): 0.5451461672782898
(47,44): 0.0
(48,13): 0.5122024416923523
(48,17): 0.45895013213157654
(48,33): 0.455363005399704
