Interaction name: 5ml4

Affinity: 8.699999809265137
Predicted value: 8.37656021118164

Attributions for edges: 

(0,1): 1.0283118676513142e-25
(0,26): 1.344685643025849e-25
(0,27): 7.070662845413608e-25
(0,28): 8.458054213100695e-25
(0,36): 1.0645046981307773e-26
(1,0): 1.1070498002346535e-25
(1,8): 2.5732019035156215e-25
(1,26): 1.3463494985863798e-24
(1,27): 7.079411312852509e-24
(1,28): 8.468551190736018e-24
(1,36): 1.0658177663519814e-25
(2,3): 5.737238635544048e-24
(2,10): 9.755650332807379e-24
(2,11): 1.0033048536962917e-23
(2,14): 2.753354314959977e-25
(2,15): 5.891375942752218e-25
(2,30): 1.3863140203488267e-23
(2,37): 8.872185480742964e-25
(3,2): 5.860670518092622e-24
(3,12): 1.1034713348837254e-23
(3,14): 5.6867059808926265e-25
(3,15): 1.216794181868641e-24
(3,29): 4.0053581693456064e-25
(3,30): 2.8632567991105125e-23
(3,37): 1.832444799522662e-24
(3,38): 2.5984270424413183e-23
(4,5): 2.409996874395017e-26
(4,16): 1.5051798970918909e-23
(4,25): 2.3859793853727907e-23
(4,31): 2.9831709142244343e-23
(4,32): 3.520643621512494e-23
(4,35): 3.1741654989754765e-22
(4,37): 2.241811938943075e-24
(4,38): 3.1789018198504234e-23
(4,39): 8.301875609971129e-23
(5,4): 1.8850370590640506e-26
(5,16): 1.628851398605616e-26
(5,20): 1.1881558957591753e-28
(5,25): 2.5820207829532893e-26
(5,31): 3.2282798261904437e-26
(5,32): 3.8099137508833e-26
(5,35): 3.4349806734726717e-25
(5,37): 2.4260176841188033e-27
(5,39): 8.984024386687926e-26
(6,12): 9.976222152794416e-24
(6,13): 2.601709965984486e-23
(6,29): 3.6211496284335346e-25
(6,40): 1.5027931195370542e-23
(7,12): 1.7354742699635954e-23
(7,13): 4.5259625948719957e-23
(7,29): 6.29939058015063e-25
(8,1): 2.3111216032024393e-25
(8,9): 9.360533768424557e-25
(8,26): 3.0221692687324505e-25
(8,27): 1.5891190755854305e-24
(8,41): 1.2942531244055841e-24
(8,42): 3.063023635456748e-25
(8,43): 3.8648233386375817e-25
(8,44): 1.4266087987292444e-24
(8,61): 8.894652239323658e-25
(8,63): 9.336284184198063e-25
(9,8): 1.0647860102436622e-24
(9,10): 2.4530098431225063e-23
(9,11): 2.522760608817786e-23
(9,26): 5.5711684266378256e-24
(9,27): 2.92945800627666e-23
(9,28): 3.504256771700519e-23
(9,42): 5.646481371689728e-24
(9,43): 7.124572810815506e-24
(10,2): 1.0045380799494237e-23
(10,9): 2.4294490922384514e-23
(10,11): 3.5518452791245194e-23
(10,12): 1.8913931011970716e-23
(10,26): 7.843730755312095e-24
(10,27): 4.124427029860345e-23
(10,28): 4.9337134371837015e-23
(10,46): 4.5727666590118446e-23
(10,48): 4.947113344064148e-23
(11,2): 1.0379289843456187e-23
(11,9): 2.5101945279141585e-23
(11,10): 3.568441019304197e-23
(11,12): 1.9542555334679615e-23
(11,26): 8.104457173096691e-24
(11,27): 4.261523166578705e-23
(11,28): 5.0976914291970965e-23
(11,61): 2.3852694105580918e-23
(11,67): 3.156378263284553e-23
(12,3): 1.0975099919090607e-23
(12,6): 9.982693967660849e-24
(12,7): 1.7173178473690286e-23
(12,10): 1.8662153432294946e-23
(12,11): 1.9192809119184448e-23
(12,13): 2.665369463314011e-23
(12,29): 3.7097668112596027e-25
(12,42): 4.295747581407356e-24
(12,43): 5.4202751126871504e-24
(12,46): 2.4709573753493706e-23
(12,47): 1.1921814258029059e-23
(13,6): 2.6549271537394197e-23
(13,7): 4.567275556022782e-23
(13,12): 2.7181461511394694e-23
(13,29): 9.86627348083788e-25
(13,48): 7.109536333101089e-23
(13,49): 3.306228387574164e-23
(14,2): 2.4610115846892865e-25
(14,3): 4.975876238187683e-25
(14,15): 5.109559627044588e-26
(14,16): 5.16640093794053e-25
(14,30): 1.2023427431230578e-24
(14,31): 1.0239478644717282e-24
(14,32): 1.2084262412088959e-24
(14,35): 1.089505104759421e-23
(14,43): 2.4574373052315366e-25
(14,47): 5.405096442794567e-25
(14,49): 5.636213459539758e-25
(15,2): 5.657020651991094e-25
(15,3): 1.1437831329381732e-24
(15,14): 5.489101254515421e-26
(15,16): 1.1875783238133281e-24
(15,30): 2.7637733925809096e-24
(15,31): 2.3537047586005287e-24
(15,32): 2.7777569382020836e-24
(15,35): 2.5043984512991377e-23
(15,50): 2.7389564555854465e-28
(15,65): 1.344788318203044e-25
(16,4): 1.5383546536000553e-23
(16,5): 2.1283812349508933e-26
(16,14): 6.144129441975359e-25
(16,15): 1.3146697321012223e-24
(16,19): 9.373407465638176e-23
(16,30): 3.0935814642409776e-23
(16,31): 2.6345780133727005e-23
(16,32): 3.109245401919408e-23
(16,35): 2.803254460937592e-22
(16,64): 1.7800081501903993e-23
(16,65): 1.5052595128787503e-24
(16,68): 3.160202978962617e-27
(17,18): 3.959060958198123e-23
(17,19): 1.1935382192282317e-22
(17,33): 1.1567014599575046e-23
(17,53): 3.114159689814573e-23
(17,64): 2.266526596116242e-23
(17,68): 4.023960988604915e-27
(18,17): 4.003803886564811e-23
(18,19): 2.1370173764855e-22
(18,33): 2.0710695829965458e-23
(18,66): 7.088683899476838e-23
(18,67): 4.390161452215647e-23
(19,16): 9.744607542311733e-23
(19,17): 1.2873755589325505e-22
(19,18): 2.279273105286112e-22
(19,31): 1.931319307985352e-22
(19,32): 2.279273105286112e-22
(19,33): 6.65927787868373e-23
(19,35): 2.054970288761742e-21
(19,50): 2.247435444839508e-26
(19,64): 1.3048632799149796e-22
(19,68): 2.3166371892292524e-26
(20,5): 1.3685610036567088e-28
(20,21): 2.196421967140403e-25
(20,22): 1.9992622076175482e-25
(20,24): 1.9863617433673394e-25
(20,25): 1.354922099347223e-25
(20,33): 5.841157550563914e-26
(20,34): 1.9992622076175482e-25
(20,50): 1.9713132798205058e-29
(20,68): 2.0320282213173134e-29
(21,20): 2.4302346695101545e-25
(21,22): 7.792705023151865e-23
(21,23): 7.792705023151865e-23
(21,24): 7.742451428045666e-23
(21,25): 5.2811820534733143e-23
(21,34): 7.792705023151865e-23
(21,55): 8.554107257983944e-23
(21,56): 8.561420945208429e-23
(22,20): 2.2106784093309767e-25
(22,21): 7.787742772513663e-23
(22,23): 7.088683899476838e-23
(22,24): 7.042943219837227e-23
(22,25): 4.8040609919670073e-23
(22,34): 7.088683899476838e-23
(22,51): 7.088683899476838e-23
(22,70): 7.088683899476838e-23
(23,21): 7.787742772513663e-23
(23,22): 7.088683899476838e-23
(23,24): 7.042943219837227e-23
(23,25): 4.8040609919670073e-23
(23,34): 7.088683899476838e-23
(23,57): 7.088683899476838e-23
(23,58): 7.088683899476838e-23
(23,59): 7.088683899476838e-23
(23,70): 7.088683899476838e-23
(24,20): 2.1961453727855097e-25
(24,21): 7.736546330853543e-23
(24,22): 7.042056540179759e-23
(24,23): 7.042056540179759e-23
(24,25): 4.7724977205160284e-23
(24,34): 7.042056540179759e-23
(24,58): 7.042056540179759e-23
(24,69): 7.042056540179759e-23
(24,70): 7.042056540179759e-23
(24,71): 6.916079240148309e-23
(25,4): 2.4049494391050025e-23
(25,5): 3.32734041806599e-26
(25,20): 1.5158728968014004e-25
(25,21): 5.340072728858597e-23
(25,22): 4.860726764055205e-23
(25,23): 4.860726764055205e-23
(25,24): 4.829380902669705e-23
(25,33): 1.4201427425474194e-23
(25,34): 4.860726764055205e-23
(25,58): 4.860726764055205e-23
(25,67): 3.010344016965677e-23
(25,72): 4.860726764055205e-23
(26,0): 1.4143023713925703e-25
(26,1): 1.3153370098194261e-24
(26,8): 3.287373458230308e-25
(26,9): 5.327414745659512e-24
(26,10): 7.573342369160351e-24
(26,11): 7.788658797796805e-24
(26,27): 9.044244524426398e-24
(26,28): 1.0818888104916932e-23
(26,60): 1.0816411870535443e-23
(27,0): 7.90485268432475e-25
(27,1): 7.351712686699413e-24
(27,8): 1.837386618663419e-24
(27,9): 2.977611338108799e-23
(27,10): 4.232894457695148e-23
(27,11): 4.3532563302588733e-23
(27,26): 9.613565439724402e-24
(27,28): 6.046917974574315e-23
(27,47): 2.704060566360205e-23
(28,0): 9.270945793647001e-25
(28,1): 8.622213406464019e-24
(28,9): 3.492193195193517e-23
(28,10): 4.964410539360748e-23
(28,11): 5.1055727807289786e-23
(28,26): 1.1274953837774166e-23
(28,27): 5.92862607302589e-23
(28,45): 7.097883910897888e-23
(28,46): 6.573114072994421e-23
(29,3): 3.7215738403394653e-25
(29,6): 3.3850561319715627e-25
(29,7): 5.823294781441316e-25
(29,12): 3.4656478876821715e-25
(29,13): 9.03810067848131e-25
(29,68): 9.186191713325758e-29
(30,2): 1.4363074491284842e-23
(30,3): 2.904045009987146e-23
(30,14): 1.3936783918864722e-24
(30,15): 2.982065601767084e-24
(30,16): 3.015240003287841e-23
(30,31): 5.976013894235602e-23
(30,32): 7.052675870141482e-23
(30,35): 6.358647026671837e-22
(30,63): 3.464659740790769e-23
(31,4): 3.0142851660481615e-23
(31,5): 4.170380351887339e-26
(31,14): 1.2038895021429699e-24
(31,15): 2.575982687510332e-24
(31,16): 2.6046394798421148e-23
(31,19): 1.836645649503754e-22
(31,30): 6.061607195718255e-23
(31,32): 6.09229956472987e-23
(31,62): 6.09229956472987e-23
(32,4): 3.507265802737394e-23
(32,5): 4.852438118707577e-26
(32,14): 1.4007885924404555e-24
(32,15): 2.9972908144530757e-24
(32,16): 3.0306227909396507e-23
(32,19): 2.1370173764855e-22
(32,30): 7.052971219664397e-23
(32,31): 6.006502421589308e-23
(32,35): 6.391087006578442e-22
(32,64): 4.0582072055768347e-23
(32,66): 7.088683899476838e-23
(33,17): 1.1379651457115099e-23
(33,18): 2.0147526452006367e-23
(33,19): 6.073851579144733e-23
(33,20): 6.283211782541645e-26
(33,25): 1.3654148861589875e-23
(33,51): 2.0147526452006367e-23
(33,52): 2.0147526452006367e-23
(33,53): 1.584779275644493e-23
(33,54): 2.0147526452006367e-23
(33,59): 2.0147526452006367e-23
(33,70): 2.0147526452006367e-23
(33,72): 2.0147526452006367e-23
(34,20): 2.2106784093309767e-25
(34,21): 7.787742772513663e-23
(34,22): 7.088683899476838e-23
(34,23): 7.088683899476838e-23
(34,24): 7.042943219837227e-23
(34,25): 4.8040609919670073e-23
(34,54): 7.088683899476838e-23
(34,67): 4.390161452215647e-23
(34,68): 7.204860781121895e-27
(34,69): 7.088683899476838e-23
(35,4): 3.6716050299365076e-22
(35,5): 5.079788447889855e-25
(35,14): 1.4664195320582185e-23
(35,15): 3.1377226495091624e-23
(35,16): 3.172616302375367e-22
(35,19): 2.2371511641215776e-21
(35,30): 7.383451306152405e-22
(35,32): 7.420808729397796e-22
(36,0): 1.0241499176340538e-26
(36,1): 9.524852632165479e-26
(37,2): 9.988059799538162e-25
(37,3): 2.019468337362912e-24
(37,4): 2.426567501680815e-24
(37,5): 3.3572367826671086e-27
(37,63): 2.4093283271037938e-24
(38,3): 2.6565686155110035e-23
(38,4): 3.192098831706047e-23
(38,39): 1.5213438779209228e-22
(38,65): 3.1234140931950374e-24
(38,72): 6.451661679115319e-23
(39,4): 9.154281469918228e-23
(39,5): 1.26653504203835e-25
(39,38): 1.6706207212134915e-22
(40,6): 1.5168867506975517e-23
(41,8): 1.5307495808787042e-24
(41,60): 5.0366102448501957e-23
(42,8): 3.4053513043916034e-25
(42,9): 5.518584536417603e-24
(42,12): 4.296403124819595e-24
(43,8): 4.713563716945526e-25
(43,9): 7.638624553371916e-24
(43,12): 5.946925358330392e-24
(43,14): 3.0647300402023543e-25
(44,8): 1.6692430860830497e-24
(44,47): 2.456596162569822e-23
(45,28): 7.097910416624303e-23
(45,46): 6.57860770033838e-23
(46,10): 4.620919044210897e-23
(46,12): 2.5306544243519707e-23
(46,28): 6.601232231100119e-23
(46,45): 6.60677445227584e-23
(47,12): 1.328716919075925e-23
(47,14): 6.847502970011767e-25
(47,27): 2.897438773222463e-23
(47,44): 2.6011145337732252e-23
(48,10): 4.899185941995264e-23
(48,13): 6.997177296648649e-23
(49,13): 3.596702750094645e-23
(49,14): 7.107386785741974e-25
(49,65): 1.741249323435492e-24
(50,15): 2.4132602760189336e-28
(50,19): 1.7206199574885256e-26
(50,20): 1.7799280541055007e-29
(50,64): 3.2674664916572974e-27
(51,22): 7.088683899476838e-23
(51,33): 2.0710695829965458e-23
(51,54): 7.088683899476838e-23
(51,57): 7.088683899476838e-23
(51,71): 6.96187293124075e-23
(52,33): 2.0710695829965458e-23
(52,53): 5.575870195405124e-23
(53,17): 3.1343248678181945e-23
(53,33): 1.6213095308991054e-23
(53,52): 5.549260339350209e-23
(54,33): 2.0710695829965458e-23
(54,34): 7.088683899476838e-23
(54,51): 7.088683899476838e-23
(54,55): 7.781327755632406e-23
(55,21): 8.553977884795488e-23
(55,54): 7.786167575058117e-23
(56,21): 8.561386866417323e-23
(56,70): 7.792883621260807e-23
(57,23): 7.088683899476838e-23
(57,51): 7.088683899476838e-23
(58,23): 7.088683899476838e-23
(58,24): 7.042943219837227e-23
(58,25): 4.8040609919670073e-23
(59,23): 7.088683899476838e-23
(59,33): 2.0710695829965458e-23
(59,70): 7.088683899476838e-23
(60,26): 1.1272373473753188e-23
(60,41): 4.82742799861274e-23
(61,8): 1.0750465268226456e-24
(61,11): 2.54707061978962e-23
(62,31): 6.006502421589308e-23
(62,63): 3.482335589321875e-23
(63,8): 1.1443244887343812e-24
(63,30): 3.7462051444972344e-23
(63,37): 2.3975104018826778e-24
(63,62): 3.765173778279817e-23
(63,68): 3.82686671070017e-27
(64,16): 1.715831160107049e-23
(64,17): 2.2668033285217936e-23
(64,19): 1.209898815749281e-22
(64,32): 4.013330486400622e-23
(64,50): 3.957286064302207e-27
(65,15): 1.365887512448828e-25
(65,16): 1.381082452597582e-24
(65,38): 2.9168114221176544e-24
(65,49): 1.5066784764320166e-24
(66,18): 7.088683899476838e-23
(66,32): 7.088683899476838e-23
(67,11): 3.131218018029072e-23
(67,18): 4.348426292708386e-23
(67,25): 2.946987757768119e-23
(67,34): 4.348426292708386e-23
(68,16): 2.5068212304935364e-27
(68,17): 3.311813724928736e-27
(68,19): 1.7676631845333148e-26
(68,20): 1.828599613992258e-29
(68,29): 8.161023416900186e-29
(68,34): 5.863523375008083e-27
(68,63): 2.880472632341054e-27
(69,24): 7.042943219837227e-23
(69,34): 7.088683899476838e-23
(70,22): 7.088683899476838e-23
(70,23): 7.088683899476838e-23
(70,24): 7.042943219837227e-23
(70,33): 2.0710695829965458e-23
(70,56): 7.787950400703917e-23
(70,59): 7.088683899476838e-23
(71,24): 6.914602492533735e-23
(71,51): 6.959482998242293e-23
(72,25): 4.8040609919670073e-23
(72,33): 2.0710695829965458e-23
(72,38): 6.400599028264725e-23
