Interaction name: 5ega

Affinity: 5.059999942779541
Predicted value: 6.296888828277588

Shapley values for edges: 

(0,1): -0.0011263513565063477
(0,9): -0.0013666868209838868
(0,14): -0.0025919151306152345
(0,15): -0.005235843658447266
(0,16): -0.0024150276184082033
(0,24): -0.0070003032684326175
(0,25): 0.0007309532165527344
(0,26): -0.0021594095230102538
(1,0): 0.0030629825592041015
(1,2): -0.0028326034545898436
(1,8): 0.0075091552734375
(1,10): 0.0029862213134765627
(1,14): 0.0034177541732788087
(1,15): -0.0046469163894653324
(1,16): 0.001997971534729004
(1,20): -0.0014644479751586914
(1,24): -1.430511474609375e-07
(1,26): 0.013016595840454101
(1,28): -0.0024997663497924806
(2,1): 0.009494419097900391
(2,9): 0.007404789924621582
(2,15): 0.006019606590270996
(2,16): 0.00880788803100586
(2,20): 0.006559357643127441
(2,24): -0.0017099618911743165
(2,25): 0.007164473533630371
(2,26): 0.009070467948913575
(2,28): -0.0009797382354736327
(2,29): -0.029067225456237793
(3,4): -0.00019071102142333984
(3,11): -0.004850969314575195
(3,14): -0.003051548004150391
(3,20): -0.00480067253112793
(3,25): -0.001999979019165039
(4,3): 0.0030391931533813475
(4,11): -0.0011905527114868164
(4,18): -0.006173748970031739
(4,21): -0.008241186141967774
(4,23): -0.008579049110412598
(4,25): -0.002817835807800293
(5,6): -0.0014020776748657226
(5,7): -0.0024759817123413087
(5,13): 0.002125382423400879
(5,17): -0.0004244327545166016
(5,19): -0.01183487892150879
(5,21): -0.0020354366302490234
(5,22): -5.392551422119141e-05
(5,23): -0.0008694362640380859
(5,27): 0.0012368011474609376
(5,30): -0.011978721618652344
(6,5): -0.0019567584991455078
(6,12): -0.005495424270629883
(6,17): -0.0014549636840820313
(6,18): -0.003967914581298828
(6,19): -0.01180990219116211
(6,21): -0.0042904138565063475
(6,22): -0.0038895225524902344
(6,27): -0.004539637565612793
(6,28): -0.008412413597106934
(7,5): 0.003643798828125
(7,12): -0.00199127197265625
(7,17): 0.003815774917602539
(7,18): -0.00023802280426025391
(7,19): -0.006917562484741211
(7,22): 0.0009529781341552734
(7,23): -0.0010683345794677735
(7,27): 0.009980273246765137
(7,28): -0.006265988349914551
(7,30): -0.0074650001525878905
(8,1): -0.007531161308288574
(8,9): -0.004941673278808594
(8,14): -0.01113607406616211
(8,15): -0.013517165184020996
(8,16): -0.008746013641357422
(8,24): -0.018586511611938476
(8,25): -0.007385687828063965
(8,26): -0.009256939888000488
(9,0): -0.0055962705612182615
(9,2): -0.0078255033493042
(9,8): -0.006448111534118652
(9,10): -0.008934612274169923
(9,14): -0.006381034851074219
(9,15): -0.012369027137756347
(9,16): -0.012211384773254395
(9,20): -0.013783221244812011
(9,24): -0.014465804100036622
(9,26): -0.008175678253173828
(10,1): -0.0059158849716186524
(10,9): -0.0077993679046630855
(10,15): -0.011522974967956543
(10,16): -0.013545455932617188
(10,20): -0.014730801582336426
(10,24): -0.012804498672485351
(10,25): -0.007541375160217285
(10,26): -0.00660768985748291
(11,3): -0.015732483863830568
(11,4): -0.025105519294738768
(11,14): -0.01314033031463623
(11,18): -0.021109089851379395
(11,20): -0.012453441619873046
(11,25): -0.006473360061645508
(12,6): -0.009213080406188965
(12,7): -0.009781770706176758
(12,13): -0.007274818420410156
(12,17): -0.012386903762817383
(12,19): -0.01688408851623535
(12,21): -0.013901481628417969
(12,22): -0.011985154151916503
(12,23): -0.010209469795227051
(12,27): -0.005614476203918457
(13,5): -0.005696473121643067
(13,12): -0.007284669876098633
(13,17): -0.010490622520446777
(13,18): -0.006621718406677246
(13,19): -0.02561530113220215
(13,22): -0.014966907501220704
(13,23): -0.010699896812438965
(13,27): -0.0037435150146484376
(14,0): -0.003845200538635254
(14,1): -0.004131569862365723
(14,3): -0.007948904037475587
(14,8): -0.012525701522827148
(14,9): -0.002646169662475586
(14,11): -0.0020711612701416015
(14,15): -0.004110393524169922
(14,16): 0.0023296499252319336
(14,20): -0.0010639572143554688
(14,24): 0.0007124519348144531
(14,25): -0.0008709907531738281
(14,26): -0.013875494003295899
(15,0): -0.007582321166992188
(15,1): -0.016758260726928712
(15,2): -0.00750190258026123
(15,8): 0.0041396570205688476
(15,9): -0.0056735754013061525
(15,10): -0.009673552513122559
(15,14): 0.004597439765930176
(15,16): -0.002998952865600586
(15,20): 0.007977824211120605
(15,24): 0.003265414237976074
(15,25): 0.002872304916381836
(15,26): -0.017986669540405273
(16,0): -0.0009713888168334961
(16,1): -0.01821702003479004
(16,2): -0.021312527656555176
(16,8): 0.0002825355529785156
(16,9): -0.0025766563415527345
(16,10): -0.005076146125793457
(16,14): 0.005987095832824707
(16,15): -0.0023646974563598633
(16,20): 0.0015386438369750976
(16,24): 0.00036223888397216795
(16,25): 0.0014543485641479491
(16,26): -0.018646888732910157
(17,5): -0.022550568580627442
(17,6): -0.0057969045639038085
(17,7): -0.0064584589004516605
(17,12): -0.019281835556030275
(17,13): -0.011519560813903809
(17,18): 0.0012100553512573243
(17,19): 0.004007291793823242
(17,21): 0.003841419219970703
(17,22): -0.0018410015106201172
(17,23): 0.006047744750976563
(17,27): -0.007109494209289551
(18,4): 0.0022080278396606444
(18,6): -0.0037853527069091797
(18,7): -0.008540430068969727
(18,11): -0.011324539184570312
(18,13): -0.008044791221618653
(18,17): -0.001286025047302246
(18,19): 0.00355593204498291
(18,21): 0.004459347724914551
(18,22): -0.0009246444702148437
(18,23): -6.906986236572265e-05
(18,27): -0.014026212692260741
(19,5): -0.007197022438049316
(19,6): -0.003832225799560547
(19,7): -0.01965087890625
(19,12): -0.0025574016571044923
(19,13): -0.005082945823669433
(19,17): 0.000762028694152832
(19,18): 0.0019779062271118165
(19,21): 0.0031562757492065428
(19,22): 7.097244262695313e-05
(19,23): 0.001699957847595215
(19,31): 0.026073751449584962
(20,1): -0.012461347579956055
(20,2): -0.007977848052978515
(20,3): -0.0070407485961914065
(20,9): -0.006559457778930664
(20,10): 0.002309231758117676
(20,11): -0.03155390739440918
(20,14): 0.0016064977645874024
(20,15): -0.0010401248931884766
(20,16): -0.005581278800964356
(20,24): -0.00012080192565917969
(20,25): 0.002290654182434082
(20,26): -0.009690818786621093
(21,4): 0.00020571231842041017
(21,5): -0.0056497430801391605
(21,6): -0.0031313514709472657
(21,12): -0.010102815628051758
(21,17): -0.0002527904510498047
(21,18): 0.005748982429504394
(21,19): 0.0039846706390380855
(21,22): -0.0003381204605102539
(21,23): 0.0008544349670410157
(21,27): -0.01127720832824707
(22,5): -0.012113461494445801
(22,6): -0.008319592475891114
(22,7): -0.01160261631011963
(22,12): -0.005354585647583007
(22,13): -0.0053682088851928714
(22,17): -0.003312106132507324
(22,18): -7.848739624023438e-06
(22,19): 0.00306178092956543
(22,21): 0.004240522384643555
(22,23): 0.0002475404739379883
(22,27): -0.00896399974822998
(23,4): 0.00523679256439209
(23,5): -0.005124459266662598
(23,7): -0.0011724328994750976
(23,12): -0.005704917907714844
(23,13): -0.005301012992858887
(23,17): -0.002998366355895996
(23,18): 0.0013732290267944335
(23,19): 0.0070484399795532225
(23,21): 0.0018421792984008789
(23,22): 0.00036105632781982424
(23,27): -0.014897580146789552
(24,0): -0.00647007942199707
(24,1): -0.024980502128601076
(24,2): -0.012692060470581055
(24,8): -0.009755277633666992
(24,9): -0.008570055961608886
(24,10): -0.00754417896270752
(24,14): 0.002349886894226074
(24,15): -0.005370121002197265
(24,16): -0.0030137777328491213
(24,20): 0.0032262039184570313
(24,25): 0.00316312313079834
(25,0): -0.007989587783813477
(25,2): -0.009160976409912109
(25,3): -0.01499161720275879
(25,4): -0.004969596862792969
(25,8): 0.0006298923492431641
(25,10): -0.00799013614654541
(25,11): -0.008260965347290039
(25,14): 0.002530350685119629
(25,15): -0.0017149734497070312
(25,16): -0.0032116508483886717
(25,20): -0.0003921175003051758
(25,24): 0.002260756492614746
(25,26): -0.015148086547851563
(26,0): 0.012920465469360352
(26,1): 0.04074336528778076
(26,2): 0.01025965690612793
(26,8): 0.0094903564453125
(26,9): 0.03550443649291992
(26,10): 0.0037881755828857422
(26,14): 0.0004564380645751953
(26,15): 0.015151000022888184
(26,16): 0.017101960182189943
(26,20): 0.0009075784683227539
(26,25): 0.0030890655517578124
(27,5): 0.009888601303100587
(27,6): -0.0023142623901367186
(27,7): 0.022258262634277343
(27,12): 0.0045691108703613285
(27,13): 0.019992642402648926
(27,17): 0.007442474365234375
(27,18): -0.009308662414550781
(27,21): -0.010873103141784668
(27,22): -0.006019549369812012
(27,23): 0.0013490724563598633
(28,1): 0.014843716621398925
(28,2): 0.03826287746429444
(28,6): 0.01664154529571533
(28,7): 0.013678464889526367
(28,29): -0.022048540115356445
(29,2): 0.022119426727294923
(29,28): 0.008038053512573242
(30,5): 0.003873567581176758
(30,7): 0.008116416931152344
(30,31): -0.006283855438232422
(31,19): 0.012333168983459472
(31,30): -0.10425263404846191
