Interaction name: 5ung

Affinity: 9.470000267028809
Predicted value: 8.345663070678711

Shapley values for edges: 

(0,4): -0.025440988540649415
(0,5): -0.0727237319946289
(0,7): -0.04310967445373535
(0,27): -0.1010938310623169
(0,40): -0.01941263198852539
(0,41): -0.060383143424987795
(1,14): -0.004541988372802734
(1,15): -6.844043731689453e-05
(1,16): 0.007861275672912598
(1,35): -0.080789794921875
(1,36): 0.0625411319732666
(1,40): 0.08058093547821045
(2,9): -0.05311095714569092
(2,10): 6.22701644897461e-05
(2,19): 0.0009626197814941406
(2,20): 0.004905562400817871
(2,22): -0.01368569850921631
(2,28): 0.00475377082824707
(2,30): -0.07242740154266357
(2,39): 0.06127795696258545
(3,8): -0.025966129302978515
(3,9): 0.02639197826385498
(3,10): -0.0059612846374511716
(3,12): -0.011269984245300292
(3,13): 0.036551470756530764
(3,19): -0.0663832664489746
(3,20): 0.0058758783340454104
(3,21): 0.0034661149978637697
(3,39): 0.010103015899658204
(4,0): 0.03665189266204834
(4,5): 0.1703100633621216
(4,7): 0.17627109050750733
(4,23): -1.3165473937988281e-05
(4,24): -0.0502810525894165
(4,25): 0.000990605354309082
(4,27): 0.015963659286499024
(4,31): -0.03420266628265381
(4,34): 0.02523712635040283
(4,38): -0.032465672492980956
(4,40): -0.022424392700195313
(4,41): 0.07992959022521973
(5,0): 0.028411250114440918
(5,4): 0.018702826499938964
(5,7): -0.263816237449646
(5,25): 0.00566884994506836
(5,27): -0.00023942947387695313
(5,34): 0.0016736221313476563
(5,40): 0.018201985359191895
(5,41): 0.0029247140884399413
(6,9): 0.008600621223449708
(6,10): 0.0037163734436035157
(6,19): 0.002270498275756836
(6,20): 0.0005838489532470703
(6,22): 0.013182687759399413
(6,28): -0.008817033767700195
(6,30): 0.018889713287353515
(6,39): 0.02415501117706299
(7,0): 0.05903631687164307
(7,4): 0.01714920997619629
(7,5): -0.0009191370010375976
(7,27): 0.05687102317810058
(8,3): -0.041975607872009275
(8,10): -0.03499527454376221
(8,21): -0.008777613639831544
(8,42): 0.00967132568359375
(8,43): -0.008967046737670898
(8,60): 0.004090900421142578
(9,2): -0.013045339584350587
(9,3): 0.023898186683654784
(9,6): -0.017622976303100585
(9,10): 4.1103363037109376e-05
(9,12): 0.019537997245788575
(9,19): -0.0015319347381591796
(9,20): -0.006534328460693359
(9,21): -0.024880237579345703
(9,22): -0.0139306640625
(9,28): -0.0056674909591674805
(9,39): -0.05041831970214844
(9,44): 0.11851959705352783
(9,45): -0.04986876010894775
(10,2): 0.03445698261260986
(10,3): -0.06741724014282227
(10,6): 0.002265000343322754
(10,8): -0.05764733791351318
(10,9): -0.06928780555725098
(10,20): 0.016265106201171876
(10,21): 0.0020978116989135744
(10,22): -0.004016046524047852
(10,23): -0.0549542236328125
(10,24): -0.03296071529388428
(10,28): 0.0002920246124267578
(10,30): -0.003184671401977539
(10,38): -0.07584144592285157
(10,39): -0.096868896484375
(10,45): 0.01513221263885498
(10,46): 0.14829161643981933
(10,47): 0.02332017421722412
(11,25): 0.012006053924560547
(11,26): -0.031503210067749025
(11,27): 0.002231407165527344
(11,29): -0.0015849971771240234
(11,34): -0.013554525375366212
(11,37): 0.03148681163787842
(11,56): -0.041397380828857425
(11,64): -0.06167824268341064
(12,3): -0.01158989429473877
(12,9): 0.05252725601196289
(12,13): -0.020858445167541505
(12,19): 5.029201507568359e-05
(12,20): -0.0015143156051635742
(12,39): -0.02772430419921875
(12,42): -0.014479403495788573
(12,49): 0.011004066467285157
(13,3): -0.07736083507537841
(13,12): -0.009777417182922363
(13,15): 0.0035111236572265623
(13,16): -0.013620386123657227
(13,18): -0.09048338413238526
(13,19): -0.0038341426849365233
(13,20): 0.028325881958007813
(13,35): -0.0037729740142822266
(13,36): -0.04973249912261963
(13,39): -0.13560549259185792
(13,50): 0.015766181945800782
(13,51): -0.09033874034881592
(14,1): -0.023672051429748535
(14,35): 0.030302724838256835
(14,50): -0.08093764781951904
(14,51): 0.045716075897216796
(14,55): -0.11458217620849609
(14,58): -0.018432698249816894
(15,1): -0.03096874237060547
(15,13): -0.0337110424041748
(15,16): -0.0026813220977783205
(15,17): 0.004377164840698242
(15,18): -0.029356732368469238
(15,32): 0.030900378227233887
(15,33): 0.003464412689208984
(15,49): 0.02752786159515381
(15,58): -0.08716507434844971
(16,1): -0.03812515735626221
(16,13): 0.0012603092193603515
(16,15): -0.017461366653442383
(16,17): 0.02817208766937256
(16,18): -0.0018849802017211915
(16,32): 0.0037101173400878908
(16,33): 0.0259433650970459
(16,36): -0.08916067600250244
(16,51): -0.13500470161437989
(17,15): 0.007035975456237793
(17,16): 0.017205872535705567
(17,18): 0.019880852699279784
(17,32): 0.017669720649719237
(17,33): 0.01380767822265625
(17,36): 0.009276823997497559
(17,50): 0.015440864562988281
(17,52): -0.09447884082794189
(18,13): 0.03266983509063721
(18,15): -0.013330178260803223
(18,16): 0.015950384140014647
(18,17): 0.011250972747802734
(18,32): 0.005142569541931152
(18,33): 0.0038806104660034178
(18,36): -0.0014156198501586914
(18,52): -0.028404560089111328
(18,53): -0.008846893310546874
(19,2): 0.04931428909301758
(19,3): -0.07266314029693603
(19,6): 0.0005011224746704102
(19,9): -0.049098243713378904
(19,12): 0.012184381484985352
(19,13): 0.0
(19,20): 0.00659541130065918
(19,35): -0.0008368968963623046
(19,39): 0.0827296495437622
(19,50): -0.05424825191497803
(19,51): -0.08058060646057129
(19,53): 0.007265100479125977
(19,65): -0.2290971612930298
(20,2): -6.770610809326172e-05
(20,3): -0.004680500030517578
(20,6): 0.018909173011779787
(20,9): 0.008435053825378418
(20,10): -0.025588679313659667
(20,12): -0.034019241333007814
(20,13): 0.001965432167053223
(20,19): -0.0011352205276489258
(20,35): -0.054695544242858884
(20,42): -0.0014142084121704101
(21,3): 0.027688865661621095
(21,8): -0.05330825805664063
(21,9): -0.07512111663818359
(21,10): 0.010466885566711426
(21,28): -0.020683765411376953
(21,51): -0.042707605361938475
(21,54): -0.05289122581481934
(21,56): -0.04303374767303467
(21,57): 0.12089325428009033
(21,61): -0.1191293716430664
(22,2): -0.032866806983947755
(22,6): 0.10221963882446289
(22,9): -0.02103588581085205
(22,10): -0.00020563125610351563
(22,23): -0.016461920738220216
(22,24): 0.05833593845367432
(22,25): -0.017971086502075195
(22,28): 0.04368009090423584
(22,30): 0.00423713207244873
(22,31): -0.014111642837524413
(22,38): -0.05933530330657959
(22,42): 0.02829899311065674
(22,49): 0.008857483863830567
(22,50): -0.056831793785095217
(22,56): -0.11757110118865967
(23,4): -0.030183320045471192
(23,10): -0.015889191627502443
(23,22): -0.0058727884292602535
(23,24): -0.0016127586364746093
(23,25): -0.004150304794311523
(23,27): -0.0395777416229248
(23,28): 0.004908919334411621
(23,29): -0.08476023674011231
(23,30): 0.018427839279174806
(23,31): 0.00032749176025390623
(23,37): -0.10438629627227783
(23,38): 0.004743304252624512
(23,48): 0.10572405338287354
(23,51): 0.0012273216247558594
(23,59): 0.05013777732849121
(23,61): -0.012754325866699218
(24,4): -0.06941086769104005
(24,10): -0.006777553558349609
(24,22): 0.015348353385925294
(24,23): -0.006549835205078125
(24,25): 0.0023287105560302734
(24,27): 0.016135573387145996
(24,28): -0.006485462188720703
(24,29): 0.009061403274536133
(24,30): -0.004839973449707031
(24,31): -0.018593282699584962
(24,37): 0.08114912986755371
(24,58): -0.024482927322387694
(24,63): 0.018319973945617674
(25,4): -0.03331784248352051
(25,5): -0.06152331829071045
(25,11): 0.024311094284057616
(25,22): 0.061898622512817386
(25,23): 0.0005839681625366211
(25,24): -0.00956869125366211
(25,26): -0.01215139389038086
(25,27): -0.0047008895874023435
(25,29): 0.013816761970520019
(25,30): 0.034242558479309085
(25,31): -0.0211466646194458
(25,34): -0.01879641056060791
(25,37): -0.002337355613708496
(25,38): 0.009275341033935547
(25,49): -0.020565710067749023
(26,11): 0.05785202026367187
(26,25): -1.049041748046875e-07
(26,27): 0.0019300079345703125
(26,29): -0.0048842763900756835
(26,31): -0.024622130393981933
(26,34): 0.0006824684143066406
(26,37): 0.10562843799591065
(26,62): 0.0661620569229126
(27,0): 0.029477972984313965
(27,4): 0.08470994472503662
(27,5): -0.008531274795532227
(27,7): -0.2056555223464966
(27,11): -0.02121696949005127
(27,23): -0.006906251907348632
(27,24): -0.01826343059539795
(27,25): 0.04570640563964844
(27,26): 0.007098684310913086
(27,29): 0.0027577733993530275
(27,31): -0.012569384574890137
(27,34): 0.002753605842590332
(27,37): -0.059490208625793455
(27,38): -0.07445014953613281
(27,58): -0.0653684663772583
(28,2): -0.06898788452148437
(28,6): -0.019405698776245116
(28,9): 0.01721785545349121
(28,10): -0.0007959985733032226
(28,21): -0.01972153186798096
(28,22): -2.658843994140625e-05
(28,23): 1.6570091247558594e-05
(28,24): 0.0031646060943603515
(28,30): -0.019381194114685057
(28,31): 0.0077302646636962895
(28,38): -0.0023341608047485352
(28,49): 0.014398341178894042
(28,56): -0.059707722663879394
(28,61): -0.025601367950439453
(29,11): -0.009468073844909669
(29,23): -0.020813956260681152
(29,24): -0.008547744750976562
(29,25): 0.00045996665954589844
(29,26): -0.0318107795715332
(29,27): -0.004203505516052246
(29,31): 0.001315321922302246
(29,34): -0.0013046121597290038
(29,38): 0.04518707752227783
(29,61): -0.013292608261108398
(29,63): 0.03056544780731201
(30,2): -0.10907039642333985
(30,6): -0.025463371276855468
(30,10): -0.015403261184692383
(30,22): 0.0006251192092895508
(30,23): 0.01722689628601074
(30,24): -0.014518547058105468
(30,25): 0.1117025899887085
(30,28): 2.223968505859375e-05
(30,31): 0.006145625114440918
(30,38): 0.009515681266784669
(30,48): 0.09458451271057129
(31,4): -0.03133305549621582
(31,22): 0.0011519479751586914
(31,23): 0.0010343122482299805
(31,24): -0.0005900287628173829
(31,25): 0.00011562347412109375
(31,26): 0.10851984024047852
(31,27): -0.005401301383972168
(31,28): -0.00035594463348388673
(31,29): 0.05800164222717285
(31,30): -0.00014702320098876952
(31,34): -0.01859435558319092
(31,37): -0.02295595645904541
(31,38): -0.007365069389343262
(31,61): -0.013012070655822754
(31,62): -0.022150421142578126
(32,15): -0.003560047149658203
(32,16): 0.003029060363769531
(32,17): -0.03218360424041748
(32,18): -0.010935931205749512
(32,33): 0.005200352668762207
(32,36): -0.017330679893493652
(32,65): 0.007378349304199219
(33,15): 0.030378527641296386
(33,16): 0.01304029941558838
(33,17): -0.002662806510925293
(33,18): -0.05978292942047119
(33,32): 0.0013448047637939454
(33,36): -0.008895440101623535
(33,52): 0.07810197591781616
(34,4): -0.029227514266967774
(34,5): -0.22959043979644775
(34,11): -0.01063436508178711
(34,25): -0.010081701278686524
(34,26): -0.018822765350341795
(34,27): -0.004071927070617676
(34,29): -0.0235537052154541
(34,31): -0.08059730529785156
(34,37): -0.13699497222900392
(34,58): -0.0227470064163208
(34,59): 0.02439328670501709
(35,1): 0.003816995620727539
(35,13): -0.025867905616760254
(35,14): -0.021747655868530273
(35,19): -0.0004139137268066406
(35,20): 0.0640778112411499
(35,39): -0.009672732353210449
(36,1): 0.012553596496582031
(36,13): -0.022039337158203123
(36,16): 0.007081727981567382
(36,17): 0.013701610565185547
(36,18): 0.024666008949279786
(36,32): 0.04554276943206787
(36,33): 0.04648367404937744
(37,11): 0.018637585639953613
(37,23): 0.02780993461608887
(37,24): 0.0076006889343261715
(37,25): 0.0017558622360229492
(37,26): 0.02336091995239258
(37,27): 0.005643539428710938
(37,31): -0.0013663196563720704
(37,34): 0.0012969064712524414
(37,38): 0.011640915870666504
(38,4): 0.09341799736022949
(38,10): 0.009005661010742188
(38,22): 0.011229138374328613
(38,23): -0.004144988059997559
(38,25): 0.011002731323242188
(38,27): 0.020440812110900878
(38,28): 0.015721006393432616
(38,29): 0.0329270601272583
(38,30): 0.011550064086914063
(38,31): 0.006089701652526856
(38,37): 0.0003756856918334961
(39,2): 0.07224603652954102
(39,3): 0.07183065891265869
(39,6): -0.004972372055053711
(39,9): -0.020060110092163085
(39,10): 0.03154903411865234
(39,12): 0.012673172950744629
(39,13): 2.8719902038574217e-05
(39,19): 0.006041121482849121
(39,35): -0.038078598976135254
(40,0): -0.07716969490051269
(40,1): 0.22076236248016357
(40,4): 0.07695242404937744
(40,5): -0.04109454154968262
(40,41): 0.05489702701568604
(41,0): -0.051919441223144534
(41,4): 0.04779544353485107
(41,5): -0.007273468971252441
(41,40): 0.017905640602111816
(42,8): -0.07511012554168701
(42,12): -0.014828839302062989
(42,20): -0.02516209125518799
(42,22): 0.0338445520401001
(42,43): 0.014325871467590331
(42,45): 0.020147361755371095
(42,53): -0.042610068321228024
(43,8): -0.026147284507751466
(43,42): -0.024103808403015136
(43,57): -0.055738611221313475
(44,9): 0.024043025970458983
(44,45): 0.00790419101715088
(44,47): -0.03819679260253906
(45,9): -0.08009662628173828
(45,10): -0.041728358268737796
(45,42): -0.027031421661376953
(45,44): 0.02857128620147705
(45,53): -0.061544089317321776
(46,10): -0.05067453384399414
(46,60): -0.05327235221862793
(47,10): -0.08040459156036377
(47,44): -0.024328551292419433
(48,23): -0.041316890716552736
(48,30): -0.035272979736328126
(48,63): -0.051551198959350585
(49,12): -0.004509215354919434
(49,15): -0.0666360855102539
(49,22): -0.04124715805053711
(49,25): 0.008758192062377929
(49,28): 0.03166008472442627
(49,55): -0.05059267044067383
(50,13): -0.04643815517425537
(50,14): 0.02233809471130371
(50,17): 0.032211532592773436
(50,19): -0.052709918022155765
(50,22): -0.05970280170440674
(51,13): -0.115097918510437
(51,14): 0.017701702117919924
(51,16): 0.03371486663818359
(51,19): -0.014728302955627442
(51,21): -0.04135618686676026
(51,23): -0.09238685131072998
(52,17): 0.05369656562805176
(52,18): 0.06952939033508301
(52,33): 0.059138703346252444
(53,18): 0.019442496299743654
(53,19): 0.027969603538513185
(53,42): -0.05817218780517578
(53,45): -0.06542745113372803
(54,21): -0.02219733715057373
(54,55): -0.060238275527954105
(55,14): 0.01711604118347168
(55,49): -0.005128092765808105
(55,54): 0.015970425605773927
(55,57): 0.07408750534057618
(56,11): -0.11669492244720459
(56,21): -0.07871438503265381
(56,22): -0.017251152992248536
(56,28): 0.004844636917114258
(56,60): 0.003273024559020996
(56,62): -0.04472065448760986
(57,21): 0.010505232810974121
(57,43): -0.07762546062469483
(57,55): -0.07239946842193604
(58,14): -0.030404729843139647
(58,15): -0.02029049873352051
(58,24): 0.017437376976013184
(58,27): -0.046336421966552736
(58,34): 0.03387035846710205
(59,23): 0.08931228637695313
(59,34): 0.03752324104309082
(60,8): -0.004487576484680175
(60,46): -0.08106928825378418
(60,56): 0.004088406562805176
(61,21): -0.1419146203994751
(61,23): -0.006525554656982422
(61,28): 0.09334962368011475
(61,29): -0.03282706260681152
(61,31): -0.10749402046203613
(62,26): 0.19422488689422607
(62,31): -0.07760151386260987
(62,56): -0.02959513187408447
(63,24): 0.018107128143310548
(63,29): -0.09129082202911377
(63,48): -0.06444772243499756
(64,11): 0.13162397384643554
(65,19): 0.07942728042602538
(65,32): -0.0344807243347168
