Interaction name: 5cks

Affinity: 5.510000228881836
Predicted value: 6.367372512817383

Attributions for edges: 

(0,1): 7.866635451602044e-21
(0,2): 7.912140078815264e-21
(0,3): 7.660522884027857e-21
(0,4): 7.955630876666087e-21
(0,11): 7.555751250601353e-21
(0,12): 8.299002919342225e-21
(0,15): 7.79744066245099e-21
(0,16): 7.526868591615187e-21
(0,21): 7.755109856162302e-21
(0,23): 7.939896673569107e-21
(0,25): 7.86006566652207e-21
(0,26): 8.059702960863616e-21
(0,27): 7.826645631070367e-21
(0,29): 8.072379665309704e-21
(1,0): 7.866395536912661e-21
(1,2): 8.207105899785712e-21
(1,4): 8.252217939325396e-21
(1,12): 8.60842339839961e-21
(1,16): 7.807471842965329e-21
(1,21): 8.04422159715309e-21
(1,23): 8.235896470305245e-21
(1,25): 8.153090359551145e-21
(1,26): 8.360136736488723e-21
(1,27): 8.118455402574755e-21
(1,29): 8.373351431450397e-21
(1,35): 8.310534980303951e-21
(2,0): 7.90936369232567e-21
(2,1): 8.204444219982623e-21
(2,15): 8.132279173885907e-21
(2,21): 8.088161528227134e-21
(2,25): 8.197594130534919e-21
(2,26): 8.405738298929976e-21
(2,27): 8.162737838121185e-21
(2,28): 6.7282277296791566e-21
(2,29): 8.419055583674653e-21
(2,35): 8.35586512410671e-21
(3,0): 7.661457501184814e-21
(3,21): 7.834650865318805e-21
(3,23): 8.021331958640099e-21
(3,27): 7.90691930899209e-21
(4,0): 7.95623833742843e-21
(4,1): 8.253100049900501e-21
(4,5): 8.6775293302583e-21
(4,6): 8.281324357129605e-21
(4,13): 8.721401406672722e-21
(4,14): 8.69144357444895e-21
(4,15): 8.180473753677058e-21
(4,21): 8.13612750243884e-21
(4,22): 8.7459874116763e-21
(4,23): 8.329959184414742e-21
(4,24): 8.696318608625472e-21
(4,25): 8.246175643444637e-21
(4,26): 8.455618743895344e-21
(4,29): 8.468983688460471e-21
(4,33): 7.17545173280583e-21
(5,4): 8.677728047475769e-21
(5,6): 8.610065642721212e-21
(5,12): 9.052335044005021e-21
(5,14): 9.036395661342036e-21
(5,20): 8.880939020557485e-21
(5,21): 8.459006630115117e-21
(5,22): 9.093139928245747e-21
(5,23): 8.660597977095106e-21
(5,24): 9.041533228427815e-21
(5,25): 8.573521869546127e-21
(5,26): 8.791279589181413e-21
(5,27): 8.537100073199652e-21
(5,34): 9.5472855105508e-21
(6,4): 8.281167645177618e-21
(6,5): 8.609671439460542e-21
(6,7): 8.389657552392776e-21
(6,12): 8.638622760899898e-21
(6,13): 8.653167891866333e-21
(6,20): 8.475091415620152e-21
(6,22): 8.67759556933079e-21
(6,23): 8.264819518969758e-21
(6,24): 8.628346818934774e-21
(6,26): 8.389496801472953e-21
(6,30): 8.37935818441421e-21
(6,33): 7.119340776058606e-21
(7,6): 8.38792887415951e-21
(7,8): 8.506054950834771e-21
(7,9): 8.498368795045277e-21
(7,10): 8.506054950834771e-21
(7,14): 8.803326214645283e-21
(7,17): 8.46869288277637e-21
(7,18): 8.465075583183585e-21
(7,19): 8.468757506261726e-21
(7,20): 8.651847149384376e-21
(7,22): 8.858540520533198e-21
(7,24): 8.808298184049838e-21
(7,26): 8.56446650366066e-21
(7,27): 8.316877775391613e-21
(7,30): 8.554083932944698e-21
(7,31): 8.505341669115158e-21
(8,7): 8.505016936101245e-21
(8,9): 8.439248807261177e-21
(8,10): 8.44688245646882e-21
(8,18): 8.406187432153198e-21
(8,19): 8.409844313630764e-21
(8,20): 8.59166006629834e-21
(8,29): 8.51832937408452e-21
(8,30): 8.494576204248464e-21
(8,31): 8.446173213717041e-21
(8,32): 8.443113291685448e-21
(8,38): 8.443113291685448e-21
(9,7): 8.49755857809763e-21
(9,8): 8.439474989459922e-21
(9,10): 8.439474989459922e-21
(9,17): 8.40237222313651e-21
(9,19): 8.4024360388283e-21
(9,20): 8.584124160112298e-21
(9,26): 8.497428523333351e-21
(9,27): 8.25177769183141e-21
(9,29): 8.51082739522829e-21
(9,30): 8.487159043716763e-21
(9,31): 8.438765746708143e-21
(9,32): 8.435675936314573e-21
(9,35): 8.446979391696853e-21
(9,38): 8.435675936314573e-21
(10,7): 8.505016936101245e-21
(10,8): 8.44688245646882e-21
(10,9): 8.439248807261177e-21
(10,17): 8.409779690145408e-21
(10,18): 8.406187432153198e-21
(10,20): 8.59166006629834e-21
(10,29): 8.51832937408452e-21
(10,30): 8.494641635527387e-21
(10,31): 8.446173213717041e-21
(10,32): 8.443113291685448e-21
(10,38): 8.443113291685448e-21
(11,0): 7.557020294295026e-21
(11,21): 7.72791144676322e-21
(11,23): 7.912018909780222e-21
(12,0): 8.300522379041651e-21
(12,1): 8.610262744351547e-21
(12,5): 9.053060442628139e-21
(12,6): 8.63967773929833e-21
(12,13): 9.098761363678126e-21
(12,14): 9.067541757902785e-21
(12,15): 8.534527250688928e-21
(12,21): 8.488163131120477e-21
(12,22): 9.124447583519885e-21
(12,23): 8.690416061031795e-21
(12,24): 9.072663169117225e-21
(13,4): 8.722231818459543e-21
(13,6): 8.654157438985843e-21
(13,12): 9.098691085637802e-21
(13,14): 9.082704850947934e-21
(13,20): 8.926452533499942e-21
(13,21): 8.502389991421536e-21
(13,22): 9.139705188412367e-21
(13,23): 8.704981386837404e-21
(13,24): 9.087869075221422e-21
(14,4): 8.691841008883888e-21
(14,5): 9.036602456495174e-21
(14,7): 8.805644582182419e-21
(14,12): 9.066988419309427e-21
(14,13): 9.082254909931145e-21
(14,20): 8.895348442204674e-21
(14,22): 9.107858734829076e-21
(14,23): 8.674650353985704e-21
(14,24): 9.056168832273748e-21
(15,0): 7.798184640326147e-21
(15,2): 8.135940902124875e-21
(15,4): 8.180630465629046e-21
(15,12): 8.533778426052369e-21
(15,16): 7.739800552481535e-21
(15,21): 7.974469430440842e-21
(15,23): 8.164481864432222e-21
(16,0): 7.527615800664613e-21
(16,1): 7.808543785028667e-21
(16,15): 7.739830440843513e-21
(16,21): 7.69784213902721e-21
(17,7): 8.467529660039967e-21
(17,9): 8.402020025141322e-21
(17,10): 8.409618939225586e-21
(17,18): 8.369104052875394e-21
(17,19): 8.372743970688054e-21
(17,20): 8.553757584343652e-21
(18,7): 8.463880856498071e-21
(18,8): 8.405995985077832e-21
(18,10): 8.405995985077832e-21
(18,17): 8.369071741132716e-21
(18,19): 8.369135556824504e-21
(18,20): 8.550038502761431e-21
(19,7): 8.467594283525323e-21
(19,8): 8.409683562710942e-21
(19,9): 8.402083840833111e-21
(19,17): 8.372743970688054e-21
(19,18): 8.369167060773615e-21
(19,20): 8.553823015622575e-21
(20,5): 8.87944864142647e-21
(20,6): 8.473992816369105e-21
(20,7): 8.652473997192327e-21
(20,8): 8.593330583394785e-21
(20,9): 8.585566071629297e-21
(20,10): 8.593330583394785e-21
(20,13): 8.92427310645632e-21
(20,14): 8.893652075714086e-21
(20,17): 8.555584813392085e-21
(20,18): 8.551931163088786e-21
(20,19): 8.555651052464574e-21
(20,22): 8.94943264489243e-21
(20,23): 8.523790866390644e-21
(20,24): 8.898641816577114e-21
(21,0): 7.75608647858474e-21
(21,1): 8.045449443374848e-21
(21,2): 8.091988046353759e-21
(21,3): 7.834650865318805e-21
(21,4): 8.136499087479635e-21
(21,5): 8.459200500571184e-21
(21,11): 7.727499472044077e-21
(21,12): 8.487645335444065e-21
(21,13): 8.50196832317959e-21
(21,15): 7.974681880148949e-21
(21,16): 7.697960076887984e-21
(21,22): 8.525904054361776e-21
(21,23): 8.120375527883386e-21
(21,24): 8.477517219701692e-21
(21,39): 8.873015373459309e-21
(22,4): 8.74668857649241e-21
(22,5): 9.093625412179482e-21
(22,6): 8.678456677273155e-21
(22,7): 8.861244205601767e-21
(22,12): 9.124203629862668e-21
(22,13): 9.139600983042231e-21
(22,14): 9.10820689385643e-21
(22,20): 8.951481209378206e-21
(22,21): 8.5262627147055e-21
(22,23): 8.729421988998932e-21
(22,24): 9.113350923290744e-21
(22,39): 9.538475713909684e-21
(23,0): 7.941047779402005e-21
(23,1): 8.237310109047401e-21
(23,3): 8.021454743262274e-21
(23,4): 8.330498790517462e-21
(23,5): 8.660961484200231e-21
(23,6): 8.265512605850198e-21
(23,11): 7.911778187297272e-21
(23,12): 8.690050938339535e-21
(23,13): 8.704714814960312e-21
(23,14): 8.674815143873361e-21
(23,15): 8.164855065060151e-21
(23,20): 8.525547009605186e-21
(23,21): 8.120560512610217e-21
(23,22): 8.729255583524141e-21
(23,24): 8.67971441185689e-21
(24,4): 8.6968824485352e-21
(24,5): 9.041843421157522e-21
(24,6): 8.629005170691835e-21
(24,7): 8.810751453112654e-21
(24,12): 9.072281890553626e-21
(24,13): 9.087522531781202e-21
(24,14): 9.056306964973696e-21
(24,20): 8.900474700180515e-21
(24,21): 8.477678778415081e-21
(24,22): 9.113141704756905e-21
(24,23): 8.679648980577968e-21
(25,0): 7.856049316907213e-21
(25,1): 8.149172560751456e-21
(25,2): 8.196311354350608e-21
(25,4): 8.241395928909016e-21
(25,5): 8.568257478870338e-21
(25,28): 6.6828757754500895e-21
(26,0): 8.058596283676899e-21
(26,1): 8.359244932390814e-21
(26,2): 8.407630959257331e-21
(26,4): 8.453845637015897e-21
(26,5): 8.789166401210281e-21
(26,6): 8.387865058467722e-21
(26,7): 8.564532742733149e-21
(26,9): 8.498271052023676e-21
(26,27): 8.316814767493392e-21
(26,29): 8.577938076976623e-21
(26,35): 8.513586818052979e-21
(26,36): 8.388632462356321e-21
(27,0): 7.82598889490044e-21
(27,1): 8.117990113480194e-21
(27,2): 8.164917265164806e-21
(27,3): 7.90526090879915e-21
(27,5): 8.535503873111366e-21
(27,7): 8.317321254059867e-21
(27,9): 8.25297322631049e-21
(27,26): 8.317194430469856e-21
(27,35): 8.267814817515995e-21
(28,2): 6.7114122948928186e-21
(28,25): 6.667241334858627e-21
(28,37): 4.429327209713069e-21
(29,0): 8.071363461002486e-21
(29,1): 8.372584835355365e-21
(29,2): 8.420982979125387e-21
(29,4): 8.467271166098545e-21
(29,8): 8.519499866963026e-21
(29,9): 8.51176928252735e-21
(29,10): 8.519499866963026e-21
(29,26): 8.577970388719301e-21
(30,6): 8.377312851102702e-21
(30,7): 8.553757584343652e-21
(30,8): 8.495289485968078e-21
(30,9): 8.487613023701387e-21
(30,10): 8.495289485968078e-21
(31,7): 8.50407666438932e-21
(31,8): 8.445915527569185e-21
(31,9): 8.438315805691354e-21
(31,10): 8.445915527569185e-21
(31,32): 8.442179482322058e-21
(31,38): 8.442179482322058e-21
(32,8): 8.442727166360448e-21
(32,9): 8.435065244377962e-21
(32,10): 8.442758670309559e-21
(32,31): 8.442018731402236e-21
(32,38): 8.438958809370643e-21
(33,4): 7.175397610636845e-21
(33,6): 7.119394898227591e-21
(34,5): 9.549543293570416e-21
(34,39): 1.0016695967890439e-20
(35,1): 8.309456575892078e-21
(35,2): 8.357458900814295e-21
(35,9): 8.447590891427032e-21
(35,26): 8.513326708524422e-21
(35,27): 8.267216242482888e-21
(36,26): 8.384473941073681e-21
(37,28): 4.418627580022081e-21
(38,8): 8.442727166360448e-21
(38,9): 8.435065244377962e-21
(38,10): 8.442727166360448e-21
(38,31): 8.442018731402236e-21
(38,32): 8.438958809370643e-21
(39,21): 8.874911264960932e-21
(39,22): 9.54018581289091e-21
(39,34): 1.0016734741981652e-20
