Interaction name: 5kr0

Affinity: 9.149999618530273
Predicted value: 7.517751693725586

Attributions for edges: 

(0,1): 7.895430304868618e-30
(0,5): 1.3365948414120243e-33
(0,6): 1.2378251738735095e-30
(0,9): 3.390216738054005e-30
(0,10): 7.939465639804094e-30
(0,11): 7.182072624315046e-30
(0,21): 5.266316630553951e-30
(0,24): 3.4610943454311855e-30
(0,30): 5.277739426378406e-30
(0,31): 1.2415207435231475e-34
(1,0): 1.0458788894068343e-29
(1,6): 1.0997229045203867e-23
(1,10): 7.053724739601064e-23
(1,11): 6.380827649624989e-23
(1,12): 3.089771897157484e-23
(1,13): 6.660979924972834e-23
(1,28): 5.642672830125412e-23
(1,30): 4.688927373938725e-23
(2,6): 2.4637920728611576e-25
(2,12): 6.922249512933721e-25
(2,13): 1.4923096708662553e-24
(2,29): 1.705063558807809e-25
(2,30): 1.0504957949455836e-24
(3,4): 1.20173960002756e-28
(3,12): 1.7315585616453046e-24
(3,13): 3.732922146802942e-24
(3,15): 2.6086452760757818e-24
(3,18): 1.6761791455922055e-24
(3,22): 2.243009627012427e-24
(3,25): 1.2521764670124532e-24
(3,28): 3.1622217109969325e-24
(3,29): 4.2650967853654465e-25
(3,30): 2.6277416264389194e-24
(4,3): 6.174238299242067e-29
(4,15): 2.271004975498919e-27
(4,18): 1.1292233783517738e-27
(4,19): 2.1360664272823772e-27
(4,25): 1.0901057189548274e-27
(4,29): 3.713060284353671e-28
(5,0): 1.562161095239786e-33
(5,9): 4.498824438668854e-27
(5,10): 1.0535687286461622e-26
(5,11): 9.530590670804588e-27
(5,21): 6.988413218391991e-27
(5,31): 2.068408323266223e-31
(6,0): 1.5482631696940326e-30
(6,1): 1.0383963055458716e-23
(6,2): 2.493737972380446e-25
(6,8): 4.7397106102566896e-24
(6,11): 9.445766047713935e-24
(6,12): 4.5739157138063895e-24
(6,13): 9.860560155731816e-24
(6,22): 5.9249157446442735e-24
(6,24): 4.5519841973498876e-24
(6,28): 8.353047754715368e-24
(6,32): 4.15348555515479e-27
(7,15): 5.430605561785382e-23
(7,16): 8.229230355842412e-23
(7,17): 8.229230355842412e-23
(7,18): 3.4893971566010516e-23
(7,26): 3.865446519031184e-23
(8,6): 4.9355555851695736e-24
(8,12): 1.3866948823938674e-23
(8,13): 2.989459397816494e-23
(9,0): 4.8263796883180285e-30
(9,5): 5.479830752209514e-27
(9,10): 3.2550571894630115e-23
(9,11): 2.944538186885227e-23
(9,21): 2.1591241305034876e-23
(9,33): 3.2550571894630115e-23
(9,42): 6.608957718508272e-26
(10,0): 1.0510622740645818e-29
(10,1): 7.049367071960623e-23
(10,5): 1.1933671299657717e-26
(10,9): 3.0269138825076636e-23
(10,11): 6.412452136682213e-23
(10,21): 4.701985230730667e-23
(10,34): 7.090630808190924e-23
(10,35): 6.044842954849222e-23
(10,44): 7.088683899476838e-23
(11,0): 9.582013048467976e-30
(11,1): 6.426532357207322e-23
(11,5): 1.0879252388496905e-26
(11,6): 1.0075314915403753e-23
(11,9): 2.759476782774533e-23
(11,10): 6.46235169101415e-23
(11,21): 4.2865502521133846e-23
(11,38): 5.090928366884456e-23
(11,45): 6.46235169101415e-23
(11,46): 6.46235169101415e-23
(12,1): 3.3825169169075534e-23
(12,2): 8.123177828453717e-25
(12,3): 2.0634427968787785e-24
(12,6): 5.303002656086542e-24
(12,8): 1.5439336356939593e-23
(12,13): 3.2119967436349795e-23
(12,14): 3.4013817365950087e-23
(12,28): 2.720957651405677e-23
(12,38): 2.6795295165627284e-23
(12,48): 3.4013817365950087e-23
(12,50): 1.5845435640060128e-23
(12,51): 3.4030692678434574e-23
(12,52): 2.0316437768114646e-26
(13,1): 6.699153219720841e-23
(13,2): 1.6088080577036154e-24
(13,3): 4.086681297722968e-24
(13,6): 1.0502679521946331e-23
(13,8): 3.0577848496282206e-23
(13,12): 2.950835190175063e-23
(13,22): 3.822409739030308e-23
(13,23): 2.1324069893654624e-23
(13,24): 2.9366634617849485e-23
(13,27): 6.736490952998038e-23
(13,28): 5.388920258287331e-23
(13,35): 5.744534336739894e-23
(13,36): 3.326658780614121e-24
(13,46): 6.736490952998038e-23
(14,12): 3.105096940191032e-23
(14,19): 4.3999868725623556e-23
(14,20): 2.2438924412514598e-23
(14,38): 5.584299647493953e-23
(14,40): 7.088683899476838e-23
(14,45): 7.088683899476838e-23
(14,49): 7.088683899476838e-23
(14,50): 3.302283451959335e-23
(15,3): 3.0508158157332266e-24
(15,4): 3.4576154809965936e-27
(15,7): 5.713805995671001e-23
(15,16): 5.0289497743717755e-23
(15,17): 5.0289497743717755e-23
(15,18): 2.1324069893654624e-23
(15,25): 1.5929981018716285e-23
(15,26): 2.3622151083751888e-23
(15,38): 3.96171973499308e-23
(15,48): 5.0289497743717755e-23
(16,7): 8.054008571574721e-23
(16,15): 4.6779401192508066e-23
(16,17): 7.088683899476838e-23
(16,18): 3.005788503010207e-23
(16,25): 2.2454507570836334e-23
(16,26): 3.329707096924076e-23
(16,48): 7.088683899476838e-23
(16,49): 7.088683899476838e-23
(16,50): 3.302283451959335e-23
(16,51): 7.092200325847952e-23
(17,7): 8.054008571574721e-23
(17,15): 4.6779401192508066e-23
(17,16): 7.088683899476838e-23
(17,18): 3.005788503010207e-23
(17,25): 2.2454507570836334e-23
(17,26): 3.329707096924076e-23
(17,39): 7.088683899476838e-23
(17,51): 7.092200325847952e-23
(18,3): 1.803636388124896e-24
(18,4): 1.9512942491618213e-27
(18,7): 3.3779907485777573e-23
(18,15): 1.9620013586963266e-23
(18,16): 2.9731167242152115e-23
(18,17): 2.9731167242152115e-23
(18,25): 9.417774107353073e-24
(18,26): 1.3965370265917668e-23
(18,35): 2.5353117013642145e-23
(18,41): 2.5347123248484276e-23
(19,4): 3.1644490767110075e-27
(19,14): 4.6025351141312647e-23
(19,20): 1.4569181757713746e-23
(19,34): 4.6038165397857057e-23
(19,35): 3.92480609333853e-23
(19,37): 3.147408599247828e-23
(19,51): 4.6048180775909743e-23
(20,14): 2.4755046851514266e-23
(20,19): 1.5365599950406775e-23
(20,40): 2.4755046851514266e-23
(20,41): 2.110476182883775e-23
(20,42): 5.0261425166981237e-26
(20,47): 2.4755046851514266e-23
(21,0): 7.220586709304484e-30
(21,5): 8.198130646176435e-27
(21,9): 2.0794214111723017e-23
(21,10): 4.86974628410114e-23
(21,11): 4.40519272344809e-23
(21,42): 9.887329904031458e-26
(21,43): 4.86974628410114e-23
(21,45): 4.86974628410114e-23
(21,52): 2.9087079594023364e-26
(22,3): 2.4382495456110065e-24
(22,6): 6.266222726175386e-24
(22,13): 3.795457201798165e-23
(22,23): 1.272264928293042e-23
(22,24): 1.7521040889343786e-23
(22,27): 4.01921381103176e-23
(22,28): 3.215196363466556e-23
(22,37): 2.748508776292702e-23
(22,38): 3.166242811132161e-23
(22,50): 1.8723550476548298e-23
(23,13): 2.337679956501005e-23
(23,22): 1.404647305558344e-23
(23,24): 1.0791518575810289e-23
(23,27): 2.4755046851514266e-23
(23,28): 1.9802961474936692e-23
(23,42): 5.0261425166981237e-26
(23,45): 2.4755046851514266e-23
(24,0): 5.0186029192537574e-30
(24,6): 5.277010872550868e-24
(24,13): 3.196265910551786e-23
(24,22): 1.9205405650119017e-23
(24,23): 1.0714158142278885e-23
(24,27): 3.3846979595383084e-23
(24,28): 2.707611387066786e-23
(24,36): 1.671454065985158e-24
(24,38): 2.666396560212609e-23
(24,52): 2.0216861027014004e-26
(25,3): 1.4826916814945744e-24
(25,4): 1.6803954468932404e-27
(25,15): 1.6128767655944738e-23
(25,16): 2.444070944661085e-23
(25,17): 2.444070944661085e-23
(25,18): 1.0363464504836548e-23
(25,26): 1.148032825242212e-23
(25,52): 1.4598424178194851e-26
(26,7): 3.8213895841076765e-23
(26,15): 2.2195444071839943e-23
(26,16): 3.363358009874632e-23
(26,17): 3.363358009874632e-23
(26,18): 1.426152442695574e-23
(26,25): 1.0654000398507636e-23
(27,13): 6.694043294321182e-23
(27,22): 4.022250609972499e-23
(27,23): 2.2438924412514598e-23
(27,24): 3.090184629183096e-23
(27,28): 5.670616807743237e-23
(27,46): 7.088683899476838e-23
(28,1): 5.703352642043736e-23
(28,3): 3.479227240697033e-24
(28,6): 8.941501702408603e-24
(28,12): 2.5121968146637905e-23
(28,13): 5.415834930196023e-23
(28,22): 3.2542254145245465e-23
(28,23): 1.8154341579498835e-23
(28,24): 2.500141126765841e-23
(28,27): 5.735140581080522e-23
(29,2): 2.214611620500602e-25
(29,3): 5.625558906938617e-25
(29,4): 6.375678413992198e-28
(30,0): 7.30910199815869e-30
(30,1): 4.902158369886137e-23
(30,2): 1.1772581496283874e-24
(30,3): 2.990461448381351e-24
(30,51): 4.9319258783724707e-23
(31,0): 1.442872823914428e-34
(31,5): 1.9534948167162782e-31
(31,42): 1.9794429611349735e-30
(32,6): 4.202653776263018e-27
(32,36): 1.3311596367297031e-27
(32,52): 1.610081044626375e-29
(33,9): 3.0269138825076636e-23
(33,44): 7.088683899476838e-23
(34,10): 7.079981817059164e-23
(34,19): 4.394585068627764e-23
(35,10): 6.167265332097385e-23
(35,13): 5.82392277388644e-23
(35,18): 2.615073111946749e-23
(35,19): 3.8280573520229666e-23
(35,47): 6.167265332097385e-23
(36,13): 3.2633734005688967e-24
(36,24): 1.506488853991924e-24
(36,32): 1.3745996607008378e-27
(37,19): 2.9781565987664875e-23
(37,22): 2.722483939485099e-23
(37,48): 4.798017055255566e-23
(38,11): 5.027626696861539e-23
(38,12): 2.4345329852282388e-23
(38,14): 5.557819795716219e-23
(38,15): 3.667697391665277e-23
(38,22): 3.1536099925959515e-23
(38,24): 2.4228502707662777e-23
(38,49): 5.557819795716219e-23
(39,17): 7.088683899476838e-23
(39,50): 3.302283451959335e-23
(40,14): 7.088683899476838e-23
(40,20): 2.2438924412514598e-23
(40,41): 6.043413538888961e-23
(41,18): 2.6178476935225923e-23
(41,20): 1.954300182995197e-23
(41,40): 6.173785740795579e-23
(41,47): 6.173785740795579e-23
(42,9): 4.86522690983589e-26
(42,20): 3.6066585001236575e-26
(42,21): 7.557635063853656e-26
(42,23): 3.6066585001236575e-26
(42,31): 1.850880742657857e-30
(43,21): 4.701985230730667e-23
(43,44): 7.088683899476838e-23
(44,10): 7.088683899476838e-23
(44,33): 7.088683899476838e-23
(44,43): 7.088683899476838e-23
(45,11): 6.412452136682213e-23
(45,14): 7.088683899476838e-23
(45,21): 4.701985230730667e-23
(45,23): 2.2438924412514598e-23
(46,11): 6.412452136682213e-23
(46,13): 6.694043294321182e-23
(46,27): 7.088683899476838e-23
(47,20): 2.2438924412514598e-23
(47,35): 6.044842954849222e-23
(47,41): 6.043413538888961e-23
(48,12): 3.105096940191032e-23
(48,15): 4.6779401192508066e-23
(48,16): 7.088683899476838e-23
(48,37): 4.8475423739740653e-23
(48,50): 3.302283451959335e-23
(49,14): 7.088683899476838e-23
(49,16): 7.088683899476838e-23
(49,38): 5.584299647493953e-23
(50,12): 1.4246679642441292e-23
(50,14): 3.252388315248468e-23
(50,16): 3.252388315248468e-23
(50,22): 1.8454656192951043e-23
(50,39): 3.252388315248468e-23
(50,48): 3.252388315248468e-23
(51,12): 3.098305163341441e-23
(51,16): 7.073152174886123e-23
(51,17): 7.073152174886123e-23
(51,19): 4.390362453974297e-23
(51,30): 4.701877945647557e-23
(52,12): 1.5692501838770486e-26
(52,21): 2.3762835477557161e-26
(52,24): 1.5617136348186725e-26
(52,25): 1.1347989070221759e-26
(52,32): 1.424995264925562e-29
