Interaction name: 5k8o

Affinity: 5.960000038146973
Predicted value: 5.497204780578613

Shapley values for edges: 

(0,1): 0.0107696533203125
(0,5): -0.02845585823059082
(0,6): -0.02410748481750488
(0,8): -0.049436731338500975
(0,9): -0.02230848789215088
(0,10): -0.020344038009643555
(0,13): -0.018623766899108888
(0,14): -0.030213632583618165
(0,15): 0.01824772357940674
(0,16): 0.027289624214172362
(0,17): -0.0031852149963378907
(0,18): 0.03669528484344482
(0,19): 0.026752285957336426
(1,0): -0.0013689851760864257
(1,5): -0.052044525146484374
(1,6): -0.02208292007446289
(1,7): -0.0346006965637207
(1,9): -0.01944584846496582
(1,10): -0.01655844211578369
(1,13): -0.017810325622558593
(1,14): -0.037206110954284666
(1,15): 0.010454015731811523
(1,16): 0.028203811645507813
(1,17): 0.001602020263671875
(1,19): 0.0346052885055542
(2,3): 0.00220705509185791
(2,4): 0.011249713897705078
(2,9): -0.020589847564697266
(2,10): -0.0299375581741333
(2,11): -0.040724058151245114
(2,12): -0.02462937355041504
(2,15): 0.0027505064010620115
(2,16): 0.008463592529296874
(2,18): 0.01962991714477539
(3,2): -0.011447324752807617
(3,4): 0.013557596206665039
(3,10): -0.020395765304565428
(3,11): -0.033413748741149905
(3,15): 0.009481039047241211
(3,16): 0.002684826850891113
(3,18): 0.024665307998657227
(4,2): -0.015444989204406739
(4,3): 0.0045398235321044925
(4,10): -0.03250819206237793
(4,11): -0.036868290901184084
(4,15): 0.0018542194366455078
(4,16): 0.012242131233215332
(5,0): 0.010055603981018067
(5,1): 0.009448471069335938
(5,7): -0.025746564865112304
(5,8): -0.026338362693786622
(5,9): -0.004923081398010254
(5,10): -0.022568249702453615
(5,11): -0.03122920513153076
(5,12): -0.009638218879699708
(5,13): -0.00845705509185791
(5,14): -0.01616282939910889
(5,15): 0.029289288520812987
(5,16): 0.024923949241638182
(6,0): 0.02098752498626709
(6,1): 0.003762097358703613
(6,7): -0.020141868591308593
(6,8): -0.039109325408935545
(6,9): -0.006585621833801269
(6,10): 0.011653242111206054
(6,11): 0.022266168594360352
(6,12): -0.02753028392791748
(6,13): -0.012910590171813965
(6,14): -0.0628107738494873
(7,1): -0.04134900569915771
(7,5): -0.02999091148376465
(7,6): -0.022541522979736328
(7,8): -0.037871503829956056
(7,9): -0.005550289154052734
(7,10): 0.017713336944580077
(7,13): -0.003592982292175293
(7,14): -0.052859683036804196
(8,0): -0.031691489219665525
(8,5): -0.02311849594116211
(8,6): -0.0431502628326416
(8,7): -0.034295687675476076
(8,9): -0.011855854988098144
(8,10): 0.009347066879272461
(8,13): -0.009027791023254395
(8,14): -0.04690403461456299
(9,0): -0.0033470106124877928
(9,1): 0.009767866134643555
(9,2): 0.0007746601104736328
(9,5): 0.008004107475280763
(9,6): -0.009078917503356933
(9,7): 0.006082968711853027
(9,8): -0.0009750604629516601
(9,10): 0.00733652114868164
(9,11): 0.015021638870239258
(9,12): -0.007547187805175781
(9,13): 0.04925431251525879
(9,14): -0.003992009162902832
(9,23): 0.061533546447753905
(10,0): -0.0003827190399169922
(10,1): 0.013036999702453613
(10,2): -0.0021369075775146485
(10,3): -0.014944195747375488
(10,4): -0.013006811141967773
(10,5): 0.001134786605834961
(10,6): 0.01525571346282959
(10,7): -0.0019067001342773437
(10,8): -0.007767806053161621
(10,9): 0.01017956256866455
(10,11): -0.00090545654296875
(10,12): -0.021929106712341308
(10,13): 0.04393918514251709
(10,14): 0.0002846860885620117
(10,20): -0.010388932228088378
(11,2): -0.0130621337890625
(11,3): -0.018495078086853026
(11,4): 0.003485984802246094
(11,5): 0.0026027870178222654
(11,6): 0.0102516508102417
(11,9): 0.009836134910583496
(11,10): 0.02519073963165283
(11,12): 0.005358543395996094
(11,13): 0.04499870777130127
(11,14): 0.0024365282058715822
(11,21): 0.02544623851776123
(12,2): -0.009762682914733888
(12,5): 0.0057136774063110355
(12,6): 0.011072707176208497
(12,9): 0.026512408256530763
(12,10): 0.017577295303344728
(12,11): 0.00029784202575683594
(12,13): 0.06034437656402588
(12,14): 0.013045034408569335
(12,22): 0.02243431091308594
(12,23): 0.06840859413146973
(13,0): -0.009946341514587403
(13,1): -0.007169952392578125
(13,5): 0.010506525039672851
(13,6): -0.005582642555236816
(13,7): -0.009463376998901367
(13,8): -0.00460296630859375
(13,9): 0.013610825538635254
(13,10): 0.01408130168914795
(13,11): 0.025850081443786622
(13,12): 0.012223057746887207
(14,0): 0.07759476184844971
(14,1): 0.061474151611328125
(14,5): 0.06267033100128173
(14,6): 0.026632771492004395
(14,7): 0.059605402946472166
(14,8): 0.06868277072906494
(14,9): 0.05678624629974365
(14,10): 0.07711756229400635
(14,11): 0.07367340087890625
(14,12): 0.06560228824615479
(15,0): -0.006873550415039062
(15,1): -0.01769214153289795
(15,2): -0.006577491760253906
(15,3): 0.004669060707092285
(15,4): 0.0034363698959350587
(15,5): -0.05218254566192627
(15,16): 0.0049252939224243165
(15,19): 0.03951914310455322
(15,23): -0.021943469047546387
(16,0): -0.0045584821701049804
(16,1): 0.0034308290481567384
(16,2): -0.0016955423355102539
(16,3): 0.004421935081481933
(16,4): 0.004256734848022461
(16,5): -0.040962414741516115
(16,15): 0.02299863815307617
(16,19): 0.035310893058776854
(17,0): -0.034931321144104
(17,1): -0.022447648048400878
(18,0): -0.012204828262329102
(18,2): -0.03133012294769287
(18,3): -0.024438252449035646
(18,20): -0.05315229415893555
(19,0): -0.03778131008148193
(19,1): -0.05204098701477051
(19,15): -0.03150419235229492
(19,16): -0.03411864757537842
(19,23): -0.04894826889038086
(20,10): -0.024949893951416016
(20,18): -0.07453316211700439
(21,11): -0.04487682819366455
(21,22): -0.04771404266357422
(22,12): -0.029474377632141113
(22,21): -0.043395590782165525
(23,9): -0.006878085136413574
(23,12): -0.029676027297973633
(23,15): -0.011419806480407715
(23,19): -0.034847564697265625
