Interaction name: 5lgt

Affinity: 6.510000228881836
Predicted value: 7.061830043792725

Attributions for edges: 

(0,3): 0.41897523403167725
(0,5): 0.48587435483932495
(0,8): 0.49327367544174194
(0,9): 0.45089682936668396
(0,10): 0.44529178738594055
(0,11): 0.4849538207054138
(0,12): 0.44365283846855164
(0,14): 0.5925054550170898
(0,17): 0.467403382062912
(0,18): 0.533407986164093
(0,22): 0.3942495286464691
(0,25): 0.591427743434906
(1,4): 0.42484861612319946
(1,8): 0.5574995875358582
(1,13): 0.5118595957756042
(1,17): 0.5465863943099976
(1,18): 0.5384525656700134
(1,19): 0.5249423980712891
(1,20): 0.4373090863227844
(1,21): 0.524324893951416
(1,22): 0.40561389923095703
(1,23): 0.3698394298553467
(1,25): 0.45613622665405273
(2,4): 0.47602522373199463
(2,6): 0.48341456055641174
(2,7): 0.533390462398529
(3,0): 0.4624314308166504
(3,9): 0.450213223695755
(3,10): 0.5293754935264587
(3,11): 0.43650028109550476
(3,26): 0.3506464958190918
(4,1): 0.4203772246837616
(4,2): 0.5061670541763306
(4,7): 0.5291825532913208
(4,13): 0.6383882164955139
(4,16): 0.42799168825149536
(4,17): 0.5025668144226074
(4,19): 0.6825681328773499
(4,20): 0.54386967420578
(4,21): 0.43447479605674744
(4,23): 0.5310091376304626
(5,0): 0.5145021080970764
(5,9): 0.48518791794776917
(5,10): 0.4248846471309662
(5,11): 0.5439241528511047
(6,2): 0.5536133646965027
(6,24): 0.5373011231422424
(6,27): 0.5238075852394104
(6,28): 0.5415852069854736
(6,29): 0.5642788410186768
(6,34): 0.5681368112564087
(6,36): 0.6699484586715698
(7,2): 0.4513489007949829
(7,4): 0.4250032901763916
(7,13): 0.4573335647583008
(7,15): 0.4377579092979431
(7,16): 0.5388898849487305
(7,20): 0.40770167112350464
(7,21): 0.5053995847702026
(7,23): 0.5655608177185059
(7,32): 0.49102476239204407
(7,33): 0.6350048780441284
(7,36): 0.4439505934715271
(8,0): 0.4838743209838867
(8,1): 0.4854435324668884
(8,11): 0.5381908416748047
(8,12): 0.5441070199012756
(8,17): 0.5045818090438843
(8,18): 0.500777006149292
(8,19): 0.4917390048503876
(8,22): 0.5062099099159241
(8,35): 0.4408809244632721
(9,0): 0.4629330635070801
(9,3): 0.4458742141723633
(9,5): 0.3815039396286011
(9,10): 0.5065574645996094
(9,11): 0.4417326748371124
(9,12): 0.4688873887062073
(9,22): 0.47657427191734314
(9,33): 0.48637405037879944
(10,0): 0.45961737632751465
(10,3): 0.5668236613273621
(10,5): 0.4877238869667053
(10,9): 0.485641211271286
(10,11): 0.4529956579208374
(10,12): 0.4959801733493805
(10,34): 0.4823665916919708
(11,0): 0.48421725630760193
(11,3): 0.42344996333122253
(11,5): 0.5524728894233704
(11,8): 0.5693089962005615
(11,9): 0.48583871126174927
(11,10): 0.4829862117767334
(11,12): 0.5189417600631714
(11,14): 0.4976142644882202
(11,22): 0.5870777368545532
(11,25): 0.5148025751113892
(11,33): 0.43515118956565857
(11,35): 0.42367202043533325
(12,0): 0.3964967131614685
(12,8): 0.4984191656112671
(12,9): 0.45909884572029114
(12,10): 0.5083968043327332
(12,11): 0.4932568371295929
(12,17): 0.39491763710975647
(12,18): 0.4880857765674591
(12,19): 0.42388594150543213
(12,22): 0.49378132820129395
(12,25): 0.4357650578022003
(12,33): 0.5309275388717651
(13,1): 0.4656577408313751
(13,4): 0.4958079159259796
(13,7): 0.39647361636161804
(13,15): 0.48111557960510254
(13,17): 0.4816719591617584
(13,18): 0.3474767804145813
(13,19): 0.46617501974105835
(13,20): 0.5147750377655029
(13,21): 0.46585747599601746
(13,23): 0.40739402174949646
(13,33): 0.553574800491333
(14,0): 0.4275381565093994
(14,11): 0.4660947918891907
(14,24): 0.48035210371017456
(14,34): 0.5191777348518372
(14,35): 0.518984854221344
(15,7): 0.47096192836761475
(15,13): 0.3437907099723816
(15,16): 0.4260624051094055
(15,20): 0.5727816820144653
(15,21): 0.5231615304946899
(15,23): 0.3855450451374054
(15,30): 0.5246531367301941
(15,31): 0.42393994331359863
(15,32): 0.5401586890220642
(16,4): 0.4353295564651489
(16,7): 0.5083764791488647
(16,15): 0.5557258129119873
(16,20): 0.5099210739135742
(16,21): 0.5197553038597107
(16,23): 0.48013371229171753
(17,0): 0.5258341431617737
(17,1): 0.4381967782974243
(17,4): 0.47282907366752625
(17,8): 0.5566988587379456
(17,12): 0.4216412305831909
(17,13): 0.5895305871963501
(17,18): 0.5681310892105103
(17,19): 0.553630530834198
(17,22): 0.4405364692211151
(17,25): 0.577823281288147
(17,33): 0.5867093801498413
(18,0): 0.49414747953414917
(18,1): 0.45439890027046204
(18,8): 0.39357879757881165
(18,12): 0.4657174050807953
(18,13): 0.4283512532711029
(18,17): 0.5635761618614197
(18,19): 0.4872537851333618
(18,22): 0.46278277039527893
(18,25): 0.45786669850349426
(19,1): 0.488299697637558
(19,4): 0.5595654249191284
(19,8): 0.5271851420402527
(19,12): 0.48122668266296387
(19,13): 0.5479663014411926
(19,17): 0.473319947719574
(19,18): 0.4610937237739563
(19,20): 0.4128842055797577
(19,22): 0.48604094982147217
(19,25): 0.5798974633216858
(20,1): 0.41374993324279785
(20,4): 0.47659945487976074
(20,7): 0.4564002454280853
(20,13): 0.4635809063911438
(20,15): 0.53026282787323
(20,16): 0.5372813940048218
(20,19): 0.5201555490493774
(20,21): 0.4926285445690155
(20,23): 0.45860639214515686
(20,32): 0.43919727206230164
(21,1): 0.4497191607952118
(21,4): 0.4788433611392975
(21,7): 0.46244317293167114
(21,13): 0.5648398995399475
(21,15): 0.5357248187065125
(21,16): 0.49192607402801514
(21,20): 0.47003161907196045
(21,30): 0.5075730681419373
(22,0): 0.45807066559791565
(22,1): 0.5376080870628357
(22,8): 0.43464893102645874
(22,9): 0.43019694089889526
(22,11): 0.46905869245529175
(22,12): 0.4892996549606323
(22,17): 0.5182914733886719
(22,18): 0.40321478247642517
(22,19): 0.5463542342185974
(22,24): 0.5191524028778076
(22,25): 0.4578724503517151
(22,34): 0.5399478077888489
(23,1): 0.43793874979019165
(23,4): 0.4974401593208313
(23,7): 0.4872414469718933
(23,13): 0.5222076773643494
(23,15): 0.3969799280166626
(23,16): 0.4922697842121124
(23,20): 0.4161849617958069
(24,6): 0.41065889596939087
(24,14): 0.47612056136131287
(24,22): 0.5780394673347473
(25,0): 0.4924473464488983
(25,1): 0.46394872665405273
(25,11): 0.4223908483982086
(25,12): 0.5661221146583557
(25,17): 0.4858708679676056
(25,18): 0.4840855300426483
(25,19): 0.5183907747268677
(25,22): 0.4429223835468292
(26,3): 0.4690411686897278
(27,6): 0.39335933327674866
(28,6): 0.38313764333724976
(29,6): 0.5395365953445435
(30,15): 0.4697774350643158
(30,21): 0.5664878487586975
(31,15): 0.4921497702598572
(32,7): 0.48378658294677734
(32,15): 0.5502068400382996
(32,20): 0.31509095430374146
(32,36): 0.5320800542831421
(33,7): 0.5499169230461121
(33,9): 0.48836788535118103
(33,11): 0.37533068656921387
(33,12): 0.4615362584590912
(33,13): 0.5036678314208984
(33,17): 0.5006824135780334
(34,6): 0.5353612899780273
(34,10): 0.5502592921257019
(34,14): 0.41926518082618713
(34,22): 0.6209309697151184
(35,8): 0.4219563901424408
(35,11): 0.4865399897098541
(35,14): 0.5328667759895325
(36,6): 0.5246813297271729
(36,7): 0.4550760090351105
(36,32): 0.4644611179828644
