Interaction name: 6e4a

Affinity: 7.360000133514404
Predicted value: 7.21286678314209

Shapley values for edges: 

(0,1): 0.011999335289001465
(0,6): 0.04632160186767578
(0,7): -0.00865896224975586
(0,8): 0.002220258712768555
(0,9): -0.0228602933883667
(0,10): 0.009460372924804688
(0,16): -0.04963623523712158
(0,22): -0.048950605392456055
(0,23): 0.0035437822341918947
(1,0): 0.06307122707366944
(1,3): -0.010594310760498047
(1,7): -0.03623728275299072
(1,8): 0.016059575080871583
(1,9): 0.001562952995300293
(1,10): -0.037339215278625486
(1,11): 0.0014112234115600587
(1,19): -0.028903656005859375
(1,22): -0.03764866828918457
(2,24): 0.09369648456573486
(3,1): -0.016638765335083006
(3,7): 0.03785778999328613
(3,8): 0.0008878374099731446
(3,11): -4.94384765625e-05
(3,12): 0.015053777694702149
(3,18): -0.021779747009277345
(3,19): 0.009181909561157227
(3,21): 0.12405545711517334
(3,22): 0.0022151565551757815
(3,23): -0.010796799659729003
(4,5): 0.2545100736618042
(4,9): 0.0006975173950195312
(4,10): 0.0020643424987792968
(5,4): 0.02222465991973877
(6,0): -0.004469227790832519
(6,7): 0.0040430259704589844
(6,8): -0.0005635356903076172
(6,15): -0.008355631828308105
(6,16): -0.014596366882324218
(6,22): -0.02239628314971924
(6,25): -0.0133148193359375
(6,27): -0.03620186805725098
(7,0): -0.020301895141601564
(7,1): -0.1158780288696289
(7,3): 0.0023971033096313477
(7,6): 0.008966898918151856
(7,8): -0.007885775566101073
(7,15): -0.0007539176940917968
(7,16): 0.0045031547546386715
(7,23): -0.04650051593780517
(8,0): -0.01324068546295166
(8,1): -0.015131397247314453
(8,3): -0.06239769458770752
(8,6): -0.0028682661056518553
(8,7): -0.017374997138977052
(8,11): -0.0067679834365844726
(8,15): -0.0048486566543579105
(8,16): 0.014038524627685546
(8,22): -0.01426938533782959
(8,23): -0.031511421203613284
(8,25): -0.030979089736938477
(9,0): -0.03791738986968994
(9,1): -0.02661543369293213
(9,4): -0.06315153121948242
(9,10): -0.011731204986572265
(9,23): -0.03543039798736572
(10,0): -0.04078741550445557
(10,1): -0.081187424659729
(10,4): 0.043083844184875486
(10,9): -0.007476730346679688
(10,23): -0.03403707027435303
(11,1): 0.0032821083068847656
(11,3): -0.0008875465393066406
(11,8): 0.0077631759643554685
(11,12): 0.0003394651412963867
(11,13): -0.01410872459411621
(11,17): 0.057778234481811526
(11,18): 0.007561769485473633
(11,19): 0.0007992744445800781
(11,21): 0.016041355133056642
(11,23): 0.008539648056030273
(11,25): -0.031776900291442874
(11,26): -0.05956963062286377
(11,27): -0.044989399909973145
(12,3): 0.0006361961364746094
(12,11): -1.9364356994628906e-05
(12,13): 0.0008960962295532227
(12,14): 0.005949645042419433
(12,17): 0.006109776496887207
(12,18): -0.0024782991409301757
(12,19): -0.0035489988327026367
(12,20): 0.00031269550323486327
(13,11): -0.05756016254425049
(13,12): -0.008488602638244629
(13,14): -0.008007273674011231
(13,17): -0.0005178403854370117
(13,18): 0.007550134658813477
(13,19): -0.022097487449645997
(13,20): 0.012587904930114746
(13,21): 0.06186669826507568
(13,25): -0.0838546085357666
(13,27): -0.13103395462036133
(13,29): -0.08533565044403076
(14,12): 0.015421700477600098
(14,13): 0.002527022361755371
(14,20): 0.014346120357513427
(14,21): -0.001998147964477539
(14,26): 0.005460209846496582
(14,27): -0.011607413291931152
(14,28): 0.0271327543258667
(14,31): -0.10599130153656006
(15,6): -0.002645606994628906
(15,7): -0.007399916648864746
(15,8): 0.0022523307800292967
(15,16): 0.0015676116943359375
(15,22): 0.0389628267288208
(15,29): -0.06937450408935547
(15,30): 0.04907709121704101
(16,0): -0.03871035099029541
(16,6): -0.006556758880615235
(16,7): -0.0034361982345581053
(16,8): -0.0014690732955932617
(16,15): 0.013957314491271973
(16,22): 0.0035880565643310546
(16,29): 0.04968471527099609
(17,11): -0.027310214042663573
(17,12): 0.005834522247314453
(17,13): 0.0026441287994384767
(17,18): -0.0014369392395019531
(17,19): -0.0010366439819335938
(17,20): -0.0038611125946044923
(17,21): -0.005236654281616211
(18,3): 0.002694439888000488
(18,11): 4.76837158203125e-09
(18,12): -0.0007779836654663086
(18,13): 0.027459292411804198
(18,17): -0.004243202209472656
(18,19): 3.0808448791503906e-05
(18,20): 0.004940834045410156
(18,21): 0.0002718305587768555
(19,1): 0.017554564476013182
(19,3): -0.007769742012023926
(19,11): -0.0019970130920410156
(19,12): -0.0016859865188598633
(19,13): -0.011810503005981444
(19,17): 0.017714352607727052
(19,18): 0.0007004165649414063
(19,20): 0.018707332611083986
(19,21): -0.0011285877227783204
(19,23): -0.004837250709533692
(20,12): -0.00215092658996582
(20,13): 0.0034069108963012697
(20,14): -0.0014261674880981445
(20,17): -0.021328010559082032
(20,18): 0.0031287097930908204
(20,19): 0.0013248682022094726
(20,21): -0.008661985397338867
(20,31): -0.013019394874572755
(21,3): -0.0778222370147705
(21,11): -0.0011066865921020507
(21,13): 0.08616945743560792
(21,14): 0.007467079162597656
(21,17): 0.008161354064941406
(21,18): 0.0367818021774292
(21,19): 0.003803105354309082
(21,20): 0.001635894775390625
(22,0): -0.01653180122375488
(22,1): -0.03792830467224121
(22,3): -0.0008550739288330078
(22,6): 0.020805411338806153
(22,8): 0.0066840267181396485
(22,15): 0.0237542724609375
(22,16): 0.004807186126708984
(22,23): -0.055335378646850585
(23,0): -1.7337799072265625e-05
(23,3): -0.004672212600708008
(23,7): 0.013594903945922852
(23,8): 0.005537581443786621
(23,9): 0.003509869575500488
(23,10): 0.03614077091217041
(23,11): 0.0037650966644287107
(23,19): 0.04064646244049072
(23,22): -0.002897357940673828
(24,2): 0.11722975730895996
(25,6): 0.026274237632751465
(25,8): -0.01447845458984375
(25,11): -0.004191975593566894
(25,13): 0.09335102081298828
(25,30): -0.02481039047241211
(26,11): 0.020139012336730957
(26,14): -0.0806692361831665
(27,6): 0.07504855632781983
(27,11): -0.11986181259155274
(27,13): -0.037684569358825686
(27,14): -0.06373386383056641
(28,14): -0.11013087749481201
(29,13): -0.002026219367980957
(29,15): 0.11404642105102539
(29,16): 0.06711409568786621
(30,15): -0.011902732849121094
(30,25): -0.05782705307006836
(31,14): -0.02446497917175293
(31,20): 0.06536308288574219
