Interaction name: 3vi5

Affinity: 5.679999828338623
Predicted value: 6.0588603019714355

Attributions for edges: 

(0,7): 1.0845084619232164e-38
(0,15): 0.0
(0,16): 1.0845084619232164e-38
(0,24): 0.0
(0,25): 0.0
(0,28): 5.485213281485313e-39
(0,30): 0.0
(0,31): 0.0
(1,2): 4.118034669064286e-20
(1,3): 4.118034669064286e-20
(1,7): 4.118034669064286e-20
(1,11): 4.118034669064286e-20
(1,12): 3.2444505166167404e-20
(1,17): 8.317277645829026e-24
(1,27): 4.118034669064286e-20
(1,28): 2.082814771455668e-20
(1,32): 4.600584339998744e-24
(1,33): 4.118034669064286e-20
(1,34): 1.6745630153857174e-38
(2,1): 4.118034669064286e-20
(2,3): 4.118034669064286e-20
(2,7): 4.118034669064286e-20
(2,10): 4.118034669064286e-20
(2,12): 3.2444505166167404e-20
(2,17): 8.317277645829026e-24
(2,27): 4.118034669064286e-20
(2,28): 2.082814771455668e-20
(2,32): 4.600584339998744e-24
(2,33): 4.118034669064286e-20
(3,1): 4.118034669064286e-20
(3,2): 4.118034669064286e-20
(3,10): 4.118034669064286e-20
(3,11): 4.118034669064286e-20
(3,17): 8.317277645829026e-24
(3,27): 4.118034669064286e-20
(3,28): 2.082814771455668e-20
(3,32): 4.600584339998744e-24
(3,33): 4.118034669064286e-20
(4,6): 1.1521453824398036e-20
(4,9): 4.118034669064286e-20
(4,21): 4.118034669064286e-20
(4,22): 4.118034669064286e-20
(4,23): 4.118034669064286e-20
(5,8): 9.924248594395802e-26
(5,13): 5.042567327975972e-24
(5,16): 1.0820173948192442e-22
(5,18): 6.571660044573918e-23
(5,19): 1.4900187058407985e-37
(5,20): 7.687878464495974e-25
(5,24): 1.2795608661471596e-23
(5,25): 1.747494465008628e-35
(5,30): 0.0
(5,33): 1.0820173948192442e-22
(5,34): 0.0
(6,4): 1.1307835238999784e-20
(6,9): 1.1307835238999784e-20
(6,21): 1.1307835238999784e-20
(6,22): 1.1307835238999784e-20
(6,23): 1.1307835238999784e-20
(6,33): 1.1307835238999784e-20
(7,0): 1.4993745030638324e-38
(7,1): 4.118034669064286e-20
(7,2): 4.118034669064286e-20
(7,10): 4.118034669064286e-20
(7,11): 4.118034669064286e-20
(7,16): 4.118034669064286e-20
(7,17): 8.317277645829026e-24
(7,24): 4.869863086002211e-21
(7,27): 4.118034669064286e-20
(7,28): 2.082814771455668e-20
(7,32): 4.600584339998744e-24
(8,5): 9.626730320289279e-26
(8,16): 3.549244878036549e-23
(8,17): 7.168480734844398e-27
(8,18): 2.1556428873287473e-23
(8,19): 4.887537906454428e-38
(8,20): 2.5217765541423295e-25
(8,21): 3.549244878036549e-23
(8,23): 3.549244878036549e-23
(8,24): 4.1972133323189154e-24
(8,27): 3.549244878036549e-23
(8,29): 3.3139419483915055e-24
(8,32): 3.9651284510357516e-27
(9,4): 4.118034669064286e-20
(9,6): 1.1521453824398036e-20
(9,21): 4.118034669064286e-20
(9,22): 4.118034669064286e-20
(9,23): 4.118034669064286e-20
(10,2): 4.118034669064286e-20
(10,3): 4.118034669064286e-20
(10,7): 4.118034669064286e-20
(10,11): 4.118034669064286e-20
(10,12): 3.2444505166167404e-20
(10,17): 8.317277645829026e-24
(10,27): 4.118034669064286e-20
(10,28): 2.082814771455668e-20
(10,32): 4.600584339998744e-24
(11,1): 4.118034669064286e-20
(11,3): 4.118034669064286e-20
(11,7): 4.118034669064286e-20
(11,10): 4.118034669064286e-20
(11,12): 3.2444505166167404e-20
(11,17): 8.317277645829026e-24
(11,27): 4.118034669064286e-20
(11,28): 2.082814771455668e-20
(11,32): 4.600584339998744e-24
(12,1): 3.233910103037798e-20
(12,2): 3.233910103037798e-20
(12,10): 3.233910103037798e-20
(12,11): 3.233910103037798e-20
(12,17): 6.5315691078514094e-24
(12,27): 3.233910103037798e-20
(12,28): 1.63563705490038e-20
(12,32): 3.6128448952538204e-24
(13,5): 5.318176001168016e-24
(13,14): 1.0558486950260776e-21
(13,15): 4.635144671973149e-32
(13,24): 2.318719432208528e-22
(13,25): 3.166659869494093e-34
(13,26): 9.97337884565651e-22
(13,30): 0.0
(13,31): 2.9138632982130823e-32
(13,38): 1.960746621784031e-21
(13,40): 1.960746621784031e-21
(14,13): 1.027768780897065e-21
(14,15): 5.213444399286734e-31
(14,25): 3.561717760948791e-33
(14,26): 1.1217611967713983e-20
(14,30): 0.0
(14,31): 3.277409200163219e-31
(14,35): 1.2315237019719236e-22
(14,41): 1.4244253702179557e-28
(15,0): 0.0
(15,13): 3.8754394238312037e-32
(15,14): 4.477978491180637e-31
(15,16): 8.315693421332794e-31
(15,25): 0.0
(15,26): 4.2298104748237375e-31
(15,30): 0.0
(16,0): 1.4993745030638324e-38
(16,5): 1.1169434856458717e-22
(16,7): 4.118034669064286e-20
(16,8): 3.777041717282324e-23
(16,15): 9.734944863509956e-31
(16,17): 8.317277645829026e-24
(16,18): 2.50109884303228e-20
(16,24): 4.869863086002211e-21
(16,25): 6.650764835328125e-33
(16,27): 4.118034669064286e-20
(16,28): 2.082814771455668e-20
(16,30): 0.0
(16,31): 6.1198304773865735e-31
(16,32): 4.600584339998744e-24
(16,40): 4.118034669064286e-20
(17,1): 8.914289945483004e-24
(17,2): 8.914289945483004e-24
(17,3): 8.914289945483004e-24
(17,7): 8.914289945483004e-24
(17,8): 8.17614422993131e-27
(17,10): 8.914289945483004e-24
(17,11): 8.914289945483004e-24
(17,12): 7.023246782983488e-24
(17,16): 8.914289945483004e-24
(17,18): 5.414096359647007e-24
(17,19): 1.2275597353941225e-38
(17,24): 1.054172872840045e-24
(17,27): 8.914289945483004e-24
(17,28): 4.508658773143792e-24
(17,29): 8.323272397063027e-25
(17,38): 8.914289945483004e-24
(18,5): 6.744796080608205e-23
(18,8): 2.2808114471601652e-23
(18,16): 2.4867146245443805e-20
(18,17): 5.022467152110941e-24
(18,19): 3.4243789129087804e-35
(18,20): 1.766851023142144e-22
(18,24): 2.940713309589285e-21
(18,25): 4.016143305825548e-33
(18,27): 2.4867146245443805e-20
(18,28): 1.2577323219134267e-20
(18,29): 2.3218630618484956e-21
(18,32): 2.7781069952287754e-24
(18,40): 2.4867146245443805e-20
(19,5): 1.1868232323350294e-37
(19,8): 4.0133611210398987e-38
(19,17): 8.837599853523539e-39
(19,18): 2.6575657213421265e-35
(19,20): 3.108974358604315e-37
(19,21): 4.375672397101309e-35
(19,22): 4.375672397101309e-35
(19,23): 4.375672397101309e-35
(19,24): 5.174537396517285e-36
(19,29): 4.085595848429463e-36
(19,32): 4.888375042157016e-39
(20,5): 7.6595420877423695e-25
(20,8): 2.5901409658220125e-25
(20,18): 1.7151514775511107e-22
(20,19): 3.888831930410745e-37
(20,21): 2.8239693172199715e-22
(20,22): 2.8239693172199715e-22
(20,23): 2.8239693172199715e-22
(20,29): 2.6367598448643608e-23
(20,37): 0.0
(21,4): 4.118034669064286e-20
(21,6): 1.1521453824398036e-20
(21,8): 3.777041717282324e-23
(21,9): 4.118034669064286e-20
(21,19): 5.670798265895282e-35
(21,20): 2.925907816658803e-22
(21,22): 4.118034669064286e-20
(21,23): 4.118034669064286e-20
(21,29): 3.845023465553089e-21
(22,4): 4.118034669064286e-20
(22,6): 1.1521453824398036e-20
(22,9): 4.118034669064286e-20
(22,19): 5.670798265895282e-35
(22,20): 2.925907816658803e-22
(22,21): 4.118034669064286e-20
(22,23): 4.118034669064286e-20
(22,29): 3.845023465553089e-21
(23,4): 4.118034669064286e-20
(23,6): 1.1521453824398036e-20
(23,8): 3.777041717282324e-23
(23,9): 4.118034669064286e-20
(23,19): 5.670798265895282e-35
(23,20): 2.925907816658803e-22
(23,21): 4.118034669064286e-20
(23,22): 4.118034669064286e-20
(23,29): 3.845023465553089e-21
(24,0): 0.0
(24,5): 1.3493991165168284e-23
(24,7): 4.9750705240580824e-21
(24,8): 4.563128435357945e-24
(24,13): 2.3185427273657587e-22
(24,16): 4.9750705240580824e-21
(24,17): 1.0048211429637396e-24
(24,18): 3.0216336262613486e-21
(24,19): 6.851070071419264e-36
(24,25): 8.034875821629775e-34
(24,27): 4.9750705240580824e-21
(24,28): 2.516285038973444e-21
(24,30): 0.0
(24,32): 5.558047204593671e-25
(24,39): 0.0
(24,40): 4.9750705240580824e-21
(25,0): 0.0
(25,5): 1.4417222973391236e-35
(25,13): 2.4771722804868377e-34
(25,14): 2.8623359074209704e-33
(25,15): 0.0
(25,16): 5.315413171027592e-33
(25,18): 3.2283427876097904e-33
(25,24): 6.285846297604274e-34
(25,26): 2.7037062508553644e-33
(25,30): 0.0
(25,31): 0.0
(25,39): 0.0
(26,13): 9.708768897189946e-22
(26,14): 1.1218339789717802e-20
(26,15): 4.924855834182459e-31
(26,25): 3.3645605423510156e-33
(26,30): 0.0
(26,31): 3.095941554458418e-31
(26,36): 1.5499260191126493e-27
(26,42): 0.0
(27,1): 4.118034669064286e-20
(27,2): 4.118034669064286e-20
(27,3): 4.118034669064286e-20
(27,7): 4.118034669064286e-20
(27,8): 3.777041717282324e-23
(27,10): 4.118034669064286e-20
(27,11): 4.118034669064286e-20
(27,12): 3.2444505166167404e-20
(27,16): 4.118034669064286e-20
(27,17): 8.317277645829026e-24
(27,18): 2.50109884303228e-20
(27,24): 4.869863086002211e-21
(27,28): 2.082814771455668e-20
(27,32): 4.600584339998744e-24
(28,0): 7.657238512874959e-39
(28,1): 2.1030697104707067e-20
(28,2): 2.1030697104707067e-20
(28,3): 2.1030697104707067e-20
(28,7): 2.1030697104707067e-20
(28,10): 2.1030697104707067e-20
(28,11): 2.1030697104707067e-20
(28,12): 1.656932593588359e-20
(28,16): 2.1030697104707067e-20
(28,17): 4.2475959061831184e-24
(28,18): 1.2773046753643958e-20
(28,24): 2.487026352081865e-21
(28,27): 2.1030697104707067e-20
(28,30): 0.0
(28,32): 2.3495064408629425e-24
(29,8): 3.444903113849961e-24
(29,17): 7.585830431720452e-25
(29,18): 2.2811532953002773e-21
(29,19): 5.172170121364369e-36
(29,20): 2.6686145215337284e-23
(29,21): 3.755895966240851e-21
(29,22): 3.755895966240851e-21
(29,23): 3.755895966240851e-21
(29,32): 4.195994049182283e-25
(29,38): 3.755895966240851e-21
(30,0): 0.0
(30,5): 0.0
(30,13): 0.0
(30,14): 0.0
(30,15): 0.0
(30,16): 0.0
(30,24): 0.0
(30,25): 0.0
(30,26): 0.0
(30,28): 0.0
(30,31): 0.0
(31,0): 0.0
(31,13): 2.4298922905755825e-32
(31,14): 2.807682833068984e-31
(31,16): 5.214001583609024e-31
(31,25): 0.0
(31,26): 2.6521023941557315e-31
(31,30): 0.0
(32,1): 4.945997736971984e-24
(32,2): 4.945997736971984e-24
(32,3): 4.945997736971984e-24
(32,7): 4.945997736971984e-24
(32,8): 4.536462502386025e-27
(32,10): 4.945997736971984e-24
(32,11): 4.945997736971984e-24
(32,12): 3.896772501121872e-24
(32,16): 4.945997736971984e-24
(32,18): 3.0039756217639186e-24
(32,19): 6.811008383253845e-39
(32,24): 5.848986502010167e-25
(32,27): 4.945997736971984e-24
(32,28): 2.501590145919596e-24
(32,29): 4.618112533489915e-25
(32,43): 2.688444374488063e-25
(33,1): 4.118034669064286e-20
(33,2): 4.118034669064286e-20
(33,3): 4.118034669064286e-20
(33,5): 1.1169434856458717e-22
(33,6): 1.1521453824398036e-20
(33,34): 1.6745630153857174e-38
(33,37): 0.0
(33,39): 0.0
(34,1): 1.1322191713873156e-38
(34,5): 0.0
(34,33): 1.1322191713873156e-38
(34,37): 0.0
(35,14): 1.1493304540996462e-22
(35,40): 2.1343450943918456e-22
(35,41): 1.3785569562262708e-30
(35,42): 0.0
(36,26): 1.2067981994712389e-27
(37,20): 0.0
(37,33): 0.0
(37,34): 0.0
(37,39): 0.0
(38,13): 1.9191438394475536e-21
(38,17): 8.317277645829026e-24
(38,29): 3.845023465553089e-21
(38,43): 2.2383975895953758e-21
(39,24): 0.0
(39,25): 0.0
(39,33): 0.0
(39,37): 0.0
(40,13): 1.9191438394475536e-21
(40,16): 4.118034669064286e-20
(40,18): 2.50109884303228e-20
(40,24): 4.869863086002211e-21
(40,35): 2.2996045120596816e-22
(40,42): 0.0
(41,14): 1.0821172022867522e-28
(41,35): 1.1221619840463842e-30
(42,26): 0.0
(42,35): 0.0
(42,40): 0.0
(43,32): 2.4257238642464876e-25
(43,38): 2.171292764350403e-21
