Interaction name: 5eyk

Affinity: 8.520000457763672
Predicted value: 7.6167802810668945

Shapley values for edges: 

(0,3): -0.00290867805480957
(0,13): -0.0008983802795410156
(0,26): 0.010023164749145507
(0,28): 0.0015334701538085938
(1,2): -0.00445775032043457
(1,4): -0.002956352233886719
(1,8): -0.006381845474243164
(1,18): 0.0007459640502929688
(1,24): -0.027996625900268555
(1,29): 0.007617282867431641
(2,1): 0.0018922805786132813
(2,8): -0.004183425903320313
(2,11): -0.009469671249389649
(2,12): 0.008133363723754884
(2,18): 0.0025261402130126952
(2,20): 0.015419960021972656
(2,21): 0.013039331436157226
(2,23): 0.010636510848999024
(2,24): -0.002245149612426758
(2,25): -0.004963388442993164
(3,0): 0.0043580055236816405
(3,13): 0.0020325565338134765
(3,14): 0.011969623565673828
(3,26): 0.0058072757720947265
(3,30): 0.008585557937622071
(4,1): 0.002625703811645508
(4,7): 0.012267847061157227
(4,8): -0.0006357383728027344
(4,15): 0.0020637798309326174
(4,16): 0.012162399291992188
(4,30): 0.0033530235290527345
(5,11): -0.018950433731079103
(5,22): 0.00013101577758789062
(5,25): -0.011554346084594727
(5,27): -0.00477508544921875
(6,11): -0.0034461307525634768
(6,22): -0.008223886489868165
(6,25): -0.008306751251220703
(6,27): -0.004132862091064453
(7,4): 0.004658288955688476
(7,8): 0.001016397476196289
(7,10): 0.0015946483612060546
(7,15): 0.0019019126892089843
(7,16): -0.0011104488372802735
(7,19): -8.330345153808593e-05
(7,20): 0.00131805419921875
(7,21): 0.00011944770812988281
(7,23): 0.001522197723388672
(7,26): 0.0007956504821777343
(7,39): 0.001245708465576172
(8,1): 0.01089019775390625
(8,2): 0.006929903030395508
(8,4): 0.00019845008850097657
(8,7): 0.0004219150543212891
(8,15): 0.0019380664825439453
(8,16): 0.000765695571899414
(8,19): 0.0005336761474609375
(8,21): 0.0013075542449951171
(8,23): 0.0011686992645263672
(8,31): 0.002688713073730469
(8,38): 0.0019988155364990233
(9,10): 4.923820495605469e-05
(9,17): -1.2235641479492188e-05
(9,20): -0.0003292083740234375
(9,21): -0.0012191200256347655
(9,23): -0.001410198211669922
(9,41): -0.0009160709381103516
(10,7): -0.0019481277465820312
(10,9): -0.00046604156494140626
(10,17): -0.00014965057373046874
(10,20): -0.0016783809661865235
(10,21): -0.001307992935180664
(10,23): -0.00055816650390625
(10,32): -0.0003525924682617188
(10,40): -0.0005782985687255859
(11,2): -0.0012919044494628907
(11,5): -0.010152368545532227
(11,6): 0.009340972900390624
(11,12): -0.00038457870483398437
(11,18): 0.00028921127319335937
(11,22): -0.00014122962951660157
(11,24): 0.0012126827239990234
(11,25): 0.0016630935668945314
(11,27): 0.00038707733154296875
(12,2): 0.006062698364257812
(12,11): 0.010880708694458008
(12,18): 0.00019125938415527345
(12,20): -0.0014833354949951173
(12,21): -0.0009595012664794922
(12,22): 0.0010874748229980468
(12,23): -0.0017523574829101563
(12,24): 0.007690029144287109
(12,25): 0.0023906326293945315
(12,27): 0.002564830780029297
(12,31): -0.002254152297973633
(12,32): -0.00039734840393066404
(13,0): 0.019865007400512696
(13,3): 0.004977827072143555
(13,15): 0.0026453685760498046
(13,16): 0.0016769599914550782
(13,19): 0.0032270050048828127
(13,26): 0.0008399105072021485
(13,33): 0.0028004741668701174
(14,3): 0.005994739532470703
(14,34): 0.00021897315979003908
(14,35): 0.001382303237915039
(14,36): 0.0008256244659423828
(14,37): 0.001045980453491211
(15,4): 0.0031116962432861327
(15,7): 0.0014022922515869141
(15,8): 0.0027376079559326173
(15,13): 0.001833047866821289
(15,16): -2.3555755615234374e-05
(15,19): 0.00041434288024902346
(15,26): 0.0014422512054443359
(15,33): 0.0031369590759277345
(16,4): 0.005543947219848633
(16,7): 0.00023421287536621094
(16,8): 0.0031450748443603515
(16,13): 0.0006856536865234375
(16,15): 0.0014016532897949219
(16,19): 0.0002625560760498047
(16,26): 0.0003121185302734375
(16,31): 0.0009275245666503907
(16,43): 0.0013442420959472656
(16,44): 0.0022583675384521486
(17,9): -3.396034240722656e-05
(17,10): -7.876396179199219e-05
(17,20): -0.0009763240814208984
(17,21): -0.0011701774597167969
(17,23): -0.001161794662475586
(17,39): -0.0010027027130126954
(18,1): 0.012863073348999023
(18,2): 0.0025740909576416017
(18,11): 0.006123428344726563
(18,12): 0.00010408401489257813
(18,20): -0.0005182743072509766
(18,21): -0.0010909748077392578
(18,22): 0.0007573509216308594
(18,24): 0.002859067916870117
(18,25): 0.0036023902893066407
(18,27): 0.0016459083557128905
(18,40): 0.00044347763061523436
(18,41): -0.00040447235107421875
(19,7): 0.000142822265625
(19,8): 0.0034844779968261717
(19,13): 0.002267160415649414
(19,15): 0.0012652587890625
(19,16): -0.0003757667541503906
(19,26): 0.001129751205444336
(19,43): 0.00041708946228027346
(20,2): 0.008073272705078125
(20,7): 9.402275085449219e-05
(20,9): 0.0005503368377685547
(20,10): 0.0012611675262451172
(20,12): 0.0007699775695800781
(20,17): 0.00047489166259765623
(20,18): 0.00242375373840332
(20,21): -5.28717041015625e-05
(20,23): -0.00047295570373535157
(20,40): 0.0011382484436035156
(21,2): 0.005915184020996094
(21,7): -0.0010058975219726562
(21,8): 0.00042859077453613284
(21,9): 0.0005194377899169921
(21,10): 0.0005619716644287109
(21,12): 0.0007168197631835937
(21,17): 0.0004464626312255859
(21,18): 0.001856231689453125
(21,20): -3.910064697265625e-06
(21,23): -0.00035124778747558594
(21,31): -0.0005762386322021485
(21,40): 0.0007768917083740234
(22,5): -0.0004626274108886719
(22,6): 0.017216873168945313
(22,11): 0.005198764801025391
(22,12): 0.0001998710632324219
(22,18): 0.0031059932708740233
(22,24): 0.006011486053466797
(22,25): 0.0021675300598144533
(22,31): 0.00018502235412597655
(23,2): 0.01041271209716797
(23,7): 0.0006934833526611328
(23,8): 0.0014795589447021485
(23,9): 0.000698089599609375
(23,10): 0.0002616786956787109
(23,12): 0.00017597198486328126
(23,17): 0.0007157325744628906
(23,20): -0.000543203353881836
(23,21): -9.602546691894531e-05
(23,32): 0.0012504291534423829
(23,42): 0.0005464267730712891
(24,1): 0.00795074462890625
(24,2): 0.001246500015258789
(24,11): 0.003534393310546875
(24,12): -0.00026454925537109373
(24,18): 0.000408935546875
(24,22): 0.0006249618530273438
(24,25): 0.003506793975830078
(24,27): 0.00046395301818847657
(25,2): 0.0034269428253173827
(25,5): -0.005648403167724609
(25,6): 0.014580039978027344
(25,11): 0.005780611038208008
(25,12): -0.0003620147705078125
(25,18): 0.0005950641632080078
(25,22): 0.0008182907104492187
(25,24): 0.0032531166076660155
(25,27): 0.0010079288482666017
(25,41): -0.0010135650634765625
(25,45): -0.0015064620971679688
(26,0): 0.019002761840820313
(26,3): 0.005596094131469727
(26,7): 8.454322814941407e-05
(26,13): -4.538536071777344e-05
(26,15): 0.000749969482421875
(26,16): -0.0012843704223632812
(26,19): -0.00010280609130859375
(26,34): 0.0009643745422363282
(26,37): 0.0022163963317871093
(26,39): 0.001387338638305664
(26,43): 0.0007232284545898438
(26,44): 0.0013308525085449219
(27,5): 0.00336090087890625
(27,6): 0.003373088836669922
(27,11): -0.006995534896850586
(27,12): -0.013472061157226562
(27,18): -0.011099939346313476
(27,24): -0.007170772552490235
(27,25): -0.007943143844604492
(28,0): 0.004727363586425781
(28,33): 0.004599723815917969
(29,1): 0.008570547103881837
(29,30): -0.011824979782104492
(30,3): -0.0033511924743652344
(30,4): -0.0007159900665283203
(30,29): 0.016867704391479492
(30,44): 0.0035095500946044924
(31,8): 0.0008861827850341797
(31,12): -0.0007953739166259766
(31,16): -0.0029576873779296876
(31,21): -0.0028279972076416015
(31,22): 0.0031473445892333985
(31,39): -0.0008401203155517578
(31,42): -0.0003271579742431641
(32,10): 1.1577606201171876e-05
(32,12): -0.0006166553497314453
(32,23): -0.0001476860046386719
(32,45): -0.000691680908203125
(33,13): 0.0021938419342041014
(33,15): 0.005017900466918945
(33,28): 0.03403631210327149
(34,14): -0.00030364990234375
(34,26): 0.0025620365142822264
(35,14): -0.0022886371612548828
(35,37): -0.0004679775238037109
(36,14): 0.00012328147888183595
(37,14): -0.0005795574188232422
(37,26): -0.00023833274841308593
(37,35): 4.364013671875e-05
(38,8): 0.004154300689697266
(38,40): 0.000514984130859375
(38,44): 0.004525890350341797
(39,7): -0.0005810260772705078
(39,17): -0.00021718978881835938
(39,26): -0.0009034824371337891
(39,31): -0.0004085540771484375
(39,42): -0.00016451835632324218
(40,10): -0.0007837104797363281
(40,18): 0.0022989845275878905
(40,20): -0.002044925689697266
(40,21): -0.0019087696075439453
(40,38): -0.0021869754791259766
(40,41): -0.0006920051574707031
(41,9): -0.00016750335693359374
(41,18): 0.0032247066497802734
(41,25): 0.013444356918334961
(41,40): -0.0005027198791503906
(42,23): 0.0008502960205078125
(42,31): -0.00022855758666992187
(42,39): 3.870964050292969e-05
(43,16): -0.0019328975677490234
(43,19): -0.0019860267639160156
(43,26): 0.0013804054260253907
(44,16): -0.0005187225341796875
(44,26): 0.0029787254333496094
(44,30): 0.010872392654418946
(44,38): 0.0014610862731933593
(45,25): 0.008771018981933594
(45,32): 0.0006743431091308594
