Interaction name: 5vp1

Affinity: 9.289999961853027
Predicted value: 8.22601318359375

Attributions for edges: 

(0,2): 0.0
(0,10): 0.0
(1,3): 0.4573759436607361
(2,0): 0.49779877066612244
(2,3): 0.4566291868686676
(2,10): 0.0
(2,11): 0.4882030785083771
(2,24): 0.5296252965927124
(3,1): 0.49813923239707947
(3,2): 0.4736250340938568
(3,6): 0.5986166596412659
(3,7): 0.0
(3,8): 0.4347664415836334
(3,11): 0.5896891355514526
(3,25): 0.5147795677185059
(4,7): 0.0
(4,22): 0.42943310737609863
(5,9): 0.0
(5,12): 0.4533802270889282
(5,13): 0.0
(5,14): 0.0
(5,15): 0.0
(5,16): 0.0
(5,17): 0.0
(5,18): 0.42208653688430786
(5,23): 0.0
(6,3): 0.4328557252883911
(6,7): 0.0
(6,12): 0.49072372913360596
(6,19): 0.0
(6,20): 0.0
(6,21): 0.0
(6,22): 0.5043599605560303
(7,3): 0.0
(7,4): 0.0
(7,6): 0.0
(7,8): 0.0
(7,12): 0.0
(7,18): 0.47760117053985596
(7,19): 0.0
(7,20): 0.0
(7,21): 0.4062787592411041
(7,22): 0.0
(8,3): 0.5044384002685547
(8,7): 0.0
(8,12): 0.5307903289794922
(8,19): 0.0
(8,20): 0.0
(8,21): 0.0
(8,22): 0.4793685972690582
(9,5): 0.0
(9,12): 0.0
(9,13): 0.0
(9,14): 0.5431671738624573
(9,15): 0.43966224789619446
(9,17): 0.47029611468315125
(9,18): 0.0
(9,22): 0.0
(9,23): 0.0
(9,26): 0.5056276917457581
(9,34): 0.3657797873020172
(9,39): 0.5514455437660217
(10,0): 0.5257073640823364
(10,2): 0.0
(10,24): 0.4443458914756775
(10,27): 0.5255482196807861
(10,28): 0.523004412651062
(10,31): 0.49651899933815
(10,37): 0.5500594973564148
(10,38): 0.5220435857772827
(11,2): 0.46652424335479736
(11,3): 0.44801023602485657
(11,27): 0.5110833048820496
(11,29): 0.4271070063114166
(11,30): 0.5201206207275391
(11,31): 0.5214452147483826
(11,32): 0.5287382006645203
(11,37): 0.42436516284942627
(11,39): 0.4942508935928345
(12,5): 0.5284005999565125
(12,6): 0.4402952790260315
(12,7): 0.0
(12,8): 0.34715238213539124
(12,9): 0.0
(12,13): 0.0
(12,18): 0.0
(12,19): 0.5328384637832642
(12,21): 0.5460472106933594
(12,22): 0.0
(12,23): 0.0
(12,32): 0.5089713931083679
(12,37): 0.571035623550415
(13,5): 0.0
(13,9): 0.0
(13,12): 0.0
(13,14): 0.0
(13,15): 0.0
(13,16): 0.3926730453968048
(13,17): 0.0
(13,18): 0.0
(13,22): 0.0
(13,23): 0.0
(13,35): 0.41153526306152344
(13,40): 0.4906332492828369
(14,5): 0.0
(14,9): 0.5660717487335205
(14,13): 0.0
(14,15): 0.0
(14,16): 0.0
(14,17): 0.0
(14,23): 0.5057402849197388
(14,33): 0.5260168313980103
(15,5): 0.0
(15,9): 0.4866091310977936
(15,13): 0.0
(15,14): 0.0
(15,16): 0.0
(15,17): 0.0
(15,26): 0.41847649216651917
(15,34): 0.5150327086448669
(15,38): 0.42006418108940125
(15,41): 0.38330748677253723
(15,42): 0.5088750123977661
(15,44): 0.39052334427833557
(16,5): 0.0
(16,13): 0.4815271198749542
(16,14): 0.0
(16,15): 0.0
(16,17): 0.0
(16,40): 0.4621928632259369
(17,5): 0.0
(17,9): 0.4780467748641968
(17,13): 0.0
(17,14): 0.0
(17,15): 0.0
(17,16): 0.0
(17,23): 0.44826939702033997
(17,34): 0.5105689167976379
(17,35): 0.44942522048950195
(17,36): 0.5116089582443237
(18,5): 0.4306018352508545
(18,7): 0.4316900074481964
(18,9): 0.0
(18,12): 0.0
(18,13): 0.0
(18,19): 0.36621376872062683
(18,21): 0.3869040012359619
(18,22): 0.0
(18,23): 0.0
(18,35): 0.4513597786426544
(19,6): 0.0
(19,7): 0.0
(19,8): 0.0
(19,12): 0.4800819456577301
(19,18): 0.46191176772117615
(19,20): 0.0
(19,21): 0.0
(19,22): 0.0
(19,26): 0.42683425545692444
(19,42): 0.47769156098365784
(20,6): 0.0
(20,7): 0.0
(20,8): 0.0
(20,19): 0.0
(20,21): 0.0
(20,22): 0.595587432384491
(20,37): 0.4183170795440674
(20,38): 0.48271891474723816
(20,45): 0.46674609184265137
(21,6): 0.0
(21,7): 0.49289166927337646
(21,8): 0.0
(21,12): 0.5236329436302185
(21,18): 0.4670369625091553
(21,19): 0.0
(21,20): 0.0
(21,22): 0.5020855069160461
(21,34): 0.5432036519050598
(21,35): 0.4913608133792877
(21,38): 0.576533317565918
(22,4): 0.4555468261241913
(22,6): 0.4288422763347626
(22,7): 0.0
(22,8): 0.5095746517181396
(22,9): 0.0
(22,12): 0.0
(22,13): 0.0
(22,18): 0.0
(22,19): 0.0
(22,20): 0.5403355956077576
(22,21): 0.44854164123535156
(22,23): 0.0
(22,43): 0.4764655530452728
(23,5): 0.0
(23,9): 0.0
(23,12): 0.0
(23,13): 0.0
(23,14): 0.4401805102825165
(23,17): 0.4823301136493683
(23,18): 0.0
(23,22): 0.0
(23,33): 0.5543683767318726
(23,35): 0.43812766671180725
(24,2): 0.0
(24,10): 0.0
(25,3): 0.4952917695045471
(25,45): 0.4418446123600006
(26,9): 0.4652101397514343
(26,15): 0.0
(26,19): 0.465505987405777
(26,28): 0.4257873296737671
(26,42): 0.5261929035186768
(27,10): 0.4026954174041748
(27,11): 0.0
(27,30): 0.43389764428138733
(28,10): 0.5882218480110168
(28,26): 0.34115391969680786
(29,11): 0.49116799235343933
(30,11): 0.4711986482143402
(30,27): 0.4886692762374878
(30,38): 0.0
(31,10): 0.41515052318573
(31,11): 0.4661686420440674
(32,11): 0.0
(32,12): 0.4922811686992645
(32,45): 0.0
(33,14): 0.5022578835487366
(33,23): 0.47100624442100525
(34,9): 0.4531623423099518
(34,15): 0.4500906765460968
(34,17): 0.5836873650550842
(34,21): 0.4865385591983795
(34,40): 0.0
(35,13): 0.508323609828949
(35,17): 0.4369219243526459
(35,18): 0.47471654415130615
(35,21): 0.5596547722816467
(35,23): 0.4708987772464752
(36,17): 0.4321087598800659
(36,41): 0.0
(36,43): 0.0
(37,10): 0.4695061445236206
(37,11): 0.3249233067035675
(37,12): 0.46057847142219543
(37,20): 0.5068784356117249
(38,10): 0.4803159236907959
(38,15): 0.5067381858825684
(38,20): 0.5159841775894165
(38,21): 0.5676376819610596
(38,30): 0.0
(39,9): 0.4140443801879883
(39,11): 0.5544149279594421
(39,42): 0.0
(40,13): 0.4978155493736267
(40,16): 0.45859184861183167
(40,34): 0.0
(41,15): 0.45258623361587524
(41,36): 0.0
(41,43): 0.0
(41,44): 0.45446550846099854
(42,15): 0.4563800096511841
(42,19): 0.44671905040740967
(42,26): 0.4170289933681488
(42,39): 0.0
(43,22): 0.4841027557849884
(43,36): 0.0
(43,41): 0.0
(44,15): 0.3602660894393921
(44,41): 0.5281281471252441
(45,20): 0.5942129492759705
(45,25): 0.49609866738319397
(45,32): 0.0
