Interaction name: 6h7l

Affinity: 8.970000267028809
Predicted value: 8.634965896606445

Attributions for edges: 

(0,8): 0.529731273651123
(0,9): 0.4697914719581604
(0,18): 0.5142544507980347
(0,19): 0.40006956458091736
(0,23): 0.5055899024009705
(0,24): 0.5552177429199219
(0,26): 0.5590698719024658
(1,2): 0.4129427373409271
(1,6): 0.5272940993309021
(1,14): 0.5220944881439209
(1,15): 0.4860572814941406
(1,16): 0.5062610507011414
(1,21): 0.5631438493728638
(1,22): 0.39937296509742737
(1,27): 0.5388959646224976
(1,30): 0.43141210079193115
(1,31): 0.5066543221473694
(2,1): 0.3917499780654907
(2,5): 0.5134653449058533
(2,15): 0.520732581615448
(2,16): 0.5305816531181335
(2,17): 0.5529217720031738
(2,21): 0.44593438506126404
(2,22): 0.482214093208313
(2,25): 0.5345831513404846
(2,31): 0.6146942377090454
(3,8): 0.5117629170417786
(3,9): 0.513055145740509
(3,18): 0.5448693037033081
(3,19): 0.4163961708545685
(3,23): 0.5315302014350891
(3,24): 0.5084136724472046
(4,10): 0.5319681763648987
(4,11): 0.5475196242332458
(4,12): 0.49085259437561035
(4,13): 0.502724289894104
(4,14): 0.5769097208976746
(4,28): 0.4073736071586609
(4,29): 0.5102651119232178
(5,2): 0.4839240312576294
(5,6): 0.35608652234077454
(5,14): 0.6321601271629333
(5,15): 0.47675666213035583
(5,16): 0.5676717162132263
(5,21): 0.46685948967933655
(5,22): 0.46616658568382263
(6,1): 0.5806084871292114
(6,5): 0.48751237988471985
(6,15): 0.4831947088241577
(6,16): 0.42750048637390137
(6,17): 0.49895575642585754
(6,21): 0.5325450897216797
(6,22): 0.5378566980361938
(6,25): 0.4649772346019745
(7,10): 0.41396650671958923
(7,11): 0.5215176939964294
(7,12): 0.4582214951515198
(7,13): 0.4492597281932831
(7,14): 0.47228941321372986
(8,0): 0.5229582190513611
(8,3): 0.5677145719528198
(8,9): 0.4029447138309479
(8,10): 0.5039112567901611
(8,18): 0.45588505268096924
(8,19): 0.5304588079452515
(8,20): 0.5413374304771423
(8,23): 0.44923704862594604
(8,24): 0.5144728422164917
(8,41): 0.5407059788703918
(9,0): 0.530661940574646
(9,3): 0.42187702655792236
(9,8): 0.4259323477745056
(9,10): 0.5389847159385681
(9,11): 0.5060485005378723
(9,18): 0.5235618352890015
(9,19): 0.5887628197669983
(9,20): 0.5067453980445862
(9,23): 0.4328293204307556
(9,24): 0.47099149227142334
(9,34): 0.446513295173645
(9,37): 0.5107740759849548
(9,41): 0.5281948447227478
(10,4): 0.48417478799819946
(10,7): 0.5489442348480225
(10,8): 0.4343460202217102
(10,9): 0.46981310844421387
(10,11): 0.46706095337867737
(10,12): 0.5613503456115723
(10,19): 0.48893529176712036
(10,20): 0.5390783548355103
(10,23): 0.4238571524620056
(10,34): 0.5295572876930237
(11,4): 0.4228098392486572
(11,7): 0.5439080595970154
(11,9): 0.4525378942489624
(11,10): 0.5411837100982666
(11,12): 0.3740297257900238
(11,19): 0.6027142405509949
(11,20): 0.4625648558139801
(11,36): 0.5386159420013428
(11,37): 0.5298827290534973
(11,42): 0.33147650957107544
(11,44): 0.5700028538703918
(11,47): 0.5076532363891602
(12,4): 0.5648620128631592
(12,7): 0.46575209498405457
(12,10): 0.4562825560569763
(12,11): 0.44444096088409424
(12,35): 0.47710102796554565
(12,36): 0.5406510233879089
(12,37): 0.4103912115097046
(12,38): 0.6086592078208923
(12,40): 0.5585405230522156
(12,47): 0.4582225978374481
(13,4): 0.5722144246101379
(13,7): 0.4916219413280487
(13,14): 0.4262702465057373
(13,16): 0.42067569494247437
(13,17): 0.5396552681922913
(13,21): 0.4145181179046631
(13,22): 0.475024938583374
(13,25): 0.567369282245636
(13,37): 0.4731311798095703
(13,39): 0.4647194445133209
(13,47): 0.5369705557823181
(14,1): 0.43083512783050537
(14,4): 0.5250677466392517
(14,5): 0.4658212661743164
(14,7): 0.546587347984314
(14,13): 0.49989810585975647
(14,15): 0.5518776178359985
(14,16): 0.49876102805137634
(14,17): 0.475614070892334
(14,21): 0.4739294946193695
(14,22): 0.41035595536231995
(14,25): 0.5344348549842834
(14,47): 0.3813747465610504
(15,1): 0.486079603433609
(15,2): 0.5002621412277222
(15,5): 0.45033925771713257
(15,6): 0.4988725483417511
(15,14): 0.4326440393924713
(15,16): 0.44717156887054443
(15,17): 0.4787254333496094
(15,21): 0.4541160464286804
(15,22): 0.458319753408432
(15,25): 0.4974951446056366
(15,40): 0.532194197177887
(15,43): 0.3922542333602905
(16,1): 0.45587337017059326
(16,2): 0.6261506676673889
(16,5): 0.43138962984085083
(16,6): 0.5323117971420288
(16,13): 0.5747324824333191
(16,14): 0.46355587244033813
(16,15): 0.6195562481880188
(16,17): 0.4867078363895416
(16,21): 0.4443468749523163
(16,22): 0.40920403599739075
(16,25): 0.4635527431964874
(16,44): 0.4982132613658905
(17,2): 0.5781440734863281
(17,6): 0.5849809646606445
(17,13): 0.5672803521156311
(17,14): 0.4131658971309662
(17,15): 0.5028325915336609
(17,16): 0.4200366735458374
(17,21): 0.4542030990123749
(17,22): 0.39217936992645264
(17,45): 0.6056117415428162
(17,46): 0.5775542259216309
(17,47): 0.5394710302352905
(18,0): 0.4204592704772949
(18,3): 0.49675261974334717
(18,8): 0.4117897152900696
(18,9): 0.47941088676452637
(18,19): 0.6189525723457336
(18,20): 0.5417926907539368
(18,23): 0.5165037512779236
(18,33): 0.45308607816696167
(18,46): 0.5136840343475342
(19,0): 0.5180941820144653
(19,3): 0.511520266532898
(19,8): 0.5450589060783386
(19,9): 0.4845930337905884
(19,10): 0.4650181233882904
(19,11): 0.5326699018478394
(19,18): 0.476045161485672
(19,20): 0.4877014756202698
(19,23): 0.45568645000457764
(19,24): 0.4559619724750519
(20,8): 0.4548655152320862
(20,9): 0.5429233908653259
(20,10): 0.44056814908981323
(20,11): 0.4288591146469116
(20,18): 0.46314671635627747
(20,19): 0.4601791799068451
(20,23): 0.44006866216659546
(20,24): 0.5135461688041687
(21,1): 0.44242116808891296
(21,2): 0.39998069405555725
(21,5): 0.516925036907196
(21,6): 0.4797516465187073
(21,13): 0.4599047899246216
(21,14): 0.45603781938552856
(21,15): 0.4559248983860016
(21,16): 0.504347562789917
(21,17): 0.48901504278182983
(21,22): 0.5216851234436035
(21,25): 0.5361037850379944
(22,1): 0.4869275689125061
(22,2): 0.5042096376419067
(22,5): 0.4805810749530792
(22,6): 0.5542206764221191
(22,13): 0.4995805025100708
(22,14): 0.4809711277484894
(22,15): 0.4866684079170227
(22,16): 0.504794180393219
(22,17): 0.4951893091201782
(22,21): 0.4959273338317871
(22,25): 0.5287478566169739
(23,0): 0.6035431027412415
(23,3): 0.4327966868877411
(23,8): 0.4891234338283539
(23,9): 0.4999007284641266
(23,10): 0.4818743169307709
(23,18): 0.5137403607368469
(23,19): 0.5021149516105652
(23,20): 0.5258512496948242
(23,24): 0.37525808811187744
(24,0): 0.47700369358062744
(24,3): 0.4824688136577606
(24,8): 0.5236026048660278
(24,9): 0.4378717243671417
(24,19): 0.6102575659751892
(24,20): 0.43234026432037354
(24,23): 0.4510434865951538
(25,2): 0.43522173166275024
(25,6): 0.4712309241294861
(25,13): 0.4104297459125519
(25,14): 0.4411328136920929
(25,15): 0.4237237274646759
(25,16): 0.4831046462059021
(25,21): 0.46857428550720215
(25,22): 0.4681171178817749
(26,0): 0.4586634635925293
(26,33): 0.5268810987472534
(26,46): 0.5194854736328125
(27,1): 0.4859375059604645
(28,4): 0.4789150059223175
(28,39): 0.5202296376228333
(29,4): 0.48090341687202454
(29,37): 0.45168164372444153
(30,1): 0.44336533546447754
(30,40): 0.4116275906562805
(31,1): 0.5026822686195374
(31,2): 0.5190887451171875
(31,44): 0.48377659916877747
(32,37): 0.4743214249610901
(33,18): 0.48828792572021484
(33,26): 0.4934738874435425
(34,9): 0.44318801164627075
(34,10): 0.4536837041378021
(34,46): 0.5111566185951233
(35,12): 0.5022187829017639
(35,42): 0.49884092807769775
(36,11): 0.48942604660987854
(36,12): 0.4771016240119934
(36,38): 0.511996328830719
(37,9): 0.5403518676757812
(37,11): 0.4433501958847046
(37,12): 0.5608336925506592
(37,13): 0.5119337439537048
(37,29): 0.545711100101471
(37,32): 0.4800763428211212
(38,12): 0.5070500373840332
(38,36): 0.5109888911247253
(39,13): 0.49390262365341187
(39,28): 0.5035692453384399
(40,12): 0.4620519280433655
(40,15): 0.572976291179657
(40,30): 0.4757550358772278
(41,8): 0.4409750699996948
(41,9): 0.44754576683044434
(42,11): 0.4546278119087219
(42,35): 0.593470573425293
(43,15): 0.447997510433197
(43,47): 0.5497019290924072
(44,11): 0.5064661502838135
(44,16): 0.5580147504806519
(44,31): 0.516669511795044
(45,17): 0.3960246741771698
(46,17): 0.339199036359787
(46,18): 0.5550724864006042
(46,26): 0.5898280143737793
(46,34): 0.5392864346504211
(47,11): 0.5084874629974365
(47,12): 0.39359521865844727
(47,13): 0.5135879516601562
(47,14): 0.4065435528755188
(47,17): 0.5382468700408936
(47,43): 0.49730074405670166
