Interaction name: 5k0j

Affinity: 7.119999885559082
Predicted value: 6.534897804260254

Attributions for edges: 

(0,5): 1.0535473921280434e-21
(0,9): 1.0911683785350343e-24
(0,10): 3.8963136996193956e-23
(0,16): 4.6625153996552094e-29
(1,3): 6.585834027879385e-17
(1,4): 5.020857861415262e-13
(1,11): 1.7724131598769528e-15
(2,6): 2.9514558028264184e-22
(2,7): 8.20915745116898e-17
(2,8): 5.296350380837311e-13
(2,12): 6.629494473494506e-16
(2,13): 1.1100456559260015e-14
(2,14): 1.3027697071620568e-14
(3,1): 1.659844191796363e-18
(3,4): 3.4206970589423236e-09
(3,5): 1.3679259497718055e-18
(3,9): 1.4167784338023817e-21
(4,1): 2.123734523941614e-18
(4,3): 5.740915555441095e-13
(4,6): 3.869920874976725e-21
(4,7): 1.0763770703605324e-15
(4,11): 2.0652323601266787e-11
(4,12): 8.692531625596224e-15
(4,13): 1.4554813788664883e-13
(4,17): 1.5682663971947437e-29
(4,21): 7.107840360731643e-08
(5,0): 4.496847206765573e-29
(5,3): 6.310020973886549e-25
(5,9): 5.3444067391906234e-33
(5,15): 0.0
(5,17): 0.0
(5,18): 0.0
(5,19): 3.412992936039605e-28
(5,21): 9.667276621013427e-20
(5,24): 2.156551137598808e-20
(6,2): 1.4197998690853457e-25
(6,4): 8.41152719691076e-25
(6,7): 1.838109114085608e-31
(6,8): 1.1858924225179099e-27
(6,11): 3.526725551120985e-27
(6,12): 1.48440185299804e-30
(6,13): 2.4854798503165045e-29
(6,14): 2.9170152993282303e-29
(6,22): 2.0049283551436937e-26
(6,24): 2.7076822267760748e-24
(6,25): 8.814193862407404e-33
(7,2): 1.3337833462056433e-18
(7,4): 7.90189674586085e-18
(7,6): 6.208220881720949e-30
(7,8): 1.1140510495129658e-20
(7,11): 3.3130764575379513e-20
(7,12): 1.3944766796795106e-23
(7,13): 2.33490938233856e-22
(7,14): 2.740281903684333e-22
(7,21): 1.1402504749542195e-16
(8,2): 2.4737614842847144e-13
(8,6): 1.151426702071699e-24
(8,7): 3.202570103709239e-19
(8,14): 5.082367420987498e-17
(8,24): 4.7176876120935685e-12
(8,26): 2.0183071421022315e-15
(9,0): 9.121919916353447e-33
(9,3): 1.2799969947934403e-28
(9,5): 8.57529649245086e-34
(9,10): 3.5212131299170213e-35
(9,15): 0.0
(9,19): 6.923280278426432e-32
(9,20): 0.0
(9,21): 1.9610062895504808e-23
(9,22): 3.239196921561604e-26
(9,24): 4.374579240526997e-24
(9,25): 1.4240420518545028e-32
(10,0): 9.029905921378284e-31
(10,9): 1.0731768659271934e-34
(10,15): 0.0
(10,19): 6.85344352427713e-30
(10,20): 5.326340507573101e-38
(10,21): 1.9412252804968146e-21
(10,23): 0.0
(10,24): 4.330434899815192e-22
(11,1): 8.036458499026344e-22
(11,4): 2.437241597777473e-12
(11,6): 1.9148336296791708e-24
(11,7): 5.325904220535589e-19
(11,12): 4.301073246708808e-18
(11,13): 7.201709698594517e-17
(11,14): 8.45202495820394e-17
(11,26): 3.3564508509657592e-15
(12,2): 1.7859989132238667e-17
(12,4): 1.0581013154370062e-16
(12,6): 8.313101465693186e-29
(12,7): 2.3121910717924087e-23
(12,11): 4.436366080517369e-19
(12,13): 3.126553893704171e-21
(12,14): 3.669366734936695e-21
(12,26): 1.457171448337129e-19
(13,2): 6.401696609033487e-16
(13,4): 3.792650160670385e-15
(13,6): 2.9797184986772504e-27
(13,7): 8.287767621542157e-22
(13,11): 1.5901615870962222e-17
(13,12): 6.693029740586605e-21
(13,14): 1.3152500026898747e-19
(13,21): 5.472837420338224e-14
(14,2): 8.438208924391936e-16
(14,6): 3.927628669088588e-27
(14,7): 1.0924235682534894e-21
(14,8): 7.048013088773386e-18
(14,11): 2.096024717883639e-17
(14,12): 8.822152651516534e-21
(14,13): 1.4771796548850797e-19
(15,5): 2.570603725121131e-31
(15,9): 2.662387027493236e-34
(15,10): 9.50674150198214e-33
(16,0): 9.769674073356864e-27
(16,19): 7.370828487414245e-26
(17,4): 1.0432730657500532e-21
(17,5): 4.17208853002322e-31
(18,5): 7.830897980732345e-33
(18,20): 1.0355008507303846e-38
(19,5): 4.609726092464221e-21
(19,9): 4.7743341098172924e-24
(19,10): 1.7047996029906937e-22
(19,16): 2.0400446639695823e-28
(20,9): 4.468831734538019e-31
(20,10): 1.5957119521452002e-29
(20,18): 0.0
(21,4): 1.5816182497019327e-07
(21,5): 9.499823242803231e-17
(21,7): 3.2898444575100647e-14
(21,9): 1.2009981362734313e-19
(21,10): 3.900844388866863e-18
(21,13): 4.492573413977796e-12
(22,6): 6.254410758431826e-21
(22,9): 6.3506266462940185e-21
(22,23): 1.350330915344665e-31
(22,24): 4.311698376113782e-08
(23,10): 1.15621363189688e-35
(23,22): 2.357782140263559e-26
(24,5): 3.467698292138677e-17
(24,6): 4.3175735741493774e-20
(24,8): 7.74777186851594e-11
(24,9): 4.383976144056925e-20
(24,10): 1.4239164612670245e-18
(24,22): 1.7989434386578296e-09
(25,6): 3.846526449498079e-25
(25,9): 4.0022271311089776e-25
(25,26): 1.6375015636865505e-15
(26,8): 6.020678747220565e-12
(26,11): 1.7146083164387704e-11
(26,12): 6.150281242541531e-15
(26,25): 6.802567921513589e-17
