Interaction name: 5mro

Affinity: 5.699999809265137
Predicted value: 6.172929763793945

Attributions for edges: 

(0,1): 0.48411309719085693
(0,2): 0.4087485373020172
(0,3): 0.41861242055892944
(0,4): 0.3688782751560211
(0,7): 0.45133164525032043
(0,8): 0.5929010510444641
(0,13): 0.5204641222953796
(0,14): 0.48161277174949646
(0,15): 0.561993420124054
(1,0): 0.6246566772460938
(1,2): 0.4681318998336792
(1,4): 0.385924756526947
(1,8): 0.4906792938709259
(1,9): 0.45842400193214417
(1,11): 0.5642634034156799
(1,13): 0.510085940361023
(1,14): 0.43860939145088196
(1,15): 0.4855988919734955
(2,0): 0.4234667122364044
(2,1): 0.4364946484565735
(2,3): 0.4580512046813965
(2,4): 0.6148272156715393
(2,14): 0.5133653879165649
(2,15): 0.4137817323207855
(3,0): 0.48634907603263855
(3,2): 0.5590835213661194
(3,14): 0.5329763889312744
(3,15): 0.493233859539032
(4,0): 0.5165749788284302
(4,1): 0.5670710206031799
(4,2): 0.34941673278808594
(4,7): 0.5427691340446472
(4,8): 0.5567203164100647
(4,9): 0.505760133266449
(4,10): 0.4523639976978302
(4,11): 0.5627816319465637
(4,16): 0.5450475215911865
(4,24): 0.45717281103134155
(4,27): 0.5111538767814636
(5,6): 0.3827131390571594
(5,8): 0.4535108208656311
(5,9): 0.5674911141395569
(5,10): 0.45784810185432434
(5,11): 0.47566187381744385
(5,12): 0.39995917677879333
(5,18): 0.43561363220214844
(5,21): 0.5120436549186707
(6,5): 0.47861912846565247
(6,8): 0.5770304203033447
(6,9): 0.5732437372207642
(6,10): 0.4478554129600525
(6,11): 0.5811372995376587
(6,12): 0.5519251823425293
(6,17): 0.4357914924621582
(6,23): 0.4405742287635803
(6,24): 0.4779393970966339
(7,0): 0.5475817322731018
(7,4): 0.45535993576049805
(7,8): 0.5475624203681946
(7,11): 0.5085906386375427
(7,16): 0.4531038999557495
(7,17): 0.5319780111312866
(7,18): 0.5856863856315613
(7,19): 0.4761802852153778
(7,21): 0.5086230039596558
(7,25): 0.4334440231323242
(8,0): 0.5101595520973206
(8,1): 0.4590708911418915
(8,4): 0.4009092450141907
(8,5): 0.5485011339187622
(8,6): 0.5640072822570801
(8,7): 0.4444217383861542
(8,9): 0.6249564290046692
(8,10): 0.4398495852947235
(8,11): 0.5974228978157043
(8,17): 0.411569744348526
(8,19): 0.49781718850135803
(8,20): 0.3907385468482971
(8,27): 0.37198418378829956
(9,1): 0.5228646397590637
(9,4): 0.4681822657585144
(9,5): 0.544974148273468
(9,6): 0.5127771496772766
(9,8): 0.4887562692165375
(9,10): 0.3873005509376526
(9,11): 0.5681833028793335
(9,12): 0.5101643204689026
(9,16): 0.5192028284072876
(9,25): 0.5384452939033508
(10,4): 0.6143705248832703
(10,5): 0.5360267758369446
(10,6): 0.5235568284988403
(10,8): 0.47573819756507874
(10,9): 0.44650551676750183
(10,11): 0.38890790939331055
(10,12): 0.40470099449157715
(10,17): 0.472903847694397
(10,22): 0.4590481221675873
(11,1): 0.5579372048377991
(11,4): 0.4299204647541046
(11,5): 0.6482506990432739
(11,6): 0.48429566621780396
(11,7): 0.4829789996147156
(11,8): 0.4677730202674866
(11,9): 0.6429533958435059
(11,10): 0.39016568660736084
(11,12): 0.5414387583732605
(11,18): 0.4734886884689331
(11,27): 0.3606760501861572
(12,5): 0.6055158972740173
(12,6): 0.4488690197467804
(12,9): 0.5892595052719116
(12,10): 0.3306698799133301
(12,11): 0.4322607219219208
(12,23): 0.5086551904678345
(12,26): 0.51910001039505
(13,0): 0.5565271973609924
(13,1): 0.5658439993858337
(14,0): 0.39234691858291626
(14,1): 0.6197460293769836
(14,2): 0.5456292033195496
(14,3): 0.6515806317329407
(14,15): 0.4068601429462433
(14,25): 0.5723347067832947
(14,27): 0.4411277174949646
(15,0): 0.6033024191856384
(15,1): 0.5532609224319458
(15,2): 0.5631628036499023
(15,3): 0.48366475105285645
(15,14): 0.49558576941490173
(16,4): 0.5108233690261841
(16,7): 0.5751956105232239
(16,9): 0.3653814196586609
(17,6): 0.4475797116756439
(17,7): 0.5976069569587708
(17,8): 0.4485660195350647
(17,10): 0.31085526943206787
(18,5): 0.48343050479888916
(18,7): 0.48135367035865784
(18,11): 0.5592125654220581
(19,7): 0.5844974517822266
(19,8): 0.6125850677490234
(20,8): 0.49193134903907776
(20,22): 0.4587044417858124
(20,27): 0.51301509141922
(21,5): 0.49222853779792786
(21,7): 0.5791828036308289
(22,10): 0.5839375257492065
(22,20): 0.3720071613788605
(23,6): 0.5422548055648804
(23,12): 0.4416211247444153
(24,4): 0.4594573676586151
(24,6): 0.43154633045196533
(25,7): 0.5116878151893616
(25,9): 0.5077111124992371
(25,14): 0.48008331656455994
(25,27): 0.48410868644714355
(26,12): 0.5256718397140503
(27,4): 0.6641480326652527
(27,8): 0.5185765624046326
(27,11): 0.5184181332588196
(27,14): 0.6055071353912354
(27,20): 0.5613649487495422
(27,25): 0.5470519065856934
