Interaction name: 5uhi

Affinity: 8.039999961853027
Predicted value: 7.580495834350586

Shapley values for edges: 

(0,12): 0.009165964126586913
(0,15): 0.03272554397583008
(0,31): -0.028795089721679688
(0,34): 0.023382697105407715
(1,9): 0.006843018531799317
(1,11): 0.02663970947265625
(1,27): 0.010273513793945312
(2,4): 0.0548866605758667
(2,8): 0.01339682102203369
(2,10): 0.007395377159118652
(2,13): -0.017206430435180664
(2,14): 0.011468968391418456
(2,18): 0.027536849975585937
(2,21): 0.03537297248840332
(2,22): 0.0069855451583862305
(2,24): 0.00422541618347168
(2,32): -0.049561767578125
(2,33): -0.001358208656311035
(3,12): -0.014304709434509278
(3,15): 0.02019538402557373
(3,18): 0.030891461372375487
(3,21): 0.029305176734924318
(3,23): 0.0021399641036987304
(3,26): 0.013730764389038086
(3,29): 0.011931180953979492
(3,30): -0.012012624740600586
(3,31): -0.01686032295227051
(3,34): -0.14668793678283693
(3,35): 0.037921290397644046
(4,2): -0.035387883186340334
(4,7): -0.01946235656738281
(4,10): 0.0047508907318115235
(4,13): 0.001698622703552246
(4,14): -0.009711236953735351
(4,19): -0.00423962116241455
(4,22): -0.017332863807678223
(4,32): -0.01508159637451172
(5,12): -0.005905203819274903
(5,15): 0.024002747535705568
(5,18): 0.006445736885070801
(5,21): 0.019095821380615233
(5,23): 0.0035520410537719727
(5,26): 0.022809953689575196
(5,29): 0.0027401161193847654
(5,30): 0.017378616333007812
(5,31): 0.026606431007385255
(6,7): -0.009767847061157226
(6,9): 0.0029750776290893553
(6,10): 0.005644369125366211
(6,11): -0.0016087770462036132
(6,14): -0.007174196243286132
(6,17): 0.0028719520568847657
(6,19): -0.0035726451873779297
(6,27): 0.0015616178512573241
(6,36): -0.003913731575012207
(6,52): -0.003588728904724121
(7,4): -0.021322717666625978
(7,6): -0.0017430496215820313
(7,9): -0.016433234214782714
(7,10): 0.005865559577941894
(7,11): -0.008777861595153808
(7,13): -0.0037955808639526366
(7,14): -0.0017464542388916015
(7,19): -0.002226104736328125
(7,22): -0.024135589599609375
(7,27): -0.00507077693939209
(7,32): 0.018255319595336914
(7,37): -0.004122529029846191
(7,44): -0.004179902076721191
(8,2): -0.01597907066345215
(8,15): -0.014507122039794922
(8,18): 0.002318716049194336
(8,21): -0.005366430282592773
(8,22): 0.0019321680068969727
(8,24): -0.01264148235321045
(8,26): -0.01354362964630127
(8,32): 0.022448530197143556
(8,37): -0.021541876792907713
(8,38): -0.011586332321166992
(9,1): -0.03657062530517578
(9,6): -4.673004150390625e-07
(9,7): -0.004854817390441895
(9,11): -0.009311990737915039
(9,14): -0.003665890693664551
(9,19): -6.682395935058593e-05
(9,27): -0.0016034412384033202
(10,2): -0.009013643264770508
(10,4): -0.012474942207336425
(10,6): -0.004121670722961426
(10,7): -0.0045315265655517575
(10,13): -0.038694963455200196
(10,14): 0.0019886302947998047
(10,17): 0.007380056381225586
(10,19): -0.001045217514038086
(10,21): -0.010001568794250489
(10,22): -0.016491332054138184
(10,24): -0.03307674407958985
(10,32): 0.004081087112426758
(10,37): -0.003374338150024414
(10,38): 0.004835968017578125
(10,46): 0.007392435073852539
(11,1): -0.03387518405914307
(11,6): 0.0006967496871948242
(11,7): -0.002501530647277832
(11,9): 0.0012976694107055663
(11,19): -0.01294769287109375
(11,27): -0.004987773895263672
(11,41): 0.010333309173583985
(11,50): 0.007533497810363769
(12,0): -0.09497415542602539
(12,3): 0.003917579650878906
(12,5): 0.0008173608779907227
(12,15): -0.0013762521743774414
(12,23): -0.014618196487426759
(12,29): 7.05718994140625e-05
(12,30): -0.004657292366027832
(12,31): -0.004290494918823242
(12,39): 0.01610102653503418
(12,42): 0.0015596771240234376
(12,48): -0.0008685922622680664
(12,53): -0.0014982175827026366
(13,2): -0.01179600715637207
(13,4): 0.0018082618713378905
(13,7): -0.010011382102966308
(13,10): -0.004623584747314453
(13,32): 0.014055089950561523
(13,36): 0.0049715137481689455
(13,37): -0.0021624279022216795
(13,39): 0.003945541381835937
(13,43): -0.0008623075485229493
(13,44): 0.006065125465393066
(13,45): -0.0035246801376342773
(14,2): -0.007163176536560059
(14,4): -0.01701143741607666
(14,6): -0.0015520048141479492
(14,7): -0.0041424560546875
(14,9): -0.01690830707550049
(14,10): 0.0009744691848754882
(14,17): -0.015540056228637696
(14,19): -0.013830037117004394
(14,22): 0.022785024642944338
(14,24): 0.0011399030685424806
(14,27): -0.005864439010620118
(14,32): 0.005665698051452637
(14,44): -0.0001324892044067383
(14,45): 0.009143285751342774
(14,46): 0.0020600509643554686
(14,47): -0.019200353622436522
(14,50): -0.003541903495788574
(15,0): -0.06964460372924805
(15,3): 0.0011317157745361329
(15,5): -0.013214349746704102
(15,8): 0.0026457929611206055
(15,12): -0.015213522911071777
(15,18): -0.0034554243087768556
(15,21): -0.007430553436279297
(15,23): 0.002163143157958984
(15,24): -0.003915591239929199
(15,25): 0.002705130577087402
(15,26): 0.0020874977111816407
(15,28): -0.011510748863220215
(15,29): 0.006777324676513672
(15,30): -0.013684911727905274
(15,31): -0.021023006439208985
(15,33): 0.0029126739501953124
(15,39): -0.0012906455993652343
(15,43): -0.001546173095703125
(16,20): -0.005752835273742676
(16,23): -0.01088052749633789
(16,25): -0.005713276863098145
(16,28): 0.0013853693008422851
(16,30): 0.006042041778564453
(16,48): -0.0015415477752685547
(16,49): -0.004128174781799316
(17,6): -0.003296933174133301
(17,10): 0.004454402923583984
(17,14): -0.0012007522583007812
(17,19): -0.006610660552978515
(17,21): -4.8966407775878905e-05
(17,22): -0.002079167366027832
(17,24): -0.0001785898208618164
(17,32): -0.002841281890869141
(17,36): -0.007168164253234863
(17,37): -0.01571533679962158
(17,39): 0.0064519309997558595
(17,41): -0.012337265014648437
(17,44): -0.0018252038955688477
(17,47): -0.020834121704101562
(17,50): -0.013130426406860352
(17,51): 0.0033125543594360353
(18,2): -0.013583612442016602
(18,3): 0.010827183723449707
(18,5): -0.003808407783508301
(18,8): -0.011876144409179688
(18,15): -0.010972108840942383
(18,21): -0.014031968116760253
(18,23): -0.019618616104125977
(18,24): -0.0023809289932250977
(18,26): -0.002173027992248535
(18,29): 0.004294834136962891
(18,30): -0.008597283363342286
(18,31): -0.006752610206604004
(18,33): 0.013058748245239258
(18,40): 0.008437681198120116
(18,52): -0.009488344192504883
(19,4): -0.013394336700439453
(19,6): -0.000524144172668457
(19,7): -0.013827075958251953
(19,9): 0.005190401077270508
(19,10): -0.011896042823791505
(19,11): -0.013373751640319825
(19,14): -0.025593633651733397
(19,17): -0.00426361083984375
(19,22): -0.017971057891845704
(19,27): -0.002386507987976074
(19,32): 0.009276862144470216
(19,53): -0.0024022293090820313
(20,16): -0.008269200325012207
(20,23): -0.0032993221282958986
(20,25): -0.010012679100036621
(20,28): -0.003533830642700195
(20,29): -0.0018857955932617188
(20,30): 0.0078105926513671875
(20,38): -0.02098384380340576
(20,44): 0.005932927131652832
(20,48): -0.015477886199951172
(20,49): -0.007810335159301757
(20,52): -0.015698356628417967
(21,2): -0.03430205821990967
(21,3): -0.015135412216186523
(21,5): -0.008372769355773926
(21,8): -0.014154815673828125
(21,10): 0.0013904333114624023
(21,15): -0.003254079818725586
(21,17): -0.003187408447265625
(21,18): -0.009969196319580077
(21,22): -0.008439712524414063
(21,24): -0.016388463973999023
(21,26): -0.015224537849426269
(21,29): -0.0031882858276367186
(21,30): -7.973194122314454e-05
(21,31): 0.014194350242614746
(21,33): -0.01221719264984131
(21,36): -0.00203852653503418
(21,39): 0.002506217956542969
(21,40): -0.01246647834777832
(21,50): 0.0060959053039550785
(22,2): -0.013451628684997559
(22,4): -0.007680821418762207
(22,7): -0.008661060333251954
(22,8): -0.015497350692749023
(22,10): -0.02714808940887451
(22,14): -0.013981032371520995
(22,17): -0.03483823776245117
(22,19): -0.007969756126403809
(22,21): -0.0066619873046875
(22,24): 0.0013246488571166991
(22,26): -0.012419190406799317
(22,32): -0.008672375679016114
(22,33): -0.029167380332946777
(22,53): -0.003192868232727051
(23,3): 0.005519304275512695
(23,5): -0.0031269550323486327
(23,12): -0.0032349586486816405
(23,15): 0.0009454917907714843
(23,16): -0.018677539825439453
(23,18): -0.0022775793075561525
(23,20): -0.00601654052734375
(23,25): -0.0007985687255859375
(23,26): -0.00611595630645752
(23,28): -0.0021158695220947266
(23,29): -0.002343606948852539
(23,30): -0.0010637998580932616
(23,31): -0.009080867767333984
(23,42): 0.009951839447021485
(23,48): -0.00686561107635498
(24,2): -0.013750762939453124
(24,8): -0.012667522430419922
(24,10): -0.006831555366516113
(24,14): -6.7901611328125e-05
(24,15): -0.011270041465759278
(24,17): -0.017994041442871093
(24,18): -0.0007081937789916992
(24,21): -0.012721290588378906
(24,22): -0.0057874155044555665
(24,26): 0.0022118282318115234
(24,32): -0.004574031829833985
(24,33): -0.03484207153320312
(24,36): -0.0049237823486328125
(24,38): -0.0019196844100952148
(25,15): 0.00046944618225097656
(25,16): -0.0045089530944824215
(25,20): -0.001775503158569336
(25,23): -0.00044434547424316407
(25,28): 0.00010568618774414062
(25,29): 0.0005179119110107422
(25,30): 0.005710697174072266
(26,3): -0.018671417236328126
(26,5): -0.014682345390319824
(26,8): -0.002522182464599609
(26,15): -0.006514167785644532
(26,18): -0.01488053321838379
(26,21): -0.01881375789642334
(26,22): -0.020022149085998534
(26,23): -0.016640386581420898
(26,24): -0.005617766380310058
(26,29): -0.008204035758972168
(26,30): -0.0002106285095214844
(26,31): -0.01919919490814209
(26,33): -0.005031061172485351
(27,1): -0.02829111099243164
(27,6): -0.0033832216262817383
(27,7): -0.0014573431015014648
(27,9): -0.008025288581848145
(27,11): -0.013419570922851563
(27,14): -0.007191858291625977
(27,19): 0.002827410697937012
(28,15): -0.005635843276977539
(28,16): -0.009553298950195313
(28,20): -0.007941708564758301
(28,23): -0.004358296394348145
(28,25): 0.0005288457870483398
(28,29): -0.0019827747344970705
(28,30): 0.00030471324920654296
(28,53): -0.00686795711517334
(29,3): -0.0403324556350708
(29,5): -0.018827457427978516
(29,12): -0.0060828781127929684
(29,15): -0.010233864784240723
(29,18): -0.012324552536010742
(29,20): -0.001895604133605957
(29,21): 0.011518287658691406
(29,23): 0.0042910146713256835
(29,25): 0.012511324882507325
(29,26): 0.005590901374816894
(29,28): -0.0037618255615234374
(29,30): -0.010782523155212402
(29,31): -0.05792163372039795
(29,39): 0.006533174514770508
(30,3): 0.006798872947692871
(30,5): -0.007953953742980958
(30,12): -0.008285202980041505
(30,15): -0.017838034629821777
(30,16): -0.006520495414733886
(30,18): -0.001070418357849121
(30,20): -0.0047756052017211914
(30,21): -0.008096818923950195
(30,23): -0.00873568058013916
(30,25): 0.004735350608825684
(30,26): 0.010443406105041504
(30,28): -0.0016981792449951173
(30,29): -0.006201524734497071
(30,52): -0.006131000518798828
(30,53): -0.005847640037536621
(31,0): 0.09046066284179688
(31,3): -0.056142477989196776
(31,5): 0.017140936851501466
(31,12): -0.0087709379196167
(31,15): 0.018234739303588866
(31,18): -0.00020681858062744141
(31,21): -0.0036656999588012694
(31,23): -0.005990109443664551
(31,26): 0.01661672592163086
(31,29): -0.004392275810241699
(32,2): 0.0002772665023803711
(32,4): -0.02510232448577881
(32,7): 0.0279237699508667
(32,8): 0.010481443405151367
(32,10): -0.007388682365417481
(32,13): 0.007247762680053711
(32,14): 0.00848050594329834
(32,17): -0.01316347599029541
(32,19): 0.04593901634216309
(32,22): 0.00234593391418457
(32,24): -0.005999784469604492
(32,33): 0.005067553520202637
(33,2): -0.007799572944641113
(33,15): 0.009961099624633788
(33,18): 0.033747191429138186
(33,21): 0.011174230575561524
(33,22): -0.00750328540802002
(33,24): -0.010439167022705078
(33,26): -0.006925668716430664
(33,32): 0.021717963218688966
(34,0): -0.11411970138549804
(34,3): 0.005988359451293945
(35,3): -0.0076716899871826175
(35,39): -0.045983471870422364
(35,51): 0.02828061580657959
(36,6): -0.004669728279113769
(36,13): -0.0006474208831787109
(36,17): -0.0004887914657592773
(36,21): -0.004228739738464355
(36,24): 0.0052101993560791015
(36,46): -0.0077201747894287106
(37,7): 0.001272902488708496
(37,8): -0.0005950069427490234
(37,10): -0.012525062561035156
(37,13): 0.007600212097167968
(37,17): -0.0021738529205322264
(37,40): -0.006816692352294922
(37,52): -0.006761751174926758
(38,8): 0.00033266544342041015
(38,10): 0.0027233219146728517
(38,20): 0.002014122009277344
(38,24): -0.00232269287109375
(39,12): -0.013725581169128418
(39,13): -0.015081562995910645
(39,15): 0.0012127017974853515
(39,17): -0.0005059003829956055
(39,21): 0.001661248207092285
(39,29): -0.0034580135345458982
(39,35): -0.11042599678039551
(40,18): 0.003834209442138672
(40,21): 0.004639339447021484
(40,37): -0.0027268838882446287
(40,52): -0.0047292947769165036
(41,11): 0.004995832443237305
(41,17): 0.0017793655395507812
(42,12): 0.0005474948883056641
(42,23): 0.005041918754577637
(43,13): 0.001886262893676758
(43,15): -0.00699028491973877
(43,47): 0.004917364120483398
(44,7): -0.0027124309539794922
(44,13): -0.010587491989135743
(44,14): -0.009062838554382325
(44,17): 0.0002416706085205078
(44,20): 0.0010429906845092773
(45,13): 0.0038030099868774413
(45,14): 0.008868980407714843
(46,10): 0.0009890174865722656
(46,14): 0.00250615119934082
(46,36): 0.0041396856307983395
(47,14): -0.005391745567321777
(47,17): -0.003928308486938477
(47,43): -0.0060286283493041996
(47,51): 0.016596150398254395
(48,12): -0.001441340446472168
(48,16): -0.0002626800537109375
(48,20): -0.0002699184417724609
(48,23): -0.0026517820358276365
(49,16): -0.006894893646240234
(49,20): -0.0016359853744506835
(50,11): -0.0035795164108276367
(50,14): 0.0077749681472778324
(50,17): 0.0012833499908447266
(50,21): 0.005747265815734863
(51,17): -0.006693196296691894
(51,35): -0.0445916748046875
(51,47): 0.004724674224853516
(52,6): -0.003472795486450195
(52,18): -0.0008472061157226563
(52,20): -0.004508581161499024
(52,30): 0.005360488891601563
(52,37): 0.002577834129333496
(52,40): -0.007047910690307618
(53,12): -0.004184398651123047
(53,19): -0.0020554685592651368
(53,22): 0.001304478645324707
(53,28): 0.00454244613647461
(53,30): -0.00334378719329834
