Interaction name: 5tku

Affinity: 9.800000190734863
Predicted value: 7.800607681274414

Attributions for edges: 

(0,1): 6.191221510554234e-21
(0,2): 9.852495284861121e-20
(0,19): 4.719333258961822e-20
(0,29): 2.075772136333346e-19
(1,0): 6.191221510554234e-21
(1,2): 9.852495284861121e-20
(1,19): 4.719333258961822e-20
(1,29): 2.075772136333346e-19
(2,0): 3.735778352132193e-20
(2,1): 3.735778352132193e-20
(2,19): 2.8476315557536807e-19
(2,25): 9.84088955312609e-20
(2,28): 1.0036284477212747e-19
(2,29): 1.2525194684672087e-18
(3,4): 2.060142815452962e-36
(3,8): 6.86003667761201e-37
(3,29): 1.3073188413865625e-38
(3,30): 4.024675765360243e-38
(4,3): 0.0
(4,7): 1.7121840986569596e-14
(4,8): 3.421005984733088e-15
(4,9): 3.00803320782677e-14
(4,10): 9.333874480071079e-15
(4,12): 1.1833018932923527e-14
(4,13): 2.364723373441801e-14
(4,14): 7.261025615945722e-15
(4,17): 1.110647049318552e-14
(4,21): 1.895186244537609e-14
(4,29): 4.804753365141636e-17
(4,30): 1.7553415814019568e-16
(5,6): 0.0
(5,11): 0.0
(5,23): 0.0
(6,5): 0.0
(6,11): 4.581870152684843e-28
(6,15): 9.229336960936708e-19
(6,23): 2.367746695705907e-22
(7,4): 1.7374593923964385e-14
(7,10): 1.5214197428476718e-14
(7,13): 3.854494577248263e-14
(7,16): 2.629609388738384e-22
(7,17): 1.8103525067383018e-14
(7,20): 6.0794633589204405e-15
(7,21): 3.089143727603126e-14
(7,22): 1.2884223242882846e-14
(8,3): 0.0
(8,4): 3.5397672037181926e-15
(8,9): 9.989139168067006e-15
(8,12): 3.929570919011674e-15
(8,21): 6.293585664689802e-15
(9,4): 2.7353995601269755e-14
(9,8): 8.779039947532253e-15
(9,12): 3.036619892170245e-14
(9,13): 6.068390690124048e-14
(9,21): 4.86345718472142e-14
(10,4): 1.1380788889417404e-14
(10,7): 1.8280765017530086e-14
(10,13): 2.52478905295693e-14
(10,14): 7.75253173018308e-15
(10,16): 1.8464663997939038e-22
(10,17): 1.185823425673034e-14
(10,20): 3.984941039257214e-15
(10,22): 8.439467827109793e-15
(10,31): 1.7511988716767262e-19
(11,5): 0.0
(11,6): 5.3924871329296305e-27
(11,14): 1.9336277800512928e-21
(11,15): 2.9475979322119766e-21
(11,20): 1.0769651256854254e-21
(11,23): 7.561964924147188e-25
(11,32): 0.0
(12,4): 1.3467620573436034e-14
(12,8): 4.3223138386321285e-15
(12,9): 3.8005379008818063e-14
(12,16): 2.1253672262017063e-22
(12,17): 1.4032614419144229e-14
(12,21): 2.3944969203509685e-14
(12,42): 1.6074283206387766e-16
(13,4): 2.2991579411266345e-14
(13,7): 3.6931121003133324e-14
(13,9): 6.488205968584876e-14
(13,10): 2.0132829661755926e-14
(13,14): 1.5661737450553895e-14
(13,15): 2.479192083560105e-14
(13,20): 8.04486143500538e-15
(13,36): 3.0842478665800844e-16
(14,4): 1.0019899169546546e-14
(14,10): 8.77401873622093e-15
(14,11): 3.1764275181781524e-24
(14,13): 2.2228802525341325e-14
(14,15): 1.0804501553423468e-14
(14,20): 3.546349073234832e-15
(14,33): 2.0974101219384185e-23
(14,34): 2.502802894030758e-16
(14,41): 3.386812022349873e-18
(14,42): 1.2206530922388638e-16
(15,6): 1.6126579128601714e-20
(15,11): 4.285419814436203e-24
(15,13): 3.142582019805863e-14
(15,14): 9.649506061272344e-15
(15,20): 4.9565780387667794e-15
(15,36): 1.957306529158496e-16
(15,39): 1.3362387284564304e-17
(16,7): 1.5418946470960486e-19
(16,10): 8.916552700219588e-20
(16,12): 1.1051206654481755e-19
(16,17): 1.0457684531694498e-19
(16,21): 1.6886854723648554e-19
(16,22): 7.65667003183095e-20
(17,4): 1.3005798728835203e-14
(17,7): 2.089107322734724e-14
(17,10): 1.1388649355167924e-14
(17,12): 1.443801539912845e-14
(17,16): 2.0676604732629788e-22
(17,21): 2.3123911368615885e-14
(17,22): 9.644538213036697e-15
(17,34): 3.1915865286341095e-16
(17,39): 1.2253459029208364e-17
(18,24): 1.5094256108548402e-20
(18,25): 2.9178744409019767e-20
(18,26): 1.58032048234689e-20
(18,27): 4.057377450122287e-20
(18,35): 7.789622028516516e-21
(19,0): 2.4706687746892722e-20
(19,1): 2.4706687746892722e-20
(19,2): 3.931737051505093e-19
(19,24): 3.3667782507511157e-20
(19,25): 6.508302942241824e-20
(19,26): 3.5248957635451876e-20
(19,27): 9.049956899743931e-20
(19,28): 6.637528587203067e-20
(19,40): 7.42854082844641e-22
(20,7): 1.0796715626572306e-14
(20,10): 5.885768099707063e-15
(20,11): 2.3203452114253163e-24
(20,13): 1.4911450912469086e-14
(20,14): 4.598991221622115e-15
(20,15): 7.24785340658297e-15
(20,34): 1.7311890986554905e-16
(20,36): 9.736574245516728e-17
(20,39): 6.78778909909941e-18
(20,42): 8.443227065208826e-17
(21,4): 1.8592923763647608e-14
(21,7): 2.9865609226138734e-14
(21,8): 5.967267915825978e-15
(21,9): 5.246908661130263e-14
(21,12): 2.0640358251223546e-14
(21,16): 2.7801980130530267e-22
(21,17): 1.937296656916946e-14
(21,22): 1.3787707547939856e-14
(21,34): 4.463431115831471e-16
(22,7): 1.6171166781955154e-14
(22,10): 8.815653793710267e-15
(22,16): 1.6590557679074618e-22
(22,17): 1.0489794932200605e-14
(22,21): 1.7899578168409022e-14
(22,36): 1.4071516154252336e-16
(22,39): 9.637460637340012e-18
(23,5): 0.0
(23,6): 4.9445852026350954e-23
(23,11): 1.3417798307406366e-26
(23,33): 8.859869389860201e-26
(23,34): 8.077779022134659e-19
(23,37): 3.548710293380589e-19
(23,38): 1.0407783956513441e-18
(24,18): 1.708929296140413e-20
(24,19): 6.840706763865966e-20
(24,25): 2.364030653446982e-20
(24,26): 1.2803587005029497e-20
(24,27): 3.2872312639222173e-20
(24,28): 2.4109607131884353e-20
(24,40): 2.6982814344774284e-22
(24,41): 2.713995745657823e-20
(25,2): 2.1506778644439975e-19
(25,18): 2.5735424163508793e-20
(25,19): 1.0301760339993398e-19
(25,24): 1.8416568877730818e-20
(25,26): 1.928141205754915e-20
(25,27): 4.950386452915477e-20
(25,28): 3.630771973895134e-20
(26,18): 1.7745667239813492e-20
(26,19): 7.10344711451151e-20
(26,24): 1.2698909883450326e-20
(26,25): 2.454829558428589e-20
(26,27): 3.413502000015571e-20
(26,28): 2.5035710144645626e-20
(26,41): 2.818235689358563e-20
(27,18): 3.1177180457205204e-20
(27,19): 1.2479975047029286e-19
(27,24): 2.231058623480955e-20
(27,25): 4.3128654301237875e-20
(27,26): 2.3358383348431287e-20
(27,28): 4.3984993030383397e-20
(27,34): 2.9213632819305722e-18
(27,42): 1.4991611524830638e-18
(28,2): 2.1756310600913667e-19
(28,19): 1.0421207159150616e-19
(28,24): 1.863003155897065e-20
(28,25): 3.601390260043309e-20
(28,26): 1.9504973773962945e-20
(28,27): 5.0078037734191677e-20
(29,0): 3.5352106411602385e-20
(29,1): 3.535197070228314e-20
(29,2): 5.625790796798447e-19
(29,3): 0.0
(29,4): 2.1435310901259883e-16
(29,42): 3.2370733063236863e-18
(30,3): 0.0
(30,4): 2.7554998213719095e-16
(30,33): 7.583052162219877e-25
(31,10): 7.575157095179955e-18
(31,34): 2.7780928081018204e-19
(32,11): 0.0
(33,14): 2.2808324396954863e-20
(33,23): 8.919767006747953e-24
(33,30): 6.011021143072159e-22
(34,14): 7.548136644900869e-16
(34,17): 1.1286532968871076e-15
(34,20): 4.0260108610729376e-16
(34,21): 1.8755867491710917e-15
(34,23): 2.451714480252245e-19
(34,27): 5.863301234032329e-19
(34,31): 2.3212087086695908e-20
(35,18): 1.1346942141162789e-20
(36,13): 1.5820675983326113e-15
(36,15): 7.968286691958275e-16
(36,20): 2.7364561384374687e-16
(36,22): 5.538388982488879e-16
(37,23): 1.474893663714107e-19
(38,23): 3.0568232062228686e-19
(38,39): 1.6527804829554665e-18
(39,15): 1.5487171583421309e-16
(39,17): 1.4815385782486983e-16
(39,20): 5.639160889270417e-17
(39,22): 1.0832099527971348e-16
(39,38): 5.943315035070043e-18
(40,19): 6.317668668762609e-21
(40,24): 1.1294163736776001e-21
(41,14): 5.72171947010362e-17
(41,24): 1.9907970675402525e-20
(41,26): 2.0842930336831798e-20
(41,42): 1.3377171070062158e-18
(42,12): 8.256647412147977e-16
(42,14): 5.202041728254853e-16
(42,20): 2.774675853204359e-16
(42,27): 4.2436549697775343e-19
(42,29): 3.9083216880140364e-18
(42,41): 3.503622229153972e-19
