Interaction name: 5hbe

Affinity: 8.640000343322754
Predicted value: 9.298990249633789

Attributions for edges: 

(0,4): 0.0
(0,5): 0.0
(0,6): 0.0
(1,8): 0.0
(1,9): 0.0
(1,14): 0.0
(1,19): 0.0
(1,20): 0.0
(1,21): 0.0
(2,3): 0.0
(2,11): 0.0
(2,15): 0.0
(3,2): 0.0
(3,11): 0.0
(3,15): 0.0
(4,0): 0.0
(4,5): 0.0
(4,6): 0.0
(4,7): 0.0
(4,12): 0.0
(4,13): 0.0
(4,18): 0.0
(5,0): 0.0
(5,4): 0.0
(5,6): 0.0
(5,13): 0.0
(5,18): 0.0
(6,0): 0.0
(6,4): 0.0
(6,5): 0.0
(6,7): 0.0
(6,12): 0.0
(6,13): 0.0
(6,18): 0.0
(7,4): 0.0
(7,6): 0.0
(7,8): 0.0
(7,9): 0.0
(7,10): 0.0
(7,12): 0.0
(7,13): 4.350260309973506e-34
(7,14): 0.0
(7,18): 9.190260064201978e-36
(7,19): 0.0
(7,20): 0.0
(7,23): 0.0
(7,28): 0.0
(7,32): 0.0
(8,1): 0.0
(8,7): 0.0
(8,9): 0.0
(8,10): 0.0
(8,12): 0.0
(8,13): 4.588719462982903e-31
(8,14): 0.0
(8,17): 6.2943532084271685e-30
(8,18): 9.69409693440398e-33
(8,19): 0.0
(8,20): 0.0
(8,23): 0.0
(8,25): 0.0
(9,1): 0.0
(9,7): 0.0
(9,8): 0.0
(9,12): 0.0
(9,14): 0.0
(9,19): 0.0
(9,20): 0.0
(9,29): 0.0
(10,7): 0.0
(10,8): 0.0
(10,11): 0.0
(10,12): 0.0
(10,15): 0.0
(10,16): 0.0
(10,17): 0.0
(10,19): 0.0
(10,20): 0.0
(10,23): 0.0
(11,2): 0.0
(11,3): 0.0
(11,10): 0.0
(11,15): 0.0
(11,16): 0.0
(11,20): 7.668053734422617e-39
(11,25): 0.0
(11,28): 0.0
(11,30): 0.0
(12,4): 0.0
(12,6): 0.0
(12,7): 0.0
(12,8): 0.0
(12,9): 0.0
(12,10): 0.0
(12,13): 0.0
(12,17): 0.0
(12,18): 0.0
(12,19): 0.0
(12,20): 0.0
(12,22): 0.0
(12,23): 0.0
(12,32): 0.0
(13,4): 0.0
(13,5): 0.0
(13,6): 0.0
(13,7): 4.020203536781685e-34
(13,8): 4.223264852080619e-31
(13,12): 0.0
(13,18): 4.525234712914748e-24
(13,24): 0.0
(13,25): 0.0
(13,30): 0.0
(14,1): 0.0
(14,7): 0.0
(14,8): 0.0
(14,9): 0.0
(14,18): 8.065138559219569e-38
(14,23): 0.0
(14,26): 0.0
(14,27): 0.0
(14,28): 0.0
(14,29): 0.0
(15,2): 0.0
(15,3): 0.0
(15,10): 0.0
(15,11): 0.0
(15,16): 0.0
(15,17): 0.0
(15,19): 0.0
(15,20): 0.0
(16,10): 0.0
(16,11): 0.0
(16,15): 0.0
(16,17): 0.0
(16,19): 0.0
(16,20): 0.0
(17,8): 5.9190914011361995e-30
(17,10): 0.0
(17,12): 0.0
(17,15): 0.0
(17,16): 0.0
(17,19): 0.0
(17,20): 3.31438700807568e-30
(17,22): 0.0
(17,31): 5.3993080804283445e-39
(17,32): 0.0
(18,4): 0.0
(18,5): 0.0
(18,6): 0.0
(18,7): 8.532867861856832e-36
(18,8): 8.963932740918962e-33
(18,12): 0.0
(18,13): 4.546465326456961e-24
(18,14): 7.451411870799229e-38
(18,22): 0.0
(18,27): 0.0
(19,1): 0.0
(19,7): 0.0
(19,8): 0.0
(19,9): 0.0
(19,10): 0.0
(19,12): 0.0
(19,15): 0.0
(19,16): 0.0
(19,17): 0.0
(19,20): 0.0
(20,1): 0.0
(20,7): 0.0
(20,8): 0.0
(20,9): 0.0
(20,10): 0.0
(20,11): 7.685156582179702e-39
(20,12): 0.0
(20,15): 0.0
(20,16): 0.0
(20,17): 3.4374625831604465e-30
(20,19): 0.0
(20,31): 0.0
(20,32): 0.0
(21,1): 0.0
(22,12): 0.0
(22,17): 0.0
(22,18): 0.0
(23,7): 0.0
(23,8): 0.0
(23,10): 0.0
(23,12): 0.0
(23,14): 0.0
(23,28): 0.0
(24,13): 0.0
(24,30): 0.0
(25,8): 0.0
(25,11): 0.0
(25,13): 0.0
(26,14): 0.0
(27,14): 0.0
(27,18): 0.0
(28,7): 0.0
(28,11): 0.0
(28,14): 0.0
(28,23): 0.0
(29,9): 0.0
(29,14): 0.0
(30,11): 0.0
(30,13): 0.0
(30,24): 0.0
(31,17): 3.1332361039040034e-39
(31,20): 0.0
(32,7): 0.0
(32,12): 0.0
(32,17): 0.0
(32,20): 0.0
