Interaction name: 5ep7

Affinity: 5.400000095367432
Predicted value: 6.264449596405029

Shapley values for edges: 

(0,11): -0.029186654090881347
(1,4): -0.042017855644226075
(1,6): -0.014624691009521485
(1,11): 0.053460707664489744
(2,3): -0.04722065448760986
(2,6): -0.001134028434753418
(2,7): -0.020382065773010254
(2,9): -0.01876340389251709
(3,2): -0.019535717964172365
(3,5): -0.07089941501617432
(3,6): -0.02092276096343994
(3,7): -0.02290433406829834
(3,9): -0.023810396194458006
(4,1): 0.044908609390258786
(4,6): -0.011066570281982421
(4,8): 0.012847871780395507
(4,9): -0.01721344470977783
(4,10): -0.044931492805480956
(5,3): -0.042896819114685056
(5,6): 0.039664807319641116
(5,7): 0.009140300750732421
(5,9): 0.06295218467712402
(6,1): 0.009412646293640137
(6,2): -6.580829620361328e-05
(6,3): 0.023150734901428223
(6,4): -0.0012534093856811524
(6,5): 0.01816153049468994
(6,7): 0.03155903816223145
(6,8): 0.028421459197998048
(6,9): 0.01791982650756836
(6,10): -0.008926281929016113
(6,12): 0.05328840255737305
(6,13): 0.03595501899719238
(7,2): -0.016444435119628908
(7,3): 0.01328117847442627
(7,5): 0.008694920539855957
(7,6): 0.03445070743560791
(7,8): 0.02058337688446045
(7,9): 0.02172487258911133
(7,10): -0.020889277458190917
(8,4): -0.026393094062805177
(8,6): 0.05676676273345947
(8,7): 0.02466738224029541
(8,9): 0.02361832618713379
(8,10): -0.030864052772521973
(8,12): 0.021866040229797365
(8,13): 0.03893080234527588
(9,2): -0.017521791458129883
(9,3): 0.00024248123168945312
(9,4): -0.027156686782836913
(9,5): 0.020025177001953123
(9,6): 0.03802676200866699
(9,7): 0.014212555885314941
(9,8): 0.02373073101043701
(9,10): -0.03846158027648926
(10,4): -0.02941946029663086
(10,6): 0.033374176025390626
(10,7): 0.028546919822692873
(10,8): 0.018246846199035646
(10,9): 0.01545729637145996
(11,0): -0.01437178134918213
(11,1): -0.009925117492675781
(12,6): 0.01800008296966553
(12,8): 0.028018746376037598
(13,6): 0.020475406646728516
(13,8): 0.03539006233215332
