Interaction name: 5cks

Affinity: 5.510000228881836
Predicted value: 6.393307209014893

Attributions for edges: 

(0,1): 6.739087725495885e-15
(0,2): 5.1956577468105156e-15
(0,3): 5.042644241914231e-24
(0,4): 1.269935999621049e-14
(0,11): 8.687095368140746e-15
(0,12): 7.019933950542373e-14
(0,15): 2.4739867272860483e-14
(0,16): 2.4739867272860483e-14
(0,21): 2.4820216818237026e-14
(0,23): 5.145296555898564e-14
(0,25): 9.552492153539166e-29
(0,26): 7.482004653423108e-15
(0,27): 8.563839368821036e-15
(0,29): 0.0
(1,0): 7.340761062435506e-15
(1,2): 4.866813722181505e-15
(1,4): 1.1895566386847627e-14
(1,12): 6.575601472829859e-14
(1,16): 2.317398118019398e-14
(1,21): 2.3249289185468466e-14
(1,23): 4.819630344777767e-14
(1,25): 9.10872659799075e-29
(1,26): 7.008425144481439e-15
(1,27): 8.021816209609432e-15
(1,29): 0.0
(1,35): 2.248658175624512e-14
(2,0): 5.835043108144266e-15
(2,1): 5.0177410173385915e-15
(2,15): 1.8420630485912505e-14
(2,21): 1.848042084759329e-14
(2,25): 7.421008308040588e-29
(2,26): 5.57089673057596e-15
(2,27): 6.3764009229758025e-15
(2,28): 4.394720332545794e-15
(2,29): 0.0
(2,35): 1.7874194285045705e-14
(3,0): 5.6494844484044906e-21
(3,21): 1.636211073009052e-20
(3,23): 3.211131616919619e-20
(3,27): 6.407079703616845e-21
(4,0): 1.1252232157913777e-14
(4,1): 9.676082567025394e-15
(4,5): 4.3727323736746093e-14
(4,6): 5.828169859293771e-15
(4,13): 4.845769188606972e-15
(4,14): 5.194964026826714e-15
(4,15): 3.552200038021286e-14
(4,21): 3.5637369655760684e-14
(4,22): 5.2840984897124105e-14
(4,23): 7.387734629778209e-14
(4,24): 1.1732292315934888e-14
(4,25): 1.3113913380756535e-28
(4,26): 1.0742813837940832e-14
(4,29): 0.0
(4,33): 7.750419296187077e-18
(5,4): 3.836736700915666e-14
(5,6): 1.2263437878037853e-14
(5,12): 2.1208580139493727e-13
(5,14): 1.0931070298599889e-14
(5,20): 1.6961182892211157e-13
(5,21): 7.498695268242164e-14
(5,22): 1.1118642356637565e-13
(5,23): 1.554499530400516e-13
(5,24): 2.4686744754540482e-14
(5,25): 2.5255366954693624e-28
(5,26): 2.2604668313487737e-14
(5,27): 2.587306352508107e-14
(5,34): 2.613846901712547e-15
(6,4): 8.23758684149415e-15
(6,5): 1.975461081608204e-14
(6,7): 5.55527744302859e-15
(6,12): 4.553527151694714e-14
(6,13): 2.192406505839117e-15
(6,20): 3.641588441384569e-14
(6,22): 2.3871917694006685e-14
(6,23): 3.3375432544622066e-14
(6,24): 5.300276480191789e-15
(6,26): 4.8532607715089625e-15
(6,30): 0.0
(6,33): 3.692188906530975e-18
(7,6): 4.6614099265382316e-15
(7,8): 1.1442555378964134e-15
(7,9): 2.251360634242727e-15
(7,10): 1.1442555378964134e-15
(7,14): 4.1549689273748854e-15
(7,17): 2.8410853856151996e-14
(7,18): 2.8410853856151996e-14
(7,19): 2.8410853856151996e-14
(7,20): 6.447065917149913e-14
(7,22): 4.226282748786593e-14
(7,24): 9.383641900887005e-15
(7,26): 8.592210737389319e-15
(7,27): 9.834534479369415e-15
(7,30): 0.0
(7,31): 2.297789982916819e-14
(8,7): 1.8144930155427176e-15
(8,9): 4.3755813584047873e-16
(8,10): 2.276273726106048e-16
(8,18): 5.2416046255178515e-15
(8,19): 5.2416046255178515e-15
(8,20): 1.1894386469952101e-14
(8,29): 0.0
(8,30): 0.0
(8,31): 4.2392461645278465e-15
(8,32): 1.1484578801059788e-15
(8,38): 4.063072205344898e-15
(9,7): 3.1637203622793047e-15
(9,8): 3.877718420716963e-16
(9,10): 3.877718420716963e-16
(9,17): 9.139139911431421e-15
(9,19): 9.139139911431421e-15
(9,20): 2.0738778397496813e-14
(9,26): 2.76392314051588e-15
(9,27): 3.1635636611840627e-15
(9,29): 0.0
(9,30): 0.0
(9,31): 7.391480548284146e-15
(9,32): 1.956441549700672e-15
(9,35): 8.868033464135526e-15
(9,38): 7.084306167544742e-15
(10,7): 1.8144930155427176e-15
(10,8): 2.276273726106048e-16
(10,9): 4.3755813584047873e-16
(10,17): 5.2416046255178515e-15
(10,18): 5.2416046255178515e-15
(10,20): 1.1894386469952101e-14
(10,29): 0.0
(10,30): 0.0
(10,31): 4.2392461645278465e-15
(10,32): 1.1484578801059788e-15
(10,38): 4.063072205344898e-15
(11,0): 1.0165699797790376e-14
(11,21): 3.21962949194083e-14
(11,23): 6.674377034127793e-14
(12,0): 4.387904766639007e-14
(12,1): 3.773300370616718e-14
(12,5): 1.7051879114445e-13
(12,6): 2.272757448820023e-14
(12,13): 1.889656474644754e-14
(12,14): 2.0258326063221123e-14
(12,15): 1.3852161334215046e-13
(12,21): 1.3897097448506424e-13
(12,22): 2.0605911454137787e-13
(12,23): 2.8809219549882914e-13
(12,24): 4.575143093695465e-14
(13,4): 6.837749699675592e-15
(13,6): 2.2132629980993598e-15
(13,12): 3.779746968971681e-14
(13,14): 2.015298904590058e-15
(13,20): 3.022773952801247e-14
(13,21): 1.3363961528384e-14
(13,22): 1.9815368489388592e-14
(13,23): 2.7703955733757342e-14
(13,24): 4.399618300563292e-15
(14,4): 7.209276138033221e-15
(14,5): 1.7288677678058487e-14
(14,7): 4.861822157023335e-15
(14,12): 3.985125353626537e-14
(14,13): 1.9821633992099432e-15
(14,20): 3.1870149965265715e-14
(14,22): 2.0892028680511744e-14
(14,23): 2.920924000717959e-14
(14,24): 4.638669633003295e-15
(15,0): 2.3132469789514942e-14
(15,2): 1.5336507291994345e-14
(15,4): 3.7485951300507414e-14
(15,12): 2.0721313933377145e-13
(15,16): 7.302695910005666e-14
(15,21): 7.326413510155144e-14
(15,23): 1.5187821161312398e-13
(16,0): 2.3132469789514942e-14
(16,1): 1.989235361989864e-14
(16,15): 7.302695910005666e-14
(16,21): 7.326413510155144e-14
(17,7): 2.5279935480029825e-14
(17,9): 5.786874462016282e-15
(17,10): 2.938367458420535e-15
(17,18): 7.302695910005666e-14
(17,19): 7.302695910005666e-14
(17,20): 1.657147048706939e-13
(18,7): 2.5279935480029825e-14
(18,8): 2.938367458420535e-15
(18,10): 2.938367458420535e-15
(18,17): 7.302695910005666e-14
(18,19): 7.302695910005666e-14
(18,20): 1.657147048706939e-13
(19,7): 2.5279935480029825e-14
(19,8): 2.938367458420535e-15
(19,9): 5.786874462016282e-15
(19,17): 7.302695910005666e-14
(19,18): 7.302695910005666e-14
(19,20): 1.657147048706939e-13
(20,5): 1.4865992009442663e-13
(20,6): 1.981408269337466e-14
(20,7): 4.180528061854989e-14
(20,8): 4.859170520381956e-15
(20,9): 9.569739274563512e-15
(20,10): 4.859170520381956e-15
(20,13): 1.6474175878176435e-14
(20,14): 1.766137217485038e-14
(20,17): 1.207644823985471e-13
(20,18): 1.207644823985471e-13
(20,19): 1.207644823985471e-13
(20,22): 1.7964363991599536e-13
(20,23): 2.5116153189348733e-13
(20,24): 3.988654092884798e-14
(21,0): 1.8977436064119592e-14
(21,1): 1.6319275574980252e-14
(21,2): 1.2581776576538542e-14
(21,3): 1.088209321836505e-23
(21,4): 3.0752757653775e-14
(21,5): 7.374852952716365e-14
(21,11): 2.1036617204608053e-14
(21,12): 1.6999335966660922e-13
(21,13): 8.17267023641658e-15
(21,15): 5.990992207535739e-14
(21,16): 5.990992207535739e-14
(21,22): 8.91195551058245e-14
(21,23): 1.2459843812089033e-13
(21,24): 1.9787269018396378e-14
(21,39): 7.751171381186553e-30
(22,4): 4.076472435977051e-14
(22,5): 9.775815953180084e-14
(22,6): 1.3029685057947774e-14
(22,7): 2.7491087883782864e-14
(22,12): 2.2533780126132025e-13
(22,13): 1.0833393000221365e-14
(22,14): 1.1614023646608612e-14
(22,20): 1.8020853635291462e-13
(22,21): 7.967214941170114e-14
(22,23): 1.6516249359919272e-13
(22,24): 2.6229225632808453e-14
(22,39): 9.878412914592787e-30
(23,0): 3.3740652822687386e-14
(23,1): 2.901461555282307e-14
(23,3): 1.789451130770257e-23
(23,4): 5.46763121703122e-14
(23,5): 1.3111985997828202e-13
(23,6): 1.7476264982689213e-14
(23,11): 3.740174944928676e-14
(23,12): 3.0223718493205265e-13
(23,13): 1.4530453798728207e-14
(23,14): 1.5577545763728606e-14
(23,15): 1.0651576869873461e-13
(23,20): 2.417079123656629e-13
(23,21): 1.0686170373065684e-13
(23,22): 1.5844819217531586e-13
(23,24): 3.518028357236795e-14
(24,4): 1.3737542868671668e-14
(24,5): 3.2944092874694075e-14
(24,6): 4.390950188897565e-15
(24,7): 9.264382203012442e-15
(24,12): 7.593776410637354e-14
(24,13): 3.650808140905548e-15
(24,14): 3.91387751608142e-15
(24,20): 6.072975510060946e-14
(24,21): 2.6849184293496926e-14
(24,22): 3.981053835655675e-14
(24,23): 5.565928374120545e-14
(25,0): 7.192926030531097e-24
(25,1): 6.331120735126108e-24
(25,2): 4.9486960356982926e-24
(25,4): 1.1216781656901358e-23
(25,5): 2.549354845426778e-23
(25,28): 5.5126724183634245e-24
(26,0): 8.610617610366102e-15
(26,1): 7.404546878528491e-15
(26,2): 5.708709414610708e-15
(26,4): 1.3953425308905424e-14
(26,5): 3.3461867174691684e-14
(26,6): 4.4599439870667435e-15
(26,7): 9.409988013678403e-15
(26,9): 2.1540570891521787e-15
(26,27): 9.409485723140681e-15
(26,29): 0.0
(26,35): 2.6376470452227352e-14
(26,36): 7.100643844910502e-16
(27,0): 9.96694775188189e-15
(27,1): 8.570867201184405e-15
(27,2): 6.607935685041871e-15
(27,3): 6.509828495733971e-24
(27,5): 3.873272620062533e-14
(27,7): 1.0892150828739448e-14
(27,9): 2.4933509592514657e-15
(27,26): 9.515754476703206e-15
(27,35): 3.053119416356401e-14
(28,2): 4.085608363939546e-15
(28,25): 7.706037513866392e-29
(28,37): 1.9454207193206514e-14
(29,0): 7.569239109584646e-32
(29,1): 6.662423976046756e-32
(29,2): 5.207618061536883e-32
(29,4): 1.180361250082997e-31
(29,8): 1.141607787423958e-32
(29,9): 2.1477614506243438e-32
(29,10): 1.141607787423958e-32
(29,26): 7.473981161624236e-32
(30,6): 0.0
(30,7): 2.977235151064579e-39
(30,8): 0.0
(30,9): 0.0
(30,10): 0.0
(31,7): 2.1907648289323962e-14
(31,8): 2.5464008444962393e-15
(31,9): 5.014928444437234e-15
(31,10): 2.5464008444962393e-15
(31,32): 1.3365058436050695e-14
(31,38): 4.905614014506267e-14
(32,8): 1.0525181639396285e-15
(32,9): 2.0232097688009393e-15
(32,10): 1.0525181639396285e-15
(32,31): 2.0519227457568498e-14
(32,38): 1.9666414357482134e-14
(33,4): 1.0910604923803041e-16
(33,6): 3.861523283114359e-17
(34,5): 4.395826981091382e-15
(34,39): 6.578656485365634e-31
(35,1): 1.9422841563169688e-14
(35,2): 1.4974495574733224e-14
(35,9): 5.650299293117472e-15
(35,26): 2.1564012104820576e-14
(35,27): 2.4681894643884504e-14
(36,26): 1.8494058078044086e-15
(37,28): 1.742251396592235e-14
(38,8): 2.4745137935374773e-15
(38,9): 4.873371451259148e-15
(38,10): 2.4745137935374773e-15
(38,31): 4.97385505449522e-14
(38,32): 1.2987827230793308e-14
(39,21): 1.320223115658752e-24
(39,22): 1.890230635767138e-24
(39,34): 5.714407324617528e-26
