Interaction name: 2cbj

Affinity: 8.270000457763672
Predicted value: 8.314167022705078

Attributions for edges: 

(0,4): 0.5800907015800476
(0,5): 0.6118561625480652
(0,8): 0.5272384881973267
(0,13): 0.5812144875526428
(0,14): 0.5625724792480469
(0,16): 0.5640869140625
(0,24): 0.5393342971801758
(0,25): 0.5466465950012207
(0,26): 0.480196088552475
(1,2): 0.43734437227249146
(1,8): 0.5113857388496399
(1,10): 0.6101951599121094
(1,14): 0.6013472080230713
(1,15): 0.5033143758773804
(1,16): 0.5427486896514893
(1,24): 0.4656178653240204
(1,25): 0.5677483677864075
(1,26): 0.47720199823379517
(1,30): 0.5861510038375854
(2,1): 0.47060492634773254
(2,3): 0.5822979807853699
(2,4): 0.44835081696510315
(2,9): 0.5219459533691406
(2,11): 0.5500415563583374
(2,14): 0.5543171167373657
(2,15): 0.5053883790969849
(2,16): 0.5290305018424988
(2,17): 0.4182380735874176
(2,25): 0.5014060735702515
(2,26): 0.42221778631210327
(2,27): 0.46623694896698
(3,2): 0.4936504364013672
(3,4): 0.5290652513504028
(3,10): 0.5241269469261169
(3,15): 0.4934402108192444
(3,16): 0.5017632842063904
(3,17): 0.5263715386390686
(3,27): 0.48420101404190063
(3,31): 0.5065634250640869
(4,0): 0.48420000076293945
(4,2): 0.49128466844558716
(4,3): 0.632297933101654
(4,5): 0.5301522612571716
(4,6): 0.5653249621391296
(4,8): 0.4940847158432007
(4,10): 0.5096766352653503
(4,11): 0.5414648652076721
(4,14): 0.5624054670333862
(4,15): 0.6613430380821228
(4,16): 0.4632766544818878
(4,17): 0.5404684543609619
(4,25): 0.5885013937950134
(4,27): 0.5255898237228394
(5,0): 0.5933497548103333
(5,4): 0.5402732491493225
(5,6): 0.5418575406074524
(5,7): 0.42300987243652344
(5,8): 0.5699484944343567
(5,12): 0.4431620240211487
(5,14): 0.5819541811943054
(5,15): 0.56830894947052
(5,16): 0.5373475551605225
(5,27): 0.5232627391815186
(6,4): 0.4879898428916931
(6,5): 0.6003031134605408
(6,7): 0.46355244517326355
(6,12): 0.41394364833831787
(6,27): 0.4151168763637543
(6,28): 0.4931052029132843
(7,5): 0.5131679773330688
(7,6): 0.5493806004524231
(7,12): 0.40437549352645874
(7,18): 0.48601385951042175
(7,23): 0.484231173992157
(7,28): 0.5012421011924744
(8,0): 0.48934081196784973
(8,1): 0.563690721988678
(8,4): 0.5685336589813232
(8,5): 0.4961971640586853
(8,9): 0.5390005707740784
(8,13): 0.5299078226089478
(8,14): 0.4144764542579651
(8,15): 0.4549211263656616
(8,16): 0.4941251873970032
(8,29): 0.501291036605835
(9,2): 0.5026519894599915
(9,8): 0.4206758141517639
(9,10): 0.4511997401714325
(9,14): 0.43222373723983765
(9,15): 0.5152236819267273
(9,16): 0.43077123165130615
(10,1): 0.4966233968734741
(10,3): 0.5678868889808655
(10,4): 0.4012468159198761
(10,9): 0.5391789674758911
(10,11): 0.4016818404197693
(10,14): 0.5495486259460449
(10,15): 0.5056627988815308
(10,16): 0.4572162628173828
(10,17): 0.4464946389198303
(11,2): 0.5228843688964844
(11,4): 0.5343811511993408
(11,10): 0.4814293682575226
(11,15): 0.4196856617927551
(11,16): 0.44185954332351685
(11,17): 0.5919594168663025
(12,5): 0.5889676213264465
(12,6): 0.6010480523109436
(12,7): 0.5225641131401062
(12,18): 0.5241241455078125
(12,19): 0.5094994902610779
(12,20): 0.41640594601631165
(12,21): 0.46186476945877075
(12,23): 0.46862369775772095
(13,0): 0.42299699783325195
(13,8): 0.48805639147758484
(13,32): 0.5478523373603821
(13,33): 0.5101860761642456
(13,34): 0.48810479044914246
(13,35): 0.5302028656005859
(13,36): 0.5505204200744629
(13,44): 0.4477379024028778
(14,0): 0.5189581513404846
(14,1): 0.47109735012054443
(14,2): 0.4257068932056427
(14,4): 0.42481502890586853
(14,5): 0.5096797943115234
(14,8): 0.5269584655761719
(14,9): 0.5485108494758606
(14,10): 0.3864751160144806
(14,15): 0.41975167393684387
(14,16): 0.5368488430976868
(14,17): 0.4422694742679596
(14,37): 0.5318139791488647
(14,38): 0.42279595136642456
(15,1): 0.47348612546920776
(15,2): 0.4702571630477905
(15,3): 0.49931037425994873
(15,4): 0.4404338598251343
(15,5): 0.5571317672729492
(15,8): 0.5142477750778198
(15,9): 0.5828486084938049
(15,10): 0.4886780381202698
(15,11): 0.48626160621643066
(15,14): 0.5520546436309814
(15,16): 0.4757145047187805
(15,17): 0.4538015127182007
(15,32): 0.4539233446121216
(15,39): 0.47716888785362244
(16,0): 0.44129395484924316
(16,1): 0.5741457939147949
(16,2): 0.5661156177520752
(16,3): 0.4546542763710022
(16,4): 0.44818487763404846
(16,5): 0.4528118669986725
(16,8): 0.4403109550476074
(16,9): 0.44746020436286926
(16,10): 0.4494131803512573
(16,11): 0.42579856514930725
(16,14): 0.519505500793457
(16,15): 0.38949671387672424
(16,17): 0.5451845526695251
(16,37): 0.5669170022010803
(16,44): 0.49460747838020325
(17,2): 0.5402123928070068
(17,3): 0.47339966893196106
(17,4): 0.43999382853507996
(17,10): 0.5004168748855591
(17,11): 0.4544219970703125
(17,14): 0.5048871636390686
(17,15): 0.5506026148796082
(17,16): 0.5060526728630066
(17,32): 0.5522138476371765
(17,38): 0.49986615777015686
(17,40): 0.5580894351005554
(17,41): 0.5187591910362244
(17,42): 0.5745205879211426
(17,43): 0.5971811413764954
(17,45): 0.4708222448825836
(18,7): 0.482042521238327
(18,12): 0.45453503727912903
(18,19): 0.4413676857948303
(18,20): 0.4646720886230469
(18,21): 0.5953267216682434
(18,22): 0.545892059803009
(18,32): 0.45315098762512207
(18,44): 0.4496566951274872
(18,45): 0.5033260583877563
(19,12): 0.4634653925895691
(19,18): 0.4807983338832855
(19,20): 0.45007309317588806
(19,21): 0.4586277902126312
(19,22): 0.5204863548278809
(19,23): 0.48999840021133423
(20,12): 0.4872344434261322
(20,18): 0.3748357892036438
(20,19): 0.38190919160842896
(20,21): 0.5035984516143799
(20,22): 0.5026432871818542
(20,23): 0.4831121265888214
(21,12): 0.49831873178482056
(21,18): 0.4540368616580963
(21,19): 0.390603631734848
(21,20): 0.48430606722831726
(21,22): 0.39041247963905334
(21,23): 0.5004978179931641
(21,32): 0.5406784415245056
(22,18): 0.4102686643600464
(22,19): 0.49574992060661316
(22,20): 0.44852495193481445
(22,21): 0.5143202543258667
(22,23): 0.4779262840747833
(22,46): 0.5017428398132324
(23,7): 0.4699452221393585
(23,12): 0.48738017678260803
(23,19): 0.3948127329349518
(23,20): 0.5018389821052551
(23,21): 0.4136867821216583
(23,22): 0.5767344832420349
(24,0): 0.6181131601333618
(24,1): 0.5190603137016296
(24,35): 0.4760569930076599
(24,44): 0.5416716933250427
(25,0): 0.6304273009300232
(25,1): 0.5123693943023682
(25,2): 0.5148423314094543
(25,4): 0.5065747499465942
(25,29): 0.48235273361206055
(25,30): 0.5378760099411011
(26,0): 0.5435401201248169
(26,1): 0.4509192705154419
(26,2): 0.5433943867683411
(26,41): 0.4612860679626465
(27,2): 0.45885518193244934
(27,3): 0.5988214015960693
(27,4): 0.5911953449249268
(27,5): 0.4685569703578949
(27,6): 0.5873243808746338
(27,28): 0.4372052550315857
(27,34): 0.5374547839164734
(28,6): 0.4973817467689514
(28,7): 0.4875086545944214
(28,27): 0.5776122808456421
(28,29): 0.42991799116134644
(28,37): 0.4794062376022339
(29,8): 0.4531453251838684
(29,25): 0.4849228262901306
(29,28): 0.5356546640396118
(29,32): 0.45288217067718506
(30,1): 0.5169667601585388
(30,25): 0.40257325768470764
(30,38): 0.4044552743434906
(31,3): 0.5743361711502075
(31,39): 0.43997323513031006
(32,13): 0.5669947266578674
(32,15): 0.40642249584198
(32,17): 0.4913177490234375
(32,18): 0.46537670493125916
(32,21): 0.412689208984375
(32,29): 0.43432483077049255
(33,13): 0.6230323314666748
(34,13): 0.4647514820098877
(34,27): 0.4026850759983063
(34,35): 0.5144936442375183
(35,13): 0.47268134355545044
(35,24): 0.37960755825042725
(35,34): 0.47956737875938416
(36,13): 0.6511090993881226
(36,38): 0.5608956813812256
(37,14): 0.5329566597938538
(37,16): 0.49141860008239746
(37,28): 0.5302037596702576
(37,39): 0.4767235219478607
(38,14): 0.5256608724594116
(38,17): 0.5220865607261658
(38,30): 0.5632338523864746
(38,36): 0.4467194080352783
(39,15): 0.4418405592441559
(39,31): 0.5133808851242065
(39,37): 0.4297514855861664
(40,17): 0.474777489900589
(41,17): 0.4877256453037262
(41,26): 0.4880174398422241
(42,17): 0.5075286626815796
(43,17): 0.5117915868759155
(44,13): 0.5289696455001831
(44,16): 0.5118399858474731
(44,18): 0.5122178792953491
(44,24): 0.4825679361820221
(45,17): 0.5072530508041382
(45,18): 0.375844806432724
(46,22): 0.48909857869148254
