Interaction name: 5nvv

Affinity: 6.699999809265137
Predicted value: 7.46890926361084

Attributions for edges: 

(0,10): 0.48971542716026306
(0,11): 0.5980063080787659
(0,22): 0.48001864552497864
(1,3): 0.5373060703277588
(1,6): 0.6179980039596558
(1,15): 0.4324827790260315
(1,19): 0.44623303413391113
(1,21): 0.5257840752601624
(1,23): 0.4168475270271301
(1,27): 0.5482035875320435
(1,28): 0.6265878081321716
(2,15): 0.4630679190158844
(2,16): 0.5723738074302673
(2,28): 0.4824366867542267
(2,30): 0.548980712890625
(3,1): 0.569756269454956
(3,6): 0.47958943247795105
(3,8): 0.45038479566574097
(3,17): 0.5449244379997253
(3,19): 0.40797674655914307
(3,24): 0.3811410069465637
(3,27): 0.5351200103759766
(4,5): 0.5799756646156311
(4,8): 0.5556962490081787
(4,9): 0.45466873049736023
(4,20): 0.5265265703201294
(4,28): 0.45748502016067505
(5,4): 0.5478574633598328
(5,8): 0.47225692868232727
(5,20): 0.5126383304595947
(6,1): 0.4301603138446808
(6,3): 0.5003047585487366
(6,13): 0.4798342287540436
(6,15): 0.5825800895690918
(6,21): 0.5955146551132202
(6,23): 0.5594714283943176
(6,26): 0.5273544788360596
(6,29): 0.46499425172805786
(7,15): 0.5567578673362732
(7,16): 0.551145613193512
(8,3): 0.467991441488266
(8,4): 0.5000166893005371
(8,5): 0.5951871275901794
(8,9): 0.5480228066444397
(8,17): 0.5894303917884827
(8,18): 0.4094991385936737
(8,19): 0.4354443848133087
(8,20): 0.3472854495048523
(8,24): 0.3833599388599396
(9,4): 0.5406236052513123
(9,8): 0.4751940369606018
(9,20): 0.5858551263809204
(10,0): 0.5090295672416687
(10,11): 0.43428000807762146
(10,12): 0.555267333984375
(10,22): 0.47291436791419983
(10,25): 0.580938994884491
(10,31): 0.5144420266151428
(10,32): 0.4843803942203522
(10,33): 0.5291916131973267
(10,34): 0.6127009987831116
(11,0): 0.4904886782169342
(11,10): 0.5630970001220703
(11,12): 0.5092974901199341
(11,14): 0.49385398626327515
(11,22): 0.4235767126083374
(11,25): 0.433317095041275
(11,32): 0.5036634206771851
(11,34): 0.5435397028923035
(11,35): 0.6087048053741455
(12,10): 0.5095345377922058
(12,11): 0.5487411618232727
(12,13): 0.4330378472805023
(12,14): 0.5084627866744995
(12,21): 0.3805801570415497
(12,22): 0.3993951380252838
(12,23): 0.39314401149749756
(12,26): 0.48597389459609985
(12,31): 0.5346795916557312
(13,6): 0.5337213277816772
(13,12): 0.4917118549346924
(13,14): 0.4715602397918701
(13,21): 0.5053068995475769
(13,22): 0.529118537902832
(13,23): 0.43999579548835754
(14,11): 0.5908324122428894
(14,12): 0.5686236023902893
(14,13): 0.37610650062561035
(14,21): 0.43679773807525635
(14,22): 0.5034610033035278
(14,23): 0.48031383752822876
(14,26): 0.42518794536590576
(14,33): 0.5245945453643799
(14,35): 0.5181680917739868
(14,41): 0.4105364680290222
(15,1): 0.5104295015335083
(15,2): 0.4896586537361145
(15,6): 0.5167690515518188
(15,7): 0.5631265640258789
(15,16): 0.44928792119026184
(15,36): 0.5681958198547363
(15,42): 0.4912175238132477
(15,43): 0.46433913707733154
(16,2): 0.5065266489982605
(16,7): 0.47358813881874084
(16,15): 0.45805296301841736
(16,37): 0.48773154616355896
(17,3): 0.47383254766464233
(17,8): 0.43896588683128357
(17,18): 0.5430517196655273
(17,19): 0.5442928671836853
(17,24): 0.4654884338378906
(17,40): 0.5560261607170105
(18,8): 0.4658779799938202
(18,17): 0.5009279847145081
(18,19): 0.429918110370636
(18,24): 0.45039689540863037
(18,38): 0.40292707085609436
(18,44): 0.5690464377403259
(19,1): 0.44302690029144287
(19,3): 0.4561401605606079
(19,8): 0.4548422396183014
(19,17): 0.4986443519592285
(19,18): 0.4902054965496063
(19,24): 0.5306699872016907
(19,36): 0.4951942265033722
(19,39): 0.4899393916130066
(19,40): 0.5050435066223145
(19,41): 0.5463985204696655
(20,4): 0.3393552303314209
(20,5): 0.548652172088623
(20,8): 0.48277580738067627
(20,9): 0.49523282051086426
(20,40): 0.5160989761352539
(20,42): 0.6249880194664001
(21,1): 0.4406784176826477
(21,6): 0.4198835492134094
(21,12): 0.5516942143440247
(21,13): 0.3657647967338562
(21,14): 0.46990400552749634
(21,22): 0.5348162055015564
(21,23): 0.5029733180999756
(21,26): 0.4467577636241913
(22,0): 0.5332107543945312
(22,10): 0.5178272724151611
(22,11): 0.5057405233383179
(22,12): 0.4442589581012726
(22,13): 0.6090847849845886
(22,14): 0.47097048163414
(22,21): 0.45361804962158203
(22,23): 0.4440499544143677
(22,25): 0.46838605403900146
(22,26): 0.4455353319644928
(22,32): 0.4564785659313202
(22,34): 0.5586827397346497
(22,35): 0.6525948643684387
(23,1): 0.4490707814693451
(23,6): 0.5088549852371216
(23,12): 0.548119306564331
(23,13): 0.5404996275901794
(23,14): 0.5425803065299988
(23,21): 0.49358493089675903
(23,22): 0.5599071383476257
(23,26): 0.48171862959861755
(24,3): 0.5699152946472168
(24,8): 0.5293367505073547
(24,17): 0.5481172800064087
(24,18): 0.44464564323425293
(24,19): 0.39724600315093994
(24,35): 0.5474704504013062
(24,42): 0.6279869079589844
(25,10): 0.5071010589599609
(25,11): 0.5101622939109802
(25,22): 0.5028434991836548
(26,6): 0.5949687361717224
(26,12): 0.6152259111404419
(26,14): 0.4064459204673767
(26,21): 0.5187820792198181
(26,22): 0.40305763483047485
(26,23): 0.5673397183418274
(27,1): 0.4958670735359192
(27,3): 0.47683465480804443
(27,36): 0.5661889314651489
(28,1): 0.548456609249115
(28,2): 0.40958577394485474
(28,4): 0.49352318048477173
(28,42): 0.5047128796577454
(28,43): 0.43985024094581604
(29,6): 0.4707494378089905
(29,42): 0.49916037917137146
(30,2): 0.5405149459838867
(30,37): 0.472031831741333
(31,10): 0.5885984897613525
(31,12): 0.5311175584793091
(32,10): 0.45955890417099
(32,11): 0.49936315417289734
(32,22): 0.408676415681839
(32,41): 0.6154962778091431
(33,10): 0.507004976272583
(33,14): 0.48079514503479004
(34,10): 0.566567063331604
(34,11): 0.3949336111545563
(34,22): 0.4655325412750244
(35,11): 0.4488939940929413
(35,14): 0.5188015699386597
(35,22): 0.6002628207206726
(35,24): 0.5558311939239502
(36,15): 0.458038866519928
(36,19): 0.6012408137321472
(36,27): 0.49535685777664185
(37,16): 0.5053696632385254
(37,30): 0.42884281277656555
(37,39): 0.539751410484314
(37,44): 0.47693192958831787
(38,18): 0.5859199166297913
(39,19): 0.5895757079124451
(39,37): 0.49357354640960693
(39,44): 0.4643547832965851
(40,17): 0.44263193011283875
(40,19): 0.5723447203636169
(40,20): 0.5174073576927185
(41,14): 0.5136919617652893
(41,19): 0.552867591381073
(41,32): 0.6142093539237976
(42,15): 0.4244985282421112
(42,20): 0.5318164825439453
(42,24): 0.5459058284759521
(42,28): 0.5075803995132446
(42,29): 0.5011382699012756
(43,15): 0.5266933441162109
(43,28): 0.46024399995803833
(44,18): 0.4572192430496216
(44,37): 0.5893522500991821
(44,39): 0.47642090916633606
