Interaction name: 6f8b

Affinity: 5.210000038146973
Predicted value: 6.161496162414551

Shapley values for edges: 

(0,1): 0.001103205680847168
(0,2): -0.08426979541778565
(0,4): 0.005444593429565429
(0,5): 0.002163376808166504
(0,7): 0.018808269500732423
(0,11): -0.016946096420288086
(0,12): 0.058805475234985354
(0,13): 0.04003178596496582
(1,0): 0.026170172691345216
(1,2): 0.023584461212158202
(1,3): 0.0037128353118896485
(1,4): 0.002324099540710449
(1,5): 0.013879904747009278
(1,7): -0.00646519660949707
(1,10): -0.05084744930267334
(1,11): 0.0028783988952636717
(2,0): 0.0019809675216674806
(2,1): -1.4162063598632813e-06
(2,3): 0.010565338134765625
(2,4): 0.0013262796401977538
(2,6): 0.004065361022949219
(2,9): -0.03025840759277344
(2,10): -5.140781402587891e-05
(3,1): -0.013011984825134278
(3,2): 0.003923683166503906
(3,4): -0.0016867923736572266
(3,6): 0.0009750080108642578
(3,8): -0.0039614343643188474
(3,9): -0.0004316139221191406
(3,10): 6.870269775390626e-05
(3,11): -0.028506555557250977
(4,0): -0.0009702539443969726
(4,1): 0.0004669713973999023
(4,2): -7.89499282836914e-05
(4,3): -5.794048309326172e-05
(4,6): 0.0013396549224853516
(4,8): -0.01657768726348877
(4,10): 0.0028878164291381834
(4,11): -0.008126482963562012
(5,0): -0.0019973087310791015
(5,1): 0.0007553720474243165
(5,7): -0.01553553581237793
(6,2): 0.00041220664978027345
(6,3): 0.0003095388412475586
(6,4): -0.00026287555694580076
(6,8): 0.00452746868133545
(6,9): -0.004739813804626465
(6,10): 0.0003644418716430664
(6,11): 0.0020616912841796876
(6,15): -0.05443034172058105
(7,0): -0.028429880142211914
(7,1): -0.013191752433776856
(7,5): -0.007837858200073242
(8,3): -0.005200891494750976
(8,4): 0.00041473388671875
(8,6): 0.005713181495666504
(8,9): -0.010524721145629882
(8,14): -0.0913115930557251
(9,2): 0.017900495529174804
(9,3): 0.00078216552734375
(9,6): 0.008169293403625488
(9,8): -0.019159350395202637
(9,10): 0.0007949018478393555
(9,11): -0.03507311820983887
(9,15): -0.05822237968444824
(10,1): 0.06914314270019531
(10,2): -0.003229413032531738
(10,3): 0.0008837699890136719
(10,4): 0.0012283277511596679
(10,6): -0.0007283210754394532
(10,9): -0.01786829948425293
(10,11): -0.00039113521575927734
(10,15): -0.05868524551391602
(11,0): -0.022642149925231933
(11,1): -0.017347135543823243
(11,3): 0.012161250114440919
(11,4): 0.0016228008270263673
(11,6): 0.028257684707641603
(11,9): 0.01200418472290039
(11,10): 0.006914558410644531
(11,16): -0.0034032964706420896
(12,0): -0.00028076171875
(12,13): -0.0184613037109375
(13,0): -0.023114395141601563
(13,12): -0.028166980743408204
(14,8): -0.04323961734771729
(15,6): 0.025773963928222655
(15,9): -0.025583057403564452
(15,10): -0.05085688591003418
(15,16): -0.06533065319061279
(16,11): 0.005672550201416016
(16,15): -0.04901285171508789
