Interaction name: 4j5c

Affinity: 5.519999980926514
Predicted value: 6.236117839813232

Attributions for edges: 

(0,1): 2.1008014584464641e-19
(0,2): 3.8948773134657444e-13
(0,13): 3.940845219596589e-11
(0,25): 3.328984310435601e-11
(0,27): 3.54073333153071e-11
(1,0): 1.6556301678255321e-21
(1,2): 1.0721206664954133e-20
(1,3): 9.877129232412897e-23
(1,25): 6.775109661079891e-19
(1,26): 5.80730062658796e-25
(1,27): 7.928161694863364e-19
(2,0): 8.020140541270537e-13
(2,1): 2.794355902727649e-18
(2,3): 4.7728653169466784e-14
(2,13): 5.24187804273879e-10
(2,20): 8.780035820050208e-17
(2,28): 2.935847051577234e-11
(3,1): 7.114535212128842e-21
(3,2): 1.3190317233098027e-14
(3,16): 1.2140712620539234e-26
(3,21): 8.39482359904855e-18
(3,22): 5.249851509393848e-29
(3,28): 6.005418872693374e-14
(4,16): 1.3561388285466746e-23
(4,17): 9.816903409162978e-18
(4,18): 1.3772869563583034e-12
(4,22): 5.864175648961648e-26
(4,23): 1.3772869563583034e-12
(5,6): 4.515738979038626e-14
(5,7): 2.380688377486592e-15
(5,31): 1.7995968448758504e-07
(5,32): 3.8117077565402724e-06
(6,5): 1.603169420133499e-12
(6,7): 5.224403601755592e-20
(6,8): 8.456737770113124e-16
(6,10): 7.581157973868948e-21
(6,11): 2.228194614007567e-18
(6,19): 2.067278413159104e-18
(6,24): 1.317215245272548e-16
(6,29): 4.4939924004339105e-10
(6,30): 1.3802387399848104e-18
(6,32): 6.355129616997246e-11
(7,5): 6.499592530850862e-13
(7,6): 3.701311157723786e-19
(7,8): 3.158605447948191e-16
(7,9): 6.014680669751832e-14
(7,10): 2.831575551933436e-21
(7,11): 8.3223442760178525e-19
(7,19): 7.721319495827768e-19
(7,24): 4.9198022769469414e-17
(7,29): 1.952327466359094e-10
(7,31): 1.2146243212607377e-12
(7,36): 6.43754008433639e-11
(8,6): 8.971360710500253e-17
(8,7): 4.729664886984277e-18
(8,9): 1.416056334690996e-11
(8,10): 6.863293318232638e-19
(8,19): 1.871526046752175e-16
(8,24): 1.1924826292977579e-14
(8,29): 4.3841037467018396e-08
(9,7): 3.8890190975478665e-17
(9,8): 6.295176511149359e-13
(9,10): 5.643376036235865e-18
(9,19): 1.5388832117036269e-15
(9,24): 9.805283212975524e-14
(9,33): 3.854160046667943e-12
(10,6): 1.7697677839588345e-19
(10,7): 9.330178872530474e-21
(10,8): 1.5102867441296112e-16
(10,9): 2.998907613666231e-14
(10,11): 3.9793278540725657e-19
(10,12): 1.3246692357935484e-14
(10,13): 3.2491596219097474e-11
(10,19): 3.691947731683627e-19
(10,24): 2.352402565863427e-17
(10,35): 6.225236298673664e-11
(11,6): 1.4782516809589484e-18
(11,7): 7.79328214116835e-20
(11,10): 1.1308913643411657e-20
(11,12): 1.0875259297705303e-13
(11,19): 3.083797979588529e-18
(11,24): 1.9649073263711234e-16
(11,29): 6.584814915555626e-10
(11,34): 1.4567493743287992e-26
(11,35): 4.058814673246758e-10
(12,10): 2.8554543579029595e-18
(12,11): 8.39252790815092e-16
(12,19): 7.786463128896259e-16
(12,24): 4.961300670964196e-14
(12,30): 4.847079336818137e-16
(12,31): 1.0521119531148315e-09
(12,36): 4.6904755635068796e-08
(12,38): 1.795846874201878e-21
(13,0): 3.766141176697602e-09
(13,2): 2.4469350989875238e-08
(13,10): 1.5189476560152865e-16
(13,14): 5.342043891687354e-07
(13,15): 1.3010493898636283e-17
(13,19): 4.141986707502203e-14
(13,20): 4.1229536061268557e-13
(13,24): 2.6391495325933656e-12
(13,32): 1.1520841098899837e-06
(13,36): 2.323215312571847e-06
(13,37): 6.6413545669885554e-12
(14,13): 1.0953865057672374e-05
(14,15): 6.09001799824816e-17
(14,20): 1.9298928774502677e-12
(14,29): 3.380485941306688e-05
(14,32): 5.392695584305329e-06
(14,37): 3.108707041787895e-11
(15,13): 2.272477995710065e-12
(15,14): 5.187523587774079e-13
(15,20): 4.003689874075901e-19
(15,36): 2.2560152530826105e-12
(16,3): 6.793294776091317e-29
(16,4): 6.364403538615269e-28
(16,17): 4.913066433996078e-33
(16,18): 6.892936974735944e-28
(16,21): 4.69300866351102e-30
(16,22): 0.0
(16,23): 6.892936974735944e-28
(16,31): 1.631083474373963e-26
(16,36): 7.2031914774907375e-25
(17,4): 2.5443941548399018e-20
(17,16): 2.7133799742686167e-31
(17,18): 2.7556940495835916e-20
(17,21): 1.8762098637998465e-22
(17,22): 1.173311972091589e-33
(17,23): 2.7556940495835916e-20
(17,37): 6.086330096487881e-23
(18,4): 1.0701508445674565e-13
(18,16): 1.1412292943651334e-24
(18,17): 8.261202704053113e-19
(18,21): 7.891150577825378e-16
(18,22): 4.934870385517679e-27
(18,23): 1.159021744681285e-13
(19,6): 2.260755338049798e-18
(19,7): 1.191865545322963e-19
(19,8): 1.9292791089063578e-15
(19,9): 3.541459118149015e-13
(19,10): 1.729528839891111e-20
(19,11): 5.083276327044571e-18
(19,12): 1.6632015046886411e-13
(19,13): 3.5209760107512977e-10
(19,33): 1.2935563603881824e-14
(19,36): 3.6087657862005074e-10
(20,2): 4.0105696541559155e-11
(20,13): 3.835597617296571e-09
(20,14): 8.755717817443553e-10
(20,15): 2.1324430232694354e-20
(20,35): 7.424254988563916e-09
(21,3): 1.2971443529098267e-17
(21,16): 1.2959605706941043e-27
(21,17): 9.381209615535174e-22
(21,18): 1.3161654538135448e-16
(21,22): 5.603912213420844e-30
(21,23): 1.3161654538135448e-16
(22,3): 4.356309771244822e-32
(22,4): 4.08119836642216e-31
(22,16): 0.0
(22,17): 3.150535077394155e-36
(22,18): 4.420172851182341e-31
(22,21): 3.0094444336515718e-33
(22,23): 4.420139467142777e-31
(22,38): 0.0
(23,4): 1.0701508445674565e-13
(23,16): 1.1412292943651334e-24
(23,17): 8.261171684780142e-19
(23,18): 1.159021744681285e-13
(23,21): 7.891150577825378e-16
(23,22): 4.934870385517679e-27
(24,6): 4.0645719698222406e-17
(24,7): 2.1428256456841847e-18
(24,8): 3.46859686968775e-14
(24,9): 6.619274139224585e-12
(24,10): 3.109465497393626e-19
(24,11): 9.139131467571728e-17
(24,12): 2.9902287243532832e-12
(24,13): 6.778169137078294e-09
(25,0): 1.4900739131462615e-07
(25,1): 4.0653556367641064e-13
(25,28): 5.4545043894904666e-06
(25,36): 9.190970740746707e-05
(26,1): 2.3035976854954916e-16
(26,27): 5.212271858567874e-08
(26,36): 5.208436348880241e-08
(27,0): 5.878784570256812e-09
(27,1): 1.603908046416032e-14
(27,26): 3.236169578840764e-12
(27,29): 1.127344603446545e-05
(28,2): 5.949253250037145e-07
(28,3): 4.8243329331398854e-09
(28,25): 5.314288864610717e-05
(28,38): 2.257282627043147e-18
(29,6): 4.580381823067643e-14
(29,7): 2.4147679010864216e-15
(29,8): 3.908789958373404e-11
(29,11): 1.0298924527866321e-13
(29,14): 1.2597913610079559e-06
(29,27): 5.482745109475218e-06
(30,6): 4.1645753685870535e-12
(30,12): 4.802627131539339e-07
(31,5): 5.72414684540945e-08
(31,7): 1.5563342079994336e-15
(31,12): 2.339811011609072e-09
(31,16): 2.7048796336961202e-20
(32,5): 5.727422802692672e-08
(32,6): 3.2805267562770885e-14
(32,13): 4.604950845532585e-06
(32,14): 1.0511997743378743e-06
(32,34): 3.5176519454155336e-22
(33,9): 4.809685378859285e-07
(33,19): 3.857042723404147e-12
(34,11): 7.440217358238874e-24
(34,32): 3.7339340485249535e-16
(35,10): 5.020993729735166e-16
(35,11): 1.4757311583672716e-13
(35,20): 1.4570458554963306e-12
(36,7): 8.20405831282651e-16
(36,12): 1.14484388635816e-09
(36,13): 1.8256502016811282e-06
(36,15): 1.0149913916067638e-17
(36,16): 1.425855327386409e-20
(36,19): 3.246330003317359e-14
(36,25): 1.7052836938091787e-06
(36,26): 1.6173652044385034e-12
(36,37): 5.181148478999864e-12
(37,13): 4.2832152047367344e-08
(37,14): 9.777518350517767e-09
(37,17): 1.930927408551935e-16
(37,36): 4.2521694609831684e-08
(38,12): 5.542444615945002e-17
(38,22): 1.6420679950478434e-30
(38,28): 6.4223931179458165e-15
