Interaction name: 6bhv

Affinity: 5.230000019073486
Predicted value: 6.318109512329102

Shapley values for edges: 

(0,1): -0.00909574031829834
(0,3): -0.004294476509094238
(0,5): 0.006390533447265625
(0,6): -0.010176596641540527
(0,12): -0.013371281623840332
(0,24): -0.011029253005981446
(0,25): -0.00020362377166748046
(0,28): -0.010293722152709961
(0,45): -0.004670114517211914
(0,46): -0.0034423065185546875
(1,0): 0.0017137002944946288
(1,3): -0.005610685348510742
(1,12): -0.005461411476135254
(1,23): 0.009538183212280274
(1,28): -0.0090911865234375
(1,45): -0.0015195608139038086
(2,7): -0.0036281538009643555
(2,10): 0.006666431427001953
(2,17): -0.04117043018341064
(2,30): 0.008959221839904784
(2,43): 0.00403653621673584
(2,44): 0.015366005897521972
(3,0): 0.0007060718536376953
(3,1): -0.00668447494506836
(3,4): -0.004476981163024902
(3,5): 0.0067988157272338865
(3,6): -0.009650959968566894
(3,12): -0.01319080352783203
(3,23): 0.005455050468444824
(3,24): -0.010574002265930176
(3,25): 0.0021682500839233397
(3,28): -0.019611387252807616
(3,29): -0.01046043872833252
(3,45): -0.013474225997924805
(3,48): -0.012789630889892578
(4,3): -0.0007211685180664063
(4,5): 0.01328629970550537
(4,6): -0.004455471038818359
(4,25): -0.005367488861083985
(4,29): -0.005613617897033692
(4,44): -0.013680124282836914
(4,45): 0.0007714939117431641
(4,46): -0.0013917446136474609
(5,0): -0.004254312515258789
(5,3): -0.005934948921203613
(5,4): -0.0029724502563476564
(5,6): -0.005693898200988769
(5,12): -0.004025545120239258
(5,23): 0.011164731979370117
(5,28): -0.003333449363708496
(5,29): -0.004276123046875
(5,31): 0.0008190298080444336
(5,44): -0.0030304908752441405
(5,46): -0.004528412818908692
(5,48): -0.00541679859161377
(6,0): -0.003109722137451172
(6,3): -0.007911643981933593
(6,4): -0.0012447452545166016
(6,5): 0.01039219856262207
(6,8): -0.0034412670135498045
(6,11): -0.004071493148803711
(6,18): -0.006132397651672363
(6,23): -0.0018114995956420897
(6,25): -0.007207670211791992
(6,29): -0.009608206748962402
(6,31): -0.0017051362991333007
(6,38): -0.007268800735473633
(6,43): -0.03193060398101807
(6,44): -0.0033776235580444337
(6,46): -0.003704490661621094
(6,48): -0.00567394733428955
(7,2): 0.006056952476501465
(7,10): 0.015781183242797852
(7,17): -0.028476676940917968
(7,43): 0.006502127647399903
(8,6): -0.002135190963745117
(8,9): 0.005740170478820801
(8,11): 0.0029025888442993164
(8,19): -0.005020179748535156
(8,29): 0.0012287664413452148
(8,30): 6.289958953857422e-05
(8,31): 0.0014548635482788087
(8,38): 0.0033389759063720704
(8,39): 0.002125210762023926
(8,43): -0.012316646575927735
(8,45): 0.0046634960174560544
(8,51): -0.036531100273132326
(9,8): 0.004101524353027344
(9,11): 0.0004193925857543945
(9,18): -0.007642283439636231
(9,30): -0.0017509794235229493
(9,31): 0.0006613683700561523
(9,38): 0.002952117919921875
(9,39): -0.002569894790649414
(9,44): 0.0004060602188110352
(9,45): 0.0021569299697875976
(10,2): -0.002387423515319824
(10,7): -0.007593846321105957
(10,11): 0.010201902389526367
(10,30): 0.008302850723266602
(10,43): -0.005838899612426758
(11,6): -0.006058640480041504
(11,8): -0.0001585674285888672
(11,9): 0.0033714103698730467
(11,10): -0.008407406806945801
(11,18): 0.0024139928817749024
(11,19): -0.010461549758911132
(11,29): 0.0023747825622558593
(11,30): -0.0014487934112548829
(11,31): 0.0018547534942626952
(11,38): 0.0020151662826538084
(11,39): -0.0015025758743286133
(11,44): -0.0013692951202392578
(11,45): 0.0016803836822509766
(12,0): -0.006925983428955078
(12,1): -0.00468355655670166
(12,3): -0.0114302396774292
(12,5): 0.0022388887405395508
(12,13): -0.01754157543182373
(12,23): 0.0009523296356201172
(12,24): -0.0056211137771606445
(12,25): 0.0009681797027587891
(12,27): -0.023660736083984377
(12,28): -0.021141929626464842
(12,32): -0.022951202392578127
(12,45): -0.005775065422058106
(13,12): -0.0036528921127319336
(13,14): 0.0008548974990844726
(13,15): -0.0005592918395996094
(13,20): -0.011430959701538086
(13,21): -0.0037392044067382814
(13,26): -0.004948382377624512
(13,27): -0.004637575149536133
(13,28): 0.0010715866088867188
(13,32): -0.0002875661849975586
(13,35): -0.008565397262573242
(13,37): -0.005962295532226563
(13,40): -0.0035429954528808593
(13,41): -0.001354689598083496
(13,42): -0.004646496772766113
(13,45): 0.007579169273376465
(13,47): -0.007118954658508301
(13,48): 0.0029363632202148438
(14,13): 0.00013846874237060546
(14,15): -0.00012524604797363282
(14,21): -0.0033594036102294923
(14,26): 0.0034833526611328124
(14,27): -0.006530218124389649
(14,28): 0.002160196304321289
(14,32): -0.0022141075134277342
(14,40): 0.00011901378631591797
(14,45): 0.0016769123077392577
(14,46): -0.001212005615234375
(15,13): 0.0017891931533813477
(15,14): -0.00019225597381591797
(15,20): -0.008174705505371093
(15,26): -0.0012130308151245116
(15,27): -0.0009572458267211914
(15,32): 0.0030240631103515625
(15,35): 0.0005632400512695313
(15,40): -0.002673068046569824
(15,41): 0.003299565315246582
(15,42): -0.01053292751312256
(15,45): 0.007542061805725098
(15,46): 0.0008154249191284179
(15,47): -0.003419218063354492
(15,48): 0.0045575380325317385
(16,22): -0.008038301467895508
(16,34): 0.007378406524658203
(16,36): 0.0011437082290649415
(16,37): 0.004699583053588867
(16,47): 0.0024580287933349608
(16,48): 0.008457775115966798
(17,2): 0.03206265926361084
(17,7): 0.035748772621154785
(17,49): -0.007680678367614746
(18,6): -0.0019389867782592773
(18,9): -0.0050176668167114255
(18,11): -0.005932130813598633
(18,19): -0.014426975250244141
(18,29): -0.010741329193115235
(18,30): -0.01172755241394043
(18,31): -0.007347559928894043
(18,38): -0.010659742355346679
(18,39): -0.012780828475952149
(19,8): -0.004265427589416504
(19,11): -0.0014899063110351562
(19,18): -0.0022829723358154296
(19,30): -0.0069268798828125
(19,31): -0.0055794954299926754
(19,38): -0.006688714027404785
(19,39): -0.0077901315689086915
(20,13): -0.0006127119064331055
(20,15): -0.0011954593658447265
(20,21): -0.007050232887268066
(20,26): -0.003976931571960449
(20,27): -0.005286483764648437
(20,28): -0.0042412662506103515
(20,32): -0.006875782012939453
(20,40): -0.005288524627685547
(21,13): -0.0011446714401245118
(21,14): -0.0018725967407226562
(21,20): -0.00421687126159668
(21,26): -0.0032804346084594725
(21,27): -0.010488414764404297
(21,32): 0.0022240543365478517
(21,35): -0.0019335222244262695
(21,40): -0.006368875503540039
(21,41): -0.004923830032348633
(21,42): -0.008251190185546875
(22,16): 0.01299410343170166
(22,34): 0.016178970336914063
(22,36): 0.004848141670227051
(22,37): 0.007522401809692383
(22,44): 0.006669058799743653
(22,51): -0.014432315826416015
(23,1): -0.09723001480102539
(23,3): -0.027992005348205565
(23,5): -0.05296715259552002
(23,6): -0.04314762592315674
(23,12): 0.0025133562088012697
(23,24): -0.006652631759643555
(23,25): -0.007901215553283691
(23,28): -0.013229861259460449
(24,0): -0.10166261672973632
(24,3): -0.008073096275329589
(24,12): -0.014156575202941895
(24,23): -0.017527856826782227
(24,28): -0.017857990264892577
(25,0): -0.03715126037597656
(25,3): -0.027444415092468262
(25,4): -0.15182467937469482
(25,6): -0.040913786888122555
(25,12): -0.009876108169555664
(25,23): -0.018594193458557128
(25,28): -0.01777142524719238
(25,29): -0.014690089225769042
(25,31): -0.007121133804321289
(26,13): -0.0023633670806884766
(26,14): 0.0017655134201049806
(26,15): -0.0035276174545288085
(26,20): -0.012458457946777343
(26,21): -0.01101445198059082
(26,27): 0.005054888725280762
(26,28): 0.007540993690490723
(26,32): 0.009299883842468262
(26,33): -0.0005469894409179687
(26,35): 0.0013494348526000976
(26,36): -0.0009934711456298828
(26,37): -0.0012279796600341798
(26,40): 0.003018903732299805
(26,41): 0.0002820396423339844
(26,42): -0.006631045341491699
(26,52): 0.002943663597106934
(27,12): 0.0048232126235961915
(27,13): -0.0009194278717041016
(27,14): -0.006365566253662109
(27,15): -0.002810354232788086
(27,20): -0.0077780580520629885
(27,21): -0.014568748474121094
(27,26): 0.0003803682327270508
(27,28): 0.008670549392700195
(27,32): 0.004068608283996582
(27,40): 0.0008182430267333984
(27,41): -0.0035282135009765624
(27,53): 0.006137838363647461
(27,56): 0.007760353088378906
(27,60): -0.0006704139709472656
(28,0): -0.02483264446258545
(28,1): -0.03420790672302246
(28,3): -0.006467852592468262
(28,5): -0.02205933094024658
(28,12): 0.0032999467849731444
(28,13): -0.011669363975524902
(28,14): -0.00939265251159668
(28,20): -0.014913043975830077
(28,23): -0.042936878204345705
(28,24): -0.021281228065490723
(28,25): -0.0020281600952148436
(28,26): -0.01384171962738037
(28,27): -0.0032826709747314454
(28,32): -0.007749648094177246
(28,40): -0.010828304290771484
(28,54): 0.0013811922073364259
(28,55): -0.014188327789306641
(28,59): -0.009660263061523438
(29,3): -0.007668585777282715
(29,4): -0.023944087028503418
(29,5): -0.026484427452087404
(29,6): 0.007088050842285156
(29,8): -0.006943788528442383
(29,11): -0.010179538726806641
(29,18): -0.004732913970947265
(29,25): -0.0018438386917114258
(29,30): -0.0004301786422729492
(29,31): 0.00286745548248291
(29,38): -0.0014440536499023438
(29,39): -0.004768304824829102
(29,56): 0.00013358116149902343
(30,2): -0.023904943466186525
(30,8): -0.005417008399963379
(30,9): -0.00451117992401123
(30,10): -0.02327118396759033
(30,11): -0.003990654945373535
(30,18): 0.0007026576995849609
(30,19): -0.0021071958541870116
(30,29): 0.004434390068054199
(30,31): 0.0009730815887451172
(30,38): 0.0036531734466552735
(30,39): 0.015143656730651855
(30,57): 0.0034625577926635743
(31,5): -0.02061659812927246
(31,6): -0.004103355407714844
(31,8): -0.01684494495391846
(31,9): -0.007362465858459472
(31,11): -0.0012309551239013672
(31,18): -0.002946157455444336
(31,19): -0.017112817764282227
(31,25): 0.0003873777389526367
(31,29): 0.001454920768737793
(31,30): -0.002806563377380371
(31,38): 0.004972410202026367
(31,39): 0.007968459129333496
(31,53): -0.0036582040786743166
(32,12): 0.003152918815612793
(32,13): -0.0014962196350097657
(32,14): -0.009090404510498046
(32,15): -0.004516835212707519
(32,20): -0.013406605720520019
(32,21): -0.008613376617431641
(32,26): 0.0007005071640014648
(32,27): -0.001615896224975586
(32,28): 0.0038983917236328127
(32,40): 0.0012595367431640625
(32,41): -0.002176237106323242
(32,58): 2.6750564575195314e-06
(33,26): 0.003601198196411133
(33,34): 0.0010329294204711914
(33,35): 0.004975166320800781
(33,36): 0.0023648881912231444
(33,37): 0.003646602630615234
(33,41): 0.0012281274795532227
(33,42): -0.003993096351623535
(33,59): 0.005716714859008789
(34,16): -0.007756013870239258
(34,22): -0.009806890487670899
(34,33): 0.005236215591430664
(34,35): 0.00708768367767334
(34,36): 0.0018570756912231446
(34,37): 0.0008011484146118165
(34,41): 0.003874516487121582
(34,42): -0.0011154890060424804
(34,59): 0.008215594291687011
(34,60): 0.006860475540161132
(34,62): 0.009275760650634766
(35,13): 0.003027191162109375
(35,15): -0.0005799770355224609
(35,21): -0.0040989208221435544
(35,26): 0.008137617111206055
(35,33): 0.0042416095733642575
(35,34): 0.0002407264709472656
(35,36): 0.0015681886672973633
(35,37): 0.0022002315521240236
(35,40): 0.0066615486145019534
(35,41): 0.0038879585266113283
(35,60): 0.005245499610900879
(36,16): -0.007600102424621582
(36,22): -0.01790609359741211
(36,26): 0.0033265066146850584
(36,33): 0.00410552978515625
(36,34): 0.00953930377960205
(36,35): 0.004209012985229492
(36,37): 0.002235698699951172
(36,41): 0.003184080123901367
(36,42): -0.00203155517578125
(37,13): 0.0030304241180419923
(37,16): -0.010273599624633789
(37,22): -0.024261460304260254
(37,26): 0.0044912052154541015
(37,33): 0.001451253890991211
(37,34): 0.001719956398010254
(37,35): 0.006988649368286133
(37,36): 0.004040088653564453
(37,40): 0.008054471015930176
(37,41): 0.0019652795791625976
(37,42): -0.004408049583435059
(38,6): 0.002832212448120117
(38,8): -0.009166831970214845
(38,9): -0.00433553695678711
(38,11): -0.0035692310333251954
(38,18): -0.0036193037033081053
(38,19): -0.021627254486083984
(38,29): 0.0004097557067871094
(38,30): 0.001186995506286621
(38,31): 0.00032147884368896487
(38,39): 0.002135367393493652
(39,8): -0.009036927223205567
(39,9): -0.019911017417907715
(39,11): -0.006173739433288574
(39,18): -0.01885469436645508
(39,19): -0.018233408927917482
(39,29): 0.00042017459869384764
(39,30): -0.001375899314880371
(39,31): -0.0005291223526000977
(39,38): -0.00020086288452148438
(40,13): -0.002752833366394043
(40,14): -0.005005898475646972
(40,15): -0.006061391830444336
(40,20): -0.003487091064453125
(40,21): 0.002560853958129883
(40,26): 0.0022620153427124023
(40,27): 0.0069133186340332034
(40,28): 0.006889839172363282
(40,32): 0.010829391479492188
(40,35): 0.0006609249114990234
(40,37): -0.0019407939910888671
(40,41): -0.0023945999145507813
(40,42): -0.009716367721557618
(40,61): 0.007767734527587891
(40,62): 0.004964590072631836
(41,13): -0.0008043909072875977
(41,15): 0.00033873558044433594
(41,21): -0.002796483039855957
(41,26): 0.0026858711242675783
(41,27): 0.0050516843795776365
(41,32): 0.006937675476074219
(41,33): 0.0011790037155151368
(41,34): -0.0005625486373901367
(41,35): 0.002264103889465332
(41,36): -0.0003234720230102539
(41,37): -0.0005455207824707031
(41,40): 0.0033758020401000975
(41,42): -0.003303813934326172
(41,63): 0.00937612533569336
(42,13): 0.01040043830871582
(42,15): 0.009730920791625977
(42,21): -0.009716944694519043
(42,26): -0.0062807703018188474
(42,33): -0.009529638290405273
(42,34): 0.0015450143814086915
(42,36): -0.003622941970825195
(42,37): -0.00656153678894043
(42,40): -0.0038101005554199217
(42,41): -0.0025986194610595702
(43,2): 0.005121002197265625
(43,6): 0.01401860237121582
(43,7): -0.0021851587295532225
(43,8): 0.01292487621307373
(43,10): 0.004853262901306153
(43,49): -0.05538787841796875
(44,2): -0.016977033615112304
(44,4): 0.00496884822845459
(44,5): 0.010220742225646973
(44,6): 0.0017960691452026368
(44,9): 0.0037633943557739257
(44,11): 0.0024822664260864256
(44,22): -0.03252004623413086
(44,54): -0.01825051784515381
(44,56): -0.010706148147583007
(45,0): 0.0021103715896606447
(45,1): 0.00611844539642334
(45,3): 0.005737309455871582
(45,4): 9.465217590332032e-06
(45,8): 0.007360568046569824
(45,9): 0.009015703201293945
(45,11): -0.0024735021591186525
(45,12): 0.003593482971191406
(45,13): -0.012340736389160157
(45,14): -0.0041741466522216795
(45,15): -0.006156878471374512
(45,57): -0.0037058496475219724
(46,0): 0.0092464017868042
(46,4): 0.01101560115814209
(46,5): 0.023611388206481933
(46,6): 0.013793425559997559
(46,14): 0.013291025161743164
(46,15): -0.0009955215454101564
(47,13): 0.010975375175476074
(47,15): 0.009272103309631347
(47,16): 0.007222280502319336
(47,51): -0.02187382221221924
(48,3): 0.006077260971069336
(48,5): 0.014831161499023438
(48,6): 0.00468968391418457
(48,13): -0.0010376834869384765
(48,15): 5.108356475830078e-05
(48,16): -0.010050811767578126
(48,62): -0.005543451309204101
(49,17): 0.0022270011901855467
(49,43): 0.03019005298614502
(50,57): -0.003966588973999024
(51,8): 0.015848646163940428
(51,22): 0.013998460769653321
(51,47): 0.022928338050842285
(52,26): 0.003239102363586426
(52,53): 0.00194643497467041
(53,27): 0.005201163291931152
(53,31): 0.01059654712677002
(53,52): -0.0019161462783813476
(54,28): 0.007269077301025391
(54,44): -0.02731419563293457
(55,28): 0.024097585678100587
(55,58): -0.0020063066482543944
(55,61): -0.001614212989807129
(55,63): -0.004865479469299316
(56,27): 0.002390093803405762
(56,29): 0.007876653671264649
(56,44): -0.009964842796325684
(57,30): -0.006287384033203125
(57,45): -0.0484540319442749
(57,50): -0.11064491748809814
(58,32): 0.008125467300415039
(58,55): 0.00255465030670166
(58,61): 0.001740565299987793
(58,63): -2.8591156005859375e-05
(59,28): 0.02064423084259033
(59,33): -0.002631878852844238
(59,34): -0.0008044242858886719
(60,27): 0.0075321197509765625
(60,34): 0.0026346254348754883
(60,35): 0.0035521745681762694
(61,40): 0.0052547740936279294
(61,55): 0.0015986013412475587
(61,58): 0.0037452030181884767
(61,63): 0.0009188222885131836
(62,34): -0.00031033992767333986
(62,40): 0.005097341537475586
(62,48): -0.01678077697753906
(63,41): 0.0011156368255615234
(63,55): 0.0028792381286621093
(63,58): 0.0014571237564086914
(63,61): 0.0003459930419921875
