Interaction name: 5ung

Affinity: 9.470000267028809
Predicted value: 8.096816062927246

Shapley values for edges: 

(0,4): -0.0355182695388794
(0,5): -0.02529641628265381
(0,7): -0.007425713539123535
(0,27): -0.01709217071533203
(0,40): -0.030367627143859863
(0,41): -0.031554222106933594
(1,14): -0.028638825416564942
(1,15): -0.03872611522674561
(1,16): -0.03307977676391602
(1,35): 0.010380220413208009
(1,36): -0.0024268436431884766
(1,40): 0.10003891468048096
(2,9): -0.0214674711227417
(2,10): -0.033756871223449704
(2,19): 0.029798021316528322
(2,20): 0.022142539024353026
(2,22): 0.010091423988342285
(2,28): 0.01146033763885498
(2,30): 0.0023780202865600585
(2,39): -0.040882539749145505
(3,8): 0.02873732566833496
(3,9): 0.00046751976013183595
(3,10): -0.006908669471740723
(3,12): -0.03326925754547119
(3,13): 0.05606070041656494
(3,19): 0.007344326972961426
(3,20): 0.0025134706497192383
(3,21): 0.009410777091979981
(3,39): -0.01659008502960205
(4,0): 0.045900578498840335
(4,5): -0.021405863761901855
(4,7): -0.016028175354003905
(4,23): 0.029816093444824218
(4,24): 0.029041953086853027
(4,25): -0.0009202146530151367
(4,27): -0.008416833877563477
(4,31): 0.020500140190124513
(4,34): 0.047166881561279295
(4,38): -0.07304961204528809
(4,40): -0.024894757270812987
(4,41): 0.022739477157592773
(5,0): 0.0015905141830444337
(5,4): -0.05826920986175537
(5,7): -0.030652003288269045
(5,25): 0.02812346935272217
(5,27): -0.0040959930419921875
(5,34): -0.008391942977905274
(5,40): -0.09194142818450927
(5,41): -0.02103724479675293
(6,9): 0.014316859245300293
(6,10): 0.015645694732666016
(6,19): -0.03438821315765381
(6,20): 0.015245342254638672
(6,22): 0.018280515670776366
(6,28): 0.038386240005493164
(6,30): 0.017934274673461915
(6,39): 0.010058789253234864
(7,0): -0.0323639440536499
(7,4): -0.037727131843566894
(7,5): -0.03956130027770996
(7,27): -0.03417861938476562
(8,3): -0.006364078521728516
(8,10): -0.013906750679016113
(8,21): -0.005262050628662109
(8,42): -0.003946752548217774
(8,43): -0.008388071060180665
(8,60): -0.018727917671203614
(9,2): -0.015366873741149902
(9,3): 0.006531190872192383
(9,6): -0.003016228675842285
(9,10): 0.0021587562561035155
(9,12): -0.06166833400726318
(9,19): -0.03408436298370361
(9,20): 0.008020801544189453
(9,21): -0.009365172386169433
(9,22): -0.01079092025756836
(9,28): -0.02165257453918457
(9,39): -0.04544991493225098
(9,44): -0.03481906414031982
(9,45): -0.016599669456481933
(10,2): 0.008979997634887694
(10,3): -0.01135817527770996
(10,6): -0.003999567031860352
(10,8): -0.0007093381881713867
(10,9): -0.004569783210754395
(10,20): -0.01041553020477295
(10,21): -0.01530233383178711
(10,22): 0.04007441520690918
(10,23): -0.012881894111633301
(10,24): 0.016532626152038574
(10,28): -0.005251173973083496
(10,30): -0.028701233863830566
(10,38): -0.028511085510253907
(10,39): -0.025458178520202636
(10,45): -0.002593531608581543
(10,46): -0.01730578899383545
(10,47): -0.036443986892700196
(11,25): -0.004147667884826661
(11,26): -0.016054897308349608
(11,27): -0.03411797046661377
(11,29): -0.00011936187744140625
(11,34): 0.007033805847167968
(11,37): -0.043639326095581056
(11,56): -0.023324403762817383
(11,64): 0.013801755905151368
(12,3): -0.02021245002746582
(12,9): 0.027897229194641115
(12,13): -0.03526252269744873
(12,19): -0.00311830997467041
(12,20): 0.010965824127197266
(12,39): -0.030980105400085448
(12,42): -0.005110487937927246
(12,49): 0.0018328189849853515
(13,3): 0.019664230346679686
(13,12): -0.016130385398864747
(13,15): -0.013309345245361329
(13,16): -0.023907842636108397
(13,18): -0.0201772403717041
(13,19): -0.01646613597869873
(13,20): -0.014517130851745606
(13,35): -0.010541739463806153
(13,36): -0.027458620071411134
(13,39): -0.01840662956237793
(13,50): 0.00038535118103027343
(13,51): -0.0046161174774169925
(14,1): 0.002506518363952637
(14,35): 0.009273490905761718
(14,50): 0.014253344535827637
(14,51): -0.014663090705871582
(14,55): 0.0019338512420654297
(14,58): 0.01389552116394043
(15,1): 0.058657984733581546
(15,13): -0.0455126953125
(15,16): 0.011328854560852052
(15,17): -0.019682450294494627
(15,18): -0.011407585144042968
(15,32): 0.00933640956878662
(15,33): -0.00520660400390625
(15,49): -0.010380153656005859
(15,58): -0.02852780818939209
(16,1): -0.02033146858215332
(16,13): -0.0017018985748291015
(16,15): -0.01209299087524414
(16,17): -0.010224943161010741
(16,18): -0.0118052339553833
(16,32): -0.008019690513610839
(16,33): -0.026069040298461913
(16,36): -0.013582706451416016
(16,51): -0.010963010787963866
(17,15): 0.010197548866271973
(17,16): -0.002858772277832031
(17,18): -0.03257108211517334
(17,32): -0.0035889482498168944
(17,33): -0.005629363059997558
(17,36): -0.036700782775878904
(17,50): -0.009712715148925782
(17,52): 0.011007313728332519
(18,13): -0.014337925910949708
(18,15): 0.028356776237487794
(18,16): -0.009451994895935059
(18,17): -0.018254709243774415
(18,32): -0.035413265228271484
(18,33): -0.004973564147949219
(18,36): -0.03525752067565918
(18,52): 0.013012552261352539
(18,53): -0.003094325065612793
(19,2): -0.013763742446899414
(19,3): -0.04257310390472412
(19,6): -0.0008740949630737304
(19,9): -0.004340653419494629
(19,12): -0.010682611465454102
(19,13): -0.04830789566040039
(19,20): -0.005618853569030762
(19,35): 0.014194326400756836
(19,39): -0.06937169551849365
(19,50): -0.012253804206848145
(19,51): -0.02074399471282959
(19,53): 0.01860264778137207
(19,65): 0.02638401985168457
(20,2): -0.03202880382537842
(20,3): -0.004713091850280762
(20,6): -0.023218560218811034
(20,9): 0.0028223276138305666
(20,10): -0.007794637680053711
(20,12): -0.0064021492004394534
(20,13): -0.03938964366912842
(20,19): -0.015148310661315919
(20,35): 0.04574995994567871
(20,42): -0.009279923439025879
(21,3): -0.036866865158081054
(21,8): -0.02020862579345703
(21,9): 0.0010548067092895509
(21,10): -0.030707149505615233
(21,28): -0.00044863224029541017
(21,51): -0.011391863822937012
(21,54): -0.006172680854797363
(21,56): -0.00802359104156494
(21,57): -0.008024277687072754
(21,61): -0.008650059700012208
(22,2): -0.0045753860473632816
(22,6): -0.023544669151306152
(22,9): -0.025179386138916016
(22,10): -0.015297579765319824
(22,23): -0.00934164524078369
(22,24): 0.0005091142654418946
(22,25): -0.014300336837768554
(22,28): -0.01527834415435791
(22,30): -0.004502816200256348
(22,31): 0.008222265243530274
(22,38): -0.01319814682006836
(22,42): -0.002564401626586914
(22,49): -0.0018304252624511718
(22,50): -0.020589871406555174
(22,56): -0.007723565101623535
(23,4): -0.023805928230285645
(23,10): -0.004888353347778321
(23,22): 0.002139425277709961
(23,24): -0.002804694175720215
(23,25): -0.05106976509094238
(23,27): 0.015181045532226562
(23,28): 0.0007654190063476563
(23,29): -0.024525866508483887
(23,30): -0.004519886970520019
(23,31): -0.006562576293945312
(23,37): 7.423877716064453e-05
(23,38): -0.03957245349884033
(23,48): 0.00014862537384033203
(23,51): -0.02080770969390869
(23,59): -0.004244685173034668
(23,61): 0.026693754196166992
(24,4): 0.00763852596282959
(24,10): -0.0021007251739501953
(24,22): -0.003949341773986817
(24,23): -0.023964872360229494
(24,25): 0.012689614295959472
(24,27): -0.016243062019348144
(24,28): -0.003825545310974121
(24,29): -0.009613761901855469
(24,30): 0.0070007419586181644
(24,31): -0.008555846214294434
(24,37): -0.022792844772338866
(24,58): -0.022285742759704588
(24,63): -0.0043167400360107425
(25,4): 0.005044412612915039
(25,5): -0.000940384864807129
(25,11): 0.003736405372619629
(25,22): -0.016326489448547362
(25,23): -0.006676421165466308
(25,24): -0.02218686580657959
(25,26): -0.0055855226516723635
(25,27): -0.0002377605438232422
(25,29): -0.029117693901062013
(25,30): -0.02501763343811035
(25,31): -0.025614356994628905
(25,34): -0.04251460552215576
(25,37): 0.006914105415344238
(25,38): 0.015796594619750977
(25,49): -0.0044097423553466795
(26,11): -0.00803516387939453
(26,25): -0.002222418785095215
(26,27): 0.026177496910095216
(26,29): -0.0018378162384033202
(26,31): -0.0181248140335083
(26,34): -0.01623109817504883
(26,37): -0.037875308990478515
(26,62): 0.006584014892578125
(27,0): -0.06655179500579834
(27,4): 0.005362987518310547
(27,5): -0.04039613246917725
(27,7): -0.20561152935028076
(27,11): -0.02877993106842041
(27,23): -0.021356902122497558
(27,24): -0.016327075958251953
(27,25): -0.01490969181060791
(27,26): 0.004995074272155762
(27,29): -0.007608189582824707
(27,31): -0.007066140174865723
(27,34): -0.02263165473937988
(27,37): 0.027753329277038573
(27,38): 0.02010509967803955
(27,58): -0.017660961151123047
(28,2): -0.004424138069152832
(28,6): -0.011123304367065429
(28,9): 0.004015145301818848
(28,10): -0.010348906517028808
(28,21): -0.013579754829406739
(28,22): -0.00017531871795654298
(28,23): -0.016812634468078614
(28,24): 0.0013336896896362304
(28,30): -0.017397747039794922
(28,31): 0.012276196479797363
(28,38): -0.010469489097595215
(28,49): 0.007700963020324707
(28,56): -0.00773287296295166
(28,61): -0.0008440971374511719
(29,11): -0.028162126541137696
(29,23): 0.0010958957672119142
(29,24): 0.007262711524963379
(29,25): -0.007461981773376465
(29,26): 0.006118559837341308
(29,27): 0.0001159381866455078
(29,31): -0.0019063806533813476
(29,34): -0.01815417766571045
(29,38): -0.01822944641113281
(29,61): -0.006526045799255371
(29,63): -0.0013094186782836915
(30,2): -0.028358602523803712
(30,6): 0.006539397239685059
(30,10): -0.014146599769592285
(30,22): -0.025289177894592285
(30,23): -0.01812560558319092
(30,24): -0.009538278579711915
(30,25): 0.002380318641662598
(30,28): -0.006496090888977051
(30,31): -0.00034981250762939454
(30,38): -0.0015040874481201173
(30,48): 0.0010216522216796875
(31,4): -0.012938976287841797
(31,22): 0.0050846576690673825
(31,23): -0.015979199409484862
(31,24): 0.00012791156768798828
(31,25): -0.034750776290893556
(31,26): -0.005014662742614746
(31,27): -0.02861583709716797
(31,28): -0.022152600288391115
(31,29): -0.007722220420837402
(31,30): -0.009555540084838866
(31,34): -0.010814332962036132
(31,37): -0.007107067108154297
(31,38): -0.033573451042175295
(31,61): 0.011557445526123047
(31,62): 0.00272580623626709
(32,15): -0.00816328525543213
(32,16): 0.008462843894958496
(32,17): 0.0019862031936645507
(32,18): 0.018648524284362793
(32,33): -0.022166080474853515
(32,36): -0.07911746978759765
(32,65): 0.009395685195922852
(33,15): 0.0022228097915649413
(33,16): 0.0063814687728881835
(33,17): -0.02647242546081543
(33,18): 0.0017851734161376954
(33,32): -0.008711843490600587
(33,36): -0.09339232444763183
(33,52): -0.0023453664779663087
(34,4): -0.02260885715484619
(34,5): -0.01435074806213379
(34,11): -0.02964625358581543
(34,25): -0.013500642776489259
(34,26): -0.025291161537170412
(34,27): 0.006030650138854981
(34,29): 0.0036609840393066408
(34,31): -0.031350631713867184
(34,37): 0.020065145492553713
(34,58): -0.026697173118591308
(34,59): 0.003661808967590332
(35,1): 0.12130985736846923
(35,13): 0.04470912456512451
(35,14): 0.1279798460006714
(35,19): -0.007928495407104491
(35,20): 0.04729940891265869
(35,39): -0.08493494987487793
(36,1): 0.013275203704833984
(36,13): 0.04282991886138916
(36,16): 0.028434128761291505
(36,17): -0.005016484260559082
(36,18): -0.009683427810668945
(36,32): -0.01599320411682129
(36,33): -0.004983501434326172
(37,11): 0.02462925910949707
(37,23): -0.002340083122253418
(37,24): -0.018352971076965333
(37,25): 0.032167816162109376
(37,26): -0.01881192684173584
(37,27): 0.029926972389221193
(37,31): 0.03269155979156494
(37,34): 0.04562949657440186
(37,38): -0.024690313339233397
(38,4): -0.003849191665649414
(38,10): 0.00952878475189209
(38,22): -0.021698741912841796
(38,23): 0.0018645048141479493
(38,25): 0.010611109733581543
(38,27): -0.009048671722412109
(38,28): 0.00862276554107666
(38,29): -0.01948230266571045
(38,30): -0.011502242088317871
(38,31): -0.015729846954345702
(38,37): -0.008767929077148438
(39,2): -0.025369086265563966
(39,3): -0.07557878971099853
(39,6): -0.002107224464416504
(39,9): 0.015955967903137205
(39,10): -0.018516836166381837
(39,12): 0.017262668609619142
(39,13): 0.04273127555847168
(39,19): 0.009962320327758789
(39,35): -0.14106796264648438
(40,0): -0.04033961296081543
(40,1): -0.036068267822265625
(40,4): -0.021569485664367675
(40,5): -0.0017925882339477539
(40,41): -0.022063465118408204
(41,0): -0.03367635726928711
(41,4): -0.033632516860961914
(41,5): -0.04927116870880127
(41,40): -0.04261414527893066
(42,8): -0.010575227737426758
(42,12): -0.022587275505065917
(42,20): 0.020249423980712892
(42,22): 0.008906440734863281
(42,43): -0.02165331840515137
(42,45): -0.02066401481628418
(42,53): -0.0053729057312011715
(43,8): 0.00784290313720703
(43,42): -0.004960556030273438
(43,57): -0.006362471580505371
(44,9): 0.0049677896499633785
(44,45): 0.0014218902587890625
(44,47): -0.0042079734802246095
(45,9): -0.0059429025650024414
(45,10): 0.0004524326324462891
(45,42): -0.002400846481323242
(45,44): -0.010710687637329101
(45,53): 0.0016333103179931641
(46,10): 0.006165618896484375
(46,60): 0.00934844970703125
(47,10): 0.004650287628173828
(47,44): 0.006719069480895996
(48,23): -0.01351452350616455
(48,30): -0.0020930814743041993
(48,63): 0.013700404167175294
(49,12): -0.007437624931335449
(49,15): 0.026330103874206544
(49,22): -0.005184855461120606
(49,25): -0.01781630516052246
(49,28): 0.006708450317382812
(49,55): -0.02529600143432617
(50,13): -0.004807724952697754
(50,14): 0.02168860912322998
(50,17): -0.005631976127624512
(50,19): -0.0009023427963256836
(50,22): 0.009372429847717285
(51,13): -0.06181438446044922
(51,14): 0.004966616630554199
(51,16): 0.02040432929992676
(51,19): -0.008087120056152343
(51,21): 0.001759328842163086
(51,23): 0.0009850549697875976
(52,17): 0.015331730842590333
(52,18): -0.009594340324401856
(52,33): 0.04635280132293701
(53,18): -0.015482392311096192
(53,19): 0.008961920738220214
(53,42): 0.004854240417480469
(53,45): 0.0008884429931640625
(54,21): -0.0008870506286621094
(54,55): -0.018194456100463868
(55,14): -0.033828659057617186
(55,49): -0.018946871757507325
(55,54): -0.00012379646301269531
(55,57): -0.003989014625549316
(56,11): -0.010130815505981446
(56,21): 0.0001811361312866211
(56,22): -0.013923397064208984
(56,28): 0.0073721551895141605
(56,60): 0.005833621025085449
(56,62): -0.002472982406616211
(57,21): 0.009522967338562012
(57,43): -0.013373708724975586
(57,55): -0.010177679061889648
(58,14): -0.013778810501098632
(58,15): 0.013055481910705567
(58,24): -0.0035865449905395507
(58,27): 0.0052589750289917
(58,34): 0.0037875938415527343
(59,23): 0.0002899026870727539
(59,34): 0.007002897262573242
(60,8): 0.003550715446472168
(60,46): -0.005853705406188965
(60,56): -0.006846790313720703
(61,21): -0.0036380958557128908
(61,23): -0.013265380859375
(61,28): 0.0036662673950195314
(61,29): -0.017997498512268065
(61,31): -0.00012833595275878906
(62,26): -0.00965794563293457
(62,31): 0.009173197746276856
(62,56): -0.002772936820983887
(63,24): 0.005393252372741699
(63,29): -0.013854789733886718
(63,48): 0.0063307762145996095
(64,11): -0.031915106773376466
(65,19): -0.03340969562530518
(65,32): 0.0363380765914917
