Interaction name: 6f3e

Affinity: 7.150000095367432
Predicted value: 7.093432426452637

Attributions for edges: 

(0,5): 0.0
(0,9): 0.0
(0,10): 1.3157236563598464e-31
(0,20): 1.622063831853629e-31
(0,22): 4.7347629751686124e-30
(1,2): 2.155079014602405e-20
(1,8): 4.6011178403180574e-21
(1,17): 2.770978796339923e-20
(1,21): 8.689321500748583e-21
(1,22): 2.770978796339923e-20
(2,1): 2.158337007616613e-20
(2,3): 3.087785416656038e-20
(2,8): 5.3112301818717406e-21
(2,14): 2.3038642094865813e-21
(2,19): 8.771707281168832e-23
(2,21): 1.0030309712874185e-20
(2,22): 3.1986250337987295e-20
(3,2): 3.0922169721643055e-20
(3,8): 6.6019441496680885e-21
(3,9): 2.7104457479736e-36
(3,10): 1.10485803560369e-21
(3,11): 3.974054048562754e-24
(3,12): 1.3529512309552938e-22
(3,13): 1.1162109178548473e-22
(3,14): 2.86375138334365e-21
(3,19): 1.0903372899055568e-22
(3,21): 1.2467882538890813e-20
(3,22): 3.975941841933868e-20
(4,6): 4.194840278478639e-26
(4,7): 5.116547492528504e-24
(4,15): 0.0
(4,18): 5.68243134086246e-26
(5,0): 0.0
(5,9): 0.0
(5,10): 7.372703581709605e-36
(5,20): 9.089221646878217e-36
(5,23): 0.0
(5,24): 0.0
(6,4): 4.110849395083143e-26
(6,11): 3.5256340784732523e-28
(6,12): 1.200283914768044e-26
(6,13): 9.902575565471228e-27
(6,14): 2.5406051848357577e-25
(6,15): 0.0
(6,18): 4.306616726515505e-28
(6,25): 0.0
(7,4): 5.123578609776739e-24
(7,11): 4.394192516650184e-26
(7,12): 1.4959803392658618e-24
(7,13): 1.2342172596441917e-24
(7,14): 3.16649650879928e-23
(7,15): 0.0
(7,18): 5.367574766875795e-26
(8,1): 4.6598315079379834e-21
(8,2): 5.370885736790726e-21
(8,3): 6.666503011538438e-21
(8,9): 4.707784832540821e-37
(8,10): 1.9190328940498433e-22
(8,16): 0.0
(8,17): 6.90577873621004e-21
(8,19): 1.89380433343997e-23
(8,20): 2.365823389710106e-22
(8,21): 2.165535417650385e-21
(8,26): 0.0
(8,27): 0.0
(8,28): 5.7204200326923144e-21
(8,34): 0.0
(8,39): 0.0
(9,0): 0.0
(9,3): 2.3190921890541855e-36
(9,5): 0.0
(9,8): 3.989018268585095e-37
(9,10): 6.675785323524043e-38
(9,16): 0.0
(9,17): 2.402347882237135e-36
(9,20): 8.230046725617628e-38
(9,27): 0.0
(9,32): 0.0
(10,0): 1.532578854199542e-31
(10,3): 1.1229465530515353e-21
(10,5): 8.971136265580129e-36
(10,8): 1.931547762103504e-22
(10,9): 7.930110560236001e-38
(10,16): 0.0
(10,20): 3.985137859825471e-23
(10,27): 0.0
(10,28): 9.635861488805206e-22
(10,32): 0.0
(10,37): 0.0
(10,39): 0.0
(10,40): 0.0
(11,3): 3.730957488718489e-24
(11,6): 3.483456212691172e-28
(11,7): 4.2488556800709014e-26
(11,12): 1.315150074436792e-26
(11,13): 1.0850324150360231e-26
(11,14): 2.783759972475589e-25
(11,19): 1.0598814647806769e-26
(11,32): 0.0
(11,39): 0.0
(11,40): 0.0
(12,3): 1.3101452401008498e-22
(12,6): 1.2232294441254736e-26
(12,7): 1.4920136508115711e-24
(12,11): 1.3565298348499184e-26
(12,13): 3.810148128853812e-25
(12,14): 9.775281136433804e-24
(12,19): 3.7218294805765635e-25
(12,31): 3.564560547099461e-32
(13,3): 1.0790577149205998e-22
(13,6): 1.0074761406219224e-26
(13,7): 1.2288474834623522e-24
(13,11): 1.1172693237799566e-26
(13,12): 3.8036567896799747e-25
(13,14): 8.051116765268362e-24
(13,19): 3.0653732083591423e-25
(13,30): 0.0
(14,2): 2.2638586369803484e-21
(14,3): 2.809968689604756e-21
(14,6): 2.623573384023345e-25
(14,7): 3.2000357190456564e-23
(14,11): 2.9094644646844917e-25
(14,12): 9.90508346522249e-24
(14,13): 8.171915824545761e-24
(14,19): 7.982492177401376e-24
(14,33): 2.472933491638472e-26
(15,4): 0.0
(15,6): 0.0
(15,7): 0.0
(15,18): 0.0
(15,26): 0.0
(15,27): 0.0
(15,39): 0.0
(16,8): 0.0
(16,9): 0.0
(16,10): 0.0
(16,17): 0.0
(16,20): 0.0
(16,27): 0.0
(16,28): 0.0
(16,34): 0.0
(16,35): 0.0
(16,40): 0.0
(17,1): 2.778716812476415e-20
(17,8): 6.837885302495335e-21
(17,9): 2.8073011660670866e-36
(17,16): 0.0
(17,21): 1.2913460662624834e-20
(17,27): 0.0
(17,28): 3.411172000251071e-20
(17,36): 0.0
(17,37): 0.0
(17,38): 5.864827322025071e-25
(17,40): 0.0
(18,4): 5.589597819757502e-26
(18,6): 4.32281283438283e-28
(18,7): 5.27263905471794e-26
(18,15): 0.0
(18,39): 0.0
(19,2): 8.476893552580911e-23
(19,3): 1.05217731112963e-22
(19,8): 1.8098264613190294e-23
(19,11): 1.089432779772959e-26
(19,12): 3.708931851295233e-25
(19,13): 3.059928835517953e-25
(19,14): 7.850554402142256e-24
(19,31): 2.8626758089593504e-32
(20,0): 1.8494894275442238e-31
(20,5): 1.0826211853041924e-35
(20,8): 2.330958009618744e-22
(20,9): 9.569918991499074e-38
(20,10): 3.900954095008268e-23
(20,16): 0.0
(20,29): 9.354877343459619e-36
(20,30): 0.0
(21,1): 8.629598091169974e-21
(21,2): 9.946484166638599e-21
(21,3): 1.2345776463311208e-20
(21,8): 2.1235693301571735e-21
(21,17): 1.278894170766076e-20
(22,0): 5.425492483508403e-30
(22,1): 2.778716812476415e-20
(22,2): 3.202739611111327e-20
(22,3): 3.9753356736412317e-20
(22,38): 5.864827322025071e-25
(23,5): 0.0
(23,28): 6.749124776523011e-29
(23,40): 0.0
(24,5): 0.0
(25,6): 0.0
(26,8): 0.0
(26,15): 0.0
(26,27): 0.0
(26,31): 0.0
(26,32): 0.0
(27,8): 0.0
(27,9): 0.0
(27,10): 0.0
(27,15): 0.0
(27,16): 0.0
(27,17): 0.0
(27,26): 0.0
(28,8): 5.6379237107711384e-21
(28,10): 9.435295433810064e-22
(28,16): 0.0
(28,17): 3.3953725274338814e-20
(28,23): 8.260877467838695e-29
(28,33): 2.884577135719933e-25
(28,36): 0.0
(28,38): 4.835643393294938e-25
(28,40): 0.0
(29,20): 5.9416052163463334e-36
(30,13): 0.0
(30,20): 0.0
(30,35): 0.0
(30,37): 0.0
(31,12): 3.1393125352516396e-32
(31,19): 2.529967120512075e-32
(31,26): 0.0
(31,32): 0.0
(32,9): 0.0
(32,10): 0.0
(32,11): 0.0
(32,26): 0.0
(32,31): 0.0
(33,14): 2.1105776303961866e-26
(33,28): 2.4272973952333706e-25
(34,8): 0.0
(34,16): 0.0
(34,36): 0.0
(34,40): 0.0
(35,16): 0.0
(35,30): 0.0
(35,37): 0.0
(36,17): 0.0
(36,28): 0.0
(36,34): 0.0
(36,40): 0.0
(37,10): 0.0
(37,17): 0.0
(37,30): 0.0
(37,35): 0.0
(38,17): 4.947504362693343e-25
(38,22): 4.947504362693343e-25
(38,28): 4.0982780953715893e-25
(39,8): 0.0
(39,10): 0.0
(39,11): 0.0
(39,15): 0.0
(39,18): 0.0
(40,10): 0.0
(40,11): 0.0
(40,16): 0.0
(40,17): 0.0
(40,23): 0.0
(40,28): 0.0
(40,34): 0.0
(40,36): 0.0
