Interaction name: 5ega

Affinity: 5.059999942779541
Predicted value: 6.296888828277588

Attributions for edges: 

(0,1): 0.5154390931129456
(0,9): 0.5064982771873474
(0,14): 0.33406248688697815
(0,15): 0.47084423899650574
(0,16): 0.3488403260707855
(0,24): 0.48025453090667725
(0,25): 0.4600616693496704
(0,26): 0.5229198932647705
(1,0): 0.4547293186187744
(1,2): 0.4649640917778015
(1,8): 0.3819740414619446
(1,10): 0.41084086894989014
(1,14): 0.46128642559051514
(1,15): 0.5664337277412415
(1,16): 0.46668195724487305
(1,20): 0.5132278203964233
(1,24): 0.5402817726135254
(1,26): 0.45733287930488586
(1,28): 0.4565618932247162
(2,1): 0.4614817202091217
(2,9): 0.44130629301071167
(2,15): 0.48024827241897583
(2,16): 0.4702472984790802
(2,20): 0.40386709570884705
(2,24): 0.6378831267356873
(2,25): 0.3704163134098053
(2,26): 0.5019306540489197
(2,28): 0.4511660635471344
(2,29): 0.5810415148735046
(3,4): 0.4189896285533905
(3,11): 0.4191686809062958
(3,14): 0.45708996057510376
(3,20): 0.3493214547634125
(3,25): 0.5130274891853333
(4,3): 0.4535401463508606
(4,11): 0.41587820649147034
(4,18): 0.4065854847431183
(4,21): 0.44361984729766846
(4,23): 0.5355280637741089
(4,25): 0.40108221769332886
(5,6): 0.5737112164497375
(5,7): 0.4115259051322937
(5,13): 0.4885215163230896
(5,17): 0.5451496839523315
(5,19): 0.5625190138816833
(5,21): 0.3860928416252136
(5,22): 0.5522369146347046
(5,23): 0.44766876101493835
(5,27): 0.3921014070510864
(5,30): 0.4900069832801819
(6,5): 0.42406535148620605
(6,12): 0.6035507321357727
(6,17): 0.493725061416626
(6,18): 0.4665288031101227
(6,19): 0.4746401607990265
(6,21): 0.42657527327537537
(6,22): 0.4266837537288666
(6,27): 0.4600818455219269
(6,28): 0.5036311745643616
(7,5): 0.5056926608085632
(7,12): 0.43935468792915344
(7,17): 0.5630491971969604
(7,18): 0.4717174470424652
(7,19): 0.5360322594642639
(7,22): 0.5621945261955261
(7,23): 0.378299355506897
(7,27): 0.5433003902435303
(7,28): 0.5140740275382996
(7,30): 0.5431889295578003
(8,1): 0.42913150787353516
(8,9): 0.4785144031047821
(8,14): 0.4639703333377838
(8,15): 0.412630170583725
(8,16): 0.4987989366054535
(8,24): 0.5751951932907104
(8,25): 0.4498292803764343
(8,26): 0.3860333561897278
(9,0): 0.49437397718429565
(9,2): 0.41099005937576294
(9,8): 0.44604915380477905
(9,10): 0.5508447289466858
(9,14): 0.4324788451194763
(9,15): 0.5058507919311523
(9,16): 0.44856005907058716
(9,20): 0.39150333404541016
(9,24): 0.46607670187950134
(9,26): 0.5125583410263062
(10,1): 0.5322800278663635
(10,9): 0.5527013540267944
(10,15): 0.5605624914169312
(10,16): 0.4772548973560333
(10,20): 0.5219571590423584
(10,24): 0.3769443929195404
(10,25): 0.4351668059825897
(10,26): 0.4473280608654022
(11,3): 0.4392475485801697
(11,4): 0.42682600021362305
(11,14): 0.4519793391227722
(11,18): 0.48010149598121643
(11,20): 0.5010734796524048
(11,25): 0.48408666253089905
(12,6): 0.4549489915370941
(12,7): 0.4907340705394745
(12,13): 0.42602238059043884
(12,17): 0.49461600184440613
(12,19): 0.66019606590271
(12,21): 0.48333320021629333
(12,22): 0.46014171838760376
(12,23): 0.45401284098625183
(12,27): 0.522558331489563
(13,5): 0.5069997906684875
(13,12): 0.4700857102870941
(13,17): 0.4437221586704254
(13,18): 0.506942093372345
(13,19): 0.49108800292015076
(13,22): 0.4215829074382782
(13,23): 0.43146005272865295
(13,27): 0.5456743836402893
(14,0): 0.46594348549842834
(14,1): 0.43361788988113403
(14,3): 0.5034396648406982
(14,8): 0.43243056535720825
(14,9): 0.5510685443878174
(14,11): 0.527564525604248
(14,15): 0.3826761841773987
(14,16): 0.45637747645378113
(14,20): 0.4810110628604889
(14,24): 0.4703320860862732
(14,25): 0.45755597949028015
(14,26): 0.46446502208709717
(15,0): 0.5255134701728821
(15,1): 0.6175083518028259
(15,2): 0.48517662286758423
(15,8): 0.522199809551239
(15,9): 0.49390923976898193
(15,10): 0.4527878165245056
(15,14): 0.5534626245498657
(15,16): 0.49694839119911194
(15,20): 0.4092199504375458
(15,24): 0.4541952311992645
(15,25): 0.5587812066078186
(15,26): 0.4843321740627289
(16,0): 0.37106451392173767
(16,1): 0.5180997252464294
(16,2): 0.548603355884552
(16,8): 0.3645407259464264
(16,9): 0.514063835144043
(16,10): 0.5406140685081482
(16,14): 0.4606750011444092
(16,15): 0.46828413009643555
(16,20): 0.5233348608016968
(16,24): 0.424979567527771
(16,25): 0.48385846614837646
(16,26): 0.5937354564666748
(17,5): 0.38963088393211365
(17,6): 0.5214194655418396
(17,7): 0.47143009305000305
(17,12): 0.49200931191444397
(17,13): 0.526607096195221
(17,18): 0.45722314715385437
(17,19): 0.5690707564353943
(17,21): 0.39935052394866943
(17,22): 0.5339852571487427
(17,23): 0.4087198078632355
(17,27): 0.43991726636886597
(18,4): 0.45223453640937805
(18,6): 0.47384944558143616
(18,7): 0.3413403332233429
(18,11): 0.47015178203582764
(18,13): 0.5019246935844421
(18,17): 0.5859034657478333
(18,19): 0.4922120273113251
(18,21): 0.6252358555793762
(18,22): 0.5407902002334595
(18,23): 0.5016653537750244
(18,27): 0.35640034079551697
(19,5): 0.4521836042404175
(19,6): 0.5280508399009705
(19,7): 0.45300641655921936
(19,12): 0.4377867877483368
(19,13): 0.40268105268478394
(19,17): 0.38756346702575684
(19,18): 0.3916684687137604
(19,21): 0.37713056802749634
(19,22): 0.45852187275886536
(19,23): 0.5212036371231079
(19,31): 0.49272072315216064
(20,1): 0.47701823711395264
(20,2): 0.42243850231170654
(20,3): 0.41960251331329346
(20,9): 0.5462916493415833
(20,10): 0.5414223074913025
(20,11): 0.4868954122066498
(20,14): 0.4434075653553009
(20,15): 0.45831024646759033
(20,16): 0.4160211980342865
(20,24): 0.46394509077072144
(20,25): 0.5382351875305176
(20,26): 0.5546004772186279
(21,4): 0.5525962114334106
(21,5): 0.48719051480293274
(21,6): 0.5685839653015137
(21,12): 0.49725762009620667
(21,17): 0.5770125389099121
(21,18): 0.5467075705528259
(21,19): 0.5375494360923767
(21,22): 0.38166239857673645
(21,23): 0.3914611339569092
(21,27): 0.39877450466156006
(22,5): 0.49696099758148193
(22,6): 0.4971417486667633
(22,7): 0.40574073791503906
(22,12): 0.47872602939605713
(22,13): 0.6023237705230713
(22,17): 0.5444102883338928
(22,18): 0.4607042372226715
(22,19): 0.3520645797252655
(22,21): 0.5329837799072266
(22,23): 0.6059778332710266
(22,27): 0.3990471661090851
(23,4): 0.4245438575744629
(23,5): 0.40491577982902527
(23,7): 0.49235260486602783
(23,12): 0.5079919695854187
(23,13): 0.41168883442878723
(23,17): 0.5702722072601318
(23,18): 0.614618718624115
(23,19): 0.4673028290271759
(23,21): 0.41589662432670593
(23,22): 0.4511229991912842
(23,27): 0.464364230632782
(24,0): 0.40480342507362366
(24,1): 0.3378933072090149
(24,2): 0.5600950121879578
(24,8): 0.3410317301750183
(24,9): 0.4009959101676941
(24,10): 0.5174602270126343
(24,14): 0.540944516658783
(24,15): 0.4304928481578827
(24,16): 0.4233366549015045
(24,20): 0.45035114884376526
(24,25): 0.38162174820899963
(25,0): 0.43014466762542725
(25,2): 0.4497072100639343
(25,3): 0.5035619735717773
(25,4): 0.4023061692714691
(25,8): 0.4486331343650818
(25,10): 0.5262386798858643
(25,11): 0.4384213984012604
(25,14): 0.3792053461074829
(25,15): 0.4919831454753876
(25,16): 0.41960790753364563
(25,20): 0.4733927249908447
(25,24): 0.5262011289596558
(25,26): 0.4025260806083679
(26,0): 0.5461974740028381
(26,1): 0.4544774293899536
(26,2): 0.47315698862075806
(26,8): 0.548628032207489
(26,9): 0.48786526918411255
(26,10): 0.5326594710350037
(26,14): 0.5717191696166992
(26,15): 0.4778878390789032
(26,16): 0.4766272306442261
(26,20): 0.5022147297859192
(26,25): 0.46209031343460083
(27,5): 0.462651789188385
(27,6): 0.45041778683662415
(27,7): 0.4556719958782196
(27,12): 0.48366454243659973
(27,13): 0.4460267424583435
(27,17): 0.45995956659317017
(27,18): 0.3894796371459961
(27,21): 0.4787467420101166
(27,22): 0.4264923334121704
(27,23): 0.4429623782634735
(28,1): 0.5656446218490601
(28,2): 0.5000433921813965
(28,6): 0.538755476474762
(28,7): 0.5351244211196899
(28,29): 0.4822685420513153
(29,2): 0.4997238218784332
(29,28): 0.5577638745307922
(30,5): 0.4240877330303192
(30,7): 0.5324475169181824
(30,31): 0.44279810786247253
(31,19): 0.4357050359249115
(31,30): 0.5146854519844055
