Interaction name: 1o0f

Affinity: 5.300000190734863
Predicted value: 6.175950050354004

Attributions for edges: 

(0,1): 0.47636258602142334
(0,2): 0.367380827665329
(0,8): 0.4302133023738861
(0,15): 0.37566760182380676
(0,16): 0.48293644189834595
(0,20): 0.537997305393219
(0,23): 0.5193898677825928
(0,25): 0.47889354825019836
(0,26): 0.5115920901298523
(0,28): 0.6085304617881775
(0,31): 0.4609086811542511
(1,0): 0.43846961855888367
(1,2): 0.5265687704086304
(1,8): 0.5022532939910889
(1,9): 0.59840327501297
(1,14): 0.5055407285690308
(1,16): 0.4831341505050659
(1,22): 0.48196396231651306
(1,25): 0.42201149463653564
(1,26): 0.4200637638568878
(1,28): 0.4605804979801178
(2,0): 0.6131514310836792
(2,1): 0.5529770255088806
(2,8): 0.4248459041118622
(2,14): 0.4818266034126282
(2,15): 0.5482304096221924
(2,25): 0.48488911986351013
(2,26): 0.4486564099788666
(2,28): 0.5133364796638489
(2,31): 0.5587182641029358
(3,4): 0.3891821503639221
(3,5): 0.579675018787384
(3,6): 0.593374490737915
(3,18): 0.46068769693374634
(3,19): 0.45485422015190125
(3,20): 0.512291669845581
(3,25): 0.5390426516532898
(3,26): 0.46113884449005127
(3,27): 0.508560836315155
(3,31): 0.3926483392715454
(4,3): 0.4102621376514435
(4,5): 0.5672930479049683
(4,6): 0.5053458213806152
(4,17): 0.47300028800964355
(4,19): 0.41591525077819824
(4,20): 0.4401589035987854
(4,25): 0.5089240670204163
(4,26): 0.47545766830444336
(4,27): 0.5207917094230652
(4,28): 0.5251933932304382
(4,31): 0.4500148594379425
(5,3): 0.5984323620796204
(5,4): 0.6025924682617188
(5,6): 0.4833093583583832
(5,17): 0.4416337013244629
(5,18): 0.47902193665504456
(5,20): 0.49678805470466614
(5,25): 0.4135860204696655
(5,26): 0.49710363149642944
(5,27): 0.46148720383644104
(5,28): 0.4566377103328705
(5,31): 0.528196394443512
(6,3): 0.605868399143219
(6,4): 0.525174081325531
(6,5): 0.5553351044654846
(6,7): 0.4363836944103241
(6,17): 0.4985787868499756
(6,18): 0.456170916557312
(6,19): 0.40711840987205505
(6,20): 0.5382750034332275
(6,21): 0.6078265905380249
(6,22): 0.3989157974720001
(6,23): 0.5762870907783508
(6,25): 0.4442934989929199
(6,26): 0.5433688759803772
(6,27): 0.41859281063079834
(6,28): 0.49583640694618225
(7,6): 0.4407532513141632
(7,8): 0.4042397439479828
(7,9): 0.561189591884613
(7,12): 0.5116850137710571
(7,20): 0.5626745223999023
(7,21): 0.5591261982917786
(7,22): 0.48534825444221497
(7,23): 0.39889097213745117
(7,25): 0.5141309499740601
(7,27): 0.5081940293312073
(7,28): 0.5153020620346069
(7,31): 0.5322701334953308
(8,0): 0.6030754446983337
(8,1): 0.5587640404701233
(8,2): 0.5236803293228149
(8,7): 0.47063228487968445
(8,9): 0.4506838917732239
(8,14): 0.35407406091690063
(8,15): 0.41279610991477966
(8,16): 0.5096867084503174
(8,20): 0.4621708393096924
(8,21): 0.5968508720397949
(8,22): 0.43344080448150635
(8,23): 0.6388814449310303
(8,25): 0.4852909743785858
(8,26): 0.476093590259552
(8,27): 0.4687478244304657
(8,31): 0.5898365378379822
(9,1): 0.441908597946167
(9,7): 0.5366195440292358
(9,8): 0.5128288865089417
(9,15): 0.36920806765556335
(9,21): 0.5949661135673523
(9,22): 0.45282790064811707
(9,23): 0.544053316116333
(9,25): 0.3441319763660431
(9,27): 0.4319774806499481
(9,28): 0.5067439079284668
(9,31): 0.5146983861923218
(10,11): 0.5481553077697754
(10,12): 0.5554669499397278
(10,13): 0.35976433753967285
(10,21): 0.6084429621696472
(10,28): 0.49317026138305664
(11,10): 0.6341902017593384
(11,12): 0.44515132904052734
(11,13): 0.5622579455375671
(11,24): 0.4479869604110718
(11,29): 0.5951222777366638
(12,7): 0.49660465121269226
(12,10): 0.5564208030700684
(12,11): 0.48510441184043884
(12,21): 0.5034781694412231
(12,24): 0.47207018733024597
(12,28): 0.5231966376304626
(12,29): 0.4198209047317505
(13,10): 0.42807433009147644
(13,11): 0.5436112880706787
(13,24): 0.4523562788963318
(13,30): 0.35555702447891235
(14,1): 0.45601144433021545
(14,2): 0.4389357268810272
(14,8): 0.5042270421981812
(14,15): 0.5312517285346985
(14,16): 0.555627703666687
(14,20): 0.44403865933418274
(14,23): 0.459438294172287
(15,0): 0.46560701727867126
(15,2): 0.48131445050239563
(15,8): 0.5259607434272766
(15,9): 0.529798150062561
(15,14): 0.38234061002731323
(15,16): 0.4925292134284973
(15,22): 0.4459696114063263
(16,0): 0.41767749190330505
(16,1): 0.39361152052879333
(16,8): 0.4638952314853668
(16,14): 0.48396041989326477
(16,15): 0.4364248812198639
(17,4): 0.4768745005130768
(17,5): 0.512996256351471
(17,6): 0.6077538728713989
(17,18): 0.4687415361404419
(17,19): 0.46790748834609985
(17,20): 0.5494516491889954
(18,3): 0.5587208271026611
(18,5): 0.5385266542434692
(18,6): 0.4859112799167633
(18,17): 0.5402087569236755
(18,19): 0.5182726979255676
(18,20): 0.42072850465774536
(19,3): 0.5423067808151245
(19,4): 0.45427289605140686
(19,6): 0.44286805391311646
(19,17): 0.4582691788673401
(19,18): 0.449625164270401
(19,20): 0.48239555954933167
(20,0): 0.4173324406147003
(20,3): 0.48120731115341187
(20,4): 0.46187230944633484
(20,5): 0.40047746896743774
(20,6): 0.3707800507545471
(20,7): 0.4240933060646057
(20,8): 0.3937646746635437
(20,14): 0.5215122699737549
(20,17): 0.49262097477912903
(20,18): 0.5615919232368469
(20,19): 0.5556337833404541
(20,21): 0.5710955858230591
(20,22): 0.4012392461299896
(20,23): 0.5149092674255371
(20,33): 0.4916634261608124
(21,6): 0.4908509850502014
(21,7): 0.4376988112926483
(21,8): 0.399532675743103
(21,9): 0.4909127950668335
(21,10): 0.45020729303359985
(21,12): 0.4374730587005615
(21,20): 0.41592156887054443
(21,22): 0.5060560703277588
(21,23): 0.3239843249320984
(21,33): 0.4856157898902893
(22,1): 0.44800275564193726
(22,6): 0.44212839007377625
(22,7): 0.5398153066635132
(22,8): 0.45498335361480713
(22,9): 0.46263623237609863
(22,15): 0.5401420593261719
(22,20): 0.4730801582336426
(22,21): 0.39208149909973145
(22,23): 0.4523903429508209
(23,0): 0.5688952207565308
(23,6): 0.3937164545059204
(23,7): 0.4047080874443054
(23,8): 0.4769617021083832
(23,9): 0.5487738251686096
(23,14): 0.4807078242301941
(23,20): 0.46138110756874084
(23,21): 0.5858496427536011
(23,22): 0.4552982449531555
(24,11): 0.486674964427948
(24,12): 0.4682908356189728
(24,13): 0.578815221786499
(25,0): 0.4612792134284973
(25,1): 0.5066448450088501
(25,2): 0.5930229425430298
(25,3): 0.514055073261261
(25,4): 0.6067475080490112
(25,5): 0.5490528345108032
(25,6): 0.5023937225341797
(25,7): 0.5698980093002319
(25,8): 0.6176438927650452
(25,9): 0.4872299134731293
(25,26): 0.46278655529022217
(26,0): 0.4421634376049042
(26,1): 0.5474064946174622
(26,2): 0.48841241002082825
(26,3): 0.5267583131790161
(26,4): 0.5634115934371948
(26,5): 0.4942493736743927
(26,6): 0.5712760090827942
(26,8): 0.464343398809433
(26,25): 0.4822329580783844
(26,33): 0.5301824808120728
(27,3): 0.5394044518470764
(27,4): 0.5296968221664429
(27,5): 0.5779168605804443
(27,6): 0.5256783366203308
(27,7): 0.49489834904670715
(27,8): 0.45843344926834106
(27,9): 0.5502105951309204
(27,28): 0.5997089147567749
(28,0): 0.5265383720397949
(28,1): 0.5364960432052612
(28,2): 0.5320397615432739
(28,4): 0.48947322368621826
(28,5): 0.5702400803565979
(28,6): 0.511179506778717
(28,7): 0.5963934659957886
(28,9): 0.5623093247413635
(28,10): 0.48788949847221375
(28,12): 0.49847543239593506
(28,27): 0.5220874547958374
(28,32): 0.4605449140071869
(29,11): 0.5755627155303955
(29,12): 0.5272601842880249
(29,30): 0.5150583982467651
(30,13): 0.5327579379081726
(30,29): 0.45900946855545044
(31,0): 0.5827503800392151
(31,2): 0.5782498121261597
(31,3): 0.5434902906417847
(31,4): 0.5862021446228027
(31,5): 0.4310057461261749
(31,7): 0.665826678276062
(31,8): 0.4298476576805115
(31,9): 0.49103832244873047
(32,28): 0.6157779097557068
(33,20): 0.4910849928855896
(33,21): 0.46527108550071716
(33,26): 0.5404984354972839
