Interaction name: 5mek

Affinity: 5.380000114440918
Predicted value: 6.271146774291992

Attributions for edges: 

(0,1): 0.4961267411708832
(0,2): 0.491116464138031
(0,8): 0.46225249767303467
(0,16): 0.45593708753585815
(0,17): 0.47949886322021484
(0,23): 0.5015637874603271
(0,27): 0.5212903022766113
(0,28): 0.5185164213180542
(0,29): 0.5005390644073486
(0,31): 0.5824596285820007
(0,32): 0.4671371579170227
(0,33): 0.5196763277053833
(0,44): 0.5466081500053406
(0,45): 0.4875350594520569
(1,0): 0.41401752829551697
(1,2): 0.46149584650993347
(1,8): 0.46319419145584106
(1,15): 0.47307288646698
(1,17): 0.4918900430202484
(1,23): 0.4312291741371155
(1,27): 0.5671623349189758
(1,28): 0.35125961899757385
(1,29): 0.5350659489631653
(1,30): 0.36896660923957825
(1,31): 0.567071795463562
(1,32): 0.45778560638427734
(1,33): 0.5658980011940002
(1,34): 0.5037268400192261
(1,38): 0.5798964500427246
(1,40): 0.49210789799690247
(1,41): 0.45915883779525757
(1,44): 0.35492926836013794
(1,45): 0.5526635646820068
(2,0): 0.5150668621063232
(2,1): 0.5345153212547302
(2,8): 0.47086215019226074
(2,9): 0.5260960459709167
(2,13): 0.5105205178260803
(2,15): 0.4727250039577484
(2,16): 0.44925427436828613
(2,23): 0.4544870853424072
(2,24): 0.5190558433532715
(2,27): 0.5553796887397766
(2,28): 0.5231999754905701
(2,30): 0.4452804923057556
(2,32): 0.43006062507629395
(2,33): 0.5285441279411316
(2,40): 0.49265405535697937
(2,41): 0.5258073806762695
(2,44): 0.3787921965122223
(2,45): 0.4589695632457733
(3,4): 0.5639169216156006
(3,5): 0.47275713086128235
(3,6): 0.3876793086528778
(3,19): 0.5083298683166504
(3,20): 0.45395562052726746
(3,21): 0.44114041328430176
(3,34): 0.583836019039154
(3,35): 0.5538837313652039
(3,36): 0.4427923858165741
(3,37): 0.4261001944541931
(3,38): 0.4760020077228546
(3,39): 0.4473830759525299
(3,40): 0.47816002368927
(3,44): 0.4276673495769501
(4,3): 0.42794305086135864
(4,5): 0.4620368480682373
(4,6): 0.4292667508125305
(4,18): 0.4578181803226471
(4,20): 0.4671964645385742
(4,21): 0.4441572427749634
(4,29): 0.4999697804450989
(4,34): 0.38681280612945557
(4,35): 0.41171786189079285
(4,36): 0.4602089524269104
(4,37): 0.5054214596748352
(4,38): 0.45949786901474
(4,39): 0.5527430772781372
(4,40): 0.4505264461040497
(4,41): 0.4611607491970062
(4,42): 0.4697421193122864
(4,44): 0.5122070908546448
(5,3): 0.4167814254760742
(5,4): 0.4385716915130615
(5,6): 0.44092389941215515
(5,18): 0.45514586567878723
(5,19): 0.5175206065177917
(5,21): 0.40415847301483154
(5,32): 0.48947882652282715
(5,33): 0.4819134771823883
(5,35): 0.5136287808418274
(5,36): 0.4668932259082794
(5,38): 0.47417160868644714
(5,39): 0.40474167466163635
(5,40): 0.4452855587005615
(5,41): 0.428968608379364
(5,44): 0.4033522307872772
(6,3): 0.428720086812973
(6,4): 0.4441916048526764
(6,5): 0.4672987163066864
(6,7): 0.5815532803535461
(6,18): 0.4625895023345947
(6,19): 0.4381256699562073
(6,20): 0.5526951551437378
(6,21): 0.4525529444217682
(6,22): 0.5302824378013611
(6,23): 0.418115496635437
(6,29): 0.40517663955688477
(6,31): 0.4549330472946167
(6,32): 0.5308618545532227
(6,33): 0.4698682725429535
(6,34): 0.35911545157432556
(6,36): 0.5606125593185425
(6,37): 0.4571092426776886
(6,38): 0.4545271694660187
(6,39): 0.4958091080188751
(6,40): 0.47449052333831787
(6,41): 0.5419355034828186
(7,6): 0.4877721071243286
(7,8): 0.5153164863586426
(7,9): 0.5174773335456848
(7,12): 0.36766156554222107
(7,13): 0.5835557579994202
(7,21): 0.4477344751358032
(7,22): 0.49698176980018616
(7,23): 0.4628482460975647
(7,24): 0.5292192697525024
(7,25): 0.4046604037284851
(7,29): 0.43173423409461975
(7,32): 0.49831685423851013
(7,34): 0.47178590297698975
(7,40): 0.43932878971099854
(7,41): 0.5100827813148499
(7,42): 0.43526706099510193
(8,0): 0.4680241346359253
(8,1): 0.4868028461933136
(8,2): 0.43976229429244995
(8,7): 0.4614068865776062
(8,9): 0.46494239568710327
(8,13): 0.46334308385849
(8,15): 0.4661581814289093
(8,16): 0.43807101249694824
(8,17): 0.46070632338523865
(8,21): 0.40885111689567566
(8,22): 0.4789630174636841
(8,23): 0.46984943747520447
(8,24): 0.47280827164649963
(8,25): 0.5288454294204712
(8,27): 0.50789874792099
(8,28): 0.4205229580402374
(8,29): 0.4460203945636749
(8,31): 0.5412524938583374
(8,32): 0.5654407143592834
(8,33): 0.5019850134849548
(8,37): 0.43500471115112305
(8,39): 0.44981807470321655
(8,40): 0.6061936020851135
(8,41): 0.462346613407135
(9,2): 0.5211542844772339
(9,7): 0.4702165722846985
(9,8): 0.5004990696907043
(9,17): 0.5427178144454956
(9,22): 0.4238086938858032
(9,23): 0.5051156878471375
(9,24): 0.49091818928718567
(9,25): 0.38964948058128357
(9,27): 0.4397087097167969
(9,29): 0.5077083110809326
(9,30): 0.49915868043899536
(9,31): 0.42181023955345154
(9,32): 0.5208718180656433
(9,39): 0.3752111494541168
(9,41): 0.5183658003807068
(9,42): 0.5169816017150879
(10,11): 0.42318040132522583
(10,12): 0.49827030301094055
(10,14): 0.4953576326370239
(10,25): 0.5007346868515015
(10,42): 0.46937498450279236
(11,10): 0.5261499285697937
(11,12): 0.47738081216812134
(11,14): 0.4816828966140747
(11,26): 0.4809681475162506
(11,41): 0.5258029699325562
(11,42): 0.5437257289886475
(12,7): 0.46749433875083923
(12,10): 0.4936813712120056
(12,11): 0.39488497376441956
(12,25): 0.5790563821792603
(12,26): 0.4813324511051178
(12,29): 0.4619760811328888
(12,42): 0.5322585105895996
(13,2): 0.4666849970817566
(13,7): 0.44321882724761963
(13,8): 0.45633912086486816
(13,17): 0.37345263361930847
(13,22): 0.5693384408950806
(13,23): 0.42154839634895325
(13,24): 0.4858470559120178
(13,25): 0.5487368702888489
(14,10): 0.3797233998775482
(14,11): 0.46184223890304565
(14,26): 0.4760965406894684
(14,40): 0.41836825013160706
(14,43): 0.38709309697151184
(15,1): 0.5146892666816711
(15,2): 0.4901215732097626
(15,8): 0.49317795038223267
(15,16): 0.5005566477775574
(15,17): 0.47003355622291565
(15,23): 0.5120688676834106
(16,0): 0.42917460203170776
(16,2): 0.5697628855705261
(16,8): 0.4390049874782562
(16,15): 0.48371317982673645
(16,17): 0.46420902013778687
(16,23): 0.4415692687034607
(17,0): 0.4523105323314667
(17,1): 0.4545387923717499
(17,8): 0.4985322654247284
(17,9): 0.5006735324859619
(17,13): 0.5693860054016113
(17,15): 0.4955233633518219
(17,16): 0.492988646030426
(17,23): 0.5355664491653442
(17,24): 0.44039005041122437
(18,4): 0.377238392829895
(18,5): 0.455614298582077
(18,6): 0.43233487010002136
(18,19): 0.4922153055667877
(18,20): 0.5114375948905945
(18,21): 0.4599076509475708
(19,3): 0.4476831555366516
(19,5): 0.49755698442459106
(19,6): 0.4079207479953766
(19,18): 0.49643808603286743
(19,20): 0.43316295742988586
(19,21): 0.49949660897254944
(20,3): 0.45240917801856995
(20,4): 0.548812985420227
(20,6): 0.5172719359397888
(20,18): 0.4303170442581177
(20,19): 0.4587661027908325
(20,21): 0.4280361831188202
(21,3): 0.5094573497772217
(21,4): 0.5138228535652161
(21,5): 0.5019944310188293
(21,6): 0.47138717770576477
(21,7): 0.4727172553539276
(21,8): 0.4940308928489685
(21,18): 0.49571293592453003
(21,19): 0.4083685278892517
(21,20): 0.415455162525177
(21,22): 0.5207839608192444
(21,23): 0.5014124512672424
(21,24): 0.5364170074462891
(21,25): 0.4267421066761017
(22,6): 0.6234679818153381
(22,7): 0.44756922125816345
(22,8): 0.3453080356121063
(22,9): 0.42076876759529114
(22,13): 0.5000797510147095
(22,21): 0.500145673751831
(22,23): 0.442257285118103
(22,24): 0.49375244975090027
(22,25): 0.5442876219749451
(23,0): 0.5315877199172974
(23,1): 0.4190211892127991
(23,2): 0.5124309659004211
(23,6): 0.4666231870651245
(23,7): 0.45131927728652954
(23,8): 0.5231353640556335
(23,9): 0.5146052241325378
(23,13): 0.4072716236114502
(23,15): 0.5482179522514343
(23,16): 0.5342580080032349
(23,17): 0.465964138507843
(23,21): 0.4245443642139435
(23,22): 0.46028932929039
(23,24): 0.4246063828468323
(23,25): 0.46483275294303894
(24,2): 0.4744690954685211
(24,7): 0.45618852972984314
(24,8): 0.4086437523365021
(24,9): 0.39689749479293823
(24,13): 0.5149840712547302
(24,17): 0.4564652442932129
(24,21): 0.5144728422164917
(24,22): 0.4954768717288971
(24,23): 0.5365866422653198
(24,25): 0.5658366084098816
(25,7): 0.4201827347278595
(25,8): 0.44604265689849854
(25,9): 0.5615604519844055
(25,10): 0.46661388874053955
(25,12): 0.5422837734222412
(25,13): 0.4889424741268158
(25,21): 0.5057116150856018
(25,22): 0.48041224479675293
(25,23): 0.4906538128852844
(25,24): 0.4207855463027954
(26,11): 0.4937029778957367
(26,12): 0.48775535821914673
(26,14): 0.47407257556915283
(27,0): 0.5437285900115967
(27,1): 0.4438305199146271
(27,2): 0.43963608145713806
(27,8): 0.44021764397621155
(27,9): 0.4151378870010376
(27,28): 0.4798966646194458
(27,30): 0.4661346673965454
(27,44): 0.5748815536499023
(28,0): 0.4138636887073517
(28,1): 0.4139550030231476
(28,2): 0.43870604038238525
(28,8): 0.46619507670402527
(28,27): 0.5871152877807617
(28,44): 0.36990445852279663
(29,0): 0.4746347963809967
(29,1): 0.44039052724838257
(29,4): 0.43806737661361694
(29,6): 0.4325028359889984
(29,7): 0.5048218369483948
(29,8): 0.48201918601989746
(29,9): 0.44771477580070496
(29,12): 0.511184811592102
(29,31): 0.44434499740600586
(29,45): 0.4806080460548401
(30,1): 0.4583120346069336
(30,2): 0.5103636980056763
(30,9): 0.49740973114967346
(30,27): 0.4698618948459625
(31,0): 0.46791115403175354
(31,1): 0.5118998885154724
(31,6): 0.4482318162918091
(31,8): 0.478809654712677
(31,9): 0.5033936500549316
(31,29): 0.5158986449241638
(31,45): 0.44984573125839233
(32,0): 0.5362710952758789
(32,1): 0.4809388816356659
(32,2): 0.4011130928993225
(32,5): 0.5681533217430115
(32,6): 0.5476295351982117
(32,7): 0.40225452184677124
(32,8): 0.4392239451408386
(32,9): 0.4741266965866089
(32,33): 0.49115222692489624
(32,41): 0.5062019228935242
(33,0): 0.44393885135650635
(33,1): 0.5924094319343567
(33,2): 0.45261240005493164
(33,5): 0.5425837635993958
(33,6): 0.49828606843948364
(33,8): 0.5191811323165894
(33,32): 0.4747375547885895
(34,1): 0.41772815585136414
(34,3): 0.5318529009819031
(34,4): 0.39676541090011597
(34,6): 0.5073632597923279
(34,7): 0.5291754603385925
(34,37): 0.6161035299301147
(35,3): 0.4178858995437622
(35,4): 0.4889368712902069
(35,5): 0.4963943064212799
(36,3): 0.48893648386001587
(36,4): 0.43133091926574707
(36,5): 0.42162415385246277
(36,6): 0.5024110674858093
(36,37): 0.4426671862602234
(37,3): 0.4177941381931305
(37,4): 0.4824019968509674
(37,6): 0.5300464630126953
(37,8): 0.5339736938476562
(37,34): 0.4443552792072296
(37,36): 0.43357083201408386
(37,39): 0.3739716708660126
(38,1): 0.4984646737575531
(38,3): 0.5245624780654907
(38,4): 0.516292154788971
(38,5): 0.5182676911354065
(38,6): 0.4623258113861084
(39,3): 0.5375381112098694
(39,4): 0.5344420671463013
(39,5): 0.4448689818382263
(39,6): 0.4158577620983124
(39,8): 0.45201975107192993
(39,9): 0.42527201771736145
(39,37): 0.4284207224845886
(39,40): 0.42981499433517456
(40,1): 0.4523637592792511
(40,2): 0.41964879631996155
(40,3): 0.5030598640441895
(40,4): 0.5470970273017883
(40,5): 0.5136021971702576
(40,6): 0.48738402128219604
(40,7): 0.4433037340641022
(40,8): 0.43743497133255005
(40,14): 0.4346630275249481
(40,39): 0.5376779437065125
(41,1): 0.5233394503593445
(41,2): 0.5063143372535706
(41,4): 0.3927341401576996
(41,5): 0.604832112789154
(41,6): 0.43215298652648926
(41,7): 0.4822157621383667
(41,8): 0.48319169878959656
(41,9): 0.4752322733402252
(41,11): 0.5025424957275391
(41,32): 0.49553945660591125
(42,4): 0.5083640813827515
(42,7): 0.4979945123195648
(42,9): 0.5461215376853943
(42,10): 0.6015452146530151
(42,11): 0.5511460900306702
(42,12): 0.5601587295532227
(43,14): 0.4073183834552765
(44,0): 0.5408631563186646
(44,1): 0.5504879355430603
(44,2): 0.4418485164642334
(44,3): 0.47850969433784485
(44,4): 0.618598222732544
(44,5): 0.428107887506485
(44,27): 0.5223661065101624
(44,28): 0.4538792073726654
(45,0): 0.4118761718273163
(45,1): 0.5489956736564636
(45,2): 0.4626125991344452
(45,29): 0.49615925550460815
(45,31): 0.4626818001270294
