Interaction name: 5tku

Affinity: 9.800000190734863
Predicted value: 7.884300231933594

Attributions for edges: 

(0,1): 7.2520247884997115e-31
(0,2): 9.426581662238408e-31
(0,19): 1.3702625740473207e-30
(0,29): 1.4525733215992431e-30
(1,0): 7.2520247884997115e-31
(1,2): 9.426581662238408e-31
(1,19): 1.3702625740473207e-30
(1,29): 1.4525733215992431e-30
(2,0): 9.427948056871804e-31
(2,1): 9.427948056871804e-31
(2,19): 1.7814011272022224e-30
(2,25): 2.839837869778665e-30
(2,28): 2.340678581752835e-30
(2,29): 1.888408728946277e-30
(3,4): 2.6226874629896815e-29
(3,8): 2.686111947176999e-29
(3,29): 6.60740597388166e-30
(3,30): 1.8956633534580828e-29
(4,3): 2.623567974086131e-29
(4,7): 6.996968488094451e-29
(4,8): 4.700625942135987e-29
(4,9): 5.560453453762469e-29
(4,10): 6.89332757740279e-29
(4,12): 5.657159812948121e-29
(4,13): 6.266732890380587e-29
(4,14): 5.137716043941224e-29
(4,17): 7.087012935231846e-29
(4,21): 6.414071947804179e-29
(4,29): 1.1562787609603561e-29
(4,30): 3.317361366133543e-29
(5,6): 5.321227074985947e-29
(5,11): 4.8164321096919915e-29
(5,23): 5.762579801425909e-29
(6,5): 5.321388973471897e-29
(6,11): 5.078789809880266e-29
(6,15): 6.777763354796049e-29
(6,23): 6.076428743310146e-29
(7,4): 6.998730112140458e-29
(7,10): 1.051171119199095e-28
(7,13): 9.556210402038048e-29
(7,16): 1.1331755310424022e-28
(7,17): 1.0806980326589818e-28
(7,20): 9.429037034838406e-29
(7,21): 9.780813555858703e-29
(7,22): 1.2020514803079292e-28
(8,3): 2.687055050996641e-29
(8,4): 4.70069726172924e-29
(8,9): 5.695009151180191e-29
(8,12): 5.794100654231345e-29
(8,21): 6.569283845728561e-29
(9,4): 5.561089612497224e-29
(9,8): 5.695617624671996e-29
(9,12): 6.854624209611006e-29
(9,13): 7.593225565520802e-29
(9,21): 7.77169306752366e-29
(10,4): 6.895010960544806e-29
(10,7): 1.051163054367453e-28
(10,13): 9.414588347283748e-29
(10,14): 7.718511521374945e-29
(10,16): 1.1163821441510747e-28
(10,17): 1.0646823603533222e-28
(10,20): 9.289299984017175e-29
(10,22): 1.1842373505460764e-28
(10,31): 1.0634484411120776e-28
(11,5): 4.816285257533732e-29
(11,6): 5.078479855529841e-29
(11,14): 5.141715959694473e-29
(11,15): 6.134375160511897e-29
(11,20): 6.188102587429224e-29
(11,23): 5.499656660243025e-29
(11,32): 2.6953913183902996e-29
(12,4): 5.657894073739418e-29
(12,8): 5.794719359225979e-29
(12,9): 6.854675968978261e-29
(12,16): 9.160717076839484e-29
(12,17): 8.736549664034531e-29
(12,21): 7.906978812760927e-29
(12,42): 4.3024934910605043e-29
(13,4): 6.267928170652322e-29
(13,7): 9.555553780297634e-29
(13,9): 7.593746770312002e-29
(13,10): 9.414014781272185e-29
(13,14): 7.016480565843524e-29
(13,15): 8.371080984815856e-29
(13,20): 8.444464332374978e-29
(13,36): 9.670700316847686e-29
(14,4): 5.138108452167393e-29
(14,10): 7.717098972131358e-29
(14,11): 5.142068645615539e-29
(14,13): 7.015677693797958e-29
(14,15): 6.862158808665313e-29
(14,20): 6.922314026772033e-29
(14,33): 4.7757429275716116e-29
(14,34): 6.419456727558064e-29
(14,41): 3.631669521938894e-29
(14,42): 3.907256555285786e-29
(15,6): 6.778487384084517e-29
(15,11): 6.135450672015215e-29
(15,13): 8.371017188386448e-29
(15,14): 6.862891263897288e-29
(15,20): 8.259553992855037e-29
(15,36): 9.45893890278434e-29
(15,39): 1.0628481528225364e-28
(16,7): 1.1332101977814012e-28
(16,10): 1.1164246349804727e-28
(16,12): 9.16225360782324e-29
(16,17): 1.1477933393203013e-28
(16,21): 1.0388136304521774e-28
(16,22): 1.2766810249116915e-28
(17,4): 7.088851596475628e-29
(17,7): 1.080706338231867e-28
(17,10): 1.06470667521887e-28
(17,12): 8.737815962972966e-29
(17,16): 1.147767098524809e-28
(17,21): 9.906834374357251e-29
(17,22): 1.2175298181591048e-28
(17,34): 8.856746951863739e-29
(17,39): 1.228962258679609e-28
(18,24): 2.053050047586854e-29
(18,25): 1.7052487663423935e-29
(18,26): 2.1830772517595584e-29
(18,27): 2.428996989409211e-29
(18,35): 1.9702693054200264e-28
(19,0): 1.3707644631153478e-30
(19,1): 1.3707644631153478e-30
(19,2): 1.781795340987714e-30
(19,24): 4.9711208468025746e-30
(19,25): 4.1289775098056824e-30
(19,26): 5.2859603636703166e-30
(19,27): 5.881458278633042e-30
(19,28): 3.403199838059967e-30
(19,40): 3.2153073163917634e-30
(20,7): 9.428318422227906e-29
(20,10): 9.288662621576204e-29
(20,11): 6.189236478683982e-29
(20,13): 8.444335535809947e-29
(20,14): 6.923053102388192e-29
(20,15): 8.25961658557823e-29
(20,34): 7.726759918214891e-29
(20,36): 9.541857409127502e-29
(20,39): 1.0721652000403742e-28
(20,42): 4.7029214098884536e-29
(21,4): 6.41534426527369e-29
(21,7): 9.780365175293525e-29
(21,8): 6.570536903898628e-29
(21,9): 7.772405059749976e-29
(21,12): 7.907581869574763e-29
(21,16): 1.0387185376611733e-28
(21,17): 9.90615428034564e-29
(21,22): 1.101853289762482e-28
(21,34): 8.015211862663736e-29
(22,7): 1.2021340545542948e-28
(22,10): 1.1843276285122196e-28
(22,16): 1.2767295342721658e-28
(22,17): 1.2176134757410642e-28
(22,21): 1.1019877437467244e-28
(22,36): 1.2166105477225245e-28
(22,39): 1.367037472700077e-28
(23,5): 5.763018552341365e-29
(23,6): 6.076706799445867e-29
(23,11): 5.500244670729171e-29
(23,33): 5.108401584628327e-29
(23,34): 6.866662475469641e-29
(23,37): 7.173506449034276e-29
(23,38): 9.565911672279791e-29
(24,18): 2.0521104044225806e-29
(24,19): 4.9730550522271916e-30
(24,25): 7.927904793923078e-30
(24,26): 1.0149387496186149e-29
(24,27): 1.1292783516146239e-29
(24,28): 6.534365080740775e-30
(24,40): 6.1735985293886656e-30
(24,41): 1.4790273799786228e-29
(25,2): 2.8412463941295945e-30
(25,18): 1.7042733129182167e-29
(25,19): 4.130111626755356e-30
(25,24): 7.92699750036334e-30
(25,26): 8.428979855622105e-30
(25,27): 9.378558862385847e-30
(25,28): 5.426776311418597e-30
(26,18): 2.182161532256313e-29
(26,19): 5.288219193614857e-30
(26,24): 1.0149774186807795e-29
(26,25): 8.430266316639645e-30
(26,27): 1.2008454569582228e-29
(26,28): 6.948475377654103e-30
(26,41): 1.572747494507536e-29
(27,18): 2.4281447654088196e-29
(27,19): 5.884331374905548e-30
(27,24): 1.1293902962926414e-29
(27,25): 9.38056378555061e-30
(27,26): 1.2009187325740757e-29
(27,28): 7.73173904897424e-30
(27,34): 3.0934422183696997e-29
(27,42): 1.882835004932418e-29
(28,2): 2.3415719574594598e-30
(28,19): 3.4037452674387484e-30
(28,24): 6.5329198809661e-30
(28,25): 5.426154898084978e-30
(28,26): 6.946620165449861e-30
(28,27): 7.729262423436379e-30
(29,0): 1.4531719773622299e-30
(29,1): 1.4531719773622299e-30
(29,2): 1.8888841929012974e-30
(29,3): 6.60423119873896e-30
(29,4): 1.1553352809825217e-29
(29,42): 8.785639511831085e-30
(30,3): 1.895923654927129e-29
(30,4): 3.3167032397603595e-29
(30,33): 3.0827927285568997e-29
(31,10): 1.0634645707753618e-28
(31,34): 8.846346930164047e-29
(32,11): 2.6945276591808635e-29
(33,14): 4.775196444949892e-29
(33,23): 5.107622184853958e-29
(33,30): 3.0832630767605055e-29
(34,14): 6.41989788588595e-29
(34,17): 8.855666023682451e-29
(34,20): 7.726406630440717e-29
(34,21): 8.01466176892337e-29
(34,23): 6.866767799763475e-29
(34,27): 3.0950001151387767e-29
(34,31): 8.845267807542083e-29
(35,18): 1.9720288831654672e-28
(36,13): 9.671364160825392e-29
(36,15): 9.459804969406207e-29
(36,20): 9.542659077466854e-29
(36,22): 1.2165363994196656e-28
(37,23): 7.17383445897793e-29
(38,23): 9.568101815738424e-29
(38,39): 1.385369436875727e-28
(39,15): 1.0630184772519931e-28
(39,17): 1.229046518114676e-28
(39,20): 1.0723289040856471e-28
(39,22): 1.3670582968176007e-28
(39,38): 1.3853588442610328e-28
(40,19): 3.215700025544486e-30
(40,24): 6.171997976280586e-30
(41,14): 3.630672251339566e-29
(41,24): 1.4794110613347312e-29
(41,26): 1.5730956665302947e-29
(41,42): 2.466344683076079e-29
(42,12): 4.30124615049496e-29
(42,14): 3.9063321089124804e-29
(42,20): 4.7013427491871637e-29
(42,27): 1.8832230497235565e-29
(42,29): 8.791472973076702e-30
(42,41): 2.4664576809970348e-29
