Interaction name: 5vp1

Affinity: 9.289999961853027
Predicted value: 8.226014137268066

Attributions for edges: 

(0,2): 1.3873798429222998e-27
(0,10): 4.878722101252926e-25
(1,3): 1.0070657733482269e-32
(2,0): 1.3069173787407177e-27
(2,3): 2.130290555632652e-33
(2,10): 1.4139186953327693e-26
(2,11): 3.559503106918907e-26
(2,24): 2.515320754774417e-32
(3,1): 8.609028221202667e-33
(3,2): 1.88298931942269e-33
(3,6): 1.856659570404317e-36
(3,7): 1.4973266124846867e-33
(3,8): 0.0
(3,11): 1.66696007534176e-30
(3,25): 1.4529281328140953e-30
(4,7): 2.8240049441506035e-27
(4,22): 1.5995790507139184e-25
(5,9): 5.834437737550402e-24
(5,12): 2.3115271270115295e-25
(5,13): 1.0139008333752203e-23
(5,14): 9.873884805281904e-24
(5,15): 2.3370012205781527e-24
(5,16): 1.0139008333752203e-23
(5,17): 5.041356032056005e-24
(5,18): 5.8013003533276225e-25
(5,23): 1.0139008333752203e-23
(6,3): 1.726640596859386e-36
(6,7): 1.4795272953916349e-32
(6,12): 1.1017932060144317e-30
(6,19): 1.7421616211390053e-29
(6,20): 4.78662879519243e-30
(6,21): 7.399573309612665e-31
(6,22): 1.7462660712538845e-30
(7,3): 1.595355586339069e-33
(7,4): 2.4570785044828973e-27
(7,6): 1.8300832206938574e-32
(7,8): 0.0
(7,12): 8.55715326194537e-28
(7,18): 2.1476029402422512e-27
(7,19): 1.3530673209587013e-26
(7,20): 3.71755439373065e-27
(7,21): 5.7469961392809e-28
(7,22): 1.3562496890802079e-27
(8,3): 0.0
(8,7): 0.0
(8,12): 3.096921454201026e-39
(8,19): 3.232561260094118e-38
(8,20): 6.813636658653532e-38
(8,21): 1.523114180607652e-38
(8,22): 0.0
(9,5): 6.3526274499851486e-24
(9,12): 9.469680563270936e-25
(9,13): 4.1536685258950776e-23
(9,14): 4.0450543699319037e-23
(9,15): 9.574004854188473e-24
(9,17): 2.065302536462837e-23
(9,18): 2.3766306342280617e-24
(9,22): 1.5008788696644449e-24
(9,23): 4.1536685258950776e-23
(9,26): 2.2871805523367386e-23
(9,34): 8.09883180598156e-24
(9,39): 2.1740834576213747e-23
(10,0): 5.996560190664059e-25
(10,2): 1.8448786463844568e-26
(10,24): 1.1541018582700909e-29
(10,27): 2.2996472367663084e-23
(10,28): 2.2996472367663084e-23
(10,31): 2.2996472367663084e-23
(10,37): 6.686716354233489e-24
(10,38): 3.3639173714210013e-26
(11,2): 4.0654371995896564e-26
(11,3): 2.1539502696896857e-30
(11,27): 5.067599541106536e-23
(11,29): 5.067599541106536e-23
(11,30): 5.067599541106536e-23
(11,31): 5.067599541106536e-23
(11,32): 8.094508059360044e-24
(11,37): 1.4735072895194483e-23
(11,39): 2.652446975053405e-23
(12,5): 2.379659071243205e-25
(12,6): 1.4168044390969419e-30
(12,7): 9.925791302799855e-28
(12,8): 1.5908847578482538e-38
(12,9): 8.953545636279064e-25
(12,13): 1.5559411636336452e-24
(12,18): 8.902726107429079e-26
(12,19): 5.609016493756132e-25
(12,21): 2.3823647100737177e-26
(12,22): 5.622209206319822e-26
(12,23): 1.5559411636336452e-24
(12,32): 2.4853237847501323e-25
(12,37): 4.52423167627376e-25
(13,5): 1.0841444793640821e-23
(13,9): 4.0791293745051063e-23
(13,12): 1.6160971324678576e-24
(13,14): 6.903322412677798e-23
(13,15): 1.6339071662389418e-23
(13,16): 7.088683899476838e-23
(13,17): 3.5246614478749654e-23
(13,18): 4.055976859139503e-24
(13,22): 2.561411834945221e-24
(13,23): 7.088683899476838e-23
(13,35): 7.088683899476838e-23
(13,40): 7.088683899476838e-23
(14,5): 1.0552316227824648e-23
(14,9): 3.9703587085383365e-23
(14,13): 6.899662729166297e-23
(14,15): 1.5903386939879474e-23
(14,16): 6.899662729166297e-23
(14,17): 3.4306888658570555e-23
(14,23): 6.899662729166297e-23
(14,33): 6.899662729166297e-23
(15,5): 2.8564805233777093e-24
(15,9): 1.0747642921122801e-23
(15,13): 1.8677110235057937e-23
(15,14): 1.8188723293191987e-23
(15,16): 1.8677110235057937e-23
(15,17): 9.286702501367886e-24
(15,26): 1.0284463240622284e-23
(15,34): 3.6416675061478805e-24
(15,38): 2.732082310872143e-26
(15,41): 1.8677110235057937e-23
(15,42): 1.0951345739512592e-23
(15,44): 1.8677110235057937e-23
(16,5): 1.0841444793640821e-23
(16,13): 7.088683899476838e-23
(16,14): 6.903322412677798e-23
(16,15): 1.6339071662389418e-23
(16,17): 3.5246614478749654e-23
(16,40): 7.088683899476838e-23
(17,5): 5.332070602722126e-24
(17,9): 2.0062242699542923e-23
(17,13): 3.486389703285987e-23
(17,14): 3.3952245194575776e-23
(17,15): 8.035959591835446e-24
(17,16): 3.486389703285987e-23
(17,23): 3.486389703285987e-23
(17,34): 6.797770614748692e-24
(17,35): 3.486389703285987e-23
(17,36): 1.0242999133722058e-23
(18,5): 5.906745911414318e-25
(18,7): 2.4637612887969266e-27
(18,9): 2.222432387514963e-24
(18,12): 8.805017056151306e-26
(18,13): 3.8621284911777336e-24
(18,19): 1.3922596255484322e-24
(18,21): 5.913438163599954e-26
(18,22): 1.395534384381231e-25
(18,23): 3.8621284911777336e-24
(18,35): 3.8621284911777336e-24
(19,6): 2.2580362507544325e-29
(19,7): 1.5819320473748497e-26
(19,8): 1.6720935631539764e-37
(19,12): 5.653525998180965e-25
(19,18): 1.4188748064144576e-24
(19,20): 2.456117047899036e-24
(19,21): 3.796901182102888e-25
(19,22): 8.960448169199748e-25
(19,26): 1.3654827281968365e-23
(19,42): 1.4540311026304467e-23
(20,6): 6.820009079516014e-30
(20,7): 4.77793444325533e-27
(20,8): 2.9711110283599708e-37
(20,19): 2.7000081878900848e-24
(20,21): 1.146792859158721e-25
(20,22): 2.7063589126075666e-25
(20,37): 2.17781776737451e-24
(20,38): 1.0956093141418067e-26
(20,45): 3.6760545323261917e-26
(21,6): 1.0592043874073038e-30
(21,7): 7.420558964510438e-28
(21,8): 5.681117889654544e-38
(21,12): 2.651967631119918e-26
(21,18): 6.655711901987007e-26
(21,19): 4.193338546160083e-25
(21,20): 1.1521203819783245e-25
(21,22): 4.2031852558904714e-26
(21,34): 2.268072477528397e-25
(21,35): 1.1632275681757396e-24
(21,38): 1.7015660392139227e-27
(22,4): 1.5626740421559e-25
(22,6): 2.1736445960829104e-30
(22,7): 1.5228147032855101e-27
(22,8): 1.282669020490164e-38
(22,9): 1.3736529605922105e-24
(22,12): 5.442231823388813e-26
(22,13): 2.387115976165033e-24
(22,18): 1.3658510276319615e-25
(22,19): 8.605352293475825e-25
(22,20): 2.3643223826505443e-25
(22,21): 3.6550101269354657e-26
(22,23): 2.387115976165033e-24
(22,43): 2.1734604941645217e-24
(23,5): 1.0841444793640821e-23
(23,9): 4.0791293745051063e-23
(23,12): 1.6160971324678576e-24
(23,13): 7.088683899476838e-23
(23,14): 6.903322412677798e-23
(23,17): 3.5246614478749654e-23
(23,18): 4.055976859139503e-24
(23,22): 2.561411834945221e-24
(23,33): 7.088683899476838e-23
(23,35): 7.088683899476838e-23
(24,2): 2.2761335152577995e-32
(24,10): 8.003994073054065e-30
(25,3): 1.8977099925663673e-30
(25,45): 2.1913503310769304e-25
(26,9): 2.212165244504376e-23
(26,15): 8.860858029789669e-24
(26,19): 1.3858276087146674e-23
(26,28): 3.844285798565173e-23
(26,42): 2.2540930438446917e-23
(27,10): 1.999790793727853e-23
(27,11): 5.034401118771215e-23
(27,30): 7.088683899476838e-23
(28,10): 1.999790793727853e-23
(28,26): 3.903320677723931e-23
(29,11): 5.034401118771215e-23
(30,11): 5.034401118771215e-23
(30,27): 7.088683899476838e-23
(30,38): 1.036930542819403e-25
(31,10): 1.999790793727853e-23
(31,11): 5.034401118771215e-23
(32,11): 7.609918693891829e-24
(32,12): 2.442866058235973e-25
(32,45): 5.25906017008924e-26
(33,14): 6.903322412677798e-23
(33,23): 7.088683899476838e-23
(34,9): 7.551793055812429e-24
(34,15): 3.0248928603115326e-24
(34,17): 6.525292930489471e-24
(34,21): 2.0093776230937775e-25
(34,40): 1.3123454520516017e-23
(35,13): 7.088683899476838e-23
(35,17): 3.5246614478749654e-23
(35,18): 4.055976859139503e-24
(35,21): 1.0853688703750757e-24
(35,23): 7.088683899476838e-23
(36,17): 1.0117604170810841e-23
(36,41): 2.0348193733632867e-23
(36,43): 1.852688587515489e-23
(37,10): 5.778708264470611e-24
(37,11): 1.454774525147527e-23
(37,12): 4.670019088015392e-25
(37,20): 2.0288269887120016e-24
(38,10): 2.358187047775067e-26
(38,15): 1.9267309771697054e-26
(38,20): 8.279278548825225e-27
(38,21): 1.2798902260521483e-27
(38,30): 8.359095556845245e-26
(39,9): 2.0909072259523196e-23
(39,11): 2.5805673893192956e-23
(39,42): 2.1305372312479076e-23
(40,13): 7.088683899476838e-23
(40,16): 7.088683899476838e-23
(40,34): 1.382153094618148e-23
(41,15): 1.6339071662389418e-23
(41,36): 2.082652585440087e-23
(41,43): 6.45417151897137e-23
(41,44): 7.088683899476838e-23
(42,15): 9.464521215735565e-24
(42,19): 1.480234064230449e-23
(42,26): 2.2610343887219124e-23
(42,39): 2.1492302370302057e-23
(43,22): 2.3564180456840364e-24
(43,36): 1.9159743225481204e-23
(43,41): 6.521364797611923e-23
(44,15): 1.6339071662389418e-23
(44,41): 7.088683899476838e-23
(45,20): 3.1681347288455814e-26
(45,25): 1.9800446931497493e-25
(45,32): 5.1092675019906234e-26
