Interaction name: 5q0e

Affinity: 9.15999984741211
Predicted value: 8.515897750854492

Attributions for edges: 

(0,1): 0.42611071467399597
(0,2): 0.4816272556781769
(0,18): 0.4934424161911011
(0,30): 0.45656144618988037
(1,0): 0.4383673071861267
(1,2): 0.48183751106262207
(1,18): 0.4443475902080536
(1,30): 0.5867429971694946
(2,0): 0.4706633687019348
(2,1): 0.531459629535675
(2,18): 0.40130990743637085
(2,23): 0.5545632243156433
(2,24): 0.47070109844207764
(2,30): 0.5543616414070129
(3,4): 0.4869173467159271
(3,8): 0.5486301183700562
(3,30): 0.5779765248298645
(3,31): 0.5632104277610779
(4,3): 0.44758930802345276
(4,7): 0.5230186581611633
(4,8): 0.41695883870124817
(4,9): 0.38135749101638794
(4,10): 0.5060721039772034
(4,12): 0.5150943994522095
(4,13): 0.4980924427509308
(4,14): 0.49837878346443176
(4,16): 0.46794143319129944
(4,20): 0.49692437052726746
(4,30): 0.5483829975128174
(4,31): 0.4845895767211914
(5,6): 0.36546024680137634
(5,11): 0.4703148901462555
(5,21): 0.5115664005279541
(6,5): 0.5038330554962158
(6,11): 0.6394696831703186
(6,15): 0.4698333740234375
(6,21): 0.5143507719039917
(7,4): 0.6411097049713135
(7,10): 0.5644640922546387
(7,13): 0.4790714383125305
(7,16): 0.5252631306648254
(7,19): 0.5526634454727173
(7,27): 0.5247920751571655
(7,28): 0.4281073212623596
(7,30): 0.578870952129364
(8,3): 0.5651381015777588
(8,4): 0.5698941349983215
(8,9): 0.4854038655757904
(8,12): 0.510707437992096
(8,20): 0.5586967468261719
(9,4): 0.5653479695320129
(9,8): 0.6210429072380066
(9,12): 0.4566010534763336
(9,13): 0.4692085385322571
(9,20): 0.4993287920951843
(10,4): 0.481122761964798
(10,7): 0.5779196619987488
(10,13): 0.4464772939682007
(10,14): 0.5394791960716248
(10,16): 0.5973153114318848
(10,19): 0.5306934714317322
(10,27): 0.6280426979064941
(10,28): 0.4471295475959778
(10,32): 0.4884064793586731
(11,5): 0.5283956527709961
(11,6): 0.5744779706001282
(11,14): 0.5470104217529297
(11,15): 0.5443239808082581
(11,19): 0.5428939461708069
(11,21): 0.48945382237434387
(11,33): 0.5067269206047058
(12,4): 0.4117096960544586
(12,8): 0.47330495715141296
(12,9): 0.45467281341552734
(12,16): 0.39335086941719055
(12,20): 0.5049499273300171
(13,4): 0.4459920823574066
(13,7): 0.4591357111930847
(13,9): 0.4804645776748657
(13,10): 0.49392133951187134
(13,14): 0.46648213267326355
(13,15): 0.5642906427383423
(13,19): 0.4903686046600342
(13,36): 0.5261178612709045
(13,39): 0.4940987527370453
(14,4): 0.4725424647331238
(14,10): 0.4882238805294037
(14,11): 0.49607187509536743
(14,13): 0.43394094705581665
(14,15): 0.5501782298088074
(14,19): 0.5609287023544312
(14,34): 0.4892384707927704
(14,42): 0.5209386944770813
(15,6): 0.5191450715065002
(15,11): 0.495678186416626
(15,13): 0.5810980200767517
(15,14): 0.5144971609115601
(15,19): 0.40690749883651733
(15,40): 0.43478864431381226
(16,4): 0.40702399611473083
(16,7): 0.49337196350097656
(16,10): 0.5062025785446167
(16,12): 0.5079023838043213
(16,20): 0.49410438537597656
(16,22): 0.4429165720939636
(16,27): 0.4898189604282379
(16,28): 0.43097740411758423
(16,40): 0.5325379967689514
(17,25): 0.47885698080062866
(17,26): 0.5389803051948547
(17,29): 0.5130279064178467
(17,35): 0.5421304702758789
(18,0): 0.4032609760761261
(18,1): 0.478425532579422
(18,2): 0.4803086519241333
(18,23): 0.36605358123779297
(18,24): 0.4706600606441498
(18,25): 0.55466228723526
(18,26): 0.5060237050056458
(18,29): 0.4553380012512207
(19,7): 0.51017165184021
(19,10): 0.4772626459598541
(19,11): 0.46979236602783203
(19,13): 0.48041802644729614
(19,14): 0.4816499352455139
(19,15): 0.48288285732269287
(19,36): 0.5110084414482117
(19,39): 0.38989558815956116
(19,40): 0.47043824195861816
(20,4): 0.5691956281661987
(20,8): 0.5219598412513733
(20,9): 0.3945968449115753
(20,12): 0.49135205149650574
(20,16): 0.42668211460113525
(20,22): 0.5730711817741394
(20,27): 0.44445401430130005
(20,28): 0.5104994773864746
(21,5): 0.5530192852020264
(21,6): 0.5113394856452942
(21,11): 0.5573469400405884
(21,34): 0.4807210862636566
(21,37): 0.5580052733421326
(21,38): 0.4862605929374695
(22,16): 0.479084849357605
(22,20): 0.5508692860603333
(22,27): 0.4300398826599121
(22,28): 0.5824694037437439
(22,39): 0.5766245126724243
(23,2): 0.5453383922576904
(23,18): 0.4457758367061615
(23,24): 0.5741047859191895
(23,25): 0.5829780697822571
(23,26): 0.5369032025337219
(23,29): 0.5023157000541687
(24,2): 0.3994479477405548
(24,18): 0.4721128046512604
(24,23): 0.4392249584197998
(24,25): 0.5973537564277649
(24,26): 0.5266437530517578
(24,29): 0.5063210725784302
(24,41): 0.4972463846206665
(25,17): 0.49391797184944153
(25,18): 0.5541876554489136
(25,23): 0.5319564938545227
(25,24): 0.4892779588699341
(25,26): 0.580297589302063
(25,29): 0.5176537036895752
(25,42): 0.5007665753364563
(26,17): 0.4241052269935608
(26,18): 0.4873686134815216
(26,23): 0.5830259323120117
(26,24): 0.42667457461357117
(26,25): 0.5083626508712769
(26,29): 0.5011821985244751
(27,7): 0.46123048663139343
(27,10): 0.5683014392852783
(27,16): 0.5387537479400635
(27,20): 0.5185099244117737
(27,22): 0.5302953124046326
(27,28): 0.4642246961593628
(27,36): 0.48040106892585754
(27,40): 0.495514452457428
(28,7): 0.48066213726997375
(28,10): 0.5059220790863037
(28,16): 0.5592158436775208
(28,20): 0.5125593543052673
(28,22): 0.5114967226982117
(28,27): 0.4750734865665436
(29,17): 0.47197139263153076
(29,18): 0.46480000019073486
(29,23): 0.5489066243171692
(29,24): 0.44220295548439026
(29,25): 0.465972900390625
(29,26): 0.508512556552887
(29,43): 0.49358904361724854
(30,0): 0.5176360607147217
(30,1): 0.41064152121543884
(30,2): 0.5355653166770935
(30,3): 0.5152196288108826
(30,4): 0.46054667234420776
(30,7): 0.49773305654525757
(30,43): 0.4774753749370575
(31,3): 0.47096604108810425
(31,4): 0.4847438633441925
(31,34): 0.5554569363594055
(32,10): 0.4027511179447174
(33,11): 0.48111966252326965
(34,14): 0.42023423314094543
(34,21): 0.41728413105010986
(34,31): 0.5183731913566589
(35,17): 0.5764286518096924
(36,13): 0.49588218331336975
(36,19): 0.4665593206882477
(36,27): 0.42635396122932434
(37,21): 0.5266796350479126
(38,21): 0.48580068349838257
(38,40): 0.4585770070552826
(39,13): 0.5155139565467834
(39,19): 0.44757533073425293
(39,22): 0.4834638237953186
(40,15): 0.3980640769004822
(40,16): 0.38883817195892334
(40,19): 0.5306321978569031
(40,27): 0.4699847400188446
(40,38): 0.5982509255409241
(41,24): 0.4961284399032593
(42,14): 0.4848784804344177
(42,25): 0.5469754338264465
(42,43): 0.3311721384525299
(43,29): 0.5308626294136047
(43,30): 0.5857295393943787
(43,42): 0.5303243398666382
