Interaction name: 6bmi

Affinity: 5.050000190734863
Predicted value: 5.95445442199707

Shapley values for edges: 

(0,2): 0.014619283676147461
(0,3): 0.022806882858276367
(0,6): -0.033309769630432126
(0,7): 0.028532514572143553
(0,8): 0.02764369487762451
(0,9): -0.0031927013397216797
(0,11): 0.024073243141174316
(1,3): 0.02132412910461426
(1,7): 0.028494868278503418
(1,8): 0.023539743423461913
(1,10): -0.0001404571533203125
(1,11): 0.018047003746032714
(2,0): 0.01875084400177002
(2,3): 0.019016118049621583
(2,5): -0.0197837495803833
(2,7): 0.04107466220855713
(2,8): 0.023571805953979494
(2,9): -0.00871840476989746
(2,11): 0.014563989639282227
(3,0): 0.05180079460144043
(3,1): 0.03590954303741455
(3,2): 0.04654170989990234
(3,4): -0.004316258430480957
(3,5): -0.012494421005249024
(3,6): -0.0009177780151367188
(3,8): 0.04124208450317383
(3,12): -0.0004313325881958008
(3,13): -0.0037418460845947267
(3,14): -0.0017489147186279296
(3,17): 0.043366312980651855
(4,3): 0.05820169448852539
(4,7): 0.016173596382141112
(4,8): 0.03954887390136719
(5,2): -0.03143152713775635
(5,3): -0.02837132930755615
(5,6): -0.04647367477416992
(5,7): -0.050422372817993166
(5,8): 0.0181717586517334
(6,0): -0.04974207401275635
(6,3): -0.03167457580566406
(6,5): -0.05169395446777344
(6,7): -0.03389930725097656
(6,8): 0.01927931308746338
(7,0): 0.013006601333618164
(7,1): -0.022888002395629884
(7,2): 0.021198596954345703
(7,4): -0.06383414745330811
(7,5): -0.01886418342590332
(7,6): -0.015566835403442383
(7,8): -0.0031841468811035158
(8,0): -0.055797486305236815
(8,1): -0.07037007808685303
(8,2): -0.06182925224304199
(8,3): -0.015520000457763672
(8,4): -0.06701886653900146
(8,5): -0.017411212921142578
(8,6): -0.04414755821228027
(8,7): -0.047069239616394046
(8,18): -0.049461865425109865
(8,19): -0.03668968677520752
(9,0): 0.04775819301605225
(9,2): 0.03875538349151611
(9,13): -0.007593650817871094
(10,1): -0.019671840667724608
(10,11): 0.007679901123046875
(10,19): -0.010653419494628906
(11,0): -0.0022051143646240235
(11,1): -0.007936177253723144
(11,2): -0.008974008560180664
(11,10): 0.0060651302337646484
(11,15): -0.03865521907806396
(11,18): -0.07141630172729492
(11,19): -0.008412322998046874
(12,3): 0.06375572204589844
(12,13): -0.015455031394958496
(12,14): -0.013348479270935059
(12,16): 0.018681297302246092
(13,3): 0.05626964092254639
(13,9): 0.025191383361816408
(13,12): 0.006319131851196289
(14,3): 0.06832877159118653
(14,12): -0.003691244125366211
(14,17): -0.0016418266296386718
(15,11): 0.030177578926086426
(15,19): -0.02694993495941162
(16,12): -0.08287103176116943
(16,17): -0.0014631891250610353
(17,3): -0.0004184103012084961
(17,14): -0.05088004112243652
(17,16): -0.007763280868530274
(18,8): 0.03409726142883301
(18,11): -0.06156546592712402
(19,8): 0.030178942680358888
(19,10): -0.0822074031829834
(19,11): -0.053455467224121096
(19,15): -0.08544401168823242
