Interaction name: 6ckr

Affinity: 7.300000190734863
Predicted value: 6.5860395431518555

Attributions for edges: 

(0,4): 1.0239389897865445e-26
(0,5): 1.9240647197546957e-26
(0,6): 1.676766748358982e-25
(0,17): 3.0880962463863126e-32
(1,2): 3.0656889992402636e-25
(1,10): 4.0725965806906996e-24
(1,17): 2.1904349060002252e-29
(1,18): 1.217225195745731e-25
(2,1): 3.081776091769016e-25
(2,7): 6.3436675678236484e-24
(2,10): 5.777936758505305e-24
(2,17): 3.1076585906248156e-29
(2,18): 1.7269269620555258e-25
(3,23): 6.149083034865126e-23
(4,0): 1.1381196724694862e-26
(4,5): 5.426913870242651e-25
(4,6): 4.729397831642735e-24
(4,7): 3.0097565916926045e-24
(4,8): 4.089753516518351e-24
(4,11): 4.47024598022496e-24
(4,13): 2.674646704217682e-24
(4,14): 4.855109127776945e-24
(4,15): 1.352965379175629e-24
(4,16): 1.383401179805987e-26
(4,25): 9.305771167643631e-26
(5,0): 2.139280611766565e-26
(5,4): 5.428611893341139e-25
(5,6): 8.889704306510886e-24
(5,13): 5.027451175310127e-24
(5,14): 9.125999702060788e-24
(5,15): 2.5431274196687822e-24
(5,22): 1.0510569708720352e-24
(5,25): 1.7491707441709788e-25
(6,0): 1.9538511830894678e-25
(6,4): 4.958049559451498e-24
(6,5): 9.316579030431321e-24
(6,11): 7.674231999139601e-23
(6,13): 4.5916624020467845e-23
(6,14): 8.334941503674373e-23
(6,15): 2.3226756643115202e-23
(6,21): 8.115443165607161e-23
(7,2): 5.181818238256943e-24
(7,4): 3.1176763134009124e-24
(7,8): 4.414882775263463e-23
(7,9): 4.771350716759837e-23
(7,10): 2.959266851074427e-23
(7,11): 4.825642648612044e-23
(7,12): 2.0993631837675647e-23
(7,16): 1.4933795141651547e-25
(7,19): 4.20952965985995e-23
(7,20): 4.932226592149541e-23
(8,4): 4.2755081715925534e-24
(8,7): 4.4556747726724415e-23
(8,9): 6.54334246243138e-23
(8,11): 6.617771804383345e-23
(8,12): 2.879028337416415e-23
(8,13): 3.959558887201499e-23
(9,7): 4.8270045380788173e-23
(9,8): 6.5590622514619e-23
(9,11): 7.169288444594873e-23
(9,12): 3.1189629060942826e-23
(9,16): 2.218670309857964e-25
(9,23): 7.204929811381483e-23
(10,1): 3.3085232628335424e-24
(10,2): 4.722330821223313e-24
(10,7): 2.9609382895604095e-23
(10,19): 3.836272549489938e-23
(10,25): 9.154760387373788e-25
(11,4): 4.684741599089532e-24
(11,6): 7.671597203716163e-23
(11,7): 4.8821339246680067e-23
(11,8): 6.63402423229707e-23
(11,9): 7.169616610731445e-23
(11,12): 3.154596699816202e-23
(11,13): 4.3385513318968295e-23
(11,16): 2.244018629414011e-25
(11,25): 1.5094916530276479e-24
(12,7): 2.1470670226559086e-23
(12,8): 2.9175140210828895e-23
(12,9): 3.1530565277848484e-23
(12,11): 3.188934237298662e-23
(12,16): 9.86875407860625e-26
(13,4): 2.773141115830409e-24
(13,5): 5.210957971234902e-24
(13,6): 4.541216324879711e-23
(13,8): 3.927007330808459e-23
(13,11): 4.292358792730708e-23
(13,14): 4.661907625757457e-23
(13,15): 1.2991261154323606e-23
(13,16): 1.3283454987098436e-25
(13,20): 4.387182082348808e-23
(14,4): 5.0909063576652e-24
(14,5): 9.566228263384804e-24
(14,6): 8.33665743391541e-23
(14,13): 4.714665696465552e-23
(14,15): 2.3849145809229234e-23
(14,24): 8.558252879813061e-23
(15,4): 1.4400482275410422e-24
(15,5): 2.7059678348138033e-24
(15,6): 2.3581638343103357e-23
(15,13): 1.3336274204387447e-23
(15,14): 2.4208547682204306e-23
(16,4): 1.2734185621786228e-26
(16,7): 1.3270743233167898e-25
(16,9): 1.948863610016208e-25
(16,11): 1.9710389831000364e-25
(16,12): 8.574906330098336e-26
(16,13): 1.1793116778241941e-25
(17,0): 1.4332959841945574e-32
(17,1): 1.1307525908017415e-29
(17,2): 1.613942985554702e-29
(17,22): 8.543510997369614e-30
(18,1): 8.78103383573984e-26
(18,2): 1.2533371525749695e-25
(19,7): 4.2424649181972894e-23
(19,10): 3.864119654988602e-23
(20,7): 4.990556545203393e-23
(20,13): 4.434868092980694e-23
(20,23): 7.449024201384761e-23
(21,6): 8.115659629039554e-23
(21,22): 9.59535695231009e-24
(22,5): 1.093601915820028e-24
(22,17): 2.236263161343304e-29
(22,21): 9.526098120275306e-24
(23,3): 6.158097506201268e-23
(23,9): 7.2286057359577e-23
(23,20): 7.47241929147872e-23
(24,14): 8.558252879813061e-23
(25,4): 8.758754061845586e-26
(25,5): 1.6458411822030224e-25
(25,10): 8.31378338644935e-25
(25,11): 1.355708642973535e-24
