Interaction name: 5drq

Affinity: 10.920000076293945
Predicted value: 8.723204612731934

Attributions for edges: 

(0,1): 0.4793071746826172
(0,3): 0.4568299651145935
(0,4): 0.5035045146942139
(0,5): 0.41796284914016724
(0,13): 0.43611058592796326
(0,18): 0.5221171379089355
(0,27): 0.47783416509628296
(1,0): 0.4849589169025421
(1,3): 0.49859076738357544
(1,27): 0.43732020258903503
(2,5): 0.5267177224159241
(2,7): 0.5163602828979492
(2,8): 0.4750322103500366
(2,9): 0.5072678327560425
(2,15): 0.4409298300743103
(2,19): 0.5535779595375061
(3,0): 0.5006541609764099
(3,1): 0.4511725604534149
(3,4): 0.5476446151733398
(3,5): 0.5017240643501282
(3,18): 0.4739609360694885
(4,0): 0.5751211643218994
(4,3): 0.48560968041419983
(5,0): 0.535211443901062
(5,2): 0.520648717880249
(5,3): 0.5442666411399841
(5,7): 0.526519238948822
(5,8): 0.5825027823448181
(5,9): 0.4139023721218109
(5,13): 0.5071734189987183
(5,15): 0.4901620149612427
(5,18): 0.4738505184650421
(5,19): 0.49116575717926025
(5,27): 0.42521932721138
(6,12): 0.54824298620224
(6,23): 0.5448601841926575
(6,24): 0.5272961854934692
(6,25): 0.40264344215393066
(6,26): 0.4992593824863434
(7,2): 0.5115783214569092
(7,5): 0.5623548030853271
(7,13): 0.5213319659233093
(7,18): 0.408601313829422
(8,2): 0.46690407395362854
(8,5): 0.5115323066711426
(8,13): 0.3822753131389618
(8,18): 0.4273727238178253
(9,2): 0.4456067681312561
(9,5): 0.532526433467865
(9,10): 0.540690004825592
(9,14): 0.4583587050437927
(9,15): 0.47009140253067017
(9,19): 0.4977852404117584
(9,20): 0.5752801299095154
(9,21): 0.5597441792488098
(9,35): 0.5096008777618408
(9,37): 0.5688814520835876
(9,41): 0.47200217843055725
(10,9): 0.5325181484222412
(10,14): 0.5390931367874146
(10,15): 0.4940989315509796
(10,16): 0.4574982225894928
(10,19): 0.4813960790634155
(10,20): 0.5109553337097168
(10,21): 0.44125431776046753
(10,29): 0.38568753004074097
(10,36): 0.47587475180625916
(10,41): 0.5091785788536072
(11,16): 0.5026609301567078
(11,17): 0.5314082503318787
(11,20): 0.4144614338874817
(11,22): 0.5054375529289246
(11,23): 0.5490933060646057
(11,25): 0.5976671576499939
(11,29): 0.49660682678222656
(11,30): 0.44282010197639465
(11,32): 0.36041203141212463
(11,38): 0.46407753229141235
(12,6): 0.39460575580596924
(12,17): 0.5274107456207275
(12,22): 0.517378568649292
(12,23): 0.44339215755462646
(12,24): 0.4802573025226593
(12,25): 0.5737574100494385
(12,26): 0.46046093106269836
(13,0): 0.5057277679443359
(13,5): 0.5379871129989624
(13,7): 0.4003339409828186
(13,8): 0.5164479613304138
(13,18): 0.4951998293399811
(13,31): 0.4915465712547302
(13,32): 0.4331701993942261
(13,36): 0.5661596655845642
(13,41): 0.3927449584007263
(14,9): 0.549453616142273
(14,10): 0.4133487939834595
(14,15): 0.5539670586585999
(14,16): 0.5533307194709778
(14,19): 0.5523137450218201
(14,20): 0.5430837273597717
(14,21): 0.580013632774353
(14,32): 0.43500253558158875
(14,34): 0.4984498620033264
(15,2): 0.4542097747325897
(15,5): 0.5280182957649231
(15,9): 0.4698132574558258
(15,10): 0.4737151265144348
(15,14): 0.5421856045722961
(15,19): 0.5924767255783081
(15,20): 0.45413878560066223
(15,21): 0.5727158784866333
(15,33): 0.47497934103012085
(15,40): 0.541202187538147
(16,10): 0.3985005021095276
(16,11): 0.5066404938697815
(16,14): 0.5129185914993286
(16,17): 0.4731147885322571
(16,20): 0.5047094225883484
(16,21): 0.4767203629016876
(16,34): 0.5186073780059814
(16,36): 0.48421570658683777
(17,11): 0.5345212817192078
(17,12): 0.5465696454048157
(17,16): 0.5395563840866089
(17,20): 0.6365580558776855
(17,22): 0.6392691731452942
(17,23): 0.572260856628418
(17,25): 0.4332045316696167
(17,26): 0.5048842430114746
(17,40): 0.4258623719215393
(18,0): 0.468688428401947
(18,3): 0.5206485390663147
(18,5): 0.5002791881561279
(18,7): 0.4842090606689453
(18,8): 0.5207734107971191
(18,13): 0.36162930727005005
(18,31): 0.4842778146266937
(18,33): 0.45791175961494446
(18,36): 0.40943995118141174
(18,41): 0.4121950566768646
(19,2): 0.46069929003715515
(19,5): 0.48763611912727356
(19,9): 0.5800884366035461
(19,10): 0.5696147084236145
(19,14): 0.5588145852088928
(19,15): 0.4008050262928009
(19,21): 0.4965561330318451
(20,9): 0.5547395944595337
(20,10): 0.5944825410842896
(20,11): 0.5044419169425964
(20,14): 0.5121743679046631
(20,15): 0.5117265582084656
(20,16): 0.4929110109806061
(20,17): 0.5211337208747864
(20,21): 0.4800933599472046
(20,29): 0.5110700726509094
(20,30): 0.5318801999092102
(20,32): 0.4833398759365082
(20,37): 0.45131900906562805
(21,9): 0.6003991365432739
(21,10): 0.3856353163719177
(21,14): 0.5019543170928955
(21,15): 0.42471393942832947
(21,16): 0.5309024453163147
(21,19): 0.5706693530082703
(21,20): 0.48907315731048584
(22,11): 0.6088993549346924
(22,12): 0.5053999423980713
(22,17): 0.5488291382789612
(22,23): 0.6396274566650391
(22,24): 0.5278096199035645
(22,25): 0.5762773156166077
(22,26): 0.6286095380783081
(22,30): 0.46111348271369934
(22,38): 0.42817115783691406
(23,6): 0.4961388111114502
(23,11): 0.5964117646217346
(23,12): 0.514682948589325
(23,17): 0.4733206033706665
(23,22): 0.45830512046813965
(23,24): 0.582822859287262
(23,25): 0.6068491339683533
(23,26): 0.409908264875412
(23,38): 0.4239988923072815
(23,39): 0.4256368577480316
(24,6): 0.43683895468711853
(24,12): 0.5539164543151855
(24,22): 0.4688709080219269
(24,23): 0.5520846247673035
(24,25): 0.42810842394828796
(24,26): 0.5825243592262268
(25,6): 0.409018337726593
(25,11): 0.6024888157844543
(25,12): 0.5828871726989746
(25,17): 0.565504789352417
(25,22): 0.5296404361724854
(25,23): 0.5404651761054993
(25,24): 0.5284357666969299
(25,26): 0.6382566094398499
(25,32): 0.4717063009738922
(25,38): 0.5009634494781494
(25,40): 0.5345147252082825
(26,6): 0.5057119131088257
(26,12): 0.4634951055049896
(26,17): 0.42691054940223694
(26,22): 0.6157199740409851
(26,23): 0.5700758695602417
(26,24): 0.5047180652618408
(26,25): 0.5784404277801514
(26,40): 0.4209635555744171
(27,0): 0.5533345937728882
(27,1): 0.5271784663200378
(27,5): 0.476542592048645
(27,35): 0.5188812613487244
(28,35): 0.4755759537220001
(29,10): 0.559712290763855
(29,11): 0.4948846101760864
(29,20): 0.46636685729026794
(30,11): 0.5339488983154297
(30,20): 0.45388489961624146
(30,22): 0.5101816058158875
(30,41): 0.6304949522018433
(31,13): 0.34548014402389526
(31,18): 0.47948789596557617
(32,11): 0.5136771202087402
(32,13): 0.5090633034706116
(32,14): 0.46816936135292053
(32,20): 0.5133374333381653
(32,25): 0.5188471078872681
(33,15): 0.47313395142555237
(33,18): 0.5349458456039429
(33,36): 0.3573017418384552
(34,14): 0.5102425813674927
(34,16): 0.5368584990501404
(34,37): 0.4299246370792389
(34,38): 0.5860441327095032
(35,9): 0.5359131693840027
(35,27): 0.48117712140083313
(35,28): 0.5206354260444641
(36,10): 0.4909060299396515
(36,13): 0.4621942639350891
(36,16): 0.6145679354667664
(36,18): 0.5613214373588562
(36,33): 0.5006456971168518
(37,9): 0.4858502149581909
(37,20): 0.5244377851486206
(37,34): 0.4149312973022461
(37,38): 0.4774610698223114
(38,11): 0.6114301085472107
(38,22): 0.5900353193283081
(38,23): 0.5695739984512329
(38,25): 0.45461052656173706
(38,34): 0.4370673894882202
(38,37): 0.368089884519577
(39,23): 0.6590505838394165
(40,15): 0.40230894088745117
(40,17): 0.6111230850219727
(40,25): 0.5095404982566833
(40,26): 0.5118168592453003
(41,9): 0.5152463912963867
(41,10): 0.5116702318191528
(41,13): 0.4310133755207062
(41,18): 0.4465331733226776
(41,30): 0.5316053628921509
