Interaction name: 5cks

Affinity: 5.510000228881836
Predicted value: 6.367372512817383

Shapley values for edges: 

(0,1): -0.0018076038360595704
(0,2): -0.003144330978393555
(0,3): 0.006687350273132324
(0,4): -0.0011857271194458008
(0,11): -0.01294029712677002
(0,12): -9.659767150878907e-05
(0,15): -0.011170082092285157
(0,16): -0.010610995292663574
(0,21): 0.001324610710144043
(0,23): 0.0050028800964355465
(0,25): -0.0015348005294799805
(0,26): -0.00010349750518798829
(0,27): -0.0013112306594848632
(0,29): -0.0013419437408447267
(1,0): -0.0026938295364379882
(1,2): -0.009390988349914552
(1,4): 0.0018383455276489258
(1,12): 0.002503266334533691
(1,16): -0.017903146743774415
(1,21): 0.0018756437301635743
(1,23): 0.012264423370361328
(1,25): -0.0016560554504394531
(1,26): -0.0017354011535644532
(1,27): -0.0005945396423339843
(1,29): -0.0018245601654052735
(1,35): 0.002280364036560059
(2,0): -0.002088475227355957
(2,1): -0.0034844112396240235
(2,15): -0.010436959266662597
(2,21): 0.003693976402282715
(2,25): 0.0001797628402709961
(2,26): 0.0001104116439819336
(2,27): -0.0006705045700073243
(2,28): -0.005692787170410156
(2,29): -0.0012798595428466797
(2,35): 0.0007092428207397461
(3,0): -0.004290390014648438
(3,21): 0.00632023811340332
(3,23): 0.0057635164260864255
(3,27): -0.0013698768615722657
(4,0): -0.0008607292175292968
(4,1): -0.0014551019668579102
(4,5): 0.0028156805038452148
(4,6): -0.00010671138763427734
(4,13): 0.0010201454162597657
(4,14): -0.0005828428268432617
(4,15): -0.007446837425231933
(4,21): 0.0011146879196166993
(4,22): 0.005452327728271485
(4,23): 0.005473074913024903
(4,24): 0.009250741004943847
(4,25): -0.00318880558013916
(4,26): -0.0006951618194580078
(4,29): -0.0002272796630859375
(4,33): -0.027682418823242187
(5,4): -0.004539523124694824
(5,6): 9.808540344238281e-05
(5,12): -0.002358698844909668
(5,14): 0.0036711645126342772
(5,20): -0.002874174118041992
(5,21): -0.0013456153869628906
(5,22): 0.0025237703323364256
(5,23): 0.004024920463562012
(5,24): 0.005454392433166504
(5,25): -0.003975930213928222
(5,26): -0.0004820537567138672
(5,27): -0.001679835319519043
(5,34): -0.03188180446624756
(6,4): -0.0008890771865844726
(6,5): 0.0017208623886108398
(6,7): -0.00441861629486084
(6,12): -0.0018753433227539063
(6,13): -0.00198028564453125
(6,20): 0.0008684921264648437
(6,22): 0.005718903541564941
(6,23): 0.004336967468261719
(6,24): 0.004179706573486328
(6,26): 0.00017229557037353515
(6,30): -0.00121246337890625
(6,33): -0.033428683280944824
(7,6): -0.002001314163208008
(7,8): -0.008656811714172364
(7,9): -0.006003928184509277
(7,10): -0.011346511840820313
(7,14): -0.002533750534057617
(7,17): -0.01740588665008545
(7,18): -0.016539120674133302
(7,19): -0.014877920150756835
(7,20): 0.0005298233032226562
(7,22): -0.003418793678283691
(7,24): 0.0014328241348266601
(7,26): -0.002430272102355957
(7,27): -0.0015389633178710938
(7,30): -0.0029390478134155274
(7,31): -0.0006795883178710938
(8,7): -0.013539557456970214
(8,9): -0.01157689094543457
(8,10): -0.011557426452636719
(8,18): -0.016148433685302735
(8,19): -0.015167279243469238
(8,20): -0.0029702377319335937
(8,29): -0.0023067426681518555
(8,30): -0.0030866575241088865
(8,31): -0.0037721443176269532
(8,32): -0.002791433334350586
(8,38): 0.004098057746887207
(9,7): -0.010453896522521973
(9,8): -0.01195953369140625
(9,10): -0.010492725372314453
(9,17): -0.014815073013305664
(9,19): -0.025403962135314942
(9,20): -0.005524196624755859
(9,26): -0.001669769287109375
(9,27): -0.0021443414688110353
(9,29): -0.0025641918182373047
(9,30): -0.0011986398696899414
(9,31): -0.0011419153213500976
(9,32): -0.001679234504699707
(9,35): 0.008936114311218261
(9,38): 0.006299076080322266
(10,7): -0.007535953521728516
(10,8): -0.009330697059631347
(10,9): -0.012582073211669922
(10,17): -0.014337434768676757
(10,18): -0.017991232872009277
(10,20): -0.0021095752716064455
(10,29): -0.002113471031188965
(10,30): -0.001001148223876953
(10,31): -0.0014337968826293945
(10,32): -0.0015845727920532227
(10,38): 0.002209634780883789
(11,0): 0.009155535697937011
(11,21): 0.001212739944458008
(11,23): -0.003585214614868164
(12,0): 7.324695587158204e-05
(12,1): -0.0012343215942382812
(12,5): -0.0072822093963623045
(12,6): -0.003255219459533691
(12,13): -0.006299467086791992
(12,14): -0.0005767059326171875
(12,15): -0.0009830856323242187
(12,21): -0.00529932975769043
(12,22): -0.00799729824066162
(12,23): -0.009596381187438965
(12,24): -0.004248743057250977
(13,4): -0.005644922256469727
(13,6): -0.005663948059082031
(13,12): -0.0026978302001953126
(13,14): -0.008218321800231933
(13,20): -0.002774028778076172
(13,21): -0.0035814523696899416
(13,22): -0.007816543579101562
(13,23): -0.003155961036682129
(13,24): -0.005120248794555664
(14,4): -0.0029868841171264648
(14,5): -0.005513792037963867
(14,7): -0.003239288330078125
(14,12): -0.004817919731140137
(14,13): -0.006325116157531738
(14,20): -0.0030902767181396483
(14,22): -0.008642988204956055
(14,23): -0.003383827209472656
(14,24): -0.012991580963134765
(15,0): -0.020168704986572264
(15,2): -0.03078420639038086
(15,4): -0.01586972713470459
(15,12): -0.011040201187133789
(15,16): 0.004887890815734863
(15,21): -0.007559566497802734
(15,23): -0.010100522041320802
(16,0): -0.04081847667694092
(16,1): -0.012683467864990234
(16,15): 7.619380950927734e-05
(16,21): -0.004281697273254395
(17,7): -0.006137886047363281
(17,9): 0.0021054553985595703
(17,10): 0.0017097997665405274
(17,18): 0.00804183006286621
(17,19): 0.008548860549926757
(17,20): -0.005544638633728028
(18,7): 0.0006685829162597656
(18,8): 0.002941398620605469
(18,10): 0.0027672958374023436
(18,17): 0.003992462158203125
(18,19): 0.002790536880493164
(18,20): -0.006446366310119629
(19,7): 0.0034040355682373046
(19,8): 0.006870479583740235
(19,9): -0.0012206172943115235
(19,17): 0.004336137771606446
(19,18): 0.0018418788909912109
(19,20): -0.0071888256072998044
(20,5): -0.0026442289352416994
(20,6): -0.006710863113403321
(20,7): 0.010501804351806641
(20,8): 0.008899321556091308
(20,9): 0.010618891716003418
(20,10): 0.009510960578918457
(20,13): -0.002005329132080078
(20,14): -0.007779645919799805
(20,17): 0.02681288719177246
(20,18): 0.028732490539550782
(20,19): 0.01852064609527588
(20,22): 6.226062774658203e-05
(20,23): -0.004576907157897949
(20,24): -0.004101691246032715
(21,0): 0.0022878170013427733
(21,1): 0.003636617660522461
(21,2): 0.0036400890350341795
(21,3): -0.01760079860687256
(21,4): -0.0010215330123901367
(21,5): -0.00011858940124511718
(21,11): -0.030287508964538575
(21,12): 0.0019320058822631836
(21,13): 0.002353019714355469
(21,15): 0.003700308799743652
(21,16): 0.007021560668945313
(21,22): 0.005455679893493652
(21,23): 4.6429634094238283e-05
(21,24): -0.0018724870681762695
(21,39): 0.006156387329101562
(22,4): -0.0027320528030395507
(22,5): -0.00620593547821045
(22,6): -0.008788180351257325
(22,7): 0.009485807418823242
(22,12): -0.002379508018493652
(22,13): 0.002737245559692383
(22,14): -0.005730600357055664
(22,20): 0.004367389678955078
(22,21): -0.0003490400314331055
(22,23): 0.0010556125640869142
(22,24): -0.005172214508056641
(22,39): 0.003916363716125488
(23,0): 0.00431264877319336
(23,1): 0.006853184700012207
(23,3): -0.013610053062438964
(23,4): -0.004611940383911133
(23,5): -0.0020304155349731446
(23,6): -0.00620722770690918
(23,11): -0.032019033432006835
(23,12): -0.0006346273422241211
(23,13): -0.0014006614685058594
(23,14): -0.005363559722900391
(23,15): 0.009477853775024414
(23,20): 0.004324250221252442
(23,21): -0.00045106887817382814
(23,22): 0.00036720752716064455
(23,24): -0.0005648136138916016
(24,4): -0.0010032129287719726
(24,5): -0.00508120059967041
(24,6): -0.01708094120025635
(24,7): 0.006720256805419922
(24,12): -0.0022082805633544924
(24,13): 0.004120974540710449
(24,14): -0.004266533851623535
(24,20): 0.009456377029418945
(24,21): -8.591175079345703e-05
(24,22): 0.0006099748611450195
(24,23): -0.0014594364166259765
(25,0): 0.012350773811340332
(25,1): 0.0010689115524291993
(25,2): 0.0063260459899902345
(25,4): 0.004430413246154785
(25,5): 0.005705461502075195
(25,28): 0.0019211864471435547
(26,0): 0.0008828210830688477
(26,1): -0.0018297624588012695
(26,2): -0.004183778762817383
(26,4): 0.004723896980285644
(26,5): 0.005902843475341797
(26,6): 0.007972064018249512
(26,7): -4.424571990966797e-05
(26,9): -0.0017345428466796875
(26,27): -0.003217148780822754
(26,29): -0.0022127819061279297
(26,35): 0.013599867820739747
(26,36): -0.025126633644104005
(27,0): -0.002151756286621094
(27,1): 0.001946101188659668
(27,2): -0.0020634794235229494
(27,3): 0.00036154747009277345
(27,5): 0.0025065469741821288
(27,7): 0.00022283077239990234
(27,9): -0.0032884550094604494
(27,26): -7.563114166259766e-05
(27,35): 0.011149024963378907
(28,2): -0.006332745552062988
(28,25): -0.008131065368652345
(28,37): -0.032924036979675296
(29,0): 0.0008973741531372071
(29,1): 0.01093757152557373
(29,2): -0.0007922840118408203
(29,4): 0.02282536029815674
(29,8): 0.0004302597045898438
(29,9): 0.001880335807800293
(29,10): -0.00015510082244873046
(29,26): 0.005100922584533691
(30,6): 0.005363531112670898
(30,7): 0.011750473976135253
(30,8): -0.0016578054428100586
(30,9): 0.008137726783752441
(30,10): 0.00029666900634765623
(31,7): 0.00524317741394043
(31,8): -0.006995925903320313
(31,9): -0.0031619739532470705
(31,10): -0.0032283639907836914
(31,32): -0.002364983558654785
(31,38): 0.0066029071807861325
(32,8): -0.0013258504867553712
(32,9): -0.0002733469009399414
(32,10): -0.0008929491043090821
(32,31): -0.004266633987426758
(32,38): 0.011969680786132813
(33,4): 0.012967700958251954
(33,6): 0.014760651588439942
(34,5): 0.006282272338867187
(34,39): -0.007281222343444824
(35,1): -0.0046708440780639645
(35,2): -0.007784242630004883
(35,9): -0.0012890815734863282
(35,26): -0.011259655952453613
(35,27): -0.017670302391052245
(36,26): -0.003231377601623535
(37,28): -0.03156986713409424
(38,8): 0.001847224235534668
(38,9): -0.0063584232330322265
(38,10): 0.0003003358840942383
(38,31): -0.04561417579650879
(38,32): -0.01678606986999512
(39,21): 0.004507617950439453
(39,22): 0.009661974906921387
(39,34): -0.07054771423339844
