Interaction name: 6dm8

Affinity: 7.28000020980835
Predicted value: 6.861929893493652

Attributions for edges: 

(0,9): 0.5127466320991516
(0,16): 0.5865618586540222
(0,24): 0.5137476325035095
(0,27): 0.428468257188797
(0,29): 0.4894242286682129
(0,30): 0.5798348188400269
(0,31): 0.5819668173789978
(0,35): 0.4688473343849182
(0,39): 0.4088318347930908
(1,20): 0.5410929918289185
(1,21): 0.44406837224960327
(1,27): 0.4847315847873688
(1,38): 0.46756821870803833
(1,39): 0.4918682277202606
(2,11): 0.49096596240997314
(2,12): 0.4325738847255707
(2,13): 0.4083805978298187
(3,4): 0.4989059269428253
(3,6): 0.5654270648956299
(3,18): 0.47247347235679626
(3,19): 0.4558396339416504
(3,20): 0.5371533632278442
(3,40): 0.5094987154006958
(4,3): 0.4051215946674347
(4,5): 0.42340266704559326
(4,18): 0.4678059220314026
(4,19): 0.5509223937988281
(4,20): 0.4072812795639038
(4,40): 0.41936245560646057
(5,4): 0.4454514980316162
(5,6): 0.41044461727142334
(5,18): 0.4871056377887726
(5,19): 0.4748615026473999
(5,20): 0.4919933080673218
(6,3): 0.6035796403884888
(6,5): 0.4214850664138794
(6,18): 0.5706813931465149
(6,19): 0.4697436988353729
(6,20): 0.5360997319221497
(7,10): 0.46663594245910645
(7,25): 0.44768714904785156
(7,34): 0.5531787872314453
(7,57): 0.5885370373725891
(8,25): 0.45538726449012756
(8,26): 0.49976110458374023
(8,32): 0.4979155957698822
(8,33): 0.5261173248291016
(8,37): 0.44183337688446045
(8,41): 0.47014307975769043
(8,42): 0.4635220170021057
(8,43): 0.4121405780315399
(8,58): 0.5706550478935242
(9,0): 0.4505065083503723
(9,24): 0.5410796403884888
(9,26): 0.5801085829734802
(9,27): 0.4467763900756836
(9,31): 0.42525383830070496
(9,34): 0.5472859144210815
(9,41): 0.46525266766548157
(9,60): 0.4738503694534302
(10,7): 0.5120643973350525
(10,12): 0.5029640197753906
(10,25): 0.5362994074821472
(10,41): 0.555015504360199
(10,42): 0.5520504117012024
(10,44): 0.5606260895729065
(10,45): 0.5843090415000916
(10,53): 0.47765877842903137
(10,61): 0.5910159349441528
(11,2): 0.4366051256656647
(11,12): 0.47399553656578064
(11,42): 0.5416291356086731
(12,2): 0.44376182556152344
(12,10): 0.5148903131484985
(12,11): 0.5682359337806702
(12,25): 0.49848493933677673
(12,32): 0.5359160304069519
(12,37): 0.5576032400131226
(12,41): 0.5307055115699768
(12,42): 0.5217516422271729
(12,44): 0.4916868209838867
(12,45): 0.46278348565101624
(13,2): 0.4742279648780823
(13,32): 0.5335674285888672
(13,37): 0.47024792432785034
(13,41): 0.5509747862815857
(13,44): 0.5875859260559082
(13,58): 0.5691547989845276
(14,15): 0.5567905902862549
(14,17): 0.5261806845664978
(14,28): 0.5516079068183899
(14,29): 0.4867554306983948
(14,35): 0.5367916226387024
(14,36): 0.5016772150993347
(14,46): 0.4335990846157074
(14,47): 0.46853920817375183
(14,48): 0.5116924047470093
(15,14): 0.4136095345020294
(15,16): 0.568369448184967
(15,28): 0.4728809893131256
(15,29): 0.37038663029670715
(15,31): 0.4958982467651367
(15,35): 0.5581263899803162
(15,36): 0.538317859172821
(15,49): 0.5188459157943726
(15,50): 0.4692760705947876
(16,0): 0.519936203956604
(16,15): 0.5867516994476318
(16,24): 0.44655323028564453
(16,28): 0.5772420167922974
(16,29): 0.40941810607910156
(16,30): 0.5401251316070557
(16,31): 0.5547802448272705
(16,35): 0.6219449639320374
(16,36): 0.48210257291793823
(16,44): 0.5229920744895935
(16,49): 0.46899816393852234
(16,57): 0.4779042899608612
(16,62): 0.45270785689353943
(17,14): 0.38407936692237854
(17,28): 0.49457934498786926
(17,29): 0.5112801194190979
(17,30): 0.5828066468238831
(17,31): 0.45070791244506836
(17,35): 0.44596627354621887
(17,36): 0.4025735855102539
(17,51): 0.5619334578514099
(17,52): 0.4703158438205719
(17,58): 0.6101770401000977
(18,3): 0.43438735604286194
(18,4): 0.5193719863891602
(18,5): 0.4914661645889282
(18,6): 0.46339479088783264
(18,19): 0.4475496709346771
(18,20): 0.4594910442829132
(18,21): 0.4942775070667267
(18,22): 0.38246381282806396
(18,23): 0.5134111642837524
(18,53): 0.4043697416782379
(18,56): 0.5477796196937561
(18,61): 0.350767582654953
(19,3): 0.5121773481369019
(19,4): 0.5444130301475525
(19,5): 0.5223290920257568
(19,6): 0.46500569581985474
(19,18): 0.4973295032978058
(19,20): 0.4978492259979248
(19,21): 0.43345907330513
(19,22): 0.47353553771972656
(20,1): 0.46264612674713135
(20,3): 0.42857274413108826
(20,4): 0.4262825548648834
(20,5): 0.47829556465148926
(20,6): 0.4466293156147003
(20,18): 0.5234885811805725
(20,19): 0.5261887311935425
(20,21): 0.5935952663421631
(20,22): 0.47098371386528015
(20,42): 0.4547383785247803
(20,44): 0.4669051170349121
(20,45): 0.5321254134178162
(20,57): 0.5515438318252563
(20,61): 0.4890305995941162
(21,1): 0.44065535068511963
(21,18): 0.5318421721458435
(21,19): 0.5309978723526001
(21,20): 0.3837953805923462
(21,22): 0.4648476839065552
(21,23): 0.521121084690094
(21,45): 0.5405259132385254
(22,18): 0.46843278408050537
(22,19): 0.5360555052757263
(22,20): 0.43600863218307495
(22,21): 0.600700318813324
(22,23): 0.4530670940876007
(22,55): 0.5114488005638123
(23,18): 0.5527499914169312
(23,21): 0.522886335849762
(23,22): 0.41269153356552124
(23,54): 0.48245325684547424
(23,55): 0.467160165309906
(23,56): 0.41706952452659607
(23,57): 0.4897214472293854
(24,0): 0.5103822946548462
(24,9): 0.5617061257362366
(24,16): 0.5093792080879211
(24,26): 0.532233476638794
(24,27): 0.5229945778846741
(24,30): 0.493154376745224
(24,31): 0.5584919452667236
(24,34): 0.5092116594314575
(24,41): 0.5664981603622437
(24,50): 0.47659632563591003
(24,57): 0.46444594860076904
(25,7): 0.4593130648136139
(25,8): 0.5781083106994629
(25,10): 0.5386852622032166
(25,12): 0.5586102604866028
(25,26): 0.5511587262153625
(25,27): 0.4890980124473572
(25,32): 0.36021915078163147
(25,33): 0.38873207569122314
(25,34): 0.5664748549461365
(25,37): 0.4430740773677826
(25,44): 0.4735804498195648
(26,8): 0.49396416544914246
(26,9): 0.5231037735939026
(26,24): 0.5558558702468872
(26,25): 0.48198628425598145
(26,27): 0.47096002101898193
(26,32): 0.5017868280410767
(26,33): 0.5363843441009521
(26,34): 0.5082690715789795
(26,37): 0.47218167781829834
(26,42): 0.4877913296222687
(26,59): 0.4693168103694916
(27,0): 0.4895433485507965
(27,1): 0.4852842390537262
(27,9): 0.5247780680656433
(27,24): 0.5375227928161621
(27,25): 0.5267454385757446
(27,26): 0.481855571269989
(27,34): 0.5030356645584106
(27,44): 0.47447437047958374
(28,14): 0.5483152866363525
(28,15): 0.5220988988876343
(28,16): 0.47563299536705017
(28,17): 0.6370157599449158
(28,29): 0.5540376901626587
(28,30): 0.5529683828353882
(28,31): 0.5572901368141174
(28,35): 0.5471371412277222
(29,0): 0.4991823732852936
(29,14): 0.43167808651924133
(29,15): 0.5312318801879883
(29,16): 0.45893919467926025
(29,17): 0.5639326572418213
(29,28): 0.5555874705314636
(29,30): 0.4301794767379761
(29,31): 0.5924486517906189
(29,35): 0.48646003007888794
(29,36): 0.5200912356376648
(29,48): 0.49583664536476135
(30,0): 0.5519877672195435
(30,16): 0.5365577936172485
(30,17): 0.4958687722682953
(30,24): 0.546471118927002
(30,28): 0.5915008187294006
(30,29): 0.502627432346344
(30,31): 0.57825767993927
(30,35): 0.5150526762008667
(30,36): 0.5406755208969116
(30,52): 0.45255663990974426
(30,58): 0.5421537756919861
(30,60): 0.48645132780075073
(31,0): 0.47045332193374634
(31,9): 0.5234002470970154
(31,15): 0.5248363614082336
(31,16): 0.47125640511512756
(31,17): 0.5297172665596008
(31,24): 0.5352157950401306
(31,28): 0.5170416831970215
(31,29): 0.48252221941947937
(31,30): 0.4474136233329773
(31,35): 0.5961503386497498
(31,36): 0.47483280301094055
(31,62): 0.4644467234611511
(32,8): 0.40393683314323425
(32,12): 0.5529595613479614
(32,13): 0.48761066794395447
(32,25): 0.46668189764022827
(32,26): 0.4939534664154053
(32,33): 0.5632826685905457
(32,34): 0.46926188468933105
(32,42): 0.44284671545028687
(32,58): 0.4803328514099121
(33,8): 0.4964759647846222
(33,25): 0.5901641249656677
(33,26): 0.5082605481147766
(33,32): 0.5396546125411987
(33,34): 0.6126719117164612
(33,37): 0.48879820108413696
(33,57): 0.4890430271625519
(33,59): 0.47059905529022217
(34,7): 0.4572180509567261
(34,9): 0.5634682774543762
(34,24): 0.4830437898635864
(34,25): 0.43897581100463867
(34,26): 0.45437926054000854
(34,27): 0.5514065623283386
(34,32): 0.4550481140613556
(34,33): 0.5348673462867737
(34,37): 0.6151750087738037
(34,44): 0.5774409174919128
(35,0): 0.5596715807914734
(35,14): 0.5134943127632141
(35,15): 0.576008141040802
(35,16): 0.5143257975578308
(35,17): 0.5653917789459229
(35,28): 0.5771106481552124
(35,29): 0.5029392838478088
(35,30): 0.49118277430534363
(35,31): 0.49281516671180725
(35,36): 0.4893300235271454
(36,14): 0.5208564400672913
(36,15): 0.4962097108364105
(36,16): 0.5484349131584167
(36,17): 0.5127175450325012
(36,29): 0.5685781836509705
(36,30): 0.6148779988288879
(36,31): 0.48527032136917114
(36,35): 0.5774253606796265
(37,8): 0.4632189869880676
(37,12): 0.5255173444747925
(37,13): 0.5208580493927002
(37,25): 0.5230363011360168
(37,26): 0.5035958290100098
(37,33): 0.4896618127822876
(37,34): 0.5034699440002441
(38,1): 0.5059659481048584
(38,39): 0.40526774525642395
(38,61): 0.5203196406364441
(39,0): 0.4997728765010834
(39,1): 0.451400488615036
(39,38): 0.42264559864997864
(39,55): 0.4869716167449951
(39,61): 0.5044966340065002
(40,3): 0.5440531969070435
(40,4): 0.4635995626449585
(40,53): 0.5381581783294678
(40,54): 0.5028365254402161
(41,8): 0.5717430710792542
(41,9): 0.4317333400249481
(41,10): 0.5430505871772766
(41,12): 0.4891858696937561
(41,13): 0.49636605381965637
(41,24): 0.4752131998538971
(41,57): 0.4991122782230377
(42,8): 0.4471488893032074
(42,10): 0.5085222125053406
(42,11): 0.4572083353996277
(42,12): 0.5046287178993225
(42,20): 0.49801722168922424
(42,26): 0.44587090611457825
(42,32): 0.5350579023361206
(43,8): 0.5545989274978638
(43,59): 0.4686640202999115
(44,10): 0.4590091109275818
(44,12): 0.5137653946876526
(44,13): 0.5345025658607483
(44,16): 0.4938944876194
(44,20): 0.3878076374530792
(44,25): 0.5073257684707642
(44,27): 0.48184892535209656
(44,34): 0.5495718717575073
(45,10): 0.4865972697734833
(45,12): 0.48171454668045044
(45,20): 0.552287220954895
(45,21): 0.5846602916717529
(46,14): 0.4932180941104889
(46,51): 0.5121992826461792
(47,14): 0.3578265309333801
(47,60): 0.6074767708778381
(47,62): 0.6067834496498108
(48,14): 0.45437222719192505
(48,29): 0.47559335827827454
(49,15): 0.5413953065872192
(49,16): 0.5040947198867798
(49,59): 0.4917987883090973
(50,15): 0.5354306101799011
(50,24): 0.542277455329895
(51,17): 0.5330097079277039
(51,46): 0.413553923368454
(52,17): 0.5067495703697205
(52,30): 0.48169639706611633
(53,10): 0.5053254961967468
(53,18): 0.5805244445800781
(53,40): 0.48129963874816895
(53,54): 0.45234110951423645
(54,23): 0.5396041870117188
(54,40): 0.4714271128177643
(54,53): 0.5032858848571777
(54,56): 0.4553757607936859
(55,22): 0.43006429076194763
(55,23): 0.5214307308197021
(55,39): 0.5489340424537659
(55,61): 0.41056421399116516
(56,18): 0.47352227568626404
(56,23): 0.44158032536506653
(56,54): 0.46188849210739136
(57,7): 0.613480269908905
(57,16): 0.582658588886261
(57,20): 0.5716862678527832
(57,23): 0.5410945415496826
(57,24): 0.41005000472068787
(57,33): 0.510794997215271
(57,41): 0.4653124511241913
(58,8): 0.6369139552116394
(58,13): 0.5424343347549438
(58,17): 0.5271128416061401
(58,30): 0.4932664632797241
(58,32): 0.5119454264640808
(59,26): 0.48830583691596985
(59,33): 0.46028652787208557
(59,43): 0.48729240894317627
(59,49): 0.42550188302993774
(60,9): 0.4957623779773712
(60,30): 0.50696861743927
(60,47): 0.489328533411026
(60,62): 0.5433754920959473
(61,10): 0.5126684904098511
(61,18): 0.45949676632881165
(61,20): 0.4982213079929352
(61,38): 0.5106974244117737
(61,39): 0.5164121985435486
(61,55): 0.4685584604740143
(62,16): 0.607914924621582
(62,31): 0.5171293616294861
(62,47): 0.6230019927024841
(62,60): 0.5360088348388672
