Interaction name: 5jo0

Affinity: 7.300000190734863
Predicted value: 7.028172969818115

Attributions for edges: 

(0,1): 0.4365680515766144
(0,2): 0.37579527497291565
(0,7): 0.4261690676212311
(0,8): 0.38566821813583374
(0,9): 0.45131364464759827
(0,10): 0.5256116986274719
(0,20): 0.5100284814834595
(0,23): 0.4768141210079193
(0,24): 0.504753828048706
(0,25): 0.5911642909049988
(0,26): 0.46102288365364075
(0,27): 0.4012782573699951
(1,0): 0.47694554924964905
(1,2): 0.4606282413005829
(1,6): 0.5443050861358643
(1,8): 0.5009152889251709
(1,9): 0.44193804264068604
(1,20): 0.47981348633766174
(1,23): 0.4267728924751282
(1,24): 0.42432069778442383
(1,25): 0.45981109142303467
(1,26): 0.5563358664512634
(1,27): 0.5044075846672058
(1,29): 0.4242469072341919
(2,0): 0.4808177053928375
(2,1): 0.5405327677726746
(2,6): 0.4815088212490082
(2,7): 0.4485531747341156
(2,9): 0.506860613822937
(2,20): 0.5481210947036743
(2,24): 0.3711909353733063
(2,25): 0.5233293771743774
(2,26): 0.5399998426437378
(2,27): 0.4614499509334564
(2,29): 0.45418164134025574
(3,4): 0.5029312968254089
(3,19): 0.5307879447937012
(3,23): 0.46079227328300476
(3,25): 0.5028218626976013
(3,28): 0.4007352888584137
(3,29): 0.4130195081233978
(3,30): 0.5134165287017822
(4,3): 0.4628874659538269
(4,5): 0.47454705834388733
(4,19): 0.41961905360221863
(4,20): 0.441277414560318
(4,23): 0.5035263299942017
(4,24): 0.47309231758117676
(4,25): 0.5133758783340454
(4,27): 0.5169868469238281
(4,28): 0.4520094692707062
(4,29): 0.5560961365699768
(5,4): 0.5426180362701416
(5,19): 0.4431222081184387
(6,1): 0.44518569111824036
(6,2): 0.4755809009075165
(6,7): 0.48823797702789307
(6,8): 0.41736963391304016
(6,9): 0.49246445298194885
(6,10): 0.46100372076034546
(6,20): 0.4562540352344513
(7,0): 0.5200178623199463
(7,2): 0.5622087717056274
(7,6): 0.4727499783039093
(7,8): 0.5001258850097656
(7,9): 0.4407583475112915
(7,20): 0.4965812563896179
(8,0): 0.4560084939002991
(8,1): 0.4108019173145294
(8,6): 0.5254159569740295
(8,7): 0.5479917526245117
(8,9): 0.40635526180267334
(8,20): 0.5596290230751038
(9,0): 0.44566231966018677
(9,1): 0.5327905416488647
(9,2): 0.4224633574485779
(9,6): 0.49037694931030273
(9,7): 0.4046041667461395
(9,8): 0.38901033997535706
(9,10): 0.5122010111808777
(9,18): 0.46746599674224854
(9,19): 0.5277687907218933
(9,20): 0.5054545998573303
(9,32): 0.4834613800048828
(9,34): 0.4039543569087982
(9,38): 0.5115925073623657
(10,0): 0.5049033164978027
(10,6): 0.5088927745819092
(10,9): 0.5246627330780029
(10,11): 0.5475068092346191
(10,12): 0.5091032981872559
(10,18): 0.5148011445999146
(10,19): 0.47192344069480896
(10,20): 0.4192087650299072
(10,21): 0.3675813674926758
(10,34): 0.4205993413925171
(11,10): 0.4724887013435364
(11,12): 0.4607177674770355
(11,13): 0.5400004386901855
(11,15): 0.4375092387199402
(11,16): 0.6107540726661682
(11,18): 0.48301663994789124
(11,20): 0.4740738570690155
(11,21): 0.46795541048049927
(11,22): 0.5761607885360718
(11,33): 0.40735581517219543
(11,37): 0.5301997661590576
(11,39): 0.47076907753944397
(12,10): 0.3811067044734955
(12,11): 0.5380534529685974
(12,13): 0.45450717210769653
(12,14): 0.5293539762496948
(12,15): 0.3574680984020233
(12,16): 0.43584564328193665
(12,18): 0.5012238621711731
(12,21): 0.5091997385025024
(12,22): 0.4979797303676605
(13,11): 0.5058820247650146
(13,12): 0.3726731538772583
(13,14): 0.5507403612136841
(13,15): 0.48949676752090454
(13,16): 0.5804945826530457
(13,17): 0.41959506273269653
(13,21): 0.5526883006095886
(13,22): 0.44710952043533325
(13,40): 0.5410665273666382
(14,12): 0.494983971118927
(14,13): 0.5124201774597168
(14,15): 0.44174715876579285
(14,16): 0.4561881124973297
(14,17): 0.464572548866272
(14,21): 0.5164307355880737
(14,22): 0.38624855875968933
(14,38): 0.4314795136451721
(14,42): 0.5349286198616028
(15,11): 0.41321417689323425
(15,12): 0.33773717284202576
(15,13): 0.4563990831375122
(15,14): 0.4405688941478729
(15,16): 0.5008233785629272
(15,17): 0.5245971083641052
(15,21): 0.5459731817245483
(15,38): 0.44735872745513916
(16,11): 0.4600393772125244
(16,12): 0.46573933959007263
(16,13): 0.4752226769924164
(16,14): 0.5203173756599426
(16,15): 0.5214809775352478
(16,17): 0.3929128646850586
(16,18): 0.48981916904449463
(16,21): 0.44785407185554504
(16,22): 0.42330294847488403
(16,35): 0.4007715880870819
(16,38): 0.4651135802268982
(17,13): 0.48332199454307556
(17,14): 0.43998983502388
(17,15): 0.4817197620868683
(17,16): 0.5096527338027954
(17,21): 0.5910983085632324
(17,22): 0.4687179625034332
(17,41): 0.4680039584636688
(18,9): 0.5407695770263672
(18,10): 0.5443550944328308
(18,11): 0.5319884419441223
(18,12): 0.48258382081985474
(18,16): 0.5326484441757202
(18,19): 0.5122238397598267
(18,20): 0.426322340965271
(18,21): 0.5305474996566772
(18,32): 0.46148747205734253
(18,33): 0.44397851824760437
(18,39): 0.4583004117012024
(18,42): 0.4516712427139282
(19,3): 0.48147693276405334
(19,4): 0.4068530201911926
(19,5): 0.4793063998222351
(19,9): 0.45320868492126465
(19,10): 0.4048856496810913
(19,18): 0.38289201259613037
(19,20): 0.42922505736351013
(19,35): 0.4029827117919922
(19,36): 0.5146114826202393
(19,40): 0.4884287118911743
(20,0): 0.5528751611709595
(20,1): 0.5470960140228271
(20,2): 0.5327814817428589
(20,4): 0.40767836570739746
(20,6): 0.5056546926498413
(20,7): 0.45247623324394226
(20,8): 0.4889763295650482
(20,9): 0.43970152735710144
(20,10): 0.4077530801296234
(20,11): 0.4874548316001892
(20,18): 0.44917649030685425
(20,19): 0.4400085508823395
(21,10): 0.420796275138855
(21,11): 0.5000615119934082
(21,12): 0.33663880825042725
(21,13): 0.4427928626537323
(21,14): 0.4514581859111786
(21,15): 0.447378009557724
(21,16): 0.5324834585189819
(21,17): 0.45803284645080566
(21,18): 0.46237897872924805
(21,22): 0.5306128859519958
(21,42): 0.47219035029411316
(22,11): 0.3941091299057007
(22,12): 0.4515281915664673
(22,13): 0.5239039659500122
(22,14): 0.404017835855484
(22,16): 0.4128163456916809
(22,17): 0.4777119755744934
(22,21): 0.5381200909614563
(23,0): 0.47188493609428406
(23,1): 0.4610051214694977
(23,3): 0.5340779423713684
(23,4): 0.4555050730705261
(23,27): 0.4766785502433777
(23,32): 0.4665071666240692
(24,0): 0.5223252773284912
(24,1): 0.41989830136299133
(24,2): 0.46091991662979126
(24,4): 0.5379409193992615
(25,0): 0.4682800769805908
(25,1): 0.550931990146637
(25,2): 0.49561378359794617
(25,3): 0.4584745466709137
(25,4): 0.5186759829521179
(26,0): 0.559176504611969
(26,1): 0.445244699716568
(26,2): 0.42561155557632446
(26,27): 0.4038655161857605
(26,34): 0.49752023816108704
(27,0): 0.4437299370765686
(27,1): 0.4796978235244751
(27,2): 0.5114161372184753
(27,4): 0.44806477427482605
(27,23): 0.5193849802017212
(27,26): 0.42549067735671997
(27,32): 0.4562152624130249
(28,3): 0.4765954613685608
(28,4): 0.4917696714401245
(28,29): 0.48295289278030396
(28,40): 0.5235161185264587
(29,1): 0.4784940779209137
(29,2): 0.4512655735015869
(29,3): 0.4219375252723694
(29,4): 0.5019205212593079
(29,28): 0.5506345629692078
(29,30): 0.4785013496875763
(29,40): 0.48955658078193665
(30,3): 0.48341256380081177
(30,29): 0.44692400097846985
(32,9): 0.5162442922592163
(32,18): 0.46691516041755676
(32,23): 0.542410671710968
(32,27): 0.5125841498374939
(32,37): 0.44635915756225586
(33,11): 0.4555155336856842
(33,18): 0.4807267189025879
(33,35): 0.44303762912750244
(34,9): 0.5221747159957886
(34,10): 0.4803452491760254
(34,26): 0.4681607782840729
(35,16): 0.48483821749687195
(35,19): 0.456253319978714
(35,33): 0.570523202419281
(36,19): 0.5276371836662292
(37,11): 0.4926563799381256
(37,32): 0.5574420094490051
(38,9): 0.43587526679039
(38,14): 0.602632462978363
(38,15): 0.43503254652023315
(38,16): 0.48695793747901917
(38,41): 0.5593748092651367
(39,11): 0.48756203055381775
(39,18): 0.4437636435031891
(40,13): 0.5289967060089111
(40,19): 0.5505485534667969
(40,28): 0.5568413138389587
(40,29): 0.49138695001602173
(41,17): 0.5119843482971191
(41,38): 0.5163633823394775
(42,14): 0.4201848804950714
(42,18): 0.4520842730998993
(42,21): 0.5424554944038391
