Interaction name: 5eyk

Affinity: 8.520000457763672
Predicted value: 7.637453079223633

Attributions for edges: 

(0,3): 0.5153641104698181
(0,13): 0.5293661952018738
(0,26): 0.38761571049690247
(0,28): 0.5136638283729553
(1,2): 0.372823566198349
(1,4): 0.480126291513443
(1,8): 0.4926885664463043
(1,18): 0.5324928164482117
(1,24): 0.47726163268089294
(1,29): 0.4723316431045532
(2,1): 0.39794763922691345
(2,8): 0.45893386006355286
(2,11): 0.4935572147369385
(2,12): 0.5572178959846497
(2,18): 0.50453782081604
(2,20): 0.5440444946289062
(2,21): 0.5687999129295349
(2,23): 0.4999987483024597
(2,24): 0.49661651253700256
(2,25): 0.4657113552093506
(3,0): 0.48603057861328125
(3,13): 0.5135434865951538
(3,14): 0.5122426748275757
(3,26): 0.44957825541496277
(3,30): 0.6195063591003418
(4,1): 0.38851502537727356
(4,7): 0.531814455986023
(4,8): 0.4923301041126251
(4,15): 0.6008282899856567
(4,16): 0.4657197892665863
(4,30): 0.4358275532722473
(5,11): 0.4857422411441803
(5,22): 0.399219274520874
(5,25): 0.5057915449142456
(5,27): 0.46277889609336853
(6,11): 0.46374595165252686
(6,22): 0.4231278598308563
(6,25): 0.45983222126960754
(6,27): 0.5339904427528381
(7,4): 0.4176987111568451
(7,8): 0.5641180872917175
(7,10): 0.429379940032959
(7,15): 0.49216949939727783
(7,16): 0.5396466255187988
(7,19): 0.585555911064148
(7,20): 0.4083848297595978
(7,21): 0.546777069568634
(7,23): 0.4595734477043152
(7,26): 0.4181397557258606
(7,39): 0.4905756413936615
(8,1): 0.434848427772522
(8,2): 0.6174759864807129
(8,4): 0.493907630443573
(8,7): 0.46922755241394043
(8,15): 0.48079174757003784
(8,16): 0.4401054084300995
(8,19): 0.47287052869796753
(8,21): 0.46963077783584595
(8,23): 0.5067505240440369
(8,31): 0.5394569039344788
(8,38): 0.4855840504169464
(9,10): 0.5562466979026794
(9,17): 0.5098938941955566
(9,20): 0.5347861051559448
(9,21): 0.5549207925796509
(9,23): 0.40054938197135925
(9,41): 0.5389194488525391
(10,7): 0.5092360973358154
(10,9): 0.5708256959915161
(10,17): 0.4759056568145752
(10,20): 0.4864407181739807
(10,21): 0.47248199582099915
(10,23): 0.4296782314777374
(10,32): 0.5361281037330627
(10,40): 0.5969116687774658
(11,2): 0.4867069125175476
(11,5): 0.4034844636917114
(11,6): 0.49647897481918335
(11,12): 0.43518903851509094
(11,18): 0.45252537727355957
(11,22): 0.5445619821548462
(11,24): 0.446759432554245
(11,25): 0.5008569359779358
(11,27): 0.4594510793685913
(12,2): 0.4363250732421875
(12,11): 0.47355884313583374
(12,18): 0.5088297724723816
(12,20): 0.5317133665084839
(12,21): 0.5471512079238892
(12,22): 0.5521080493927002
(12,23): 0.4842079281806946
(12,24): 0.5216349363327026
(12,25): 0.39456015825271606
(12,27): 0.4485749304294586
(12,31): 0.4874637722969055
(12,32): 0.4858037233352661
(13,0): 0.4436216652393341
(13,3): 0.4629973769187927
(13,15): 0.4854019582271576
(13,16): 0.5028014779090881
(13,19): 0.5208102464675903
(13,26): 0.47119155526161194
(13,33): 0.4884504973888397
(14,3): 0.44180047512054443
(14,34): 0.5282772183418274
(14,35): 0.6687502861022949
(14,36): 0.5231626629829407
(14,37): 0.5030832290649414
(15,4): 0.46197161078453064
(15,7): 0.5166683197021484
(15,8): 0.5082102417945862
(15,13): 0.4749383330345154
(15,16): 0.4549003541469574
(15,19): 0.5398728251457214
(15,26): 0.5018814206123352
(15,33): 0.4308012127876282
(16,4): 0.44281622767448425
(16,7): 0.5354512333869934
(16,8): 0.4735659956932068
(16,13): 0.4440009593963623
(16,15): 0.5048803091049194
(16,19): 0.47711846232414246
(16,26): 0.5523468255996704
(16,31): 0.5568501353263855
(16,43): 0.4404175281524658
(16,44): 0.46740812063217163
(17,9): 0.5176423192024231
(17,10): 0.4787133038043976
(17,20): 0.46891018748283386
(17,21): 0.47321000695228577
(17,23): 0.5246555805206299
(17,39): 0.5981745719909668
(18,1): 0.4862658381462097
(18,2): 0.5487638115882874
(18,11): 0.49702978134155273
(18,12): 0.454018235206604
(18,20): 0.5494635701179504
(18,21): 0.500625729560852
(18,22): 0.42493122816085815
(18,24): 0.4651334285736084
(18,25): 0.5463758111000061
(18,27): 0.4899628460407257
(18,40): 0.4246216118335724
(18,41): 0.5178195238113403
(19,7): 0.5373175144195557
(19,8): 0.3875068426132202
(19,13): 0.5109490156173706
(19,15): 0.5354568362236023
(19,16): 0.4683678150177002
(19,26): 0.48382341861724854
(19,43): 0.5581961274147034
(20,2): 0.46398770809173584
(20,7): 0.4836982786655426
(20,9): 0.6125879883766174
(20,10): 0.41082316637039185
(20,12): 0.547203779220581
(20,17): 0.5122296214103699
(20,18): 0.4912346601486206
(20,21): 0.5256003737449646
(20,23): 0.46787115931510925
(20,40): 0.5923790335655212
(21,2): 0.44104793667793274
(21,7): 0.5259403586387634
(21,8): 0.42537587881088257
(21,9): 0.48455026745796204
(21,10): 0.46366721391677856
(21,12): 0.4999253749847412
(21,17): 0.39990583062171936
(21,18): 0.47345513105392456
(21,20): 0.5065012574195862
(21,23): 0.5758695006370544
(21,31): 0.5277020335197449
(21,40): 0.6384127140045166
(22,5): 0.5344758033752441
(22,6): 0.5022896528244019
(22,11): 0.3797912895679474
(22,12): 0.4757961630821228
(22,18): 0.5212129950523376
(22,24): 0.4641733765602112
(22,25): 0.44337737560272217
(22,31): 0.4508762061595917
(23,2): 0.430458128452301
(23,7): 0.4064811170101166
(23,8): 0.39848044514656067
(23,9): 0.500337541103363
(23,10): 0.5213131308555603
(23,12): 0.5169776082038879
(23,17): 0.5168226361274719
(23,20): 0.43960991501808167
(23,21): 0.4357202351093292
(23,32): 0.5751978754997253
(23,42): 0.5698788166046143
(24,1): 0.48660990595817566
(24,2): 0.4806517958641052
(24,11): 0.46661725640296936
(24,12): 0.44805124402046204
(24,18): 0.4677913188934326
(24,22): 0.5336946249008179
(24,25): 0.5407353639602661
(24,27): 0.5467820167541504
(25,2): 0.5191882252693176
(25,5): 0.557392418384552
(25,6): 0.4988262951374054
(25,11): 0.5666412711143494
(25,12): 0.5372520685195923
(25,18): 0.5290611982345581
(25,22): 0.4010644853115082
(25,24): 0.4119056165218353
(25,27): 0.41767987608909607
(25,41): 0.49982666969299316
(25,45): 0.4988822937011719
(26,0): 0.4199863076210022
(26,3): 0.4853956699371338
(26,7): 0.5840927362442017
(26,13): 0.5373124480247498
(26,15): 0.4692668318748474
(26,16): 0.3770654797554016
(26,19): 0.5617114901542664
(26,34): 0.6205753684043884
(26,37): 0.45088592171669006
(26,39): 0.45613518357276917
(26,43): 0.4600299894809723
(26,44): 0.4978068470954895
(27,5): 0.5086461901664734
(27,6): 0.42151445150375366
(27,11): 0.5916988849639893
(27,12): 0.6313345432281494
(27,18): 0.47312605381011963
(27,24): 0.4331772029399872
(27,25): 0.4582771956920624
(28,0): 0.5039656758308411
(28,33): 0.453709214925766
(29,1): 0.37767621874809265
(29,30): 0.5540992021560669
(30,3): 0.3688744008541107
(30,4): 0.4182651937007904
(30,29): 0.5417590737342834
(30,44): 0.555658221244812
(31,8): 0.44348305463790894
(31,12): 0.43388572335243225
(31,16): 0.4597848951816559
(31,21): 0.4028083384037018
(31,22): 0.44239920377731323
(31,39): 0.4580545723438263
(31,42): 0.5033504962921143
(32,10): 0.4213985502719879
(32,12): 0.455691397190094
(32,23): 0.5254299640655518
(32,45): 0.45094913244247437
(33,13): 0.39816564321517944
(33,15): 0.4954400062561035
(33,28): 0.4376552402973175
(34,14): 0.4823823571205139
(34,26): 0.5371162295341492
(35,14): 0.42274370789527893
(35,37): 0.5493019819259644
(36,14): 0.46655216813087463
(37,14): 0.4821513593196869
(37,26): 0.5514445304870605
(37,35): 0.5258375406265259
(38,8): 0.5295136570930481
(38,40): 0.590948760509491
(38,44): 0.4852989614009857
(39,7): 0.4780472218990326
(39,17): 0.5367624163627625
(39,26): 0.4779936671257019
(39,31): 0.49942559003829956
(39,42): 0.4596746265888214
(40,10): 0.4662924110889435
(40,18): 0.48581841588020325
(40,20): 0.45921590924263
(40,21): 0.46917274594306946
(40,38): 0.4402422308921814
(40,41): 0.4851488471031189
(41,9): 0.47216787934303284
(41,18): 0.45133161544799805
(41,25): 0.5549004673957825
(41,40): 0.5329839587211609
(42,23): 0.53568035364151
(42,31): 0.559728741645813
(42,39): 0.48530614376068115
(43,16): 0.5013726353645325
(43,19): 0.5806055068969727
(43,26): 0.44567665457725525
(44,16): 0.5289284586906433
(44,26): 0.46117931604385376
(44,30): 0.4506490230560303
(44,38): 0.5486245155334473
(45,25): 0.5121616721153259
(45,32): 0.5825809836387634
