Interaction name: 5mro

Affinity: 5.699999809265137
Predicted value: 6.190915107727051

Shapley values for edges: 

(0,1): 0.012844748497009277
(0,2): -0.003326268196105957
(0,3): 0.005991902351379395
(0,4): -0.007179951667785645
(0,7): 0.012008166313171387
(0,8): -0.013339629173278808
(0,13): -0.013108906745910644
(0,14): 0.008554224967956542
(0,15): -0.0024097347259521484
(1,0): -0.0011249923706054688
(1,2): 0.005242652893066406
(1,4): -0.0039948844909667965
(1,8): -0.004748363494873047
(1,9): -0.010740962028503418
(1,11): -0.018400959968566895
(1,13): -0.027118334770202635
(1,14): 0.010903997421264649
(1,15): 0.002626662254333496
(2,0): -0.0007899665832519532
(2,1): -0.006267933845520019
(2,3): -0.008052401542663574
(2,4): 0.00045636653900146487
(2,14): 0.02011949062347412
(2,15): 0.010200686454772949
(3,0): 0.0001715707778930664
(3,2): -0.0019048595428466798
(3,14): -0.007797808647155762
(3,15): 0.0015300846099853516
(4,0): -0.028495588302612306
(4,1): -0.007121286392211914
(4,2): -0.007628855705261231
(4,7): 0.0002823781967163086
(4,8): -0.010856447219848632
(4,9): -0.014651060104370117
(4,10): -0.007694091796875
(4,11): -0.018295493125915527
(4,16): -0.007638845443725586
(4,24): -0.009677066802978515
(4,27): 0.005466198921203614
(5,6): -0.00036421775817871096
(5,8): 0.0013971948623657227
(5,9): 0.0007172727584838867
(5,10): -0.005534615516662598
(5,11): -0.00010436058044433594
(5,12): 0.005090866088867187
(5,18): -0.028506283760070802
(5,21): -0.017846255302429198
(6,5): -0.018059635162353517
(6,8): -0.018023271560668946
(6,9): -0.0034035634994506836
(6,10): -0.024501199722290038
(6,11): -0.006089205741882324
(6,12): 0.008958277702331542
(6,17): -0.024077692031860352
(6,23): -0.0010600805282592774
(6,24): -0.010408430099487305
(7,0): -0.011164693832397462
(7,4): -0.008823657035827636
(7,8): -0.00743746280670166
(7,11): -0.011431436538696289
(7,16): -0.0007086420059204102
(7,17): -0.010443410873413085
(7,18): 0.009765934944152833
(7,19): 0.009084477424621581
(7,21): 0.01485558032989502
(7,25): 0.027589688301086424
(8,0): -0.00681854248046875
(8,1): -0.017570037841796875
(8,4): 0.0019290542602539062
(8,5): -0.004216451644897461
(8,6): -0.0014314126968383788
(8,7): 0.013347868919372558
(8,9): -0.007045798301696778
(8,10): -0.009565339088439942
(8,11): -0.02852621555328369
(8,17): -0.03525478839874267
(8,19): -0.008968758583068847
(8,20): 0.026906518936157225
(8,27): 0.013817648887634277
(9,1): -0.01011207103729248
(9,4): 0.00877810001373291
(9,5): -0.006563773155212402
(9,6): -0.0037013959884643556
(9,8): -0.016487622261047365
(9,10): -0.011752858161926269
(9,11): -0.007766718864440918
(9,12): 0.007262282371520996
(9,16): -0.03336161136627197
(9,25): -0.0034932708740234375
(10,4): 0.007845735549926758
(10,5): 0.0023748397827148436
(10,6): -0.013731718063354492
(10,8): -0.007252397537231445
(10,9): -0.004313201904296875
(10,11): -0.005824179649353028
(10,12): 0.005647087097167968
(10,17): -0.03569436073303223
(10,22): -0.0061392545700073246
(11,1): -0.014773244857788087
(11,4): 0.0058006572723388675
(11,5): 8.309364318847656e-05
(11,6): -0.007747821807861328
(11,7): 0.004924521446228027
(11,8): -0.009629969596862792
(11,9): -0.008572521209716797
(11,10): -0.00936633586883545
(11,12): 0.008511247634887696
(11,18): -0.031048264503479004
(11,27): 0.007930412292480468
(12,5): -0.005199880599975586
(12,6): -0.004303932189941406
(12,9): 0.0025146675109863283
(12,10): -0.00041635990142822264
(12,11): 0.0004334878921508789
(12,23): -0.017042617797851562
(12,26): -0.017428030967712404
(13,0): -0.026553878784179686
(13,1): -0.014269533157348633
(14,0): 0.0017162704467773438
(14,1): 0.009224653244018555
(14,2): 0.0072586297988891605
(14,3): -0.004116387367248535
(14,15): -0.00016480445861816406
(14,25): -0.06132908344268799
(14,27): -0.04426855087280274
(15,0): 0.0022936439514160156
(15,1): 0.010576720237731934
(15,2): -0.008787722587585449
(15,3): 0.0028343486785888674
(15,14): 0.011512088775634765
(16,4): 0.02004434585571289
(16,7): 0.013564343452453614
(16,9): -0.009781684875488281
(17,6): 0.008656024932861328
(17,7): 0.018388476371765137
(17,8): -0.00011499404907226562
(17,10): -0.01654268741607666
(18,5): -0.01726430416107178
(18,7): 0.026657857894897462
(18,11): -0.01917300224304199
(19,7): 0.027393507957458495
(19,8): 0.010992441177368164
(20,8): 0.012092680931091308
(20,22): -0.041505022048950194
(20,27): -0.010531587600708008
(21,5): -0.009376778602600097
(21,7): 0.023894667625427246
(22,10): -0.030493617057800293
(22,20): -0.0446434211730957
(23,6): 0.015229506492614746
(23,12): 4.15802001953125e-05
(24,4): 0.007566747665405274
(24,6): -0.005908803939819336
(25,7): 0.020026226043701172
(25,9): -0.013631911277770995
(25,14): -0.02685781002044678
(25,27): -0.002388477325439453
(26,12): 0.00203824520111084
(27,4): 0.0018652486801147461
(27,8): -0.007219643592834473
(27,11): -0.01739124774932861
(27,14): 0.0004466438293457031
(27,20): 0.011336355209350587
(27,25): -0.015470652580261231
