Interaction name: 5x33

Affinity: 8.489999771118164
Predicted value: 9.047563552856445

Attributions for edges: 

(0,8): 0.43090447783470154
(0,9): 0.48224276304244995
(0,11): 0.49042969942092896
(0,17): 0.47959569096565247
(0,18): 0.4714403748512268
(0,19): 0.48287516832351685
(0,20): 0.44751089811325073
(0,27): 0.5994424223899841
(0,28): 0.4747152030467987
(0,36): 0.517857551574707
(0,38): 0.4114415943622589
(1,10): 0.5448415875434875
(1,26): 0.48400700092315674
(1,30): 0.5917035937309265
(1,31): 0.48136934638023376
(1,34): 0.5885822772979736
(2,12): 0.5324932932853699
(2,13): 0.5148407816886902
(2,19): 0.44911515712738037
(2,21): 0.5315068364143372
(2,22): 0.4200320541858673
(2,23): 0.3885585069656372
(2,25): 0.4624251127243042
(2,32): 0.4729192852973938
(2,33): 0.5049490928649902
(2,36): 0.490570604801178
(3,10): 0.5143337845802307
(3,26): 0.5058353543281555
(3,30): 0.5493186116218567
(3,31): 0.49307981133461
(3,34): 0.42736756801605225
(4,5): 0.4795656204223633
(4,6): 0.5173349380493164
(4,24): 0.5429500937461853
(4,25): 0.5778708457946777
(4,33): 0.4835085868835449
(4,37): 0.5179657340049744
(5,4): 0.6121089458465576
(5,6): 0.5610862374305725
(5,24): 0.48999324440956116
(5,25): 0.5167114734649658
(5,33): 0.5527428984642029
(5,37): 0.5299072861671448
(5,39): 0.4327773451805115
(6,4): 0.5223978757858276
(6,5): 0.5140458345413208
(6,23): 0.5318617224693298
(6,24): 0.5267848968505859
(6,25): 0.4908466637134552
(6,32): 0.5438938140869141
(6,33): 0.5607315301895142
(6,37): 0.5963852405548096
(6,40): 0.4387410581111908
(7,15): 0.47716519236564636
(7,16): 0.5040226578712463
(7,17): 0.4940517842769623
(7,18): 0.5731138586997986
(7,27): 0.4730553925037384
(7,29): 0.5463528633117676
(7,30): 0.5927593111991882
(7,34): 0.5352074503898621
(7,35): 0.6209379434585571
(7,38): 0.46542057394981384
(7,41): 0.4814399778842926
(7,42): 0.5362343192100525
(7,43): 0.5687159299850464
(7,48): 0.5093636512756348
(7,49): 0.4909350872039795
(8,0): 0.5047314763069153
(8,9): 0.48231613636016846
(8,11): 0.5460019707679749
(8,17): 0.4701717495918274
(8,18): 0.49666476249694824
(8,27): 0.5059126615524292
(8,29): 0.45321571826934814
(8,35): 0.5515696406364441
(8,38): 0.4464472532272339
(8,50): 0.5076389908790588
(9,0): 0.5136160850524902
(9,8): 0.4512690007686615
(9,11): 0.5119210481643677
(9,17): 0.6001565456390381
(9,18): 0.5349428653717041
(9,20): 0.5298194885253906
(9,27): 0.5100303292274475
(9,28): 0.4867710471153259
(9,29): 0.5017968416213989
(9,38): 0.48448511958122253
(10,1): 0.4814484715461731
(10,3): 0.5823259353637695
(10,15): 0.5956365466117859
(10,26): 0.5337521433830261
(10,30): 0.529496967792511
(10,31): 0.5599334836006165
(10,34): 0.5398577451705933
(10,44): 0.5633339285850525
(11,0): 0.5511481165885925
(11,8): 0.41233035922050476
(11,9): 0.4035000503063202
(11,12): 0.4221135079860687
(11,14): 0.4915968179702759
(11,18): 0.509756863117218
(11,19): 0.4987974464893341
(11,20): 0.5329824686050415
(11,28): 0.4626276195049286
(11,36): 0.5085843205451965
(11,38): 0.436717689037323
(11,45): 0.48654985427856445
(11,46): 0.44206342101097107
(12,2): 0.5426190495491028
(12,11): 0.46929243206977844
(12,13): 0.49519744515419006
(12,14): 0.42375919222831726
(12,19): 0.5252589583396912
(12,20): 0.5292884111404419
(12,21): 0.41930752992630005
(12,22): 0.5149397850036621
(12,28): 0.5577486753463745
(12,36): 0.5111900568008423
(12,50): 0.4186805784702301
(12,53): 0.5138142108917236
(12,55): 0.442821741104126
(12,57): 0.513373076915741
(13,2): 0.5241044163703918
(13,12): 0.49223044514656067
(13,14): 0.48686012625694275
(13,19): 0.5085009336471558
(13,21): 0.41368162631988525
(13,22): 0.48231324553489685
(13,23): 0.5545991063117981
(13,28): 0.5599466562271118
(13,32): 0.4481300413608551
(13,36): 0.5292825698852539
(13,47): 0.4765726923942566
(13,48): 0.5295900106430054
(13,51): 0.4438512623310089
(13,54): 0.5028572678565979
(14,11): 0.5820717811584473
(14,12): 0.5115339159965515
(14,13): 0.5092016458511353
(14,19): 0.477683424949646
(14,20): 0.5640574097633362
(14,21): 0.49295562505722046
(14,28): 0.5301627516746521
(14,36): 0.5360089540481567
(14,43): 0.47966063022613525
(14,53): 0.5697922706604004
(15,7): 0.5761308670043945
(15,10): 0.5534565448760986
(15,16): 0.48976409435272217
(15,17): 0.6042112708091736
(15,26): 0.5744931101799011
(15,27): 0.5428910851478577
(15,29): 0.5113319158554077
(15,30): 0.457422137260437
(15,31): 0.5138475298881531
(15,34): 0.486583948135376
(15,35): 0.5950971841812134
(15,50): 0.5267723202705383
(16,7): 0.4919152855873108
(16,15): 0.5064164400100708
(16,17): 0.5376321077346802
(16,27): 0.5893828868865967
(16,29): 0.5637781023979187
(16,30): 0.5317327976226807
(16,34): 0.5799298286437988
(16,35): 0.5251993536949158
(16,49): 0.4586549401283264
(16,50): 0.46605196595191956
(16,57): 0.5293005704879761
(16,58): 0.5538135766983032
(17,0): 0.4754999279975891
(17,7): 0.496859610080719
(17,8): 0.4573758542537689
(17,9): 0.4647104740142822
(17,15): 0.5138028264045715
(17,16): 0.5669198632240295
(17,18): 0.5544187426567078
(17,27): 0.5379123091697693
(17,29): 0.5133132338523865
(17,35): 0.4979885518550873
(17,38): 0.47928526997566223
(17,42): 0.5321550369262695
(17,44): 0.4638032019138336
(17,49): 0.5379972457885742
(18,0): 0.549639105796814
(18,7): 0.4910096824169159
(18,8): 0.46908700466156006
(18,9): 0.4656466841697693
(18,11): 0.492696076631546
(18,17): 0.5772122144699097
(18,20): 0.48725685477256775
(18,27): 0.49286097288131714
(18,28): 0.5231133699417114
(18,29): 0.5390163660049438
(18,35): 0.5619651675224304
(18,57): 0.463860422372818
(19,0): 0.5789795517921448
(19,2): 0.5496877431869507
(19,11): 0.5081525444984436
(19,12): 0.5012419819831848
(19,13): 0.4474410116672516
(19,14): 0.468427449464798
(19,20): 0.529176652431488
(19,21): 0.5544712543487549
(19,28): 0.4598793685436249
(19,59): 0.47856250405311584
(20,0): 0.46667009592056274
(20,9): 0.4182714521884918
(20,11): 0.499882310628891
(20,12): 0.562971830368042
(20,14): 0.4866933822631836
(20,18): 0.5131064653396606
(20,19): 0.43109235167503357
(20,21): 0.5575818419456482
(20,28): 0.53545081615448
(20,36): 0.4567614197731018
(20,38): 0.5071685910224915
(21,2): 0.461471825838089
(21,12): 0.477621465921402
(21,13): 0.4078510105609894
(21,14): 0.3983031213283539
(21,19): 0.5228019952774048
(21,20): 0.5163760781288147
(21,28): 0.5835294127464294
(21,36): 0.4894876182079315
(21,43): 0.5290278196334839
(22,2): 0.5794916152954102
(22,12): 0.35538023710250854
(22,13): 0.48728498816490173
(22,23): 0.5332155227661133
(22,24): 0.5340217351913452
(22,25): 0.39457741379737854
(22,32): 0.46519383788108826
(22,33): 0.5437391996383667
(22,37): 0.5453231334686279
(22,57): 0.5641258358955383
(23,2): 0.5775668025016785
(23,6): 0.4777696132659912
(23,13): 0.5899726152420044
(23,22): 0.4357139766216278
(23,24): 0.5281819105148315
(23,25): 0.5162875056266785
(23,32): 0.5081000328063965
(23,33): 0.5073524117469788
(23,37): 0.5134636163711548
(23,59): 0.47915133833885193
(24,4): 0.43628376722335815
(24,5): 0.43387407064437866
(24,6): 0.5519576072692871
(24,22): 0.49492883682250977
(24,23): 0.5294572114944458
(24,25): 0.48289158940315247
(24,32): 0.5414286255836487
(24,33): 0.5479480624198914
(24,54): 0.5228129625320435
(24,56): 0.41648945212364197
(25,2): 0.5106968879699707
(25,4): 0.45634475350379944
(25,5): 0.39692461490631104
(25,6): 0.5324991941452026
(25,22): 0.5242379307746887
(25,23): 0.5778213143348694
(25,24): 0.5089743733406067
(25,32): 0.5043611526489258
(25,33): 0.556420087814331
(25,37): 0.5854914784431458
(25,51): 0.42524394392967224
(25,54): 0.45881399512290955
(25,55): 0.5512903928756714
(26,1): 0.4936257600784302
(26,3): 0.4535362422466278
(26,10): 0.4854625165462494
(26,15): 0.4825608432292938
(26,30): 0.6045897006988525
(26,31): 0.5029361844062805
(26,34): 0.5653228759765625
(26,35): 0.5040999054908752
(26,52): 0.498483270406723
(27,0): 0.5818111896514893
(27,7): 0.5024837851524353
(27,8): 0.4933195114135742
(27,9): 0.41458654403686523
(27,15): 0.4607921242713928
(27,16): 0.5444233417510986
(27,17): 0.552331805229187
(27,18): 0.4465519189834595
(27,29): 0.46385547518730164
(27,30): 0.6064781546592712
(27,35): 0.5888683199882507
(27,38): 0.43686443567276
(27,43): 0.5169968008995056
(27,44): 0.4275677800178528
(28,0): 0.47020480036735535
(28,9): 0.4705928862094879
(28,11): 0.4245452284812927
(28,12): 0.4780990183353424
(28,13): 0.4683568775653839
(28,14): 0.5308937430381775
(28,18): 0.4412054419517517
(28,19): 0.6240166425704956
(28,20): 0.49034354090690613
(28,21): 0.5523788928985596
(28,36): 0.5128995776176453
(28,38): 0.4698479473590851
(28,42): 0.48983800411224365
(28,50): 0.5168177485466003
(28,57): 0.5757095217704773
(28,59): 0.4556135833263397
(29,7): 0.4708831310272217
(29,8): 0.4599215090274811
(29,9): 0.5858414173126221
(29,15): 0.5205714702606201
(29,16): 0.5303886532783508
(29,17): 0.6146858334541321
(29,18): 0.5339861512184143
(29,27): 0.535350501537323
(29,30): 0.5095862746238708
(29,34): 0.4408707320690155
(29,35): 0.5195852518081665
(29,38): 0.5438969731330872
(29,50): 0.5732049345970154
(29,58): 0.4900442063808441
(30,1): 0.557683527469635
(30,3): 0.5864354968070984
(30,7): 0.4869588315486908
(30,10): 0.5427064895629883
(30,15): 0.5531685948371887
(30,16): 0.5878685116767883
(30,26): 0.5486133098602295
(30,27): 0.5754836797714233
(30,29): 0.4916924238204956
(30,31): 0.5091457366943359
(30,34): 0.5918958187103271
(30,35): 0.49142181873321533
(31,1): 0.49385231733322144
(31,3): 0.45558878779411316
(31,10): 0.519814670085907
(31,15): 0.5547106862068176
(31,26): 0.4985349178314209
(31,30): 0.514411449432373
(31,34): 0.5733243823051453
(31,35): 0.46090954542160034
(32,2): 0.4097568690776825
(32,6): 0.5889520645141602
(32,13): 0.46272099018096924
(32,22): 0.4506404995918274
(32,23): 0.5143892168998718
(32,24): 0.5104411244392395
(32,25): 0.4176800847053528
(32,33): 0.4981713593006134
(32,37): 0.579649031162262
(32,43): 0.4738396406173706
(33,2): 0.4856536388397217
(33,4): 0.5149816870689392
(33,5): 0.4904578626155853
(33,6): 0.44408562779426575
(33,22): 0.44514283537864685
(33,23): 0.458125501871109
(33,24): 0.4357142150402069
(33,25): 0.5200051069259644
(33,32): 0.578951358795166
(33,37): 0.5758056640625
(33,43): 0.4890953302383423
(33,56): 0.42380037903785706
(34,1): 0.503498911857605
(34,3): 0.571596086025238
(34,7): 0.5765506625175476
(34,10): 0.5514607429504395
(34,15): 0.5382730960845947
(34,16): 0.5684072971343994
(34,26): 0.42056065797805786
(34,29): 0.5112617015838623
(34,30): 0.5490777492523193
(34,31): 0.48411548137664795
(34,35): 0.5691293478012085
(34,41): 0.4248078763484955
(34,42): 0.5254722237586975
(34,58): 0.4892507791519165
(35,7): 0.47933271527290344
(35,8): 0.49663904309272766
(35,15): 0.4297633767127991
(35,16): 0.48499795794487
(35,17): 0.6097198724746704
(35,18): 0.5201758146286011
(35,26): 0.5138958692550659
(35,27): 0.6125431656837463
(35,29): 0.5275007486343384
(35,30): 0.49426230788230896
(35,31): 0.4969389736652374
(35,34): 0.4608946442604065
(35,38): 0.4323204755783081
(36,0): 0.4263036847114563
(36,2): 0.4854281544685364
(36,11): 0.4686681032180786
(36,12): 0.4468122124671936
(36,13): 0.4545866847038269
(36,14): 0.5118216872215271
(36,20): 0.5088071823120117
(36,21): 0.4573848843574524
(36,28): 0.436550110578537
(37,4): 0.43226656317710876
(37,5): 0.43799087405204773
(37,6): 0.43966299295425415
(37,22): 0.5396084785461426
(37,23): 0.5135663151741028
(37,25): 0.5177212953567505
(37,32): 0.5128026604652405
(37,33): 0.5753265619277954
(38,0): 0.4934057891368866
(38,7): 0.42835167050361633
(38,8): 0.4273667335510254
(38,9): 0.5552128553390503
(38,11): 0.4658660590648651
(38,17): 0.4656410217285156
(38,20): 0.44258689880371094
(38,27): 0.42951127886772156
(38,28): 0.5258274078369141
(38,29): 0.41426563262939453
(38,35): 0.40018951892852783
(39,5): 0.6183542609214783
(40,6): 0.595815896987915
(41,7): 0.4910338521003723
(41,34): 0.49450910091400146
(41,43): 0.5244014859199524
(42,7): 0.5218563675880432
(42,17): 0.5172455906867981
(42,28): 0.4561150074005127
(42,34): 0.6110129356384277
(42,53): 0.44849684834480286
(43,7): 0.47898128628730774
(43,14): 0.4271858334541321
(43,21): 0.5122306942939758
(43,27): 0.585377037525177
(43,32): 0.4346458613872528
(43,33): 0.45037755370140076
(43,41): 0.49063819646835327
(44,10): 0.5721219778060913
(44,17): 0.5751206278800964
(44,27): 0.5225474834442139
(44,52): 0.45020294189453125
(45,11): 0.4918130934238434
(45,50): 0.49052825570106506
(46,11): 0.5251635909080505
(46,59): 0.5445065498352051
(47,13): 0.4675423800945282
(47,51): 0.44903191924095154
(48,7): 0.5660489201545715
(48,13): 0.5430303812026978
(49,7): 0.5166633129119873
(49,16): 0.5480920672416687
(49,17): 0.5338637232780457
(50,8): 0.4200386703014374
(50,12): 0.42527633905410767
(50,15): 0.5084637403488159
(50,16): 0.5077470541000366
(50,28): 0.571707010269165
(50,29): 0.4490043520927429
(50,45): 0.5603704452514648
(51,13): 0.5547558665275574
(51,25): 0.5461132526397705
(51,47): 0.47070610523223877
(52,26): 0.5505751967430115
(52,44): 0.5054439902305603
(53,12): 0.5000767111778259
(53,14): 0.4000384509563446
(53,42): 0.540655255317688
(54,13): 0.576844334602356
(54,24): 0.5803191065788269
(54,25): 0.5221614837646484
(54,55): 0.4563983976840973
(54,57): 0.5940573811531067
(55,12): 0.5451833009719849
(55,25): 0.4819963276386261
(55,54): 0.5200014710426331
(56,24): 0.47886568307876587
(56,33): 0.502812385559082
(57,12): 0.4344165027141571
(57,16): 0.5568485856056213
(57,18): 0.5342898964881897
(57,22): 0.42640501260757446
(57,28): 0.5498567223548889
(57,54): 0.4281062185764313
(58,16): 0.5381077527999878
(58,29): 0.57464200258255
(58,34): 0.6148573160171509
(59,19): 0.3913313150405884
(59,23): 0.4409727454185486
(59,28): 0.5342651605606079
(59,46): 0.4641331136226654
