Interaction name: 5lwe

Affinity: 9.960000038146973
Predicted value: 7.556174278259277

Shapley values for edges: 

(0,1): 0.0011649036407470703
(0,5): 0.00016466140747070312
(0,10): 0.005079975128173828
(0,11): -0.004379310607910156
(0,13): 0.010705652236938477
(0,21): 0.0003374481201171875
(0,25): 0.00598109245300293
(0,26): 0.014679746627807617
(0,27): 0.000849609375
(0,28): 0.004415836334228516
(1,0): -4.3487548828125e-06
(1,5): -0.0013800048828125
(1,10): 0.005575017929077148
(1,11): -0.0034995365142822268
(1,21): 0.0016237926483154298
(1,25): 0.006024894714355469
(1,27): 0.0008261680603027343
(1,28): 0.00219691276550293
(2,5): -0.004774484634399414
(2,14): 0.010571613311767578
(2,15): 0.00442194938659668
(2,16): -0.007036991119384765
(2,17): -0.005405054092407226
(2,24): -0.007171926498413086
(2,27): 0.002099313735961914
(2,28): 0.008321380615234375
(3,4): 0.0021505355834960938
(3,16): -0.009434680938720703
(3,17): -0.0077355289459228515
(3,24): -0.013451614379882813
(3,29): 0.010427656173706055
(4,3): 0.0008863925933837891
(4,16): -0.01274648666381836
(4,17): -0.01287175178527832
(4,29): 0.00856851577758789
(5,0): -0.0002673530578613281
(5,1): 0.00019837379455566405
(5,2): -0.0008866024017333984
(5,10): 0.0017995166778564454
(5,11): -0.004388389587402344
(5,13): 0.004839277267456055
(5,14): 0.008712310791015625
(5,15): 0.004594030380249023
(5,17): -0.003933238983154297
(5,21): -0.0010077381134033204
(5,22): 0.004342947006225586
(5,24): -0.005831766128540039
(5,25): 0.005377874374389648
(5,26): 0.005374841690063477
(6,7): -6.866455078125e-07
(6,8): -0.00012401580810546874
(6,9): 2.3393630981445314e-05
(6,12): -0.0001968860626220703
(6,19): -0.00015905380249023438
(6,20): -0.00014394760131835937
(6,30): -0.002256765365600586
(7,6): -0.00038158416748046875
(7,8): -0.0003753566741943359
(7,9): -0.0006813621520996094
(7,12): -0.0004173755645751953
(7,19): -0.0002051830291748047
(7,20): -0.0006394767761230468
(7,31): -0.0011447811126708985
(7,32): -0.0018080043792724609
(7,37): -0.0033290863037109377
(7,43): -0.0020000839233398435
(7,47): -0.003750162124633789
(8,6): -0.0006404399871826171
(8,7): -0.0005975341796875
(8,9): -0.0006806755065917969
(8,12): -0.0006567287445068359
(8,19): -0.0004896450042724609
(8,20): -0.0009801197052001953
(8,31): -0.001706380844116211
(8,33): -0.004179620742797851
(8,34): -0.0014908409118652344
(8,35): -0.0038275814056396486
(8,37): -0.002325906753540039
(8,42): -0.0020709323883056643
(8,49): -0.005186338424682618
(9,6): -0.0001672840118408203
(9,7): -0.0005921268463134765
(9,8): -0.00013297080993652344
(9,10): -0.000866241455078125
(9,11): 0.002516298294067383
(9,12): -3.686904907226562e-05
(9,19): -8.501052856445313e-05
(9,20): -0.0002550029754638672
(9,21): 6.011962890625e-05
(9,25): 0.00012198448181152343
(9,34): -0.0015640926361083984
(10,0): 0.007448892593383789
(10,1): 0.0070234394073486325
(10,5): 0.0032874393463134767
(10,9): 0.0008709430694580078
(10,11): 0.0009208488464355469
(10,12): 0.0009238147735595704
(10,13): -0.0008245468139648438
(10,20): 0.0008922004699707031
(10,21): 0.0006342792510986328
(10,25): 0.0011937236785888672
(10,26): 0.003741426467895508
(10,30): 0.00014081001281738282
(10,42): 0.0015241050720214845
(10,44): -0.002987661361694336
(10,49): -0.000157318115234375
(11,0): 0.011531400680541991
(11,1): 0.008240346908569335
(11,5): 0.0013069725036621094
(11,9): 0.0015841388702392577
(11,10): 0.0005147838592529297
(11,12): 0.0007983779907226562
(11,19): 0.0021212482452392578
(11,20): 0.0018635463714599609
(11,21): 0.002914714813232422
(11,25): 0.0012326526641845703
(11,37): 0.0016733264923095702
(12,6): -0.0006007003784179687
(12,7): -0.0009426116943359375
(12,8): -0.0006709194183349609
(12,9): -0.00031876564025878906
(12,10): -0.001223611831665039
(12,11): 0.0007107257843017578
(12,19): -0.00040874481201171877
(12,20): -0.0007253837585449219
(12,21): -0.0005566596984863282
(12,25): -0.00046050071716308594
(12,30): -0.003605966567993164
(12,37): -0.0032372188568115232
(12,42): -0.002333402633666992
(13,0): 0.011278619766235351
(13,5): 0.004704246520996094
(13,10): 0.0006485271453857422
(13,14): -0.0001531505584716797
(13,15): -0.0004768562316894531
(13,21): 0.0016956996917724609
(13,22): 0.00026668548583984374
(13,23): 0.0009409523010253906
(13,25): 0.002508049011230469
(13,36): -0.0012669754028320312
(13,37): 0.00034035682678222655
(13,40): -0.0004405784606933594
(13,44): -0.0026220035552978515
(14,2): 0.010582695007324219
(14,5): 0.007440986633300781
(14,13): 0.0003148651123046875
(14,15): 0.0004852008819580078
(14,18): 0.0005920028686523437
(14,22): 0.000528116226196289
(14,23): 0.00033994674682617186
(14,24): 0.005599489212036133
(14,26): 0.003265190124511719
(14,37): 1.5544891357421874e-06
(14,38): -0.002988471984863281
(14,40): -0.0008608341217041015
(14,41): 0.00010550498962402343
(14,47): 0.0001972484588623047
(14,48): 0.00032095909118652345
(15,2): 0.008591251373291016
(15,5): 0.0052337169647216795
(15,13): -1.9063949584960936e-05
(15,14): 0.0002625179290771484
(15,17): 0.0034905242919921874
(15,22): 0.0009478569030761719
(15,23): 0.0014864444732666016
(15,24): 0.004009552001953125
(15,26): 0.0036098003387451173
(15,30): 0.001728839874267578
(15,49): 0.00042235374450683594
(16,2): 0.00576542854309082
(16,3): 0.008410272598266601
(16,4): 0.018990011215209962
(16,17): 0.0034264087677001952
(16,24): 0.0009127521514892578
(16,38): 0.0006053924560546875
(16,39): 0.0006538963317871093
(17,2): 0.007299966812133789
(17,3): 0.009871387481689453
(17,4): 0.015236339569091796
(17,5): 0.002698068618774414
(17,15): 0.001293182373046875
(17,16): 0.001163797378540039
(17,24): 0.0007930469512939454
(17,30): 0.002479400634765625
(17,40): 0.0017913532257080077
(17,47): 0.0021892642974853517
(18,14): -0.00094635009765625
(18,22): -0.0006168174743652343
(18,23): -9.715080261230469e-05
(18,41): -0.0020069408416748045
(18,42): -0.0002937126159667969
(18,47): -0.0020622634887695313
(18,48): -0.0010927391052246093
(19,6): -0.00010913848876953125
(19,7): -0.0002533912658691406
(19,8): 1.4657974243164062e-05
(19,9): -0.0003936958312988281
(19,11): 0.007104425430297851
(19,12): 9.797096252441407e-05
(19,20): -0.0004817962646484375
(19,21): -0.0010165023803710939
(19,25): 0.0012404823303222656
(20,6): -0.0006714344024658203
(20,7): -0.0005539512634277344
(20,8): -0.0004086017608642578
(20,9): -0.0003316497802734375
(20,10): -0.000890655517578125
(20,11): 0.005727071762084961
(20,12): -0.00036716461181640625
(20,19): -0.0005868911743164062
(20,21): -0.00019379615783691407
(20,25): -1.3055801391601562e-05
(20,31): -0.0011344814300537109
(21,0): 0.008393583297729492
(21,1): 0.007259492874145508
(21,5): 0.0027212047576904296
(21,9): 0.0006484699249267578
(21,10): 0.0007709121704101563
(21,11): 0.0018232440948486328
(21,12): 0.001124868392944336
(21,13): 0.0005280780792236328
(21,19): 0.002060203552246094
(21,20): 0.00045720100402832034
(21,26): 0.003011941909790039
(21,36): -0.0006527423858642579
(21,40): -0.00033826828002929686
(21,47): 0.0013414859771728516
(22,5): 0.010632667541503906
(22,13): 8.3160400390625e-06
(22,14): -0.0003275585174560547
(22,15): 0.0002296733856201172
(22,18): 0.0010913658142089845
(22,23): 0.0006694793701171875
(22,26): 0.0024991226196289062
(22,45): 0.0004645919799804688
(23,13): -0.000870513916015625
(23,14): -0.0006648349761962891
(23,15): -0.0010387992858886719
(23,18): -0.0006004810333251953
(23,22): 0.0008068275451660156
(23,26): 0.0033103179931640624
(23,46): -0.001432971954345703
(24,2): 0.005782661437988282
(24,3): 0.009051961898803711
(24,5): 0.0022202014923095705
(24,14): 0.0011470985412597656
(24,15): 0.001057453155517578
(24,16): 0.0018704891204833984
(24,17): 0.0019443511962890625
(24,49): 0.0028235626220703123
(25,0): 0.005998249053955078
(25,1): 0.007175016403198242
(25,5): -0.0021829128265380858
(25,9): -0.0056588172912597655
(25,10): -0.0033515167236328127
(25,11): -0.003516378402709961
(25,12): -0.005376062393188477
(25,13): -0.011163320541381836
(25,19): -0.008035612106323243
(25,20): -0.0034819793701171874
(25,26): -0.0024308300018310545
(26,0): 0.005362958908081055
(26,5): 0.0007147693634033203
(26,10): -0.010950822830200196
(26,14): -0.009724111557006835
(26,15): -0.008663244247436523
(26,21): -0.00783900260925293
(26,22): -0.004534940719604492
(26,23): -0.005794715881347656
(26,25): -0.00038781166076660154
(27,0): -0.0023197174072265626
(27,1): 0.0036552619934082033
(27,2): 0.0037346839904785155
(27,28): 0.0007452011108398437
(27,37): 0.0023216915130615232
(27,44): 0.006553897857666016
(28,0): -0.003226480484008789
(28,1): 0.0038251686096191406
(28,2): 0.010945005416870117
(28,27): -0.0033396148681640626
(28,37): 0.00391261100769043
(29,3): 0.0035972690582275393
(29,4): 0.0014415931701660155
(30,6): 0.0013513946533203125
(30,10): 0.00015969276428222655
(30,12): 0.0011338996887207031
(30,15): -0.0010633373260498047
(30,17): 0.009993219375610351
(31,7): 0.00024805068969726565
(31,8): 7.924079895019532e-05
(31,20): 0.0006114578247070312
(32,7): 0.0007230758666992188
(32,40): -0.0006983184814453125
(32,46): 0.0003506278991699219
(33,8): 0.0017655181884765625
(34,8): 0.00024045944213867186
(34,9): 0.0007271480560302735
(34,43): -0.0003597736358642578
(35,8): 0.0018502998352050782
(35,44): -0.00018334388732910156
(36,13): 0.0001691913604736328
(36,21): 0.0047828578948974606
(37,7): 0.0024307441711425783
(37,8): 0.002170848846435547
(37,11): 0.003440065383911133
(37,12): 0.0022053432464599607
(37,13): -0.0005430984497070313
(37,14): 0.000745849609375
(37,27): 0.014192991256713867
(37,28): 0.016765308380126954
(37,39): -0.0005759239196777344
(38,14): 0.0022843647003173827
(38,16): 0.010825920104980468
(39,16): 0.015223054885864258
(39,37): 0.0016609096527099609
(40,13): -0.0011670494079589844
(40,14): 4.544258117675781e-05
(40,17): 0.005248928070068359
(40,21): 0.0015089702606201172
(40,32): 0.00048677444458007814
(40,46): 0.0007755947113037109
(41,14): -0.00016345024108886717
(41,18): 0.0010787200927734374
(42,8): 0.0004792594909667969
(42,10): -4.551887512207031e-05
(42,12): 0.0005682373046875
(42,18): -0.00031058311462402345
(42,45): -0.0008593559265136719
(43,7): 0.0006135082244873046
(43,34): 0.0006223011016845703
(44,10): 0.003850717544555664
(44,13): 0.001545562744140625
(44,27): 0.019459733963012694
(44,35): 0.002623004913330078
(45,22): 0.0012722110748291016
(45,42): 0.0002895259857177734
(46,23): 0.00021294593811035155
(46,32): -0.00013548851013183593
(46,40): -0.0008843326568603515
(47,7): 0.00034880638122558594
(47,14): -0.0006634712219238282
(47,17): 0.006977643966674805
(47,18): -0.00012235641479492189
(47,21): 0.0018257999420166016
(47,48): -0.00018330574035644532
(48,14): -0.0007729244232177735
(48,18): 4.180908203125e-05
(48,47): -0.00047736167907714845
(49,8): 0.0018773269653320312
(49,10): 0.0023569297790527344
(49,15): 0.0008448123931884766
(49,24): 0.019543991088867188
