Interaction name: 5uhi

Affinity: 8.039999961853027
Predicted value: 7.635748863220215

Attributions for edges: 

(0,12): 0.5456815361976624
(0,15): 0.4597165584564209
(0,31): 0.5130290389060974
(0,34): 0.5982937216758728
(1,9): 0.3966602087020874
(1,11): 0.475732684135437
(1,27): 0.4214407503604889
(2,4): 0.4185299873352051
(2,8): 0.39426159858703613
(2,10): 0.4608754515647888
(2,13): 0.4804540276527405
(2,14): 0.5448268055915833
(2,18): 0.4249778389930725
(2,21): 0.5001631379127502
(2,22): 0.4655945599079132
(2,24): 0.4934568703174591
(2,32): 0.5377975702285767
(2,33): 0.4709250032901764
(3,12): 0.4562462866306305
(3,15): 0.4609765112400055
(3,18): 0.4717126786708832
(3,21): 0.5380146503448486
(3,23): 0.40340837836265564
(3,26): 0.4474133253097534
(3,29): 0.4291476905345917
(3,30): 0.38647231459617615
(3,31): 0.486236572265625
(3,34): 0.578681468963623
(3,35): 0.3652345538139343
(4,2): 0.5224149227142334
(4,7): 0.5201125144958496
(4,10): 0.4905237853527069
(4,13): 0.4498789310455322
(4,14): 0.4469200074672699
(4,19): 0.4371994137763977
(4,22): 0.4196082651615143
(4,32): 0.5592737197875977
(5,12): 0.5253655314445496
(5,15): 0.4539806842803955
(5,18): 0.48489388823509216
(5,21): 0.42659297585487366
(5,23): 0.40722498297691345
(5,26): 0.43140193819999695
(5,29): 0.3567475378513336
(5,30): 0.5867891311645508
(5,31): 0.48504337668418884
(6,7): 0.5970514416694641
(6,9): 0.5266826152801514
(6,10): 0.49577054381370544
(6,11): 0.5178592801094055
(6,14): 0.48064693808555603
(6,17): 0.47568026185035706
(6,19): 0.4925469756126404
(6,27): 0.5750777721405029
(6,36): 0.5852029323577881
(6,52): 0.5571322441101074
(7,4): 0.46225616335868835
(7,6): 0.42712801694869995
(7,9): 0.48875170946121216
(7,10): 0.46183860301971436
(7,11): 0.4777083396911621
(7,13): 0.5398961901664734
(7,14): 0.5625711679458618
(7,19): 0.5396948456764221
(7,22): 0.4212842285633087
(7,27): 0.4338216483592987
(7,32): 0.5286821126937866
(7,37): 0.5215134024620056
(7,44): 0.40321072936058044
(8,2): 0.41837745904922485
(8,15): 0.5000789165496826
(8,18): 0.5013560652732849
(8,21): 0.48534882068634033
(8,22): 0.4543810784816742
(8,24): 0.4352664351463318
(8,26): 0.466355562210083
(8,32): 0.5448801517486572
(8,37): 0.5097966194152832
(8,38): 0.5344657301902771
(9,1): 0.4285678565502167
(9,6): 0.4977017641067505
(9,7): 0.504589855670929
(9,11): 0.4188396632671356
(9,14): 0.5408216714859009
(9,19): 0.4864244759082794
(9,27): 0.51946622133255
(10,2): 0.4044917821884155
(10,4): 0.5444097518920898
(10,6): 0.4713880717754364
(10,7): 0.5473803281784058
(10,13): 0.4329758882522583
(10,14): 0.46108531951904297
(10,17): 0.4613998830318451
(10,19): 0.4131197929382324
(10,21): 0.4965837299823761
(10,22): 0.45161813497543335
(10,24): 0.47028252482414246
(10,32): 0.3899429142475128
(10,37): 0.5542966723442078
(10,38): 0.48794490098953247
(10,46): 0.4550532400608063
(11,1): 0.52171790599823
(11,6): 0.5398592948913574
(11,7): 0.43937861919403076
(11,9): 0.5064265727996826
(11,19): 0.5903408527374268
(11,27): 0.5265046954154968
(11,41): 0.5512858033180237
(11,50): 0.4408546984195709
(12,0): 0.45384541153907776
(12,3): 0.41328778862953186
(12,5): 0.4440869987010956
(12,15): 0.3881673216819763
(12,23): 0.4031520187854767
(12,29): 0.4693436920642853
(12,30): 0.5276434421539307
(12,31): 0.42557260394096375
(12,39): 0.5146612524986267
(12,42): 0.5789182782173157
(12,48): 0.522077739238739
(12,53): 0.6367851495742798
(13,2): 0.478853702545166
(13,4): 0.4864494204521179
(13,7): 0.4567701816558838
(13,10): 0.4670383334159851
(13,32): 0.4869251847267151
(13,36): 0.5625393986701965
(13,37): 0.5311816334724426
(13,39): 0.497832328081131
(13,43): 0.5433587431907654
(13,44): 0.5571911931037903
(13,45): 0.468469500541687
(14,2): 0.5766388773918152
(14,4): 0.4776713252067566
(14,6): 0.6833657026290894
(14,7): 0.38699963688850403
(14,9): 0.5338658094406128
(14,10): 0.5243543386459351
(14,17): 0.439841091632843
(14,19): 0.5059558749198914
(14,22): 0.4824858009815216
(14,24): 0.5553169846534729
(14,27): 0.5849878191947937
(14,32): 0.5263105034828186
(14,44): 0.5598576664924622
(14,45): 0.533625066280365
(14,46): 0.4924194812774658
(14,47): 0.5021011233329773
(14,50): 0.4554530084133148
(15,0): 0.5252448916435242
(15,3): 0.4705435633659363
(15,5): 0.5690294504165649
(15,8): 0.4587480425834656
(15,12): 0.4610355496406555
(15,18): 0.4647315442562103
(15,21): 0.4103849530220032
(15,23): 0.3989681601524353
(15,24): 0.4889519214630127
(15,25): 0.49548473954200745
(15,26): 0.4614340364933014
(15,28): 0.47234243154525757
(15,29): 0.435217022895813
(15,30): 0.4493943154811859
(15,31): 0.4744735062122345
(15,33): 0.4470498561859131
(15,39): 0.5503177046775818
(15,43): 0.4974518418312073
(16,20): 0.541018545627594
(16,23): 0.5734334588050842
(16,25): 0.5258090496063232
(16,28): 0.5218023061752319
(16,30): 0.5193189382553101
(16,48): 0.5231875777244568
(16,49): 0.4750894606113434
(17,6): 0.46712061762809753
(17,10): 0.5184895992279053
(17,14): 0.414763480424881
(17,19): 0.5768869519233704
(17,21): 0.47196289896965027
(17,22): 0.502678632736206
(17,24): 0.48845231533050537
(17,32): 0.396128386259079
(17,36): 0.563483476638794
(17,37): 0.5563050508499146
(17,39): 0.4628285765647888
(17,41): 0.5536903142929077
(17,44): 0.546293318271637
(17,47): 0.5143111348152161
(17,50): 0.5699371695518494
(17,51): 0.3982011377811432
(18,2): 0.4881613254547119
(18,3): 0.4867665767669678
(18,5): 0.4151785671710968
(18,8): 0.43068233132362366
(18,15): 0.5207768082618713
(18,21): 0.49691611528396606
(18,23): 0.4882127344608307
(18,24): 0.5724601149559021
(18,26): 0.49277305603027344
(18,29): 0.5119910836219788
(18,30): 0.586738109588623
(18,31): 0.5475738644599915
(18,33): 0.4306926727294922
(18,40): 0.4745336174964905
(18,52): 0.6210096478462219
(19,4): 0.39963099360466003
(19,6): 0.5394015312194824
(19,7): 0.47385621070861816
(19,9): 0.4790326952934265
(19,10): 0.5921018719673157
(19,11): 0.5654245018959045
(19,14): 0.5148347616195679
(19,17): 0.45868077874183655
(19,22): 0.4416951835155487
(19,27): 0.5018678307533264
(19,32): 0.4951831102371216
(19,53): 0.5252317190170288
(20,16): 0.46242979168891907
(20,23): 0.401384174823761
(20,25): 0.46824654936790466
(20,28): 0.5148333311080933
(20,29): 0.47426560521125793
(20,30): 0.4362582862377167
(20,38): 0.5019245743751526
(20,44): 0.5128524303436279
(20,48): 0.5062844753265381
(20,49): 0.44593366980552673
(20,52): 0.5776777863502502
(21,2): 0.5051202178001404
(21,3): 0.44115808606147766
(21,5): 0.5062520503997803
(21,8): 0.4847719371318817
(21,10): 0.4304681122303009
(21,15): 0.44257792830467224
(21,17): 0.4555375874042511
(21,18): 0.44340312480926514
(21,22): 0.519903302192688
(21,24): 0.4631367027759552
(21,26): 0.5392552018165588
(21,29): 0.4355136454105377
(21,30): 0.535840630531311
(21,31): 0.4982471764087677
(21,33): 0.4233390986919403
(21,36): 0.4578799903392792
(21,39): 0.5838069915771484
(21,40): 0.5257675051689148
(21,50): 0.6116528511047363
(22,2): 0.49553555250167847
(22,4): 0.48491087555885315
(22,7): 0.43942946195602417
(22,8): 0.47814813256263733
(22,10): 0.5388217568397522
(22,14): 0.46094945073127747
(22,17): 0.5229684114456177
(22,19): 0.44676053524017334
(22,21): 0.4797157943248749
(22,24): 0.5671762228012085
(22,26): 0.577370822429657
(22,32): 0.48417869210243225
(22,33): 0.4486744701862335
(22,53): 0.549120306968689
(23,3): 0.4998224377632141
(23,5): 0.5166396498680115
(23,12): 0.3984231650829315
(23,15): 0.46623292565345764
(23,16): 0.49293801188468933
(23,18): 0.4617423415184021
(23,20): 0.5154901742935181
(23,25): 0.34678027033805847
(23,26): 0.49634620547294617
(23,28): 0.5786144733428955
(23,29): 0.4251869320869446
(23,30): 0.5845064520835876
(23,31): 0.4186118543148041
(23,42): 0.47063755989074707
(23,48): 0.5760061740875244
(24,2): 0.43825021386146545
(24,8): 0.49471354484558105
(24,10): 0.42478442192077637
(24,14): 0.3895517885684967
(24,15): 0.48600658774375916
(24,17): 0.48138514161109924
(24,18): 0.4173920154571533
(24,21): 0.4559946358203888
(24,22): 0.41526898741722107
(24,26): 0.4494920074939728
(24,32): 0.3721136152744293
(24,33): 0.4720127582550049
(24,36): 0.6464299559593201
(24,38): 0.4086608290672302
(25,15): 0.599075436592102
(25,16): 0.5330086350440979
(25,20): 0.46733537316322327
(25,23): 0.5257676243782043
(25,28): 0.5468752384185791
(25,29): 0.4577283561229706
(25,30): 0.48369041085243225
(26,3): 0.45308157801628113
(26,5): 0.46467146277427673
(26,8): 0.43807798624038696
(26,15): 0.4531482458114624
(26,18): 0.4954220950603485
(26,21): 0.4820258915424347
(26,22): 0.47744643688201904
(26,23): 0.4238949418067932
(26,24): 0.4472092390060425
(26,29): 0.43696776032447815
(26,30): 0.5373338460922241
(26,31): 0.44879573583602905
(26,33): 0.48729872703552246
(27,1): 0.44115522503852844
(27,6): 0.46265628933906555
(27,7): 0.4176315665245056
(27,9): 0.4505898654460907
(27,11): 0.5451073050498962
(27,14): 0.532638669013977
(27,19): 0.5361042618751526
(28,15): 0.5779265761375427
(28,16): 0.5214859843254089
(28,20): 0.44093456864356995
(28,23): 0.562694787979126
(28,25): 0.5772714018821716
(28,29): 0.42851439118385315
(28,30): 0.5381980538368225
(28,53): 0.4841121435165405
(29,3): 0.5200543403625488
(29,5): 0.46082183718681335
(29,12): 0.44683611392974854
(29,15): 0.5416352152824402
(29,18): 0.53119957447052
(29,20): 0.52461838722229
(29,21): 0.4668830335140228
(29,23): 0.4566037356853485
(29,25): 0.5199989080429077
(29,26): 0.42292383313179016
(29,28): 0.4931872487068176
(29,30): 0.5283727645874023
(29,31): 0.44631972908973694
(29,39): 0.5649988651275635
(30,3): 0.501133382320404
(30,5): 0.45886287093162537
(30,12): 0.5841418504714966
(30,15): 0.4595811665058136
(30,16): 0.5139018297195435
(30,18): 0.5161141753196716
(30,20): 0.468066543340683
(30,21): 0.501508891582489
(30,23): 0.4795001745223999
(30,25): 0.564762532711029
(30,26): 0.37415945529937744
(30,28): 0.406891405582428
(30,29): 0.5636007189750671
(30,52): 0.521318793296814
(30,53): 0.48856884241104126
(31,0): 0.4563802182674408
(31,3): 0.5186360478401184
(31,5): 0.5481948256492615
(31,12): 0.5279773473739624
(31,15): 0.46118229627609253
(31,18): 0.5813946723937988
(31,21): 0.5859684348106384
(31,23): 0.5579469203948975
(31,26): 0.48637986183166504
(31,29): 0.5998830199241638
(32,2): 0.4282134771347046
(32,4): 0.5058818459510803
(32,7): 0.5075979828834534
(32,8): 0.5755680203437805
(32,10): 0.47201240062713623
(32,13): 0.4660396873950958
(32,14): 0.36990153789520264
(32,17): 0.5328719019889832
(32,19): 0.5549268126487732
(32,22): 0.5656790733337402
(32,24): 0.5496730208396912
(32,33): 0.5768498182296753
(33,2): 0.5106819868087769
(33,15): 0.5112829804420471
(33,18): 0.44732171297073364
(33,21): 0.4724670946598053
(33,22): 0.5142841339111328
(33,24): 0.4811660647392273
(33,26): 0.5916629433631897
(33,32): 0.5201318860054016
(34,0): 0.5599247813224792
(34,3): 0.5209485292434692
(35,3): 0.5230685472488403
(35,39): 0.49706003069877625
(35,51): 0.5520395636558533
(36,6): 0.4465542733669281
(36,13): 0.5042243599891663
(36,17): 0.3690565526485443
(36,21): 0.5634803771972656
(36,24): 0.537779688835144
(36,46): 0.46340325474739075
(37,7): 0.5894366502761841
(37,8): 0.4621245265007019
(37,10): 0.45153188705444336
(37,13): 0.5038509368896484
(37,17): 0.5540554523468018
(37,40): 0.4904141128063202
(37,52): 0.5160287618637085
(38,8): 0.556110143661499
(38,10): 0.5021709203720093
(38,20): 0.5801625847816467
(38,24): 0.6029389500617981
(39,12): 0.5283792018890381
(39,13): 0.5620315670967102
(39,15): 0.48462674021720886
(39,17): 0.574981153011322
(39,21): 0.5768530368804932
(39,29): 0.5298720598220825
(39,35): 0.5151374340057373
(40,18): 0.49653467535972595
(40,21): 0.5783031582832336
(40,37): 0.45855599641799927
(40,52): 0.5646860003471375
(41,11): 0.559415340423584
(41,17): 0.5311335921287537
(42,12): 0.5607585906982422
(42,23): 0.4654979407787323
(43,13): 0.6263150572776794
(43,15): 0.46187618374824524
(43,47): 0.5870030522346497
(44,7): 0.5607401728630066
(44,13): 0.5659410357475281
(44,14): 0.5199655890464783
(44,17): 0.5280216336250305
(44,20): 0.5075532793998718
(45,13): 0.5113950967788696
(45,14): 0.42880016565322876
(46,10): 0.4887746274471283
(46,14): 0.5494837760925293
(46,36): 0.46948733925819397
(47,14): 0.5272857546806335
(47,17): 0.5215119123458862
(47,43): 0.5479655861854553
(47,51): 0.5806615352630615
(48,12): 0.6070648431777954
(48,16): 0.47635918855667114
(48,20): 0.5476226210594177
(48,23): 0.5316458940505981
(49,16): 0.49953973293304443
(49,20): 0.49260666966438293
(50,11): 0.47125110030174255
(50,14): 0.523263692855835
(50,17): 0.49159109592437744
(50,21): 0.5751789212226868
(51,17): 0.5272631645202637
(51,35): 0.505456805229187
(51,47): 0.550536572933197
(52,6): 0.5632005929946899
(52,18): 0.46137744188308716
(52,20): 0.47412288188934326
(52,30): 0.5260635614395142
(52,37): 0.5567382574081421
(52,40): 0.4461723268032074
(53,12): 0.514809250831604
(53,19): 0.5188760161399841
(53,22): 0.5575816035270691
(53,28): 0.527962863445282
(53,30): 0.503612220287323
