Interaction name: 5hzx

Affinity: 8.550000190734863
Predicted value: 7.5271100997924805

Shapley values for edges: 

(0,1): 0.0006995010375976563
(0,2): -0.0005053234100341797
(0,4): 0.01018524169921875
(0,9): 0.022685213088989256
(0,11): 0.02591836929321289
(0,13): 0.02149264335632324
(0,14): 0.004496908187866211
(0,15): 0.011291227340698241
(1,0): -0.0052635097503662106
(1,2): -0.004491739273071289
(1,3): -0.001096343994140625
(1,4): 0.01056431770324707
(1,8): 0.018825626373291014
(1,14): 0.004567365646362304
(1,15): 0.009919281005859376
(2,0): -0.0006906890869140625
(2,1): 4.578590393066406e-05
(2,14): 0.001477203369140625
(2,16): -0.0020716381072998047
(2,17): -0.001906452178955078
(3,1): 0.003785600662231445
(3,4): 0.0009280776977539062
(3,8): 0.010620450973510743
(3,14): 0.00799468994140625
(3,18): 0.0018991565704345704
(4,0): 0.009604043960571289
(4,1): 0.02129277229309082
(4,3): 0.00949040412902832
(4,7): 0.002721700668334961
(4,8): -0.0005349445343017578
(4,9): 0.0007400131225585938
(4,11): 7.018089294433594e-05
(4,13): 0.0009654331207275391
(4,14): 0.009611301422119141
(4,19): 0.0030820465087890627
(4,30): 0.006820039749145508
(5,6): -6.103515625e-07
(5,7): -0.0011722755432128907
(5,9): -0.0019806480407714845
(5,10): -0.0003479385375976562
(5,11): -0.0017071914672851561
(5,12): -0.000555877685546875
(5,13): -0.0006723308563232422
(5,22): -0.001281414031982422
(6,5): -0.0005877590179443359
(6,7): -0.0013270854949951171
(6,12): -0.0006655788421630859
(6,13): -0.002288837432861328
(6,22): -0.0018068599700927735
(6,23): -0.0018761444091796875
(7,4): -0.0019381523132324218
(7,5): -0.0012859439849853516
(7,6): -0.0014328861236572266
(7,9): -0.0020697879791259765
(7,11): -0.004178018569946289
(7,12): -0.0013863372802734376
(7,13): -0.001079692840576172
(7,19): -0.0027893257141113283
(7,24): -0.0025575447082519533
(7,25): -0.0023204326629638673
(8,1): 0.030901546478271483
(8,3): 0.004527158737182617
(8,4): 0.00029603958129882814
(8,22): 0.0034641933441162107
(8,26): 0.0007002067565917969
(8,27): 0.0010683536529541016
(8,28): 0.0010072994232177735
(8,29): 0.0011813068389892579
(8,30): 0.005207633972167969
(9,0): 0.006105947494506836
(9,4): -0.001377573013305664
(9,5): 0.0002597332000732422
(9,7): 0.0010243606567382811
(9,10): 0.0008431339263916016
(9,11): -0.00043239593505859373
(9,12): -0.0002702045440673828
(9,13): -9.030342102050781e-05
(9,14): 0.010856637954711914
(9,30): 0.002549295425415039
(10,5): -8.938789367675782e-05
(10,9): -0.0007689285278320312
(10,11): -0.0009811210632324218
(10,12): -0.0004563713073730469
(10,13): 0.000962209701538086
(10,21): 0.0001502799987792969
(11,0): 0.022522392272949218
(11,4): 0.0009171581268310547
(11,5): 0.0020182991027832033
(11,7): 0.0021189022064208984
(11,9): 0.00011578559875488281
(11,10): 0.0007819652557373047
(11,12): 0.0014296913146972657
(11,13): 0.0008630657196044922
(11,20): 0.0010799217224121095
(11,30): 0.003558969497680664
(12,5): 4.256248474121094e-05
(12,6): -0.00010668754577636719
(12,7): -0.0002739429473876953
(12,9): -0.0012877655029296874
(12,10): -0.0005674648284912109
(12,11): -0.0021139144897460937
(12,13): -0.00032466888427734375
(12,19): -0.001577291488647461
(12,30): 0.00015008926391601562
(13,0): 0.018085880279541014
(13,4): 0.0024842071533203126
(13,5): 0.0013826274871826172
(13,6): 0.0027088165283203126
(13,7): 0.001127157211303711
(13,9): 0.00033539772033691406
(13,10): 0.002076759338378906
(13,11): 0.0009173774719238282
(13,12): 0.000794687271118164
(13,19): 0.0037055587768554687
(14,0): 0.002260608673095703
(14,1): 0.003762502670288086
(14,2): 0.003452110290527344
(14,3): 0.0010149955749511718
(14,4): -0.013285207748413085
(14,9): -0.01856602668762207
(15,0): -0.010672645568847656
(15,1): -0.01341531753540039
(15,16): -0.005413980484008789
(15,30): -0.004260406494140625
(16,2): 0.0020366477966308593
(16,15): 0.009322938919067382
(16,30): -0.00016707420349121094
(17,2): -0.0008149623870849609
(18,3): -0.008028736114501953
(19,4): 0.0009648704528808594
(19,7): 1.903533935546875e-05
(19,12): -0.000681924819946289
(19,13): -0.0022331714630126954
(19,28): -0.0005639743804931641
(20,11): 0.0004655551910400391
(21,10): -1.91497802734375e-05
(21,22): 0.00031126022338867187
(22,5): 0.00012574195861816406
(22,6): -0.0005122184753417969
(22,8): -0.005544223785400391
(22,21): -0.00047271728515625
(23,6): 0.001399211883544922
(23,24): 1.255035400390625e-05
(24,7): 8.669853210449218e-05
(24,23): 0.0002637672424316406
(25,7): -0.00048465728759765624
(25,29): -0.0007792186737060547
(26,8): -0.002211313247680664
(27,8): -0.0023067760467529296
(27,28): 0.00024471282958984377
(28,8): -0.003622751235961914
(28,19): -0.000130157470703125
(28,27): -0.00013976097106933595
(29,8): -0.0003584003448486328
(29,25): 0.0012693023681640625
(30,4): 0.0025495147705078126
(30,8): 0.0008113193511962891
(30,9): 0.002070322036743164
(30,11): 0.0005611515045166015
(30,12): 0.0041466236114501955
(30,15): 0.038945341110229494
(30,16): 0.011546049118041992
