Interaction name: 5ni5

Affinity: 8.050000190734863
Predicted value: 7.9398016929626465

Shapley values for edges: 

(0,1): -0.011300086975097656
(0,6): -0.0022753095626831055
(0,7): -0.0009933042526245118
(0,20): 0.003686790466308594
(0,23): -0.025246648788452147
(0,24): -0.013081097602844238
(0,32): 0.03088444232940674
(0,33): 0.021272759437561035
(1,0): -0.048808627128601074
(1,6): 0.025648069381713868
(1,7): -0.01662917137145996
(1,20): 0.01768134593963623
(1,23): -0.016082253456115723
(1,24): 0.0006782579421997071
(1,33): 0.043955874443054196
(2,5): -0.01416783332824707
(2,8): -0.0014732742309570312
(2,9): 0.0397066879272461
(2,16): 0.008082151412963867
(2,21): -0.014202494621276856
(2,22): -0.010863761901855468
(2,32): 0.03343105792999267
(3,5): -0.03292029857635498
(3,11): 0.014696431159973145
(3,15): 0.016863741874694825
(3,16): -0.04628081798553467
(3,29): 0.0011310386657714844
(3,31): -0.07980224132537841
(4,10): -0.017740273475646974
(4,16): 0.023610639572143554
(4,17): 0.0021245813369750975
(4,18): 0.03392387390136719
(4,26): 0.012953238487243652
(4,31): -0.028390569686889647
(5,2): 0.03948674201965332
(5,3): -0.02223020076751709
(5,8): 0.0022644805908203125
(5,9): 0.023093295097351075
(5,16): -0.020342140197753905
(5,22): 0.0035075092315673827
(5,31): -0.002056269645690918
(5,34): 0.04044833660125732
(6,0): 0.041034002304077145
(6,1): -0.023709902763366698
(6,7): -0.0033636236190795897
(6,20): -0.0190687894821167
(6,23): 0.006640200614929199
(6,24): -0.004843707084655762
(6,37): 0.015567817687988282
(7,0): 0.00861175537109375
(7,1): -0.01831779956817627
(7,6): 0.007173652648925781
(7,8): 0.010155220031738282
(7,9): -0.008249545097351074
(7,20): -0.012184200286865234
(7,21): -0.0011220359802246093
(7,22): -0.00496957778930664
(7,23): -0.005589728355407715
(7,24): -0.009258193969726563
(7,35): -0.0024800539016723634
(7,38): -0.017079644203186035
(7,39): -0.009482946395874024
(7,52): -0.0010503053665161133
(8,2): 0.01771635055541992
(8,5): -0.04833330154418945
(8,7): 0.004592766761779785
(8,9): -0.007382206916809082
(8,21): -0.011750798225402832
(8,22): 0.008950581550598144
(8,23): 0.0015675973892211913
(8,24): -0.007894344329833984
(8,49): -0.0007417440414428711
(8,58): -0.012544865608215333
(9,2): 0.029067091941833496
(9,5): -0.024124884605407716
(9,7): -0.004702310562133789
(9,8): -0.007947602272033692
(9,21): -0.003889169692993164
(9,22): 0.0116070556640625
(9,23): 0.010228080749511719
(9,40): 0.12548171997070312
(9,44): 0.0032877826690673826
(10,4): -0.021442599296569824
(10,11): -0.01634554386138916
(10,15): 0.010708284378051759
(10,16): 0.009558548927307129
(10,17): -0.007949390411376954
(10,25): -0.009303317070007325
(10,26): -0.013535728454589844
(10,27): -0.0004776811599731445
(10,28): -0.00974599838256836
(10,29): 0.0038567304611206053
(10,31): -0.024075345993041994
(10,41): -0.006402206420898437
(10,52): -0.005959458351135254
(10,56): -0.006338138580322266
(10,58): -0.0055693483352661135
(10,59): -0.010885186195373535
(11,3): -0.031342477798461915
(11,10): -0.0016300630569458007
(11,12): -0.021270909309387208
(11,13): -0.020530781745910644
(11,14): 0.0037206745147705077
(11,15): 0.004376835823059082
(11,16): -0.0008141517639160157
(11,17): -0.0025667476654052733
(11,19): -0.007670264244079589
(11,26): -0.003729853630065918
(11,29): -0.014347929954528809
(11,30): -0.018936972618103027
(11,31): -0.12448068141937256
(11,35): -0.008116316795349122
(11,41): -0.009056601524353027
(11,42): 0.00499082088470459
(11,44): -0.019299826622009277
(11,56): -0.00803417205810547
(12,11): 0.0018203020095825194
(12,13): -0.012577714920043946
(12,14): -0.03247383117675781
(12,15): -0.022363991737365724
(12,26): -0.009292011260986327
(12,29): -0.01581406593322754
(12,30): -0.030171694755554198
(12,31): -0.016367101669311525
(12,43): 0.012434487342834472
(13,11): 0.005859980583190918
(13,12): 0.007670059204101563
(13,14): 0.010207357406616211
(13,15): -0.014373989105224609
(13,19): -0.016861066818237305
(13,29): -0.018556642532348632
(13,43): -0.014989705085754394
(13,57): -0.008216390609741211
(13,59): -0.0017963933944702148
(14,11): -0.014544000625610351
(14,12): -0.018540101051330568
(14,13): -0.02545154094696045
(14,15): -0.020689945220947265
(14,19): -0.0297731351852417
(14,29): -0.020316343307495117
(14,30): -0.0023673725128173827
(14,31): -0.03544045448303223
(15,3): 0.013982162475585938
(15,10): -0.0036654043197631835
(15,11): -0.028896479606628417
(15,12): -0.0487324047088623
(15,13): 0.00508521556854248
(15,14): -0.006725921630859375
(15,19): -0.003605198860168457
(15,29): 0.0016327428817749024
(15,30): -0.0024151897430419924
(15,31): -0.03983860015869141
(15,38): -0.0323793363571167
(15,49): -0.00264864444732666
(15,52): -0.0051853227615356445
(15,58): 0.006670742034912109
(16,2): 0.019346184730529785
(16,3): 0.007684135437011718
(16,4): -0.0017556238174438476
(16,5): -0.03747291088104248
(16,10): -0.006480851173400879
(16,11): -0.015952692031860352
(16,17): -0.015757980346679686
(16,31): -0.03871006965637207
(16,41): -0.005466713905334473
(16,44): 0.012491054534912109
(16,55): 0.003832554817199707
(16,57): -0.006314926147460938
(17,4): -0.03002573013305664
(17,10): -0.0030179405212402343
(17,11): -0.011048674583435059
(17,16): 0.006852049827575684
(17,18): -0.017433347702026366
(17,25): -0.006004705429077149
(17,26): -0.00034288883209228517
(17,27): -0.006004996299743652
(17,28): -0.004073119163513184
(17,29): 0.011188249588012695
(17,31): -0.0027739620208740235
(17,43): -0.009754900932312011
(17,47): 0.002778191566467285
(18,4): -0.01495163917541504
(18,17): 0.037224774360656736
(18,26): -0.002275700569152832
(18,27): 0.0008916521072387696
(18,28): -0.008604893684387207
(18,29): -0.031667861938476566
(18,35): -0.002948441505432129
(18,45): -0.0009288549423217774
(18,46): 0.014771151542663574
(18,47): -0.00845846176147461
(18,51): 0.0015812921524047852
(19,11): 0.0030652379989624026
(19,13): -0.009036855697631836
(19,14): -0.007880454063415527
(19,15): -0.03835093975067139
(19,30): -0.02663175106048584
(19,48): -0.017246761322021485
(19,49): -0.004366245269775391
(19,57): 0.011055140495300294
(19,58): -0.0012426090240478516
(19,59): -0.011706233024597168
(20,0): 0.028807506561279297
(20,1): -0.02370011806488037
(20,6): 0.012102432250976562
(20,7): -0.01712165355682373
(20,23): -0.0035079145431518555
(20,24): 0.006838502883911132
(20,35): 0.0014307498931884766
(20,36): -0.0020566415786743165
(20,50): 0.01182781219482422
(20,52): 0.0017241430282592773
(20,56): -0.005799937248229981
(21,2): -0.014274492263793945
(21,7): 0.0028080987930297853
(21,8): 0.02117584228515625
(21,9): -0.02330374240875244
(21,22): 0.008813004493713378
(21,23): -0.0013283252716064452
(21,24): 0.0016024684906005859
(21,44): 0.005277023315429687
(21,55): -0.010091991424560546
(21,56): -0.004293398857116699
(22,2): 0.030668978691101075
(22,5): -0.02981889247894287
(22,7): 0.010068817138671875
(22,8): 0.007174944877624512
(22,9): -0.044262351989746096
(22,21): -0.009841513633728028
(22,23): -0.005737528800964355
(22,24): -0.004751911163330078
(22,36): -0.0005569314956665039
(22,52): 0.005271940231323242
(23,0): 0.035039973258972165
(23,1): -0.023855862617492677
(23,6): -0.005893735885620117
(23,7): 0.005372800827026367
(23,8): 0.004130063056945801
(23,9): -0.019997625350952147
(23,20): -0.023988876342773437
(23,21): -0.006602396965026855
(23,22): 0.005589342117309571
(23,24): 0.00598475456237793
(23,36): -0.005561513900756836
(23,52): 0.0029581689834594724
(23,55): -0.010190763473510743
(24,0): 0.047178277969360354
(24,1): -0.013105263710021972
(24,6): -0.01538283348083496
(24,7): -0.0047275304794311525
(24,8): -0.012385859489440917
(24,20): 0.004792962074279785
(24,21): -0.012462496757507324
(24,22): -0.0008654689788818359
(24,23): -0.0034210968017578127
(24,55): -0.0048906469345092775
(25,10): -0.011960201263427735
(25,17): 0.006163058280944825
(25,26): -0.0027922725677490233
(25,27): -0.008672542572021484
(25,28): -0.002738194465637207
(25,49): -0.003284921646118164
(25,51): -0.011022939682006835
(25,54): -0.004324846267700196
(26,4): -0.05569918155670166
(26,10): 0.00023970603942871093
(26,11): 0.003018479347229004
(26,12): -0.010340971946716309
(26,17): -0.0043592071533203125
(26,18): -0.0006637334823608399
(26,25): -0.017058048248291015
(26,27): -0.004410638809204102
(26,28): -0.0022910785675048827
(26,29): -0.01735292911529541
(26,46): 0.002103404998779297
(26,51): -0.0035104894638061522
(26,58): -0.0076967811584472655
(27,10): -0.015827779769897462
(27,17): -0.0014417076110839844
(27,18): 0.00043875694274902343
(27,25): -0.01021347999572754
(27,26): -0.0037819957733154297
(27,28): -0.000795297622680664
(27,45): -0.011153035163879395
(27,51): -0.011357998847961426
(28,10): 0.003862123489379883
(28,17): -0.005569453239440918
(28,18): -0.008577866554260254
(28,25): -0.018187966346740723
(28,26): 0.004817843437194824
(28,27): -0.0011670351028442382
(28,41): -0.007227740287780762
(28,52): -0.004931192398071289
(28,53): -0.005889077186584473
(28,54): -0.007782111167907715
(28,56): -0.0054606103897094724
(29,3): -0.025410490036010744
(29,10): 0.0024649572372436525
(29,11): -0.019145746231079102
(29,12): -0.00945284366607666
(29,13): -0.014995160102844239
(29,14): 0.014877848625183106
(29,15): -0.029464111328125
(29,17): -0.0009330606460571289
(29,18): -0.013167176246643066
(29,26): -0.003991484642028809
(29,30): -0.04639782428741455
(29,31): -0.002535576820373535
(29,47): -0.0020743227005004883
(30,11): -0.01878358840942383
(30,12): -0.006804933547973633
(30,14): -0.0200681209564209
(30,15): -0.003601512908935547
(30,19): 0.014287385940551758
(30,29): 0.041620121002197266
(31,3): -0.0394627857208252
(31,4): -0.024826874732971193
(31,5): 0.05256192684173584
(31,10): 0.025250120162963866
(31,11): -0.023518328666687013
(31,12): -0.023766708374023438
(31,14): 0.03441014289855957
(31,15): -0.01092639446258545
(31,16): 0.03046525001525879
(31,17): 0.025866985321044922
(31,29): -0.026713953018188477
(32,0): -0.07188746929168702
(32,2): -0.061085481643676755
(33,0): -0.041698789596557616
(33,1): -0.05006892681121826
(33,37): 0.02904026985168457
(33,38): -0.023733868598937988
(33,39): 0.016726441383361816
(34,5): -0.0627903699874878
(34,40): -0.03641237258911133
(35,7): -4.072189331054688e-05
(35,11): -0.0052411270141601565
(35,18): 0.004250369071960449
(35,20): -0.001125502586364746
(36,20): 0.0020636606216430666
(36,22): -0.02553795337677002
(36,23): 0.006000256538391114
(36,41): 0.0018645238876342774
(36,57): -0.004579944610595703
(37,6): 0.004438996315002441
(37,33): -0.07824365139007568
(37,38): -0.020960164070129395
(38,7): -0.0062073802947998045
(38,15): -0.027133779525756838
(38,33): -0.06725765228271484
(38,37): -0.059453272819519044
(39,7): -0.022230825424194335
(39,33): -0.08065618515014648
(39,55): -0.009313869476318359
(40,9): -0.09300454616546631
(40,34): -0.1399221420288086
(41,10): -5.9213638305664066e-05
(41,11): 0.0019296073913574218
(41,16): -0.012778034210205078
(41,28): 0.0030840778350830077
(41,36): 0.0021350431442260743
(41,57): -0.0025824880599975585
(42,11): 0.0008976316452026367
(42,58): -0.00010073661804199218
(43,12): -0.02150604248046875
(43,13): -0.0004009151458740234
(43,17): 0.010359220504760742
(43,48): 0.002708148956298828
(44,9): 0.007028861045837402
(44,11): -0.00883882999420166
(44,16): 0.0031439828872680663
(44,21): 0.007575945854187012
(45,18): -0.0022980403900146485
(45,27): 0.002335371971130371
(45,56): 0.0024486923217773436
(46,18): -0.0040430593490600585
(46,26): -0.0012252521514892578
(47,17): 0.006527018547058105
(47,18): 0.004249629974365235
(47,29): -0.010314731597900391
(48,19): -0.005769782066345215
(48,43): -0.0017356252670288085
(49,8): 0.013145723342895509
(49,15): -0.019613370895385743
(49,19): -0.008323535919189454
(49,25): -0.00407339096069336
(50,20): 0.01990682601928711
(51,18): -0.0013529253005981445
(51,25): -0.0054002046585083004
(51,26): 0.0035047197341918947
(51,27): -0.0014931488037109376
(51,59): -0.0017173385620117187
(52,7): 0.010220980644226075
(52,10): -0.011855120658874512
(52,15): 0.013109455108642578
(52,20): -0.001195068359375
(52,22): -0.004435949325561524
(52,23): 0.008127512931823731
(52,28): -0.00231022834777832
(53,28): 0.005802965164184571
(53,56): -0.003174018859863281
(54,25): 0.00496957778930664
(54,28): 0.005864672660827637
(55,16): 0.023865571022033693
(55,21): -0.006068744659423828
(55,23): 0.00488210678100586
(55,24): 0.0035697364807128905
(55,39): 0.011576189994812011
(56,10): -0.0030779409408569335
(56,11): -0.003902082443237305
(56,20): 0.0049904298782348635
(56,21): 0.0026515913009643555
(56,28): -0.0051554346084594724
(56,45): -0.006415286064147949
(56,53): -0.007659792900085449
(57,13): -0.0024635124206542967
(57,16): 0.01959432601928711
(57,19): 0.006298060417175293
(57,36): -0.004889974594116211
(57,41): 0.01245556354522705
(58,8): -0.009777007102966308
(58,10): -0.004141092300415039
(58,15): -0.0036753129959106443
(58,19): -0.006265439987182617
(58,26): -0.012675032615661622
(58,42): -0.01567960262298584
(59,10): 0.0022721099853515625
(59,13): -0.03218184947967529
(59,19): -0.009300007820129394
(59,51): 0.0018342065811157227
