Interaction name: 5i2e

Affinity: 6.639999866485596
Predicted value: 6.778435707092285

Attributions for edges: 

(0,1): 0.5553419589996338
(0,2): 0.4571514129638672
(0,18): 0.5176601409912109
(0,25): 0.5622751116752625
(0,27): 0.38458725810050964
(0,28): 0.4754583239555359
(0,31): 0.41284307837486267
(1,0): 0.4084973633289337
(1,8): 0.3822522759437561
(1,18): 0.45860740542411804
(1,25): 0.4810400903224945
(1,27): 0.5545828342437744
(1,28): 0.4174098074436188
(1,31): 0.5036566853523254
(2,0): 0.46358537673950195
(2,3): 0.4960271120071411
(2,4): 0.5466592907905579
(2,5): 0.46868592500686646
(2,11): 0.4531508982181549
(2,12): 0.4587365388870239
(2,15): 0.47076717019081116
(2,17): 0.5468186140060425
(2,18): 0.3930736482143402
(2,19): 0.4427998661994934
(2,22): 0.42198827862739563
(2,27): 0.3734123408794403
(2,31): 0.4862540662288666
(2,33): 0.538260281085968
(3,2): 0.3445277214050293
(3,4): 0.5278051495552063
(3,12): 0.5258756875991821
(3,17): 0.49237266182899475
(3,18): 0.4460785388946533
(3,19): 0.4424780309200287
(3,22): 0.43156862258911133
(3,27): 0.410961389541626
(3,31): 0.571216344833374
(3,33): 0.5296927690505981
(3,35): 0.4501813054084778
(4,2): 0.4408411383628845
(4,3): 0.4188790023326874
(4,5): 0.38943636417388916
(4,11): 0.4213358461856842
(4,15): 0.33793726563453674
(4,17): 0.5968574285507202
(4,18): 0.43125179409980774
(4,19): 0.5789041519165039
(4,22): 0.5326853394508362
(4,31): 0.4463779628276825
(4,33): 0.4704359471797943
(5,2): 0.4779691994190216
(5,4): 0.4691706597805023
(5,6): 0.49448710680007935
(5,7): 0.5349245071411133
(5,9): 0.546517014503479
(5,10): 0.5122551918029785
(5,12): 0.4583967924118042
(5,14): 0.41441547870635986
(5,15): 0.4524502158164978
(5,19): 0.45294126868247986
(5,22): 0.4379642605781555
(5,28): 0.4967527389526367
(5,29): 0.5717090368270874
(5,30): 0.5486962795257568
(5,31): 0.4101255536079407
(5,32): 0.426512211561203
(5,33): 0.5343262553215027
(5,34): 0.4733714461326599
(6,5): 0.3809710741043091
(6,7): 0.40855172276496887
(6,10): 0.4643164277076721
(6,15): 0.5043877959251404
(6,28): 0.48505425453186035
(6,29): 0.439116895198822
(6,30): 0.4278632402420044
(6,31): 0.4624776244163513
(6,32): 0.5440348386764526
(6,33): 0.45919594168663025
(6,34): 0.487722247838974
(7,5): 0.42122194170951843
(7,6): 0.49934127926826477
(7,9): 0.491340309381485
(7,10): 0.4085193872451782
(7,15): 0.5026235580444336
(7,28): 0.4851396679878235
(7,30): 0.48226210474967957
(7,31): 0.39325442910194397
(7,32): 0.5532671809196472
(7,33): 0.41982588171958923
(8,1): 0.5448240637779236
(8,25): 0.4082307815551758
(9,5): 0.45846033096313477
(9,7): 0.45788803696632385
(9,10): 0.4031020402908325
(9,13): 0.4951900243759155
(9,14): 0.44740742444992065
(9,15): 0.46897435188293457
(9,19): 0.3771483600139618
(9,28): 0.5119158625602722
(9,29): 0.43439316749572754
(9,30): 0.39807161688804626
(9,31): 0.5281029343605042
(9,33): 0.4991915225982666
(9,34): 0.4254482090473175
(10,5): 0.5088266730308533
(10,6): 0.56023770570755
(10,7): 0.530327320098877
(10,9): 0.505315899848938
(10,13): 0.3821412920951843
(10,14): 0.4493950307369232
(10,15): 0.40309008955955505
(11,2): 0.4382944107055664
(11,4): 0.3738330900669098
(11,12): 0.38987910747528076
(11,17): 0.46619632840156555
(11,18): 0.4835894703865051
(11,19): 0.41649317741394043
(11,22): 0.4680092930793762
(11,27): 0.5375707149505615
(12,2): 0.47218382358551025
(12,3): 0.6068285703659058
(12,5): 0.4776626229286194
(12,11): 0.48721936345100403
(12,15): 0.4039369821548462
(12,17): 0.4249628186225891
(12,18): 0.48768457770347595
(12,19): 0.5197066068649292
(12,22): 0.4836444556713104
(13,9): 0.44509148597717285
(13,10): 0.49644312262535095
(13,14): 0.5177615284919739
(13,23): 0.4117395281791687
(13,24): 0.5879275798797607
(13,39): 0.4767088294029236
(14,5): 0.6669174432754517
(14,9): 0.37300705909729004
(14,10): 0.48906219005584717
(14,13): 0.5307194590568542
(14,23): 0.43302327394485474
(14,24): 0.5101014971733093
(15,2): 0.4826105833053589
(15,4): 0.5403233170509338
(15,5): 0.5464337468147278
(15,6): 0.5329994559288025
(15,7): 0.5173950791358948
(15,9): 0.4856138825416565
(15,10): 0.44039052724838257
(15,12): 0.4505276083946228
(15,17): 0.3994910717010498
(15,18): 0.5299608111381531
(15,19): 0.468893826007843
(15,22): 0.5817149877548218
(15,38): 0.44849053025245667
(16,20): 0.4542669653892517
(16,21): 0.461739182472229
(16,23): 0.4003240168094635
(16,24): 0.3872643709182739
(17,2): 0.4731755256652832
(17,3): 0.4435572624206543
(17,4): 0.45843014121055603
(17,11): 0.41945531964302063
(17,12): 0.428574800491333
(17,15): 0.4423019587993622
(17,18): 0.4728061556816101
(17,19): 0.4400539696216583
(17,22): 0.5080280900001526
(17,27): 0.4438273310661316
(18,0): 0.549037754535675
(18,1): 0.5343013405799866
(18,2): 0.47757214307785034
(18,3): 0.47363701462745667
(18,4): 0.4695386290550232
(18,11): 0.4731220006942749
(18,12): 0.4195002019405365
(18,15): 0.41240808367729187
(18,17): 0.5157407522201538
(18,19): 0.4041224718093872
(18,22): 0.5431334376335144
(18,27): 0.4704064726829529
(19,2): 0.5061436295509338
(19,3): 0.4877358675003052
(19,4): 0.3816833794116974
(19,5): 0.5228453278541565
(19,9): 0.5120782852172852
(19,11): 0.4323819577693939
(19,12): 0.5081743597984314
(19,15): 0.5000742673873901
(19,17): 0.46318185329437256
(19,18): 0.5313073396682739
(19,22): 0.3394227623939514
(20,16): 0.487348347902298
(20,21): 0.4863406717777252
(20,23): 0.4045257270336151
(20,24): 0.4234485924243927
(20,26): 0.5255391597747803
(21,16): 0.4991842806339264
(21,20): 0.4814605116844177
(21,23): 0.5830078721046448
(21,24): 0.4945681095123291
(21,26): 0.5149289965629578
(22,2): 0.5512048006057739
(22,3): 0.555233359336853
(22,4): 0.4233414828777313
(22,5): 0.4191216230392456
(22,11): 0.5875723361968994
(22,12): 0.38686972856521606
(22,15): 0.5470023155212402
(22,17): 0.47254320979118347
(22,18): 0.4602005183696747
(22,19): 0.5911962389945984
(22,36): 0.5234124064445496
(22,37): 0.5201874375343323
(23,13): 0.4531552493572235
(23,14): 0.43381762504577637
(23,16): 0.4727214276790619
(23,20): 0.4958399832248688
(23,21): 0.4767172336578369
(23,24): 0.45477181673049927
(23,26): 0.3886105418205261
(23,40): 0.46514371037483215
(24,13): 0.5186964273452759
(24,14): 0.4691540598869324
(24,16): 0.4234224259853363
(24,20): 0.4491735100746155
(24,21): 0.46157827973365784
(24,23): 0.4541724622249603
(24,26): 0.3870900273323059
(25,0): 0.5363616347312927
(25,1): 0.5071004033088684
(25,8): 0.4349469542503357
(25,27): 0.5096824765205383
(26,20): 0.48424291610717773
(26,21): 0.40973079204559326
(26,23): 0.43650126457214355
(26,24): 0.450895220041275
(27,0): 0.43749573826789856
(27,1): 0.5250986814498901
(27,2): 0.461070716381073
(27,3): 0.5480201244354248
(27,11): 0.42723599076271057
(27,17): 0.4949982166290283
(27,18): 0.49875155091285706
(27,25): 0.41459473967552185
(28,0): 0.4020511507987976
(28,1): 0.551039457321167
(28,5): 0.47805386781692505
(28,6): 0.5765435099601746
(28,7): 0.49670568108558655
(28,9): 0.483663409948349
(28,35): 0.40796753764152527
(29,5): 0.46938908100128174
(29,6): 0.547288179397583
(29,9): 0.4575987160205841
(29,30): 0.5291960835456848
(30,5): 0.43087270855903625
(30,6): 0.47957977652549744
(30,7): 0.5802150964736938
(30,9): 0.5699415802955627
(30,29): 0.4844673275947571
(30,31): 0.44186848402023315
(31,0): 0.5039018988609314
(31,1): 0.5013156533241272
(31,2): 0.5194798111915588
(31,3): 0.3809296786785126
(31,4): 0.46330010890960693
(31,5): 0.44023188948631287
(31,6): 0.456478476524353
(31,7): 0.5195310711860657
(31,9): 0.3281959295272827
(31,30): 0.4931134879589081
(32,5): 0.5443502068519592
(32,6): 0.41731053590774536
(32,7): 0.5888429880142212
(32,33): 0.4077989161014557
(32,34): 0.4140752851963043
(32,38): 0.5342150330543518
(33,2): 0.43137016892433167
(33,3): 0.49520188570022583
(33,4): 0.4146922826766968
(33,5): 0.36265453696250916
(33,6): 0.46296048164367676
(33,7): 0.48065102100372314
(33,9): 0.4070342779159546
(33,32): 0.4527651369571686
(33,34): 0.40590131282806396
(34,5): 0.4436253607273102
(34,6): 0.35653921961784363
(34,9): 0.46988385915756226
(34,32): 0.6180742383003235
(34,33): 0.34643399715423584
(34,38): 0.5639762282371521
(35,3): 0.4859831631183624
(35,28): 0.465358704328537
(36,22): 0.5326941609382629
(36,37): 0.5028231143951416
(37,22): 0.45068180561065674
(37,36): 0.4326004981994629
(38,15): 0.44870999455451965
(38,32): 0.4618667662143707
(38,34): 0.4305306077003479
(39,13): 0.44933825731277466
(39,40): 0.4975842237472534
(40,23): 0.48265090584754944
(40,39): 0.459958553314209
