Interaction name: 2cbj

Affinity: 8.270000457763672
Predicted value: 8.314167022705078

Shapley values for edges: 

(0,4): 0.010671887397766113
(0,5): -0.001519169807434082
(0,8): 0.016618146896362304
(0,13): -0.006278171539306641
(0,14): 0.011275997161865234
(0,16): 0.03100456714630127
(0,24): 0.053085737228393555
(0,25): -0.011414294242858886
(0,26): 0.025326328277587892
(1,2): 0.022286534309387207
(1,8): -0.001607999801635742
(1,10): -0.023891053199768066
(1,14): 0.021795315742492674
(1,15): 0.03145671844482422
(1,16): 0.019085211753845213
(1,24): 0.04992174625396729
(1,25): -0.0006883382797241211
(1,26): 0.015442090034484863
(1,30): 0.014511065483093262
(2,1): 0.04274662971496582
(2,3): 0.019705252647399904
(2,4): 0.021590194702148437
(2,9): -0.07692914962768554
(2,11): -0.050939931869506835
(2,14): 0.011699762344360352
(2,15): 0.02524831295013428
(2,16): 0.022858872413635253
(2,17): 0.00035221099853515624
(2,25): 0.0014786052703857422
(2,26): 0.01835226535797119
(2,27): -0.0036554765701293946
(3,2): 0.014788074493408203
(3,4): 0.01919876575469971
(3,10): -0.025907106399536133
(3,15): 0.020045466423034668
(3,16): 0.007860455513000488
(3,17): 0.012181134223937988
(3,27): 0.00434260368347168
(3,31): 0.006748762130737305
(4,0): 0.015433311462402344
(4,2): 0.016543006896972655
(4,3): 0.034079761505126954
(4,5): 0.017165865898132324
(4,6): -0.012859683036804199
(4,8): 0.003466329574584961
(4,10): -0.03200443744659424
(4,11): -0.042692155838012696
(4,14): 0.015114617347717286
(4,15): 0.02328329086303711
(4,16): 0.008081560134887695
(4,17): 0.010089983940124512
(4,25): -0.0014823102951049805
(4,27): 0.013974175453186036
(5,0): 0.010848112106323242
(5,4): 0.008407206535339355
(5,6): -0.0026621198654174804
(5,7): -0.007899694442749024
(5,8): -0.003692007064819336
(5,12): 0.05508528709411621
(5,14): 0.015670166015625
(5,15): 0.022423653602600097
(5,16): 0.03572376251220703
(5,27): 0.00537470817565918
(6,4): 0.02183108329772949
(6,5): 0.022902069091796876
(6,7): -0.011004014015197754
(6,12): 0.04220409870147705
(6,27): -0.0021417617797851564
(6,28): 0.006949462890625
(7,5): 0.02338289260864258
(7,6): 0.0036806154251098635
(7,12): 0.045321197509765626
(7,18): -0.08971885204315186
(7,23): 0.025186238288879396
(7,28): 0.029527573585510253
(8,0): 0.024193801879882813
(8,1): 0.022379422187805177
(8,4): 0.03726892471313477
(8,5): -0.005381207466125488
(8,9): -0.01708177089691162
(8,13): 0.016476502418518068
(8,14): -0.01415067195892334
(8,15): 0.01132899284362793
(8,16): 0.01271096706390381
(8,29): 0.014569072723388672
(9,2): 0.015542373657226563
(9,8): -0.005816307067871094
(9,10): 0.0001750040054321289
(9,14): -0.02494336128234863
(9,15): 0.022671141624450684
(9,16): 0.021938858032226564
(10,1): 0.006492471694946289
(10,3): -0.01667975425720215
(10,4): 0.013103575706481933
(10,9): -0.022165040969848632
(10,11): -0.02661774158477783
(10,14): -0.012360115051269532
(10,15): -0.00130368709564209
(10,16): 0.00866220474243164
(10,17): -0.002539691925048828
(11,2): 0.02156424045562744
(11,4): 0.025741891860961916
(11,10): -0.002098383903503418
(11,15): 0.01390270233154297
(11,16): 0.02438328742980957
(11,17): 0.0059426498413085935
(12,5): 0.0007556962966918945
(12,6): 0.03244383811950684
(12,7): 0.01934337615966797
(12,18): -0.028004536628723143
(12,19): 0.0008572578430175781
(12,20): 0.0012552261352539063
(12,21): -0.013054533004760742
(12,23): 0.0016413974761962892
(13,0): -0.030650510787963867
(13,8): -0.022136526107788088
(13,32): -0.034381685256958006
(13,33): -0.00368319034576416
(13,34): 0.051221399307250975
(13,35): 0.06970001220703125
(13,36): 0.03602235317230225
(13,44): -0.010665502548217774
(14,0): -0.03179121017456055
(14,1): -0.011200494766235351
(14,2): -0.027125701904296876
(14,4): -0.029150280952453613
(14,5): -0.017279348373413085
(14,8): -0.04173261165618897
(14,9): -0.04914674282073975
(14,10): -0.04576923370361328
(14,15): 0.010901927947998047
(14,16): 0.0058033990859985354
(14,17): 0.016531100273132326
(14,37): 0.04502464771270752
(14,38): 0.031448688507080075
(15,1): -0.018748531341552733
(15,2): -0.02320361614227295
(15,3): -0.025113039016723633
(15,4): -0.035771570205688476
(15,5): -0.029453167915344237
(15,8): -0.030574393272399903
(15,9): -0.040304012298583984
(15,10): -0.039529523849487304
(15,11): -0.05399425506591797
(15,14): 0.01211599349975586
(15,16): -0.00010763168334960937
(15,17): 0.025233564376831056
(15,32): -0.010326304435729981
(15,39): 0.053239603042602536
(16,0): -0.0215609073638916
(16,1): -0.022584991455078127
(16,2): -0.023280949592590333
(16,3): -0.026100826263427735
(16,4): -0.0137359619140625
(16,5): -0.02078322887420654
(16,8): -0.030686111450195314
(16,9): -0.04704249382019043
(16,10): -0.033110647201538085
(16,11): -0.03606575965881348
(16,14): 0.007297816276550293
(16,15): 0.02514594078063965
(16,17): 0.03672403812408447
(16,37): 0.05049307346343994
(16,44): -0.0031875991821289063
(17,2): -0.014649081230163574
(17,3): -0.02114349365234375
(17,4): -0.019877681732177733
(17,10): -0.029470500946044923
(17,11): -0.033627777099609374
(17,14): 0.013143267631530762
(17,15): 0.02109304428100586
(17,16): 0.016737208366394044
(17,32): -0.02024394989013672
(17,38): 0.04267435550689697
(17,40): 0.04332826614379883
(17,41): 0.03699119567871094
(17,42): 0.03400479316711426
(17,43): 0.028936734199523927
(17,45): 0.029199690818786622
(18,7): 0.01889594078063965
(18,12): -0.028417158126831054
(18,19): -0.01841595649719238
(18,20): -0.02347512722015381
(18,21): -0.00662168025970459
(18,22): 0.0071313238143920895
(18,32): -0.02562631607055664
(18,44): 0.001768965721130371
(18,45): 0.009824976921081544
(19,12): -0.050549893379211425
(19,18): 0.027131948471069336
(19,20): -0.016160736083984373
(19,21): 0.00812035083770752
(19,22): -0.003918943405151368
(19,23): -0.05050032615661621
(20,12): -0.04015225887298584
(20,18): 0.038828830718994144
(20,19): -0.0070628499984741215
(20,21): -0.02375926971435547
(20,22): 0.008731088638305663
(20,23): -0.017814207077026366
(21,12): -0.05278411865234375
(21,18): 0.0329135799407959
(21,19): -0.030844097137451173
(21,20): -0.01782632350921631
(21,22): -0.003289937973022461
(21,23): -0.04050108909606934
(21,32): -0.002648682594299316
(22,18): 0.02439157009124756
(22,19): -0.034559531211853026
(22,20): -0.01487783432006836
(22,21): -0.008373632431030273
(22,23): -0.057012743949890136
(22,46): -0.012008252143859864
(23,7): 0.050251522064208985
(23,12): 0.05707698345184326
(23,19): 0.042892169952392575
(23,20): 0.04423264026641846
(23,21): 0.05226341724395752
(23,22): 0.0259429931640625
(24,0): 0.003775777816772461
(24,1): -0.003653388023376465
(24,35): -0.055559182167053224
(24,44): -0.12031697750091552
(25,0): 0.006910858154296875
(25,1): 0.05351075172424316
(25,2): 0.011111087799072265
(25,4): 0.023224658966064453
(25,29): -0.009105215072631836
(25,30): 0.019576458930969237
(26,0): -0.010274114608764649
(26,1): 0.015311527252197265
(26,2): 0.002180919647216797
(26,41): -0.06187637329101563
(27,2): 0.043406825065612796
(27,3): 0.0061144065856933594
(27,4): 0.014883108139038086
(27,5): 0.00739837646484375
(27,6): -0.005815396308898926
(27,28): 0.004304056167602539
(27,34): -0.012263889312744141
(28,6): -0.015406622886657714
(28,7): -0.014476361274719239
(28,27): -0.004042496681213379
(28,29): -0.029255967140197753
(28,37): -0.042003111839294435
(29,8): 0.0031247377395629884
(29,25): -0.00310147762298584
(29,28): 0.003482694625854492
(29,32): -0.0711911153793335
(30,1): -0.014046912193298339
(30,25): -0.00035293102264404296
(30,38): -0.0006377363204956055
(31,3): -0.02213639736175537
(31,39): -0.0376191520690918
(32,13): 0.06168804168701172
(32,15): 0.033972973823547366
(32,17): 0.03825363159179687
(32,18): 0.02522446632385254
(32,21): -0.03267721652984619
(32,29): -0.05662455081939697
(33,13): 0.04920222759246826
(34,13): 0.02499809265136719
(34,27): -0.031930699348449706
(34,35): 0.002517857551574707
(35,13): 0.017880072593688966
(35,24): -0.05262248039245605
(35,34): -0.04064793586730957
(36,13): 0.05439181327819824
(36,38): -0.03695981502532959
(37,14): 0.031138501167297362
(37,16): 0.021461877822875976
(37,28): -0.05339583396911621
(37,39): -0.007549180984497071
(38,14): 0.01588529109954834
(38,17): 0.049328546524047855
(38,30): -0.05510571956634522
(38,36): -0.005836424827575684
(39,15): 0.025114479064941405
(39,31): -0.08140431880950928
(39,37): -0.0025192546844482423
(40,17): -0.027135205268859864
(41,17): -0.008503098487854004
(41,26): -0.0851300287246704
(42,17): -0.0217242431640625
(43,17): -0.017446274757385253
(44,13): 0.02768409252166748
(44,16): 0.029552621841430662
(44,18): 0.021992754936218262
(44,24): -0.024417524337768556
(45,17): 0.00035369396209716797
(45,18): 0.04218019485473633
(46,22): -0.034665427207946777
