Interaction name: 5ox5

Affinity: 5.590000152587891
Predicted value: 6.194324493408203

Attributions for edges: 

(0,5): 0.526190996170044
(0,10): 0.48280051350593567
(0,11): 0.34277376532554626
(0,12): 0.5802673101425171
(0,13): 0.4715483784675598
(1,2): 0.43601900339126587
(1,4): 0.4656875729560852
(1,7): 0.282430499792099
(1,9): 0.6216751337051392
(1,10): 0.438383013010025
(1,11): 0.40375208854675293
(1,12): 0.4889572858810425
(1,13): 0.5715315937995911
(1,14): 0.35100388526916504
(2,1): 0.40903612971305847
(2,7): 0.6459806561470032
(2,8): 0.5159397721290588
(2,10): 0.4732130467891693
(2,11): 0.5317350029945374
(2,12): 0.48045656085014343
(2,13): 0.4071674048900604
(2,14): 0.4647998809814453
(3,11): 0.6026455760002136
(3,12): 0.5316683053970337
(4,1): 0.47277364134788513
(4,5): 0.43022969365119934
(4,7): 0.4582301080226898
(4,8): 0.5222589373588562
(4,11): 0.3544022738933563
(4,12): 0.4792145788669586
(4,13): 0.45483341813087463
(5,0): 0.3121695816516876
(5,4): 0.5288102626800537
(5,6): 0.4759295582771301
(5,7): 0.37734517455101013
(5,10): 0.5985518097877502
(5,11): 0.5720897912979126
(5,13): 0.524715781211853
(6,5): 0.44256630539894104
(7,1): 0.4956544041633606
(7,2): 0.5677984952926636
(7,4): 0.4936194121837616
(7,5): 0.4640812277793884
(7,8): 0.4748465120792389
(7,9): 0.44472378492355347
(8,2): 0.48295268416404724
(8,4): 0.26523178815841675
(8,7): 0.4126143455505371
(8,9): 0.40788817405700684
(9,1): 0.1800590306520462
(9,7): 0.5656610131263733
(9,8): 0.5070730447769165
(10,0): 0.39485546946525574
(10,1): 0.3387489914894104
(10,2): 0.5640261769294739
(10,5): 0.4718001186847687
(10,11): 0.6019526124000549
(10,14): 0.37123674154281616
(11,0): 0.5363903045654297
(11,1): 0.4553545117378235
(11,2): 0.4825567305088043
(11,3): 0.5112735629081726
(11,4): 0.430499792098999
(11,5): 0.5702160000801086
(11,10): 0.47030794620513916
(11,14): 0.49406203627586365
(12,0): 0.5732030272483826
(12,1): 0.5222111940383911
(12,2): 0.3614843189716339
(12,3): 0.42510268092155457
(12,4): 0.5648927092552185
(13,0): 0.4443761706352234
(13,1): 0.46480247378349304
(13,2): 0.346736878156662
(13,4): 0.41092929244041443
(13,5): 0.5227838158607483
(14,1): 0.5955747961997986
(14,2): 0.5292278528213501
(14,10): 0.40739932656288147
(14,11): 0.4258713126182556
