Interaction name: 5m2v

Affinity: 5.400000095367432
Predicted value: 6.03000545501709

Attributions for edges: 

(0,1): 0.0
(0,5): 0.0
(0,7): 0.0
(0,10): 0.0
(0,14): 0.49073877930641174
(0,19): 0.0
(0,20): 0.0
(0,21): 0.5041879415512085
(0,22): 0.5019553899765015
(0,27): 0.5929760932922363
(1,0): 0.0
(1,5): 0.6094793081283569
(1,6): 0.0
(1,10): 0.5648573040962219
(1,14): 0.0
(1,19): 0.46529921889305115
(1,20): 0.5642125010490417
(1,21): 0.47320109605789185
(1,22): 0.0
(1,27): 0.44167158007621765
(2,4): 0.0
(2,5): 0.0
(2,9): 0.0
(2,10): 0.0
(2,11): 0.0
(2,12): 0.4585258662700653
(2,13): 0.4400745630264282
(2,14): 0.0
(2,15): 0.0
(2,17): 0.0
(2,18): 0.4383632242679596
(2,23): 0.4370763599872589
(3,4): 0.0
(3,9): 0.0
(3,11): 0.5190581679344177
(3,17): 0.0
(3,18): 0.0
(3,20): 0.35337135195732117
(3,23): 0.4271720349788666
(4,2): 0.0
(4,3): 0.0
(4,8): 0.0
(4,11): 0.5400853157043457
(4,14): 0.5039095282554626
(4,15): 0.6376301646232605
(4,17): 0.0
(4,18): 0.4742542803287506
(4,20): 0.5112645030021667
(4,23): 0.4785569906234741
(5,0): 0.0
(5,1): 0.5474317669868469
(5,2): 0.0
(5,6): 0.0
(5,7): 0.49625375866889954
(5,14): 0.0
(5,15): 0.0
(5,23): 0.5200435519218445
(5,24): 0.0
(5,25): 0.5437374114990234
(5,26): 0.632479190826416
(6,1): 0.0
(6,5): 0.0
(6,7): 0.0
(6,10): 0.0
(6,14): 0.4379621148109436
(7,0): 0.0
(7,5): 0.41611579060554504
(7,6): 0.0
(7,10): 0.478739857673645
(7,14): 0.0
(8,4): 0.0
(8,9): 0.0
(8,11): 0.593384325504303
(8,17): 0.0
(8,18): 0.0
(9,2): 0.0
(9,3): 0.0
(9,8): 0.0
(9,11): 0.46999242901802063
(9,14): 0.43661046028137207
(9,15): 0.33160164952278137
(9,17): 0.0
(9,18): 0.5092309713363647
(10,0): 0.0
(10,1): 0.46419063210487366
(10,2): 0.0
(10,6): 0.0
(10,7): 0.5393869280815125
(10,14): 0.0
(10,15): 0.0
(11,2): 0.0
(11,3): 0.5697974562644958
(11,4): 0.5950955748558044
(11,8): 0.6260200142860413
(11,9): 0.4286869466304779
(11,12): 0.0
(11,13): 0.0
(11,14): 0.5483860969543457
(11,15): 0.0
(11,16): 0.0
(11,17): 0.0
(11,18): 0.0
(12,2): 0.0
(12,11): 0.0
(12,13): 0.0
(12,15): 0.0
(12,16): 0.0
(12,17): 0.0
(12,18): 0.0
(13,2): 0.4067821502685547
(13,11): 0.0
(13,12): 0.0
(13,16): 0.0
(13,17): 0.0
(13,18): 0.0
(13,31): 0.4888041317462921
(13,33): 0.3877614438533783
(14,0): 0.5186765789985657
(14,1): 0.0
(14,2): 0.0
(14,4): 0.4510471224784851
(14,5): 0.0
(14,6): 0.5558001399040222
(14,7): 0.0
(14,9): 0.47637978196144104
(14,10): 0.0
(14,11): 0.5869108438491821
(14,15): 0.0
(14,34): 0.5469815731048584
(15,2): 0.0
(15,4): 0.485868901014328
(15,5): 0.0
(15,9): 0.61934894323349
(15,10): 0.0
(15,11): 0.0
(15,12): 0.4262702167034149
(15,14): 0.0
(15,17): 0.4552731513977051
(15,30): 0.6169770956039429
(15,31): 0.5724547505378723
(15,33): 0.48288702964782715
(16,11): 0.0
(16,12): 0.0
(16,13): 0.0
(16,17): 0.0
(16,18): 0.0
(16,32): 0.5005722641944885
(16,33): 0.5988523960113525
(17,2): 0.0
(17,3): 0.0
(17,4): 0.0
(17,8): 0.0
(17,9): 0.0
(17,11): 0.0
(17,12): 0.0
(17,13): 0.0
(17,15): 0.494874507188797
(17,16): 0.0
(17,18): 0.0
(17,30): 0.5483653545379639
(18,2): 0.5125194191932678
(18,3): 0.0
(18,4): 0.5579810738563538
(18,8): 0.0
(18,9): 0.5112565755844116
(18,11): 0.0
(18,12): 0.3992075026035309
(18,13): 0.0
(18,16): 0.0
(18,17): 0.0
(19,0): 0.0
(19,1): 0.46962642669677734
(19,20): 0.5801955461502075
(19,22): 0.0
(19,27): 0.0
(20,0): 0.0
(20,1): 0.5790988206863403
(20,3): 0.5508621335029602
(20,4): 0.5599498152732849
(20,19): 0.5571348071098328
(20,21): 0.0
(20,24): 0.46686235070228577
(21,0): 0.45556995272636414
(21,1): 0.5318160653114319
(21,20): 0.0
(21,25): 0.5299287438392639
(21,28): 0.4683247208595276
(22,0): 0.451551616191864
(22,1): 0.0
(22,19): 0.0
(22,27): 0.0
(23,2): 0.41589781641960144
(23,3): 0.44824108481407166
(23,4): 0.5257692337036133
(23,5): 0.48848235607147217
(24,5): 0.0
(24,20): 0.49241751432418823
(25,5): 0.38951021432876587
(25,21): 0.5355686545372009
(25,26): 0.0
(25,29): 0.4744526743888855
(25,30): 0.0
(26,5): 0.6268734931945801
(26,25): 0.0
(26,28): 0.0
(26,30): 0.0
(27,0): 0.5277308821678162
(27,1): 0.5187677145004272
(27,19): 0.0
(27,22): 0.0
(28,21): 0.5380507111549377
(28,26): 0.0
(28,29): 0.6346821188926697
(28,30): 0.0
(29,25): 0.0
(29,28): 0.0
(29,30): 0.0
(30,15): 0.5611020922660828
(30,17): 0.4635300040245056
(30,25): 0.0
(30,26): 0.0
(30,28): 0.0
(30,29): 0.4874015748500824
(31,13): 0.5060709714889526
(31,15): 0.509674072265625
(31,33): 0.4719103276729584
(32,16): 0.4822959303855896
(33,13): 0.4656369984149933
(33,15): 0.39677393436431885
(33,16): 0.48257705569267273
(33,31): 0.4742852747440338
(34,14): 0.6210076808929443
