Interaction name: 5i88

Affinity: 6.599999904632568
Predicted value: 7.177088737487793

Attributions for edges: 

(0,2): 2.1537491219551753e-26
(0,11): 4.382725683835698e-26
(1,7): 5.444543297274213e-31
(1,8): 7.723981538575197e-31
(1,9): 2.4504665567750022e-30
(2,0): 2.1496533622982436e-26
(2,12): 1.0498978291349623e-26
(3,13): 5.880446225016758e-31
(3,14): 8.275377726681512e-31
(3,15): 8.000785067515868e-31
(4,5): 2.401125152011878e-32
(4,6): 9.720916984124983e-31
(4,7): 1.2760314439122407e-31
(4,8): 1.810247194334113e-31
(4,9): 5.743130147128842e-31
(4,10): 1.4597502318285276e-30
(5,4): 2.3782080080218343e-32
(5,6): 3.3848891743121516e-32
(5,7): 4.443227954128133e-33
(5,8): 6.303402581240293e-33
(5,9): 1.9997966869617637e-32
(5,10): 5.082949244918899e-32
(5,14): 6.771731432488194e-32
(5,15): 6.547033336339813e-32
(5,18): 4.0622002030483225e-32
(5,19): 3.3820497677077404e-32
(6,4): 9.73093501718043e-31
(6,5): 3.4210808821324436e-32
(6,7): 1.8180532996696185e-31
(6,8): 2.5791688471589627e-31
(6,9): 8.182587023814043e-31
(7,1): 5.395953532986364e-31
(7,4): 1.2699999823981715e-31
(7,5): 4.464873947914556e-33
(7,6): 1.8075973949684893e-31
(7,8): 3.366140921037299e-32
(7,9): 1.067930740250294e-31
(7,10): 2.714373972291672e-31
(7,16): 1.303175959461429e-31
(8,1): 7.662704428660052e-31
(8,4): 1.8034923335965477e-31
(8,5): 6.34044534697058e-33
(8,6): 2.566919490726784e-31
(8,7): 3.369506949110879e-32
(8,9): 1.5165392337825719e-31
(8,10): 3.8546373468265946e-31
(8,17): 1.7025429946377611e-31
(9,1): 2.438976804792325e-30
(9,4): 5.740414755178443e-31
(9,5): 2.018127786678868e-32
(9,6): 8.170296995277326e-31
(9,7): 1.072495067265102e-31
(9,8): 1.5214994672947367e-31
(9,10): 1.226899941297871e-30
(10,4): 1.462894350078559e-30
(10,5): 5.143022295970497e-32
(10,7): 2.7331386237127184e-31
(10,8): 3.8773784605376026e-31
(10,9): 1.2301241812428544e-30
(11,0): 4.3835783315406773e-26
(11,12): 2.140962333794004e-26
(12,2): 1.0497056213265125e-26
(12,11): 2.1360758643391047e-26
(13,3): 5.90679516598931e-31
(14,3): 8.320706669640181e-31
(14,5): 6.857411452478105e-32
(15,3): 8.043812862733367e-31
(15,5): 6.629212734152974e-32
(16,7): 1.309504703496821e-31
(16,19): 9.96755168565067e-31
(17,8): 1.70872409658269e-31
(17,18): 1.1011713224830727e-30
(18,5): 4.1077015322535393e-32
(18,17): 1.1029959718341931e-30
(19,5): 3.418210912674911e-32
(19,16): 9.97675721701083e-31
