Interaction name: 6fgy

Affinity: 7.150000095367432
Predicted value: 7.248514175415039

Attributions for edges: 

(0,1): 0.5483644008636475
(0,3): 0.49390849471092224
(0,7): 0.4610013961791992
(0,13): 0.45382899045944214
(0,15): 0.48071756958961487
(1,0): 0.5531290769577026
(1,3): 0.5281305313110352
(1,10): 0.5248422622680664
(1,13): 0.5048496127128601
(2,4): 0.5995275974273682
(2,5): 0.4671199917793274
(2,6): 0.526718020439148
(2,8): 0.5566589832305908
(2,9): 0.4891293942928314
(2,11): 0.40575602650642395
(2,14): 0.4595884084701538
(2,17): 0.4618101119995117
(2,18): 0.4734148383140564
(2,19): 0.4947987496852875
(2,20): 0.42546260356903076
(3,0): 0.6278855800628662
(3,1): 0.336189866065979
(3,8): 0.544803261756897
(3,10): 0.35570934414863586
(3,13): 0.6280761361122131
(3,16): 0.4706587791442871
(3,19): 0.6246720552444458
(3,20): 0.5100862383842468
(3,21): 0.6405622363090515
(3,23): 0.5427910089492798
(4,2): 0.46051472425460815
(4,5): 0.33936285972595215
(4,6): 0.5635879635810852
(4,8): 0.522510826587677
(4,9): 0.5859261751174927
(4,11): 0.4715467393398285
(4,14): 0.5367962718009949
(4,17): 0.5168068408966064
(4,18): 0.47345423698425293
(4,19): 0.4467576742172241
(4,20): 0.453891783952713
(4,22): 0.5273804664611816
(4,24): 0.6089414358139038
(5,2): 0.5785576701164246
(5,4): 0.44464191794395447
(5,6): 0.42431309819221497
(5,11): 0.5642814636230469
(5,18): 0.5440506935119629
(5,22): 0.5752501487731934
(5,23): 0.36690282821655273
(5,24): 0.45897912979125977
(6,2): 0.579123318195343
(6,4): 0.47304660081863403
(6,5): 0.3761138319969177
(6,8): 0.5167233347892761
(6,11): 0.4516126811504364
(6,14): 0.4376445412635803
(6,17): 0.644594669342041
(6,18): 0.5671654343605042
(6,19): 0.4397431015968323
(6,20): 0.4205792546272278
(6,22): 0.47751978039741516
(6,23): 0.4500752091407776
(6,24): 0.4811631441116333
(7,0): 0.42138436436653137
(7,12): 0.42193034291267395
(7,13): 0.4622262716293335
(7,15): 0.424929678440094
(8,2): 0.4561898112297058
(8,3): 0.4666300415992737
(8,4): 0.440502405166626
(8,6): 0.5041748285293579
(8,9): 0.3751966655254364
(8,10): 0.40331441164016724
(8,11): 0.45929521322250366
(8,14): 0.5113314390182495
(8,16): 0.4581029415130615
(8,17): 0.6020493507385254
(8,18): 0.447664737701416
(8,19): 0.45960572361946106
(8,28): 0.5138919949531555
(8,32): 0.559431791305542
(8,35): 0.45500901341438293
(9,2): 0.43444180488586426
(9,4): 0.43699365854263306
(9,8): 0.45286810398101807
(9,10): 0.5243871212005615
(9,14): 0.39540597796440125
(9,16): 0.4919849932193756
(9,17): 0.4858192503452301
(9,18): 0.5200265645980835
(9,19): 0.46618783473968506
(9,20): 0.47458699345588684
(9,33): 0.40583115816116333
(10,1): 0.44152963161468506
(10,3): 0.42289552092552185
(10,8): 0.3936927318572998
(10,9): 0.422939270734787
(10,16): 0.44039371609687805
(10,19): 0.46735790371894836
(10,20): 0.5972373485565186
(10,28): 0.5090487599372864
(10,33): 0.4745810329914093
(11,2): 0.5642377138137817
(11,4): 0.45010602474212646
(11,5): 0.5389990210533142
(11,6): 0.4107447862625122
(11,8): 0.3984864056110382
(11,14): 0.452903151512146
(11,18): 0.5415549874305725
(11,19): 0.47176000475883484
(11,20): 0.34438997507095337
(11,35): 0.6208822727203369
(12,7): 0.5012940168380737
(12,15): 0.5002666115760803
(12,29): 0.5471845865249634
(12,30): 0.5197001695632935
(12,35): 0.6001299619674683
(13,0): 0.49031591415405273
(13,1): 0.5217028856277466
(13,3): 0.524101734161377
(13,7): 0.35838648676872253
(13,15): 0.6040140986442566
(14,2): 0.44445735216140747
(14,4): 0.5009774565696716
(14,6): 0.46190518140792847
(14,8): 0.5759642124176025
(14,9): 0.39596685767173767
(14,11): 0.42634060978889465
(14,17): 0.5043480396270752
(14,18): 0.4716920852661133
(14,19): 0.435050904750824
(14,20): 0.5168566703796387
(14,31): 0.4491736888885498
(15,0): 0.4679817855358124
(15,7): 0.5030705332756042
(15,12): 0.43685469031333923
(15,13): 0.46003180742263794
(15,35): 0.5131251215934753
(16,3): 0.4620646834373474
(16,8): 0.4668368399143219
(16,9): 0.4334556460380554
(16,10): 0.45917725563049316
(16,18): 0.4020659625530243
(16,19): 0.4807504117488861
(16,20): 0.4700902998447418
(16,32): 0.5200979113578796
(17,2): 0.5375340580940247
(17,4): 0.5131732821464539
(17,6): 0.41353046894073486
(17,8): 0.4441782236099243
(17,9): 0.5523862838745117
(17,14): 0.5800055265426636
(17,18): 0.506235659122467
(17,19): 0.42999815940856934
(17,20): 0.44707730412483215
(17,32): 0.6685740351676941
(17,33): 0.5062773823738098
(17,34): 0.5715200304985046
(18,2): 0.47017771005630493
(18,4): 0.5045655965805054
(18,5): 0.5543708205223083
(18,6): 0.41743215918540955
(18,8): 0.5109331011772156
(18,9): 0.49431419372558594
(18,11): 0.37863293290138245
(18,14): 0.4351397752761841
(18,16): 0.5217310786247253
(18,17): 0.503207802772522
(18,19): 0.41475749015808105
(18,20): 0.5281155109405518
(19,2): 0.3621940016746521
(19,3): 0.5250242352485657
(19,4): 0.5234735012054443
(19,6): 0.4165763854980469
(19,8): 0.5019985437393188
(19,9): 0.49873992800712585
(19,10): 0.5049879550933838
(19,11): 0.46998268365859985
(19,14): 0.5344099998474121
(19,16): 0.4788280725479126
(19,17): 0.48415639996528625
(19,18): 0.48226216435432434
(19,20): 0.5332161784172058
(20,2): 0.5992671251296997
(20,3): 0.46665483713150024
(20,4): 0.49999213218688965
(20,6): 0.3853043019771576
(20,9): 0.6365704536437988
(20,10): 0.48718881607055664
(20,11): 0.5026339292526245
(20,14): 0.5871490836143494
(20,16): 0.4723264276981354
(20,17): 0.4608420431613922
(20,18): 0.45627009868621826
(20,19): 0.3601073920726776
(21,3): 0.6257216334342957
(22,4): 0.43544042110443115
(22,5): 0.5217352509498596
(22,6): 0.606963574886322
(22,24): 0.3675439655780792
(22,26): 0.5085431337356567
(22,32): 0.5251927375793457
(23,3): 0.4532546103000641
(23,5): 0.3770286440849304
(23,6): 0.5687033534049988
(24,4): 0.5408099293708801
(24,5): 0.5073884725570679
(24,6): 0.5524604320526123
(24,22): 0.4704851806163788
(24,27): 0.5651276707649231
(26,22): 0.42283007502555847
(26,27): 0.628849446773529
(27,24): 0.43458396196365356
(27,26): 0.4875614643096924
(27,32): 0.46947866678237915
(28,8): 0.4800124764442444
(28,10): 0.4911345839500427
(28,33): 0.49885332584381104
(29,12): 0.5500679016113281
(30,12): 0.5520387291908264
(31,14): 0.629652738571167
(31,34): 0.5002934336662292
(32,8): 0.542776882648468
(32,16): 0.5927353501319885
(32,17): 0.457497775554657
(32,22): 0.36432740092277527
(32,27): 0.45573627948760986
(33,9): 0.4282865822315216
(33,10): 0.5367883443832397
(33,17): 0.5651537775993347
(33,28): 0.506574809551239
(34,17): 0.49207353591918945
(34,31): 0.5028210878372192
(35,8): 0.443398118019104
(35,11): 0.5480825901031494
(35,12): 0.4499534070491791
(35,15): 0.5523635149002075
