Interaction name: 5nz2

Affinity: 5.03000020980835
Predicted value: 6.0082831382751465

Attributions for edges: 

(0,11): 3.84519420842697e-16
(0,22): 1.323174358031347e-29
(1,11): 9.348765107525573e-16
(1,17): 1.2708688370058601e-14
(1,21): 2.1206686120884107e-16
(1,22): 3.0330772544549737e-29
(2,3): 5.841569073486387e-15
(2,4): 9.00486824863267e-15
(2,17): 1.1013105439541468e-14
(2,18): 1.1536442204903696e-14
(2,19): 0.0
(2,20): 1.0822611117835765e-14
(2,21): 1.8199964003592656e-16
(2,22): 2.575593059171445e-29
(3,2): 6.351930141129626e-15
(3,4): 1.0205955038608636e-14
(3,12): 1.0127110670779364e-14
(3,17): 1.2482054540625346e-14
(3,18): 1.3075168186116488e-14
(3,19): 0.0
(3,20): 1.226610433775581e-14
(3,21): 2.0772486444209712e-16
(4,2): 9.362902299173484e-15
(4,3): 9.75911805387768e-15
(4,5): 1.5215735640308932e-14
(4,6): 9.946665547959886e-15
(4,12): 1.492766989934311e-14
(4,13): 1.893383419612673e-14
(4,14): 1.5094647198301246e-14
(4,17): 1.8398860045102175e-14
(4,18): 1.9273160676994486e-14
(4,19): 0.0
(4,20): 1.8080577250776005e-14
(4,21): 3.0050653737861803e-16
(4,22): 4.138172546352278e-29
(5,4): 1.4467234647676935e-14
(5,6): 9.565468534443455e-15
(5,8): 1.7443628803231505e-14
(5,13): 1.820817768208218e-14
(5,14): 1.4516103366535825e-14
(5,16): 3.089591638625634e-14
(5,19): 0.0
(5,21): 2.8841937722129916e-16
(6,4): 9.964781888635761e-15
(6,5): 1.0078666315427049e-14
(6,8): 1.2014824390656296e-14
(6,9): 1.2570215423841468e-14
(6,13): 1.254142900912903e-14
(6,16): 2.128053220023119e-14
(6,19): 0.0
(6,21): 2.0132923629473512e-16
(6,22): 2.8415841465704275e-29
(7,8): 1.7743927394021572e-14
(7,9): 1.856404163421213e-14
(7,13): 1.8521600201357007e-14
(7,16): 3.14276802824108e-14
(7,22): 4.134543673039877e-29
(8,5): 2.0419590971982975e-14
(8,6): 1.3348448119955038e-14
(8,7): 1.7274437360149247e-14
(8,9): 2.5467471962683716e-14
(8,13): 2.5409246917889455e-14
(8,14): 2.0257091089184026e-14
(8,15): 4.311480371940041e-14
(8,22): 5.497056052964995e-29
(9,6): 1.4040003934576075e-14
(9,7): 1.8169425924745297e-14
(9,8): 2.5603503759946862e-14
(9,10): 3.2424421220894617e-15
(9,13): 2.6725642844073992e-14
(9,14): 2.130652594731653e-14
(9,15): 4.5348571902845136e-14
(9,16): 4.5348571902845136e-14
(9,21): 4.2303271193514956e-16
(9,22): 5.761480817651393e-29
(10,9): 2.6913209819913984e-15
(10,19): 0.0
(10,21): 4.4761829983290375e-17
(10,22): 6.880792481803813e-30
(11,0): 8.420877042104337e-16
(11,1): 2.1683526759612264e-15
(11,23): 2.1612203459744712e-20
(12,3): 8.283846698875497e-15
(12,4): 1.2769677283359752e-14
(12,17): 1.5617588399277106e-14
(12,18): 1.6359695987223227e-14
(12,19): 0.0
(12,20): 1.534736456031225e-14
(13,4): 1.815252253524989e-14
(13,5): 1.8359947351505312e-14
(13,6): 1.200208840326138e-14
(13,7): 1.5532065176658734e-14
(13,8): 2.1887058612442105e-14
(13,9): 2.2898751376510852e-14
(13,14): 1.821387313161952e-14
(13,15): 3.876612979193325e-14
(13,16): 3.876612979193325e-14
(13,19): 0.0
(14,4): 1.3837790912045109e-14
(14,5): 1.3995940433626959e-14
(14,8): 1.6684685588425757e-14
(14,9): 1.7455876899648802e-14
(14,13): 1.7415935908053973e-14
(14,16): 2.955162766511872e-14
(14,19): 0.0
(15,8): 4.1230612809551107e-14
(15,9): 4.313627431054741e-14
(15,13): 4.3037486551975035e-14
(15,16): 7.302695910005666e-14
(16,5): 3.458614755810947e-14
(16,6): 2.2609281254918484e-14
(16,7): 2.9259031991950984e-14
(16,9): 4.313627431054741e-14
(16,13): 4.3037486551975035e-14
(16,14): 3.431090928409687e-14
(16,15): 7.302695910005666e-14
(17,1): 1.0037191347164742e-14
(17,2): 1.0908200409024023e-14
(17,3): 1.136981049538804e-14
(17,4): 1.7526670219314422e-14
(17,12): 1.7391404139835594e-14
(17,18): 2.245405399700466e-14
(17,19): 0.0
(17,20): 2.106460147911944e-14
(17,24): 8.676260122679469e-16
(17,25): 8.020285621073743e-15
(18,2): 1.1036447126468955e-14
(18,3): 1.1503439260179826e-14
(18,4): 1.7732761805710866e-14
(18,12): 1.7595838929787208e-14
(18,17): 2.1687509508530253e-14
(18,19): 0.0
(18,20): 2.131229762981912e-14
(18,26): 3.847983858499193e-15
(18,27): 3.448694305932705e-14
(19,2): 4.699249028095481e-35
(19,3): 5.022630795646243e-35
(19,4): 7.52268113493596e-35
(19,5): 7.519582834884329e-35
(19,6): 5.030070618778742e-35
(19,10): 1.1868515318377761e-35
(19,12): 7.20705745790907e-35
(19,13): 9.320650828013386e-35
(19,14): 7.399671505635287e-35
(19,17): 9.051959107326187e-35
(19,18): 9.396047196387246e-35
(19,20): 8.793161513406308e-35
(20,2): 1.0166709461063503e-14
(20,3): 1.0596898013216175e-14
(20,4): 1.6335343789989666e-14
(20,12): 1.6209179926562033e-14
(20,17): 1.997836473349463e-14
(20,18): 2.0927683685393467e-14
(20,19): 0.0
(20,28): 3.176922090740268e-14
(21,1): 7.61285313844465e-16
(21,2): 8.109159388394098e-16
(21,3): 8.531978118630947e-16
(21,4): 1.2941307122538918e-15
(21,5): 1.3032462690740058e-15
(21,6): 8.631957123164517e-16
(21,9): 1.6394078113343463e-15
(21,10): 2.0429930438472312e-16
(21,23): 8.752663825507111e-21
(22,0): 1.159466377987259e-24
(22,1): 2.9469188902110932e-24
(22,2): 3.0360948823808973e-24
(22,4): 4.860223707455946e-24
(22,6): 3.2498322087003254e-24
(22,7): 4.303932407729477e-24
(22,8): 5.974005375484819e-24
(22,9): 6.2503950209730316e-24
(22,10): 7.668050445643244e-25
(22,26): 1.159466377987259e-24
(23,11): 6.456573780919143e-19
(23,21): 1.5911732858540417e-19
(24,17): 2.9517929306345156e-15
(25,17): 1.4238921998942222e-14
(25,27): 2.2642425654144545e-14
(25,28): 2.2642425654144545e-14
(26,18): 5.3227673225237585e-15
(26,22): 1.323174358031347e-29
(27,18): 4.067502018252449e-14
(27,25): 1.452856830338762e-14
(27,28): 6.174650634543921e-14
(28,20): 3.815827523206104e-14
(28,25): 1.452856830338762e-14
(28,27): 6.174650634543921e-14
