Interaction name: 5vjn

Affinity: 5.059999942779541
Predicted value: 6.2520036697387695

Shapley values for edges: 

(0,1): 0.0004610252380371094
(0,2): 0.001031789779663086
(0,3): 0.0008882808685302734
(0,14): 0.006412067413330078
(0,15): 0.00606557846069336
(0,20): 0.005486965179443359
(0,24): -0.001453866958618164
(0,26): -0.001619710922241211
(0,28): -0.0017120838165283203
(1,0): 0.0001194000244140625
(1,2): 0.0021512603759765627
(1,3): 0.001333446502685547
(1,13): 0.006367673873901367
(1,15): 0.005883369445800781
(1,20): 0.007332992553710937
(1,24): -0.0016791915893554687
(1,26): -0.0007286548614501953
(1,27): -0.004925613403320313
(1,28): -0.001604633331298828
(2,0): 0.001024923324584961
(2,1): 0.0004712677001953125
(2,3): 0.0009243392944335938
(2,13): 0.006654214859008789
(2,14): 0.005415754318237305
(2,20): 0.0067507076263427735
(2,24): -4.479408264160156e-05
(3,0): 0.00024003982543945311
(3,1): -0.00015154838562011718
(3,2): 0.001020965576171875
(3,11): -0.004463043212890625
(3,13): 0.0055150890350341795
(3,14): 0.0049050521850585935
(3,15): 0.004255104064941406
(3,19): 0.007953519821166993
(3,20): 0.002001495361328125
(3,21): -0.017022123336791994
(3,24): 0.001039285659790039
(3,26): 0.0009877586364746094
(3,27): -6.672859191894531e-05
(3,28): 8.6212158203125e-06
(4,5): 0.003223419189453125
(4,11): -0.009876174926757813
(4,12): 0.0014988899230957032
(4,19): 0.004183712005615234
(4,20): 0.0015013313293457031
(4,21): -0.008053627014160156
(4,22): -0.0074783706665039066
(4,31): -0.0053607368469238284
(5,4): 0.001697845458984375
(5,10): -0.00031955718994140623
(5,11): -0.005948543548583984
(5,19): 0.0010861015319824218
(5,20): 0.004145660400390625
(5,21): -0.01155531883239746
(5,22): -0.0027400970458984373
(5,23): 0.0015990161895751954
(5,26): 0.0018837928771972656
(5,27): 0.0003778553009033203
(5,28): 0.002499103546142578
(5,30): 0.0051146125793457035
(6,7): 0.00010637283325195313
(6,8): 0.0007715702056884765
(6,9): -0.00018535614013671876
(6,11): -0.003907976150512696
(6,16): 0.004648780822753907
(6,17): 0.004249267578125
(6,18): 0.005061473846435547
(6,19): 0.005916318893432617
(6,22): -0.002904691696166992
(6,23): 0.0011425495147705078
(6,24): -0.0010097694396972656
(6,25): -0.0016444301605224609
(6,26): 0.00019365310668945313
(6,27): -0.0012784671783447265
(6,28): -0.00045379638671875
(6,29): 0.0026249122619628907
(6,30): -1.5621185302734374e-05
(7,6): 0.0006361579895019531
(7,8): -0.0001468944549560547
(7,9): -0.0007645225524902343
(7,17): 0.0047969818115234375
(7,18): 0.004661979675292968
(7,23): -3.966331481933594e-05
(7,25): 0.00021447181701660155
(7,26): -0.0004058837890625
(7,27): -0.0029903221130371093
(7,28): -0.0007605075836181641
(7,29): 0.0013115119934082032
(7,30): -0.0009133815765380859
(8,6): 0.0001956462860107422
(8,7): -0.0004481029510498047
(8,9): -0.0004282474517822266
(8,16): 0.0035399436950683595
(8,18): 0.004427738189697265
(8,23): 0.0029967784881591796
(8,26): -0.0009903430938720704
(8,27): -0.0019020843505859375
(8,28): -0.0006804275512695313
(8,29): 0.0007245349884033203
(8,30): -0.00069244384765625
(9,6): 0.0001375579833984375
(9,7): 0.0002578258514404297
(9,8): -0.00013637542724609375
(9,16): 0.003982448577880859
(9,17): 0.004414939880371093
(9,23): 0.0033446693420410155
(9,25): -0.001645946502685547
(9,26): -0.0009207439422607422
(9,27): -0.003177766799926758
(9,28): -0.001098785400390625
(9,29): 0.0007440948486328125
(9,30): -0.0004127693176269531
(10,5): -0.0020081424713134766
(10,11): 0.007086944580078125
(10,12): 0.007746143341064453
(10,19): 0.0009934711456298828
(10,20): 0.0032892322540283205
(10,21): -0.0038544273376464842
(10,22): -0.007052354812622071
(11,3): -0.00036316871643066406
(11,4): 0.006414060592651367
(11,5): -0.0028119277954101562
(11,6): 0.0006554412841796875
(11,10): 0.008704366683959961
(11,12): 0.007226810455322265
(11,20): 0.0035822772979736328
(11,21): -0.006098794937133789
(11,22): -0.0027898502349853515
(11,23): 0.0029457950592041014
(11,31): 0.011974678039550782
(12,4): 0.0010503387451171874
(12,10): 0.002869691848754883
(12,11): 0.003109273910522461
(12,19): -0.0039041709899902345
(12,20): 0.002754049301147461
(12,21): -0.009408664703369141
(12,22): -0.0032128238677978514
(12,23): 7.381439208984375e-06
(13,1): -0.0009464645385742188
(13,2): -0.00582305908203125
(13,3): -0.0022544574737548826
(13,14): -0.0019166278839111328
(13,15): -0.002886333465576172
(13,20): -0.012079391479492187
(14,0): -0.0003427696228027344
(14,2): -0.007189226150512695
(14,3): -0.00184783935546875
(14,13): -0.0020623874664306642
(14,15): -0.00133544921875
(14,20): -0.01149764060974121
(15,0): -0.0017690086364746094
(15,1): 0.0007962322235107422
(15,3): -0.002125244140625
(15,13): -0.0024575233459472657
(15,14): -0.002518634796142578
(15,20): -0.009849338531494141
(16,6): -6.330490112304687e-05
(16,8): -0.0007736968994140625
(16,9): 0.00025774955749511717
(16,17): -0.002121725082397461
(16,18): -0.0017155170440673827
(16,23): -0.019037561416625978
(17,6): 0.0004832935333251953
(17,7): 0.0005797672271728515
(17,9): 0.0005638980865478515
(17,16): -0.00206049919128418
(17,18): -0.002343101501464844
(17,23): -0.01640514373779297
(18,6): 2.6483535766601562e-05
(18,7): 0.0003216075897216797
(18,8): -1.71661376953125e-07
(18,16): -0.0022087383270263674
(18,17): -0.0021061420440673826
(18,23): -0.01879962921142578
(19,3): 0.004349298477172851
(19,4): 0.004604034423828125
(19,5): 0.005649566650390625
(19,6): 0.004030399322509766
(19,10): -0.014371604919433593
(19,12): -0.0067378425598144534
(19,20): 0.008229503631591797
(19,21): 0.0032840824127197267
(19,22): 0.004127845764160156
(19,23): 0.0060832595825195315
(20,0): 0.0028989124298095703
(20,1): 0.0029437732696533203
(20,2): -0.0009180068969726563
(20,3): 0.00017865180969238282
(20,4): -0.012368726730346679
(20,5): -0.005255870819091797
(20,10): -0.020034465789794922
(20,11): -0.012526578903198242
(20,12): -0.022181148529052733
(20,13): 0.0033144760131835938
(20,14): 0.004215450286865235
(20,15): 0.004374313354492188
(20,19): -0.0063846206665039065
(20,21): -0.0014291095733642578
(20,22): -0.00126251220703125
(21,3): 0.003289060592651367
(21,4): -0.002739553451538086
(21,5): 0.002801637649536133
(21,10): -0.006988325119018555
(21,11): -0.01219207763671875
(21,12): -0.01474186897277832
(21,19): -0.0022507476806640624
(21,20): 0.0028160858154296876
(21,22): 0.0023660755157470705
(21,23): 0.0038917922973632814
(21,33): 0.0026104259490966797
(22,4): -0.011744937896728515
(22,5): 0.00046288490295410157
(22,6): 0.005131235122680664
(22,10): -0.01766942024230957
(22,11): -0.012429361343383788
(22,12): -0.007529773712158203
(22,19): -0.0020041275024414063
(22,20): 0.0046942138671875
(22,21): 0.0025950908660888673
(22,23): 0.002272930145263672
(23,5): -0.0009763813018798828
(23,6): 0.0004766941070556641
(23,7): 0.006238012313842773
(23,8): 0.004237585067749024
(23,9): 0.005602312088012695
(23,11): -0.011467189788818359
(23,12): -0.020447092056274416
(23,16): 0.0030863094329833985
(23,17): 0.003767547607421875
(23,18): 0.004453020095825195
(23,19): -0.006245822906494141
(23,21): -0.0020798301696777345
(23,22): -0.0008537960052490234
(23,34): -0.014317617416381836
(24,0): -0.0002740192413330078
(24,1): -0.0009397506713867187
(24,2): 0.0031775665283203126
(24,3): -4.41741943359375e-05
(24,6): 0.0007221317291259766
(25,6): 0.001365060806274414
(25,7): 0.000629262924194336
(25,9): 0.00062591552734375
(25,26): -0.0005175590515136719
(25,27): -0.0020088768005371094
(25,28): -0.00013894081115722656
(25,34): -0.017009077072143556
(26,0): -0.0019841289520263674
(26,1): -0.001638965606689453
(26,3): 0.0005442237854003906
(26,5): -0.0027950572967529296
(26,6): -0.00034407615661621096
(26,7): -1.8157958984375e-05
(26,8): -0.0007785892486572265
(26,9): -0.0005807781219482422
(26,25): -0.0017925357818603515
(26,28): -0.0011812782287597657
(27,1): 0.0007164573669433594
(27,3): 0.000946044921875
(27,5): 0.0026283550262451174
(27,6): 0.001072854995727539
(27,7): 0.0005509090423583984
(27,8): 0.0003858184814453125
(27,9): -0.00035223960876464846
(27,25): -0.0008072090148925781
(27,34): -0.010380983352661133
(28,0): -0.002759275436401367
(28,1): -0.001088571548461914
(28,3): -0.0015694427490234376
(28,5): -0.003900909423828125
(28,6): 0.0005977725982666015
(28,7): -0.00045315742492675783
(28,8): -0.0003929615020751953
(28,9): -0.0007012176513671875
(28,25): -0.002071666717529297
(28,26): -0.0005165672302246093
(29,6): -0.0016268539428710939
(29,7): -0.001642007827758789
(29,8): -0.00121337890625
(29,9): -0.0011130428314208983
(29,30): -0.001644439697265625
(30,5): -0.0020405006408691405
(30,6): -7.442474365234376e-05
(30,7): -0.0020496559143066404
(30,8): -0.0011269378662109376
(30,9): -0.0007376766204833984
(30,29): -0.00022382736206054686
(31,4): 0.008141822814941406
(31,11): 0.020134296417236328
(31,33): -0.03125872611999512
(33,21): 0.016820878982543946
(33,31): -0.01890643119812012
(34,23): 0.01551097869873047
(34,25): 0.01622997283935547
(34,27): 0.013157882690429688
