Interaction name: 5nz2

Affinity: 5.03000020980835
Predicted value: 6.295012474060059

Shapley values for edges: 

(0,11): -0.020466203689575194
(0,22): 0.010657124519348145
(1,11): -0.030673503875732422
(1,17): 0.005381875038146973
(1,21): 0.002972531318664551
(1,22): 0.006504716873168945
(2,3): -0.004136843681335449
(2,4): 0.00048369407653808594
(2,17): -0.0033137989044189453
(2,18): -0.007143187522888184
(2,19): 0.002258596420288086
(2,20): -0.0030328512191772463
(2,21): 0.0007402610778808594
(2,22): 0.001872544288635254
(3,2): -0.0018572330474853516
(3,4): -0.000957646369934082
(3,12): -0.009402365684509277
(3,17): -0.003504142761230469
(3,18): -0.004339556694030761
(3,19): 0.0027083539962768554
(3,20): -0.006794605255126953
(3,21): 0.00034810543060302733
(4,2): -0.006595559120178222
(4,3): -0.004177279472351074
(4,5): -0.0070599794387817385
(4,6): 0.0012366104125976563
(4,12): -0.018921012878417968
(4,13): -0.007677574157714844
(4,14): -3.894329071044922e-05
(4,17): -0.008539795875549316
(4,18): -0.011464509963989258
(4,19): 0.0018297481536865235
(4,20): -0.011885414123535156
(4,21): -0.0016759490966796874
(4,22): -0.002723822593688965
(5,4): -0.012921180725097656
(5,6): -0.00392554759979248
(5,8): -0.00371856689453125
(5,13): -0.0095228910446167
(5,14): -0.002560129165649414
(5,16): -0.002618708610534668
(5,19): -0.00274838924407959
(5,21): -0.005563778877258301
(6,4): -0.012974681854248047
(6,5): -0.006620440483093262
(6,8): -0.0059961223602294925
(6,9): -0.001881413459777832
(6,13): -0.006395230293273926
(6,16): -0.0050107622146606445
(6,19): -0.004084949493408203
(6,21): -0.0031701946258544922
(6,22): -0.005004439353942871
(7,8): -0.007547292709350586
(7,9): -0.0034237146377563477
(7,13): -0.0007952880859375
(7,16): -0.0024901771545410155
(7,22): -0.003478236198425293
(8,5): -0.004610738754272461
(8,6): -0.004901266098022461
(8,7): -0.007294402122497558
(8,9): -0.008495135307312012
(8,13): -0.01109541893005371
(8,14): 0.0015876150131225585
(8,15): -0.010421905517578125
(8,22): -0.005204377174377442
(9,6): -0.006256613731384277
(9,7): -0.006120295524597168
(9,8): -0.0076732349395751956
(9,10): -0.0008758020401000977
(9,13): -0.004150075912475586
(9,14): -0.00014729022979736327
(9,15): -0.01068727970123291
(9,16): -0.002008638381958008
(9,21): -0.005737590789794922
(9,22): -0.00783454418182373
(10,9): 0.0032575368881225587
(10,19): 0.008135228157043458
(10,21): -0.0043901348114013675
(10,22): 0.002656416893005371
(11,0): 0.02326199531555176
(11,1): 0.0165120267868042
(11,23): -0.014250168800354004
(12,3): -0.002583284378051758
(12,4): -0.0002713298797607422
(12,17): -0.010377111434936524
(12,18): -0.014404525756835937
(12,19): -0.003406825065612793
(12,20): -0.009143204689025878
(13,4): -0.0075201416015625
(13,5): -0.002739601135253906
(13,6): -0.001314544677734375
(13,7): -0.003984456062316895
(13,8): -0.00015463829040527344
(13,9): -0.0026583194732666014
(13,14): 0.007411322593688965
(13,15): 0.004324655532836914
(13,16): 0.011332736015319825
(13,19): -0.010471987724304199
(14,4): -0.030987129211425782
(14,5): -0.02158650875091553
(14,8): -0.016679630279541016
(14,9): -0.0031193590164184572
(14,13): 0.005436334609985351
(14,16): -0.014488372802734375
(14,19): -0.020854854583740236
(15,8): -0.021875176429748535
(15,9): -0.0033363723754882813
(15,13): -0.005904612541198731
(15,16): -0.009528989791870118
(16,5): -0.014824895858764649
(16,6): -0.0698603105545044
(16,7): -0.06504836559295654
(16,9): -0.008817591667175294
(16,13): -0.004235396385192871
(16,14): -0.01847649574279785
(16,15): -0.000450139045715332
(17,1): -0.010214076042175294
(17,2): -0.003420562744140625
(17,3): -0.0025569438934326173
(17,4): 0.00036599636077880857
(17,12): -0.0011412525177001954
(17,18): 0.002051887512207031
(17,19): 0.0037167930603027345
(17,20): 0.003288478851318359
(17,24): 0.0020425081253051757
(17,25): 0.00171844482421875
(18,2): -0.005662841796875
(18,3): 0.002207174301147461
(18,4): 0.005844593048095703
(18,12): -0.007937073707580566
(18,17): 0.0004972219467163086
(18,19): 0.0010786104202270509
(18,20): 0.0035553836822509767
(18,26): 0.0037987279891967774
(18,27): 0.0008153343200683594
(19,2): -0.0005028533935546875
(19,3): -0.0025200700759887697
(19,4): 0.0011923980712890624
(19,5): 0.0067590618133544925
(19,6): 3.2644271850585935e-05
(19,10): -0.01151580810546875
(19,12): -0.0042785263061523434
(19,13): 0.006970272064208984
(19,14): 0.012030920982360839
(19,17): -0.003225092887878418
(19,18): -0.0019701194763183595
(19,20): -0.0004098796844482422
(20,2): -0.0003056526184082031
(20,3): 0.0004166269302368164
(20,4): -8.190631866455079e-05
(20,12): 0.003561263084411621
(20,17): -0.001373457908630371
(20,18): 0.005069141387939453
(20,19): 0.005378551483154297
(20,28): -0.0003728818893432617
(21,1): -0.007566709518432618
(21,2): 0.007362794876098633
(21,3): 0.007463607788085937
(21,4): 0.006663904190063476
(21,5): 0.00425048828125
(21,6): 0.006083741188049317
(21,9): 0.004189505577087403
(21,10): 0.004194025993347168
(21,23): -0.0553778076171875
(22,0): -0.023977746963500978
(22,1): -0.00939378261566162
(22,2): 0.002163395881652832
(22,4): 0.009535579681396485
(22,6): 0.00590179443359375
(22,7): 0.004199919700622559
(22,8): 0.004097957611083985
(22,9): 0.003514528274536133
(22,10): 0.0016930627822875977
(22,26): -0.004476637840270996
(23,11): -0.0009833526611328124
(23,21): 0.01269719123840332
(24,17): 0.004865179061889649
(25,17): 0.005477890968322754
(25,27): 0.0014138412475585937
(25,28): 0.0014582157135009765
(26,18): 0.00808985710144043
(26,22): -0.014279317855834962
(27,18): 0.01341641902923584
(27,25): 0.0021997356414794923
(27,28): 0.0013414478302001952
(28,20): 0.01045945167541504
(28,25): 0.0012639474868774414
(28,27): 0.0014447736740112304
