Interaction name: 5lwe

Affinity: 9.960000038146973
Predicted value: 8.01455020904541

Attributions for edges: 

(0,1): 2.5370777225743973e-34
(0,5): 1.896508731379375e-30
(0,10): 8.039947837307863e-31
(0,11): 1.4766805713348898e-31
(0,13): 1.1515550792293734e-30
(0,21): 9.030112808384028e-31
(0,25): 9.030112808384028e-31
(0,26): 2.519513724756701e-35
(0,27): 5.395207564271332e-33
(0,28): 1.347242340672078e-33
(1,0): 4.732297351523192e-34
(1,5): 1.7677371402431793e-26
(1,10): 1.3043130977513184e-26
(1,11): 1.4504163003740718e-27
(1,21): 1.1735443034201717e-26
(1,25): 1.1735443034201717e-26
(1,27): 3.732655959499393e-29
(1,28): 1.0014779287084787e-29
(2,5): 3.943632761740457e-27
(2,14): 2.396730606714891e-26
(2,15): 1.5840454858586224e-26
(2,16): 2.1442398043361644e-26
(2,17): 7.345982912610881e-27
(2,24): 1.8123523088884807e-26
(2,27): 8.327156842242013e-30
(2,28): 2.2341900783141035e-30
(3,4): 9.881626840280139e-28
(3,16): 2.2610380954437206e-27
(3,17): 7.746123940099489e-28
(3,24): 1.9110652318904663e-27
(3,29): 9.005924190929418e-32
(4,3): 1.2000223927408957e-27
(4,16): 3.045201571556859e-23
(4,17): 1.0432600274570117e-23
(4,29): 2.026047101430273e-27
(5,0): 4.21195650238616e-30
(5,1): 2.2819132886295327e-26
(5,2): 5.228313160750285e-27
(5,10): 1.844683384821487e-24
(5,11): 2.0513161805246882e-25
(5,13): 6.635843503316691e-24
(5,14): 1.5194232540521994e-23
(5,15): 1.0042238766508741e-23
(5,17): 4.6570521868858215e-24
(5,21): 1.659737706605589e-24
(5,22): 7.044121620257447e-24
(5,24): 1.1489615511859287e-23
(5,25): 1.659737706605589e-24
(5,26): 4.878513053113042e-27
(6,7): 7.088683899476838e-23
(6,8): 7.088683899476838e-23
(6,9): 7.088683899476838e-23
(6,12): 7.088683899476838e-23
(6,19): 4.353486677643198e-24
(6,20): 7.088683899476838e-23
(6,30): 4.2851116853666235e-23
(7,6): 7.088683899476838e-23
(7,8): 7.088683899476838e-23
(7,9): 7.088683899476838e-23
(7,12): 7.088683899476838e-23
(7,19): 4.353486677643198e-24
(7,20): 7.088683899476838e-23
(7,31): 7.088683899476838e-23
(7,32): 7.088683899476838e-23
(7,37): 6.81493591250194e-23
(7,43): 7.088683899476838e-23
(7,47): 7.088683899476838e-23
(8,6): 7.088683899476838e-23
(8,7): 7.088683899476838e-23
(8,9): 7.088683899476838e-23
(8,12): 7.088683899476838e-23
(8,19): 4.353486677643198e-24
(8,20): 7.088683899476838e-23
(8,31): 7.088683899476838e-23
(8,33): 7.088683899476838e-23
(8,34): 7.088683899476838e-23
(8,35): 7.088683899476838e-23
(8,37): 6.81493591250194e-23
(8,42): 7.088683899476838e-23
(8,49): 4.115798469279038e-23
(9,6): 7.088683899476838e-23
(9,7): 7.088683899476838e-23
(9,8): 7.088683899476838e-23
(9,10): 9.619507928923432e-24
(9,11): 1.0697040649496494e-24
(9,12): 7.088683899476838e-23
(9,19): 4.353486677643198e-24
(9,20): 7.088683899476838e-23
(9,21): 8.655036331008455e-24
(9,25): 8.655036331008455e-24
(9,34): 7.088683899476838e-23
(10,0): 2.1935525803293405e-30
(10,1): 1.6321915774267656e-26
(10,5): 1.7882628695887225e-24
(10,9): 9.723177662504861e-24
(10,11): 1.467257248105376e-25
(10,12): 9.723177662504861e-24
(10,13): 4.7464419603609405e-24
(10,20): 9.723177662504861e-24
(10,21): 1.1871662425979633e-24
(10,25): 1.1871662425979633e-24
(10,26): 3.48945611039517e-27
(10,30): 5.877664159712893e-24
(10,42): 9.723177662504861e-24
(10,44): 8.393678035638776e-24
(10,49): 5.6454045765541015e-24
(11,0): 3.2799353375231363e-31
(11,1): 1.836521920799964e-27
(11,5): 2.0121237218605617e-25
(11,9): 1.0940358879255126e-24
(11,10): 1.4846321560619017e-25
(11,12): 1.0940358879255126e-24
(11,19): 6.718977313990568e-26
(11,20): 1.0940358879255126e-24
(11,21): 1.335779773184453e-25
(11,25): 1.335779773184453e-25
(11,37): 1.051786963032204e-24
(12,6): 7.088683899476838e-23
(12,7): 7.088683899476838e-23
(12,8): 7.088683899476838e-23
(12,9): 7.088683899476838e-23
(12,10): 9.619507928923432e-24
(12,11): 1.0697040649496494e-24
(12,19): 4.353486677643198e-24
(12,20): 7.088683899476838e-23
(12,21): 8.655036331008455e-24
(12,25): 8.655036331008455e-24
(12,30): 4.2851116853666235e-23
(12,37): 6.81493591250194e-23
(12,42): 7.088683899476838e-23
(13,0): 3.611621193070931e-30
(13,5): 6.194802809690749e-24
(13,10): 4.57077604740361e-24
(13,14): 3.764857602829004e-23
(13,15): 2.4882668768760922e-23
(13,21): 4.112516097938504e-24
(13,22): 1.7453998756452673e-23
(13,23): 3.625410029524362e-23
(13,25): 4.112516097938504e-24
(13,36): 2.936439425287866e-23
(13,37): 3.238176512724368e-23
(13,40): 3.243579263292046e-23
(13,44): 2.9076810276714906e-23
(14,2): 3.1008190091317765e-26
(14,5): 1.4827658344196652e-23
(14,13): 3.9356008659655746e-23
(14,15): 5.955849978409429e-23
(14,18): 8.062124372567635e-23
(14,22): 4.177726890238146e-23
(14,23): 8.67771923747718e-23
(14,24): 6.81426064756707e-23
(14,26): 2.893347974761068e-26
(14,37): 7.75078495464842e-23
(14,38): 8.062124372567635e-23
(14,40): 7.76374562377684e-23
(14,41): 8.062124372567635e-23
(14,47): 8.062124372567635e-23
(14,48): 8.062124372567635e-23
(15,2): 2.0021537834286117e-26
(15,5): 9.574077429391754e-24
(15,13): 2.5411795643216105e-23
(15,14): 5.818593229610767e-23
(15,17): 1.7833996209941255e-23
(15,22): 2.697518069556664e-23
(15,23): 5.60311934433763e-23
(15,24): 4.399885582822125e-23
(15,26): 1.8681998091182396e-26
(15,30): 3.146808433871136e-23
(15,49): 3.022471648978183e-23
(16,2): 2.726397890122685e-26
(16,3): 2.793426376644584e-27
(16,4): 3.098033479645683e-23
(16,17): 2.42852265399136e-23
(16,24): 5.991490714107314e-23
(16,38): 7.088683899476838e-23
(16,39): 7.088683899476838e-23
(17,2): 9.57285712936411e-27
(17,3): 9.808206538940209e-28
(17,4): 1.0877734761863704e-23
(17,5): 4.577616260312781e-24
(17,15): 1.8386987704501184e-23
(17,16): 2.4889505037365567e-23
(17,24): 2.103708387405703e-23
(17,30): 1.504577049588121e-23
(17,40): 2.3968255917308554e-23
(17,47): 2.4889505037365567e-23
(18,14): 7.923398449219089e-23
(18,22): 3.673297988547984e-23
(18,23): 7.629921366548975e-23
(18,41): 7.088683899476838e-23
(18,42): 7.088683899476838e-23
(18,47): 7.088683899476838e-23
(18,48): 7.088683899476838e-23
(19,6): 3.9263614903853545e-24
(19,7): 3.9263614903853545e-24
(19,8): 3.9263614903853545e-24
(19,9): 3.9263614903853545e-24
(19,11): 5.924999289944517e-26
(19,12): 3.9263614903853545e-24
(19,20): 3.9263614903853545e-24
(19,21): 4.793968857748243e-25
(19,25): 4.793968857748243e-25
(20,6): 7.088683899476838e-23
(20,7): 7.088683899476838e-23
(20,8): 7.088683899476838e-23
(20,9): 7.088683899476838e-23
(20,10): 9.619507928923432e-24
(20,11): 1.0697040649496494e-24
(20,12): 7.088683899476838e-23
(20,19): 4.353486677643198e-24
(20,21): 8.655036331008455e-24
(20,25): 8.655036331008455e-24
(20,31): 7.088683899476838e-23
(21,0): 2.271712234150543e-30
(21,1): 1.481367227175539e-26
(21,5): 1.6230165272903905e-24
(21,9): 8.824664302597224e-24
(21,10): 1.1975273389423624e-24
(21,11): 1.3316686985326036e-25
(21,12): 8.824664302597224e-24
(21,13): 4.307858174024309e-24
(21,19): 5.419673113208854e-25
(21,20): 8.824664302597224e-24
(21,26): 3.1670092153860815e-27
(21,36): 7.693368344750633e-24
(21,40): 8.498064054922146e-24
(21,47): 8.824664302597224e-24
(22,5): 6.730528111187653e-24
(22,13): 1.7864296357310794e-23
(22,14): 4.09045741710408e-23
(22,15): 2.7034622942496855e-23
(22,18): 3.6595355211954985e-23
(22,23): 3.938950053824781e-23
(22,26): 1.313330147676544e-26
(22,45): 2.3286374017166374e-23
(23,13): 3.7264214596273777e-23
(23,14): 8.532500042245578e-23
(23,15): 5.639294612184893e-23
(23,18): 7.633618915383927e-23
(23,22): 3.955679269269622e-23
(23,26): 2.7395549190563654e-26
(23,46): 8.216462799863591e-23
(24,2): 2.3105651173005883e-26
(24,3): 2.3673790876950395e-27
(24,5): 1.1048865513476919e-23
(24,14): 6.71486228024305e-23
(24,15): 4.43801627908125e-23
(24,16): 6.007510270281819e-23
(24,17): 2.058114120350101e-23
(24,49): 3.488039684755347e-23
(25,0): 2.271712234150543e-30
(25,1): 1.481367227175539e-26
(25,5): 1.6230165272903905e-24
(25,9): 8.824664302597224e-24
(25,10): 1.1975273389423624e-24
(25,11): 1.3316686985326036e-25
(25,12): 8.824664302597224e-24
(25,13): 4.307858174024309e-24
(25,19): 5.419673113208854e-25
(25,20): 8.824664302597224e-24
(25,26): 3.1670092153860815e-27
(26,0): 4.146534798581207e-35
(26,5): 3.600278356441089e-27
(26,10): 2.656441527862131e-27
(26,14): 2.1880665742994315e-26
(26,15): 1.446135343293688e-26
(26,21): 2.3901100684566643e-27
(26,22): 1.0143906143082615e-26
(26,23): 2.1070222096444522e-26
(26,25): 2.3901100684566643e-27
(27,0): 8.877430315693858e-33
(27,1): 4.8095288545475785e-29
(27,2): 1.1019493304721305e-29
(27,28): 2.985289214930204e-30
(27,37): 2.754456070147683e-26
(27,44): 2.473329770983829e-26
(28,0): 2.3222917621341336e-33
(28,1): 1.2581487188828423e-29
(28,2): 2.882666865391553e-30
(28,27): 2.9106889580032913e-30
(28,37): 7.205547952926052e-27
(29,3): 9.232022300849629e-32
(29,4): 1.686895267862553e-27
(30,6): 4.2423516377712996e-23
(30,10): 5.756969230074983e-24
(30,12): 4.2423516377712996e-23
(30,15): 3.1340140566215374e-23
(30,17): 1.453393387474666e-23
(31,7): 7.088683899476838e-23
(31,8): 7.088683899476838e-23
(31,20): 7.088683899476838e-23
(32,7): 7.088683899476838e-23
(32,40): 6.826332743771849e-23
(32,46): 7.629921366548975e-23
(33,8): 7.088683899476838e-23
(34,8): 7.088683899476838e-23
(34,9): 7.088683899476838e-23
(34,43): 7.088683899476838e-23
(35,8): 7.088683899476838e-23
(35,44): 6.119411136320505e-23
(36,13): 3.0628281951674796e-23
(36,21): 7.66062746174034e-24
(37,7): 6.96846212860988e-23
(37,8): 6.96846212860988e-23
(37,11): 1.0515582919773031e-24
(37,12): 6.96846212860988e-23
(37,13): 3.4017061161992355e-23
(37,14): 7.789019465002672e-23
(37,27): 2.7062338658281374e-26
(37,28): 7.260814438610189e-27
(37,39): 6.96846212860988e-23
(38,14): 7.923398449219089e-23
(38,16): 7.088683899476838e-23
(39,16): 7.088683899476838e-23
(39,37): 6.81493591250194e-23
(40,13): 3.3462353106102665e-23
(40,14): 7.661946594946051e-23
(40,17): 2.3483966318984323e-23
(40,21): 8.369505759780994e-24
(40,32): 6.854775912570497e-23
(40,46): 7.378181336652294e-23
(41,14): 7.923398449219089e-23
(41,18): 7.088683899476838e-23
(42,8): 7.088683899476838e-23
(42,10): 9.619507928923432e-24
(42,12): 7.088683899476838e-23
(42,18): 7.088683899476838e-23
(42,45): 4.5106564845001734e-23
(43,7): 7.088683899476838e-23
(43,34): 7.088683899476838e-23
(44,10): 8.440105655354654e-24
(44,13): 3.036142608465663e-23
(44,27): 2.4153808500731503e-26
(44,35): 6.219573752089504e-23
(45,22): 2.309643366612907e-23
(45,42): 4.4571026109108915e-23
(46,23): 8.216462799863591e-23
(46,32): 7.633618915383927e-23
(46,40): 7.351071027239106e-23
(47,7): 7.088683899476838e-23
(47,14): 7.923398449219089e-23
(47,17): 2.42852265399136e-23
(47,18): 7.088683899476838e-23
(47,21): 8.655036331008455e-24
(47,48): 7.088683899476838e-23
(48,14): 7.923398449219089e-23
(48,18): 7.088683899476838e-23
(48,47): 7.088683899476838e-23
(49,8): 4.0714341941468564e-23
(49,10): 5.525030318874164e-24
(49,15): 3.0077496112205864e-23
(49,24): 3.4412532910997753e-23
