Interaction name: 5eyk

Affinity: 8.520000457763672
Predicted value: 8.390050888061523

Attributions for edges: 

(0,3): 0.5504729747772217
(0,13): 0.4568693935871124
(0,26): 0.562264621257782
(0,28): 0.5594285130500793
(1,2): 0.437947154045105
(1,4): 0.4705476760864258
(1,8): 0.4152001738548279
(1,18): 0.4066656231880188
(1,24): 0.38627889752388
(1,29): 0.45913058519363403
(2,1): 0.5058186054229736
(2,8): 0.5449467897415161
(2,11): 0.42123115062713623
(2,12): 0.5447953343391418
(2,18): 0.5129024386405945
(2,20): 0.5332710146903992
(2,21): 0.5900571942329407
(2,23): 0.4666631519794464
(2,24): 0.5028740763664246
(2,25): 0.45730385184288025
(3,0): 0.4710151255130768
(3,13): 0.5841535329818726
(3,14): 0.4455418586730957
(3,26): 0.49347004294395447
(3,30): 0.4259161949157715
(4,1): 0.4264051616191864
(4,7): 0.5228386521339417
(4,8): 0.5730968713760376
(4,15): 0.3508498966693878
(4,16): 0.5300725102424622
(4,30): 0.570540189743042
(5,11): 0.491911381483078
(5,22): 0.44704824686050415
(5,25): 0.44230490922927856
(5,27): 0.4684489965438843
(6,11): 0.4143838584423065
(6,22): 0.5585954189300537
(6,25): 0.524210512638092
(6,27): 0.5006809234619141
(7,4): 0.44253185391426086
(7,8): 0.46146929264068604
(7,10): 0.39346951246261597
(7,15): 0.4257380962371826
(7,16): 0.3461950123310089
(7,19): 0.5898779034614563
(7,20): 0.428526908159256
(7,21): 0.5984280109405518
(7,23): 0.5284517407417297
(7,26): 0.4501774311065674
(7,39): 0.47075513005256653
(8,1): 0.47662702202796936
(8,2): 0.46512192487716675
(8,4): 0.4917158782482147
(8,7): 0.5811289548873901
(8,15): 0.5441651344299316
(8,16): 0.5110576748847961
(8,19): 0.45885956287384033
(8,21): 0.4410138726234436
(8,23): 0.4525260627269745
(8,31): 0.4539547562599182
(8,38): 0.4410354793071747
(9,10): 0.5480842590332031
(9,17): 0.6115196347236633
(9,20): 0.5948479175567627
(9,21): 0.4631829261779785
(9,23): 0.4321695864200592
(9,41): 0.5318247079849243
(10,7): 0.4826505780220032
(10,9): 0.3863704800605774
(10,17): 0.42636674642562866
(10,20): 0.514315664768219
(10,21): 0.5524609684944153
(10,23): 0.5350963473320007
(10,32): 0.4412589967250824
(10,40): 0.4279906749725342
(11,2): 0.5116510391235352
(11,5): 0.5374447703361511
(11,6): 0.4646172523498535
(11,12): 0.48166441917419434
(11,18): 0.46677085757255554
(11,22): 0.548194944858551
(11,24): 0.5400800704956055
(11,25): 0.40779542922973633
(11,27): 0.5503886342048645
(12,2): 0.534861147403717
(12,11): 0.48211386799812317
(12,18): 0.4455338716506958
(12,20): 0.5417914390563965
(12,21): 0.4514523148536682
(12,22): 0.543882429599762
(12,23): 0.4102306067943573
(12,24): 0.4584740400314331
(12,25): 0.5039424300193787
(12,27): 0.4078664779663086
(12,31): 0.4938127100467682
(12,32): 0.449663907289505
(13,0): 0.4702325463294983
(13,3): 0.38353344798088074
(13,15): 0.5126969814300537
(13,16): 0.4430774450302124
(13,19): 0.4020320177078247
(13,26): 0.5250478982925415
(13,33): 0.4997520446777344
(14,3): 0.4751744866371155
(14,34): 0.5090952515602112
(14,35): 0.555830180644989
(14,36): 0.5290679931640625
(14,37): 0.5091700553894043
(15,4): 0.38683968782424927
(15,7): 0.501622200012207
(15,8): 0.40627387166023254
(15,13): 0.4396057426929474
(15,16): 0.37978696823120117
(15,19): 0.39345407485961914
(15,26): 0.4670155346393585
(15,33): 0.4849439561367035
(16,4): 0.4187167286872864
(16,7): 0.5029397010803223
(16,8): 0.5323656797409058
(16,13): 0.4720565378665924
(16,15): 0.6021681427955627
(16,19): 0.47719690203666687
(16,26): 0.4885167181491852
(16,31): 0.40738239884376526
(16,43): 0.429481565952301
(16,44): 0.487461119890213
(17,9): 0.5647661089897156
(17,10): 0.5337300300598145
(17,20): 0.4972553253173828
(17,21): 0.538385272026062
(17,23): 0.520873486995697
(17,39): 0.415012389421463
(18,1): 0.5804640650749207
(18,2): 0.5265840888023376
(18,11): 0.6547082662582397
(18,12): 0.42555537819862366
(18,20): 0.48157623410224915
(18,21): 0.5528379082679749
(18,22): 0.43687012791633606
(18,24): 0.5569818019866943
(18,25): 0.4774623215198517
(18,27): 0.5367212295532227
(18,40): 0.5395119190216064
(18,41): 0.528174877166748
(19,7): 0.564669668674469
(19,8): 0.484154611825943
(19,13): 0.442435085773468
(19,15): 0.4552285671234131
(19,16): 0.40567803382873535
(19,26): 0.5281491875648499
(19,43): 0.47095099091529846
(20,2): 0.6196560263633728
(20,7): 0.44982072710990906
(20,9): 0.4523528218269348
(20,10): 0.46276405453681946
(20,12): 0.4024726152420044
(20,17): 0.38932889699935913
(20,18): 0.4907117784023285
(20,21): 0.49607956409454346
(20,23): 0.45761579275131226
(20,40): 0.42220979928970337
(21,2): 0.48103296756744385
(21,7): 0.4465959966182709
(21,8): 0.47224169969558716
(21,9): 0.44138795137405396
(21,10): 0.509026825428009
(21,12): 0.44286882877349854
(21,17): 0.5430264472961426
(21,18): 0.5636785626411438
(21,20): 0.5285175442695618
(21,23): 0.5238044857978821
(21,31): 0.4694021940231323
(21,40): 0.47188514471054077
(22,5): 0.46809160709381104
(22,6): 0.4389953315258026
(22,11): 0.5614354610443115
(22,12): 0.4513232409954071
(22,18): 0.5719600319862366
(22,24): 0.5203719139099121
(22,25): 0.5479942560195923
(22,31): 0.48696205019950867
(23,2): 0.41437196731567383
(23,7): 0.5310204029083252
(23,8): 0.5091357827186584
(23,9): 0.43521395325660706
(23,10): 0.5566345453262329
(23,12): 0.49810120463371277
(23,17): 0.46064913272857666
(23,20): 0.5784724950790405
(23,21): 0.3942008316516876
(23,32): 0.48775219917297363
(23,42): 0.48686477541923523
(24,1): 0.40626260638237
(24,2): 0.4757625460624695
(24,11): 0.5704325437545776
(24,12): 0.5386444926261902
(24,18): 0.5294516086578369
(24,22): 0.5856990218162537
(24,25): 0.49032604694366455
(24,27): 0.5617578625679016
(25,2): 0.543495237827301
(25,5): 0.5493280291557312
(25,6): 0.42759376764297485
(25,11): 0.42020297050476074
(25,12): 0.6287899613380432
(25,18): 0.43474283814430237
(25,22): 0.5930670499801636
(25,24): 0.4719153046607971
(25,27): 0.5102320909500122
(25,41): 0.5838369727134705
(25,45): 0.5223060846328735
(26,0): 0.5194045305252075
(26,3): 0.45740628242492676
(26,7): 0.4371933043003082
(26,13): 0.47118520736694336
(26,15): 0.4974616467952728
(26,16): 0.504464864730835
(26,19): 0.4545562267303467
(26,34): 0.39540913701057434
(26,37): 0.4675297141075134
(26,39): 0.5160948038101196
(26,43): 0.4715135991573334
(26,44): 0.426849901676178
(27,5): 0.4770490527153015
(27,6): 0.4774097204208374
(27,11): 0.5028715133666992
(27,12): 0.4032883942127228
(27,18): 0.5624266862869263
(27,24): 0.5526857376098633
(27,25): 0.4782317280769348
(28,0): 0.5075035095214844
(28,33): 0.5309639573097229
(29,1): 0.46259164810180664
(29,30): 0.47968003153800964
(30,3): 0.45309537649154663
(30,4): 0.4867890477180481
(30,29): 0.5230615735054016
(30,44): 0.4617730975151062
(31,8): 0.5425180792808533
(31,12): 0.427747517824173
(31,16): 0.5258764624595642
(31,21): 0.4905741512775421
(31,22): 0.4185892939567566
(31,39): 0.4068351089954376
(31,42): 0.5493055582046509
(32,10): 0.4769749343395233
(32,12): 0.5693275928497314
(32,23): 0.49574029445648193
(32,45): 0.48768964409828186
(33,13): 0.4118545949459076
(33,15): 0.47028282284736633
(33,28): 0.545801043510437
(34,14): 0.5103987455368042
(34,26): 0.5745063424110413
(35,14): 0.4486050605773926
(35,37): 0.48579898476600647
(36,14): 0.6224143505096436
(37,14): 0.6148303151130676
(37,26): 0.5328752994537354
(37,35): 0.44500795006752014
(38,8): 0.502667248249054
(38,40): 0.55149906873703
(38,44): 0.5176438689231873
(39,7): 0.3862115740776062
(39,17): 0.4620204567909241
(39,26): 0.49124887585639954
(39,31): 0.5092523694038391
(39,42): 0.5195924043655396
(40,10): 0.3345130980014801
(40,18): 0.4840337038040161
(40,20): 0.5368198752403259
(40,21): 0.4142816960811615
(40,38): 0.5842882394790649
(40,41): 0.410350501537323
(41,9): 0.41716721653938293
(41,18): 0.523371696472168
(41,25): 0.43270185589790344
(41,40): 0.48993125557899475
(42,23): 0.41991665959358215
(42,31): 0.4170912206172943
(42,39): 0.4673535227775574
(43,16): 0.532709002494812
(43,19): 0.41062408685684204
(43,26): 0.503071129322052
(44,16): 0.4598091244697571
(44,26): 0.4944894015789032
(44,30): 0.3639008104801178
(44,38): 0.4709182381629944
(45,25): 0.6086418628692627
(45,32): 0.40093472599983215
