Interaction name: 5j6d

Affinity: 8.220000267028809
Predicted value: 7.671070098876953

Attributions for edges: 

(0,1): 0.535222053527832
(0,7): 0.4643643796443939
(0,10): 0.5100138187408447
(0,12): 0.541056752204895
(0,24): 0.40591517090797424
(0,41): 0.48132437467575073
(0,42): 0.43540745973587036
(0,43): 0.42830145359039307
(0,47): 0.408768892288208
(1,0): 0.46192312240600586
(1,7): 0.48257976770401
(1,9): 0.5367395281791687
(1,12): 0.4308357536792755
(1,24): 0.4967677593231201
(1,41): 0.4727112054824829
(1,42): 0.49940037727355957
(1,43): 0.5335431098937988
(1,44): 0.4717226028442383
(1,47): 0.4623256325721741
(2,5): 0.46472275257110596
(2,8): 0.47690367698669434
(2,11): 0.5292426943778992
(2,13): 0.41933581233024597
(2,14): 0.4543546438217163
(2,31): 0.43788963556289673
(2,32): 0.39773091673851013
(3,8): 0.48858416080474854
(3,13): 0.5311945676803589
(3,15): 0.3776036202907562
(3,16): 0.5153261423110962
(3,18): 0.5139793157577515
(3,19): 0.48815545439720154
(3,23): 0.45173773169517517
(3,28): 0.44949784874916077
(3,33): 0.44800031185150146
(3,35): 0.42627719044685364
(3,37): 0.5496534705162048
(3,39): 0.5183417797088623
(4,15): 0.4598865807056427
(4,16): 0.4486941397190094
(4,17): 0.43196046352386475
(4,33): 0.4155656397342682
(4,34): 0.4334278702735901
(4,35): 0.3688145875930786
(4,39): 0.5685920715332031
(5,2): 0.444045752286911
(5,6): 0.5547296404838562
(5,8): 0.5225170850753784
(5,11): 0.45296356081962585
(5,13): 0.47167161107063293
(5,14): 0.4809584617614746
(5,31): 0.4745766818523407
(5,32): 0.49119681119918823
(5,43): 0.5267156362533569
(5,45): 0.5323718786239624
(6,5): 0.5049329400062561
(6,8): 0.4645819067955017
(6,11): 0.42854732275009155
(6,13): 0.45757171511650085
(6,19): 0.45848026871681213
(6,20): 0.4487157464027405
(6,22): 0.500921905040741
(6,26): 0.5573185682296753
(6,45): 0.5338652729988098
(7,0): 0.42629900574684143
(7,1): 0.43934962153434753
(7,9): 0.5226473212242126
(7,10): 0.4764830470085144
(7,24): 0.4040960967540741
(7,25): 0.4237433075904846
(7,29): 0.4663817882537842
(7,30): 0.49949291348457336
(7,38): 0.48348468542099
(7,45): 0.4508318305015564
(7,46): 0.46065834164619446
(8,2): 0.4675667881965637
(8,3): 0.5280324220657349
(8,5): 0.46400436758995056
(8,6): 0.48456302285194397
(8,11): 0.4338127672672272
(8,13): 0.4940255880355835
(8,19): 0.4877323508262634
(8,37): 0.42765507102012634
(8,46): 0.5214741230010986
(9,1): 0.4846024513244629
(9,7): 0.48258328437805176
(9,10): 0.41444578766822815
(9,12): 0.5351805686950684
(9,24): 0.4344024360179901
(10,0): 0.528836190700531
(10,7): 0.4256141483783722
(10,9): 0.4644549489021301
(10,12): 0.4626029133796692
(10,24): 0.4215564727783203
(11,2): 0.4991878271102905
(11,5): 0.4594166576862335
(11,6): 0.47117185592651367
(11,8): 0.4038265347480774
(11,13): 0.5287112593650818
(11,19): 0.4449464678764343
(11,32): 0.41977250576019287
(11,45): 0.5277115106582642
(12,0): 0.4930354654788971
(12,1): 0.4392792284488678
(12,9): 0.5038219094276428
(12,10): 0.5433538556098938
(12,24): 0.5168395042419434
(12,25): 0.5036000609397888
(12,29): 0.40773993730545044
(12,30): 0.4543585777282715
(12,38): 0.4401386082172394
(13,2): 0.4505322575569153
(13,3): 0.3985716998577118
(13,5): 0.4123062491416931
(13,6): 0.470488578081131
(13,8): 0.48383307456970215
(13,11): 0.43125635385513306
(13,19): 0.4699450731277466
(13,20): 0.5226601362228394
(13,27): 0.47673359513282776
(13,28): 0.5780307054519653
(13,37): 0.4764469563961029
(13,40): 0.48518893122673035
(13,49): 0.43547937273979187
(13,51): 0.4386398494243622
(13,52): 0.4956279397010803
(13,63): 0.5184202790260315
(14,2): 0.4869089126586914
(14,5): 0.4552948772907257
(14,24): 0.491677850484848
(14,25): 0.5070589184761047
(14,29): 0.42618227005004883
(14,30): 0.5607576966285706
(14,31): 0.476546972990036
(14,32): 0.6223758459091187
(14,38): 0.3956901431083679
(14,51): 0.49570608139038086
(14,55): 0.518322765827179
(14,68): 0.4528217613697052
(15,3): 0.502726674079895
(15,4): 0.481903612613678
(15,16): 0.5245371460914612
(15,23): 0.5302823781967163
(15,28): 0.518803596496582
(15,33): 0.5205015540122986
(15,34): 0.4824214279651642
(15,35): 0.44964399933815
(15,37): 0.4567437171936035
(15,39): 0.4163064658641815
(15,50): 0.521324872970581
(15,52): 0.48008018732070923
(15,64): 0.558186948299408
(16,3): 0.45623496174812317
(16,4): 0.4613169729709625
(16,15): 0.470810204744339
(16,17): 0.41700446605682373
(16,23): 0.4085083603858948
(16,33): 0.4860977828502655
(16,34): 0.4506918787956238
(16,35): 0.46285611391067505
(16,39): 0.431961327791214
(17,4): 0.44146138429641724
(17,16): 0.4500461518764496
(17,33): 0.4824103116989136
(17,34): 0.44801074266433716
(17,39): 0.49974051117897034
(17,53): 0.45453545451164246
(17,54): 0.5363512635231018
(17,65): 0.5207092761993408
(18,3): 0.4782950282096863
(18,19): 0.4735579788684845
(18,27): 0.47240185737609863
(18,28): 0.4733462929725647
(18,37): 0.4325685501098633
(18,40): 0.43847575783729553
(18,66): 0.5071430802345276
(18,67): 0.4295789897441864
(19,3): 0.5283195972442627
(19,6): 0.4735025465488434
(19,8): 0.5007141828536987
(19,11): 0.48562565445899963
(19,13): 0.4224964678287506
(19,18): 0.5104553699493408
(19,20): 0.5023162961006165
(19,21): 0.45125871896743774
(19,22): 0.5210676789283752
(19,26): 0.5094141364097595
(19,27): 0.4683700203895569
(19,28): 0.5176945328712463
(19,37): 0.36999672651290894
(19,40): 0.49627652764320374
(19,55): 0.4845178723335266
(19,63): 0.4286302924156189
(20,6): 0.43678608536720276
(20,13): 0.5346046090126038
(20,19): 0.4928892254829407
(20,21): 0.48880264163017273
(20,22): 0.5772960186004639
(20,26): 0.5026108026504517
(20,27): 0.506492018699646
(20,36): 0.5543681383132935
(20,40): 0.5504375100135803
(20,51): 0.44336238503456116
(20,55): 0.43216562271118164
(20,56): 0.5653168559074402
(20,67): 0.4160539507865906
(21,19): 0.5290296077728271
(21,20): 0.4721069633960724
(21,22): 0.48190638422966003
(21,26): 0.579593300819397
(21,36): 0.5338254570960999
(21,68): 0.517791211605072
(21,69): 0.4684339165687561
(22,6): 0.4443780481815338
(22,19): 0.4735667109489441
(22,20): 0.4911942780017853
(22,21): 0.4804786741733551
(22,26): 0.46720975637435913
(22,36): 0.4235156178474426
(22,57): 0.4687447249889374
(22,58): 0.5221443176269531
(22,67): 0.48004406690597534
(22,70): 0.4675518572330475
(23,3): 0.45615777373313904
(23,15): 0.46871262788772583
(23,16): 0.4587288796901703
(23,28): 0.40694737434387207
(23,33): 0.5338703989982605
(23,34): 0.49883899092674255
(23,35): 0.4444582760334015
(23,37): 0.5022068023681641
(23,39): 0.48376917839050293
(23,59): 0.44964009523391724
(23,64): 0.44616201519966125
(23,65): 0.45684191584587097
(23,66): 0.4472295641899109
(24,0): 0.5128329992294312
(24,1): 0.46441152691841125
(24,7): 0.5297976136207581
(24,9): 0.43850603699684143
(24,10): 0.4894659221172333
(24,12): 0.4931715726852417
(24,14): 0.42909175157546997
(24,25): 0.42039793729782104
(24,29): 0.5332898497581482
(24,30): 0.47730907797813416
(24,31): 0.5531297326087952
(24,38): 0.49200791120529175
(24,57): 0.49288320541381836
(24,60): 0.43916943669319153
(24,61): 0.4705221354961395
(25,7): 0.5299805402755737
(25,12): 0.4615839123725891
(25,14): 0.5156326293945312
(25,24): 0.441532701253891
(25,29): 0.477549284696579
(25,30): 0.554850697517395
(25,31): 0.5477773547172546
(25,32): 0.48141035437583923
(25,38): 0.44987785816192627
(26,6): 0.49796032905578613
(26,19): 0.49429380893707275
(26,20): 0.5077488422393799
(26,21): 0.41174304485321045
(26,22): 0.4855619966983795
(26,27): 0.44955065846443176
(26,36): 0.48207464814186096
(26,40): 0.5243849754333496
(26,57): 0.3714551031589508
(26,61): 0.48795339465141296
(26,62): 0.5415258407592773
(26,64): 0.4321052134037018
(26,66): 0.5653378963470459
(27,13): 0.442145437002182
(27,18): 0.4279123842716217
(27,19): 0.5193865299224854
(27,20): 0.44092392921447754
(27,26): 0.5009343028068542
(27,28): 0.4282439053058624
(27,37): 0.3882836699485779
(27,56): 0.4675004780292511
(28,3): 0.4804154932498932
(28,13): 0.4413521885871887
(28,15): 0.46031618118286133
(28,18): 0.4217533469200134
(28,19): 0.4505064785480499
(28,23): 0.38431569933891296
(28,27): 0.4713803231716156
(28,33): 0.5961233377456665
(28,37): 0.3754567801952362
(28,39): 0.5456854701042175
(28,40): 0.5002214312553406
(28,53): 0.4700588285923004
(28,61): 0.5182089805603027
(28,65): 0.4960862994194031
(29,7): 0.45554569363594055
(29,12): 0.44323059916496277
(29,14): 0.4544837772846222
(29,24): 0.4649968445301056
(29,25): 0.4402303099632263
(29,30): 0.4551737308502197
(29,31): 0.49255692958831787
(29,32): 0.48012617230415344
(29,38): 0.46364378929138184
(30,7): 0.4080272614955902
(30,12): 0.44941818714141846
(30,14): 0.4398944079875946
(30,24): 0.4892362356185913
(30,25): 0.4502359926700592
(30,29): 0.48405057191848755
(30,31): 0.4454907178878784
(30,32): 0.4283961355686188
(30,51): 0.428841233253479
(31,2): 0.4344608187675476
(31,5): 0.5350985527038574
(31,14): 0.4868272542953491
(31,24): 0.5192767977714539
(31,25): 0.5246385931968689
(31,29): 0.47311535477638245
(31,30): 0.44441184401512146
(31,32): 0.5160309076309204
(31,38): 0.5219424962997437
(31,54): 0.4383682608604431
(31,63): 0.5367339253425598
(32,2): 0.44379812479019165
(32,5): 0.5165706276893616
(32,11): 0.4623604714870453
(32,14): 0.4422711730003357
(32,25): 0.5317831635475159
(32,29): 0.520312488079071
(32,30): 0.5155743360519409
(32,31): 0.4643472731113434
(32,38): 0.4583301544189453
(32,56): 0.48906785249710083
(32,61): 0.42765405774116516
(32,64): 0.47743019461631775
(32,65): 0.5224047899246216
(32,66): 0.4475425183773041
(33,3): 0.5110945701599121
(33,4): 0.4973554015159607
(33,15): 0.4633708894252777
(33,16): 0.5320179462432861
(33,17): 0.46055543422698975
(33,23): 0.4691322445869446
(33,28): 0.5085846781730652
(33,34): 0.46801692247390747
(33,35): 0.4920436441898346
(33,37): 0.4770735800266266
(33,54): 0.5215812921524048
(33,63): 0.3920837342739105
(33,66): 0.4142373204231262
(33,67): 0.561985969543457
(34,4): 0.4751611053943634
(34,15): 0.44788292050361633
(34,16): 0.4493541121482849
(34,17): 0.47088825702667236
(34,23): 0.4962294399738312
(34,33): 0.4908633828163147
(34,35): 0.4583050310611725
(34,39): 0.5276296138763428
(34,63): 0.5410512685775757
(35,3): 0.5059517025947571
(35,4): 0.44778791069984436
(35,15): 0.551047146320343
(35,16): 0.4326243996620178
(35,23): 0.49972882866859436
(35,33): 0.4744286835193634
(35,34): 0.5196676850318909
(35,39): 0.47125741839408875
(35,53): 0.4684099555015564
(36,20): 0.38103264570236206
(36,21): 0.5326306819915771
(36,22): 0.5218068957328796
(36,26): 0.5323567986488342
(36,58): 0.5145019888877869
(36,68): 0.5302773118019104
(37,3): 0.46554386615753174
(37,8): 0.4668281078338623
(37,13): 0.46830835938453674
(37,15): 0.4520053267478943
(37,18): 0.46551716327667236
(37,19): 0.44035086035728455
(37,23): 0.535785436630249
(37,27): 0.47381171584129333
(37,28): 0.5055894255638123
(37,33): 0.4836842715740204
(37,39): 0.47398513555526733
(37,40): 0.4641209840774536
(37,50): 0.5029935240745544
(37,52): 0.4169832170009613
(37,67): 0.4672793447971344
(38,7): 0.38714104890823364
(38,12): 0.511777400970459
(38,14): 0.5074907541275024
(38,24): 0.4553876221179962
(38,25): 0.5332025289535522
(38,29): 0.43011462688446045
(38,31): 0.4341980814933777
(38,32): 0.45797935128211975
(39,3): 0.5134272575378418
(39,4): 0.47767382860183716
(39,15): 0.49874216318130493
(39,16): 0.5114794969558716
(39,17): 0.463325172662735
(39,23): 0.5279766321182251
(39,28): 0.5445237755775452
(39,34): 0.48121243715286255
(39,35): 0.5168654322624207
(39,37): 0.4471592307090759
(40,13): 0.5744673013687134
(40,18): 0.5278761982917786
(40,19): 0.4798915386199951
(40,20): 0.5076311826705933
(40,26): 0.4695347249507904
(40,28): 0.5249274969100952
(40,37): 0.4535878300666809
(41,0): 0.5158047676086426
(41,1): 0.5044589042663574
(41,46): 0.48411354422569275
(41,60): 0.5107842087745667
(42,0): 0.42541539669036865
(42,1): 0.5656723976135254
(42,44): 0.42464539408683777
(42,47): 0.5419419407844543
(42,60): 0.5102143883705139
(43,0): 0.5128136873245239
(43,1): 0.4725113809108734
(43,5): 0.48062679171562195
(43,61): 0.4622876048088074
(44,1): 0.46338367462158203
(44,42): 0.4019486904144287
(44,47): 0.4554519057273865
(44,60): 0.5017672777175903
(45,5): 0.46327948570251465
(45,6): 0.480253666639328
(45,7): 0.47255417704582214
(45,11): 0.4955865442752838
(45,51): 0.5248209834098816
(45,57): 0.5477667450904846
(46,7): 0.4326784908771515
(46,8): 0.49904006719589233
(46,41): 0.49105170369148254
(46,60): 0.4559893012046814
(47,0): 0.44870468974113464
(47,1): 0.4309614598751068
(47,42): 0.5043452382087708
(47,44): 0.4892560541629791
(47,60): 0.5404361486434937
(48,51): 0.48583534359931946
(48,57): 0.4692014753818512
(49,13): 0.5171118974685669
(50,15): 0.5118692517280579
(50,37): 0.4366815984249115
(50,54): 0.43816235661506653
(50,64): 0.47670724987983704
(51,13): 0.5264886617660522
(51,14): 0.43523094058036804
(51,20): 0.46672478318214417
(51,30): 0.4715712368488312
(51,45): 0.5245038866996765
(51,48): 0.4782319962978363
(52,13): 0.47776687145233154
(52,15): 0.4259338676929474
(52,37): 0.5414326786994934
(52,55): 0.4908241033554077
(52,59): 0.41756996512413025
(53,17): 0.4621693193912506
(53,28): 0.5442587733268738
(53,35): 0.5172742605209351
(54,17): 0.44362762570381165
(54,31): 0.49169525504112244
(54,33): 0.40862205624580383
(54,50): 0.4558495879173279
(54,64): 0.45724448561668396
(55,14): 0.40180474519729614
(55,19): 0.4689787030220032
(55,20): 0.5044729113578796
(55,52): 0.5047473311424255
(55,56): 0.47366055846214294
(55,59): 0.44494685530662537
(56,20): 0.45710986852645874
(56,27): 0.49356570839881897
(56,32): 0.508680522441864
(56,55): 0.44042491912841797
(57,22): 0.4590737223625183
(57,24): 0.4238274097442627
(57,26): 0.5351823568344116
(57,45): 0.523842453956604
(57,48): 0.4889693856239319
(57,69): 0.5106805562973022
(58,22): 0.5073544979095459
(58,36): 0.4730664789676666
(59,23): 0.5249165296554565
(59,52): 0.6298399567604065
(59,55): 0.43541890382766724
(60,24): 0.4900878369808197
(60,41): 0.45745646953582764
(60,42): 0.38383474946022034
(60,44): 0.516757071018219
(60,46): 0.3979627788066864
(60,47): 0.4391512870788574
(61,24): 0.5895585417747498
(61,26): 0.5507425665855408
(61,28): 0.5174548625946045
(61,32): 0.4380238950252533
(61,43): 0.538618266582489
(62,26): 0.4538128077983856
(62,70): 0.4946703016757965
(63,13): 0.5052473545074463
(63,19): 0.39625996351242065
(63,31): 0.45014041662216187
(63,33): 0.4563562870025635
(63,34): 0.4803774058818817
(63,66): 0.4646758437156677
(64,15): 0.5475456118583679
(64,23): 0.42995962500572205
(64,26): 0.6593594551086426
(64,32): 0.4674220085144043
(64,50): 0.478622168302536
(64,54): 0.4391119182109833
(65,17): 0.533073902130127
(65,23): 0.4493963122367859
(65,28): 0.4809698164463043
(65,32): 0.44559210538864136
(66,18): 0.5236329436302185
(66,23): 0.46879708766937256
(66,26): 0.41923418641090393
(66,32): 0.463697612285614
(66,33): 0.5178014636039734
(66,63): 0.4735765755176544
(67,18): 0.43220239877700806
(67,20): 0.47273027896881104
(67,22): 0.4281226694583893
(67,33): 0.48339539766311646
(67,37): 0.4106064736843109
(68,14): 0.5018680095672607
(68,21): 0.5567059516906738
(68,36): 0.5122641324996948
(69,21): 0.46216514706611633
(69,57): 0.49235641956329346
(70,22): 0.4843020737171173
(70,62): 0.5679428577423096
