Interaction name: 4uja

Affinity: 9.050000190734863
Predicted value: 7.5307230949401855

Attributions for edges: 

(0,6): 1.8791980968810302e-28
(0,11): 5.911132074343844e-28
(0,12): 3.4071913128233817e-28
(0,13): 2.381245975887622e-27
(0,14): 1.271791690636e-27
(1,4): 2.3104966774540845e-24
(1,9): 2.4368490429806442e-21
(1,10): 3.224398899242502e-21
(1,15): 0.0
(2,4): 3.1088454431295738e-21
(2,8): 1.8951864997874515e-21
(2,9): 3.278881496023954e-18
(2,10): 4.338578856452881e-18
(2,13): 2.0385040227447164e-21
(2,16): 0.0
(3,6): 4.911894806722737e-22
(3,11): 1.545066553549827e-21
(3,13): 6.224183930950262e-21
(3,17): 2.790485433471256e-28
(3,19): 6.964243603411346e-21
(3,21): 3.571609547868201e-18
(4,1): 9.759732885207124e-26
(4,2): 1.7445097754869138e-21
(4,9): 5.540877191402275e-18
(4,10): 7.331626851038218e-18
(4,18): 1.701077623380026e-29
(5,6): 5.288308189633881e-27
(5,11): 1.6634759212202052e-26
(5,13): 6.70118726798267e-26
(6,0): 1.293517980325638e-31
(6,3): 1.5389255049055094e-21
(6,5): 1.9523792819813026e-29
(6,8): 9.123049898700676e-22
(6,11): 2.435927754417542e-22
(6,13): 9.8129136828085e-22
(6,14): 5.240965672089657e-22
(6,22): 1.4606871638499033e-21
(6,24): 6.118877740130831e-22
(7,12): 8.501995990109258e-22
(7,23): 1.388523147689985e-20
(7,24): 3.705121293796873e-21
(7,25): 1.3025420851003594e-20
(8,2): 2.3638582299101172e-21
(8,6): 3.683641658954987e-22
(8,9): 7.507982584815136e-18
(8,10): 9.934478861431265e-18
(8,11): 1.1587164599894851e-21
(8,13): 4.66778423560457e-21
(8,14): 2.4930011971997835e-21
(8,22): 6.948137007480003e-21
(8,26): 2.4077894772033174e-20
(8,27): 1.3748122705785233e-23
(8,28): 4.311333611182787e-21
(9,1): 1.1994161480507783e-23
(9,2): 2.1573831972845055e-19
(9,4): 6.594048096798159e-19
(9,8): 3.940731865184783e-19
(9,10): 1.2276677426519911e-15
(9,13): 4.2439786041921956e-19
(9,14): 2.2610989798955254e-19
(9,28): 3.917649131697549e-19
(9,30): 4.827969215253884e-20
(9,31): 1.132826847421092e-18
(10,1): 1.4078175797642463e-23
(10,2): 2.547396271163844e-19
(10,4): 7.793107399263948e-19
(10,8): 4.637439728756173e-19
(10,9): 1.094178632417384e-15
(10,11): 1.2335003889861125e-19
(10,13): 4.996967578147752e-19
(10,14): 2.6586724845735984e-19
(10,29): 3.898014319647984e-20
(11,0): 2.601600100559094e-31
(11,3): 3.0951781818220173e-21
(11,5): 3.926710855136528e-29
(11,6): 1.5575284858813037e-22
(11,8): 1.8348820846858164e-21
(11,10): 4.200509590918286e-18
(11,13): 1.9736313330736082e-21
(11,14): 1.0540900274566396e-21
(11,27): 5.81297756548477e-24
(12,0): 1.843727271785928e-31
(12,7): 1.8192769266111557e-21
(12,22): 2.082003302427992e-21
(12,24): 8.721596690767531e-22
(12,27): 4.119628862290429e-24
(13,0): 6.127912706345087e-31
(13,2): 2.3542291286437254e-21
(13,3): 7.290534043320838e-21
(13,5): 9.249132307614548e-29
(13,6): 3.668664661352823e-22
(13,8): 4.321954481000997e-21
(13,9): 7.47742736016804e-18
(13,10): 9.894049581812123e-18
(13,11): 1.1539965221778178e-21
(13,14): 2.4828553099989377e-21
(14,0): 4.227745836545953e-31
(14,6): 2.5310517578127124e-22
(14,8): 2.981785977397454e-21
(14,9): 5.1587979169706626e-18
(14,10): 6.8260635732228515e-18
(14,11): 7.961607337371139e-22
(14,13): 3.20724923986784e-21
(14,30): 3.6576536777288757e-22
(15,1): 0.0
(15,18): 0.0
(16,2): 0.0
(16,27): 0.0
(17,3): 1.4421860159422878e-25
(17,19): 1.0289553439568933e-25
(17,27): 2.7085443365748707e-28
(18,4): 6.600966958131811e-27
(18,15): 0.0
(18,28): 3.997798000682392e-27
(19,3): 7.692705379734998e-21
(19,17): 2.1991599404087517e-28
(19,20): 1.4815025783144642e-19
(19,27): 1.4447425810158314e-23
(20,19): 4.5476021627427175e-20
(20,27): 1.1970810251080155e-22
(21,3): 3.835753598163854e-19
(22,6): 5.00674845170847e-22
(22,8): 5.898359184032115e-21
(22,12): 9.077781147209005e-22
(22,24): 3.956060345884829e-21
(22,30): 7.235285305232132e-22
(23,7): 1.112742908610653e-20
(23,25): 1.8753599740906427e-20
(24,6): 2.976329533801123e-22
(24,7): 4.905568369454805e-21
(24,12): 5.396390203079922e-22
(24,22): 5.613994441937488e-21
(24,25): 8.267562785923108e-21
(25,7): 1.0635134644808869e-20
(25,23): 1.9107077281105064e-20
(25,24): 5.0985130940942e-21
(26,8): 1.2500124003528341e-20
(26,27): 3.960102885681739e-23
(26,31): 3.569508586660499e-20
(27,8): 9.557077634656422e-23
(27,11): 2.5518165647676106e-23
(27,12): 1.4708677609305788e-23
(27,16): 0.0
(27,17): 4.60870296098643e-30
(27,19): 1.1502119588295764e-22
(27,20): 3.1047565940420833e-21
(27,26): 5.302663934991058e-22
(28,8): 4.1178908818093694e-21
(28,9): 7.124350278783455e-18
(28,18): 2.1872285335693743e-29
(28,30): 5.051255352892315e-22
(29,10): 1.957274558627821e-18
(30,9): 2.046571394089911e-18
(30,14): 6.7955477309355245e-22
(30,22): 1.893958047720518e-21
(30,28): 1.1752139270330339e-21
(31,9): 1.432787663143926e-17
(31,26): 4.594910754549642e-20
