Interaction name: 6gi6

Affinity: 6.710000038146973
Predicted value: 6.657364845275879

Attributions for edges: 

(0,8): 0.5020195245742798
(0,9): 0.4635019302368164
(0,13): 0.5068653225898743
(0,15): 0.4085097014904022
(0,16): 0.43538209795951843
(0,17): 0.5301217436790466
(1,2): 0.49225926399230957
(1,4): 0.43118909001350403
(1,6): 0.5114757418632507
(1,10): 0.4313356578350067
(1,12): 0.533072829246521
(1,18): 0.531318724155426
(2,1): 0.48203563690185547
(2,3): 0.4557131826877594
(2,6): 0.43586766719818115
(2,10): 0.5208260416984558
(2,12): 0.45213690400123596
(2,19): 0.4502750635147095
(3,2): 0.5589233040809631
(3,5): 0.5069842338562012
(3,6): 0.47494640946388245
(3,10): 0.534048318862915
(3,11): 0.44829821586608887
(3,12): 0.5586928129196167
(4,1): 0.5036569237709045
(4,6): 0.5706743597984314
(4,10): 0.5406395792961121
(4,11): 0.6111201047897339
(4,12): 0.3506615459918976
(4,14): 0.5252915024757385
(4,15): 0.4925278425216675
(4,16): 0.47282353043556213
(4,17): 0.44049495458602905
(4,20): 0.4346051514148712
(4,23): 0.5291873216629028
(4,25): 0.5315583348274231
(4,26): 0.48206251859664917
(5,3): 0.3349277377128601
(5,6): 0.452835351228714
(5,10): 0.5223554968833923
(5,11): 0.580389678478241
(5,12): 0.48891374468803406
(5,14): 0.4022429585456848
(5,16): 0.472955584526062
(6,1): 0.5129527449607849
(6,2): 0.3679219186306
(6,3): 0.4165416955947876
(6,4): 0.4516757130622864
(6,5): 0.5449587106704712
(6,10): 0.4897216260433197
(6,11): 0.40220871567726135
(6,12): 0.4696456789970398
(6,14): 0.46135085821151733
(6,16): 0.5446615815162659
(6,25): 0.5504778623580933
(6,30): 0.49573901295661926
(7,8): 0.5924142599105835
(7,10): 0.4715721309185028
(7,11): 0.48618337512016296
(7,13): 0.4941903352737427
(7,14): 0.4982845187187195
(7,15): 0.3992522060871124
(7,16): 0.4254210889339447
(7,17): 0.4619672894477844
(7,26): 0.3857049345970154
(8,0): 0.37188929319381714
(8,7): 0.5032559037208557
(8,13): 0.5193469524383545
(8,15): 0.45089977979660034
(8,16): 0.48390212655067444
(8,17): 0.35209035873413086
(8,20): 0.47678831219673157
(8,21): 0.5367617607116699
(8,25): 0.5925842523574829
(8,29): 0.5401005148887634
(9,0): 0.438373863697052
(9,15): 0.34504902362823486
(9,16): 0.4286307096481323
(9,17): 0.37916338443756104
(9,23): 0.5040160417556763
(9,24): 0.4638252556324005
(9,25): 0.4120364189147949
(9,27): 0.44701749086380005
(10,1): 0.5290703177452087
(10,2): 0.39966055750846863
(10,3): 0.5101723670959473
(10,4): 0.5533376932144165
(10,5): 0.3946773111820221
(10,6): 0.5458248257637024
(10,7): 0.529078483581543
(10,11): 0.4946483075618744
(10,12): 0.42994311451911926
(10,14): 0.6083182096481323
(10,15): 0.382438987493515
(10,16): 0.5126120448112488
(10,17): 0.3792192041873932
(11,3): 0.5670893788337708
(11,4): 0.5117836594581604
(11,5): 0.5099902153015137
(11,6): 0.5082201361656189
(11,7): 0.5708453059196472
(11,10): 0.42836424708366394
(11,12): 0.5030136704444885
(11,14): 0.4626605808734894
(11,15): 0.5397918224334717
(11,16): 0.4118748903274536
(11,22): 0.446325421333313
(12,1): 0.4960967004299164
(12,2): 0.5659689903259277
(12,3): 0.39518508315086365
(12,4): 0.5352386236190796
(12,5): 0.47563064098358154
(12,6): 0.5714820623397827
(12,10): 0.3773047626018524
(12,11): 0.45572224259376526
(12,14): 0.4802522361278534
(12,20): 0.4430452287197113
(12,27): 0.4842003285884857
(13,0): 0.4174647331237793
(13,7): 0.5560527443885803
(13,8): 0.4911653399467468
(13,14): 0.5000907778739929
(13,15): 0.5018390417098999
(13,16): 0.49663805961608887
(14,4): 0.6111778020858765
(14,5): 0.6079445481300354
(14,6): 0.5449151396751404
(14,7): 0.3764441907405853
(14,10): 0.4483642280101776
(14,11): 0.42139461636543274
(14,12): 0.46898001432418823
(14,13): 0.5309789776802063
(14,15): 0.5078204870223999
(14,16): 0.4922250211238861
(14,17): 0.5393881797790527
(14,21): 0.3724498152732849
(15,0): 0.4763001501560211
(15,4): 0.45687392354011536
(15,7): 0.4172041118144989
(15,8): 0.40817925333976746
(15,9): 0.4712695777416229
(15,10): 0.48789408802986145
(15,11): 0.545590877532959
(15,13): 0.5816631317138672
(15,14): 0.5316582918167114
(15,16): 0.3867233395576477
(15,17): 0.44425323605537415
(15,20): 0.5383231043815613
(15,21): 0.5927220582962036
(15,23): 0.47720304131507874
(16,0): 0.45939168334007263
(16,4): 0.520350456237793
(16,5): 0.439007967710495
(16,6): 0.47911325097084045
(16,7): 0.4434046149253845
(16,8): 0.5241667628288269
(16,9): 0.5488728880882263
(16,10): 0.4846804141998291
(16,11): 0.4536789059638977
(16,13): 0.5683181881904602
(16,14): 0.3732162415981293
(16,15): 0.45008641481399536
(16,17): 0.4175185263156891
(16,28): 0.48823684453964233
(17,0): 0.5301551222801208
(17,4): 0.43517637252807617
(17,7): 0.6060341596603394
(17,8): 0.4564056396484375
(17,9): 0.5065706372261047
(17,10): 0.6079549193382263
(17,14): 0.4932447075843811
(17,15): 0.5346850156784058
(17,16): 0.6111811399459839
(17,22): 0.4940435290336609
(18,1): 0.38335564732551575
(18,19): 0.49980759620666504
(19,2): 0.5615118741989136
(19,18): 0.4669821560382843
(20,4): 0.4163164794445038
(20,8): 0.39917823672294617
(20,12): 0.5431293845176697
(20,15): 0.5714287161827087
(20,24): 0.34516751766204834
(20,29): 0.40690338611602783
(21,8): 0.4227711260318756
(21,14): 0.4284249246120453
(21,15): 0.5095433592796326
(22,11): 0.4068852365016937
(22,17): 0.5092068314552307
(22,27): 0.36574751138687134
(22,28): 0.547464907169342
(23,4): 0.3943166732788086
(23,9): 0.5707539916038513
(23,15): 0.5445756912231445
(24,9): 0.5266281366348267
(24,20): 0.5067047476768494
(25,4): 0.49231889843940735
(25,6): 0.4882870316505432
(25,8): 0.6138778924942017
(25,9): 0.47757941484451294
(26,4): 0.4686165750026703
(26,7): 0.5767208933830261
(26,29): 0.5434491038322449
(26,30): 0.43883535265922546
(27,9): 0.3658601939678192
(27,12): 0.5807045102119446
(27,22): 0.5610823631286621
(28,16): 0.4476649761199951
(28,22): 0.5660761594772339
(29,8): 0.41726627945899963
(29,20): 0.5356811285018921
(29,26): 0.5465685725212097
(30,6): 0.48847997188568115
(30,26): 0.4886937439441681
