Interaction name: 6ckr

Affinity: 7.300000190734863
Predicted value: 6.91896915435791

Shapley values for edges: 

(0,4): 0.013440065383911133
(0,5): 0.011921463012695312
(0,6): 0.02124070167541504
(0,17): 0.002523608207702637
(1,2): 0.007229208946228027
(1,10): 0.010732655525207519
(1,17): 0.005326600074768067
(1,18): 0.003566932678222656
(2,1): 0.007128658294677734
(2,7): 0.032122626304626464
(2,10): 0.007957820892333984
(2,17): 0.006500897407531739
(2,18): 0.0048238706588745114
(3,23): -0.003572578430175781
(4,0): -0.016252450942993164
(4,5): 0.0017293548583984374
(4,6): 0.0019792842864990233
(4,7): -0.002399916648864746
(4,8): 0.0006824159622192383
(4,11): -0.0008971834182739258
(4,13): 0.00310887336730957
(4,14): 0.007604780197143554
(4,15): 0.0037591218948364257
(4,16): -0.01551243782043457
(4,25): 0.003887438774108887
(5,0): -0.01709423542022705
(5,4): -0.0009482574462890625
(5,6): 0.0005523824691772461
(5,13): 0.0025309228897094724
(5,14): 0.005675058364868164
(5,15): 0.0036360836029052735
(5,22): 0.005437679290771484
(5,25): 0.002358236312866211
(6,0): -0.010646381378173829
(6,4): 0.0006023883819580078
(6,5): -0.0004342842102050781
(6,11): 0.0007632064819335937
(6,13): 0.0008771419525146484
(6,14): 0.0024200201034545897
(6,15): 0.002642955780029297
(6,21): 0.006300878524780273
(7,2): -0.014239511489868163
(7,4): 0.004939022064208984
(7,8): 0.007321295738220215
(7,9): 0.005127339363098144
(7,10): 0.0031595277786254884
(7,11): 0.005853271484375
(7,12): 0.0010661602020263672
(7,16): -0.010441327095031738
(7,19): 0.003594202995300293
(7,20): 0.010360479354858398
(8,4): -0.0006091642379760742
(8,7): 9.465217590332031e-05
(8,9): -9.030818939208984e-05
(8,11): -0.0023797178268432618
(8,12): -0.0038386821746826173
(8,13): 0.003428549766540527
(9,7): -0.002813253402709961
(9,8): 0.0030185937881469726
(9,11): -0.0003117847442626953
(9,12): -0.0024106454849243163
(9,16): -0.006082539558410645
(9,23): 0.01098841667175293
(10,1): -0.0031364965438842774
(10,2): -0.014850978851318359
(10,7): 0.0073285245895385745
(10,19): 0.011797518730163574
(10,25): 0.013088459968566895
(11,4): 0.0007527446746826171
(11,6): 0.0024917125701904297
(11,7): -0.0033156585693359373
(11,8): 0.004037876129150391
(11,9): 0.0009154844284057618
(11,12): -0.0021976089477539064
(11,13): 0.0008220100402832032
(11,16): -0.006977472305297851
(11,25): 0.0012096834182739257
(12,7): -0.0019937896728515624
(12,8): -0.0009098577499389648
(12,9): 0.0003589105606079102
(12,11): -0.0009660148620605469
(12,16): -0.008579330444335937
(13,4): -0.002628889083862305
(13,5): -0.00029206275939941406
(13,6): -0.0009351110458374023
(13,8): 0.0011707735061645508
(13,11): -0.0006525945663452148
(13,14): 0.0027206945419311524
(13,15): 0.0024255228042602537
(13,16): -0.023866338729858397
(13,20): 0.004438028335571289
(14,4): -0.0014131593704223633
(14,5): -0.00032485008239746093
(14,6): -0.0010597944259643556
(14,13): -0.002331857681274414
(14,15): -0.00022284507751464843
(14,24): 0.013020319938659668
(15,4): -0.0022032356262207033
(15,5): -0.003947763442993164
(15,6): -0.00043487548828125
(15,13): -0.0018922519683837891
(15,14): -0.00113370418548584
(16,4): 0.006342263221740723
(16,7): -0.005679416656494141
(16,9): 0.004657907485961914
(16,11): 0.011230249404907227
(16,12): 0.00897273063659668
(16,13): 0.014592523574829102
(17,0): 0.0230621337890625
(17,1): 0.00555135726928711
(17,2): -0.001341233253479004
(17,22): 0.016636557579040527
(18,1): 0.0068224573135375974
(18,2): 0.01910815715789795
(19,7): -0.0005212926864624024
(19,10): 0.004302783012390137
(20,7): -0.0028171730041503906
(20,13): -0.0027616214752197265
(20,23): 0.004582171440124512
(21,6): -0.0007850122451782226
(21,22): 0.0024985408782958983
(22,5): 0.003553938865661621
(22,17): -0.05175780773162842
(22,21): 0.006766061782836914
(23,3): 0.008094720840454102
(23,9): -0.004437780380249024
(23,20): -0.0009474515914916992
(24,14): -0.003653688430786133
(25,4): 0.00035151004791259764
(25,5): 0.0014310407638549805
(25,10): 0.0006546878814697266
(25,11): -0.0005593967437744141
