Interaction name: 5eyk

Affinity: 8.520000457763672
Predicted value: 7.67969274520874

Attributions for edges: 

(0,3): 0.5400229096412659
(0,13): 0.45385777950286865
(0,26): 0.4608612358570099
(0,28): 0.4969824254512787
(1,2): 0.4836294949054718
(1,4): 0.46713486313819885
(1,8): 0.5191092491149902
(1,18): 0.4682588279247284
(1,24): 0.5393902063369751
(1,29): 0.4551308751106262
(2,1): 0.45848676562309265
(2,8): 0.4405081272125244
(2,11): 0.3936299979686737
(2,12): 0.5270860195159912
(2,18): 0.43005022406578064
(2,20): 0.4307476580142975
(2,21): 0.4022003710269928
(2,23): 0.46441900730133057
(2,24): 0.5346863269805908
(2,25): 0.4163067638874054
(3,0): 0.42840391397476196
(3,13): 0.4415958523750305
(3,14): 0.6112424731254578
(3,26): 0.4760967791080475
(3,30): 0.43271535634994507
(4,1): 0.5282991528511047
(4,7): 0.48391714692115784
(4,8): 0.43100130558013916
(4,15): 0.5096697807312012
(4,16): 0.5684863924980164
(4,30): 0.4480162560939789
(5,11): 0.33763647079467773
(5,22): 0.5310993790626526
(5,25): 0.3930816054344177
(5,27): 0.4931015372276306
(6,11): 0.5775333642959595
(6,22): 0.4901195466518402
(6,25): 0.5350732207298279
(6,27): 0.44602978229522705
(7,4): 0.49368855357170105
(7,8): 0.49628394842147827
(7,10): 0.5534613132476807
(7,15): 0.4502362310886383
(7,16): 0.47400158643722534
(7,19): 0.475685179233551
(7,20): 0.48099321126937866
(7,21): 0.38424986600875854
(7,23): 0.4347366392612457
(7,26): 0.4636821746826172
(7,39): 0.4988035559654236
(8,1): 0.4521947205066681
(8,2): 0.4638541638851166
(8,4): 0.5019297003746033
(8,7): 0.537364661693573
(8,15): 0.4831603169441223
(8,16): 0.4156188368797302
(8,19): 0.4942980706691742
(8,21): 0.42406076192855835
(8,23): 0.3462115228176117
(8,31): 0.5707866549491882
(8,38): 0.4044840633869171
(9,10): 0.48694944381713867
(9,17): 0.49376389384269714
(9,20): 0.48968616127967834
(9,21): 0.48927345871925354
(9,23): 0.42241987586021423
(9,41): 0.42443445324897766
(10,7): 0.5438746809959412
(10,9): 0.5273202061653137
(10,17): 0.45024219155311584
(10,20): 0.4836726188659668
(10,21): 0.4142736792564392
(10,23): 0.4884375333786011
(10,32): 0.3984071612358093
(10,40): 0.5029663443565369
(11,2): 0.4717315137386322
(11,5): 0.4702472984790802
(11,6): 0.4883275032043457
(11,12): 0.4416981339454651
(11,18): 0.3979278802871704
(11,22): 0.47302454710006714
(11,24): 0.4708231985569
(11,25): 0.49562981724739075
(11,27): 0.5646370649337769
(12,2): 0.45655855536460876
(12,11): 0.5341642498970032
(12,18): 0.5268217921257019
(12,20): 0.5414350032806396
(12,21): 0.4121558368206024
(12,22): 0.4255083501338959
(12,23): 0.5138434171676636
(12,24): 0.4497237801551819
(12,25): 0.47771257162094116
(12,27): 0.38338401913642883
(12,31): 0.4829992949962616
(12,32): 0.479208767414093
(13,0): 0.4625905752182007
(13,3): 0.5435262322425842
(13,15): 0.4733354449272156
(13,16): 0.4903485178947449
(13,19): 0.456842303276062
(13,26): 0.4610391855239868
(13,33): 0.4292270243167877
(14,3): 0.514087438583374
(14,34): 0.5124412775039673
(14,35): 0.5056803822517395
(14,36): 0.5037011504173279
(14,37): 0.4084160625934601
(15,4): 0.4821074604988098
(15,7): 0.5269103646278381
(15,8): 0.40479621291160583
(15,13): 0.4426245391368866
(15,16): 0.4973982870578766
(15,19): 0.4941003918647766
(15,26): 0.5052958726882935
(15,33): 0.5559855699539185
(16,4): 0.4496071934700012
(16,7): 0.4657684564590454
(16,8): 0.5287108421325684
(16,13): 0.5118276476860046
(16,15): 0.44733983278274536
(16,19): 0.5072845220565796
(16,26): 0.40380650758743286
(16,31): 0.5599035620689392
(16,43): 0.44358915090560913
(16,44): 0.514366090297699
(17,9): 0.38860759139060974
(17,10): 0.41419461369514465
(17,20): 0.41851818561553955
(17,21): 0.4660598635673523
(17,23): 0.5003863573074341
(17,39): 0.4098125100135803
(18,1): 0.49856123328208923
(18,2): 0.442574143409729
(18,11): 0.48360317945480347
(18,12): 0.523822546005249
(18,20): 0.5509745478630066
(18,21): 0.49379998445510864
(18,22): 0.5093616843223572
(18,24): 0.48067402839660645
(18,25): 0.42739394307136536
(18,27): 0.4284011125564575
(18,40): 0.43615326285362244
(18,41): 0.48701536655426025
(19,7): 0.4773241877555847
(19,8): 0.47810861468315125
(19,13): 0.4667671322822571
(19,15): 0.4152684211730957
(19,16): 0.48770955204963684
(19,26): 0.46160614490509033
(19,43): 0.5694164633750916
(20,2): 0.47031939029693604
(20,7): 0.4966384470462799
(20,9): 0.5078725814819336
(20,10): 0.46484145522117615
(20,12): 0.3521597385406494
(20,17): 0.4906594157218933
(20,18): 0.5333423614501953
(20,21): 0.5025891065597534
(20,23): 0.42612966895103455
(20,40): 0.5506269931793213
(21,2): 0.515666663646698
(21,7): 0.443215936422348
(21,8): 0.5145043730735779
(21,9): 0.5024866461753845
(21,10): 0.4400816261768341
(21,12): 0.48975181579589844
(21,17): 0.45496952533721924
(21,18): 0.534039318561554
(21,20): 0.501111626625061
(21,23): 0.4808781147003174
(21,31): 0.4366588592529297
(21,40): 0.43897727131843567
(22,5): 0.5617263317108154
(22,6): 0.41413575410842896
(22,11): 0.4608490765094757
(22,12): 0.46023091673851013
(22,18): 0.4233701229095459
(22,24): 0.464669406414032
(22,25): 0.5013008117675781
(22,31): 0.48916566371917725
(23,2): 0.3704415559768677
(23,7): 0.41508689522743225
(23,8): 0.48780199885368347
(23,9): 0.4448925852775574
(23,10): 0.3967461884021759
(23,12): 0.4103381335735321
(23,17): 0.40415921807289124
(23,20): 0.37768691778182983
(23,21): 0.4167076647281647
(23,32): 0.5278704166412354
(23,42): 0.4596311151981354
(24,1): 0.4809477627277374
(24,2): 0.49389564990997314
(24,11): 0.46994274854660034
(24,12): 0.5180597305297852
(24,18): 0.4227272570133209
(24,22): 0.37508273124694824
(24,25): 0.4931555688381195
(24,27): 0.49768123030662537
(25,2): 0.4446096122264862
(25,5): 0.4275459051132202
(25,6): 0.448737770318985
(25,11): 0.5423969030380249
(25,12): 0.41955307126045227
(25,18): 0.39400842785835266
(25,22): 0.3897640109062195
(25,24): 0.6177314519882202
(25,27): 0.46747806668281555
(25,41): 0.4190971255302429
(25,45): 0.4515627920627594
(26,0): 0.43653324246406555
(26,3): 0.5856484174728394
(26,7): 0.5225849151611328
(26,13): 0.48034897446632385
(26,15): 0.4325709939002991
(26,16): 0.46379899978637695
(26,19): 0.46287837624549866
(26,34): 0.5251777768135071
(26,37): 0.5580439567565918
(26,39): 0.45707112550735474
(26,43): 0.5301476716995239
(26,44): 0.522874653339386
(27,5): 0.4720458984375
(27,6): 0.4593147039413452
(27,11): 0.5670896172523499
(27,12): 0.5111185312271118
(27,18): 0.4643697738647461
(27,24): 0.4631606340408325
(27,25): 0.3270423412322998
(28,0): 0.5003873705863953
(28,33): 0.5031177997589111
(29,1): 0.5292075276374817
(29,30): 0.4367964565753937
(30,3): 0.3883442282676697
(30,4): 0.5077961087226868
(30,29): 0.5412186980247498
(30,44): 0.5257766246795654
(31,8): 0.47167637944221497
(31,12): 0.4304518699645996
(31,16): 0.4622332453727722
(31,21): 0.337874174118042
(31,22): 0.4584968090057373
(31,39): 0.5506327748298645
(31,42): 0.5270119905471802
(32,10): 0.49422940611839294
(32,12): 0.50803542137146
(32,23): 0.3762984871864319
(32,45): 0.40562424063682556
(33,13): 0.4622241258621216
(33,15): 0.5110054612159729
(33,28): 0.49514639377593994
(34,14): 0.5000614523887634
(34,26): 0.507175624370575
(35,14): 0.4869791865348816
(35,37): 0.5263034105300903
(36,14): 0.5273725986480713
(37,14): 0.4235578775405884
(37,26): 0.4403420686721802
(37,35): 0.4523685872554779
(38,8): 0.47984635829925537
(38,40): 0.5035894513130188
(38,44): 0.48449230194091797
(39,7): 0.47845718264579773
(39,17): 0.5675594806671143
(39,26): 0.5243607759475708
(39,31): 0.42517635226249695
(39,42): 0.4836839437484741
(40,10): 0.4879288673400879
(40,18): 0.4759393334388733
(40,20): 0.40541017055511475
(40,21): 0.48809418082237244
(40,38): 0.5214173197746277
(40,41): 0.5345881581306458
(41,9): 0.3613341450691223
(41,18): 0.4437488913536072
(41,25): 0.45646893978118896
(41,40): 0.5016350746154785
(42,23): 0.4593302011489868
(42,31): 0.5041632652282715
(42,39): 0.4520021378993988
(43,16): 0.5105146169662476
(43,19): 0.4717348515987396
(43,26): 0.3454793691635132
(44,16): 0.5050889253616333
(44,26): 0.5098008513450623
(44,30): 0.5302383899688721
(44,38): 0.4518929421901703
(45,25): 0.4920822083950043
(45,32): 0.46161529421806335
