Interaction name: 5q1f

Affinity: 7.139999866485596
Predicted value: 7.483303070068359

Shapley values for edges: 

(0,2): 0.0035175323486328126
(0,10): 0.007376136779785156
(0,11): 0.0019925594329833984
(0,17): 0.008995647430419923
(0,20): 0.010932073593139649
(0,29): 0.003397397994995117
(0,30): -0.0020487499237060547
(0,31): 0.0038768672943115235
(0,33): 0.002652740478515625
(0,34): 0.003987874984741211
(1,3): -0.0026062774658203126
(1,14): 0.0017420673370361329
(1,15): 0.004161701202392578
(1,30): -0.004229745864868164
(1,33): 0.003070516586303711
(1,35): 0.0013497352600097656
(2,0): -0.0024413967132568357
(2,3): -0.0009573841094970703
(2,7): -0.00396763801574707
(2,11): -0.0012424659729003906
(2,16): 0.00404745101928711
(2,29): 0.0020955562591552734
(2,30): -0.005108833312988281
(2,33): 0.0006062221527099609
(2,35): 0.002080221176147461
(3,1): 0.002740449905395508
(3,2): 0.0015783405303955078
(3,14): 0.0033367919921875
(3,15): 0.007278556823730469
(3,16): 0.006746397018432617
(3,29): 0.0013967037200927734
(3,30): -0.0013960647583007814
(3,33): 0.001171245574951172
(3,35): 0.005101032257080078
(4,7): -0.0013587570190429687
(4,11): 0.0025699615478515627
(4,12): 0.001667795181274414
(4,21): 0.01115218162536621
(4,25): 0.004900341033935547
(4,36): 0.006232156753540039
(5,6): 0.0026047325134277346
(5,9): 0.00010448455810546875
(5,13): -0.009195775985717773
(5,26): -0.011204805374145508
(5,27): -0.00733367919921875
(5,36): -0.00010901451110839844
(6,5): 0.004282798767089844
(6,8): -0.00031533241271972654
(6,13): -0.005871725082397461
(6,26): -0.006224708557128906
(6,27): -0.008811187744140626
(6,36): -0.0007953071594238282
(7,2): -0.00023584365844726564
(7,4): -0.001490764617919922
(7,10): 0.00644169807434082
(7,11): 0.0007828807830810547
(7,12): 0.0025730514526367187
(7,13): -0.0004022407531738281
(7,20): 0.007115001678466797
(7,25): 0.003467597961425781
(7,26): 0.002703723907470703
(7,28): 0.0058101177215576175
(7,35): 0.011526260375976562
(8,6): -0.008765821456909179
(8,9): -0.001495800018310547
(8,13): -0.022453107833862306
(8,26): -0.01896839141845703
(8,27): -0.01772486686706543
(9,5): -0.009073696136474609
(9,8): -0.002732868194580078
(9,13): -0.01832474708557129
(9,26): -0.019572629928588867
(9,27): -0.017850751876831054
(10,0): 0.002300138473510742
(10,7): 0.0047820377349853515
(10,11): 0.0004851436614990234
(10,12): 0.001228666305541992
(10,17): -4.8427581787109376e-05
(10,19): 0.0005688667297363281
(10,20): 0.00010380744934082031
(10,24): 0.0002513885498046875
(10,29): 0.0005328655242919922
(10,31): 0.00030325889587402345
(10,37): 0.0003546142578125
(10,52): 0.0008135795593261719
(10,58): 0.0015532302856445313
(10,59): 0.0005651569366455078
(11,0): 0.002295064926147461
(11,2): 0.0036296939849853518
(11,4): 0.004164314270019532
(11,7): 0.001869516372680664
(11,10): -0.0004159450531005859
(11,12): 6.879806518554688e-05
(11,20): -0.00032570838928222654
(11,21): 0.0003245735168457031
(11,23): 0.0004539299011230469
(11,24): -8.000373840332031e-05
(11,29): -0.0004777050018310547
(11,30): 0.0018205547332763672
(11,32): 0.0003274059295654297
(11,33): 0.0010342979431152343
(11,37): -0.000244598388671875
(11,38): 0.00032501220703125
(11,51): -0.00010967254638671875
(11,53): 0.0003532123565673828
(11,54): 0.0005427646636962891
(11,65): 0.0003436756134033203
(12,4): 0.007202472686767578
(12,7): 0.004736557006835938
(12,10): 0.0005411052703857422
(12,11): 0.000855865478515625
(12,20): 0.000492105484008789
(12,21): 0.000402679443359375
(12,22): 0.0016018867492675782
(12,23): 0.0011942672729492187
(12,24): 0.00044175148010253904
(12,32): 0.0009831905364990235
(12,51): 0.001438159942626953
(13,5): -0.0042343330383300785
(13,6): -0.0033383846282958986
(13,7): -0.002662487030029297
(13,8): 0.015808448791503907
(13,9): 0.013526554107666016
(13,25): -0.0008774471282958985
(13,26): 0.0009180641174316406
(13,27): 0.0008656120300292968
(13,28): -0.0010492324829101563
(13,37): -0.004250516891479492
(13,40): -0.007340421676635742
(14,1): 0.010375900268554688
(14,3): 0.005891885757446289
(14,15): 0.000139923095703125
(14,29): 0.0006679344177246094
(14,30): 0.0011268138885498046
(14,33): 0.0007877063751220703
(14,41): 0.0016843891143798828
(14,42): 0.002078971862792969
(14,56): 0.00545969009399414
(15,1): 0.004258832931518555
(15,3): 0.005697698593139649
(15,14): 0.0008469676971435547
(15,37): -0.0005106735229492188
(15,41): 0.00042873382568359375
(15,42): 0.0006993865966796875
(15,43): 9.279251098632813e-06
(15,44): 0.00014078140258789063
(15,45): 0.0002655029296875
(15,46): -9.741783142089844e-05
(15,57): 0.00044782638549804686
(16,2): 0.003541994094848633
(16,3): 0.005472412109375
(16,29): -0.0007419013977050782
(16,33): 0.0021913528442382814
(16,37): -0.0003133869171142578
(16,38): -0.00024247169494628906
(16,41): -0.00035752296447753905
(16,46): -0.0004987430572509766
(16,47): -0.0008955669403076172
(16,48): -0.000836324691772461
(16,55): 0.00038244247436523436
(16,59): -0.000744171142578125
(16,65): -0.0007696437835693359
(17,0): 0.0027094650268554687
(17,10): -0.0004382133483886719
(17,18): 0.0002536201477050781
(17,19): 0.0001483726501464844
(17,20): -2.040863037109375e-05
(17,31): 0.0002326202392578125
(17,37): -0.00025793075561523436
(17,38): 0.0004888439178466797
(17,53): 0.00016379356384277344
(17,54): 0.00021829605102539063
(17,59): -0.00020910263061523437
(18,17): -0.0004806327819824219
(18,19): -0.00036283493041992186
(18,20): -0.0011450767517089844
(18,31): -7.013320922851563e-05
(18,49): -0.0006661796569824218
(18,53): -0.0009957504272460936
(18,62): -0.0010554981231689453
(18,65): -0.0007311248779296875
(19,10): -0.0009130668640136718
(19,17): -0.0003912925720214844
(19,18): -0.0003453350067138672
(19,20): -0.0005026435852050781
(19,31): 0.0008559131622314453
(19,42): -0.0012280941009521484
(19,51): -0.0010315608978271485
(19,64): -0.0014478492736816407
(20,0): 0.003036336898803711
(20,7): 0.0039694786071777345
(20,10): -2.4862289428710938e-05
(20,11): 0.00044681549072265623
(20,12): -0.00020654678344726564
(20,17): -0.00012831687927246095
(20,18): 0.0009403228759765625
(20,19): 0.0003013134002685547
(20,24): 0.0003570079803466797
(20,31): 0.0005411624908447266
(20,37): 4.7168731689453126e-05
(20,51): -0.0001230144500732422
(20,52): 0.00019612312316894532
(20,53): 0.0003846931457519531
(20,54): -0.00023044586181640624
(20,55): 0.0003959465026855469
(20,57): 0.00018869400024414064
(21,4): 0.006645326614379883
(21,11): -0.00026149749755859374
(21,12): 0.0001749134063720703
(21,22): -0.00010317802429199219
(21,23): -0.0005452060699462891
(21,24): -0.00045818328857421875
(21,32): -0.00010493278503417969
(21,41): -0.000487213134765625
(21,46): -0.0010323619842529297
(21,50): -8.479118347167968e-05
(21,56): 0.002850618362426758
(21,57): -0.0004620075225830078
(21,58): -0.0008273983001708985
(21,62): -0.0004986953735351562
(22,12): 0.0010577392578125
(22,21): -0.0006743144989013672
(22,23): -0.0003137111663818359
(22,24): -0.0007755947113037109
(22,32): -0.0002434253692626953
(22,50): -0.00022452354431152344
(22,58): -0.00048682212829589846
(22,59): -0.0011287593841552734
(23,11): 0.00038425445556640627
(23,12): 0.0011144351959228515
(23,21): -0.0001920318603515625
(23,22): -4.45556640625e-05
(23,24): -0.00029456138610839844
(23,32): -0.00026721954345703124
(23,51): -0.00095001220703125
(23,60): 0.00015728950500488282
(24,10): -0.0018053531646728515
(24,11): -0.0005385684967041016
(24,12): 0.0002782058715820313
(24,20): -0.0020255374908447264
(24,21): -0.0010150814056396485
(24,22): -0.00036131858825683594
(24,23): -0.00044089317321777344
(24,29): -0.0010654544830322266
(24,30): 0.00016921043395996094
(24,32): -0.000832376480102539
(24,37): -0.0026128864288330078
(24,41): -0.0010928916931152344
(24,56): 0.001070117950439453
(24,60): -0.0008269882202148437
(24,62): -0.001513214111328125
(25,4): 0.006962480545043945
(25,7): 0.002742204666137695
(25,13): 0.0069431114196777345
(25,26): 0.0014653396606445312
(25,27): 0.0061607837677001955
(25,28): -2.8047561645507813e-05
(25,37): -0.0009128570556640625
(25,46): 0.0003681373596191406
(25,52): 0.00016773223876953125
(25,53): 0.0011011219024658202
(25,57): 0.00130126953125
(25,59): -5.649566650390625e-05
(26,5): -1.9464492797851563e-05
(26,6): -0.0006516075134277344
(26,7): -0.002425270080566406
(26,8): 0.015220508575439454
(26,9): 0.013049821853637695
(26,13): 0.0013525962829589843
(26,25): -0.0006990528106689453
(26,27): 0.0005938339233398437
(26,28): -0.0006645488739013672
(26,54): -0.002609720230102539
(26,61): -0.00315765380859375
(26,62): -0.001869058609008789
(26,63): -0.0010218238830566407
(27,5): 0.0012764167785644532
(27,6): -0.00019284248352050782
(27,8): 0.011861162185668945
(27,9): 0.011414852142333985
(27,13): 0.0011200523376464844
(27,25): -0.000694284439086914
(27,26): 0.000906381607055664
(27,28): -0.0008906173706054687
(27,55): -0.0029775142669677735
(27,63): -0.001616067886352539
(28,7): 0.0037973403930664064
(28,13): 0.0035538578033447264
(28,25): -0.00035007476806640623
(28,26): 0.003655223846435547
(28,27): 0.006085348129272461
(28,37): -0.00038654327392578124
(28,49): 4.7779083251953126e-05
(28,53): -0.0002396392822265625
(28,54): -0.0011559200286865234
(28,57): -0.000164947509765625
(29,0): 0.00051361083984375
(29,2): 0.005888938903808594
(29,3): 0.004330320358276367
(29,10): -0.00029015541076660156
(29,11): 0.0006363487243652344
(29,14): 0.00025089263916015623
(29,16): 3.0603408813476566e-05
(29,24): 0.000423126220703125
(29,30): 0.0008968544006347656
(29,33): 0.0009728336334228516
(29,37): -0.00046201705932617186
(29,38): 0.001228351593017578
(29,51): 0.00042440414428710936
(29,57): 0.0005908107757568359
(29,65): 0.0005621814727783203
(30,0): 0.002619647979736328
(30,1): 0.01294032096862793
(30,2): 0.0035767364501953125
(30,3): 0.005536527633666992
(30,11): 0.001310110092163086
(30,14): 0.00028008460998535156
(30,24): 0.0010831832885742187
(30,29): 0.00013611793518066405
(30,33): 0.0003434848785400391
(30,39): 0.0014740753173828126
(30,56): 0.0022574806213378905
(30,59): 0.0010768508911132813
(31,0): 0.00503413200378418
(31,10): 0.0006982612609863281
(31,17): 9.848594665527343e-05
(31,18): 0.000678396224975586
(31,19): 0.0005914211273193359
(31,20): 0.000651092529296875
(31,37): 0.0009629726409912109
(31,51): 0.0013792610168457031
(32,11): 0.0008352279663085937
(32,12): 0.0004097080230712891
(32,21): -0.000278472900390625
(32,22): 8.541107177734375e-05
(32,23): 0.00011530876159667968
(32,24): -0.0002663516998291016
(32,57): -0.00046413421630859376
(33,0): 0.004687747955322266
(33,1): 0.008519763946533204
(33,2): 0.0035827159881591797
(33,3): 0.001563262939453125
(33,11): -0.007043657302856446
(33,14): -0.005640745162963867
(33,16): -0.005238485336303711
(33,29): -0.0030627536773681643
(33,30): -0.0006031894683837891
(34,0): -0.0001324462890625
(34,37): 0.006024351119995117
(34,56): -0.003874168395996094
(35,1): -0.002191448211669922
(35,2): 0.0025139141082763674
(35,3): -0.004074544906616211
(35,7): -0.0025795650482177733
(35,37): 0.0016242408752441407
(36,4): 0.0017357254028320312
(36,5): 0.009216794967651367
(36,6): 0.012495813369750976
(36,55): 0.001592721939086914
(36,63): -0.0034812068939208984
(37,10): -0.0005339717864990234
(37,11): 0.0009444808959960938
(37,13): 0.009765701293945312
(37,15): -0.0015727519989013673
(37,16): -0.000106658935546875
(37,17): 0.00010226249694824219
(37,20): -0.0009102439880371094
(37,24): 0.0004454994201660156
(37,25): -0.0006571102142333984
(37,28): -0.0002812385559082031
(37,29): 0.0002690982818603516
(37,31): 0.0007352352142333985
(37,34): 0.010696582794189453
(37,35): 0.005914945602416993
(38,11): 0.0003025341033935547
(38,16): -0.0009365653991699218
(38,17): -0.0009265708923339844
(38,29): -0.00030567169189453123
(38,42): -0.00013037681579589845
(38,50): 0.000265350341796875
(39,30): 0.004424219131469727
(39,53): 4.823684692382812e-05
(39,60): 0.000661916732788086
(40,13): 0.02121222496032715
(41,14): 0.0003899669647216797
(41,15): -0.001911468505859375
(41,16): -0.0003569221496582031
(41,21): -0.00046755790710449217
(41,24): -0.0006623935699462891
(42,14): -8.894920349121093e-05
(42,15): -0.0016544914245605468
(42,19): -0.00037322998046875
(42,38): -0.0005832576751708985
(42,45): -0.000590057373046875
(42,50): 1.0251998901367188e-05
(43,15): -0.00036353111267089844
(43,48): 0.00017897605895996093
(44,15): 0.0004026031494140625
(45,15): -0.0009751510620117187
(45,42): 0.0003928661346435547
(46,15): -0.00018911361694335939
(46,16): -2.3288726806640627e-05
(46,21): -0.0008919429779052734
(46,25): 0.0005035591125488281
(47,16): 0.0003677272796630859
(47,54): -2.827644348144531e-05
(48,16): -0.0003569221496582031
(48,43): -3.110885620117187e-05
(49,18): 0.00046672821044921873
(49,28): -0.0003250694274902344
(50,21): -0.00011058807373046874
(50,22): -8.070945739746093e-05
(50,38): -0.00046042442321777346
(50,42): -0.0003382587432861328
(51,11): 0.00018074989318847656
(51,12): 6.936073303222657e-05
(51,19): 1.954078674316406e-05
(51,20): -0.0009508705139160156
(51,23): -3.626823425292969e-05
(51,29): -0.00032538414001464844
(51,31): 0.0011904621124267578
(52,10): -0.0008806610107421876
(52,20): -0.0005805587768554687
(52,25): 0.001758451461791992
(52,62): 0.0006744956970214844
(53,11): 0.0001916790008544922
(53,17): -0.00037506103515625
(53,18): 1.3704299926757812e-05
(53,20): -0.000809621810913086
(53,25): -0.0007555675506591797
(53,28): -0.0009128952026367188
(53,39): -0.0007061386108398438
(53,60): -3.08990478515625e-06
(54,11): 0.001867656707763672
(54,17): -0.000755615234375
(54,20): -0.0011260604858398437
(54,26): 0.010472469329833985
(54,28): -0.0011813068389892579
(54,47): -7.083892822265625e-05
(55,16): 0.0015963077545166015
(55,20): 0.0014425849914550782
(55,27): 0.01085834503173828
(55,36): 0.008743057250976563
(56,14): 0.0014233970642089843
(56,21): 0.0011241531372070312
(56,24): 0.0008615970611572266
(56,30): 0.0020802688598632814
(56,34): 0.006990575790405273
(57,15): -0.0017603206634521484
(57,20): -0.001246166229248047
(57,21): -0.0005496120452880859
(57,25): -0.0012674903869628906
(57,28): -0.0015217971801757813
(57,29): -0.0008651542663574218
(57,32): -2.0627975463867187e-05
(58,10): -0.0001362133026123047
(58,21): -0.00018971443176269532
(58,22): 0.0005446720123291016
(59,10): -0.0017778682708740235
(59,16): -0.00105712890625
(59,17): -0.0005919742584228516
(59,22): 0.00014954566955566406
(59,25): -0.0009104537963867187
(59,30): 0.003912811279296875
(60,23): -3.274917602539063e-05
(60,24): -0.001144275665283203
(60,39): -0.0005009174346923828
(60,53): -0.0002746009826660156
(61,26): 0.01038309097290039
(62,18): -0.00021010398864746094
(62,21): -0.001247739791870117
(62,24): -0.0012496566772460937
(62,26): 0.00570713996887207
(62,52): -0.0008198356628417968
(62,63): 0.0021896076202392576
(63,26): 0.006470832824707031
(63,27): 0.008093338012695312
(63,36): 0.0051427650451660156
(63,62): 0.001023263931274414
(63,64): 0.0007721138000488281
(64,19): 0.0007081699371337891
(64,63): 0.003338489532470703
(65,11): 0.001839447021484375
(65,16): -0.00035201072692871095
(65,18): 0.0004925537109375
(65,29): 0.0005505180358886719
