Interaction name: 5j6d

Affinity: 8.220000267028809
Predicted value: 8.943902015686035

Attributions for edges: 

(0,1): 0.0
(0,7): 0.0
(0,10): 0.0
(0,12): 0.0
(0,24): 0.4330460727214813
(0,41): 0.0
(0,42): 0.4348631799221039
(0,43): 0.4299963712692261
(0,47): 0.4031544029712677
(1,0): 0.0
(1,7): 0.523406445980072
(1,9): 0.0
(1,12): 0.4777112603187561
(1,24): 0.0
(1,41): 0.5095447897911072
(1,42): 0.4910116493701935
(1,43): 0.0
(1,44): 0.0
(1,47): 0.46554329991340637
(2,5): 0.0
(2,8): 0.0
(2,11): 0.0
(2,13): 0.46058475971221924
(2,14): 0.44951167702674866
(2,31): 0.0
(2,32): 0.0
(3,8): 0.5105741024017334
(3,13): 0.0
(3,15): 0.0
(3,16): 0.5598186254501343
(3,18): 0.5199398994445801
(3,19): 0.5348273515701294
(3,23): 0.0
(3,28): 0.0
(3,33): 0.0
(3,35): 0.47670313715934753
(3,37): 0.0
(3,39): 0.0
(4,15): 0.5077971816062927
(4,16): 0.0
(4,17): 0.0
(4,33): 0.0
(4,34): 0.0
(4,35): 0.37471961975097656
(4,39): 0.0
(5,2): 0.0
(5,6): 0.0
(5,8): 0.0
(5,11): 0.0
(5,13): 0.47701260447502136
(5,14): 0.0
(5,31): 0.4740857481956482
(5,32): 0.0
(5,43): 0.5633945465087891
(5,45): 0.5673624277114868
(6,5): 0.0
(6,8): 0.0
(6,11): 0.0
(6,13): 0.0
(6,19): 0.5043016076087952
(6,20): 0.4529106914997101
(6,22): 0.4910508692264557
(6,26): 0.5479363799095154
(6,45): 0.0
(7,0): 0.0
(7,1): 0.44200146198272705
(7,9): 0.0
(7,10): 0.4774670898914337
(7,24): 0.0
(7,25): 0.4633728861808777
(7,29): 0.466775119304657
(7,30): 0.5374704003334045
(7,38): 0.5080696940422058
(7,45): 0.45555350184440613
(7,46): 0.0
(8,2): 0.0
(8,3): 0.5307616591453552
(8,5): 0.0
(8,6): 0.0
(8,11): 0.0
(8,13): 0.0
(8,19): 0.4946536719799042
(8,37): 0.4242067039012909
(8,46): 0.5031290054321289
(9,1): 0.0
(9,7): 0.0
(9,10): 0.0
(9,12): 0.0
(9,24): 0.47818881273269653
(10,0): 0.0
(10,7): 0.46984800696372986
(10,9): 0.0
(10,12): 0.5128816366195679
(10,24): 0.0
(11,2): 0.0
(11,5): 0.0
(11,6): 0.0
(11,8): 0.0
(11,13): 0.0
(11,19): 0.4493342638015747
(11,32): 0.4161967933177948
(11,45): 0.5333577394485474
(12,0): 0.0
(12,1): 0.4779398441314697
(12,9): 0.0
(12,10): 0.5458829402923584
(12,24): 0.0
(12,25): 0.5016322731971741
(12,29): 0.4022923707962036
(12,30): 0.5060568451881409
(12,38): 0.4251316785812378
(13,2): 0.44664549827575684
(13,3): 0.0
(13,5): 0.45437926054000854
(13,6): 0.0
(13,8): 0.0
(13,11): 0.0
(13,19): 0.0
(13,20): 0.5228090286254883
(13,27): 0.4730226993560791
(13,28): 0.5772641897201538
(13,37): 0.0
(13,40): 0.48504483699798584
(13,49): 0.4327968955039978
(13,51): 0.4856576919555664
(13,52): 0.48443716764450073
(13,63): 0.5074466466903687
(14,2): 0.481570303440094
(14,5): 0.0
(14,24): 0.4892561137676239
(14,25): 0.0
(14,29): 0.4270670711994171
(14,30): 0.0
(14,31): 0.0
(14,32): 0.0
(14,38): 0.0
(14,51): 0.48705506324768066
(14,55): 0.5588459968566895
(14,68): 0.4731890857219696
(15,3): 0.0
(15,4): 0.47780314087867737
(15,16): 0.0
(15,23): 0.0
(15,28): 0.0
(15,33): 0.0
(15,34): 0.0
(15,35): 0.0
(15,37): 0.0
(15,39): 0.0
(15,50): 0.5174948573112488
(15,52): 0.49867942929267883
(15,64): 0.5641955137252808
(16,3): 0.45449191331863403
(16,4): 0.0
(16,15): 0.0
(16,17): 0.0
(16,23): 0.0
(16,33): 0.0
(16,34): 0.0
(16,35): 0.0
(16,39): 0.0
(17,4): 0.0
(17,16): 0.0
(17,33): 0.4737285077571869
(17,34): 0.0
(17,39): 0.5004621744155884
(17,53): 0.4512169063091278
(17,54): 0.5335049033164978
(17,65): 0.5238534212112427
(18,3): 0.4862576723098755
(18,19): 0.0
(18,27): 0.0
(18,28): 0.0
(18,37): 0.0
(18,40): 0.0
(18,66): 0.506030261516571
(18,67): 0.42111343145370483
(19,3): 0.5297949314117432
(19,6): 0.47158241271972656
(19,8): 0.5060082674026489
(19,11): 0.49196434020996094
(19,13): 0.0
(19,18): 0.0
(19,20): 0.0
(19,21): 0.44253769516944885
(19,22): 0.5006358027458191
(19,26): 0.0
(19,27): 0.0
(19,28): 0.0
(19,37): 0.0
(19,40): 0.0
(19,55): 0.4838203489780426
(19,63): 0.4166618883609772
(20,6): 0.4366767704486847
(20,13): 0.5133448243141174
(20,19): 0.0
(20,21): 0.0
(20,22): 0.0
(20,26): 0.0
(20,27): 0.505232036113739
(20,36): 0.0
(20,40): 0.536034345626831
(20,51): 0.4796750545501709
(20,55): 0.4320625364780426
(20,56): 0.5610858798027039
(20,67): 0.40628907084465027
(21,19): 0.5337476134300232
(21,20): 0.0
(21,22): 0.0
(21,26): 0.0
(21,36): 0.0
(21,68): 0.5095657706260681
(21,69): 0.46285560727119446
(22,6): 0.4434302747249603
(22,19): 0.47310569882392883
(22,20): 0.0
(22,21): 0.0
(22,26): 0.0
(22,36): 0.0
(22,57): 0.46769869327545166
(22,58): 0.5087550282478333
(22,67): 0.4711987376213074
(22,70): 0.4361218810081482
(23,3): 0.0
(23,15): 0.0
(23,16): 0.0
(23,28): 0.40773168206214905
(23,33): 0.0
(23,34): 0.0
(23,35): 0.0
(23,37): 0.5015652179718018
(23,39): 0.0
(23,59): 0.4251886308193207
(23,64): 0.4437149167060852
(23,65): 0.4570602774620056
(23,66): 0.4487258791923523
(24,0): 0.5587257146835327
(24,1): 0.0
(24,7): 0.0
(24,9): 0.44378021359443665
(24,10): 0.0
(24,12): 0.0
(24,14): 0.4292580187320709
(24,25): 0.0
(24,29): 0.0
(24,30): 0.0
(24,31): 0.5505848526954651
(24,38): 0.0
(24,57): 0.5248894095420837
(24,60): 0.42612653970718384
(24,61): 0.4702111780643463
(25,7): 0.5374675989151001
(25,12): 0.5078859925270081
(25,14): 0.0
(25,24): 0.0
(25,29): 0.0
(25,30): 0.0
(25,31): 0.0
(25,32): 0.0
(25,38): 0.0
(26,6): 0.49733975529670715
(26,19): 0.0
(26,20): 0.0
(26,21): 0.0
(26,22): 0.0
(26,27): 0.0
(26,36): 0.0
(26,40): 0.0
(26,57): 0.36429736018180847
(26,61): 0.5370596051216125
(26,62): 0.5370721220970154
(26,64): 0.43181243538856506
(26,66): 0.5856657028198242
(27,13): 0.4239269196987152
(27,18): 0.0
(27,19): 0.0
(27,20): 0.44165724515914917
(27,26): 0.0
(27,28): 0.0
(27,37): 0.0
(27,56): 0.466463178396225
(28,3): 0.0
(28,13): 0.42296990752220154
(28,15): 0.0
(28,18): 0.0
(28,19): 0.0
(28,23): 0.3838365375995636
(28,27): 0.0
(28,33): 0.5843116044998169
(28,37): 0.0
(28,39): 0.543389618396759
(28,40): 0.0
(28,53): 0.5113443732261658
(28,61): 0.5663303136825562
(28,65): 0.4958956837654114
(29,7): 0.0
(29,12): 0.0
(29,14): 0.0
(29,24): 0.0
(29,25): 0.0
(29,30): 0.0
(29,31): 0.0
(29,32): 0.0
(29,38): 0.0
(30,7): 0.4129909574985504
(30,12): 0.4489351212978363
(30,14): 0.0
(30,24): 0.0
(30,25): 0.0
(30,29): 0.48465922474861145
(30,31): 0.0
(30,32): 0.0
(30,51): 0.42337536811828613
(31,2): 0.0
(31,5): 0.5774571299552917
(31,14): 0.0
(31,24): 0.5180860757827759
(31,25): 0.0
(31,29): 0.0
(31,30): 0.0
(31,32): 0.0
(31,38): 0.0
(31,54): 0.4472171664237976
(31,63): 0.5763409733772278
(32,2): 0.0
(32,5): 0.0
(32,11): 0.462899386882782
(32,14): 0.0
(32,25): 0.0
(32,29): 0.5215005278587341
(32,30): 0.0
(32,31): 0.0
(32,38): 0.0
(32,56): 0.4872771203517914
(32,61): 0.4555591642856598
(32,64): 0.47860175371170044
(32,65): 0.5208913683891296
(32,66): 0.4475250840187073
(33,3): 0.0
(33,4): 0.0
(33,15): 0.0
(33,16): 0.0
(33,17): 0.46028250455856323
(33,23): 0.0
(33,28): 0.0
(33,34): 0.0
(33,35): 0.0
(33,37): 0.47819453477859497
(33,54): 0.5138099789619446
(33,63): 0.3835061490535736
(33,66): 0.41446584463119507
(33,67): 0.5967996120452881
(34,4): 0.0
(34,15): 0.0
(34,16): 0.0
(34,17): 0.0
(34,23): 0.0
(34,33): 0.0
(34,35): 0.0
(34,39): 0.0
(34,63): 0.533401370048523
(35,3): 0.5114505290985107
(35,4): 0.44835492968559265
(35,15): 0.0
(35,16): 0.0
(35,23): 0.0
(35,33): 0.0
(35,34): 0.0
(35,39): 0.0
(35,53): 0.47682419419288635
(36,20): 0.0
(36,21): 0.0
(36,22): 0.0
(36,26): 0.0
(36,58): 0.5003048777580261
(36,68): 0.5206488966941833
(37,3): 0.0
(37,8): 0.4649059772491455
(37,13): 0.0
(37,15): 0.0
(37,18): 0.0
(37,19): 0.0
(37,23): 0.5347053408622742
(37,27): 0.0
(37,28): 0.0
(37,33): 0.47211959958076477
(37,39): 0.47457969188690186
(37,40): 0.0
(37,50): 0.5005280375480652
(37,52): 0.40824562311172485
(37,67): 0.45783156156539917
(38,7): 0.42105960845947266
(38,12): 0.5178484916687012
(38,14): 0.0
(38,24): 0.0
(38,25): 0.0
(38,29): 0.0
(38,31): 0.0
(38,32): 0.0
(39,3): 0.0
(39,4): 0.0
(39,15): 0.0
(39,16): 0.0
(39,17): 0.45583224296569824
(39,23): 0.0
(39,28): 0.547367513179779
(39,34): 0.0
(39,35): 0.0
(39,37): 0.443928599357605
(40,13): 0.5719466805458069
(40,18): 0.0
(40,19): 0.0
(40,20): 0.509000837802887
(40,26): 0.0
(40,28): 0.0
(40,37): 0.0
(41,0): 0.0
(41,1): 0.5123529434204102
(41,46): 0.0
(41,60): 0.0
(42,0): 0.43541795015335083
(42,1): 0.5761135220527649
(42,44): 0.0
(42,47): 0.0
(42,60): 0.5416384339332581
(43,0): 0.5287070274353027
(43,1): 0.0
(43,5): 0.493505597114563
(43,61): 0.47202998399734497
(44,1): 0.0
(44,42): 0.0
(44,47): 0.0
(44,60): 0.504543662071228
(45,5): 0.5032055974006653
(45,6): 0.0
(45,7): 0.5144878625869751
(45,11): 0.50075763463974
(45,51): 0.0
(45,57): 0.5517206192016602
(46,7): 0.0
(46,8): 0.5210652351379395
(46,41): 0.0
(46,60): 0.4997488260269165
(47,0): 0.49769651889801025
(47,1): 0.43432480096817017
(47,42): 0.0
(47,44): 0.0
(47,60): 0.5262313485145569
(48,51): 0.0
(48,57): 0.48725712299346924
(49,13): 0.4982926845550537
(50,15): 0.5076343417167664
(50,37): 0.43660032749176025
(50,54): 0.4351441562175751
(50,64): 0.0
(51,13): 0.5537282824516296
(51,14): 0.43579211831092834
(51,20): 0.5180164575576782
(51,30): 0.47707873582839966
(51,45): 0.0
(51,48): 0.0
(52,13): 0.0
(52,15): 0.4217539131641388
(52,37): 0.5391656160354614
(52,55): 0.0
(52,59): 0.0
(53,17): 0.46294552087783813
(53,28): 0.5801474452018738
(53,35): 0.5682013630867004
(54,17): 0.44449135661125183
(54,31): 0.5385534763336182
(54,33): 0.39977777004241943
(54,50): 0.45328429341316223
(54,64): 0.0
(55,14): 0.40274593234062195
(55,19): 0.46737024188041687
(55,20): 0.505264401435852
(55,52): 0.0
(55,56): 0.47181767225265503
(55,59): 0.0
(56,20): 0.4583981931209564
(56,27): 0.493269145488739
(56,32): 0.5348063111305237
(56,55): 0.4408913552761078
(57,22): 0.0
(57,24): 0.4683545231819153
(57,26): 0.5195898413658142
(57,45): 0.512913703918457
(57,48): 0.49237969517707825
(57,69): 0.0
(58,22): 0.4931827187538147
(58,36): 0.45622435212135315
(59,23): 0.5233167409896851
(59,52): 0.0
(59,55): 0.0
(60,24): 0.49257493019104004
(60,41): 0.0
(60,42): 0.3862384259700775
(60,44): 0.5226320028305054
(60,46): 0.40242889523506165
(60,47): 0.4387863576412201
(61,24): 0.5993557572364807
(61,26): 0.541204571723938
(61,28): 0.5568104386329651
(61,32): 0.43687504529953003
(61,43): 0.5671793222427368
(62,26): 0.4410475492477417
(62,70): 0.0
(63,13): 0.493373304605484
(63,19): 0.4198068082332611
(63,31): 0.5024694204330444
(63,33): 0.4487267732620239
(63,34): 0.4879937171936035
(63,66): 0.4645884335041046
(64,15): 0.5437691807746887
(64,23): 0.42953208088874817
(64,26): 0.6505586504936218
(64,32): 0.4706264138221741
(64,50): 0.0
(64,54): 0.0
(65,17): 0.5807210206985474
(65,23): 0.0
(65,28): 0.48192453384399414
(65,32): 0.44628122448921204
(66,18): 0.5710253715515137
(66,23): 0.4831855893135071
(66,26): 0.41007864475250244
(66,32): 0.4679287374019623
(66,33): 0.5164350867271423
(66,63): 0.4676617681980133
(67,18): 0.4336901009082794
(67,20): 0.5195115804672241
(67,22): 0.41295871138572693
(67,33): 0.5016006827354431
(67,37): 0.4284900426864624
(68,14): 0.5407795906066895
(68,21): 0.5482690930366516
(68,36): 0.4912508726119995
(69,21): 0.4518286883831024
(69,57): 0.0
(70,22): 0.46574780344963074
(70,62): 0.0
