Interaction name: 5ko1

Affinity: 6.639999866485596
Predicted value: 7.220726013183594

Attributions for edges: 

(0,1): 0.5411545038223267
(0,3): 0.6221473217010498
(0,4): 0.4814918041229248
(0,6): 0.5944105982780457
(0,20): 0.6477207541465759
(0,21): 0.4638385772705078
(1,0): 0.48723500967025757
(1,6): 0.5837143659591675
(1,20): 0.40390172600746155
(1,21): 0.5404525399208069
(2,3): 0.6197974681854248
(2,5): 0.5112324357032776
(2,7): 0.5940520167350769
(2,10): 0.4742787480354309
(2,12): 0.5587984919548035
(2,19): 0.5410845279693604
(3,0): 0.5190222859382629
(3,2): 0.49219265580177307
(3,4): 0.5610208511352539
(3,5): 0.44302016496658325
(3,10): 0.36179450154304504
(3,12): 0.48929908871650696
(3,13): 0.5660403966903687
(3,19): 0.5929247140884399
(3,21): 0.4374411106109619
(4,0): 0.5842489004135132
(4,3): 0.3928963840007782
(4,6): 0.520739734172821
(4,10): 0.4191453754901886
(4,12): 0.5340958833694458
(4,19): 0.4164895713329315
(5,2): 0.4966253340244293
(5,3): 0.4467654824256897
(5,7): 0.5597284436225891
(5,8): 0.6121492981910706
(5,9): 0.5621839761734009
(5,10): 0.5325577855110168
(5,12): 0.4622069001197815
(5,13): 0.5661569833755493
(5,14): 0.5061466097831726
(6,0): 0.48683178424835205
(6,1): 0.5427237749099731
(6,4): 0.5623905062675476
(6,22): 0.5098694562911987
(7,2): 0.6048752069473267
(7,5): 0.43397489190101624
(7,8): 0.47484317421913147
(7,9): 0.31709611415863037
(7,11): 0.361621230840683
(7,14): 0.495455801486969
(7,16): 0.4153842329978943
(7,24): 0.5534566640853882
(7,25): 0.5160365700721741
(7,28): 0.4122500419616699
(7,29): 0.5182870626449585
(8,5): 0.5228676199913025
(8,7): 0.5836678743362427
(8,9): 0.4598695933818817
(8,11): 0.4272958040237427
(8,14): 0.4819570481777191
(8,16): 0.5798336863517761
(9,5): 0.5430743098258972
(9,7): 0.5317383408546448
(9,8): 0.49853166937828064
(9,11): 0.4913909137248993
(9,14): 0.412344753742218
(9,16): 0.42037734389305115
(10,2): 0.501642107963562
(10,3): 0.5486983060836792
(10,4): 0.6224128603935242
(10,5): 0.5582079887390137
(10,12): 0.5121678113937378
(10,13): 0.4239691495895386
(10,15): 0.5140352845191956
(10,17): 0.3552663326263428
(10,19): 0.3871297538280487
(10,23): 0.37326306104660034
(10,24): 0.48790243268013
(11,7): 0.48817285895347595
(11,8): 0.5790149569511414
(11,9): 0.4909559488296509
(11,14): 0.4663519263267517
(11,16): 0.5357656478881836
(12,2): 0.5890514254570007
(12,3): 0.48028072714805603
(12,4): 0.6089605093002319
(12,5): 0.5919994711875916
(12,10): 0.3511311411857605
(12,13): 0.42896148562431335
(12,15): 0.5104035139083862
(12,17): 0.4711422026157379
(12,18): 0.4080815315246582
(12,19): 0.4981103241443634
(12,26): 0.4671517610549927
(13,3): 0.38770273327827454
(13,5): 0.5685661435127258
(13,10): 0.49484696984291077
(13,12): 0.5275604128837585
(13,15): 0.5347396731376648
(13,17): 0.43900060653686523
(13,18): 0.5224093794822693
(13,19): 0.44023633003234863
(13,24): 0.40960413217544556
(13,25): 0.5135643482208252
(13,28): 0.46896061301231384
(14,5): 0.5035837888717651
(14,7): 0.4348699450492859
(14,8): 0.523337185382843
(14,9): 0.42700904607772827
(14,11): 0.509395956993103
(14,16): 0.533918023109436
(14,24): 0.46226972341537476
(14,25): 0.5140523910522461
(14,29): 0.4615354537963867
(15,10): 0.47034093737602234
(15,12): 0.40899965167045593
(15,13): 0.4424423575401306
(15,17): 0.3324924111366272
(15,18): 0.5261102914810181
(15,19): 0.4375825822353363
(15,27): 0.45214128494262695
(15,28): 0.4490518271923065
(16,7): 0.5031484365463257
(16,8): 0.529049277305603
(16,9): 0.5387383699417114
(16,11): 0.43847230076789856
(16,14): 0.43634259700775146
(16,26): 0.45096221566200256
(16,28): 0.5016639828681946
(17,10): 0.3469875752925873
(17,12): 0.6152980923652649
(17,13): 0.4843538701534271
(17,15): 0.500493586063385
(17,18): 0.46276620030403137
(17,19): 0.6005362272262573
(18,12): 0.4410713315010071
(18,13): 0.40717461705207825
(18,15): 0.5146884322166443
(18,17): 0.3402377665042877
(18,19): 0.4694603681564331
(18,29): 0.5478039383888245
(19,2): 0.5582343935966492
(19,3): 0.48846280574798584
(19,4): 0.587595522403717
(19,10): 0.5263582468032837
(19,12): 0.5124883055686951
(19,13): 0.4376254677772522
(19,15): 0.5925641655921936
(19,17): 0.4682500660419464
(19,18): 0.44230490922927856
(19,29): 0.43483766913414
(20,0): 0.5058256983757019
(20,1): 0.4360482096672058
(21,0): 0.4468522369861603
(21,1): 0.514708399772644
(21,3): 0.6318268775939941
(21,22): 0.4451451897621155
(22,6): 0.5140820145606995
(22,21): 0.5122362375259399
(23,10): 0.6036723256111145
(23,25): 0.6001970767974854
(24,7): 0.4977600574493408
(24,10): 0.6198530793190002
(24,13): 0.48340120911598206
(24,14): 0.5905828475952148
(24,27): 0.5417317152023315
(25,7): 0.5648087859153748
(25,13): 0.43750104308128357
(25,14): 0.3800608217716217
(25,23): 0.5039445161819458
(26,12): 0.6497681140899658
(26,16): 0.5606049299240112
(27,15): 0.4736382067203522
(27,24): 0.49430349469184875
(27,29): 0.5632664561271667
(28,7): 0.5975890755653381
(28,13): 0.39003559947013855
(28,15): 0.4702252745628357
(28,16): 0.4305221438407898
(29,7): 0.5318378210067749
(29,14): 0.4431823194026947
(29,18): 0.4148363471031189
(29,19): 0.5878573656082153
(29,27): 0.5050988793373108
