Interaction name: 5kr2

Affinity: 8.479999542236328
Predicted value: 7.708266735076904

Attributions for edges: 

(0,1): 0.5286089181900024
(0,3): 0.47337257862091064
(0,6): 0.4457131624221802
(0,13): 0.507354199886322
(0,17): 0.4966879189014435
(0,39): 0.435417503118515
(0,40): 0.5232464671134949
(1,0): 0.49528592824935913
(1,6): 0.4904489815235138
(1,13): 0.4367065131664276
(1,14): 0.4684447646141052
(1,15): 0.4418986439704895
(1,16): 0.5203093886375427
(1,30): 0.45782336592674255
(1,31): 0.5216237902641296
(1,34): 0.5212526321411133
(1,37): 0.45435041189193726
(1,40): 0.5254620313644409
(2,6): 0.5212197303771973
(2,9): 0.46036937832832336
(2,17): 0.46979057788848877
(2,18): 0.5146937370300293
(2,19): 0.48690298199653625
(2,20): 0.5028471350669861
(2,21): 0.5493326187133789
(2,39): 0.5109249949455261
(2,40): 0.46812349557876587
(2,41): 0.45169320702552795
(3,0): 0.5059990286827087
(3,6): 0.5240640640258789
(3,7): 0.41608837246894836
(3,17): 0.4346188008785248
(3,40): 0.4567600190639496
(4,9): 0.4979749321937561
(4,10): 0.4413035213947296
(4,12): 0.4231061637401581
(4,18): 0.47405633330345154
(4,19): 0.4495026767253876
(4,41): 0.48804253339767456
(4,43): 0.4974343776702881
(5,10): 0.6051626205444336
(5,11): 0.48377421498298645
(5,12): 0.5068477392196655
(5,18): 0.46814772486686707
(5,19): 0.5550668239593506
(5,22): 0.47214847803115845
(5,26): 0.5342349410057068
(5,27): 0.5386564135551453
(5,39): 0.5110849142074585
(5,40): 0.47810855507850647
(5,41): 0.5351213812828064
(6,0): 0.42771098017692566
(6,1): 0.6044807434082031
(6,2): 0.4126296937465668
(6,3): 0.5976206660270691
(6,7): 0.4193841814994812
(6,9): 0.5173388719558716
(6,13): 0.5381535887718201
(6,17): 0.507729709148407
(6,29): 0.4964265525341034
(6,34): 0.5569525361061096
(6,42): 0.5201111435890198
(7,3): 0.47239184379577637
(7,6): 0.5367592573165894
(7,17): 0.525132954120636
(7,42): 0.47802218794822693
(8,9): 0.5095287561416626
(8,10): 0.5302452445030212
(8,12): 0.5052034854888916
(8,18): 0.522253155708313
(8,19): 0.44860410690307617
(9,2): 0.5627984404563904
(9,4): 0.5198546648025513
(9,6): 0.48388671875
(9,8): 0.43113037943840027
(9,17): 0.4398515224456787
(9,18): 0.4789632260799408
(9,19): 0.4772440195083618
(9,20): 0.5004106163978577
(9,21): 0.5474528670310974
(9,29): 0.5441483855247498
(9,44): 0.49170735478401184
(10,4): 0.5340678691864014
(10,5): 0.5010669827461243
(10,8): 0.5107370615005493
(10,11): 0.5052695870399475
(10,18): 0.4680522382259369
(10,22): 0.48524314165115356
(10,25): 0.46209290623664856
(10,33): 0.5221054553985596
(10,36): 0.5281566977500916
(10,42): 0.4037194848060608
(11,5): 0.4431559443473816
(11,10): 0.47035688161849976
(11,12): 0.4590139389038086
(11,22): 0.5272377729415894
(11,26): 0.55452561378479
(11,27): 0.5352374911308289
(11,28): 0.5711860656738281
(12,4): 0.42016902565956116
(12,5): 0.48096904158592224
(12,8): 0.5149815082550049
(12,11): 0.4290301203727722
(12,18): 0.512618899345398
(12,22): 0.4555290639400482
(12,25): 0.5341616868972778
(12,33): 0.5762750506401062
(12,36): 0.6043630242347717
(13,0): 0.46679776906967163
(13,1): 0.47118666768074036
(13,6): 0.5776854753494263
(13,14): 0.4918045401573181
(13,31): 0.4373798668384552
(13,34): 0.43123897910118103
(13,37): 0.5013645887374878
(13,48): 0.5276595950126648
(13,59): 0.5296474099159241
(13,62): 0.5221010446548462
(14,1): 0.4106445908546448
(14,13): 0.43419012427330017
(14,16): 0.4420819878578186
(14,31): 0.4340662360191345
(14,32): 0.4828817844390869
(14,37): 0.554087221622467
(14,57): 0.42672812938690186
(15,1): 0.5171530842781067
(15,16): 0.5782415270805359
(15,31): 0.49627137184143066
(15,32): 0.45530080795288086
(15,37): 0.5199359059333801
(15,45): 0.48559942841529846
(15,59): 0.5477128624916077
(16,1): 0.49415165185928345
(16,14): 0.49806737899780273
(16,15): 0.37462228536605835
(16,31): 0.47783225774765015
(16,32): 0.47247615456581116
(16,37): 0.43370023369789124
(16,46): 0.4354778528213501
(16,62): 0.5397138595581055
(17,0): 0.49733251333236694
(17,2): 0.5252049565315247
(17,3): 0.47065192461013794
(17,6): 0.5811290740966797
(17,7): 0.43611061573028564
(17,9): 0.522803783416748
(17,45): 0.47344157099723816
(17,46): 0.5998480319976807
(17,47): 0.45392516255378723
(17,48): 0.5195082426071167
(17,54): 0.4888247549533844
(17,60): 0.5614606142044067
(18,2): 0.46869194507598877
(18,4): 0.510716438293457
(18,5): 0.5216590166091919
(18,8): 0.5279644727706909
(18,9): 0.577199399471283
(18,10): 0.5928765535354614
(18,12): 0.4648297131061554
(18,19): 0.5398939847946167
(18,20): 0.4522722363471985
(18,45): 0.5435268878936768
(18,46): 0.4974219799041748
(18,48): 0.5487993955612183
(18,50): 0.5375016331672668
(18,52): 0.603561282157898
(18,54): 0.4523725211620331
(18,59): 0.5479777455329895
(18,60): 0.5772215723991394
(19,2): 0.6093469262123108
(19,4): 0.5537199974060059
(19,5): 0.5034489631652832
(19,8): 0.5235296487808228
(19,9): 0.46940577030181885
(19,18): 0.4822600483894348
(19,20): 0.47369885444641113
(19,21): 0.5392600893974304
(19,29): 0.5833795070648193
(19,34): 0.5808166265487671
(19,38): 0.4932708740234375
(19,52): 0.43325817584991455
(19,59): 0.5199170112609863
(20,2): 0.5123541355133057
(20,9): 0.45981836318969727
(20,18): 0.48336508870124817
(20,19): 0.4732993543148041
(20,21): 0.5431671738624573
(20,29): 0.4874279201030731
(20,30): 0.5677768588066101
(20,34): 0.45633265376091003
(20,38): 0.4315991699695587
(20,45): 0.5919896960258484
(20,48): 0.5567225217819214
(20,54): 0.5144968628883362
(21,2): 0.45132216811180115
(21,9): 0.503251850605011
(21,19): 0.5197901129722595
(21,20): 0.4301035404205322
(21,29): 0.49987462162971497
(21,30): 0.4594578742980957
(21,34): 0.49593982100486755
(21,38): 0.49065908789634705
(21,54): 0.5565893054008484
(22,5): 0.47781673073768616
(22,10): 0.5371370315551758
(22,11): 0.5518067479133606
(22,12): 0.5592486262321472
(22,23): 0.5371756553649902
(22,24): 0.5694124698638916
(22,25): 0.5306150913238525
(22,33): 0.5631251335144043
(22,35): 0.52916020154953
(22,36): 0.5095585584640503
(22,50): 0.5348341464996338
(22,52): 0.4452016055583954
(22,53): 0.4810096323490143
(22,59): 0.522402286529541
(22,62): 0.5599722862243652
(23,22): 0.48375946283340454
(23,24): 0.470058411359787
(23,25): 0.5736666321754456
(23,33): 0.5391692519187927
(23,35): 0.5282675623893738
(23,36): 0.5402265191078186
(23,61): 0.49185842275619507
(24,22): 0.5031188726425171
(24,23): 0.5093787312507629
(24,25): 0.4865628480911255
(24,33): 0.5345929265022278
(24,35): 0.532281219959259
(24,36): 0.5020339488983154
(24,62): 0.4695427119731903
(25,10): 0.4015228748321533
(25,12): 0.49075478315353394
(25,22): 0.5086621642112732
(25,23): 0.45108550786972046
(25,24): 0.525678813457489
(25,33): 0.5114547610282898
(25,35): 0.5003844499588013
(25,36): 0.4989186227321625
(25,49): 0.5306786894798279
(25,54): 0.6072439551353455
(26,5): 0.5315124988555908
(26,11): 0.5301034450531006
(26,27): 0.5676970481872559
(26,28): 0.5481961965560913
(26,48): 0.49076542258262634
(26,50): 0.5804147720336914
(26,51): 0.5272693634033203
(26,52): 0.48981836438179016
(26,53): 0.535609245300293
(26,61): 0.540385901927948
(27,5): 0.5513084530830383
(27,11): 0.4994906485080719
(27,26): 0.47660064697265625
(27,28): 0.4947895109653473
(27,46): 0.4693758487701416
(27,48): 0.5549026727676392
(27,52): 0.4702403247356415
(27,53): 0.5613495111465454
(27,54): 0.5243525505065918
(27,55): 0.5058733820915222
(27,61): 0.5191385746002197
(28,11): 0.5741676688194275
(28,26): 0.5576987862586975
(28,27): 0.44203630089759827
(28,51): 0.568996787071228
(28,52): 0.4930972456932068
(28,53): 0.4816873371601105
(28,55): 0.3976241648197174
(29,6): 0.5304444432258606
(29,9): 0.5098279118537903
(29,19): 0.45993906259536743
(29,20): 0.4346957802772522
(29,21): 0.5894243121147156
(29,30): 0.44082698225975037
(29,34): 0.47502559423446655
(29,38): 0.4878399074077606
(29,46): 0.49466848373413086
(29,59): 0.4713273048400879
(30,1): 0.5133954882621765
(30,20): 0.43361786007881165
(30,21): 0.5025894045829773
(30,29): 0.46724972128868103
(30,34): 0.4826909005641937
(30,38): 0.45399171113967896
(30,45): 0.5105862021446228
(30,47): 0.5062701106071472
(31,1): 0.5025060176849365
(31,13): 0.4509126842021942
(31,14): 0.4054338037967682
(31,15): 0.45824694633483887
(31,16): 0.5903797745704651
(31,32): 0.5153621435165405
(31,37): 0.3710877597332001
(31,45): 0.5295850038528442
(31,59): 0.43044471740722656
(32,14): 0.466156005859375
(32,15): 0.4584070146083832
(32,16): 0.534550130367279
(32,31): 0.47263103723526
(32,37): 0.559024453163147
(32,56): 0.4942367970943451
(33,10): 0.47820907831192017
(33,12): 0.452282577753067
(33,22): 0.5137799978256226
(33,23): 0.44395679235458374
(33,24): 0.5514385104179382
(33,25): 0.5431159138679504
(33,35): 0.46482935547828674
(33,36): 0.4394485056400299
(33,49): 0.4746834635734558
(34,1): 0.5858983397483826
(34,6): 0.5098881721496582
(34,13): 0.616092324256897
(34,19): 0.4803948700428009
(34,20): 0.5244172811508179
(34,21): 0.4918859899044037
(34,29): 0.49975651502609253
(34,30): 0.5559219717979431
(34,38): 0.5051189064979553
(34,46): 0.4795582890510559
(34,59): 0.4158841669559479
(34,60): 0.48990339040756226
(35,22): 0.3811872899532318
(35,23): 0.5267602205276489
(35,24): 0.5779088139533997
(35,25): 0.4874882400035858
(35,33): 0.4890919029712677
(35,36): 0.457851767539978
(35,46): 0.535915732383728
(35,61): 0.5429779291152954
(35,62): 0.5569031834602356
(36,10): 0.5374066829681396
(36,12): 0.49149289727211
(36,22): 0.47043341398239136
(36,23): 0.5733389258384705
(36,24): 0.5569323897361755
(36,25): 0.4767838716506958
(36,33): 0.508838415145874
(36,35): 0.5018762946128845
(36,46): 0.536910891532898
(36,48): 0.5674415826797485
(36,52): 0.48699209094047546
(36,59): 0.5319149494171143
(36,62): 0.5215180516242981
(37,1): 0.41270723938941956
(37,13): 0.5164697170257568
(37,14): 0.5188379287719727
(37,15): 0.5381848216056824
(37,16): 0.5572460889816284
(37,31): 0.5496746301651001
(37,32): 0.47228291630744934
(37,57): 0.4751119017601013
(38,19): 0.5725854635238647
(38,20): 0.46200844645500183
(38,21): 0.5610402226448059
(38,29): 0.4801265597343445
(38,30): 0.5105257630348206
(38,34): 0.4553889036178589
(38,45): 0.5144314169883728
(38,54): 0.4860489070415497
(38,58): 0.4197956323623657
(38,60): 0.4748770296573639
(38,62): 0.47002100944519043
(39,0): 0.6079825162887573
(39,2): 0.5175397396087646
(39,5): 0.5585187077522278
(39,40): 0.5064034461975098
(39,46): 0.5047945976257324
(40,0): 0.42100927233695984
(40,1): 0.6102591156959534
(40,2): 0.5553865432739258
(40,3): 0.48182201385498047
(40,5): 0.5496986508369446
(40,39): 0.5670393705368042
(41,2): 0.5891283750534058
(41,4): 0.4235875606536865
(41,5): 0.45968517661094666
(41,52): 0.5186181664466858
(42,6): 0.4444971978664398
(42,7): 0.5669203996658325
(42,10): 0.5490570068359375
(43,4): 0.5317150354385376
(44,9): 0.4995079040527344
(44,46): 0.5261452794075012
(44,59): 0.6247270703315735
(45,15): 0.5247228145599365
(45,17): 0.510822594165802
(45,18): 0.5129023194313049
(45,20): 0.5072678327560425
(45,30): 0.45604199171066284
(45,31): 0.5134673118591309
(45,38): 0.522105872631073
(45,56): 0.445463091135025
(46,16): 0.4748022258281708
(46,17): 0.5117560625076294
(46,18): 0.5864956974983215
(46,27): 0.5109202861785889
(46,29): 0.5608435273170471
(46,34): 0.4682105481624603
(46,35): 0.49500393867492676
(46,36): 0.48194438219070435
(46,39): 0.5394642949104309
(46,44): 0.5012454390525818
(47,17): 0.5201480984687805
(47,30): 0.5042697191238403
(47,62): 0.4916883707046509
(48,13): 0.500799298286438
(48,17): 0.5891408324241638
(48,18): 0.4198274612426758
(48,20): 0.5309224128723145
(48,26): 0.5436061024665833
(48,27): 0.5308542251586914
(48,36): 0.5798951387405396
(48,49): 0.5716254115104675
(49,25): 0.4216604232788086
(49,33): 0.5043036341667175
(49,48): 0.49547794461250305
(50,18): 0.48909425735473633
(50,22): 0.5077261328697205
(50,26): 0.5023367404937744
(50,54): 0.4964909553527832
(50,58): 0.46941807866096497
(51,26): 0.5799733400344849
(51,28): 0.47503435611724854
(51,53): 0.5201668739318848
(52,18): 0.4746360778808594
(52,19): 0.5590364336967468
(52,22): 0.5513113737106323
(52,26): 0.4900304079055786
(52,27): 0.5347728133201599
(52,28): 0.5330939888954163
(52,36): 0.4797741770744324
(52,41): 0.5119228959083557
(53,22): 0.5518329739570618
(53,26): 0.5222188234329224
(53,27): 0.5422682762145996
(53,28): 0.5596986413002014
(53,51): 0.40125107765197754
(54,17): 0.5617321729660034
(54,18): 0.47412991523742676
(54,20): 0.5418000817298889
(54,21): 0.5286450386047363
(54,25): 0.4356687664985657
(54,27): 0.5520076751708984
(54,38): 0.5404541492462158
(54,50): 0.4474194347858429
(55,27): 0.5398027300834656
(55,28): 0.4987923502922058
(56,32): 0.4805164933204651
(56,45): 0.5223846435546875
(57,14): 0.5489794015884399
(57,37): 0.43816104531288147
(57,60): 0.48298317193984985
(58,38): 0.3809610903263092
(58,50): 0.4107381999492645
(59,13): 0.48519814014434814
(59,15): 0.4999549984931946
(59,18): 0.5254397392272949
(59,19): 0.49645981192588806
(59,22): 0.5216948390007019
(59,29): 0.5308043360710144
(59,31): 0.5344864130020142
(59,34): 0.42591431736946106
(59,36): 0.5080687999725342
(59,44): 0.44771984219551086
(60,17): 0.46881312131881714
(60,18): 0.5295073390007019
(60,34): 0.46564388275146484
(60,38): 0.48511138558387756
(60,57): 0.4854835569858551
(61,23): 0.4113932251930237
(61,26): 0.5019789934158325
(61,27): 0.503978431224823
(61,35): 0.53883957862854
(62,13): 0.4788699448108673
(62,16): 0.5422506928443909
(62,22): 0.5124912261962891
(62,24): 0.5609229207038879
(62,35): 0.5121332406997681
(62,36): 0.5369802713394165
(62,38): 0.584723949432373
(62,47): 0.5157583951950073
