Interaction name: 5kpk

Affinity: 8.300000190734863
Predicted value: 7.7115373611450195

Attributions for edges: 

(0,5): 0.5367767810821533
(0,7): 0.5069447159767151
(0,8): 0.3938681185245514
(0,9): 0.5210109949111938
(0,13): 0.40050938725471497
(0,14): 0.5310469269752502
(0,18): 0.5109723210334778
(1,2): 0.5667263865470886
(1,3): 0.4586699306964874
(1,10): 0.46594908833503723
(1,11): 0.3922024369239807
(1,12): 0.41641443967819214
(1,13): 0.5088586807250977
(1,20): 0.5613264441490173
(2,1): 0.497624933719635
(2,3): 0.5217462182044983
(2,10): 0.5783646702766418
(2,13): 0.5042070746421814
(2,20): 0.5071249604225159
(3,1): 0.46405714750289917
(3,2): 0.49514687061309814
(3,4): 0.4844566285610199
(3,13): 0.5160111784934998
(3,20): 0.45882919430732727
(3,21): 0.650933027267456
(4,3): 0.3795897364616394
(4,5): 0.5014820098876953
(4,6): 0.4553852379322052
(4,7): 0.5779016613960266
(4,13): 0.46964988112449646
(4,20): 0.4738527834415436
(4,22): 0.45842403173446655
(4,31): 0.35119837522506714
(4,33): 0.5583639740943909
(5,0): 0.5031116604804993
(5,4): 0.46583667397499084
(5,6): 0.41337722539901733
(5,7): 0.5010492205619812
(5,23): 0.5362530946731567
(5,24): 0.4073188602924347
(5,33): 0.6116308569908142
(5,34): 0.4628899395465851
(6,4): 0.5382070541381836
(6,5): 0.5837162137031555
(6,7): 0.566005289554596
(6,23): 0.39604154229164124
(7,0): 0.5466444492340088
(7,4): 0.4834461212158203
(7,5): 0.3943363428115845
(7,6): 0.4912601411342621
(7,13): 0.47384676337242126
(7,26): 0.5956804752349854
(8,0): 0.5424416065216064
(8,9): 0.5170595645904541
(8,10): 0.523506224155426
(8,13): 0.474382221698761
(8,14): 0.4789807200431824
(8,18): 0.5102975368499756
(8,20): 0.5524861812591553
(8,25): 0.5050837993621826
(8,26): 0.4435451924800873
(8,31): 0.5498690009117126
(8,33): 0.5161455273628235
(8,35): 0.5312637686729431
(9,0): 0.560021698474884
(9,8): 0.39442846179008484
(9,10): 0.5851258635520935
(9,13): 0.5575536489486694
(9,14): 0.5845210552215576
(9,15): 0.4373854100704193
(9,16): 0.5257506370544434
(9,17): 0.5138682723045349
(9,18): 0.4657266139984131
(9,19): 0.5435206890106201
(9,24): 0.5689960718154907
(9,35): 0.4508483111858368
(10,1): 0.39161792397499084
(10,2): 0.49332547187805176
(10,8): 0.4650634527206421
(10,9): 0.4966305196285248
(10,11): 0.5479263067245483
(10,12): 0.4365141689777374
(10,13): 0.5509200096130371
(10,14): 0.4990912675857544
(10,20): 0.44671833515167236
(10,27): 0.46519187092781067
(10,36): 0.5075100660324097
(11,1): 0.5276572704315186
(11,10): 0.5774418711662292
(11,12): 0.5559834241867065
(11,26): 0.4785468280315399
(11,28): 0.5190548300743103
(11,35): 0.38427263498306274
(12,1): 0.43685397505760193
(12,10): 0.49834883213043213
(12,11): 0.4460139572620392
(12,29): 0.42984580993652344
(12,30): 0.45506399869918823
(12,31): 0.4798378646373749
(12,32): 0.5003261566162109
(13,0): 0.47911083698272705
(13,1): 0.4548455774784088
(13,2): 0.4894089698791504
(13,3): 0.4311245381832123
(13,4): 0.540543794631958
(13,7): 0.6833440661430359
(13,8): 0.48424437642097473
(13,9): 0.5102174282073975
(13,10): 0.5031747817993164
(13,14): 0.5655335783958435
(13,15): 0.5529225468635559
(13,16): 0.5183029770851135
(13,18): 0.49446868896484375
(13,19): 0.5117990970611572
(13,20): 0.5388721823692322
(13,29): 0.4241310954093933
(13,34): 0.44452422857284546
(14,0): 0.5391086339950562
(14,8): 0.46796542406082153
(14,9): 0.48642322421073914
(14,10): 0.5485733151435852
(14,13): 0.47656869888305664
(14,15): 0.5607933402061462
(14,16): 0.5690056681632996
(14,17): 0.40705811977386475
(14,18): 0.5067592859268188
(14,19): 0.48666977882385254
(14,20): 0.5209877490997314
(14,24): 0.45943963527679443
(15,9): 0.5175323486328125
(15,13): 0.5685614347457886
(15,14): 0.6534081697463989
(15,16): 0.5309805274009705
(15,17): 0.5651838779449463
(15,18): 0.5455607175827026
(15,27): 0.45415589213371277
(15,36): 0.5475600957870483
(16,9): 0.5447236895561218
(16,13): 0.46046799421310425
(16,14): 0.5040130615234375
(16,15): 0.6018930673599243
(16,17): 0.5316591262817383
(16,18): 0.42591655254364014
(16,19): 0.5173537731170654
(16,23): 0.5460594296455383
(16,29): 0.37056371569633484
(16,33): 0.540823221206665
(16,34): 0.5382492542266846
(16,36): 0.4613586664199829
(17,9): 0.5167835354804993
(17,14): 0.5653189420700073
(17,15): 0.4298638701438904
(17,16): 0.5068302750587463
(17,18): 0.6306504607200623
(17,19): 0.4015010893344879
(17,24): 0.5193250179290771
(18,0): 0.4691297113895416
(18,8): 0.5411859750747681
(18,9): 0.5724470615386963
(18,13): 0.5040103197097778
(18,14): 0.6064778566360474
(18,15): 0.4225066602230072
(18,16): 0.575354814529419
(18,17): 0.4584815204143524
(18,19): 0.4462083578109741
(18,20): 0.5043455362319946
(18,34): 0.47637978196144104
(19,9): 0.39595603942871094
(19,13): 0.5173653960227966
(19,14): 0.5455578565597534
(19,16): 0.6229389905929565
(19,17): 0.5389209985733032
(19,18): 0.6587247252464294
(20,1): 0.5351826548576355
(20,2): 0.5116219520568848
(20,3): 0.3644431233406067
(20,4): 0.4859447777271271
(20,8): 0.5734190344810486
(20,10): 0.5012052059173584
(20,13): 0.48669832944869995
(20,14): 0.4540928602218628
(20,18): 0.44018152356147766
(21,3): 0.4486631453037262
(21,22): 0.3848491609096527
(22,4): 0.5076565742492676
(22,21): 0.5192983746528625
(22,33): 0.538478672504425
(23,5): 0.5230950117111206
(23,6): 0.43512338399887085
(23,16): 0.4714931547641754
(24,5): 0.5870177149772644
(24,9): 0.5837506651878357
(24,14): 0.5334764719009399
(24,17): 0.4430345594882965
(25,8): 0.5076968669891357
(25,27): 0.41400250792503357
(26,7): 0.5104458928108215
(26,8): 0.5815046429634094
(26,11): 0.5978404879570007
(26,35): 0.5469791293144226
(27,10): 0.5330410599708557
(27,15): 0.6135249137878418
(27,25): 0.4977850615978241
(28,11): 0.6180834174156189
(28,30): 0.5431381464004517
(29,12): 0.5802197456359863
(29,13): 0.4320441484451294
(29,16): 0.4436987340450287
(30,12): 0.4504905045032501
(30,28): 0.49459394812583923
(31,4): 0.5418773889541626
(31,8): 0.4574488401412964
(31,12): 0.5253448486328125
(31,32): 0.595000684261322
(31,34): 0.5412753820419312
(32,12): 0.5089783668518066
(32,31): 0.3580234944820404
(32,36): 0.5280775427818298
(33,4): 0.6411586403846741
(33,5): 0.4491446316242218
(33,8): 0.47573718428611755
(33,16): 0.456538587808609
(33,22): 0.4911538362503052
(34,5): 0.5513925552368164
(34,13): 0.4619804620742798
(34,16): 0.6108273267745972
(34,18): 0.6522220373153687
(34,31): 0.46953946352005005
(35,8): 0.467396080493927
(35,9): 0.5001665949821472
(35,11): 0.5155766606330872
(35,26): 0.4104783535003662
(36,10): 0.39176642894744873
(36,15): 0.6080188751220703
(36,16): 0.39580535888671875
(36,32): 0.4082282483577728
