Interaction name: 5w19

Affinity: 5.300000190734863
Predicted value: 6.059377193450928

Shapley values for edges: 

(0,5): 0.001621713638305664
(0,6): 0.0036316347122192384
(0,7): 0.012431282997131348
(0,8): -0.0032702398300170897
(0,10): 0.0005589914321899414
(0,11): -0.015284433364868164
(0,14): -0.01945274829864502
(0,15): -0.008172383308410644
(0,18): -0.0017455244064331055
(0,19): -0.015070972442626953
(0,24): -0.0061384010314941406
(0,26): -0.004195523262023926
(0,27): -0.014425978660583497
(0,31): -0.007078795433044433
(0,34): 0.0019311904907226562
(0,35): -0.000956878662109375
(0,37): -0.007933230400085449
(0,39): -0.00234285831451416
(0,42): -0.009332399368286132
(0,45): -0.0033398056030273437
(1,8): 0.002719879150390625
(1,11): -0.018319520950317383
(1,17): -0.0050640392303466794
(1,24): 0.010498042106628419
(1,25): -0.004856595993041992
(1,26): -0.013629508018493653
(1,27): -0.006887383460998535
(1,35): -0.006967296600341797
(1,36): -0.010480284690856934
(1,37): -0.017873268127441406
(1,39): -0.01291353702545166
(1,45): -0.005009102821350098
(2,3): 0.012969260215759277
(2,4): 0.007406215667724609
(2,5): -0.0052861452102661135
(2,9): 0.0029018354415893555
(2,13): -0.012668418884277343
(2,16): -0.01083742618560791
(2,17): -0.006117596626281739
(2,18): 0.0021779775619506837
(2,31): -0.012045454978942872
(2,32): -0.009309778213500977
(2,33): -0.0031354475021362306
(2,34): -0.0032407808303833007
(2,35): -0.015730948448181153
(2,36): -0.014703865051269532
(2,38): -0.008605713844299317
(2,40): -0.026987338066101076
(2,42): -0.011330008506774902
(2,45): -0.007854857444763184
(2,46): -0.019344053268432616
(2,48): -0.022431025505065916
(3,2): 0.0035872411727905272
(3,4): -0.003511199951171875
(3,9): 0.008988933563232422
(3,12): -0.013640599250793457
(3,16): -0.014201474189758301
(3,17): -0.0059951114654541015
(3,31): -0.024425959587097167
(3,32): -0.009350452423095703
(3,35): -0.014298553466796876
(3,36): -0.02016892433166504
(3,38): -0.01161646842956543
(3,40): -0.029665722846984863
(3,42): -0.01745966911315918
(3,45): -0.008584165573120117
(3,46): -0.02524240016937256
(3,47): -0.02132059097290039
(3,48): -0.01930070877075195
(4,2): 0.008739724159240722
(4,3): 0.004043679237365722
(4,9): 0.006775588989257813
(4,12): -0.011312007904052734
(4,13): -0.012182068824768067
(4,16): -0.01987755298614502
(4,17): -0.0073248958587646485
(4,26): -0.016974301338195802
(4,27): -0.014907941818237305
(4,31): -0.01289412498474121
(4,33): 0.0011168241500854493
(4,35): -0.00844306468963623
(4,36): -0.009246392250061035
(4,37): -0.012871675491333008
(4,38): -0.011465482711791992
(4,39): -0.007369122505187988
(4,41): -0.02003662586212158
(4,42): -0.012011828422546387
(5,0): 0.0026737213134765624
(5,2): 0.012461514472961425
(5,10): -0.01241178035736084
(5,12): -0.012365927696228027
(5,17): -0.016893491744995118
(5,18): -0.009406476020812989
(5,19): -0.009440512657165527
(5,27): -0.016414337158203125
(5,28): -0.01465367317199707
(5,30): -0.005469102859497071
(5,34): -0.013160710334777831
(5,35): -0.005521316528320313
(5,36): -0.007736477851867676
(5,38): -0.004177885055541992
(5,45): 0.005748271942138672
(6,0): 0.015583515167236328
(6,7): 0.010510363578796388
(6,15): -0.016018381118774416
(6,18): -0.007149677276611328
(6,19): -0.023726677894592284
(6,22): -0.03276037216186523
(6,23): -0.034444389343261717
(6,28): -0.019138598442077638
(6,30): -0.00666661262512207
(6,34): 8.219242095947266e-05
(6,35): -0.013245644569396973
(6,36): -0.007492685317993164
(6,38): -0.004897093772888184
(6,40): -0.019420385360717773
(6,45): -0.002663559913635254
(6,46): -0.011498684883117677
(6,47): -0.011292223930358886
(6,48): -0.012809491157531739
(7,0): -0.003615579605102539
(7,6): 0.002877969741821289
(7,8): -0.010514664649963378
(7,11): -0.02611836910247803
(7,14): -0.014268503189086915
(7,18): -0.00941141128540039
(7,31): -0.015121545791625977
(7,34): -0.006446962356567383
(7,35): -0.012222967147827148
(7,37): -0.0146396541595459
(7,38): -0.012230100631713868
(7,40): -0.02490605354309082
(7,45): 0.0008423900604248046
(7,46): -0.023847622871398924
(7,47): -0.01916362762451172
(7,48): -0.0093092679977417
(8,0): 0.009972343444824219
(8,1): 0.0048347187042236325
(8,7): 0.017350149154663087
(8,15): -0.027847747802734375
(8,24): -0.006656017303466797
(8,25): -0.011198968887329101
(8,26): -0.003723917007446289
(8,27): -0.009174265861511231
(8,29): -0.028727378845214844
(8,35): -0.01231386661529541
(8,36): -0.013401637077331543
(8,37): -0.0181992769241333
(8,38): -0.005395045280456543
(8,39): -0.0026178455352783205
(8,41): -0.02147439479827881
(8,42): -0.013266186714172363
(8,45): -0.0028202438354492185
(9,2): 0.008650445938110351
(9,3): 0.01176224708557129
(9,4): 0.007456436157226563
(9,12): -0.01183727741241455
(9,13): -0.011878414154052734
(9,17): -0.005603256225585937
(9,31): -0.01748169422149658
(9,33): -0.0024576902389526365
(9,35): -0.015253829956054687
(9,36): -0.016322083473205566
(9,37): -0.01753960132598877
(9,38): -0.009410743713378905
(9,39): -0.015233964920043945
(9,40): -0.026207780838012694
(9,41): -0.014860382080078125
(9,42): -0.01607743263244629
(9,45): -0.0066195535659790035
(9,46): -0.017416167259216308
(9,47): -0.01879209041595459
(9,48): -0.0104282283782959
(10,0): 0.02837601661682129
(10,5): 0.01983304500579834
(10,18): 0.0008770036697387695
(10,19): -0.007177243232727051
(10,20): 0.001101241111755371
(10,21): -0.012789373397827148
(10,23): -0.032525677680969235
(10,28): -0.01013197422027588
(10,30): -0.022910652160644532
(10,43): 0.004225082397460937
(10,44): 0.05486559391021729
(11,0): 0.026791615486145018
(11,1): 0.0032420635223388674
(11,7): 0.01443727970123291
(11,15): -0.024796056747436523
(11,24): -0.02472796440124512
(11,25): -0.02902390480041504
(11,26): -0.018202877044677733
(11,27): -0.0037122392654418946
(11,29): -0.040593833923339845
(12,3): 0.001122431755065918
(12,4): 0.0015245866775512695
(12,5): -0.023580684661865234
(12,9): -0.00957216739654541
(12,13): -0.023424301147460937
(12,16): -0.024213647842407225
(12,17): -0.003917317390441894
(12,18): 0.008532166481018066
(13,2): 0.005267815589904785
(13,4): 0.0018174123764038085
(13,9): -0.0013073396682739258
(13,12): -0.009432497024536133
(13,16): -0.029702768325805665
(13,17): -0.018056926727294923
(14,0): 0.00477449893951416
(14,7): 0.010086536407470703
(14,15): -0.013225064277648926
(14,18): 0.01721895694732666
(14,19): -0.0028301811218261717
(14,22): -0.004755592346191407
(14,23): 0.009330673217773438
(14,28): 0.020826172828674317
(14,30): -0.03842318534851074
(15,0): -9.006023406982422e-05
(15,6): 0.002254338264465332
(15,8): -0.0018552303314208984
(15,11): -0.08645720958709717
(15,14): -0.03591906070709228
(15,18): -0.0014864873886108398
(16,2): -0.0003698873519897461
(16,3): -0.0024544334411621092
(16,4): 0.004030776023864746
(16,12): -0.0203002405166626
(16,13): -0.02434500217437744
(16,17): -0.0194343900680542
(17,1): -0.017341609001159667
(17,2): 0.006445865631103515
(17,3): 0.019938631057739256
(17,4): 0.009821834564208985
(17,5): -0.005482487678527832
(17,9): 0.013668880462646485
(17,12): 0.006287226676940918
(17,13): -0.0027632808685302736
(17,16): -0.0033895349502563476
(17,24): -0.006763415336608887
(17,26): -0.015510339736938477
(17,27): -0.01427006721496582
(17,29): -0.005095858573913575
(17,49): -0.0030255126953125
(17,50): 0.014699554443359375
(17,57): 0.02181121826171875
(18,0): -0.0019077634811401367
(18,2): 0.014302544593811035
(18,5): -0.002777400016784668
(18,6): 0.007597942352294922
(18,7): 0.0062797641754150394
(18,10): -0.013272638320922852
(18,12): 0.009070658683776855
(18,14): 0.014352812767028808
(18,15): 0.001851358413696289
(18,19): 0.004464244842529297
(18,23): -0.004305181503295899
(18,28): -0.010432782173156739
(18,30): -0.010734853744506835
(18,51): 0.0036456298828125
(18,60): 0.012374162673950195
(19,0): -0.003542032241821289
(19,5): -0.007795071601867676
(19,6): 0.010462727546691895
(19,10): -0.0050543928146362304
(19,14): 0.008938341140747071
(19,18): 0.014217400550842285
(19,20): -0.015983452796936037
(19,22): 0.0027238130569458008
(19,23): 0.003014965057373047
(19,28): -0.018735036849975586
(19,30): -0.015430092811584473
(19,50): 0.01763267993927002
(19,52): 0.003091106414794922
(19,53): -0.00225830078125
(20,10): -0.002123503684997559
(20,19): -0.002192068099975586
(20,21): -0.011275911331176757
(20,22): 0.002393522262573242
(20,23): 0.003240981101989746
(20,28): -0.002175416946411133
(20,30): -0.011874713897705079
(20,49): 0.0014738893508911132
(20,51): 0.011690459251403808
(20,54): -0.001191401481628418
(20,55): 0.03217753410339355
(20,57): 0.007485752105712891
(20,58): -0.0032929897308349608
(21,10): -0.002382984161376953
(21,20): 0.006690797805786133
(21,22): -0.021012630462646485
(21,23): 0.0014990997314453126
(21,28): -0.0011411857604980468
(21,30): -0.016545872688293457
(21,59): -0.009390788078308105
(21,60): -0.006603655815124512
(22,6): 0.016546354293823243
(22,14): 0.012081317901611328
(22,19): 0.0032416725158691405
(22,20): 0.0020377397537231444
(22,21): -0.005385818481445312
(22,23): -0.0017839384078979492
(22,28): 0.015644044876098634
(22,30): -0.018139700889587402
(23,6): 0.01816659450531006
(23,10): -0.011391139030456543
(23,14): -0.010735807418823242
(23,18): 0.018895606994628906
(23,19): 0.0005749320983886719
(23,20): -0.007769937515258789
(23,21): 0.009818844795227051
(23,22): -0.003049159049987793
(23,28): 0.003925666809082031
(23,30): -0.02381895065307617
(23,49): 0.002558307647705078
(23,60): -0.002780160903930664
(24,0): 0.012846622467041015
(24,1): -0.022258644104003907
(24,8): -0.005233263969421387
(24,11): -0.0020685386657714844
(24,17): 0.011526036262512206
(24,25): -0.013843116760253906
(24,26): -0.011760082244873047
(24,27): 0.012087936401367188
(24,29): -0.007871012687683105
(24,55): 0.041392064094543456
(24,56): 0.013961248397827149
(24,58): 0.016870903968811034
(25,1): -0.001098942756652832
(25,8): -0.0024655866622924805
(25,11): 0.0054624414443969725
(25,24): -0.0021545982360839846
(25,27): 0.0032579183578491213
(25,29): -0.0028728675842285157
(25,52): 0.038344593048095704
(25,55): 0.022560033798217773
(25,56): 0.0341242790222168
(25,57): 0.022917261123657228
(25,58): 0.0019091463088989258
(26,0): 0.0034187650680541993
(26,1): -0.009346418380737305
(26,4): 0.006400017738342285
(26,8): -0.004581522941589355
(26,11): 0.0025302076339721678
(26,17): 0.016651830673217773
(26,24): 0.006025419235229492
(26,27): -0.004336099624633789
(26,29): -0.003237466812133789
(26,55): 0.025509710311889647
(26,58): -0.007661867141723633
(27,0): 0.0015593290328979493
(27,1): -0.00023221015930175782
(27,4): 0.0077012920379638675
(27,5): -0.013766188621520997
(27,8): -0.0028584671020507814
(27,11): 0.0010590553283691406
(27,17): 0.0009548330307006836
(27,24): 0.005598545074462891
(27,25): -0.005337023735046386
(27,26): -0.001506032943725586
(27,29): 0.0009637594223022461
(27,50): 0.0176371431350708
(27,60): -0.001157846450805664
(28,5): -0.001732478141784668
(28,6): 0.015665249824523927
(28,10): -0.0057999038696289066
(28,14): -0.002992672920227051
(28,18): 0.0025675249099731444
(28,19): 0.0041687536239624024
(28,20): 0.001573038101196289
(28,21): -0.00198603630065918
(28,22): -0.008424711227416993
(28,23): -0.002491750717163086
(28,54): 0.01864658832550049
(28,58): 0.012623929977416992
(28,60): -0.00350161075592041
(29,8): 0.05567020416259766
(29,11): 0.041433987617492674
(29,17): 0.027762918472290038
(29,24): 0.06999636650085449
(29,25): 0.02217754364013672
(29,26): 0.07351022720336914
(29,27): 0.05687149047851563
(30,5): 0.040830039978027345
(30,6): 0.03607406139373779
(30,10): 0.0271167516708374
(30,14): 0.016024990081787108
(30,18): 0.008911499977111817
(30,19): 0.03385425090789795
(30,20): -0.007319879531860351
(30,21): 0.028543496131896974
(30,22): 0.008097944259643554
(30,23): 0.004172840118408203
(31,0): 0.017169384956359862
(31,2): 0.004771690368652343
(31,3): 0.0037237358093261718
(31,4): 0.0027477550506591797
(31,7): 0.01296192169189453
(31,9): 0.008308248519897461
(31,41): -0.01148122787475586
(31,42): -0.010569391250610351
(31,48): -0.015937647819519042
(32,2): 0.012762808799743652
(32,3): 0.00862457275390625
(32,33): -0.013034186363220214
(32,40): -0.034201040267944335
(32,50): -0.031367440223693845
(33,2): 0.008987612724304199
(33,4): 0.0043459033966064455
(33,9): 0.016872334480285644
(33,32): -0.037467145919799806
(33,45): -0.010298676490783691
(33,50): -0.02562659740447998
(34,0): 0.011726884841918946
(34,2): 0.012913155555725097
(34,5): 0.0012353086471557618
(34,6): 0.006424384117126465
(34,7): 0.014512720108032227
(34,43): -0.030705318450927735
(34,49): -0.03291290283203125
(35,0): 0.001086268424987793
(35,1): -0.0031456995010375978
(35,2): 0.009299759864807128
(35,3): 0.0043204879760742184
(35,4): 0.003979949951171875
(35,5): -0.005769901275634766
(35,6): 0.006435437202453613
(35,7): 0.010470848083496093
(35,8): -0.00923299789428711
(35,9): 0.012859039306640625
(35,36): -0.012343339920043946
(35,38): -0.009637660980224609
(35,46): -0.018532404899597166
(36,1): -0.0016120004653930665
(36,2): 0.010785665512084961
(36,3): 0.006622309684753418
(36,4): 0.004302124977111816
(36,5): -0.004356164932250977
(36,6): -0.0051214170455932614
(36,8): -0.01030613899230957
(36,9): 0.00856637477874756
(36,35): -0.005274438858032226
(36,46): -0.01517357349395752
(36,60): -0.05283754825592041
(37,0): 0.0020447397232055665
(37,1): 0.010571250915527344
(37,4): -0.0022854995727539062
(37,7): 0.009804253578186034
(37,8): 0.0012051153182983398
(37,9): 0.009966816902160645
(37,38): -0.011126375198364258
(37,39): -0.010341567993164063
(37,47): -0.013912358283996583
(38,2): 0.005842728614807129
(38,3): 0.006226124763488769
(38,4): 0.0018658781051635743
(38,5): -0.010343108177185058
(38,6): 0.008041276931762695
(38,7): 0.004069252014160156
(38,8): -0.005353894233703613
(38,9): 0.005600619316101074
(38,35): -0.0069871854782104495
(38,37): -0.01008772373199463
(38,39): -0.005783276557922363
(38,47): -0.01194852352142334
(38,58): -0.030686869621276855
(39,0): 0.012362942695617676
(39,1): 0.01075448989868164
(39,4): 0.005564498901367188
(39,8): -0.007770562171936035
(39,9): 0.00767697811126709
(39,37): -0.01193260669708252
(39,38): -0.007515654563903808
(39,47): -0.012159948348999023
(39,58): -0.030783629417419432
(40,2): 0.004718599319458008
(40,3): 0.010243988037109375
(40,6): 0.008730292320251465
(40,7): 0.016169490814208983
(40,9): 0.009794702529907226
(40,32): -0.0037523889541625976
(41,4): 0.010382113456726074
(41,8): -0.0014039278030395508
(41,9): 0.01745479106903076
(41,31): -0.016340818405151367
(41,42): -0.016638245582580567
(41,48): -0.02549473762512207
(42,0): 0.01560225009918213
(42,2): 0.0034681129455566406
(42,3): 0.006002764701843261
(42,4): 0.008832192420959473
(42,8): -0.004030423164367676
(42,9): 0.007477450370788574
(42,31): -0.013689627647399902
(42,41): -0.012132906913757324
(42,48): -0.011537976264953613
(43,10): -0.016441640853881837
(43,34): -0.019207358360290527
(43,44): 0.04351699352264404
(44,10): -0.021300206184387206
(44,43): -0.0035654449462890624
(44,52): 0.009980487823486327
(44,54): 0.01108499526977539
(45,0): -0.0035319280624389647
(45,1): -0.03490475654602051
(45,2): 0.004261226654052735
(45,3): -0.0008993196487426758
(45,5): -0.015516939163208008
(45,6): 0.006484475135803223
(45,7): 0.00039220809936523437
(45,8): -0.011442551612854004
(45,9): -0.0010819005966186523
(45,33): -0.02873283386230469
(45,50): -0.018203835487365722
(45,51): -0.024144301414489745
(46,2): 0.006888818740844726
(46,3): -0.002027878761291504
(46,6): -0.0021990394592285157
(46,7): -0.0013508033752441407
(46,9): 0.0027362823486328123
(46,35): -0.011403465270996093
(46,36): -0.003294548988342285
(47,3): 0.004882340431213379
(47,6): 0.003430695533752441
(47,7): -0.00199709415435791
(47,9): 0.003355984687805176
(47,37): -0.01883892059326172
(47,38): 0.0001361083984375
(47,39): -0.03205826282501221
(48,2): 0.007525210380554199
(48,3): -0.0035083961486816408
(48,6): 0.001781315803527832
(48,7): -0.014536890983581543
(48,9): -0.004041628837585449
(48,31): -0.012431707382202149
(48,41): -0.03350924968719483
(48,42): -0.017805700302124024
(49,17): 0.002987942695617676
(49,20): -0.04521636009216309
(49,23): 0.00035724163055419924
(49,34): -0.05536111354827881
(50,17): 0.0006388139724731446
(50,19): -0.015599231719970703
(50,27): -0.021395916938781737
(50,32): -0.054952960014343265
(50,33): -0.04050704002380371
(50,45): -0.009791297912597656
(51,18): 0.013292231559753419
(51,20): -0.012482490539550781
(51,45): -0.0048972654342651365
(52,19): -0.012813172340393066
(52,25): 0.00509359359741211
(52,44): -0.06033820629119873
(53,19): -0.02345191955566406
(54,20): -0.008782649040222168
(54,28): -0.015941734313964843
(54,44): -0.07751132011413574
(55,20): -0.017462806701660158
(55,24): 0.015080914497375489
(55,25): 0.016638984680175783
(55,26): -0.007603545188903809
(56,24): -0.01935288429260254
(56,25): -0.0014089345932006836
(57,17): 0.012566380500793457
(57,20): -0.025264854431152343
(57,25): 0.011070709228515625
(58,20): -0.02379717826843262
(58,24): -0.005122718811035157
(58,25): -0.015488996505737304
(58,26): -0.003871316909790039
(58,28): -0.0010460853576660157
(58,38): 0.0017389822006225585
(58,39): -0.012210698127746581
(59,21): -0.04007121562957763
(60,18): 0.0025997543334960937
(60,21): -0.006886510848999023
(60,23): 0.0061037540435791016
(60,27): -0.009236059188842773
(60,28): 0.0042911100387573245
(60,36): -0.01789437770843506
