Interaction name: 5fbn

Affinity: 9.569999694824219
Predicted value: 7.597729682922363

Shapley values for edges: 

(0,1): -0.01564431667327881
(0,8): -0.024587130546569823
(0,11): -0.038574237823486325
(0,25): -0.008406271934509277
(0,26): -0.024856829643249513
(0,27): -0.018166141510009767
(0,29): -0.033475117683410646
(1,0): 0.0025275373458862305
(1,8): -0.024977288246154784
(1,25): -0.007619824409484863
(1,26): 0.01144139289855957
(1,27): 0.00519134521484375
(1,29): 0.018549342155456543
(2,6): -0.06550310134887695
(2,30): -0.05182900905609131
(3,10): -0.041607542037963866
(3,11): -0.0414038610458374
(3,12): 0.02703451156616211
(3,13): -0.024467658996582032
(3,20): -0.02488332748413086
(4,7): 0.00803034782409668
(4,14): -0.006246023178100586
(4,15): -0.08296406745910645
(4,21): -0.03295457363128662
(4,22): 0.012380356788635255
(4,31): 0.07239927291870117
(5,7): 0.03387136459350586
(5,15): -0.032619867324829105
(5,19): 0.02497799873352051
(5,23): 0.03738829135894775
(5,28): 0.12121841430664063
(5,31): -0.02773188591003418
(6,2): -0.04507527828216553
(6,12): 0.013545560836791991
(6,20): 0.0034913539886474608
(6,32): -0.06677608013153076
(7,4): 0.055463833808898924
(7,5): -0.01664902687072754
(7,14): 0.026231980323791503
(7,15): 0.06777466297149658
(7,21): 0.016662216186523436
(7,22): 0.02777146339416504
(7,23): 0.042541484832763675
(7,28): 0.006819391250610351
(7,33): -0.002729525566101074
(8,0): -0.0028977346420288085
(8,1): -0.021995611190795898
(8,25): -0.0019361352920532226
(8,26): 0.00175783634185791
(8,27): 0.014814329147338868
(9,10): -0.020753679275512697
(9,11): -0.007744965553283692
(10,3): 0.011920590400695801
(10,9): -0.037979507446289064
(10,11): -0.020790348052978514
(10,35): 0.005094165802001953
(10,36): 0.10954636096954345
(10,45): 0.02149832248687744
(10,46): 0.01286118507385254
(11,0): 0.0027679967880249023
(11,3): -0.010928125381469726
(11,9): -0.0031153297424316405
(11,10): -0.07775352478027343
(11,47): 0.0065706300735473636
(11,49): 0.007146053314208985
(11,52): 0.028785738945007324
(12,3): 0.02165380001068115
(12,6): 0.0032927703857421873
(12,13): -0.002427682876586914
(12,14): -0.022914767265319824
(12,20): -0.030491065979003907
(12,21): -0.0340097188949585
(12,22): 0.006619033813476563
(12,36): 0.0042308330535888675
(12,44): 0.03377877235412598
(13,3): 0.010560712814331054
(13,12): -0.016227192878723144
(13,14): -0.007375144958496093
(13,20): -0.048886623382568356
(13,21): 0.004365811347961426
(13,22): -0.03534414768218994
(13,35): 0.0231461238861084
(13,45): -0.0009120035171508789
(14,4): 0.007514238357543945
(14,7): 0.019409375190734865
(14,12): 0.010843253135681153
(14,13): 0.0012505531311035156
(14,20): 0.0192310094833374
(14,21): -0.026793131828308104
(14,22): -0.003222060203552246
(14,35): 0.013330254554748535
(14,37): 0.006882925033569336
(14,39): -0.007006359100341797
(14,48): 0.009994945526123046
(14,51): -0.0038773775100708007
(15,4): -0.0255271577835083
(15,5): -0.04625438213348389
(15,7): 0.007299261093139648
(15,16): 0.0036745357513427736
(15,17): 0.005987563133239746
(15,18): 0.014556698799133301
(15,19): 0.01673417091369629
(15,23): -0.001588425636291504
(15,24): 0.004242901802062988
(15,28): -0.05032379627227783
(15,37): -0.002586822509765625
(15,38): 0.005528926849365234
(15,44): 0.058140072822570804
(15,48): 0.026687870025634764
(15,49): -0.004540524482727051
(15,50): 0.012035446166992187
(16,15): -0.034129390716552736
(16,17): 0.01699319839477539
(16,18): -0.008150348663330078
(16,19): 0.0023249292373657224
(16,23): 0.03407212734222412
(16,24): -0.014411067962646485
(16,40): 0.023228983879089355
(16,50): 0.04292463779449463
(16,53): 0.012253541946411133
(17,15): -0.02008430004119873
(17,16): -0.018673396110534667
(17,18): -0.02780186176300049
(17,19): -0.014991483688354491
(17,23): 0.013296756744384765
(17,24): -0.00813422679901123
(17,37): 0.015340280532836915
(17,41): -0.006423001289367676
(17,43): 0.019138870239257814
(17,46): 0.008598880767822266
(17,49): 0.014371480941772461
(18,15): -0.0051759624481201175
(18,16): 0.010362215042114258
(18,17): 0.005079903602600098
(18,19): 0.009738030433654786
(18,23): 0.02792987823486328
(18,24): -0.028494462966918946
(18,42): 0.007117195129394531
(18,46): 0.036639285087585446
(18,51): 0.014329118728637695
(18,54): -0.017180519104003908
(19,5): -0.039169874191284176
(19,15): -0.017768778800964356
(19,16): 0.011052908897399903
(19,17): 0.0056579065322875976
(19,18): -0.007303147315979004
(19,23): 0.011696996688842774
(19,24): 0.00502687931060791
(19,28): 0.021255607604980468
(19,40): 0.010573415756225587
(19,42): 0.009938406944274902
(19,43): 0.01381274700164795
(19,47): 0.03561697006225586
(20,3): -0.01840465545654297
(20,6): 0.00210176944732666
(20,12): -0.04367214679718018
(20,13): -0.02679236888885498
(20,14): -0.006478490829467773
(20,21): -0.01604454517364502
(20,22): -0.004430665969848633
(20,44): 0.02067953586578369
(20,45): -0.006018152236938476
(21,4): -0.023224377632141115
(21,7): -0.00015432357788085937
(21,12): -0.0342288064956665
(21,13): 0.007350831031799316
(21,14): -0.013061957359313965
(21,20): -0.0018605566024780273
(21,22): 0.0033700942993164064
(21,46): 0.02262558937072754
(21,49): -0.004708027839660645
(22,4): -0.010453972816467285
(22,7): 0.004419832229614258
(22,12): 0.010959100723266602
(22,13): -0.017435846328735353
(22,14): -0.017344040870666502
(22,20): 0.004516472816467285
(22,21): -0.004137496948242187
(22,40): 0.014317855834960938
(22,47): 0.02285691738128662
(23,5): -0.052687182426452636
(23,7): -9.611129760742188e-05
(23,15): 0.03461765766143799
(23,16): -0.015961265563964842
(23,17): -0.009579453468322754
(23,18): -0.013393716812133789
(23,19): 0.02436361789703369
(23,24): 0.01587178707122803
(23,28): -0.019226336479187013
(23,39): 0.010540542602539062
(23,45): 0.010415525436401367
(23,47): 0.03959442138671875
(23,51): 0.010766286849975586
(24,15): 0.006042990684509277
(24,16): -0.02990862846374512
(24,17): -0.01695540428161621
(24,18): -0.010334601402282715
(24,19): -0.0006090641021728515
(24,23): 0.031893644332885746
(24,28): -0.06912763118743896
(24,39): 0.0140006685256958
(25,0): 0.01648022174835205
(25,1): 0.0004761838912963867
(25,8): 0.0246492338180542
(25,26): 0.018611092567443848
(25,27): 0.006713027954101562
(25,52): -0.0383978796005249
(26,0): 0.002151298522949219
(26,1): 0.00571619987487793
(26,8): 0.009306960105895996
(26,25): 0.0066414690017700196
(26,27): 0.013694539070129394
(27,0): 0.012268576622009277
(27,1): -0.010787444114685059
(27,8): 0.020511202812194824
(27,25): 0.002573394775390625
(27,26): 0.013601503372192382
(27,34): -0.03768111228942871
(28,5): 0.1493604612350464
(28,7): 0.05770603179931641
(28,15): -0.09030762672424317
(28,19): -0.00994729995727539
(28,23): -0.012371487617492676
(28,24): -0.03343216896057129
(29,0): 0.0025675296783447266
(29,1): 0.00011652946472167969
(29,52): -0.06914442539215088
(30,2): -0.006685810089111328
(30,32): -0.02385530948638916
(31,4): 0.037534904479980466
(31,5): -0.0017733097076416016
(31,33): -0.06664127349853516
(31,47): -0.006098947525024414
(32,6): -0.015136780738830567
(32,30): -0.004507842063903808
(32,36): 0.05426033973693847
(33,7): 0.017648825645446776
(33,31): -0.017399353981018065
(33,47): 0.014689874649047852
(34,27): 0.010672035217285157
(35,10): 0.020803937911987303
(35,13): 0.011939806938171387
(35,14): 0.038493561744689944
(35,44): 0.021315927505493163
(36,10): 0.051831049919128416
(36,12): 0.019366817474365236
(36,32): 0.006705727577209473
(37,14): 0.05861851692199707
(37,15): -0.09218647003173829
(37,17): -0.01784933567047119
(37,40): 0.004962844848632813
(37,49): 0.0150258207321167
(38,15): -0.08099481582641602
(38,51): 0.014423060417175292
(39,14): 0.04146003246307373
(39,23): 0.004307603836059571
(39,24): -0.03516807079315185
(39,42): 0.04150208950042725
(39,51): -0.0011314058303833008
(40,16): -0.01970532417297363
(40,19): -0.04262504100799561
(40,22): -0.008092498779296875
(40,37): 0.003448324203491211
(41,17): -0.0017861413955688476
(42,18): 0.007233390808105469
(42,19): -0.0024366044998168947
(42,39): 0.012496113777160645
(43,17): 0.015086474418640137
(43,19): 0.0016937589645385743
(43,50): 0.055203094482421874
(44,12): 0.019979681968688965
(44,15): -0.054984512329101565
(44,20): 0.014425978660583497
(44,35): -0.04231760501861572
(45,10): 0.016268649101257325
(45,13): 0.014323811531066894
(45,20): 0.02474353790283203
(45,23): -0.01201230525970459
(45,47): 0.018259997367858886
(46,10): 0.028513364791870117
(46,17): -0.07710878849029541
(46,18): -0.09619803428649902
(46,21): -0.01659970760345459
(46,48): 0.029035558700561525
(47,11): 0.022914042472839357
(47,19): -0.003928689956665039
(47,22): 0.0018190765380859376
(47,23): -0.006738419532775879
(47,31): -0.08385573863983155
(47,33): -0.1146408462524414
(47,45): -0.016895833015441893
(48,14): 0.03280982494354248
(48,15): -0.06237868785858154
(48,46): -0.0022667503356933595
(49,11): 0.011561622619628906
(49,15): -0.038197565078735354
(49,17): -0.05909497261047363
(49,21): -0.021665124893188475
(49,37): 0.02112812042236328
(49,50): 0.03742636680603027
(50,15): -0.05603565692901611
(50,16): -0.06927724838256837
(50,43): 0.04659639835357666
(50,49): 0.012726407051086425
(51,14): 0.04069023132324219
(51,18): 0.021152043342590333
(51,23): -0.010316004753112793
(51,38): 0.062205867767333986
(51,39): 0.032142229080200195
(51,53): 0.028396492004394532
(52,11): 0.010099811553955078
(52,25): -0.02705112934112549
(52,29): -0.07244099140167236
(53,16): -0.00042454719543457033
(53,51): 0.015075607299804688
(54,18): -0.014789071083068848
