Interaction name: 5t28

Affinity: 8.489999771118164
Predicted value: 7.760194778442383

Attributions for edges: 

(0,1): 0.0
(0,6): 0.0
(0,23): 0.0
(0,24): 0.0
(0,25): 0.0
(1,0): 0.0
(1,2): 3.802225439147159e-30
(1,4): 3.72567395664762e-35
(1,5): 0.0
(1,6): 9.973865500907807e-31
(1,9): 4.850862476901475e-27
(1,16): 3.5576552156558664e-27
(1,23): 7.351112819610751e-27
(1,24): 1.2886455035793327e-26
(1,25): 0.0
(2,1): 5.387479629310156e-31
(2,4): 1.9733108155910206e-33
(2,8): 2.995657951265359e-23
(2,10): 1.468059258335811e-23
(2,11): 4.3134823578480825e-24
(2,12): 7.921641024894437e-24
(2,13): 2.2132190837876607e-24
(2,20): 2.807747812653731e-23
(2,22): 5.716421858432714e-23
(2,23): 3.893531219573739e-25
(2,24): 6.8252842095781515e-25
(2,25): 0.0
(3,5): 0.0
(3,6): 4.500083603673133e-32
(3,7): 1.7906482917511015e-28
(3,9): 2.1886486962547722e-28
(3,15): 4.0412016727258266e-29
(3,16): 1.6051635436252467e-28
(3,25): 0.0
(4,1): 3.1250430072889163e-34
(4,2): 1.168141516108459e-31
(4,12): 4.5949645503767316e-27
(4,13): 1.2837873452946159e-27
(4,23): 2.258450897452928e-28
(4,24): 3.959035482767191e-28
(4,25): 0.0
(5,1): 1.0468325068140858e-37
(5,3): 0.0
(5,6): 1.0264685864178328e-35
(5,7): 4.0844511356150376e-32
(5,9): 4.99232392019508e-32
(5,16): 3.661390131006921e-32
(5,25): 0.0
(6,0): 0.0
(6,1): 1.2685379025246188e-31
(6,3): 7.26300490490659e-34
(6,5): 0.0
(6,23): 9.167756870787304e-26
(6,26): 0.0
(7,3): 2.733764221806226e-31
(7,5): 5.985942120391367e-37
(7,9): 2.2770386409948552e-23
(7,14): 1.1374921447127393e-23
(7,15): 4.204440481502098e-24
(7,16): 1.6699891907272078e-23
(7,28): 3.089620309645937e-22
(7,29): 4.396347825652135e-22
(7,30): 5.030312294927273e-23
(8,2): 4.080977389643961e-25
(8,10): 2.974959273573512e-20
(8,11): 8.74108572031207e-21
(8,12): 1.6052803342132507e-20
(8,13): 4.4849591448750945e-21
(8,17): 3.3822769012439745e-20
(8,18): 4.035150848569046e-20
(8,19): 5.413136813854356e-20
(8,20): 5.6897799380219e-20
(8,21): 4.431542906687846e-20
(8,22): 1.1584082867436951e-19
(8,32): 1.6314245730074683e-20
(9,1): 5.327888987034204e-29
(9,3): 3.050479310440366e-31
(9,5): 6.684886028374631e-37
(9,7): 2.078794897841375e-23
(9,14): 1.2692787742224184e-23
(9,15): 4.6915549907279255e-24
(9,16): 1.8634696339627824e-23
(9,29): 4.905677825483126e-22
(9,34): 4.332186297242527e-22
(10,2): 2.6243942924028404e-25
(10,8): 3.903817831750353e-20
(10,11): 5.621194709896464e-21
(10,12): 1.0323194657616179e-20
(10,19): 3.4810661770723876e-20
(10,20): 3.6589552452110375e-20
(10,22): 7.449434146522567e-20
(10,27): 1.1830274920628747e-20
(10,29): 6.464429007902199e-21
(11,2): 1.2210479663886255e-25
(11,8): 1.8163443532353922e-20
(11,10): 8.901255028766185e-21
(11,12): 4.803112680184736e-21
(11,13): 1.3419316140375998e-21
(11,19): 1.6196367646024474e-20
(11,20): 1.7024097558203026e-20
(11,22): 3.46601375174591e-20
(12,2): 1.754992291132477e-25
(12,4): 1.719638773219058e-30
(12,8): 2.6105816900999286e-20
(12,10): 1.2793528359533882e-20
(12,11): 3.759035052042004e-21
(12,13): 1.9287214438740526e-21
(12,17): 1.4545271522516016e-20
(12,19): 2.3278679972767828e-20
(12,20): 2.446845488371605e-20
(12,21): 1.9057504605488703e-20
(12,22): 4.981605412455965e-20
(12,24): 5.947974874655916e-22
(12,33): 2.3355789927184606e-21
(13,2): 7.781701759517951e-26
(13,4): 7.624972940789618e-31
(13,8): 1.1575464517871201e-20
(13,11): 1.6667704489072888e-21
(13,12): 3.0609976087270344e-21
(13,20): 1.0849363922143733e-20
(13,22): 2.2088714422537808e-20
(13,24): 2.637364711852048e-22
(13,29): 1.9168097199358622e-21
(13,31): 3.3637483786402134e-20
(13,33): 1.0356044794706401e-21
(14,7): 1.4532991974825827e-23
(14,9): 1.7763181744201375e-23
(14,15): 3.2798720319711416e-24
(14,16): 1.3027588199009034e-23
(14,28): 2.4102134132622336e-22
(14,32): 5.565969801717983e-22
(15,3): 1.107933400755952e-31
(15,7): 7.550179046400347e-24
(15,9): 9.228362293122266e-24
(15,14): 4.610000578193914e-24
(15,16): 6.76811812218234e-24
(16,1): 4.3188058167629104e-29
(16,3): 2.4727292442852256e-31
(16,5): 5.413255428251524e-37
(16,7): 1.685084990781698e-23
(16,9): 2.0596299954655738e-23
(16,14): 1.028885798472527e-23
(16,15): 3.803006127344587e-24
(16,30): 4.550024745747409e-23
(17,8): 4.3064211761641166e-20
(17,12): 1.1387832651521612e-20
(17,18): 2.862529272456217e-20
(17,19): 3.840056100571866e-20
(17,20): 4.03628983749844e-20
(17,21): 3.1437293216936185e-20
(17,22): 8.217666508203828e-20
(17,27): 1.3050338859163187e-20
(18,8): 4.796853330172539e-20
(18,17): 2.6726123196644496e-20
(18,19): 4.2773764737884216e-20
(18,20): 4.495958950655559e-20
(18,21): 3.5017366450982635e-20
(18,22): 9.153527021018959e-20
(18,33): 4.2915281285083974e-21
(18,35): 1.8418675603353414e-20
(19,8): 5.734012128808466e-20
(19,10): 2.81003432283207e-20
(19,11): 8.256531556972889e-21
(19,12): 1.516293148643591e-20
(19,17): 3.194771212249542e-20
(19,18): 3.81145180724887e-20
(19,20): 5.3743520597658494e-20
(19,21): 4.185885128161228e-20
(19,22): 1.0941848207623417e-19
(20,2): 3.909918325765508e-25
(20,8): 5.816050350997827e-20
(20,10): 2.8502601806440093e-20
(20,11): 8.374660864822417e-21
(20,12): 1.5379872526775013e-20
(20,13): 4.296967002594647e-21
(20,17): 3.2404923281387035e-20
(20,18): 3.865997906298207e-20
(20,19): 5.18621919984604e-20
(20,21): 4.245805962487599e-20
(20,29): 9.630942227930895e-21
(21,8): 5.088217684304113e-20
(21,12): 1.3455256693704965e-20
(21,17): 2.834970587126276e-20
(21,18): 3.3821864283644765e-20
(21,19): 4.537205213301265e-20
(21,20): 4.769083326045485e-20
(21,22): 9.709557182542251e-20
(22,2): 6.033249125289757e-25
(22,8): 8.974599453470643e-20
(22,10): 4.3981303029369586e-20
(22,11): 1.2922676779430125e-20
(22,12): 2.3732289987937996e-20
(22,13): 6.630514192543846e-21
(22,17): 5.0003019561216506e-20
(22,18): 5.965500561935992e-20
(22,19): 8.002723626031923e-20
(22,21): 6.551545747467594e-20
(23,0): 0.0
(23,1): 4.5183408858714885e-29
(23,2): 1.6889693788568613e-26
(23,4): 1.6549524005481103e-31
(23,6): 4.430445451551352e-27
(23,24): 5.72419056062733e-23
(24,0): 0.0
(24,1): 6.886494137218861e-29
(24,2): 2.5741822480796332e-26
(24,4): 2.5223268774294703e-31
(24,12): 1.0125722653930833e-21
(24,13): 2.8290043954969437e-22
(24,23): 4.9768306809969095e-23
(25,0): 0.0
(25,1): 0.0
(25,2): 0.0
(25,3): 0.0
(25,4): 0.0
(25,5): 0.0
(25,26): 0.0
(26,6): 0.0
(26,25): 0.0
(27,10): 1.4521763114130744e-20
(27,17): 1.6510016116611256e-20
(27,33): 2.6510841768188684e-21
(28,7): 1.1268638217366966e-22
(28,14): 6.880449232958734e-23
(29,7): 1.4179186596656754e-22
(29,9): 1.7330802033339945e-22
(29,10): 9.902680752677368e-21
(29,13): 1.4929039907836398e-21
(29,20): 1.893937125867134e-20
(30,7): 3.698156257848947e-23
(30,16): 3.315094237515762e-23
(30,32): 1.4163460622956737e-21
(30,34): 7.706888316260854e-22
(30,35): 2.0236357743515025e-21
(31,13): 8.593692474912777e-21
(32,8): 2.6830215475681198e-20
(32,14): 1.1495320238381483e-22
(32,30): 5.083576183247796e-22
(32,35): 1.0302109629931746e-20
(33,12): 3.668064975603561e-21
(33,13): 1.0248207382744944e-21
(33,18): 9.220318139632208e-21
(33,27): 4.203564659726129e-21
(34,9): 1.5980202743841913e-22
(34,30): 3.5302479714791234e-22
(35,18): 2.2518276423219984e-20
(35,30): 6.4186963809547085e-22
(35,32): 9.10421235466788e-21
