Interaction name: 6e4a

Affinity: 7.360000133514404
Predicted value: 7.33640193939209

Attributions for edges: 

(0,1): 0.562915563583374
(0,6): 0.5557654500007629
(0,7): 0.33000898361206055
(0,8): 0.5204067826271057
(0,9): 0.3483178913593292
(0,10): 0.4784835875034332
(0,16): 0.458487868309021
(0,22): 0.5189221501350403
(0,23): 0.5038340091705322
(1,0): 0.5137389302253723
(1,3): 0.43125078082084656
(1,7): 0.4067544937133789
(1,8): 0.5110034346580505
(1,9): 0.5657203197479248
(1,10): 0.46540558338165283
(1,11): 0.5664505362510681
(1,19): 0.5395505428314209
(1,22): 0.45359572768211365
(2,24): 0.4613228440284729
(3,1): 0.5106765627861023
(3,7): 0.4660295248031616
(3,8): 0.5262385010719299
(3,11): 0.5224040746688843
(3,12): 0.4034222960472107
(3,18): 0.6381987929344177
(3,19): 0.4197537899017334
(3,21): 0.4988155961036682
(3,22): 0.4651559293270111
(3,23): 0.6295065879821777
(4,5): 0.4192470908164978
(4,9): 0.4342929422855377
(4,10): 0.5083508491516113
(5,4): 0.3491317927837372
(6,0): 0.5613588094711304
(6,7): 0.4488120675086975
(6,8): 0.4597541391849518
(6,15): 0.4054275453090668
(6,16): 0.4938822090625763
(6,22): 0.5315390825271606
(6,25): 0.4036850035190582
(6,27): 0.5748085975646973
(7,0): 0.4107102155685425
(7,1): 0.48815762996673584
(7,3): 0.5870808959007263
(7,6): 0.6113788485527039
(7,8): 0.43487560749053955
(7,15): 0.6024819612503052
(7,16): 0.49871596693992615
(7,23): 0.3946402072906494
(8,0): 0.5389395952224731
(8,1): 0.47297751903533936
(8,3): 0.6515177488327026
(8,6): 0.5435083508491516
(8,7): 0.5163388252258301
(8,11): 0.5253549218177795
(8,15): 0.4270419180393219
(8,16): 0.465142160654068
(8,22): 0.510095477104187
(8,23): 0.554516613483429
(8,25): 0.5077864527702332
(9,0): 0.4388499855995178
(9,1): 0.5616568326950073
(9,4): 0.47122055292129517
(9,10): 0.5437459349632263
(9,23): 0.5637679100036621
(10,0): 0.37769508361816406
(10,1): 0.5422691106796265
(10,4): 0.5137680172920227
(10,9): 0.5444177985191345
(10,23): 0.4296964406967163
(11,1): 0.5250716805458069
(11,3): 0.5144432783126831
(11,8): 0.40875279903411865
(11,12): 0.4986315369606018
(11,13): 0.6230077147483826
(11,17): 0.44982123374938965
(11,18): 0.4000559449195862
(11,19): 0.5450344681739807
(11,21): 0.41056475043296814
(11,23): 0.5002917647361755
(11,25): 0.5567511320114136
(11,26): 0.4324558973312378
(11,27): 0.5062641501426697
(12,3): 0.5024316906929016
(12,11): 0.4416901171207428
(12,13): 0.5141537189483643
(12,14): 0.5110986232757568
(12,17): 0.5303970575332642
(12,18): 0.6008598208427429
(12,19): 0.6094282269477844
(12,20): 0.5328165888786316
(13,11): 0.572116494178772
(13,12): 0.4250536561012268
(13,14): 0.43375569581985474
(13,17): 0.4597954750061035
(13,18): 0.43979376554489136
(13,19): 0.473611980676651
(13,20): 0.5019581913948059
(13,21): 0.5298075079917908
(13,25): 0.5021954774856567
(13,27): 0.4844193160533905
(13,29): 0.45544642210006714
(14,12): 0.4892657399177551
(14,13): 0.47503647208213806
(14,20): 0.49532920122146606
(14,21): 0.6583235859870911
(14,26): 0.4835970103740692
(14,27): 0.4626994729042053
(14,28): 0.4541335105895996
(14,31): 0.5225922465324402
(15,6): 0.5583910942077637
(15,7): 0.5201613903045654
(15,8): 0.4930485785007477
(15,16): 0.5573905110359192
(15,22): 0.5412519574165344
(15,29): 0.42180973291397095
(15,30): 0.4317226707935333
(16,0): 0.5447622537612915
(16,6): 0.5169809460639954
(16,7): 0.4817027747631073
(16,8): 0.5458574891090393
(16,15): 0.48351532220840454
(16,22): 0.5991928577423096
(16,29): 0.5278444886207581
(17,11): 0.4321146011352539
(17,12): 0.45471516251564026
(17,13): 0.5303753614425659
(17,18): 0.5198748111724854
(17,19): 0.5087411403656006
(17,20): 0.5146603584289551
(17,21): 0.5245721936225891
(18,3): 0.6207460761070251
(18,11): 0.5368658304214478
(18,12): 0.56976717710495
(18,13): 0.5434468984603882
(18,17): 0.501943826675415
(18,19): 0.6025472283363342
(18,20): 0.5497050285339355
(18,21): 0.45753252506256104
(19,1): 0.5095406174659729
(19,3): 0.6085441708564758
(19,11): 0.5353057384490967
(19,12): 0.41882655024528503
(19,13): 0.5674276947975159
(19,17): 0.5972672700881958
(19,18): 0.4117203950881958
(19,20): 0.5648252367973328
(19,21): 0.5896062850952148
(19,23): 0.5146842002868652
(20,12): 0.514578104019165
(20,13): 0.5711711645126343
(20,14): 0.42385202646255493
(20,17): 0.5328370928764343
(20,18): 0.6404497027397156
(20,19): 0.3960109353065491
(20,21): 0.5705661177635193
(20,31): 0.47139543294906616
(21,3): 0.5432843565940857
(21,11): 0.5765674710273743
(21,13): 0.5061836242675781
(21,14): 0.5684871673583984
(21,17): 0.4475739300251007
(21,18): 0.5836082100868225
(21,19): 0.45822811126708984
(21,20): 0.49011898040771484
(22,0): 0.45893406867980957
(22,1): 0.5253149271011353
(22,3): 0.3893625736236572
(22,6): 0.5203431248664856
(22,8): 0.5518513917922974
(22,15): 0.6356180310249329
(22,16): 0.5439683794975281
(22,23): 0.6745215058326721
(23,0): 0.5900012254714966
(23,3): 0.5525896549224854
(23,7): 0.35349175333976746
(23,8): 0.5003427863121033
(23,9): 0.5287908315658569
(23,10): 0.4528767168521881
(23,11): 0.4881363809108734
(23,19): 0.402007520198822
(23,22): 0.38541901111602783
(24,2): 0.39371246099472046
(25,6): 0.3745206892490387
(25,8): 0.4546957314014435
(25,11): 0.5703577399253845
(25,13): 0.5424776673316956
(25,30): 0.4785509705543518
(26,11): 0.47145599126815796
(26,14): 0.4669250249862671
(27,6): 0.5442317128181458
(27,11): 0.5899466276168823
(27,13): 0.5362796187400818
(27,14): 0.4393056035041809
(28,14): 0.5069703459739685
(29,13): 0.46470919251441956
(29,15): 0.4623027741909027
(29,16): 0.5355168581008911
(30,15): 0.5530430674552917
(30,25): 0.6021418571472168
(31,14): 0.5352128148078918
(31,20): 0.5691867470741272
