Interaction name: 5nvv

Affinity: 6.699999809265137
Predicted value: 7.331695556640625

Shapley values for edges: 

(0,10): 0.012492628097534179
(0,11): 0.010079259872436524
(0,22): 0.09279827117919921
(1,3): -0.0314052152633667
(1,6): -0.0044412374496459964
(1,15): -0.009319567680358886
(1,19): -0.11923696994781494
(1,21): 0.00375640869140625
(1,23): 0.053403806686401364
(1,27): 0.13983697891235353
(1,28): -0.4016893434524536
(2,15): 0.0059469366073608395
(2,16): -0.02037222146987915
(2,28): 0.021606545448303222
(2,30): 0.007759194374084472
(3,1): -0.1038649034500122
(3,6): -0.03908253192901611
(3,8): 0.010207562446594239
(3,17): -0.1986681890487671
(3,19): -0.2673696541786194
(3,24): -0.08098828315734863
(3,27): -0.2971825313568115
(4,5): -0.13415512084960937
(4,8): -0.031095018386840822
(4,9): -0.1725105571746826
(4,20): -0.020429215431213378
(4,28): 0.06994538784027099
(5,4): -0.11259883880615235
(5,8): 0.019196362495422364
(5,20): 0.15268175125122072
(6,1): 0.03334368705749512
(6,3): -0.1331776762008667
(6,13): -0.02871269702911377
(6,15): 0.005146684646606445
(6,21): 0.03139659881591797
(6,23): -7.969379425048828e-05
(6,26): -0.010872292518615722
(6,29): 0.005002288818359375
(7,15): 0.01325143814086914
(7,16): -0.10856424331665039
(8,3): 0.01887528896331787
(8,4): 0.029019179344177245
(8,5): -0.11117074012756348
(8,9): -0.2512824487686157
(8,17): -0.0055706071853637695
(8,18): 0.023667316436767578
(8,19): 0.24731500148773194
(8,20): 0.07577958106994628
(8,24): 0.06419982433319092
(9,4): -0.08962074279785157
(9,8): -0.1635906505584717
(9,20): -0.061986367702484134
(10,0): 0.16733425617218017
(10,11): -0.05544972658157349
(10,12): 0.017705349922180175
(10,22): 0.007199172973632813
(10,25): 0.14378546237945555
(10,31): -0.0032459402084350584
(10,32): -0.04438852310180664
(10,33): -0.001623215675354004
(10,34): -0.12482584476470947
(11,0): 0.061977200508117676
(11,10): -0.07844114780426026
(11,12): 0.00831883430480957
(11,14): -0.0197529935836792
(11,22): -0.0768936538696289
(11,25): -0.05689629077911377
(11,32): 0.004351062774658203
(11,34): 0.0398738431930542
(11,35): -0.015073857307434081
(12,10): -0.006749825477600098
(12,11): -0.02179579496383667
(12,13): 0.02811201095581055
(12,14): -0.0039475345611572265
(12,21): 0.0034447383880615236
(12,22): 0.0005967283248901367
(12,23): 2.8567314147949217e-05
(12,26): -0.02938246726989746
(12,31): -0.021118454933166504
(13,6): -0.2536113500595093
(13,12): -0.002380881309509277
(13,14): 0.002337946891784668
(13,21): -0.03024579048156738
(13,22): -0.0035079193115234377
(13,23): -0.010612363815307618
(14,11): -0.044425048828125
(14,12): -0.028041257858276367
(14,13): 0.015372653007507325
(14,21): 0.022849431037902834
(14,22): 0.03956154346466065
(14,23): -0.021336517333984374
(14,26): -0.04401683330535889
(14,33): 0.013010334968566895
(14,35): -0.06109106063842774
(14,41): -0.041346893310546876
(15,1): -0.028142032623291017
(15,2): 0.07577118158340454
(15,6): -0.047668635845184326
(15,7): 0.2709408378601074
(15,16): -0.0685291862487793
(15,36): 0.027295217514038086
(15,42): 0.0234104585647583
(15,43): 0.05350147724151611
(16,2): -0.12780176639556884
(16,7): -0.28452428817749026
(16,15): -0.04280063152313232
(16,37): 0.044637045860290527
(17,3): -0.04686254024505615
(17,8): -0.06524256229400635
(17,18): -0.033691968917846676
(17,19): -0.027171378135681153
(17,24): -0.0441397762298584
(17,40): -0.0662995958328247
(18,8): 0.0020888662338256836
(18,17): -0.01468909740447998
(18,19): -0.025407934188842775
(18,24): -0.10159921646118164
(18,38): 0.02581123113632202
(18,44): 0.1576839542388916
(19,1): -0.04451428413391113
(19,3): 0.0808904528617859
(19,8): -0.013365797996520996
(19,17): -0.025141916275024413
(19,18): 0.023219990730285644
(19,24): 0.06759650707244873
(19,36): -0.18970500946044921
(19,39): 0.15381236076354982
(19,40): -0.18947075843811034
(19,41): 0.017923707962036132
(20,4): -0.0582814884185791
(20,5): -0.04465118408203125
(20,8): 0.031729755401611326
(20,9): 0.2721659469604492
(20,40): -0.032370834350585936
(20,42): -0.2925556182861328
(21,1): 0.06744781494140625
(21,6): -0.01578968048095703
(21,12): -0.004437098503112793
(21,13): -0.0028744959831237793
(21,14): -0.005709066390991211
(21,22): -0.003570098876953125
(21,23): 0.004022769927978516
(21,26): -0.043941683769226074
(22,0): -0.16061516284942626
(22,10): -0.014560446739196778
(22,11): 0.012133235931396485
(22,12): 0.05597010612487793
(22,13): -0.01676261901855469
(22,14): 0.11131659030914307
(22,21): -0.003680124282836914
(22,23): 0.010513415336608887
(22,25): -0.16702497005462646
(22,26): 0.02780043601989746
(22,32): 0.04275575637817383
(22,34): -0.15915898084640503
(22,35): -0.03793213844299317
(23,1): 0.03841591835021973
(23,6): -0.002896990776062012
(23,12): 0.010408596992492676
(23,13): -0.025886225700378417
(23,14): 0.005892262458801269
(23,21): -0.0009035348892211914
(23,22): 0.002664484977722168
(23,26): -0.04870224952697754
(24,3): -0.027483806610107422
(24,8): 0.008552398681640625
(24,17): 0.11738564014434814
(24,18): 0.15577631950378418
(24,19): -0.012959957122802734
(24,35): -0.031235947608947753
(24,42): -0.8686359286308288
(25,10): -0.022296600341796875
(25,11): -0.016709356307983397
(25,22): 0.013008556365966796
(26,6): 0.07394626140594482
(26,12): 0.005886087417602539
(26,14): 0.013895549774169923
(26,21): 0.0050066328048706055
(26,22): 0.014864816665649414
(26,23): -0.01229517936706543
(27,1): -0.002688097953796387
(27,3): 0.28331550121307375
(27,36): 0.1640419578552246
(28,1): -0.10352717876434327
(28,2): -0.028049535751342773
(28,4): 0.42353211879730224
(28,42): 0.7301983880996704
(28,43): 0.054019832611083986
(29,6): -0.05960622787475586
(29,42): -0.1074730086326599
(30,2): -0.003239927291870117
(30,37): -0.09840426921844482
(31,10): 0.11416183471679688
(31,12): 0.14653761863708495
(32,10): 0.008915510177612305
(32,11): -0.024662938117980957
(32,22): 0.04482959508895874
(32,41): -0.03613616466522217
(33,10): -0.027807531356811525
(33,14): 0.048302316665649415
(34,10): 0.10790627479553222
(34,11): -0.009615707397460937
(34,22): -0.062093868255615234
(35,11): -0.05697924613952637
(35,14): -0.022380414009094237
(35,22): -0.06117246150970459
(35,24): 0.1487088656425476
(36,15): 0.0567730712890625
(36,19): 0.2410435199737549
(36,27): 0.08547970771789551
(37,16): 0.21426279067993165
(37,30): 0.026668696403503417
(37,39): 0.09196049690246583
(37,44): -0.07131218433380127
(38,18): -0.0024247503280639647
(39,19): 0.10081998348236083
(39,37): 0.002019772529602051
(39,44): -0.07250273704528809
(40,17): 0.10988994121551514
(40,19): -0.16505515575408936
(40,20): -0.04318923473358154
(41,14): 0.03878897190093994
(41,19): -0.07077392578125
(41,32): 0.13172316074371337
(42,15): -0.05531026363372803
(42,20): 0.685569863319397
(42,24): -0.09588393211364746
(42,28): 0.48728429317474364
(42,29): -0.027558608055114744
(43,15): 0.039752168655395506
(43,28): -0.008425064086914062
(44,18): -0.12370697498321533
(44,37): -0.010184187889099122
(44,39): -0.04882572174072266
