Interaction name: 5nz2

Affinity: 5.03000020980835
Predicted value: 6.498259544372559

Shapley values for edges: 

(0,11): -0.1287320375442505
(0,22): 0.02465444564819336
(1,11): 0.036286139488220216
(1,17): 0.00915442943572998
(1,21): -0.0032698583602905275
(1,22): -0.048310670852661136
(2,3): -0.05001919746398926
(2,4): 0.021473169326782227
(2,17): -3.337860107421875e-08
(2,18): 0.005228796005249023
(2,19): -0.013738265037536621
(2,20): -0.00631108283996582
(2,21): 0.0368015718460083
(2,22): -0.015177178382873534
(3,2): -0.16382955074310301
(3,4): -0.02125576972961426
(3,12): 0.05186798095703125
(3,17): 0.0029474830627441405
(3,18): 0.011577401161193848
(3,19): 0.0002602195739746094
(3,20): 0.024482288360595704
(3,21): -0.07349863529205322
(4,2): 0.04236636161804199
(4,3): -0.006144051551818848
(4,5): -0.00570699691772461
(4,6): -0.022367405891418456
(4,12): 0.027910399436950683
(4,13): -0.000238800048828125
(4,14): 0.003139462471008301
(4,17): -0.008138823509216308
(4,18): 0.022102518081665037
(4,19): 0.0015674161911010743
(4,20): 0.03279428958892822
(4,21): 0.01586540699005127
(4,22): 0.019221343994140626
(5,4): -0.0007107973098754883
(5,6): 0.005250954627990722
(5,8): -0.028378124237060546
(5,13): 0.001032576560974121
(5,14): 0.01184532642364502
(5,16): 0.15946033000946044
(5,19): -0.023515563011169433
(5,21): 0.010582332611083984
(6,4): -0.00673527717590332
(6,5): -0.00411806583404541
(6,8): 0.007001895904541016
(6,9): -0.06644253730773926
(6,13): -0.0023839426040649413
(6,16): -0.0014478397369384766
(6,19): -0.0027122735977172852
(6,21): -0.06464189052581787
(6,22): -0.03937411308288574
(7,8): -0.012312517166137696
(7,9): -0.018659591674804688
(7,13): -0.0009913682937622071
(7,16): 0.0026104736328125
(7,22): -0.008588132858276367
(8,5): -0.09331260204315185
(8,6): -0.0072320556640625
(8,7): -0.035621509552001954
(8,9): -0.006519646644592285
(8,13): 0.00036852359771728517
(8,14): -0.02318514823913574
(8,15): -0.003683781623840332
(8,22): -0.036984620094299314
(9,6): -0.04154381275177002
(9,7): -0.029661798477172853
(9,8): -0.010936884880065919
(9,10): 0.09937849044799804
(9,13): 0.0016197872161865235
(9,14): 0.1414555788040161
(9,15): 0.015885686874389647
(9,16): 0.004219880104064941
(9,21): -0.04355032444000244
(9,22): -0.04081210136413574
(10,9): 0.022331109046936037
(10,19): 0.0005404472351074219
(10,21): 0.03492238998413086
(10,22): -0.19927307605743408
(11,0): 0.15765066146850587
(11,1): 0.08023667812347413
(11,23): -0.016744799613952636
(12,3): -0.034363417625427245
(12,4): 0.03570154666900635
(12,17): -0.0011801910400390625
(12,18): -0.009996442794799805
(12,19): 0.008692731857299804
(12,20): -0.002893233299255371
(13,4): 0.003621082305908203
(13,5): -0.008060579299926757
(13,6): -0.011756386756896973
(13,7): -0.0690226411819458
(13,8): 0.009766950607299804
(13,9): -0.017052946090698243
(13,14): -0.011822385787963867
(13,15): -0.02728982448577881
(13,16): 0.002197418212890625
(13,19): -0.01570523262023926
(14,4): -0.013172016143798829
(14,5): -0.01549177646636963
(14,8): -0.0059173583984375
(14,9): -0.01975989818572998
(14,13): 0.00018683433532714843
(14,16): -0.009613537788391113
(14,19): -0.0006367874145507813
(15,8): -0.008771281242370605
(15,9): 0.006447772979736328
(15,13): -0.006426177024841309
(15,16): -0.0010225963592529297
(16,5): -0.03691741943359375
(16,6): -0.017200984954833985
(16,7): -0.007878623008728027
(16,9): -0.001473240852355957
(16,13): -8.585453033447266e-05
(16,14): -8.777141571044922e-05
(16,15): -0.035556550025939944
(17,1): 0.029919710159301758
(17,2): 0.048711533546447756
(17,3): -0.05698897361755371
(17,4): -0.0388671875
(17,12): 0.0063055419921875
(17,18): 0.001803131103515625
(17,19): -0.019878721237182616
(17,20): -0.0003683280944824219
(17,24): 0.08571358680725098
(17,25): 0.12017884254455566
(18,2): -0.0013601112365722657
(18,3): -0.004745831489562988
(18,4): -0.0026872873306274412
(18,12): -0.0028937864303588867
(18,17): -0.006426544189453125
(18,19): -1.430511474609375e-08
(18,20): 0.0075565528869628905
(18,26): -0.009873147010803223
(18,27): 0.21592433929443358
(19,2): -0.026043620109558106
(19,3): -0.0469088077545166
(19,4): -0.016540017127990723
(19,5): -0.006977205276489258
(19,6): -0.06231926441192627
(19,10): -0.0607314395904541
(19,12): -0.1085657548904419
(19,13): -0.0026680803298950195
(19,14): -0.02236099720001221
(19,17): -0.04809515953063965
(19,18): -0.01320620059967041
(19,20): -0.006787314414978028
(20,2): -0.15963954448699952
(20,3): 0.006641087532043457
(20,4): -0.00011796474456787109
(20,12): 0.005800080299377441
(20,17): -0.007122478485107422
(20,18): -0.011439228057861328
(20,19): 0.0052228116989135745
(20,28): 0.15079014301300048
(21,1): -0.023592357635498048
(21,2): 0.011921653747558594
(21,3): -0.07318341732025146
(21,4): -0.048312597274780274
(21,5): -0.10279636859893798
(21,6): -0.006537423133850097
(21,9): -0.004786982536315918
(21,10): -0.08417357444763184
(21,23): 0.01572948932647705
(22,0): -0.34283789157867434
(22,1): -0.09562626838684082
(22,2): -0.013524036407470703
(22,4): -0.04822336196899414
(22,6): -0.051860318183898926
(22,7): -0.11545500755310059
(22,8): -0.03616241931915283
(22,9): 0.0052256441116333005
(22,10): -0.1622466516494751
(22,26): 0.03270925045013428
(23,11): -0.05434795379638672
(23,21): -0.001957821846008301
(24,17): 0.027023735046386718
(25,17): -0.05361998558044433
(25,27): -0.061102919578552246
(25,28): -0.00027043819427490233
(26,18): 0.014644699096679687
(26,22): 3.337860107421875e-08
(27,18): -0.24731152057647704
(27,25): -0.0007810592651367188
(27,28): -0.052973847389221194
(28,20): -0.22917903423309327
(28,25): -0.02206742763519287
(28,27): -0.08553670883178711
