Interaction name: 5ni5

Affinity: 8.050000190734863
Predicted value: 7.500605583190918

Attributions for edges: 

(0,1): 9.802577416310002e-39
(0,6): 8.800258052046211e-39
(0,7): 0.0
(0,20): 0.0
(0,23): 0.0
(0,24): 0.0
(0,32): 0.0
(0,33): 3.1670852356928463e-25
(1,0): 1.4836936929883449e-38
(1,6): 7.210924391468119e-38
(1,7): 0.0
(1,20): 1.7542310369779763e-38
(1,23): 0.0
(1,24): 0.0
(1,33): 2.5950871236977483e-24
(2,5): 1.0546636429307056e-24
(2,8): 7.105615394881101e-35
(2,9): 4.718793056607529e-35
(2,16): 3.8918075949192286e-33
(2,21): 1.6347519580826414e-34
(2,22): 5.682529389571689e-37
(2,32): 2.4076163052855156e-34
(3,5): 7.026450170414748e-20
(3,11): 7.082634453873903e-29
(3,15): 4.447671739345929e-25
(3,16): 2.592806058049406e-28
(3,29): 8.849669048577144e-26
(3,31): 4.437999740230075e-30
(4,10): 2.1875156042609412e-26
(4,16): 2.8209055836097e-26
(4,17): 2.773419110413409e-22
(4,18): 4.680223904725289e-16
(4,26): 1.191486549785933e-22
(4,31): 4.8283920744613255e-28
(5,2): 3.7650834635669302e-25
(5,3): 6.456564228760214e-22
(5,8): 4.144948932293549e-37
(5,9): 2.7526759511177554e-37
(5,16): 2.270224835506206e-35
(5,22): 3.314814957612749e-39
(5,31): 3.885836066397896e-37
(5,34): 0.0
(6,0): 1.300564022269131e-38
(6,1): 7.040713711681055e-38
(6,7): 0.0
(6,20): 1.537697353596034e-38
(6,23): 0.0
(6,24): 0.0
(6,37): 0.0
(7,0): 0.0
(7,1): 0.0
(7,6): 0.0
(7,8): 0.0
(7,9): 0.0
(7,20): 0.0
(7,21): 0.0
(7,22): 0.0
(7,23): 0.0
(7,24): 0.0
(7,35): 4.8430743922905456e-36
(7,38): 0.0
(7,39): 0.0
(7,52): 0.0
(8,2): 3.819975486990138e-38
(8,5): 0.0
(8,7): 0.0
(8,9): 0.0
(8,21): 0.0
(8,22): 0.0
(8,23): 0.0
(8,24): 0.0
(8,49): 7.033549264996532e-37
(8,58): 5.678300223087772e-31
(9,2): 1.5385892800685767e-38
(9,5): 0.0
(9,7): 0.0
(9,8): 0.0
(9,21): 0.0
(9,22): 0.0
(9,23): 0.0
(9,40): 0.0
(9,44): 2.9415323755334517e-36
(10,4): 2.3377067777717824e-23
(10,11): 1.204762991586947e-38
(10,15): 7.565504600766282e-35
(10,16): 4.4103713967585486e-38
(10,17): 4.336078154301827e-34
(10,25): 1.7052399924796423e-24
(10,26): 1.8628335631912966e-34
(10,27): 6.354012689734717e-23
(10,28): 2.108225081691287e-29
(10,29): 1.5053199568511227e-35
(10,31): 0.0
(10,41): 2.3992880052692847e-22
(10,52): 1.1532645771538872e-31
(10,56): 1.4715269962734836e-27
(10,58): 1.0872689769182875e-20
(10,59): 2.4300837074173936e-27
(11,3): 4.925845323723885e-26
(11,10): 0.0
(11,12): 2.6619090503812518e-27
(11,13): 4.421557169610357e-23
(11,14): 2.607779698447528e-24
(11,15): 2.9710562319848218e-36
(11,16): 0.0
(11,17): 1.7028384505510655e-35
(11,19): 6.7298310539702775e-25
(11,26): 7.315551769577158e-36
(11,29): 5.9115562653344115e-37
(11,30): 5.575590386442042e-24
(11,31): 0.0
(11,35): 2.0702796176860574e-23
(11,41): 9.422300591227231e-24
(11,42): 4.954715576378154e-34
(11,44): 5.4916748361815064e-27
(11,56): 5.401024972966094e-29
(12,11): 1.1422847734285062e-29
(12,13): 1.0675235652055082e-12
(12,14): 6.296145652366289e-14
(12,15): 7.173188632074854e-26
(12,26): 1.7662416941599615e-25
(12,29): 1.4272604594667152e-26
(12,30): 1.3461515159952225e-13
(12,31): 7.157591214727533e-31
(12,43): 1.9831456662611826e-16
(13,11): 4.466834156809879e-25
(13,12): 2.5131838884279167e-12
(13,14): 2.462078763088016e-09
(13,15): 2.80503145532358e-21
(13,19): 6.353824133498165e-10
(13,29): 5.58123609039131e-22
(13,43): 9.675009057796835e-12
(13,57): 7.924967309453322e-16
(13,59): 9.720890948748326e-14
(14,11): 2.8183562686609135e-26
(14,12): 1.5856913492765662e-13
(14,13): 2.633903539717153e-09
(14,15): 1.7698392282511211e-22
(14,19): 4.008940748811973e-11
(14,29): 3.521489595947253e-23
(14,30): 3.3213629069273054e-10
(14,31): 1.7659772254599983e-27
(15,3): 1.319034992527876e-24
(15,10): 3.5965930974936546e-38
(15,11): 1.2669229099062388e-38
(15,12): 7.128072567569616e-26
(15,13): 1.1840020142220387e-21
(15,14): 6.983098338300989e-23
(15,19): 1.8021104550328816e-23
(15,29): 1.5829994417552478e-35
(15,30): 1.4930285676977923e-22
(15,31): 0.0
(15,38): 1.571641171976967e-25
(15,49): 1.416272335799206e-26
(15,52): 1.2127766823012724e-31
(15,58): 1.1433799336655125e-20
(16,2): 4.21860494268141e-34
(16,3): 7.2342870489435436e-31
(16,4): 1.3482836696812955e-29
(16,5): 6.893223999085409e-36
(16,10): 0.0
(16,11): 0.0
(16,17): 0.0
(16,31): 0.0
(16,41): 1.3837848780139823e-28
(16,44): 8.065286558435318e-32
(16,55): 2.5479069510570362e-30
(16,57): 8.079003208012578e-36
(17,4): 7.773736263151538e-22
(17,10): 1.1373022638575829e-36
(17,11): 4.006219935909884e-37
(17,16): 1.4665999592764724e-36
(17,18): 2.4332665762806857e-26
(17,25): 5.670508260482678e-23
(17,26): 6.194609109703752e-33
(17,27): 2.1129274577062227e-21
(17,28): 7.010598294310879e-28
(17,29): 5.005743510640861e-34
(17,31): 2.510309610805678e-38
(17,43): 6.95531244840857e-24
(17,47): 1.5014270971786943e-26
(18,4): 4.588404474451739e-16
(18,17): 8.51076839479277e-27
(18,26): 3.6563051992672694e-27
(18,27): 1.2471433594499724e-15
(18,28): 4.1379505670218576e-22
(18,29): 2.9545898314313607e-28
(18,35): 1.0347237593111812e-14
(18,45): 3.081265351270109e-21
(18,46): 3.332915754143398e-27
(18,47): 9.303098400992166e-21
(18,51): 5.300758653697013e-16
(19,11): 1.14906504049223e-26
(19,13): 1.0738619993233556e-09
(19,14): 6.333530228053164e-11
(19,15): 7.215767498041771e-23
(19,30): 1.354141937470743e-10
(19,48): 3.742698707911314e-34
(19,49): 1.5742120877248328e-14
(19,57): 1.881719261091768e-17
(19,58): 1.0908130398945559e-08
(19,59): 2.317772464230437e-15
(20,0): 0.0
(20,1): 1.3983600815749744e-38
(20,6): 1.255386440038992e-38
(20,7): 0.0
(20,23): 0.0
(20,24): 0.0
(20,35): 3.55790165765155e-26
(20,36): 1.8253877346054724e-28
(20,50): 4.945280371494782e-39
(20,52): 7.783325196300464e-36
(20,56): 9.260167749838542e-32
(21,2): 1.078753189000388e-37
(21,7): 0.0
(21,8): 0.0
(21,9): 0.0
(21,22): 0.0
(21,23): 0.0
(21,24): 0.0
(21,44): 2.0624006772217838e-35
(21,55): 6.515335855663401e-34
(21,56): 2.0235729612736614e-37
(22,2): 0.0
(22,5): 0.0
(22,7): 0.0
(22,8): 0.0
(22,9): 0.0
(22,21): 0.0
(22,23): 0.0
(22,24): 0.0
(22,36): 3.0630167015450554e-37
(22,52): 0.0
(23,0): 0.0
(23,1): 0.0
(23,6): 0.0
(23,7): 0.0
(23,8): 0.0
(23,9): 0.0
(23,20): 0.0
(23,21): 0.0
(23,22): 0.0
(23,24): 0.0
(23,36): 0.0
(23,52): 0.0
(23,55): 0.0
(24,0): 0.0
(24,1): 0.0
(24,6): 0.0
(24,7): 0.0
(24,8): 0.0
(24,20): 0.0
(24,21): 0.0
(24,22): 0.0
(24,23): 0.0
(24,55): 1.0636063409021345e-36
(25,10): 4.346924803211077e-27
(25,17): 5.511161513071655e-23
(25,26): 2.3676461001632733e-23
(25,27): 8.07591233470406e-12
(25,28): 2.679536409465235e-18
(25,49): 2.0048399535155985e-15
(25,51): 3.432521194363103e-12
(25,54): 2.743863298872552e-19
(26,4): 1.4471772001446705e-20
(26,10): 2.117244979020299e-35
(26,11): 7.458130682151321e-36
(26,12): 4.196158783060816e-23
(26,17): 2.684306472489729e-31
(26,18): 4.52982667224404e-25
(26,25): 1.0556391735696509e-21
(26,27): 3.933505537805337e-20
(26,28): 1.3051145927569746e-26
(26,29): 9.318810077328395e-33
(26,46): 9.879308265129922e-32
(26,51): 1.671865627025642e-20
(26,58): 6.730856739079223e-18
(27,10): 1.6268466442004648e-25
(27,17): 2.062580511955943e-21
(27,18): 3.4806635739993924e-15
(27,25): 8.111388297149524e-12
(27,26): 8.86100267532525e-22
(27,28): 1.002830165697397e-16
(27,45): 1.0841779261673893e-15
(27,51): 1.284636286236207e-10
(28,10): 1.721928894823217e-31
(28,17): 2.183112851370874e-27
(28,18): 3.68406534668085e-21
(28,25): 8.585415111167506e-18
(28,26): 9.378891717247017e-28
(28,27): 3.1990705941186933e-16
(28,41): 1.207980049979841e-15
(28,52): 5.8063480770449055e-25
(28,53): 1.2059327209917076e-20
(28,54): 8.74941170540457e-24
(28,56): 7.090827278732535e-21
(29,3): 3.0155130083256153e-25
(29,10): 8.222291099136976e-39
(29,11): 0.0
(29,12): 1.629578475678221e-26
(29,13): 2.706796840850491e-22
(29,14): 1.5964413219507372e-23
(29,15): 1.818840457523032e-35
(29,17): 1.0424467574084362e-34
(29,18): 1.759165235320825e-28
(29,26): 4.4784819480642547e-35
(29,30): 3.413275234690845e-23
(29,31): 0.0
(29,47): 1.085490829696211e-28
(30,11): 9.800698801793801e-26
(30,12): 5.514175813008115e-13
(30,14): 5.402035485602141e-10
(30,15): 6.154554447885995e-22
(30,19): 1.3940951171242943e-10
(30,29): 1.2245810949172545e-22
(31,3): 4.692609888807447e-32
(31,4): 8.745811506276072e-31
(31,5): 4.471443851417586e-37
(31,10): 0.0
(31,11): 0.0
(31,12): 2.5358695347869428e-33
(31,14): 2.4843127066775505e-30
(31,15): 0.0
(31,16): 0.0
(31,17): 0.0
(31,29): 0.0
(32,0): 2.5326409660840125e-33
(32,2): 7.592745537111813e-26
(33,0): 6.422250874597664e-21
(33,1): 3.47673995784525e-20
(33,37): 3.6335788419701063e-23
(33,38): 3.584254074096016e-11
(33,39): 3.025684767545134e-19
(34,5): 4.813929134272763e-31
(34,40): 0.0
(35,7): 2.7572361638650272e-30
(35,11): 5.316000520006643e-26
(35,18): 3.228790703836801e-15
(35,20): 1.9967500820370242e-22
(36,20): 1.6773055600787706e-23
(36,22): 2.3869537506441415e-30
(36,23): 9.987409223557035e-33
(36,41): 1.0243829395850668e-10
(36,57): 9.919937026262583e-18
(37,6): 7.033570448145157e-31
(37,33): 5.4293789523763536e-17
(37,38): 1.4448155348723462e-21
(38,7): 4.682545071076837e-31
(38,15): 5.669340115254227e-23
(38,33): 1.0265060801373238e-08
(38,37): 2.7692493691621144e-25
(39,7): 4.032592597216231e-37
(39,33): 1.3038510294225217e-14
(39,55): 7.18779089586321e-18
(40,9): 0.0
(40,34): 0.0
(41,10): 7.04761232976305e-25
(41,11): 2.4825760836096343e-25
(41,16): 9.088162777602767e-25
(41,28): 4.344313137156895e-16
(41,36): 6.108522021541773e-11
(41,57): 4.0584387233651804e-16
(42,11): 1.7192167095236055e-25
(42,58): 6.402985945896944e-07
(43,12): 6.248993683621862e-11
(43,13): 1.4326378732221201e-06
(43,17): 2.332171113607906e-19
(43,48): 5.49105619814303e-31
(44,9): 2.3535831700209077e-28
(44,11): 5.3023670930419186e-27
(44,16): 1.941087167123959e-26
(44,21): 8.15355923465947e-28
(45,18): 4.6796375802182766e-11
(45,27): 5.42650195711758e-06
(45,56): 1.0755074608681525e-10
(46,18): 9.787895574744172e-16
(46,26): 1.3311173281472039e-22
(47,17): 5.765511425028427e-19
(47,18): 1.6329910514090162e-12
(47,29): 1.924408391682056e-20
(48,19): 4.692123401987992e-26
(48,43): 8.935482940220799e-28
(49,8): 3.9237093400220015e-25
(49,15): 3.5235244531859395e-20
(49,19): 1.8430279524750404e-08
(49,25): 1.6633031618695782e-09
(50,20): 7.35772194914147e-30
(51,18): 4.823446736424916e-14
(51,25): 1.1240608444040845e-10
(51,26): 1.2279457419258482e-20
(51,27): 4.188456248499506e-09
(51,59): 1.9777995701689838e-13
(52,7): 0.0
(52,10): 5.877218399349088e-38
(52,15): 1.3000805660032521e-34
(52,20): 7.776236643940769e-35
(52,22): 0.0
(52,23): 0.0
(52,28): 3.622868924872706e-29
(53,28): 6.820016014603969e-13
(53,56): 6.576853645023917e-11
(54,25): 1.3662667441849408e-08
(54,28): 1.143584738624165e-13
(55,16): 5.492719942065828e-28
(55,21): 2.3072321751612046e-29
(55,23): 3.3557525999145026e-34
(55,24): 1.6789504703684526e-31
(55,39): 1.6040658203718793e-23
(56,10): 2.4246329819132098e-32
(56,11): 8.540989138809134e-33
(56,20): 3.208068452908213e-29
(56,21): 1.31335550176726e-33
(56,28): 1.4945949614656353e-23
(56,45): 8.993812015666894e-23
(56,53): 1.3074599323359285e-21
(57,13): 8.102177162072621e-06
(57,16): 1.059475410462628e-22
(57,19): 1.0714673237544048e-07
(57,36): 2.5156442262641576e-08
(57,41): 1.6881706415006192e-06
(58,8): 1.3780767692891735e-25
(58,10): 5.8531637177185385e-24
(58,15): 1.294749623677455e-20
(58,19): 2.932805331923305e-09
(58,26): 3.188051339124829e-20
(58,42): 4.534285653479865e-18
(59,10): 5.222340445236336e-24
(59,13): 4.261263484295341e-07
(59,19): 5.264163327467486e-09
(59,51): 9.584911531135276e-09
