Interaction name: 5lgt

Affinity: 6.510000228881836
Predicted value: 6.989404678344727

Shapley values for edges: 

(0,3): 0.07844552993774415
(0,5): 0.08528265953063965
(0,8): -0.005478944778442383
(0,9): 0.01981729030609131
(0,10): -0.03028130054473877
(0,11): -0.05065559387207031
(0,12): -0.010366649627685546
(0,14): 0.01794703960418701
(0,17): -0.017487969398498535
(0,18): -0.03739297866821289
(0,22): -0.024615111351013182
(0,25): 0.009998035430908204
(1,4): -0.03054586410522461
(1,8): 0.014163837432861329
(1,13): -0.009106440544128418
(1,17): -0.024099507331848145
(1,18): -0.0017524623870849609
(1,19): 0.01991349697113037
(1,20): -0.0030375051498413084
(1,21): -0.005834903717041016
(1,22): -0.0026819515228271485
(1,23): 0.04155518531799316
(1,25): -0.012770500183105469
(2,4): -0.02421107769012451
(2,6): -0.0466762638092041
(2,7): -0.016387691497802736
(3,0): 0.007151484489440918
(3,9): 3.563404083251953e-05
(3,10): -0.017778706550598145
(3,11): -0.01544710636138916
(3,26): 0.028931388854980467
(4,1): 0.038540492057800295
(4,2): 0.012040557861328125
(4,7): 0.00679983139038086
(4,13): 0.02341780662536621
(4,16): 0.03115534782409668
(4,17): 0.012888388633728027
(4,19): 0.008127756118774414
(4,20): 0.04492932796478272
(4,21): 0.020939292907714843
(4,23): -0.0024553012847900392
(5,0): 0.018047213554382324
(5,9): 0.022924923896789552
(5,10): 0.00890958309173584
(5,11): -0.006561655998229981
(6,2): 0.0259869909286499
(6,24): -0.025548663139343262
(6,27): 0.03195977210998535
(6,28): 0.03509512424468994
(6,29): 0.03517299175262451
(6,34): 0.11363686084747314
(6,36): 0.0941020679473877
(7,2): 0.005639057159423828
(7,4): 0.003952593803405762
(7,13): 0.005942420959472656
(7,15): -0.020634527206420897
(7,16): -0.005963592529296875
(7,20): 0.0016749191284179687
(7,21): -0.0033397769927978518
(7,23): 0.005036873817443848
(7,32): 0.022739481925964356
(7,33): 0.023566389083862306
(7,36): 0.010151338577270509
(8,0): -0.03697824001312256
(8,1): -0.01086440086364746
(8,11): -0.00034259796142578126
(8,12): -0.011702346801757812
(8,17): -1.4591217041015626e-05
(8,18): 0.02259799003601074
(8,19): 0.008661718368530273
(8,22): -0.006563191413879395
(8,35): 0.04108553409576416
(9,0): -0.04316565036773681
(9,3): 0.005602593421936035
(9,5): 0.03683577537536621
(9,10): -0.026318197250366212
(9,11): -0.024757061004638672
(9,12): -0.012694034576416015
(9,22): 0.007737607955932617
(9,33): -0.005343136787414551
(10,0): -0.03989394664764404
(10,3): 0.01437971591949463
(10,5): 0.03935785293579101
(10,9): -0.0024932384490966796
(10,11): -0.027194952964782713
(10,12): -0.004746675491333008
(10,34): 0.03291233062744141
(11,0): -0.03958723545074463
(11,3): 0.01681541919708252
(11,5): 0.036163763999938967
(11,8): 0.015054316520690917
(11,9): -0.04613010883331299
(11,10): -0.046093921661376956
(11,12): 0.016542415618896484
(11,14): 0.009342188835144044
(11,22): 0.013179912567138671
(11,25): -0.04329514503479004
(11,33): 0.03977301597595215
(11,35): 0.05409590244293213
(12,0): -0.05558271884918213
(12,8): -0.003150186538696289
(12,9): -0.024449892044067383
(12,10): -0.04731020927429199
(12,11): -0.03314984798431397
(12,17): 0.006355581283569336
(12,18): -0.012190384864807129
(12,19): -0.0013267707824707032
(12,22): 0.008604636192321777
(12,25): -0.01906607151031494
(12,33): 0.0009747982025146484
(13,1): 0.008958163261413575
(13,4): 0.008893709182739257
(13,7): -0.002374272346496582
(13,15): -0.00026139259338378904
(13,17): 0.01762260913848877
(13,18): -0.01606748580932617
(13,19): 0.009695897102355957
(13,20): 0.017740964889526367
(13,21): -0.004193644523620605
(13,23): -0.00852480411529541
(13,33): 0.03004772663116455
(14,0): -0.02102299690246582
(14,11): -0.031874165534973145
(14,24): -0.01798039436340332
(14,34): 0.014186124801635742
(14,35): 0.04642986297607422
(15,7): -0.024779720306396483
(15,13): -0.004306654930114746
(15,16): -0.014342041015625
(15,20): 0.0005553054809570312
(15,21): -0.06603780269622803
(15,23): -0.041537179946899414
(15,30): 0.020563106536865234
(15,31): -0.0156317138671875
(15,32): 0.04604859828948975
(16,4): -0.011612534523010254
(16,7): 0.01717399597167969
(16,15): -0.025865054130554198
(16,20): 0.010455098152160645
(16,21): -0.024453697204589845
(16,23): -0.03142031669616699
(17,0): -0.012915711402893066
(17,1): -0.02229668140411377
(17,4): -0.0017764043807983398
(17,8): 0.00547821044921875
(17,12): 0.0066212272644042966
(17,13): -0.007681417465209961
(17,18): -0.018111295700073242
(17,19): 0.017975220680236815
(17,22): 0.011413755416870118
(17,25): -0.03732563495635986
(17,33): 0.002416057586669922
(18,0): 0.0006772756576538086
(18,1): -0.016470441818237303
(18,8): 0.006712694168090821
(18,12): 0.002643566131591797
(18,13): 0.004460048675537109
(18,17): 0.01500758171081543
(18,19): 0.009434003829956055
(18,22): 0.013212637901306152
(18,25): -0.013911223411560059
(19,1): -0.027257432937622072
(19,4): 0.0010103511810302735
(19,8): 0.01614863395690918
(19,12): -0.0059507226943969725
(19,13): -0.004236321449279785
(19,17): 0.027613677978515626
(19,18): 0.025202631950378418
(19,20): 0.008452529907226563
(19,22): 0.033079609870910645
(19,25): -0.03136967658996582
(20,1): 0.0001749420166015625
(20,4): -0.016073994636535645
(20,7): -0.020521783828735353
(20,13): 0.007081117630004883
(20,15): -0.010071868896484376
(20,16): 0.002859048843383789
(20,19): -0.011482090950012206
(20,21): -0.031505393981933597
(20,23): -0.02447584629058838
(20,32): 0.044069504737854
(21,1): -0.020176939964294434
(21,4): -0.003168625831604004
(21,7): -0.004592971801757812
(21,13): -0.0006682777404785156
(21,15): -0.046690754890441895
(21,16): 0.0035626983642578127
(21,20): 0.010355205535888671
(21,30): 0.03954853534698486
(22,0): -0.028712353706359862
(22,1): 0.012005248069763184
(22,8): 0.02923069953918457
(22,9): 0.003430061340332031
(22,11): -0.01310204029083252
(22,12): 0.00474245548248291
(22,17): 0.04127936840057373
(22,18): -0.017788763046264647
(22,19): 0.029542078971862794
(22,24): -0.04216580390930176
(22,25): -0.019098615646362303
(22,34): 0.050986433029174806
(23,1): 0.07015298366546631
(23,4): 0.018773574829101563
(23,7): 0.018525271415710448
(23,13): -0.011806654930114745
(23,15): 0.00011607170104980468
(23,16): 0.007339091300964356
(23,20): 0.0058079719543457035
(24,6): -0.0730397081375122
(24,14): 0.018396282196044923
(24,22): 0.08148260116577148
(25,0): 0.0043743896484375
(25,1): 0.0824180793762207
(25,11): 0.04679945468902588
(25,12): -0.017429628372192384
(25,17): 0.01137331485748291
(25,18): 0.001031980514526367
(25,19): -0.031982135772705075
(25,22): 0.031648359298706054
(26,3): 0.04702786445617676
(27,6): -0.024555721282958985
(28,6): -0.023671178817749022
(29,6): -0.030906763076782227
(30,15): -0.01961874485015869
(30,21): -0.017386636734008788
(31,15): -0.038253374099731445
(32,7): -0.02111175537109375
(32,15): 0.02443190097808838
(32,20): -0.0063936090469360355
(32,36): -0.002624087333679199
(33,7): -0.013140912055969239
(33,9): 0.02003246307373047
(33,11): 0.01804783821105957
(33,12): -0.0033960580825805665
(33,13): 0.01181363582611084
(33,17): -0.012876095771789551
(34,6): 0.0346033239364624
(34,10): 0.014379510879516602
(34,14): 0.01226607322692871
(34,22): 0.04808250427246094
(35,8): -0.02630685329437256
(35,11): 0.0024201011657714842
(35,14): 0.0031939315795898437
(36,6): -0.008686933517456055
(36,7): -0.0073263454437255855
(36,32): 0.023430590629577638
