Interaction name: 5x4p

Affinity: 5.03000020980835
Predicted value: 5.7641730308532715

Shapley values for edges: 

(0,1): -0.015317625999450683
(0,4): -0.015027031898498536
(0,6): -0.012168507575988769
(1,0): -0.009465746879577637
(1,3): -0.03665407657623291
(1,4): -0.008332929611206054
(1,6): 0.0017622041702270508
(1,7): -0.026076765060424806
(2,3): -0.011428022384643554
(2,5): 0.01879415988922119
(2,7): 0.04194948196411133
(3,1): 0.013548774719238281
(3,2): -0.011221694946289062
(3,5): 0.028747596740722657
(3,7): 0.03767967224121094
(4,0): -0.031024456024169922
(4,1): 0.017324700355529785
(4,6): 0.011987423896789551
(4,7): 0.028389272689819337
(4,8): -0.018243188858032226
(5,2): -0.008025026321411133
(5,3): 0.007974042892456054
(5,7): 0.04040338516235351
(5,8): -0.0059746837615966795
(6,0): -0.04669846534729004
(6,1): 0.010143694877624511
(6,4): 0.011627011299133301
(6,9): -0.054601073265075684
(7,1): 0.01659416198730469
(7,2): 0.012518644332885742
(7,3): 0.019432063102722167
(7,4): 0.04137205123901367
(7,5): 0.038251004219055175
(7,8): 0.016093387603759765
(8,4): 0.030866832733154298
(8,5): 0.01917734622955322
(8,7): 0.05365601062774658
(9,6): -0.0047147607803344725
