Interaction name: 5nz2

Affinity: 5.03000020980835
Predicted value: 6.498259544372559

Attributions for edges: 

(0,11): 2.929244067199164e-24
(0,22): 2.0353070866179396e-24
(1,11): 9.180990012472386e-25
(1,17): 8.907856784800926e-26
(1,21): 1.1616312095264118e-24
(1,22): 6.379166604381433e-25
(2,3): 1.9567620601082107e-23
(2,4): 5.134692082209492e-24
(2,17): 9.589203837249366e-25
(2,18): 2.275328075007974e-23
(2,19): 2.2887690026554917e-23
(2,20): 2.3948242516143097e-23
(2,21): 1.2504731191028547e-23
(2,22): 6.867098866543136e-24
(3,2): 2.006362005068344e-23
(3,4): 1.495764211099354e-23
(3,12): 4.199521539327592e-23
(3,17): 2.7933880198238116e-24
(3,18): 6.628131125790707e-23
(3,19): 6.667310375965052e-23
(3,20): 6.976281948991155e-23
(3,21): 3.642710695808945e-23
(4,2): 5.0151540170890894e-24
(4,3): 1.4248257364251734e-23
(4,5): 3.467529301219601e-23
(4,6): 8.412333807186348e-24
(4,12): 1.0497231648534875e-23
(4,13): 1.7800147766220032e-23
(4,14): 7.344736789714544e-23
(4,17): 6.982398677842626e-25
(4,18): 1.6567846058068943e-23
(4,19): 1.6665716875136093e-23
(4,20): 1.743795963652772e-23
(4,21): 9.10541358787814e-24
(4,22): 5.0002918776347255e-24
(5,4): 3.8115916161204694e-23
(5,6): 8.575999094736913e-23
(5,8): 1.618078798393427e-22
(5,13): 1.8146458965789504e-22
(5,14): 7.487631432739512e-22
(5,16): 2.6694916717514617e-22
(5,19): 1.6989954799944395e-22
(5,21): 9.282527533913094e-23
(6,4): 8.640388761720311e-24
(6,5): 8.013372137536252e-23
(6,8): 3.6679772795144496e-23
(6,9): 1.4366642666931337e-22
(6,13): 4.113553686687141e-23
(6,16): 6.051371567700831e-23
(6,19): 3.851405110462612e-23
(6,21): 2.1042299822362352e-23
(6,22): 1.1555547717456754e-23
(7,8): 6.460548354984814e-24
(7,9): 2.5304422207684662e-23
(7,13): 7.245331638186739e-24
(7,16): 1.0658472450979334e-23
(7,22): 2.0353070866179396e-24
(8,5): 1.5486533589354604e-22
(8,6): 3.7570529285771095e-23
(8,7): 7.047051449659437e-24
(8,9): 2.776467268951183e-22
(8,13): 7.949798152728853e-23
(8,14): 3.280263125542123e-22
(8,15): 1.3185491204745758e-21
(8,22): 2.2332011671751805e-23
(9,6): 1.5950786436230584e-22
(9,7): 2.9918663702105045e-23
(9,8): 3.0095301018381065e-22
(9,10): 2.027156851846513e-23
(9,13): 3.375120052189222e-22
(9,14): 1.3926548906158804e-21
(9,15): 5.597955296768985e-21
(9,16): 4.965076401073627e-22
(9,21): 1.7264947924972095e-22
(9,22): 9.481148194807089e-23
(10,9): 1.6895778691812938e-23
(10,19): 4.529431452930524e-24
(10,21): 2.4746629705655558e-24
(10,22): 1.358981035223618e-24
(11,0): 3.1439871911727488e-24
(11,1): 1.0222461928915534e-24
(11,23): 1.2656186962804645e-23
(12,3): 4.293537982011832e-23
(12,4): 1.12665280144455e-23
(12,17): 2.1040523702034247e-24
(12,18): 4.99253690161986e-23
(12,19): 5.0220292554224526e-23
(12,20): 5.2547164011918735e-23
(13,4): 1.895748717799159e-23
(13,5): 1.7581778445880372e-22
(13,6): 4.265377856505977e-23
(13,7): 8.000508971615719e-24
(13,8): 8.047743122721094e-23
(13,9): 3.152120560098022e-22
(13,14): 3.7240790476098506e-22
(13,15): 1.496941645953825e-21
(13,16): 1.3276992253993174e-22
(13,19): 8.450192819749715e-23
(14,4): 8.717433650889626e-23
(14,5): 8.084888247719672e-22
(14,8): 3.7007126089439697e-22
(14,9): 1.4494803407730695e-21
(14,13): 4.1502651275144645e-22
(14,16): 6.105354266078191e-22
(14,19): 3.8857768529539224e-22
(15,8): 1.5963821447610711e-21
(15,9): 6.252693793205282e-21
(15,13): 1.790319950616831e-21
(15,16): 2.633696420290349e-21
(16,5): 2.704567583041209e-22
(16,6): 6.561339850667455e-23
(16,7): 1.2307011882604858e-23
(16,9): 4.848838945757887e-22
(16,13): 1.388362881446303e-22
(16,14): 5.728671543004475e-22
(16,15): 2.3027131036536828e-21
(17,1): 9.71523311828409e-26
(17,2): 9.497030370854949e-25
(17,3): 2.6981342488097323e-24
(17,4): 7.080109454753629e-25
(17,12): 1.9878257459479132e-24
(17,18): 3.1373976388162114e-24
(17,19): 3.1559311369234738e-24
(17,20): 3.302168199381082e-24
(17,24): 4.137797700199789e-27
(17,25): 4.137797700199789e-27
(18,2): 2.3385005296146157e-23
(18,3): 6.643774553085602e-23
(18,4): 1.7433770785120995e-23
(18,12): 4.894721304816075e-23
(18,17): 3.255813154868485e-24
(18,19): 7.771064359711118e-23
(18,20): 8.131123196048058e-23
(18,26): 7.743987498000312e-23
(18,27): 7.677100928479709e-23
(19,2): 2.4090997940995512e-23
(19,3): 6.844323821120681e-23
(19,4): 1.7960024628159364e-23
(19,5): 1.6656765197128007e-22
(19,6): 4.040982585483515e-23
(19,10): 5.135612682885885e-24
(19,12): 5.042454441980435e-23
(19,13): 8.550551073023208e-23
(19,14): 3.5281474557695733e-22
(19,17): 3.354092996314992e-24
(19,18): 7.958598053898775e-23
(19,20): 8.3765687470098e-23
(20,2): 2.4623286569958821e-23
(20,3): 6.995575593466689e-23
(20,4): 1.835691948223778e-23
(20,12): 5.1539264832310437e-23
(20,17): 3.428214761400011e-24
(20,18): 8.134473646084713e-23
(20,19): 8.182526003720984e-23
(20,28): 8.561681584851514e-23
(21,1): 1.3587581820178931e-24
(21,2): 1.3282406048613525e-23
(21,3): 3.7735852443400073e-23
(21,4): 9.902174146204035e-24
(21,5): 9.18362709559245e-23
(21,6): 2.2279681794743064e-23
(21,9): 1.6464716063118865e-22
(21,10): 2.8314846767348763e-24
(21,23): 1.6822525068154115e-23
(22,0): 2.333420186498902e-24
(22,1): 7.586929413569038e-25
(22,2): 7.416527076394182e-24
(22,4): 5.529078358609306e-24
(22,6): 1.2440308865203673e-23
(22,7): 2.333420186498902e-24
(22,8): 2.347196301145048e-23
(22,9): 9.193441787430847e-23
(22,10): 1.5810226016846946e-24
(22,26): 2.455996470509673e-23
(23,11): 1.2621955132683484e-23
(23,21): 1.597007724080686e-23
(24,17): 3.696188126927618e-27
(25,17): 3.696188126927618e-27
(25,27): 8.715491820467618e-26
(25,28): 9.230958804139898e-26
(26,18): 7.744105511591733e-23
(26,22): 2.3372075865909585e-23
(27,18): 7.676925485814388e-23
(27,25): 1.0124775187610236e-25
(27,28): 8.080104721408157e-23
(28,20): 8.561681584851514e-23
(28,25): 1.0728255628997057e-25
(28,27): 8.083619254513097e-23
