Interaction name: 6h29

Affinity: 5.619999885559082
Predicted value: 6.37429141998291

Attributions for edges: 

(0,1): 0.5442162752151489
(0,2): 0.5925297141075134
(0,5): 0.4620939791202545
(0,7): 0.3716128170490265
(0,8): 0.4975869953632355
(0,10): 0.5794328451156616
(1,0): 0.6139793992042542
(1,2): 0.4608049690723419
(1,5): 0.35597023367881775
(1,7): 0.49725133180618286
(1,8): 0.4160972833633423
(1,9): 0.5249282717704773
(1,10): 0.46221616864204407
(2,0): 0.5103767514228821
(2,1): 0.5031236410140991
(2,5): 0.33346542716026306
(2,8): 0.3723011612892151
(2,11): 0.522437572479248
(2,12): 0.6440809369087219
(2,13): 0.3794204294681549
(3,4): 0.44940364360809326
(3,5): 0.6237940788269043
(3,6): 0.5749980211257935
(3,7): 0.34980764985084534
(3,8): 0.38970908522605896
(3,9): 0.3836680054664612
(4,3): 0.5949049592018127
(4,5): 0.3411087095737457
(4,6): 0.40702134370803833
(4,7): 0.4230625629425049
(4,8): 0.36409640312194824
(4,9): 0.41133230924606323
(4,16): 0.39974814653396606
(4,18): 0.44474828243255615
(5,0): 0.7430789470672607
(5,1): 0.3850253224372864
(5,2): 0.5653354525566101
(5,3): 0.4162335991859436
(5,4): 0.5227780938148499
(5,7): 0.4625105857849121
(5,8): 0.34917470812797546
(5,9): 0.5334770679473877
(5,14): 0.6330930590629578
(5,17): 0.35537487268447876
(6,3): 0.4612489342689514
(6,4): 0.5160327553749084
(6,7): 0.4906426668167114
(6,8): 0.4108174741268158
(6,9): 0.38187357783317566
(7,0): 0.3704293668270111
(7,1): 0.3579593896865845
(7,3): 0.5923581719398499
(7,4): 0.3508375883102417
(7,5): 0.5234909653663635
(7,6): 0.6174547076225281
(7,8): 0.42489784955978394
(7,9): 0.3847973942756653
(7,16): 0.5515592098236084
(7,17): 0.37000349164009094
(8,0): 0.469012051820755
(8,1): 0.5678364038467407
(8,2): 0.4397478401660919
(8,3): 0.5383031368255615
(8,4): 0.5674389600753784
(8,5): 0.5311806201934814
(8,6): 0.5841792821884155
(8,7): 0.6225778460502625
(8,9): 0.4509318768978119
(9,1): 0.63900226354599
(9,3): 0.4403087794780731
(9,4): 0.4148433208465576
(9,5): 0.521846354007721
(9,6): 0.43409842252731323
(9,7): 0.45702221989631653
(9,8): 0.5558664798736572
(9,14): 0.4704084098339081
(9,15): 0.5431888103485107
(9,18): 0.5757827758789062
(10,0): 0.4899349808692932
(10,1): 0.47119101881980896
(10,12): 0.417098730802536
(11,2): 0.3649909794330597
(11,12): 0.47523927688598633
(11,13): 0.4926552176475525
(12,2): 0.3763298988342285
(12,10): 0.5263965725898743
(12,11): 0.5929076671600342
(13,2): 0.5611655712127686
(13,11): 0.5970792174339294
(14,5): 0.4961403012275696
(14,9): 0.5290219783782959
(15,9): 0.5007084608078003
(15,17): 0.5924429297447205
(16,4): 0.4322564899921417
(16,7): 0.3957271873950958
(16,18): 0.4941145181655884
(17,5): 0.5696395635604858
(17,7): 0.3566376268863678
(17,15): 0.599757194519043
(18,4): 0.4604593515396118
(18,9): 0.2948383092880249
(18,16): 0.5246568918228149
