Interaction name: 5k8o

Affinity: 5.960000038146973
Predicted value: 5.520587921142578

Attributions for edges: 

(0,1): 4.065108034557963e-20
(0,5): 4.065108034557963e-20
(0,6): 4.065108034557963e-20
(0,8): 4.065108034557963e-20
(0,9): 4.065108034557963e-20
(0,10): 1.3149934151412699e-20
(0,13): 4.065108034557963e-20
(0,14): 4.065108034557963e-20
(0,15): 4.065108034557963e-20
(0,16): 3.909212600307847e-20
(0,17): 5.57524921777915e-32
(0,18): 9.576190590541614e-25
(0,19): 1.7532433971946673e-20
(1,0): 4.064364218241519e-20
(1,5): 4.118034669064286e-20
(1,6): 4.118034669064286e-20
(1,7): 4.118034669064286e-20
(1,9): 4.118034669064286e-20
(1,10): 1.3321141958959136e-20
(1,13): 4.118034669064286e-20
(1,14): 4.118034669064286e-20
(1,15): 4.118034669064286e-20
(1,16): 3.960109411139147e-20
(1,17): 5.647771929500307e-32
(1,19): 1.776063242343474e-20
(2,3): 4.118034669064286e-20
(2,4): 4.118034669064286e-20
(2,9): 4.118034669064286e-20
(2,10): 1.3321141958959136e-20
(2,11): 4.118034669064286e-20
(2,12): 4.118034669064286e-20
(2,15): 4.118034669064286e-20
(2,16): 3.960109411139147e-20
(2,18): 9.700906541428662e-25
(3,2): 4.118034669064286e-20
(3,4): 4.118034669064286e-20
(3,10): 1.3321141958959136e-20
(3,11): 4.118034669064286e-20
(3,15): 4.118034669064286e-20
(3,16): 3.960109411139147e-20
(3,18): 9.700906541428662e-25
(4,2): 4.118034669064286e-20
(4,3): 4.118034669064286e-20
(4,10): 1.3321141958959136e-20
(4,11): 4.118034669064286e-20
(4,15): 4.118034669064286e-20
(4,16): 3.960109411139147e-20
(5,0): 4.064364218241519e-20
(5,1): 4.118034669064286e-20
(5,7): 4.118034669064286e-20
(5,8): 4.118034669064286e-20
(5,9): 4.118034669064286e-20
(5,10): 1.3321141958959136e-20
(5,11): 4.118034669064286e-20
(5,12): 4.118034669064286e-20
(5,13): 4.118034669064286e-20
(5,14): 4.118034669064286e-20
(5,15): 4.118034669064286e-20
(5,16): 3.960109411139147e-20
(6,0): 4.064364218241519e-20
(6,1): 4.118034669064286e-20
(6,7): 4.118034669064286e-20
(6,8): 4.118034669064286e-20
(6,9): 4.118034669064286e-20
(6,10): 1.3321141958959136e-20
(6,11): 4.118034669064286e-20
(6,12): 4.118034669064286e-20
(6,13): 4.118034669064286e-20
(6,14): 4.118034669064286e-20
(7,1): 4.118034669064286e-20
(7,5): 4.118034669064286e-20
(7,6): 4.118034669064286e-20
(7,8): 4.118034669064286e-20
(7,9): 4.118034669064286e-20
(7,10): 1.3321141958959136e-20
(7,13): 4.118034669064286e-20
(7,14): 4.118034669064286e-20
(8,0): 4.064364218241519e-20
(8,5): 4.118034669064286e-20
(8,6): 4.118034669064286e-20
(8,7): 4.118034669064286e-20
(8,9): 4.118034669064286e-20
(8,10): 1.3321141958959136e-20
(8,13): 4.118034669064286e-20
(8,14): 4.118034669064286e-20
(9,0): 4.064364218241519e-20
(9,1): 4.118034669064286e-20
(9,2): 4.118034669064286e-20
(9,5): 4.118034669064286e-20
(9,6): 4.118034669064286e-20
(9,7): 4.118034669064286e-20
(9,8): 4.118034669064286e-20
(9,10): 1.3321141958959136e-20
(9,11): 4.118034669064286e-20
(9,12): 4.118034669064286e-20
(9,13): 4.118034669064286e-20
(9,14): 4.118034669064286e-20
(9,23): 9.090568519373765e-22
(10,0): 1.3291244711252886e-20
(10,1): 1.3466808141712297e-20
(10,2): 1.3466808141712297e-20
(10,3): 1.3466808141712297e-20
(10,4): 1.3466808141712297e-20
(10,5): 1.3466808141712297e-20
(10,6): 1.3466808141712297e-20
(10,7): 1.3466808141712297e-20
(10,8): 1.3466808141712297e-20
(10,9): 1.3466808141712297e-20
(10,11): 1.3466808141712297e-20
(10,12): 1.3466808141712297e-20
(10,13): 1.3466808141712297e-20
(10,14): 1.3466808141712297e-20
(10,20): 4.757714289658483e-25
(11,2): 4.118034669064286e-20
(11,3): 4.118034669064286e-20
(11,4): 4.118034669064286e-20
(11,5): 4.118034669064286e-20
(11,6): 4.118034669064286e-20
(11,9): 4.118034669064286e-20
(11,10): 1.3321141958959136e-20
(11,12): 4.118034669064286e-20
(11,13): 4.118034669064286e-20
(11,14): 4.118034669064286e-20
(11,21): 7.861219308542779e-25
(12,2): 4.118034669064286e-20
(12,5): 4.118034669064286e-20
(12,6): 4.118034669064286e-20
(12,9): 4.118034669064286e-20
(12,10): 1.3321141958959136e-20
(12,11): 4.118034669064286e-20
(12,13): 4.118034669064286e-20
(12,14): 4.118034669064286e-20
(12,22): 1.328764935436852e-27
(12,23): 9.090568519373765e-22
(13,0): 4.064364218241519e-20
(13,1): 4.118034669064286e-20
(13,5): 4.118034669064286e-20
(13,6): 4.118034669064286e-20
(13,7): 4.118034669064286e-20
(13,8): 4.118034669064286e-20
(13,9): 4.118034669064286e-20
(13,10): 1.3321141958959136e-20
(13,11): 4.118034669064286e-20
(13,12): 4.118034669064286e-20
(14,0): 4.064364218241519e-20
(14,1): 4.118034669064286e-20
(14,5): 4.118034669064286e-20
(14,6): 4.118034669064286e-20
(14,7): 4.118034669064286e-20
(14,8): 4.118034669064286e-20
(14,9): 4.118034669064286e-20
(14,10): 1.3321141958959136e-20
(14,11): 4.118034669064286e-20
(14,12): 4.118034669064286e-20
(15,0): 4.064364218241519e-20
(15,1): 4.118034669064286e-20
(15,2): 4.118034669064286e-20
(15,3): 4.118034669064286e-20
(15,4): 4.118034669064286e-20
(15,5): 4.118034669064286e-20
(15,16): 3.960109411139147e-20
(15,19): 1.776063242343474e-20
(15,23): 9.090568519373765e-22
(16,0): 3.9072890822662347e-20
(16,1): 3.958885765443937e-20
(16,2): 3.958885765443937e-20
(16,3): 3.958885765443937e-20
(16,4): 3.958885765443937e-20
(16,5): 3.958885765443937e-20
(16,15): 3.958885765443937e-20
(16,19): 1.707424053607765e-20
(17,0): 3.8286529854269504e-32
(17,1): 3.879196009902844e-32
(18,0): 8.262028687648128e-25
(18,2): 8.371098075518182e-25
(18,3): 8.371098075518182e-25
(18,20): 2.957441170714026e-29
(19,0): 1.7449631900160408e-20
(19,1): 1.767992092139973e-20
(19,15): 1.767992092139973e-20
(19,16): 1.7001967245642964e-20
(19,23): 3.9028758232822585e-22
(20,10): 4.0213106624824054e-25
(20,18): 2.928432452779801e-29
(21,11): 6.617134385050404e-25
(21,22): 2.1351322331926968e-32
(22,12): 1.0270211132544457e-27
(22,21): 1.9605636813823068e-32
(23,9): 8.650358385840494e-22
(23,12): 8.650358385840494e-22
(23,15): 8.650358385840494e-22
(23,19): 3.7308046863611477e-22
