Interaction name: 5ogk

Affinity: 5.110000133514404
Predicted value: 6.431591987609863

Shapley values for edges: 

(0,1): -0.003739004135131836
(0,18): -0.006271705627441406
(0,30): 0.007671031951904297
(1,0): 0.0015610980987548829
(1,18): -0.005670814514160156
(1,19): -0.005670089721679688
(1,31): -0.007037391662597656
(1,43): -0.0032095718383789063
(1,44): -0.001922740936279297
(2,3): 0.003951559066772461
(2,4): 0.004007692337036133
(2,21): 0.0005391597747802735
(2,31): -0.001119089126586914
(2,32): -0.004968128204345703
(2,33): -0.00033110618591308594
(2,34): -0.0037993240356445314
(2,42): 0.00026416778564453125
(2,44): -0.00021870613098144532
(3,2): 0.002594165802001953
(3,4): 0.002857170104980469
(3,9): 0.0023159503936767576
(3,20): -0.002894878387451172
(3,28): 0.0100836181640625
(3,31): -0.005229558944702149
(3,32): -0.014491825103759766
(3,33): -0.0009817218780517579
(3,34): -0.007158126831054688
(3,35): -0.00332672119140625
(3,44): 0.0005000495910644532
(4,2): 0.0055322074890136715
(4,3): 0.004173479080200195
(4,5): 0.0024083518981933595
(4,20): -0.0032578086853027343
(4,21): -0.001665802001953125
(4,31): -0.002249908447265625
(4,32): -0.009994821548461914
(4,33): -0.00044130325317382813
(4,34): -0.0008226490020751953
(4,35): -0.002204437255859375
(4,43): -0.0011788082122802734
(4,44): -0.00028896331787109375
(5,4): 0.003115415573120117
(5,6): 0.0009254837036132813
(5,7): 0.0005138397216796875
(5,8): 0.0023894119262695313
(5,26): 0.006935396194458008
(5,27): 0.0075349903106689455
(5,31): -0.0044037818908691405
(5,32): -0.014769783020019531
(5,33): 0.00047611236572265626
(5,34): -0.0020558452606201172
(5,35): -0.0010652542114257812
(5,42): 0.002193746566772461
(5,44): 0.00040727615356445313
(5,45): 0.00032138824462890625
(6,5): 0.0024762535095214843
(6,7): 0.0007405471801757812
(6,8): 0.0031427192687988282
(6,27): 0.011148214340209961
(6,35): 0.0027030086517333984
(6,42): -0.0038062381744384767
(6,44): -0.002638063430786133
(7,5): 0.0022054862976074218
(7,6): -2.6121139526367188e-05
(7,8): 0.0020903682708740233
(7,9): 0.0020905113220214843
(7,10): -0.00033855438232421875
(7,26): 0.007164602279663086
(7,28): 0.013895330429077148
(7,29): 0.009919214248657226
(7,33): 0.001082620620727539
(7,35): 0.0018913459777832032
(7,42): 5.6476593017578124e-05
(7,43): -0.0011612987518310547
(7,44): -0.0011643409729003907
(7,45): -0.0031602001190185547
(8,5): 0.0017832183837890624
(8,6): 0.0005925750732421875
(8,7): 0.0008679389953613281
(8,9): 0.0013350868225097657
(8,10): 0.00026925086975097655
(8,11): 0.0019368457794189454
(8,26): 0.007189435958862305
(8,27): 0.006363973617553711
(8,28): 0.007794132232666015
(8,29): 0.007728490829467773
(8,33): -0.001133089065551758
(8,34): -0.006899490356445313
(8,35): -0.006114854812622071
(8,36): -0.003420553207397461
(8,39): -0.0030751609802246093
(8,43): 0.000769195556640625
(8,44): -0.00016421318054199219
(8,45): -0.00021944046020507812
(9,3): 0.004158248901367187
(9,7): 0.0007104778289794922
(9,8): 0.002154884338378906
(9,10): 0.0004521846771240234
(9,11): 0.0021451854705810546
(9,21): 0.0011362266540527344
(9,27): 0.013958396911621094
(9,29): 0.009181203842163086
(9,33): 0.001125030517578125
(9,36): -0.0005744647979736328
(9,43): -0.0007359504699707032
(9,44): -0.0009662818908691407
(9,45): -0.0026321983337402343
(10,7): 0.0006603622436523438
(10,8): 0.003440732955932617
(10,9): 0.0017022895812988281
(10,11): 0.002005634307861328
(10,27): 0.010874500274658203
(10,28): 0.00982717514038086
(10,36): -0.00035666465759277345
(10,43): -0.0009781169891357423
(10,44): -0.0007318687438964843
(10,45): -0.002864570617675781
(11,8): 0.002180967330932617
(11,9): 0.000801858901977539
(11,10): 0.0001714324951171875
(11,12): 0.002226724624633789
(11,14): 0.0024321174621582033
(11,23): -0.0009473323822021485
(11,28): 0.007333383560180664
(11,29): 0.006701622009277344
(11,36): -0.0002419757843017578
(11,37): -0.004618854522705078
(11,39): -0.001398754119873047
(11,40): -0.0016559600830078126
(11,41): -0.00043602943420410154
(11,43): 6.380081176757813e-05
(11,44): 0.000369415283203125
(11,45): -0.0005330085754394531
(12,11): 0.0020213413238525393
(12,13): 0.002863731384277344
(12,14): 0.0016576385498046876
(12,16): 0.006622018814086914
(12,22): -0.0014037799835205078
(12,23): -0.0007092666625976563
(12,25): -0.001714496612548828
(12,36): -0.0011030006408691406
(12,37): -0.0024677276611328124
(12,38): -0.01024256706237793
(12,39): -0.0041008186340332035
(12,40): -0.005895509719848633
(12,41): -0.0013445186614990234
(12,43): -0.0001595020294189453
(12,45): -0.0010819244384765625
(13,12): 0.003350076675415039
(13,37): -0.0044349956512451175
(13,38): -0.0073326206207275394
(13,41): -0.0028122425079345702
(13,42): -0.001842632293701172
(14,11): 0.0032465267181396485
(14,12): 0.0032530879974365236
(14,15): 0.004187498092651367
(14,24): -0.00026759147644042966
(14,36): 0.0009283733367919922
(14,37): -0.004805507659912109
(14,39): 5.5818557739257814e-05
(14,40): -0.0021222591400146484
(14,41): -0.0003954601287841797
(14,43): 0.0007262325286865234
(14,44): 0.00024003028869628906
(14,45): 0.0005492782592773438
(15,14): 0.0015375709533691406
(15,16): 0.004095182418823242
(15,23): -0.0020856571197509764
(15,25): -1.5516281127929687e-05
(15,36): -0.0032697677612304687
(15,37): -0.008706588745117188
(15,39): -0.003248147964477539
(15,40): -0.0017904186248779298
(15,41): -0.0008792877197265625
(15,43): 0.0007501792907714844
(15,45): -0.0010274219512939452
(16,12): 0.0015007972717285157
(16,15): 0.002136955261230469
(16,24): -0.0038580322265625
(16,37): -0.005605897903442383
(16,38): -0.02072061538696289
(16,39): -0.0048106670379638675
(16,40): -0.006019144058227539
(16,41): -0.0014723014831542968
(17,18): 0.0007184219360351563
(17,19): -4.267692565917969e-05
(17,30): 0.003853893280029297
(17,42): 0.0031173229217529297
(18,0): 0.00699676513671875
(18,1): 0.004464206695556641
(18,17): -0.0003253173828125
(18,19): -0.0002407073974609375
(18,30): 0.0035675716400146483
(19,1): 0.004526252746582031
(19,17): -0.0002097320556640625
(19,18): 0.00043523788452148437
(19,30): 0.002619590759277344
(19,31): 0.001954946517944336
(19,42): 0.004719228744506836
(20,3): -0.0052200984954833985
(20,4): -0.005512466430664062
(20,21): 0.0030358409881591796
(20,31): -0.0030458450317382814
(20,32): -0.0033989429473876955
(20,33): 9.806632995605469e-05
(20,34): -0.0076477909088134765
(21,2): -0.006330022811889649
(21,4): -0.005939903259277343
(21,9): -0.0040692138671875
(21,20): 0.003110456466674805
(21,28): 0.011345081329345703
(21,31): -0.004199104309082031
(21,32): -0.011533689498901368
(21,33): -0.0014120960235595704
(21,34): -0.005748958587646485
(21,35): -0.0002948379516601563
(22,12): -0.0034457874298095704
(22,37): -0.0032124710083007812
(22,38): -0.005475187301635742
(22,41): 0.0018248653411865234
(23,11): -0.007325410842895508
(23,12): -0.0046756362915039065
(23,15): -0.004664144515991211
(23,24): 0.004078435897827149
(23,36): -0.003264293670654297
(23,37): -0.005803766250610351
(23,39): -0.000746622085571289
(23,40): -0.0045417404174804684
(23,41): -0.0010448169708251953
(24,14): -0.0051231193542480465
(24,16): -0.005685319900512695
(24,23): 0.0027437686920166017
(24,25): 0.004124298095703125
(24,36): -0.0013846874237060547
(24,37): -0.00974578857421875
(24,39): -0.002881784439086914
(24,40): -0.002859086990356445
(24,41): -0.0033672618865966796
(25,12): -0.007581977844238281
(25,15): -0.0049970149993896484
(25,24): 0.005982513427734375
(25,37): -0.0029670238494873048
(25,38): -0.014973278045654298
(25,39): -0.00435171127319336
(25,40): -0.0020394992828369142
(25,41): -0.002120351791381836
(26,5): -0.008868961334228516
(26,7): -0.003617086410522461
(26,8): -0.007283267974853516
(26,27): -0.005882368087768554
(26,35): -0.018215408325195314
(27,5): -0.00339747428894043
(27,6): -0.0012578868865966797
(27,8): -0.00491185188293457
(27,9): -0.006342077255249023
(27,10): -0.002873573303222656
(27,26): 1.53350830078125e-05
(27,28): -0.008581295013427734
(27,29): -0.002373800277709961
(27,33): -0.012133245468139648
(27,35): -0.012985610961914062
(28,3): -0.00889328956604004
(28,7): -0.0014873027801513671
(28,8): -0.003307046890258789
(28,10): -0.002047929763793945
(28,11): -0.003209056854248047
(28,21): -0.010773792266845703
(28,27): -0.0055002117156982425
(28,29): -0.0017864036560058594
(28,33): -0.009738225936889649
(28,36): -0.009872369766235352
(29,7): -0.004565649032592774
(29,8): -0.005855865478515625
(29,9): -0.00532588005065918
(29,11): -0.0043379592895507815
(29,27): -0.005263309478759765
(29,28): -0.004628133773803711
(29,36): -0.013940763473510743
(30,0): 0.00817093849182129
(30,17): -0.0016277694702148437
(30,18): -0.001314840316772461
(30,19): -0.0021184349060058595
(31,1): 0.010254259109497071
(31,2): -0.002650279998779297
(31,3): -0.0032604312896728515
(31,4): -0.0006577968597412109
(31,5): 0.0023031139373779295
(31,19): 0.002138481140136719
(31,20): -0.008797245025634766
(31,21): -0.006075077056884766
(31,32): 0.000620889663696289
(31,33): 0.001004953384399414
(31,34): 0.000122833251953125
(31,35): 0.0017687320709228516
(31,49): -0.008513288497924805
(32,2): 0.0002297019958496094
(32,3): -0.0021491241455078125
(32,4): -0.0013957881927490234
(32,5): 0.002814350128173828
(32,20): -0.004902315139770508
(32,21): -0.001522846221923828
(32,31): 0.0020933151245117188
(32,33): 0.0018395423889160157
(32,34): 0.0034477043151855467
(32,35): 0.0051852607727050784
(32,48): -0.006725597381591797
(33,2): -0.005080127716064453
(33,3): -0.00224853515625
(33,4): -0.004155015945434571
(33,5): -0.0019657135009765623
(33,7): 0.00015956878662109374
(33,8): -0.003477668762207031
(33,9): -0.00044399261474609375
(33,20): -0.007569417953491211
(33,21): -0.0028192424774169922
(33,27): 0.0023089599609375
(33,28): 0.0020560455322265626
(33,31): -0.0005662250518798828
(33,32): -8.548736572265625e-05
(33,34): -0.0004498672485351563
(33,35): -0.00027802467346191404
(33,50): -0.007258243560791015
(34,2): -0.005790176391601562
(34,3): -0.0017611217498779298
(34,4): -0.000664377212524414
(34,5): 0.0005302238464355469
(34,8): -0.0017084693908691407
(34,20): -0.016770715713500976
(34,21): -0.00336695671081543
(34,31): 0.0004185771942138672
(34,32): 0.0007194137573242188
(34,33): 0.0007380962371826172
(34,35): 0.0007144546508789062
(34,49): -0.007218217849731446
(35,3): -0.010612468719482421
(35,4): -0.004546432495117187
(35,5): -0.0008587455749511719
(35,6): 0.0035357761383056643
(35,7): 0.0008617877960205078
(35,8): -0.003039836883544922
(35,21): -0.009743919372558594
(35,26): 0.0065122699737548825
(35,27): 0.0021613788604736327
(35,31): -0.0011290550231933595
(35,32): -0.0006392192840576172
(35,33): -0.0002598762512207031
(35,34): -0.00039284706115722657
(35,53): -0.012394161224365234
(36,8): -0.003331737518310547
(36,9): 0.0007842254638671875
(36,10): 0.000690298080444336
(36,11): -0.0008582305908203125
(36,12): -0.0008863925933837891
(36,14): -0.0011951065063476563
(36,15): -0.006844425201416015
(36,23): -0.006487083435058594
(36,24): -0.01687978744506836
(36,28): 0.0021167755126953124
(36,29): 0.004915151596069336
(36,37): -0.0006798839569091797
(36,38): -0.00015924453735351562
(36,39): 0.00015625953674316406
(36,40): 0.0005884647369384765
(36,41): -0.000536031723022461
(36,50): -0.005593395233154297
(37,11): 0.00018036842346191406
(37,12): -9.164810180664062e-05
(37,13): 0.0018122577667236328
(37,14): 0.000799560546875
(37,15): -0.0017949295043945311
(37,16): -0.001323232650756836
(37,22): -0.005933675765991211
(37,23): -0.007564268112182617
(37,24): -0.009255733489990235
(37,25): -0.005471878051757813
(37,36): 0.0008706188201904297
(37,38): 0.0007267951965332031
(37,39): 0.0017833328247070313
(37,40): 0.0021804237365722658
(37,41): 0.0011951828002929688
(37,50): -0.0012313175201416017
(37,51): -0.010521926879882813
(37,53): -0.00707550048828125
(38,12): -7.742881774902344e-05
(38,13): 0.0012584590911865234
(38,16): -0.002469215393066406
(38,22): -0.00388214111328125
(38,25): -0.008433942794799804
(38,36): 0.006508150100708008
(38,37): 0.0017780780792236329
(38,40): 0.006339712142944336
(38,41): 0.003485965728759766
(38,51): -0.006451730728149414
(38,52): 0.0021665096282958984
(39,8): -0.0043721961975097656
(39,11): -0.001579160690307617
(39,12): -0.0019582080841064452
(39,14): -0.0014748382568359375
(39,15): -0.001995716094970703
(39,16): -0.009238262176513672
(39,23): -0.004017782211303711
(39,24): -0.009407062530517579
(39,25): -0.017981796264648436
(39,36): -0.00015642166137695313
(39,37): -0.0004662609100341797
(39,40): 0.00046805381774902346
(39,41): 0.0003000068664550781
(39,53): -0.006233015060424805
(40,11): -0.003012666702270508
(40,12): -0.0043662071228027345
(40,14): -0.0015821456909179688
(40,15): -0.0019050121307373046
(40,16): -0.0034897518157958984
(40,23): -0.006382503509521484
(40,24): -0.00523036003112793
(40,25): -0.008682355880737305
(40,36): 0.00034585952758789065
(40,37): 0.0001165008544921875
(40,38): -3.142356872558594e-05
(40,39): -0.00024012565612792968
(40,41): 0.0013004493713378905
(41,11): -0.0036222171783447266
(41,12): -0.0015691184997558593
(41,13): -0.006071710586547851
(41,14): -0.001586589813232422
(41,15): -0.0023007678985595705
(41,16): -0.0015706634521484375
(41,22): -0.022435216903686522
(41,23): -0.007540102005004883
(41,24): -0.007253856658935547
(41,25): -0.002982797622680664
(41,36): 0.0015066051483154297
(41,37): 3.521919250488281e-05
(41,38): 0.0004047107696533203
(41,39): 0.0001625823974609375
(41,40): 0.0011040782928466797
(41,52): -0.0026065540313720704
(42,2): 0.003751516342163086
(42,5): 0.004472799301147461
(42,6): -0.0032217884063720703
(42,7): -0.0001895904541015625
(42,13): 0.008208684921264649
(42,17): -0.00931112289428711
(42,19): -0.007651910781860351
(43,1): -0.0010027408599853516
(43,4): 0.010343456268310547
(43,7): -0.0010989761352539062
(43,8): 0.01160472869873047
(43,9): 0.0015548801422119141
(43,10): -0.0013466548919677734
(43,11): 0.005600423812866211
(43,12): 0.007964248657226563
(43,14): 0.003620729446411133
(43,15): 0.013549680709838868
(43,44): -0.0020472049713134766
(43,47): 0.004074153900146485
(44,1): 0.0011239337921142578
(44,2): 0.009710817337036133
(44,3): 0.015369920730590821
(44,4): 0.008383674621582031
(44,5): 0.0032027053833007814
(44,6): -0.0016553401947021484
(44,7): 0.00041968345642089843
(44,8): 0.004821090698242187
(44,9): 0.0008375167846679688
(44,10): -0.0004751110076904297
(44,11): 0.003969154357910156
(44,14): 0.00573002815246582
(44,43): -0.001222972869873047
(44,50): -0.012285957336425781
(44,52): -0.015600719451904298
(45,5): 0.006167125701904297
(45,7): -0.0005204105377197266
(45,8): 0.009979534149169921
(45,9): 0.005993165969848633
(45,10): 0.00035266876220703126
(45,11): 0.008160295486450196
(45,12): 0.008474130630493164
(45,14): 0.003201761245727539
(45,15): 0.010687217712402344
(45,53): -0.01018482208251953
(47,43): 0.0010289287567138673
(47,50): -0.026729183197021486
(47,52): -0.03592167854309082
(48,32): 0.03037959098815918
(49,31): 0.02662599563598633
(49,34): 0.024730701446533204
(50,33): 0.014492435455322266
(50,36): 0.00860647201538086
(50,37): 0.0047815036773681645
(50,44): 0.004480981826782226
(50,47): 0.013140745162963867
(50,52): 0.0020137310028076174
(51,37): 0.026714839935302735
(51,38): 0.023232851028442383
(52,38): 0.0078118228912353515
(52,41): 0.008073711395263672
(52,44): 0.007155008316040039
(52,47): 0.022297773361206055
(52,50): 0.0008214569091796875
(53,35): 0.01940887451171875
(53,37): 0.013247995376586915
(53,39): 0.017428855895996093
(53,45): 0.007511367797851562
