Interaction name: 5hbe

Affinity: 8.640000343322754
Predicted value: 7.550346374511719

Attributions for edges: 

(0,4): 0.5290344953536987
(0,5): 0.5036321878433228
(0,6): 0.5070320963859558
(1,8): 0.41098618507385254
(1,9): 0.433115690946579
(1,14): 0.5267999768257141
(1,19): 0.47474923729896545
(1,20): 0.4306132197380066
(1,21): 0.545774519443512
(2,3): 0.4820091724395752
(2,11): 0.532085657119751
(2,15): 0.5287436842918396
(3,2): 0.5280619263648987
(3,11): 0.4555357098579407
(3,15): 0.4357703924179077
(4,0): 0.5678447484970093
(4,5): 0.4521929621696472
(4,6): 0.44853273034095764
(4,7): 0.5564107894897461
(4,12): 0.5048919916152954
(4,13): 0.4711371958255768
(4,18): 0.5317816734313965
(5,0): 0.4797283113002777
(5,4): 0.591610848903656
(5,6): 0.5516313314437866
(5,13): 0.6008520126342773
(5,18): 0.5892290472984314
(6,0): 0.6027016043663025
(6,4): 0.3531608581542969
(6,5): 0.5132468342781067
(6,7): 0.5382800102233887
(6,12): 0.5194828510284424
(6,13): 0.4406745135784149
(6,18): 0.4153117537498474
(7,4): 0.5022792816162109
(7,6): 0.5160726308822632
(7,8): 0.517625629901886
(7,9): 0.37696295976638794
(7,10): 0.49345123767852783
(7,12): 0.5689097046852112
(7,13): 0.619801938533783
(7,14): 0.524756133556366
(7,18): 0.3962462544441223
(7,19): 0.5186208486557007
(7,20): 0.5610607862472534
(7,23): 0.4119396507740021
(7,28): 0.46654993295669556
(7,32): 0.4986926019191742
(8,1): 0.5603710412979126
(8,7): 0.537095844745636
(8,9): 0.4018978476524353
(8,10): 0.5162166357040405
(8,12): 0.4826498031616211
(8,13): 0.5811011791229248
(8,14): 0.5383362770080566
(8,17): 0.5062201619148254
(8,18): 0.6303408741950989
(8,19): 0.47528234124183655
(8,20): 0.5302870869636536
(8,23): 0.5404190421104431
(8,25): 0.5438757538795471
(9,1): 0.40183666348457336
(9,7): 0.47637179493904114
(9,8): 0.4626027047634125
(9,12): 0.42783817648887634
(9,14): 0.3760265111923218
(9,19): 0.5240238308906555
(9,20): 0.5641528964042664
(9,29): 0.4991110861301422
(10,7): 0.5294381976127625
(10,8): 0.3973355293273926
(10,11): 0.46085843443870544
(10,12): 0.5472615361213684
(10,15): 0.5984593629837036
(10,16): 0.5495884418487549
(10,17): 0.4814733564853668
(10,19): 0.3868608772754669
(10,20): 0.4317047894001007
(10,23): 0.4268514811992645
(11,2): 0.4761061668395996
(11,3): 0.4611681401729584
(11,10): 0.4171180725097656
(11,15): 0.42364466190338135
(11,16): 0.5757951140403748
(11,20): 0.44865307211875916
(11,25): 0.5575735569000244
(11,28): 0.5948368310928345
(11,30): 0.4441240131855011
(12,4): 0.5280771255493164
(12,6): 0.527531087398529
(12,7): 0.5351053476333618
(12,8): 0.46011799573898315
(12,9): 0.6244324445724487
(12,10): 0.4277564287185669
(12,13): 0.506027340888977
(12,17): 0.42177385091781616
(12,18): 0.6103881597518921
(12,19): 0.5557817816734314
(12,20): 0.5564720034599304
(12,22): 0.5444405674934387
(12,23): 0.5855374336242676
(12,32): 0.479988694190979
(13,4): 0.5006256699562073
(13,5): 0.4505230188369751
(13,6): 0.5367591381072998
(13,7): 0.45878350734710693
(13,8): 0.4658261239528656
(13,12): 0.5002810955047607
(13,18): 0.6022350788116455
(13,24): 0.4453839063644409
(13,25): 0.577743649482727
(13,30): 0.5234686136245728
(14,1): 0.5977931022644043
(14,7): 0.4265679121017456
(14,8): 0.49990853667259216
(14,9): 0.49324801564216614
(14,18): 0.4632692039012909
(14,23): 0.5007842183113098
(14,26): 0.4680804908275604
(14,27): 0.5721386075019836
(14,28): 0.5343126058578491
(14,29): 0.5331780910491943
(15,2): 0.4989895522594452
(15,3): 0.4914844334125519
(15,10): 0.642954409122467
(15,11): 0.6365020275115967
(15,16): 0.5756129622459412
(15,17): 0.3840465843677521
(15,19): 0.49918511509895325
(15,20): 0.43064871430397034
(16,10): 0.5160363912582397
(16,11): 0.5717000961303711
(16,15): 0.5534765720367432
(16,17): 0.5063323974609375
(16,19): 0.5823355913162231
(16,20): 0.3912782073020935
(17,8): 0.5263663530349731
(17,10): 0.5014819502830505
(17,12): 0.4472618103027344
(17,15): 0.45254889130592346
(17,16): 0.49937891960144043
(17,19): 0.5376833081245422
(17,20): 0.5818855166435242
(17,22): 0.6218535304069519
(17,31): 0.5627408027648926
(17,32): 0.4369434118270874
(18,4): 0.44247251749038696
(18,5): 0.5073924660682678
(18,6): 0.5564913153648376
(18,7): 0.4518090784549713
(18,8): 0.509782075881958
(18,12): 0.563311755657196
(18,13): 0.4837753176689148
(18,14): 0.5167121887207031
(18,22): 0.4729669392108917
(18,27): 0.5661264061927795
(19,1): 0.5436821579933167
(19,7): 0.5349454283714294
(19,8): 0.45214763283729553
(19,9): 0.6095466017723083
(19,10): 0.3988449275493622
(19,12): 0.49638742208480835
(19,15): 0.46432968974113464
(19,16): 0.5304720997810364
(19,17): 0.5758165121078491
(19,20): 0.43561652302742004
(20,1): 0.6169509887695312
(20,7): 0.5006882548332214
(20,8): 0.5480048656463623
(20,9): 0.6514819264411926
(20,10): 0.4767487645149231
(20,11): 0.5754845142364502
(20,12): 0.6386561393737793
(20,15): 0.506768524646759
(20,16): 0.42925509810447693
(20,17): 0.4918419122695923
(20,19): 0.5974797010421753
(20,31): 0.5117458701133728
(20,32): 0.4639897346496582
(21,1): 0.44548362493515015
(22,12): 0.5869321227073669
(22,17): 0.612808108329773
(22,18): 0.39278924465179443
(23,7): 0.42427343130111694
(23,8): 0.46834710240364075
(23,10): 0.47574809193611145
(23,12): 0.5551815032958984
(23,14): 0.4507327675819397
(23,28): 0.5543848872184753
(24,13): 0.41134271025657654
(24,30): 0.5867611169815063
(25,8): 0.4425218999385834
(25,11): 0.6075242757797241
(25,13): 0.5886584520339966
(26,14): 0.5682010650634766
(27,14): 0.525383710861206
(27,18): 0.5379636287689209
(28,7): 0.5257369875907898
(28,11): 0.6476970314979553
(28,14): 0.5218355655670166
(28,23): 0.5147657990455627
(29,9): 0.5912455916404724
(29,14): 0.5530744194984436
(30,11): 0.45096319913864136
(30,13): 0.41173943877220154
(30,24): 0.621904730796814
(31,17): 0.5730013251304626
(31,20): 0.49887821078300476
(32,7): 0.5813049077987671
(32,12): 0.4626147449016571
(32,17): 0.5553829073905945
(32,20): 0.5850117206573486
