Interaction name: 5hwu

Affinity: 5.269999980926514
Predicted value: 6.316065788269043

Attributions for edges: 

(0,13): 5.444785760569466e-26
(0,26): 1.2411902970082796e-25
(0,28): 1.3612426008312736e-25
(1,13): 3.272270531310577e-26
(1,22): 1.4486586196696262e-26
(1,26): 7.45950569762482e-26
(2,3): 1.1283547146133771e-25
(2,22): 6.920103564752487e-27
(2,23): 5.701277720926256e-26
(2,24): 1.189332183472764e-25
(2,25): 1.2799739654861303e-26
(2,27): 3.357738063713034e-26
(2,28): 3.9079629984264496e-26
(2,29): 5.599949153948199e-26
(2,30): 4.8346816609179087e-26
(2,31): 2.7168848169402827e-28
(3,2): 1.1365582517300934e-25
(3,4): 8.745570347226597e-25
(3,7): 1.3650182863388876e-24
(3,14): 1.624193310545754e-24
(3,17): 1.976212530131702e-24
(3,22): 6.963800912223491e-26
(3,23): 5.737278867450214e-25
(3,24): 1.196837775903586e-24
(3,25): 1.288056276868427e-25
(3,28): 3.932625193884229e-25
(4,3): 8.73903364855071e-25
(4,5): 8.83503407641158e-25
(4,6): 4.611897788670971e-25
(4,7): 1.0505719200229374e-24
(4,8): 8.782412123652681e-25
(4,15): 2.2865945864563405e-24
(4,16): 2.5306726864819266e-24
(4,17): 1.5209709597051977e-24
(4,18): 1.5434384085391842e-24
(4,22): 5.359594945781419e-26
(4,23): 4.415619334690668e-25
(4,24): 9.211264521862506e-25
(4,25): 9.913275415944661e-26
(4,29): 4.337140000572821e-25
(5,4): 8.838809761919194e-25
(5,6): 6.056169478890953e-25
(5,7): 1.3795711923184048e-24
(5,16): 3.32318345389617e-24
(5,17): 1.997273735794519e-24
(5,24): 1.209593065095331e-24
(5,28): 3.9745521649205943e-25
(5,29): 5.695368166670019e-25
(5,30): 4.9170617273227985e-25
(6,4): 4.60368919791408e-25
(6,5): 6.042831320097863e-25
(6,15): 1.5639390299212284e-24
(6,24): 6.300159226495154e-25
(6,27): 1.778669211645587e-25
(6,28): 2.0701512207129714e-25
(6,29): 2.966430082802764e-25
(6,30): 2.5610588689939413e-25
(7,3): 1.3654818407283181e-24
(7,4): 1.0517146836517632e-24
(7,5): 1.3804871584369796e-24
(7,8): 1.3722546060300931e-24
(7,9): 9.965643330840176e-25
(7,12): 6.752512284109579e-25
(7,15): 3.572838603306442e-24
(7,18): 2.411636336897244e-24
(7,21): 2.1259083532282517e-24
(7,23): 6.899418892260493e-25
(7,24): 1.4392739605625678e-24
(7,28): 4.729251202121977e-25
(7,30): 5.850727419420377e-25
(8,4): 8.78546107105136e-25
(8,7): 1.371249893059681e-24
(8,9): 8.324796870762367e-25
(8,11): 9.033586421951183e-25
(8,12): 5.640730181260214e-25
(8,17): 1.9852339434438096e-24
(8,20): 1.742790757644294e-24
(8,21): 1.775876767300621e-24
(8,23): 5.76342615519183e-25
(8,24): 1.202296989190555e-24
(8,28): 3.950577942453829e-25
(8,30): 4.8874025294387515e-25
(9,7): 9.946615019730113e-25
(9,8): 8.314988371482075e-25
(9,10): 3.191158065772764e-25
(9,11): 6.552679025675124e-25
(9,12): 4.091623807117017e-25
(9,17): 1.4400207160169726e-24
(9,18): 1.4613036902017697e-24
(9,19): 1.381593535856552e-24
(9,20): 1.2641705054306598e-24
(9,21): 1.288165090369541e-24
(9,27): 2.462157158635087e-25
(9,28): 2.865624998991031e-25
(9,30): 3.5451820767417183e-25
(10,9): 3.1844335195938208e-25
(10,11): 3.4555751199986307e-25
(10,12): 2.157714041635405e-25
(10,20): 6.666642309385943e-25
(10,21): 6.793152918832368e-25
(10,27): 1.2984162392252749e-25
(10,28): 1.5111961842286042e-25
(10,29): 2.1654813633234375e-25
(10,30): 1.8695554789098135e-25
(11,8): 9.024561853195454e-25
(11,9): 6.553878587289125e-25
(11,10): 3.4634935578538195e-25
(11,12): 4.440771671615574e-25
(11,18): 1.5860062304534284e-24
(11,19): 1.4994825858622037e-24
(11,21): 1.3980926602968627e-24
(11,28): 3.1101556093533747e-25
(11,30): 3.847715164274634e-25
(12,7): 6.731602046702499e-25
(12,8): 5.627361947145113e-25
(12,9): 4.0867259669717263e-25
(12,10): 2.1596985198501017e-25
(12,11): 4.434677228084676e-25
(12,17): 9.745675383876086e-25
(12,18): 9.889711524408127e-25
(12,19): 9.350184899424189e-25
(12,20): 8.555534741234987e-25
(12,27): 1.6663092877246295e-25
(12,28): 1.9393709016170375e-25
(12,29): 2.7790381469197757e-25
(12,30): 2.399283958412841e-25
(13,0): 5.429892929495508e-26
(13,1): 3.267991885346126e-26
(14,3): 1.6262144707925433e-24
(14,22): 9.973511109034107e-26
(14,23): 8.216830409045424e-25
(14,24): 1.714096731077785e-24
(14,25): 1.844731875115255e-25
(15,4): 2.294975050282956e-24
(15,6): 1.5724695745350621e-24
(15,7): 3.58202331082593e-24
(15,16): 8.628498261295915e-24
(15,17): 5.185872194448874e-24
(15,24): 3.1406666784074472e-24
(16,4): 2.540819607090558e-24
(16,5): 3.3350956479954596e-24
(16,15): 8.631559041608172e-24
(16,24): 3.477130842841408e-24
(17,3): 1.979343321849298e-24
(17,4): 1.5245143256762242e-24
(17,5): 2.001086892195131e-24
(17,8): 1.989153201636174e-24
(17,9): 1.444576387744624e-24
(17,12): 9.788149627165448e-25
(17,15): 5.179012260017072e-24
(17,18): 3.495790164263053e-24
(17,21): 3.081612945473055e-24
(17,23): 1.0001097698149203e-24
(17,24): 2.086301027683689e-24
(18,4): 1.5468866181635184e-24
(18,7): 2.4143979417111966e-24
(18,9): 1.4657700234319048e-24
(18,11): 1.590568508891161e-24
(18,12): 9.93171442330662e-25
(18,17): 3.49543004925982e-24
(18,20): 3.068580568888351e-24
(18,21): 3.126823747242629e-24
(18,23): 1.014782582652031e-24
(18,24): 2.1169096196671693e-24
(19,9): 1.3850976559975438e-24
(19,11): 1.5030274309474274e-24
(19,12): 9.385133409677743e-25
(19,20): 2.899704381742258e-24
(19,21): 2.954730979755497e-24
(20,8): 1.7447666569966464e-24
(20,9): 1.2670914601474669e-24
(20,10): 6.696157047116721e-25
(20,12): 8.585580480962592e-25
(20,18): 3.0662983942895468e-24
(20,19): 2.8990407525057407e-24
(20,21): 2.7030072398365088e-24
(21,7): 2.1271170853502766e-24
(21,8): 1.778188326968145e-24
(21,9): 1.291363132479307e-24
(21,10): 6.824424351191461e-25
(21,11): 1.4013069726627988e-24
(21,17): 3.0795445521795654e-24
(21,18): 3.125034807924814e-24
(21,19): 2.954573404789679e-24
(21,20): 2.703460834857011e-24
(22,1): 1.4448614561912724e-26
(22,2): 6.914245656233639e-27
(22,3): 6.907684552173496e-26
(22,4): 5.3203620579959e-26
(22,14): 9.88077003256648e-26
(22,23): 3.4902568350288485e-26
(22,24): 7.28098216069023e-26
(22,25): 7.835853208801485e-27
(22,35): 1.662137476946054e-26
(22,36): 2.9980968296163114e-28
(23,2): 5.731632225742545e-26
(23,3): 5.7261938926176615e-25
(23,4): 4.410400526764565e-25
(23,7): 6.883802897603578e-25
(23,8): 5.754595350395947e-25
(23,14): 8.190762500432396e-25
(23,17): 9.966021984074682e-25
(23,18): 1.0113238220130895e-24
(23,22): 3.51182570966203e-26
(23,24): 6.035597465596986e-25
(23,25): 6.495608267189327e-26
(23,35): 1.3778455344363306e-25
(24,2): 1.1983767202701558e-25
(24,3): 1.1972442364850012e-24
(24,4): 9.22131954017568e-25
(24,5): 1.210400760054664e-24
(24,6): 6.31828182667841e-25
(24,7): 1.4392739605625678e-24
(24,8): 1.2031778509988473e-24
(24,14): 1.712541097372689e-24
(24,15): 3.132626213630982e-24
(24,16): 3.466998318944297e-24
(24,17): 2.083716127712506e-24
(24,18): 2.1145045799823768e-24
(24,22): 7.342596511471066e-26
(24,23): 6.049334985223345e-25
(24,25): 1.3581148906015887e-25
(25,2): 1.2813906025160237e-26
(25,3): 1.2801796239893117e-25
(25,4): 9.860097562766614e-26
(25,14): 1.8311722189711208e-25
(25,22): 7.851232144593406e-27
(25,23): 6.468407973398758e-26
(25,24): 1.3493565624013724e-25
(25,37): 6.379303014147534e-28
(26,0): 1.2407926618082417e-25
(26,1): 7.467762852631188e-26
(27,2): 3.367409929819351e-26
(27,6): 1.7754152836710668e-25
(27,9): 2.455300971292585e-25
(27,10): 1.297539864063381e-25
(27,12): 1.663654524259528e-25
(27,35): 8.094992937645819e-26
(28,0): 1.3613307313855287e-25
(28,2): 3.9207893837072775e-26
(28,3): 3.9170843875323423e-25
(28,5): 3.960113791683754e-25
(28,6): 2.0671841176332089e-25
(28,7): 4.708944936345457e-25
(28,8): 3.9364975148527327e-25
(28,9): 2.858779411966943e-25
(28,10): 1.510769706301719e-25
(28,11): 3.1021814581967547e-25
(28,12): 1.9370568274553782e-25
(29,2): 5.624805051736065e-26
(29,4): 4.328181991955971e-25
(29,5): 5.68121994633488e-25
(29,6): 2.9655813177725527e-25
(29,10): 2.167365754810784e-25
(29,12): 2.7789215434172227e-25
(30,2): 4.853659928664296e-26
(30,5): 4.902340596755243e-25
(30,6): 2.559017691401682e-25
(30,7): 5.829362600916663e-25
(30,8): 4.873105411607752e-25
(30,9): 3.538979657874418e-25
(30,10): 1.8702257641602185e-25
(30,11): 3.8402660986580516e-25
(30,12): 2.3979298293652225e-25
(31,2): 2.6884814428617028e-28
(31,37): 1.3384344940383546e-29
(35,22): 1.6682992201729286e-26
(35,23): 1.3744594722601858e-25
(35,27): 8.094776617194465e-26
(36,22): 2.9745386137953237e-28
(37,25): 6.321165448398803e-28
(37,31): 1.3417469430794237e-29
