Interaction name: 5eyk

Affinity: 8.520000457763672
Predicted value: 7.637453079223633

Shapley values for edges: 

(0,3): -0.03463836193084717
(0,13): 0.018466405868530274
(0,26): 0.045768599510192874
(0,28): 0.04023448467254639
(1,2): -0.019459304809570314
(1,4): -0.008742499351501464
(1,8): -0.04876101493835449
(1,18): -0.03127633571624756
(1,24): -0.04803410053253174
(1,29): 0.16499412059783936
(2,1): -0.08977273941040038
(2,8): 0.0026833391189575195
(2,11): -0.04401711463928223
(2,12): 0.006125764846801758
(2,18): -0.019429473876953124
(2,20): -0.014601049423217773
(2,21): 0.016620068550109862
(2,23): 0.003287343978881836
(2,24): -0.04220142841339111
(2,25): -0.03014659881591797
(3,0): -0.047073159217834476
(3,13): -0.016027841567993164
(3,14): 0.08618069171905518
(3,26): 0.013122973442077636
(3,30): 0.036963672637939454
(4,1): -0.04988413333892822
(4,7): 0.01438636302947998
(4,8): 0.006041150093078613
(4,15): -0.00026876449584960937
(4,16): 0.0009957122802734374
(4,30): 0.06294907569885254
(5,11): -0.047240586280822755
(5,22): -0.004270849227905274
(5,25): -0.0180226993560791
(5,27): -0.012931008338928223
(6,11): 0.03994473934173584
(6,22): 0.07539724826812744
(6,25): 0.07973687648773194
(6,27): 0.05027285099029541
(7,4): -0.02326503276824951
(7,8): -0.0042034626007080075
(7,10): -0.004799089431762695
(7,15): 0.004846882820129394
(7,16): -0.007048959732055664
(7,19): -0.00408362865447998
(7,20): -0.0019684934616088865
(7,21): 0.00123715877532959
(7,23): 0.0005508232116699219
(7,26): -0.01415276050567627
(7,39): -0.00018135547637939452
(8,1): 0.027041940689086913
(8,2): 0.007053656578063965
(8,4): 0.010057477951049805
(8,7): -0.004003944396972656
(8,15): 0.01235201358795166
(8,16): -0.014231829643249512
(8,19): -0.007231321334838867
(8,21): 0.0003801107406616211
(8,23): -0.019019227027893066
(8,31): -0.013471956253051759
(8,38): -0.005621061325073242
(9,10): -0.010788121223449708
(9,17): -0.003858675956726074
(9,20): -0.010479893684387207
(9,21): 0.022424216270446776
(9,23): 0.0017747020721435548
(9,41): -0.01205162525177002
(10,7): -0.013287959098815917
(10,9): -0.0009238767623901367
(10,17): -0.009394302368164062
(10,20): -0.00427311897277832
(10,21): -0.006794476509094238
(10,23): -0.0020560216903686523
(10,32): -0.004885725975036621
(10,40): -0.017277641296386717
(11,2): 0.03538786888122559
(11,5): -0.029849390983581543
(11,6): 0.029241843223571776
(11,12): -0.007172765731811523
(11,18): 0.0006376266479492188
(11,22): -0.02451625347137451
(11,24): -0.02515397548675537
(11,25): -0.038441638946533206
(11,27): -0.019698925018310547
(12,2): -0.0067411851882934574
(12,11): -0.003966717720031738
(12,18): 0.0053036737442016604
(12,20): -0.0103408145904541
(12,21): -0.0021802949905395507
(12,22): 0.006824822425842285
(12,23): -0.011543178558349609
(12,24): -0.036744303703308105
(12,25): -0.008375558853149414
(12,27): -0.011892786026000976
(12,31): 0.004948101043701172
(12,32): 0.009026017189025879
(13,0): -0.020373954772949218
(13,3): -0.053248534202575686
(13,15): 0.0020397424697875975
(13,16): -0.0018901395797729491
(13,19): -0.007476482391357422
(13,26): -0.02375755786895752
(13,33): -0.02727813720703125
(14,3): -0.08401508331298828
(14,34): 0.0070870304107666015
(14,35): -0.01685840606689453
(14,36): -0.02409905433654785
(14,37): -0.007105026245117187
(15,4): -0.0390000057220459
(15,7): -0.006255221366882324
(15,8): -0.017453770637512207
(15,13): 0.013457317352294922
(15,16): -0.009520788192749024
(15,19): -0.0092838191986084
(15,26): -0.0021369075775146485
(15,33): -0.005149550437927246
(16,4): -0.01627506732940674
(16,7): -0.002270569801330566
(16,8): -0.009622631072998046
(16,13): 0.025110740661621094
(16,15): -0.017773919105529785
(16,19): -0.007702569961547851
(16,26): -0.017395863533020018
(16,31): -0.007561368942260742
(16,43): -0.012875332832336425
(16,44): 0.004095921516418457
(17,9): -0.0006338405609130859
(17,10): 0.0010841608047485352
(17,20): -0.0008559703826904296
(17,21): 3.9744377136230466e-05
(17,23): -0.007300753593444825
(17,39): -0.000980844497680664
(18,1): -0.004253134727478027
(18,2): -0.043444886207580566
(18,11): -0.016087408065795897
(18,12): -0.01605196952819824
(18,20): -0.009761953353881836
(18,21): -0.007537670135498047
(18,22): -0.014457483291625977
(18,24): -0.00981679916381836
(18,25): -0.016197586059570314
(18,27): -0.0004986095428466797
(18,40): -0.014720721244812012
(18,41): -0.014694175720214843
(19,7): -0.0018725061416625976
(19,8): 0.010116300582885741
(19,13): 0.002252335548400879
(19,15): 0.00044141292572021486
(19,16): -0.023126816749572753
(19,26): -2.4776458740234375e-05
(19,43): -0.0013937997817993165
(20,2): 0.005602045059204102
(20,7): 0.0010837602615356445
(20,9): -0.009427714347839355
(20,10): -0.003785562515258789
(20,12): -0.004222564697265625
(20,17): -0.006066741943359375
(20,18): 0.0040228176116943355
(20,21): -0.0011591529846191407
(20,23): -0.0075066471099853515
(20,40): -0.011392860412597657
(21,2): 0.0033517551422119142
(21,7): -0.01717587947845459
(21,8): 0.008075942993164062
(21,9): -0.004719338417053223
(21,10): -0.004329152107238769
(21,12): -0.01806431770324707
(21,17): -0.010337467193603516
(21,18): 0.0009501409530639648
(21,20): -0.005048189163208008
(21,23): -0.003799843788146973
(21,31): -0.022684454917907715
(21,40): -0.0004339504241943359
(22,5): -0.01080904483795166
(22,6): 0.01585838317871094
(22,11): -0.037925620079040524
(22,12): 0.0030062198638916016
(22,18): 0.012508764266967773
(22,24): 0.02521139144897461
(22,25): -0.0872048044204712
(22,31): 0.0028968095779418946
(23,2): -0.020248799324035643
(23,7): -0.0011013126373291015
(23,8): 0.021316308975219727
(23,9): -0.01247830867767334
(23,10): -0.0032239055633544924
(23,12): 0.0035044336318969726
(23,17): -0.015455956459045411
(23,20): -0.0037371492385864257
(23,21): -0.0014215421676635742
(23,32): -0.01384321689605713
(23,42): -0.008308787345886231
(24,1): 0.04360935211181641
(24,2): 0.005786643028259277
(24,11): 0.01713960647583008
(24,12): -0.004953622817993164
(24,18): 0.01266707420349121
(24,22): -6.551742553710938e-05
(24,25): -0.02107606887817383
(24,27): -0.024079647064208985
(25,2): 0.013804006576538085
(25,5): 0.05858667850494385
(25,6): 0.018297314643859863
(25,11): 0.014551100730895996
(25,12): -0.018060331344604493
(25,18): 0.01233107566833496
(25,22): -0.037359309196472165
(25,24): 0.027039952278137207
(25,27): -0.018457274436950683
(25,41): 0.01567235469818115
(25,45): 0.03231066226959228
(26,0): -0.043453845977783206
(26,3): -0.04152881145477295
(26,7): -0.010750017166137694
(26,13): -0.0075559520721435545
(26,15): -0.007927956581115723
(26,16): -0.02124896049499512
(26,19): -0.012127294540405273
(26,34): -0.024606094360351563
(26,37): -0.03520981788635254
(26,39): 0.0018625926971435546
(26,43): 0.005324287414550781
(26,44): 0.027157044410705565
(27,5): 0.0007860898971557617
(27,6): -0.12920503616333007
(27,11): -0.012405848503112793
(27,12): -0.0050794887542724605
(27,18): -0.014741067886352538
(27,24): 0.05629876136779785
(27,25): 0.029411258697509764
(28,0): -0.028264451026916503
(28,33): 0.009447464942932129
(29,1): -0.070939040184021
(29,30): -0.11416234970092773
(30,3): 0.07929870128631591
(30,4): -0.0073692560195922855
(30,29): -0.02306159496307373
(30,44): -0.012769975662231446
(31,8): 0.0068936777114868165
(31,12): 0.012561984062194824
(31,16): -0.05627535820007324
(31,21): -0.0049295520782470705
(31,22): -0.026863322257995606
(31,39): -0.007216291427612305
(31,42): -0.008367013931274415
(32,10): -0.00782010555267334
(32,12): -0.0011533212661743164
(32,23): 0.004178757667541504
(32,45): -0.025747604370117187
(33,13): -0.004055099487304687
(33,15): 0.017970118522644043
(33,28): -0.09524988651275634
(34,14): -0.04962563514709473
(34,26): -0.010753517150878905
(35,14): -0.027786870002746582
(35,37): -0.005795564651489258
(36,14): 0.0436251163482666
(37,14): -0.006731200218200684
(37,26): -0.003722538948059082
(37,35): -0.0031614971160888673
(38,8): 0.010968894958496093
(38,40): -0.010697717666625977
(38,44): 0.005115594863891602
(39,7): -0.004610695838928223
(39,17): -0.0017008543014526366
(39,26): -0.0023583889007568358
(39,31): 0.003941278457641601
(39,42): -0.001842656135559082
(40,10): -0.005189590454101563
(40,18): 0.0006392145156860351
(40,20): 0.003698587417602539
(40,21): -0.015034418106079101
(40,38): -0.022580599784851073
(40,41): -0.016476950645446777
(41,9): -0.012695655822753907
(41,18): -0.017153091430664062
(41,25): -0.013249917030334473
(41,40): 0.0069032621383666995
(42,23): -0.025626535415649413
(42,31): -0.000367588996887207
(42,39): 0.002756991386413574
(43,16): 0.008510313034057616
(43,19): 0.005283207893371582
(43,26): 0.011231427192687988
(44,16): -0.013869738578796387
(44,26): 0.0010643625259399415
(44,30): -0.0611614465713501
(44,38): 0.013991684913635253
(45,25): -0.0030247783660888672
(45,32): 0.017187910079956056
