Interaction name: 5i88

Affinity: 6.599999904632568
Predicted value: 6.603262901306152

Attributions for edges: 

(0,2): 6.097898691536107e-32
(0,11): 9.00541332108455e-31
(1,7): 3.0570839401587355e-39
(1,8): 3.057106360934165e-39
(1,9): 0.0
(2,0): 1.5213949658469486e-31
(2,12): 1.0301928165482892e-32
(3,13): 2.055236860638834e-21
(3,14): 1.949819598203948e-21
(3,15): 1.949819598203948e-21
(4,5): 1.3662595037529895e-22
(4,6): 1.3078334358864453e-22
(4,7): 1.6951862807173433e-25
(4,8): 1.6951862807173433e-25
(4,9): 5.994838671220249e-27
(4,10): 5.35817500404063e-22
(5,4): 1.5532209266855625e-22
(5,6): 1.0642551502417982e-22
(5,7): 1.3794601108421884e-25
(5,8): 1.3794601108421884e-25
(5,9): 4.8783077489809706e-27
(5,10): 4.360222287596337e-22
(5,14): 1.0217876753790027e-21
(5,15): 1.0217876753790027e-21
(5,18): 1.0460501969243422e-22
(5,19): 1.0460501969243422e-22
(6,4): 1.4991582062579768e-22
(6,5): 1.0730974605739844e-22
(6,7): 1.3314452290292964e-25
(6,8): 1.3314452290292964e-25
(6,9): 4.708491187250559e-27
(7,1): 0.0
(7,4): 1.996862344832446e-24
(7,5): 1.4293597539209764e-24
(7,6): 1.3682350638951526e-24
(7,8): 1.77347756703542e-27
(7,9): 6.271707808168182e-29
(7,10): 5.605640070474173e-24
(7,16): 6.394631297981918e-27
(8,1): 0.0
(8,4): 1.996862344832446e-24
(8,5): 1.4293597539209764e-24
(8,6): 1.3682401914910365e-24
(8,7): 1.7734708262806146e-27
(8,9): 6.271707808168182e-29
(8,10): 5.605640070474173e-24
(8,17): 6.394631297981918e-27
(9,1): 0.0
(9,4): 2.315039283672993e-25
(9,5): 1.6571179488431568e-25
(9,6): 1.5862474246751997e-25
(9,7): 2.056052752926086e-28
(9,8): 2.0560606973871065e-28
(9,10): 6.498808700533712e-25
(10,4): 3.601496626261237e-22
(10,5): 2.5779613399872437e-22
(10,7): 3.1985920937283406e-25
(10,8): 3.1985920937283406e-25
(10,9): 1.1311468045872333e-26
(11,0): 9.00541332108455e-31
(11,12): 6.097898691536107e-32
(12,2): 1.0301928165482892e-32
(12,11): 1.5213949658469486e-31
(13,3): 1.2692897677879936e-21
(14,3): 1.235123533028824e-21
(14,5): 4.453587068063992e-22
(15,3): 1.235123533028824e-21
(15,5): 4.453587068063992e-22
(16,7): 4.412869800064863e-27
(16,19): 3.346284456644662e-24
(17,8): 4.412869800064863e-27
(17,18): 3.346284456644662e-24
(18,5): 1.0466689163095252e-22
(18,17): 4.682595009958812e-25
(19,5): 1.0466689163095252e-22
(19,16): 4.682595009958812e-25
