Interaction name: 6dnp

Affinity: 5.179999828338623
Predicted value: 6.399264812469482

Attributions for edges: 

(0,1): 2.4923525191648897e-15
(0,4): 1.0586836955868689e-14
(0,7): 2.345156615898695e-15
(0,9): 7.716918229915774e-15
(0,10): 9.111205229706478e-19
(0,11): 5.3130418722031194e-18
(0,13): 3.679646780493139e-18
(0,14): 3.7934277898555235e-17
(0,16): 4.5502791906235776e-18
(0,18): 1.8150464094207483e-38
(0,19): 1.1742471152634664e-19
(0,20): 1.4501673739287598e-27
(0,21): 6.689236319378005e-18
(1,0): 1.6476147135602933e-15
(1,2): 8.730548158334892e-15
(1,3): 4.435072135120042e-15
(1,5): 2.096555961066289e-14
(1,6): 2.096555961066289e-14
(1,7): 4.5584518012500505e-15
(1,9): 1.5235801850829386e-14
(1,18): 3.1386801484379053e-38
(1,19): 2.0804570805276931e-19
(1,20): 2.4934404470189172e-27
(2,1): 8.484433418147735e-15
(2,3): 7.646998201218773e-15
(2,4): 3.6039642543070696e-14
(2,6): 3.6149174067546044e-14
(2,7): 7.859760172074844e-15
(2,9): 2.626983069823393e-14
(2,19): 3.464349761621486e-19
(2,20): 4.0779690716633886e-27
(3,1): 4.5299364370807345e-15
(3,2): 8.037192398700939e-15
(3,4): 1.924201358145805e-14
(3,5): 1.930053169965206e-14
(3,7): 4.196415943549933e-15
(3,9): 1.4025816979742513e-14
(3,18): 2.9190613663569055e-38
(3,19): 1.9307919318772353e-19
(3,20): 2.3200231666644796e-27
(3,21): 1.1591919679957855e-17
(4,0): 5.928017679599634e-15
(4,2): 3.141203727794091e-14
(4,3): 1.59571503553042e-14
(4,5): 7.543293924607355e-14
(4,6): 7.543293924607355e-14
(4,7): 1.6401093875487334e-14
(4,9): 5.481759048965064e-14
(5,1): 1.7737598363839688e-14
(5,3): 1.598691339900482e-14
(5,4): 7.534465808417892e-14
(5,6): 7.557364158300786e-14
(5,7): 1.6431653130158375e-14
(5,9): 5.49198375307796e-14
(6,1): 1.7737598363839688e-14
(6,2): 3.147068922734059e-14
(6,4): 7.534465808417892e-14
(6,5): 7.557364158300786e-14
(6,7): 1.6431653130158375e-14
(6,9): 5.49198375307796e-14
(7,0): 2.127694882734783e-15
(7,1): 6.2679256485856805e-15
(7,2): 1.1120800596587169e-14
(7,3): 5.64928666522903e-15
(7,4): 2.662454946181919e-14
(7,5): 2.670551395311544e-14
(7,6): 2.670551395311544e-14
(7,9): 1.940706472749413e-14
(7,10): 2.1374212611520695e-18
(7,13): 8.83732304055318e-18
(7,14): 9.251905963564758e-17
(7,16): 1.0965216215024404e-17
(7,24): 1.0210362859978684e-20
(7,25): 2.229599828432172e-16
(7,29): 1.2865112273768658e-15
(8,11): 1.1068673090103695e-19
(8,12): 1.3337312370582267e-20
(8,13): 7.759375490871919e-20
(8,14): 7.153458454346466e-19
(8,15): 1.9291934376552193e-20
(8,17): 1.872507978123182e-20
(8,28): 9.193064800270573e-21
(9,0): 4.751064552356837e-15
(9,1): 1.4189468827349727e-14
(9,2): 2.5175470906644952e-14
(9,3): 1.2788982011260625e-14
(9,4): 6.027312980314004e-14
(9,5): 6.045643450918944e-14
(9,6): 6.045643450918944e-14
(9,7): 1.3144758718997007e-14
(9,14): 1.9949214094614875e-16
(10,0): 1.2946430414555276e-17
(10,7): 3.414236285660395e-17
(10,12): 1.2994055842386202e-20
(10,13): 7.559676642660572e-20
(10,14): 6.969353382398422e-19
(10,16): 9.269060888137889e-20
(10,17): 1.8243090362467694e-20
(10,23): 1.3271130651435922e-20
(10,25): 1.5425777948844409e-18
(10,26): 7.06973691961056e-20
(10,27): 2.272597953632749e-21
(11,0): 3.879713977401135e-17
(11,8): 5.739110921803032e-20
(11,12): 3.893971797521558e-20
(11,13): 2.2654334063053033e-19
(11,14): 2.08853716169687e-18
(11,15): 5.632530638580135e-20
(11,16): 2.7776900745410837e-19
(11,28): 2.6840245040608403e-20
(11,29): 2.4739546062085016e-17
(12,8): 1.532055462956701e-20
(12,10): 1.53860925372405e-20
(12,11): 8.626804902574187e-20
(12,13): 6.047573680807445e-20
(12,14): 5.575349323044963e-19
(12,15): 1.5036040041765715e-20
(12,16): 7.415071254419524e-20
(12,17): 1.4594125261857795e-20
(12,22): 7.625564001831121e-21
(12,25): 1.234028052668739e-18
(12,31): 1.0155359388211743e-20
(13,0): 3.097830106063756e-17
(13,7): 8.169576527986073e-17
(13,8): 4.582500460421932e-20
(13,10): 4.602103348469732e-20
(13,11): 2.580345976889128e-19
(13,12): 3.109202609055199e-20
(13,14): 1.667631580275667e-18
(13,15): 4.497399408144138e-20
(13,16): 2.217906968729245e-19
(13,17): 4.365219177432432e-20
(13,28): 2.1431094526448214e-20
(13,30): 5.430880565007829e-21
(13,32): 3.3287980590552873e-20
(14,0): 1.3444764712843357e-16
(14,7): 3.6142382345616723e-16
(14,8): 1.8070568274787836e-19
(14,9): 1.1398813538776738e-15
(14,10): 1.8147869595500623e-19
(14,11): 1.0175301743428116e-18
(14,12): 1.2260834223248675e-19
(14,13): 7.133103607423068e-19
(14,15): 1.773498239274478e-19
(14,16): 8.746063925882961e-19
(14,17): 1.7213678953547083e-19
(14,24): 9.119361311325608e-22
(15,8): 1.9455780761323048e-20
(15,11): 1.0955337713956566e-19
(15,12): 1.3200695899159605e-20
(15,13): 7.679896358702644e-20
(15,14): 7.080211611104896e-19
(15,16): 9.416463827059985e-20
(15,17): 1.8533206190862196e-20
(15,32): 1.413302861590917e-20
(16,0): 3.471814673738986e-17
(16,7): 9.155880882359192e-17
(16,10): 5.157690839118337e-20
(16,11): 2.8918686579251337e-19
(16,12): 3.4845868645545664e-20
(16,13): 2.027253857504048e-19
(16,14): 1.8689558642400748e-18
(16,15): 5.040346868174594e-20
(16,17): 4.8922088371065766e-20
(16,24): 2.59175592975579e-22
(16,30): 6.08649874863853e-21
(17,8): 1.902815584961441e-20
(17,10): 1.9109553976181322e-20
(17,12): 1.2910555029164528e-20
(17,13): 7.511097230014128e-20
(17,14): 6.924594122465294e-19
(17,15): 1.8674715467919852e-20
(17,16): 9.209496775450682e-20
(17,23): 1.3185849461192699e-20
(17,31): 1.2613022848031892e-20
(18,0): 1.1426633578411094e-30
(18,1): 3.007532765392396e-30
(18,3): 2.7312329122711653e-30
(18,19): 2.2055467600805008e-34
(19,0): 2.235857615202258e-18
(19,1): 5.884838328846219e-18
(19,2): 1.0219692391000774e-17
(19,3): 5.3442236861642246e-18
(19,18): 0.0
(19,29): 1.4257263324472905e-18
(20,0): 1.969312679338096e-23
(20,1): 5.183284730679749e-23
(20,2): 9.001397702131499e-23
(20,3): 4.707117875324397e-23
(20,21): 1.9682064794122272e-25
(20,25): 2.3464432939679693e-24
(21,0): 3.1583390296165e-17
(21,3): 7.715320699307472e-17
(21,20): 7.657569079403457e-29
(21,26): 1.724687086809548e-19
(22,12): 8.622128424056421e-21
(23,10): 1.558700856879852e-20
(23,17): 1.4784756465721457e-20
(23,31): 1.0287970819129485e-20
(24,7): 1.1756282742418826e-18
(24,14): 2.39975710109103e-20
(24,16): 3.191626916179882e-21
(24,26): 2.4343313523808643e-21
(24,27): 7.825264783698319e-23
(25,7): 5.222740037112196e-16
(25,10): 2.3896547378075714e-19
(25,12): 1.6144682428671835e-19
(25,20): 3.900036063368346e-28
(26,10): 4.0342273789633127e-20
(26,21): 2.714038526405128e-19
(26,24): 2.027196452663955e-22
(27,10): 4.855005742822151e-21
(27,24): 2.4396463816158814e-23
(28,8): 1.218984807108356e-20
(28,11): 6.863970572359166e-20
(28,13): 4.81177101553205e-20
(29,7): 1.9567176824414768e-15
(29,11): 4.5298428664098425e-18
(29,19): 1.0211769551696165e-19
(30,13): 1.9940804252724625e-20
(30,16): 2.4449883709611953e-20
(31,12): 1.0363283028963023e-20
(31,17): 1.4549654610410267e-20
(31,23): 1.0584260613756157e-20
(31,32): 1.1095173081184796e-20
(32,13): 6.385221052033348e-20
(32,15): 1.5875468420380783e-20
(32,31): 1.0722351308438496e-20
