Interaction name: 6g33

Affinity: 8.149999618530273
Predicted value: 7.60499382019043

Attributions for edges: 

(0,1): 5.409134100996936e-27
(0,5): 1.2881315243380238e-23
(0,9): 3.4417673128656173e-22
(0,10): 1.5474623695277891e-27
(0,11): 0.0
(0,15): 6.635717285571856e-24
(0,16): 3.326529801856117e-25
(1,0): 9.650452445462681e-32
(1,4): 8.089381841638474e-32
(1,5): 3.18379427987358e-37
(1,6): 9.368610042437776e-32
(1,8): 7.965729239886776e-32
(1,9): 8.50680164770905e-36
(1,10): 0.0
(1,11): 0.0
(1,13): 0.0
(1,15): 1.6401152595748212e-37
(1,16): 8.221977208280967e-39
(1,17): 0.0
(2,3): 9.698799884791636e-17
(2,7): 3.550667391122036e-30
(2,12): 2.1439032288190833e-27
(2,17): 1.2477231499872543e-24
(3,2): 1.4522713079365473e-19
(3,11): 0.0
(3,12): 2.118482571334325e-26
(3,13): 1.1550923768298678e-30
(3,17): 1.2329192284676957e-23
(4,1): 7.823070426574598e-27
(4,5): 1.862986220000063e-23
(4,9): 4.977725943461027e-22
(4,11): 0.0
(4,13): 1.3310240083795844e-32
(4,15): 9.597076669083472e-24
(4,16): 4.811098479267052e-25
(5,0): 7.159217011811895e-27
(5,1): 9.918105158861392e-36
(5,4): 6.001084847215886e-27
(5,6): 6.950077197662974e-27
(5,8): 5.909399026283387e-27
(5,10): 2.8374032991583265e-36
(5,11): 0.0
(5,13): 0.0
(5,15): 1.2167195989211975e-32
(5,16): 6.0995208002718445e-34
(5,19): 9.466179600039078e-32
(6,1): 4.866765650824258e-27
(6,5): 1.1589717227566402e-23
(6,9): 3.0966645219851985e-22
(6,10): 1.3923000161512259e-27
(6,11): 0.0
(6,15): 5.9703604436722455e-24
(6,16): 2.9929821547963717e-25
(7,2): 1.7653306907776675e-27
(7,12): 2.57516396912978e-34
(7,14): 5.5835254326929085e-33
(7,18): 0.0
(8,1): 7.037477439283223e-27
(8,5): 1.6758987055403994e-23
(8,9): 4.47784510887939e-22
(8,11): 0.0
(8,13): 1.1973717700590288e-32
(8,15): 8.633305579652332e-24
(8,16): 4.3279349798850235e-25
(9,0): 2.945130345323731e-25
(9,1): 4.0801179328301204e-34
(9,4): 2.468721960480723e-25
(9,6): 2.859106296204544e-25
(9,8): 2.430994934207561e-25
(9,10): 1.1672532629858098e-34
(9,11): 0.0
(9,13): 0.0
(9,15): 5.00531230992562e-31
(9,16): 2.5092067147822024e-32
(10,0): 3.8645440605670196e-32
(10,1): 0.0
(10,5): 1.2749473054323484e-37
(10,6): 3.7516792643464054e-32
(10,9): 3.406566700964124e-36
(10,11): 0.0
(10,13): 0.0
(10,15): 6.567875812941474e-38
(10,16): 3.29253291073152e-39
(10,20): 0.0
(10,30): 0.0
(11,0): 0.0
(11,1): 0.0
(11,3): 0.0
(11,4): 0.0
(11,5): 0.0
(11,6): 0.0
(11,8): 0.0
(11,9): 0.0
(11,10): 0.0
(11,12): 0.0
(11,13): 0.0
(11,15): 0.0
(11,16): 0.0
(11,21): 0.0
(11,22): 0.0
(11,25): 0.0
(12,2): 3.975589120934023e-37
(12,3): 2.8969819503725265e-33
(12,7): 0.0
(12,11): 0.0
(12,14): 0.0
(12,23): 0.0
(12,24): 0.0
(12,25): 2.2190229590740574e-35
(13,1): 0.0
(13,3): 1.1190028249210361e-38
(13,4): 1.6766723899640656e-38
(13,5): 0.0
(13,8): 1.6510433417007968e-38
(13,9): 0.0
(13,10): 0.0
(13,11): 0.0
(13,15): 0.0
(13,16): 0.0
(13,25): 0.0
(13,26): 0.0
(14,7): 0.0
(14,12): 0.0
(14,20): 0.0
(14,24): 0.0
(14,28): 0.0
(14,29): 0.0
(14,30): 0.0
(15,0): 1.4468574707263359e-27
(15,1): 2.004420910694287e-36
(15,4): 1.2128070046012299e-27
(15,5): 4.7733291757000936e-33
(15,6): 1.4045909158703164e-27
(15,8): 1.1942728177814193e-27
(15,9): 1.2753987928526281e-31
(15,10): 5.734356357222804e-37
(15,11): 0.0
(15,13): 0.0
(15,16): 1.2326959263142155e-34
(16,0): 3.792276130193438e-29
(16,1): 5.253653474670416e-38
(16,4): 3.178807257595341e-29
(16,5): 1.2511054994627868e-34
(16,6): 3.6814939314532997e-29
(16,8): 3.1302410220024174e-29
(16,9): 3.34283740674782e-33
(16,10): 1.5029937767374906e-38
(16,11): 0.0
(16,13): 0.0
(16,15): 6.445004788874505e-35
(16,27): 2.5699522511055778e-27
(17,1): 1.5327040405863226e-28
(17,2): 2.4913063579439087e-23
(17,3): 1.6440641189494773e-19
(17,18): 0.0
(18,7): 0.0
(18,17): 0.0
(19,5): 2.290918964166581e-22
(19,26): 3.303381167686168e-22
(19,27): 8.00136968129566e-15
(20,10): 0.0
(20,14): 0.0
(20,30): 0.0
(21,11): 0.0
(22,11): 0.0
(22,23): 1.849145269939997e-37
(22,30): 0.0
(23,12): 1.8896894535513847e-32
(23,22): 0.0
(23,24): 1.8140912843874645e-38
(23,30): 1.5081492420359137e-33
(24,12): 1.3069655179917676e-37
(24,14): 2.833790684454971e-36
(24,23): 1.6514174603648023e-35
(25,11): 6.059222967531295e-39
(25,12): 6.595839084913963e-25
(25,13): 2.875759773433579e-29
(25,27): 2.7297944720644507e-12
(26,13): 2.4155117334980042e-32
(26,19): 4.554802592260407e-22
(26,27): 2.292894259536631e-15
(27,16): 4.381069056568199e-19
(27,19): 1.2712409438735448e-16
(27,25): 5.62333755678001e-14
(27,26): 2.6420135530053903e-17
(28,14): 0.0
(29,14): 0.0
(30,10): 6.81131201705351e-34
(30,14): 1.2983415920068785e-33
(30,20): 0.0
(30,22): 0.0
(30,23): 7.566147265568396e-33
