Interaction name: 5ega

Affinity: 5.059999942779541
Predicted value: 6.461662292480469

Shapley values for edges: 

(0,1): -0.04128039836883545
(0,9): 0.043552517890930176
(0,14): -0.04869073390960693
(0,15): -0.03329288959503174
(0,16): -0.019639811515808105
(0,24): -0.022582616806030274
(0,25): -0.07196389198303223
(0,26): -0.0073372840881347655
(1,0): 0.020181546211242674
(1,2): -0.02447575092315674
(1,8): 0.06040455341339111
(1,10): 0.00695098876953125
(1,14): -0.024588494300842284
(1,15): -0.021558661460876465
(1,16): -0.009741382598876953
(1,20): -0.03443648338317871
(1,24): -0.02889110565185547
(1,26): -0.07431877136230469
(1,28): -0.011163697242736817
(2,1): -0.05888487815856933
(2,9): 0.008601422309875489
(2,15): 0.016410260200500487
(2,16): -0.0017280006408691407
(2,20): -0.04760778903961182
(2,24): -0.030464420318603514
(2,25): -0.06185523986816406
(2,26): -0.05830315113067627
(2,28): -0.0033326482772827147
(2,29): 0.06347574710845948
(3,4): 0.033744072914123534
(3,11): -0.0034549331665039065
(3,14): -0.009684572219848633
(3,20): -0.08892749786376954
(3,25): -0.07593419551849365
(4,3): 0.034625792503356935
(4,11): 0.02642861843109131
(4,18): -0.03737068653106689
(4,21): -0.02595994472503662
(4,23): -0.032347912788391116
(4,25): -0.11289408206939697
(5,6): -0.023994712829589843
(5,7): -0.05488851547241211
(5,13): 0.015263838768005371
(5,17): -0.04606787204742432
(5,19): -0.016000733375549317
(5,21): -0.02343017578125
(5,22): -0.03395284175872803
(5,23): -0.02429365158081055
(5,27): -0.04208934307098389
(5,30): 0.08598848342895508
(6,5): -0.06127248764038086
(6,12): -0.020222415924072267
(6,17): -0.04076485157012939
(6,18): -0.0508058500289917
(6,19): 0.035043377876281735
(6,21): 0.0011771535873413086
(6,22): -0.023027443885803224
(6,27): -0.07169042587280273
(6,28): 0.01055325984954834
(7,5): -0.04099786758422851
(7,12): 0.00845165729522705
(7,17): -0.041937150955200196
(7,18): 0.011934618949890136
(7,19): -0.0327434778213501
(7,22): -0.07422406673431396
(7,23): -0.033467397689819336
(7,27): -0.03156387805938721
(7,28): -0.012477025985717774
(7,30): 0.09445410251617431
(8,1): -0.018505086898803712
(8,9): -0.019179840087890625
(8,14): -0.012452921867370605
(8,15): 0.003610024452209473
(8,16): -0.02851510524749756
(8,24): -0.03312655925750732
(8,25): -0.015105247497558594
(8,26): -0.03332517147064209
(9,0): 0.1033046579360962
(9,2): -0.003592104911804199
(9,8): -0.022960495948791505
(9,10): -0.003870682716369629
(9,14): -0.020815391540527344
(9,15): -0.02305302143096924
(9,16): -0.023502068519592287
(9,20): 0.018800787925720215
(9,24): -0.007224664688110351
(9,26): -0.013915181159973145
(10,1): -0.05969195365905762
(10,9): -0.022531628608703613
(10,15): -0.04809707164764404
(10,16): -0.003906559944152832
(10,20): -0.006405339241027832
(10,24): -0.021717324256896972
(10,25): -0.0009126853942871094
(10,26): -0.030251154899597166
(11,3): 0.045664701461791996
(11,4): 0.08918243885040283
(11,14): -0.030379090309143066
(11,18): -0.05429898262023926
(11,20): -0.05854508876800537
(11,25): -0.03940694332122803
(12,6): 0.03670344352722168
(12,7): -0.01664663791656494
(12,13): -0.0017944574356079102
(12,17): -0.003687424659729004
(12,19): -0.02063693046569824
(12,21): 0.011617803573608398
(12,22): -0.00907632827758789
(12,23): -0.011459407806396484
(12,27): -0.020867295265197754
(13,5): -0.017771692276000978
(13,12): -0.05800592422485352
(13,17): -0.08227731704711914
(13,18): -0.03227414131164551
(13,19): -0.01414970874786377
(13,22): -0.019664993286132814
(13,23): -0.03041216850280762
(13,27): -0.04165259838104248
(14,0): 0.006095376014709473
(14,1): -0.009191522598266602
(14,3): -0.013778982162475585
(14,8): -0.03867408275604248
(14,9): -0.021021175384521484
(14,11): 0.025852885246276856
(14,15): 0.014861798286437989
(14,16): 0.026623902320861818
(14,20): 0.020551776885986327
(14,24): 0.026038494110107422
(14,25): 0.050093193054199216
(14,26): -0.005760626792907715
(15,0): -0.0013852214813232422
(15,1): -0.026616425514221193
(15,2): 0.01139380931854248
(15,8): -0.05074111938476562
(15,9): -0.009267101287841797
(15,10): -0.016945109367370606
(15,14): 0.012416229248046876
(15,16): 0.04414330959320068
(15,20): 0.03553884506225586
(15,24): 0.038757762908935546
(15,25): 0.03406321048736572
(15,26): -0.012766780853271485
(16,0): -0.011629185676574706
(16,1): -0.018423504829406738
(16,2): -0.007153820991516113
(16,8): -0.008676042556762695
(16,9): -0.02080698013305664
(16,10): -0.06113682746887207
(16,14): 0.030055241584777834
(16,15): 0.0035274791717529296
(16,20): 0.00912348747253418
(16,24): 0.032196607589721676
(16,25): 0.07680830955505372
(16,26): -0.029092025756835938
(17,5): 0.013708276748657227
(17,6): -0.014969072341918944
(17,7): -0.012857875823974609
(17,12): -0.02583383083343506
(17,13): -0.026654324531555175
(17,18): 0.041247615814208986
(17,19): 0.06615226268768311
(17,21): 0.038715300559997556
(17,22): 0.005365805625915527
(17,23): 0.030361809730529786
(17,27): -0.013865203857421874
(18,4): 0.03450103759765625
(18,6): -0.02197028636932373
(18,7): 0.020610074996948242
(18,11): 0.02410767078399658
(18,13): -0.03410646438598633
(18,17): 0.012781128883361817
(18,19): 0.0491886568069458
(18,21): 0.014005107879638672
(18,22): 0.03199227809906006
(18,23): 0.04945218086242676
(18,27): -0.006910281181335449
(19,5): -0.007902698516845703
(19,6): 0.011819863319396972
(19,7): -0.0033249664306640625
(19,12): -0.01965911865234375
(19,13): -0.05341125965118408
(19,17): 0.005951938629150391
(19,18): 0.013722562789916992
(19,21): 0.016968164443969726
(19,22): 0.01894047260284424
(19,23): 0.02380988597869873
(19,31): 0.053908562660217284
(20,1): -0.0007746315002441406
(20,2): -0.027214293479919435
(20,3): -0.03126839637756348
(20,9): -0.03986544609069824
(20,10): -0.025425610542297365
(20,11): -0.021644797325134277
(20,14): 0.034451441764831545
(20,15): 0.047328310012817384
(20,16): 0.01705000877380371
(20,24): 0.021771044731140138
(20,25): 0.03810371875762939
(20,26): -0.026182689666748048
(21,4): 0.02580357074737549
(21,5): -0.005783166885375977
(21,6): -0.028587970733642578
(21,12): -0.0009875011444091797
(21,17): 0.02932502269744873
(21,18): 0.04262299537658691
(21,19): 0.01873014450073242
(21,22): 0.028529844284057616
(21,23): 0.0651118803024292
(21,27): -0.0324622106552124
(22,5): -0.020911149978637696
(22,6): -0.011873693466186523
(22,7): 0.014412150382995606
(22,12): 0.004518046379089356
(22,13): -0.035078969001770016
(22,17): 0.01882251739501953
(22,18): 0.028447632789611817
(22,19): 0.030949411392211915
(22,21): 0.029045729637145995
(22,23): 0.032021074295043944
(22,27): -0.0280123233795166
(23,4): 0.019620752334594725
(23,5): -0.024978837966918944
(23,7): -0.004626827239990234
(23,12): -0.006600241661071777
(23,13): -0.019412078857421876
(23,17): 0.03516609191894531
(23,18): 0.026640868186950682
(23,19): 0.03154645442962647
(23,21): 0.03248760223388672
(23,22): 0.02601745128631592
(23,27): -0.027879438400268554
(24,0): -0.024444622993469237
(24,1): -0.0069762754440307615
(24,2): 0.016236772537231447
(24,8): -0.06689927101135254
(24,9): -0.04337235927581787
(24,10): -0.05536384105682373
(24,14): 0.008598604202270509
(24,15): 0.02202188014984131
(24,16): 0.00998197078704834
(24,20): 0.017975053787231444
(24,25): 0.03461122512817383
(25,0): -0.01931398391723633
(25,2): -0.03137741565704346
(25,3): 0.015870790481567382
(25,4): 0.05772670745849609
(25,8): -0.02130634307861328
(25,10): -0.022155590057373047
(25,11): -0.0006998729705810547
(25,14): 0.02760847091674805
(25,15): -0.00033462047576904297
(25,16): 0.00868201732635498
(25,20): 0.06733054161071778
(25,24): 0.028434576988220214
(25,26): -0.014147472381591798
(26,0): 0.09185357093811035
(26,1): 0.04504845142364502
(26,2): 0.051451520919799806
(26,8): 0.08628473281860352
(26,9): 0.12295125484466553
(26,10): 0.08450930595397949
(26,14): 0.11896714210510254
(26,15): 0.06728940963745117
(26,16): 0.0846401309967041
(26,20): 0.10125779151916504
(26,25): 0.061914286613464355
(27,5): 0.05383053779602051
(27,6): 0.04653522491455078
(27,7): 0.046510725021362304
(27,12): 0.06517578601837158
(27,13): 0.09007845878601074
(27,17): 0.07127373218536377
(27,18): 0.08585354328155517
(27,21): 0.030308117866516115
(27,22): 0.05795449733734131
(27,23): 0.08594955921173096
(28,1): -0.009394097328186034
(28,2): -0.030510406494140625
(28,6): -0.012794423103332519
(28,7): -0.004960908889770508
(28,29): 0.06455769538879394
(29,2): -0.035562758445739744
(29,28): -0.03843923568725586
(30,5): -0.02681910991668701
(30,7): -0.08986313819885254
(30,31): 0.04462334632873535
(31,19): 0.003168644905090332
(31,30): -0.15482335090637206
