Interaction name: 5ndf

Affinity: 5.849999904632568
Predicted value: 6.389522552490234

Attributions for edges: 

(0,9): 5.513556337007725e-24
(0,11): 3.111179373314648e-23
(0,13): 2.9156002445268233e-23
(0,14): 9.47275120434451e-25
(0,15): 5.303750890655144e-24
(0,16): 2.900103860904662e-23
(1,2): 3.000644498819442e-23
(1,9): 5.921684570376488e-24
(1,10): 2.905862545512775e-23
(1,11): 3.3414772171743355e-23
(1,13): 3.131420913053895e-23
(1,14): 1.0173949941472836e-24
(1,15): 5.696348819382822e-24
(1,16): 3.114777525675542e-23
(2,1): 3.0010222054208616e-23
(2,3): 1.0961418704411359e-23
(2,7): 2.9967207046768725e-23
(2,9): 6.040944562027801e-24
(2,10): 2.964385296171863e-23
(2,11): 3.408785985051413e-23
(2,14): 1.0378848672994942e-24
(2,16): 3.177507744858717e-23
(3,2): 1.0928018333684301e-23
(3,9): 2.156612397381264e-24
(3,10): 1.0582832523082217e-23
(3,11): 1.2169339877425687e-23
(3,12): 2.0165936742982483e-27
(3,13): 1.1404334125978559e-23
(3,15): 2.0745399004477488e-24
(3,16): 1.134367782211521e-23
(4,5): 5.847524747182431e-29
(4,8): 6.531900943654897e-29
(5,4): 5.840212833777944e-29
(5,12): 5.9971859795901406e-30
(6,9): 5.5153651950633964e-24
(6,11): 3.112200159326004e-23
(6,13): 2.9165569750326754e-23
(6,14): 9.475860302387211e-25
(6,15): 5.305491117812062e-24
(6,16): 2.9010665867533935e-23
(7,2): 2.9963322695671417e-23
(7,9): 5.913151856395165e-24
(7,10): 2.901675271827862e-23
(7,11): 3.3366623257532285e-23
(7,13): 3.1269086286760307e-23
(7,14): 1.0159289947625435e-24
(7,15): 5.68814111609445e-24
(7,16): 3.110301528899318e-23
(8,4): 6.525973292397938e-29
(8,12): 6.701377813472836e-30
(9,0): 5.49048964970861e-24
(9,1): 5.894369078241853e-24
(9,2): 6.0123448043394656e-24
(9,3): 2.152962732403259e-24
(9,6): 5.4923115239692176e-24
(9,7): 5.885920377946936e-24
(9,10): 5.822431669003391e-24
(9,11): 6.695292061134147e-24
(9,13): 6.2743791535049186e-24
(9,14): 2.0385387292718873e-25
(9,15): 1.141368626922518e-24
(9,20): 3.480643825341632e-26
(10,1): 2.9056517618789e-23
(10,2): 2.963819840675001e-23
(10,3): 1.061307271702296e-23
(10,7): 2.9014872073880573e-23
(10,9): 5.849012337204813e-24
(10,11): 3.300457396735929e-23
(10,13): 3.092979405598113e-23
(10,14): 1.004905452472985e-24
(10,15): 5.626420638869958e-24
(10,16): 3.0765521661077905e-23
(11,0): 3.114955808240122e-23
(11,1): 3.344078564895392e-23
(11,2): 3.411010257259774e-23
(11,3): 1.2214499797666874e-23
(11,6): 3.115965865743167e-23
(11,7): 3.3392854460352694e-23
(11,9): 6.731529175676379e-24
(11,10): 3.3032786788773615e-23
(11,13): 3.559671410393036e-23
(11,14): 1.156533195926421e-24
(11,15): 6.475377362281159e-24
(11,16): 3.540779138346079e-23
(12,3): 1.969721739462713e-27
(12,5): 5.9699318139279076e-30
(12,8): 6.6686347474691e-30
(12,19): 6.52783723147224e-30
(13,0): 2.9179813422831424e-23
(13,1): 3.132627554694521e-23
(13,3): 1.1442158428662096e-23
(13,6): 2.9189387038777186e-23
(13,7): 3.1281256832806057e-23
(13,9): 6.3058846803376354e-24
(13,10): 3.0943955686951656e-23
(13,11): 3.558273233324622e-23
(13,14): 1.0834039164677833e-24
(13,15): 6.065930153478866e-24
(13,16): 3.316865072475802e-23
(14,0): 9.384488515887725e-25
(14,1): 1.0074771390240056e-24
(14,2): 1.0276456499649517e-24
(14,6): 9.387568031646481e-25
(14,7): 1.0060331291369985e-24
(14,9): 2.0280365254330668e-25
(14,10): 9.95185305614078e-25
(14,11): 1.1443725106419865e-24
(14,13): 1.072433425074101e-24
(14,15): 1.9508496906046183e-25
(14,16): 1.0667334119958134e-24
(14,18): 2.27976314192102e-27
(14,19): 1.2195525742314461e-27
(15,0): 5.281461231347672e-24
(15,1): 5.6699436727328115e-24
(15,3): 2.0709894347285753e-24
(15,6): 5.283174637233812e-24
(15,7): 5.661816827687225e-24
(15,9): 1.1413424959050326e-24
(15,10): 5.600745188557277e-24
(15,11): 6.440346810493462e-24
(15,13): 6.035485250133219e-24
(15,14): 1.9609220885096098e-25
(15,16): 6.003429887249563e-24
(15,17): 3.675731592393117e-26
(16,0): 2.9023726248680774e-23
(16,1): 3.115870571345816e-23
(16,2): 3.1782350746133306e-23
(16,3): 1.1380954655330524e-23
(16,6): 2.903325253297222e-23
(16,7): 3.111404987533541e-23
(16,10): 3.077843373637456e-23
(16,11): 3.5392531658110195e-23
(16,13): 3.3167637827355716e-23
(16,14): 1.0776086484351903e-24
(16,15): 6.0334823322948626e-24
(17,15): 3.6338504738968675e-26
(18,14): 2.2584523419003863e-27
(19,12): 6.563443613635484e-30
(19,14): 1.2059421236109588e-27
(20,9): 3.4399355211443166e-26
