Interaction name: 6cwn

Affinity: 6.650000095367432
Predicted value: 6.903453350067139

Attributions for edges: 

(0,1): 0.5526970624923706
(0,7): 0.4559571146965027
(0,8): 0.5151101350784302
(0,9): 0.5595344305038452
(0,12): 0.3848094642162323
(0,17): 0.4737943708896637
(0,19): 0.4126656651496887
(0,21): 0.40845218300819397
(0,25): 0.38188499212265015
(0,26): 0.4570191204547882
(1,0): 0.47926852107048035
(1,2): 0.5522652268409729
(1,8): 0.41657117009162903
(1,13): 0.5019789934158325
(1,17): 0.4622843563556671
(1,19): 0.4944344758987427
(1,20): 0.5448098182678223
(1,21): 0.4675549864768982
(1,25): 0.4517601728439331
(1,26): 0.45736953616142273
(2,1): 0.4692853093147278
(2,3): 0.5443176031112671
(2,4): 0.39278632402420044
(2,5): 0.442062109708786
(2,6): 0.4218312203884125
(2,9): 0.3735397756099701
(2,10): 0.4842478334903717
(2,11): 0.5357717275619507
(2,13): 0.34484440088272095
(2,14): 0.5253210663795471
(2,15): 0.5232983231544495
(2,16): 0.49120113253593445
(2,19): 0.4455453157424927
(2,20): 0.4420178532600403
(2,23): 0.4315914809703827
(2,25): 0.41027113795280457
(2,26): 0.5681854486465454
(3,2): 0.5274888277053833
(3,4): 0.44860440492630005
(3,5): 0.44021284580230713
(3,11): 0.41789814829826355
(3,13): 0.38960230350494385
(3,14): 0.4206777811050415
(3,15): 0.3380722403526306
(3,21): 0.5939852595329285
(3,22): 0.43130621314048767
(3,23): 0.5769864916801453
(3,24): 0.5309661626815796
(3,25): 0.44507479667663574
(3,26): 0.4688246250152588
(3,29): 0.47546467185020447
(4,2): 0.46803581714630127
(4,3): 0.4924039840698242
(4,5): 0.5329312086105347
(4,10): 0.5434655547142029
(4,13): 0.5107911229133606
(4,14): 0.4571895897388458
(4,15): 0.41360950469970703
(4,16): 0.45173919200897217
(4,21): 0.4523257911205292
(4,22): 0.4379376471042633
(4,23): 0.4958994388580322
(4,24): 0.5698591470718384
(4,25): 0.5457189679145813
(4,26): 0.40947651863098145
(4,29): 0.42505186796188354
(5,2): 0.5320804119110107
(5,3): 0.4719705283641815
(5,4): 0.3807319104671478
(5,6): 0.40854528546333313
(5,10): 0.46281883120536804
(5,11): 0.5022240281105042
(5,13): 0.48380064964294434
(5,14): 0.43789196014404297
(5,15): 0.42671459913253784
(5,16): 0.4611448347568512
(5,20): 0.5420014262199402
(5,25): 0.45778101682662964
(5,26): 0.48566320538520813
(6,2): 0.42085474729537964
(6,5): 0.49794626235961914
(6,7): 0.4895598590373993
(6,8): 0.4079715311527252
(6,13): 0.5010349750518799
(6,16): 0.4837823510169983
(6,17): 0.4800078868865967
(6,18): 0.39327272772789
(6,19): 0.5513393878936768
(6,20): 0.41928502917289734
(6,26): 0.5421988368034363
(7,0): 0.4075499475002289
(7,6): 0.45754608511924744
(7,8): 0.4565277397632599
(7,17): 0.4020848572254181
(7,18): 0.4932694733142853
(7,19): 0.44701817631721497
(7,20): 0.4680846035480499
(7,21): 0.37750914692878723
(7,26): 0.509639322757721
(8,0): 0.4326269030570984
(8,1): 0.39745357632637024
(8,6): 0.5261825919151306
(8,7): 0.4972679615020752
(8,9): 0.42468491196632385
(8,12): 0.5073975324630737
(8,13): 0.557975709438324
(8,17): 0.5277344584465027
(8,19): 0.5038835406303406
(8,20): 0.38229259848594666
(8,27): 0.4489571452140808
(9,0): 0.4022224247455597
(9,2): 0.4373813271522522
(9,8): 0.37360894680023193
(9,13): 0.3897339999675751
(9,17): 0.464649498462677
(9,19): 0.4818817973136902
(9,20): 0.4162498414516449
(10,2): 0.46683070063591003
(10,4): 0.534748375415802
(10,5): 0.4712207615375519
(10,11): 0.6033116579055786
(10,13): 0.47681546211242676
(10,14): 0.4857209622859955
(10,15): 0.40316930413246155
(11,2): 0.4245157539844513
(11,3): 0.4854418635368347
(11,5): 0.5180617570877075
(11,10): 0.4816417992115021
(11,13): 0.44472548365592957
(11,14): 0.4948887526988983
(11,15): 0.5154504776000977
(11,16): 0.4116446375846863
(12,0): 0.5843112468719482
(12,8): 0.47509974241256714
(12,30): 0.6645985841751099
(12,31): 0.3734380602836609
(12,35): 0.4887600839138031
(12,39): 0.5297163724899292
(13,1): 0.4320977032184601
(13,2): 0.5080183148384094
(13,3): 0.4808533489704132
(13,4): 0.5377695560455322
(13,5): 0.5441399216651917
(13,6): 0.5310497283935547
(13,8): 0.5151070952415466
(13,9): 0.48391610383987427
(13,10): 0.43952468037605286
(13,11): 0.44972774386405945
(13,14): 0.39946532249450684
(13,15): 0.5278563499450684
(13,16): 0.468218594789505
(13,17): 0.5789451003074646
(13,19): 0.4478108584880829
(13,20): 0.4535614550113678
(13,30): 0.4617159068584442
(13,33): 0.3993377089500427
(13,39): 0.38800331950187683
(14,2): 0.471758097410202
(14,3): 0.44257381558418274
(14,4): 0.45714664459228516
(14,5): 0.4189039170742035
(14,10): 0.4276416301727295
(14,11): 0.4413880407810211
(14,13): 0.47199538350105286
(14,15): 0.438704252243042
(14,16): 0.5067108273506165
(14,19): 0.4435880184173584
(14,20): 0.547391414642334
(14,30): 0.5333486795425415
(14,34): 0.476937860250473
(15,2): 0.4726620316505432
(15,3): 0.4684908092021942
(15,4): 0.47194811701774597
(15,5): 0.4193767309188843
(15,10): 0.4119829535484314
(15,11): 0.5140311121940613
(15,13): 0.4043998718261719
(15,14): 0.5409769415855408
(15,16): 0.46981021761894226
(15,34): 0.5047889351844788
(15,36): 0.4870446026325226
(15,40): 0.38155028223991394
(16,2): 0.5208235383033752
(16,4): 0.5098816156387329
(16,5): 0.43173572421073914
(16,6): 0.506984293460846
(16,11): 0.4985774755477905
(16,13): 0.4625593423843384
(16,14): 0.529506266117096
(16,15): 0.3399328589439392
(16,17): 0.48587745428085327
(16,19): 0.48550164699554443
(16,20): 0.4045386016368866
(16,30): 0.42387712001800537
(16,34): 0.524315595626831
(16,41): 0.49875351786613464
(17,0): 0.4798213839530945
(17,1): 0.5801170468330383
(17,6): 0.4930059015750885
(17,7): 0.5126484036445618
(17,8): 0.5487117767333984
(17,9): 0.5530767440795898
(17,13): 0.4232552647590637
(17,16): 0.41867586970329285
(17,18): 0.5852232575416565
(17,19): 0.38730311393737793
(17,20): 0.5453503727912903
(17,31): 0.4721185564994812
(17,38): 0.4596571624279022
(17,39): 0.5896018147468567
(18,6): 0.5221503376960754
(18,7): 0.5178579688072205
(18,17): 0.4518737494945526
(18,30): 0.4339919090270996
(18,31): 0.472214013338089
(18,38): 0.49471762776374817
(18,39): 0.4763838052749634
(19,0): 0.45356395840644836
(19,1): 0.3877446949481964
(19,2): 0.46399247646331787
(19,6): 0.5170376300811768
(19,7): 0.46792304515838623
(19,8): 0.42264869809150696
(19,9): 0.4478709101676941
(19,13): 0.46047163009643555
(19,14): 0.4533115327358246
(19,16): 0.3874092102050781
(19,17): 0.5341408848762512
(19,20): 0.505781352519989
(19,32): 0.4347734749317169
(20,1): 0.5077201128005981
(20,2): 0.48295602202415466
(20,5): 0.40961048007011414
(20,6): 0.4358627200126648
(20,7): 0.4501296877861023
(20,8): 0.4367707073688507
(20,9): 0.5233014225959778
(20,13): 0.45989328622817993
(20,14): 0.5456219911575317
(20,16): 0.4265378415584564
(20,17): 0.49300244450569153
(20,19): 0.49757853150367737
(20,37): 0.4140288531780243
(21,0): 0.40147626399993896
(21,1): 0.5482102632522583
(21,3): 0.47626879811286926
(21,4): 0.5731646418571472
(21,7): 0.49464672803878784
(21,22): 0.4829203188419342
(21,23): 0.4082592725753784
(22,3): 0.467858225107193
(22,4): 0.544442355632782
(22,21): 0.4565468728542328
(22,23): 0.5276597738265991
(22,24): 0.43085628747940063
(22,27): 0.478826642036438
(22,28): 0.5786371231079102
(22,30): 0.5674644708633423
(23,2): 0.4827922582626343
(23,3): 0.440498024225235
(23,4): 0.5018859505653381
(23,21): 0.4998486638069153
(23,22): 0.5182586908340454
(23,24): 0.38138073682785034
(23,28): 0.46317675709724426
(23,30): 0.4401288628578186
(24,3): 0.454956591129303
(24,4): 0.5168549418449402
(24,22): 0.3293866217136383
(24,23): 0.4920322000980377
(24,27): 0.5426959991455078
(24,30): 0.4174796938896179
(25,0): 0.5853843092918396
(25,1): 0.4070950150489807
(25,2): 0.4133714437484741
(25,3): 0.5317753553390503
(25,4): 0.43014347553253174
(25,5): 0.49357935786247253
(25,26): 0.4134161174297333
(25,29): 0.3615944981575012
(26,0): 0.4614280164241791
(26,1): 0.4789738953113556
(26,2): 0.40661728382110596
(26,3): 0.45147019624710083
(26,4): 0.4053090214729309
(26,5): 0.4428904950618744
(26,6): 0.3567894995212555
(26,7): 0.46843498945236206
(26,25): 0.6138357520103455
(26,29): 0.34573397040367126
(26,34): 0.5619646310806274
(27,8): 0.4835413694381714
(27,22): 0.464522123336792
(27,24): 0.530590295791626
(28,22): 0.5016263127326965
(28,23): 0.4499605894088745
(29,3): 0.43215858936309814
(29,4): 0.44733306765556335
(29,25): 0.45891880989074707
(29,26): 0.4282512664794922
(30,12): 0.44903087615966797
(30,13): 0.4960905909538269
(30,14): 0.48087242245674133
(30,16): 0.4589267373085022
(30,18): 0.3887806534767151
(30,22): 0.4405960142612457
(30,23): 0.4292040765285492
(30,24): 0.4927237927913666
(31,12): 0.44247230887413025
(31,17): 0.485708087682724
(31,18): 0.4354971945285797
(32,19): 0.4145506024360657
(32,33): 0.40717771649360657
(32,37): 0.4167203903198242
(32,38): 0.5479611754417419
(33,13): 0.49077096581459045
(33,32): 0.5312579870223999
(33,37): 0.5385730266571045
(33,38): 0.4725055396556854
(34,14): 0.4345458745956421
(34,15): 0.527672290802002
(34,16): 0.5360163450241089
(34,26): 0.4182087182998657
(34,35): 0.544478714466095
(35,12): 0.430846631526947
(35,34): 0.5234715938568115
(36,15): 0.4560489356517792
(37,20): 0.4329514801502228
(37,32): 0.5491248369216919
(37,33): 0.5328567624092102
(37,38): 0.5270556211471558
(38,17): 0.4596305191516876
(38,18): 0.4530700445175171
(38,32): 0.4869043231010437
(38,33): 0.41246819496154785
(38,37): 0.4748622179031372
(39,12): 0.5341110825538635
(39,13): 0.4385002553462982
(39,17): 0.5198367834091187
(39,18): 0.5024555921554565
(39,41): 0.4550282657146454
(40,15): 0.5457831025123596
(41,16): 0.45527219772338867
(41,39): 0.46353819966316223
