Interaction name: 1o0f

Affinity: 5.300000190734863
Predicted value: 5.986778259277344

Shapley values for edges: 

(0,1): -0.01726839065551758
(0,2): -0.027567229270935058
(0,8): 0.011256842613220215
(0,15): -0.003588237762451172
(0,16): 0.007174386978149414
(0,20): 0.01397606372833252
(0,23): 0.017373390197753906
(0,25): -0.01720518112182617
(0,26): -0.007476387023925782
(0,28): -0.010538816452026367
(0,31): -0.01567718505859375
(1,0): -0.00047482013702392577
(1,2): -0.004631853103637696
(1,8): 0.012766823768615723
(1,9): 0.012501382827758789
(1,14): 0.002696247100830078
(1,16): 0.001264967918395996
(1,22): 0.022726864814758302
(1,25): -0.004661021232604981
(1,26): -0.006637539863586426
(1,28): -0.005041604042053223
(2,0): -0.0072183704376220705
(2,1): -0.0033990287780761718
(2,8): 0.01065378189086914
(2,14): 0.010408906936645508
(2,15): 0.00539639949798584
(2,25): -0.012530946731567382
(2,26): 0.0005265474319458008
(2,28): -0.011925716400146485
(2,31): 0.0005928754806518554
(3,4): 0.013225102424621582
(3,5): -0.0021875381469726564
(3,6): 0.005869464874267578
(3,18): 0.009516592025756837
(3,19): 0.008946027755737305
(3,20): 0.014797801971435548
(3,25): -0.03427159786224365
(3,26): -0.03257408618927002
(3,27): -0.017930989265441896
(3,31): -0.004288330078125
(4,3): 0.007364101409912109
(4,5): 0.0015490198135375978
(4,6): 0.005236749649047852
(4,17): 0.007959718704223634
(4,19): 0.010045409202575684
(4,20): 0.009405012130737305
(4,25): -0.01867055892944336
(4,26): -0.0014126300811767578
(4,27): -0.033961091041564945
(4,28): -0.05043684005737305
(4,31): -0.010972819328308105
(5,3): 0.006951913833618164
(5,4): 0.013334565162658692
(5,6): 0.009205536842346191
(5,17): 0.0036614084243774413
(5,18): 0.009338397979736329
(5,20): 0.009600725173950195
(5,25): -0.023484091758728027
(5,26): -0.004104738235473633
(5,27): -0.026553597450256348
(5,28): -0.03016632080078125
(5,31): -0.01465113639831543
(6,3): 0.014072766304016113
(6,4): 0.012887845039367676
(6,5): 0.010148172378540038
(6,7): 0.009945521354675293
(6,17): 0.0037524890899658203
(6,18): 0.00597691535949707
(6,19): 0.0018486928939819335
(6,20): 0.016284689903259278
(6,21): 0.007926921844482421
(6,22): 0.011307396888732911
(6,23): -0.00608060359954834
(6,25): -0.015343694686889649
(6,26): -0.02561164379119873
(6,27): -0.012981228828430176
(6,28): -0.03623001575469971
(7,6): -0.004188070297241211
(7,8): -0.0025677061080932617
(7,9): -0.0010932016372680665
(7,12): -0.06661377906799316
(7,20): 0.017155251502990722
(7,21): -0.008955655097961425
(7,22): -0.007200231552124023
(7,23): -0.03177944660186768
(7,25): -0.003250985145568848
(7,27): -0.010304417610168457
(7,28): -0.012687153816223144
(7,31): -0.018688535690307616
(8,0): -0.0017433214187622071
(8,1): -0.016428132057189942
(8,2): -0.01682394027709961
(8,7): -0.0020103883743286134
(8,9): -0.005335850715637207
(8,14): 0.0025423049926757814
(8,15): 0.0037726926803588866
(8,16): 0.0028174591064453127
(8,20): 0.014792838096618653
(8,21): -0.003837423324584961
(8,22): 0.0034415340423583985
(8,23): 0.00201786994934082
(8,25): -0.01915186882019043
(8,26): -0.012406187057495117
(8,27): -0.030133023262023925
(8,31): -0.03428662300109863
(9,1): -0.005495395660400391
(9,7): 0.0076892805099487305
(9,8): 0.01627455711364746
(9,15): 0.017727756500244142
(9,21): -0.00781883716583252
(9,22): -0.027500009536743163
(9,23): 0.013694801330566407
(9,25): -0.01781935214996338
(9,27): -0.0036130189895629884
(9,28): -0.017705388069152832
(9,31): -0.013948464393615722
(10,11): -0.03312561511993408
(10,12): -0.03192396640777588
(10,13): -0.03702730178833008
(10,21): 0.02312971591949463
(10,28): 0.007907190322875977
(11,10): -0.037836618423461914
(11,12): 0.01214759349822998
(11,13): 0.008533830642700196
(11,24): -0.0174237060546875
(11,29): 0.012425494194030762
(12,7): 0.012073383331298829
(12,10): -0.03398209571838379
(12,11): -0.016857810020446777
(12,21): 0.010742053985595704
(12,24): -0.02470970630645752
(12,28): 0.028410916328430177
(12,29): 0.0717398738861084
(13,10): -0.022634825706481933
(13,11): -0.014703426361083984
(13,24): 0.0037901830673217774
(13,30): 0.006917786598205566
(14,1): -0.028941664695739746
(14,2): -0.03457045078277588
(14,8): -0.013886818885803223
(14,15): 0.0075488615036010745
(14,16): 0.004075202941894531
(14,20): 0.005329985618591309
(14,23): 0.013228735923767089
(15,0): -0.01878535270690918
(15,2): -0.02582059383392334
(15,8): -0.007441105842590332
(15,9): -0.029339308738708495
(15,14): 0.006562075614929199
(15,16): 0.010668973922729492
(15,22): 0.002096905708312988
(16,0): -0.022453184127807616
(16,1): -0.02166430950164795
(16,8): -0.003193793296813965
(16,14): 0.00531226634979248
(16,15): 0.010711212158203125
(17,4): -0.002230968475341797
(17,5): -0.012497644424438476
(17,6): -0.009979300498962403
(17,18): 0.012152252197265625
(17,19): 0.010470843315124512
(17,20): 0.005402307510375976
(18,3): -0.004917206764221191
(18,5): -0.017320752143859863
(18,6): -0.02285926342010498
(18,17): 0.010556859970092774
(18,19): 0.0080291748046875
(18,20): -0.004867639541625977
(19,3): -0.002573070526123047
(19,4): -0.002229475975036621
(19,6): -0.00731475830078125
(19,17): 0.013267560005187988
(19,18): 0.01158555507659912
(19,20): 0.004932117462158203
(20,0): -0.030751280784606934
(20,3): -0.03894999980926514
(20,4): -0.022028231620788576
(20,5): -0.05770794868469238
(20,6): 0.00327028751373291
(20,7): -0.011033935546875
(20,8): -0.007071123123168945
(20,14): 0.0006783342361450195
(20,17): -0.02195345878601074
(20,18): -0.021468133926391603
(20,19): -0.013179125785827637
(20,21): 0.016564393043518068
(20,22): 0.015366840362548827
(20,23): -0.0066546630859375
(20,33): -0.01935197353363037
(21,6): -0.02832122325897217
(21,7): -0.006110129356384278
(21,8): -0.013899173736572266
(21,9): -0.015793442726135254
(21,10): -0.10721343994140625
(21,12): -0.09600528717041015
(21,20): -0.004237689971923828
(21,22): -0.0045828580856323246
(21,23): 0.012789230346679687
(21,33): -0.0004934978485107422
(22,1): -0.03128291606903076
(22,6): -0.029768199920654298
(22,7): -0.018554396629333496
(22,8): -0.01139699935913086
(22,9): -0.01622861385345459
(22,15): -0.007514734268188477
(22,20): -0.00713437557220459
(22,21): 0.009787817001342774
(22,23): 0.004576525688171387
(23,0): -0.016597037315368653
(23,6): -0.021099982261657716
(23,7): -0.014261598587036134
(23,8): -0.014462413787841797
(23,9): -0.025521678924560545
(23,14): -0.006290912628173828
(23,20): -0.01748497486114502
(23,21): 0.004197635650634766
(23,22): 0.005973801612854004
(24,11): 0.07628068447113037
(24,12): 0.13178694248199463
(24,13): 0.16287670612335206
(25,0): 0.0097039794921875
(25,1): 0.0030910253524780275
(25,2): 0.007904610633850097
(25,3): 0.009289970397949219
(25,4): 0.005515680313110351
(25,5): 0.011310358047485352
(25,6): -0.0010930776596069336
(25,7): 0.023418445587158204
(25,8): 0.0039513158798217774
(25,9): 0.02191493034362793
(25,26): -0.019288525581359864
(26,0): 0.0035590171813964845
(26,1): 0.006278066635131836
(26,2): -0.00874903678894043
(26,3): -0.001967310905456543
(26,4): 0.0003545379638671875
(26,5): -0.012883286476135253
(26,6): -0.0014229583740234374
(26,8): 0.015089926719665527
(26,25): -0.006565184593200684
(26,33): -0.005267438888549805
(27,3): 0.01874566078186035
(27,4): 0.010612273216247558
(27,5): -0.00039782524108886717
(27,6): 0.005536026954650879
(27,7): 0.0190718412399292
(27,8): 0.0034152364730834963
(27,9): 0.018587656021118164
(27,28): -0.027262001037597655
(28,0): 0.014031672477722168
(28,1): 0.00677487850189209
(28,2): -0.0012786579132080078
(28,4): 0.006625990867614746
(28,5): -0.005258703231811523
(28,6): -0.0011563396453857422
(28,7): 0.0085076904296875
(28,9): 0.024781317710876466
(28,10): 0.029648208618164064
(28,12): 0.008781476020812988
(28,27): -0.0149485445022583
(28,32): 0.012995853424072265
(29,11): -0.008006768226623535
(29,12): 0.03157523155212402
(29,30): -0.038168749809265136
(30,13): -0.027981476783752443
(30,29): -0.07863629817962646
(31,0): -0.0025182676315307615
(31,2): -0.05318010330200195
(31,3): -0.030564212799072267
(31,4): -0.0494796085357666
(31,5): -0.03265716075897217
(31,7): -0.06605459213256835
(31,8): -0.023345284461975098
(31,9): -0.07227941036224365
(32,28): -0.023728580474853517
(33,20): 0.014135470390319824
(33,21): 0.024521479606628416
(33,26): -0.05728208065032959
