Interaction name: 5k0j

Affinity: 7.119999885559082
Predicted value: 6.534897804260254

Attributions for edges: 

(0,5): 0.550395667552948
(0,9): 0.49719002842903137
(0,10): 0.46100613474845886
(0,16): 0.45251747965812683
(1,3): 0.48223915696144104
(1,4): 0.5329834818840027
(1,11): 0.5461025238037109
(2,6): 0.5327284932136536
(2,7): 0.5069580674171448
(2,8): 0.6148120760917664
(2,12): 0.464505136013031
(2,13): 0.579877495765686
(2,14): 0.61448073387146
(3,1): 0.4953566789627075
(3,4): 0.40480825304985046
(3,5): 0.45967167615890503
(3,9): 0.46047016978263855
(4,1): 0.47902536392211914
(4,3): 0.49901309609413147
(4,6): 0.4170946776866913
(4,7): 0.6284080743789673
(4,11): 0.3172343671321869
(4,12): 0.5533173680305481
(4,13): 0.3414899706840515
(4,17): 0.5993291139602661
(4,21): 0.4499550759792328
(5,0): 0.588388979434967
(5,3): 0.5148382782936096
(5,9): 0.6127868294715881
(5,15): 0.5008094906806946
(5,17): 0.45763006806373596
(5,18): 0.36276617646217346
(5,19): 0.5767438411712646
(5,21): 0.5257737636566162
(5,24): 0.5531561374664307
(6,2): 0.5100569725036621
(6,4): 0.547031819820404
(6,7): 0.5532922744750977
(6,8): 0.4710664451122284
(6,11): 0.4442218542098999
(6,12): 0.447240948677063
(6,13): 0.5777691006660461
(6,14): 0.6253794431686401
(6,22): 0.5392863154411316
(6,24): 0.43545156717300415
(6,25): 0.4162510633468628
(7,2): 0.5886915326118469
(7,4): 0.5030303597450256
(7,6): 0.5414692759513855
(7,8): 0.34851324558258057
(7,11): 0.4564642012119293
(7,12): 0.5908538699150085
(7,13): 0.5124125480651855
(7,14): 0.36646121740341187
(7,21): 0.5159589648246765
(8,2): 0.45473289489746094
(8,6): 0.43057894706726074
(8,7): 0.6181007623672485
(8,14): 0.5883490443229675
(8,24): 0.43268781900405884
(8,26): 0.4112913906574249
(9,0): 0.4700353443622589
(9,3): 0.4402710795402527
(9,5): 0.48082205653190613
(9,10): 0.4141719937324524
(9,15): 0.4163980782032013
(9,19): 0.4580450654029846
(9,20): 0.41798046231269836
(9,21): 0.448968768119812
(9,22): 0.46595871448516846
(9,24): 0.43385040760040283
(9,25): 0.5083019733428955
(10,0): 0.35530194640159607
(10,9): 0.392539918422699
(10,15): 0.45854952931404114
(10,19): 0.5152585506439209
(10,20): 0.45740997791290283
(10,21): 0.5758324265480042
(10,23): 0.4928821623325348
(10,24): 0.4566047787666321
(11,1): 0.4738677144050598
(11,4): 0.5291258692741394
(11,6): 0.39832839369773865
(11,7): 0.42608222365379333
(11,12): 0.42977216839790344
(11,13): 0.45997458696365356
(11,14): 0.5665902495384216
(11,26): 0.3828555941581726
(12,2): 0.5340268611907959
(12,4): 0.4891841411590576
(12,6): 0.5254039764404297
(12,7): 0.47017592191696167
(12,11): 0.47736358642578125
(12,13): 0.39362484216690063
(12,14): 0.4545159339904785
(12,26): 0.4149630665779114
(13,2): 0.38949012756347656
(13,4): 0.418649286031723
(13,6): 0.4342148005962372
(13,7): 0.46622994542121887
(13,11): 0.6183682680130005
(13,12): 0.45827698707580566
(13,14): 0.4309655427932739
(13,21): 0.5755714774131775
(14,2): 0.46439364552497864
(14,6): 0.5479334592819214
(14,7): 0.39871060848236084
(14,8): 0.3823951482772827
(14,11): 0.45182937383651733
(14,12): 0.5482816100120544
(14,13): 0.47387921810150146
(15,5): 0.3238862454891205
(15,9): 0.5882935523986816
(15,10): 0.4514601528644562
(16,0): 0.443319171667099
(16,19): 0.5015393495559692
(17,4): 0.48415154218673706
(17,5): 0.5645219087600708
(18,5): 0.4926767647266388
(18,20): 0.5296228528022766
(19,5): 0.53249192237854
(19,9): 0.3364272117614746
(19,10): 0.6185576319694519
(19,16): 0.44193795323371887
(20,9): 0.5051952600479126
(20,10): 0.4602583646774292
(20,18): 0.5480570197105408
(21,4): 0.38756489753723145
(21,5): 0.4196365177631378
(21,7): 0.5037055015563965
(21,9): 0.47152048349380493
(21,10): 0.42930713295936584
(21,13): 0.5302109122276306
(22,6): 0.4228561222553253
(22,9): 0.46707087755203247
(22,23): 0.49302810430526733
(22,24): 0.4288342297077179
(23,10): 0.4573379158973694
(23,22): 0.45901885628700256
(24,5): 0.46132904291152954
(24,6): 0.46356186270713806
(24,8): 0.42548900842666626
(24,9): 0.4571833312511444
(24,10): 0.38967782258987427
(24,22): 0.4789412319660187
(25,6): 0.4687293767929077
(25,9): 0.4734329581260681
(25,26): 0.5463435649871826
(26,8): 0.517236590385437
(26,11): 0.4071741998195648
(26,12): 0.4373331665992737
(26,25): 0.5624502897262573
