Interaction name: 5ml4

Affinity: 8.699999809265137
Predicted value: 8.574596405029297

Attributions for edges: 

(0,1): 0.5112983584403992
(0,26): 0.4625988304615021
(0,27): 0.4939574599266052
(0,28): 0.43027493357658386
(0,36): 0.5425306558609009
(1,0): 0.48883089423179626
(1,8): 0.5419909358024597
(1,26): 0.5060881972312927
(1,27): 0.4470561444759369
(1,28): 0.5294922590255737
(1,36): 0.49114182591438293
(2,3): 0.4436408579349518
(2,10): 0.4788413941860199
(2,11): 0.48279741406440735
(2,14): 0.5159639716148376
(2,15): 0.45324110984802246
(2,30): 0.47628870606422424
(2,37): 0.5678147673606873
(3,2): 0.4820842444896698
(3,12): 0.5688698291778564
(3,14): 0.5702214241027832
(3,15): 0.40103861689567566
(3,29): 0.42453867197036743
(3,30): 0.40457457304000854
(3,37): 0.4749143719673157
(3,38): 0.5394829511642456
(4,5): 0.5932720303535461
(4,16): 0.455843061208725
(4,25): 0.5513812899589539
(4,31): 0.5858404636383057
(4,32): 0.5097746253013611
(4,35): 0.5410978198051453
(4,37): 0.5080268383026123
(4,38): 0.4353472590446472
(4,39): 0.5281686782836914
(5,4): 0.48684120178222656
(5,16): 0.4890452027320862
(5,20): 0.5671629905700684
(5,25): 0.42140230536460876
(5,31): 0.5279455780982971
(5,32): 0.5425266027450562
(5,35): 0.4438713788986206
(5,37): 0.4733523428440094
(5,39): 0.3727889060974121
(6,12): 0.5633013248443604
(6,13): 0.44317060708999634
(6,29): 0.5052065253257751
(6,40): 0.4855174720287323
(7,12): 0.49330174922943115
(7,13): 0.5870365500450134
(7,29): 0.48314639925956726
(8,1): 0.5097103118896484
(8,9): 0.5031748414039612
(8,26): 0.4377511739730835
(8,27): 0.5399003028869629
(8,41): 0.4114927053451538
(8,42): 0.4926499128341675
(8,43): 0.5251936912536621
(8,44): 0.5252171754837036
(8,61): 0.48452895879745483
(8,63): 0.46164608001708984
(9,8): 0.4727085828781128
(9,10): 0.4873902499675751
(9,11): 0.4952858090400696
(9,26): 0.49005427956581116
(9,27): 0.4668390154838562
(9,28): 0.541274905204773
(9,42): 0.5335543155670166
(9,43): 0.5325490832328796
(10,2): 0.510083019733429
(10,9): 0.4748929440975189
(10,11): 0.48507827520370483
(10,12): 0.4631625711917877
(10,26): 0.45594117045402527
(10,27): 0.5671384334564209
(10,28): 0.40773192048072815
(10,46): 0.44782692193984985
(10,48): 0.47044530510902405
(11,2): 0.4910489618778229
(11,9): 0.5415886640548706
(11,10): 0.49797847867012024
(11,12): 0.5084356069564819
(11,26): 0.49206089973449707
(11,27): 0.4858171045780182
(11,28): 0.5155641436576843
(11,61): 0.5596891641616821
(11,67): 0.5314288139343262
(12,3): 0.490378737449646
(12,6): 0.5402485728263855
(12,7): 0.515832781791687
(12,10): 0.46836531162261963
(12,11): 0.45895567536354065
(12,13): 0.5382058620452881
(12,29): 0.5331382155418396
(12,42): 0.46645140647888184
(12,43): 0.5183541774749756
(12,46): 0.47841858863830566
(12,47): 0.42393985390663147
(13,6): 0.6079195737838745
(13,7): 0.4232596158981323
(13,12): 0.4509311020374298
(13,29): 0.44534796476364136
(13,48): 0.43490326404571533
(13,49): 0.47556763887405396
(14,2): 0.5056039690971375
(14,3): 0.5053664445877075
(14,15): 0.44929465651512146
(14,16): 0.4668932259082794
(14,30): 0.48275601863861084
(14,31): 0.4772067368030548
(14,32): 0.41188037395477295
(14,35): 0.531465470790863
(14,43): 0.5662602186203003
(14,47): 0.4198313355445862
(14,49): 0.5153734087944031
(15,2): 0.423249751329422
(15,3): 0.5332574844360352
(15,14): 0.4123256206512451
(15,16): 0.4219965636730194
(15,30): 0.5971380472183228
(15,31): 0.5853768587112427
(15,32): 0.5233311653137207
(15,35): 0.40111154317855835
(15,50): 0.567507266998291
(15,65): 0.5693528652191162
(16,4): 0.5796834826469421
(16,5): 0.5219375491142273
(16,14): 0.5149394273757935
(16,15): 0.5530262589454651
(16,19): 0.48538386821746826
(16,30): 0.46919018030166626
(16,31): 0.4389396905899048
(16,32): 0.49326393008232117
(16,35): 0.5243598222732544
(16,64): 0.4412437379360199
(16,65): 0.4428899586200714
(16,68): 0.5513554811477661
(17,18): 0.5789005160331726
(17,19): 0.5716237425804138
(17,33): 0.49408891797065735
(17,53): 0.605518639087677
(17,64): 0.45887407660484314
(17,68): 0.5551202297210693
(18,17): 0.499026358127594
(18,19): 0.4891110062599182
(18,33): 0.4277968108654022
(18,66): 0.5498350262641907
(18,67): 0.47774839401245117
(19,16): 0.49744942784309387
(19,17): 0.5299677848815918
(19,18): 0.517752468585968
(19,31): 0.521748423576355
(19,32): 0.43655329942703247
(19,33): 0.5130897164344788
(19,35): 0.4464329481124878
(19,50): 0.4836295545101166
(19,64): 0.5221300721168518
(19,68): 0.4994478225708008
(20,5): 0.476699560880661
(20,21): 0.5260545015335083
(20,22): 0.5169549584388733
(20,24): 0.48670896887779236
(20,25): 0.45247882604599
(20,33): 0.41518133878707886
(20,34): 0.47556236386299133
(20,50): 0.45828282833099365
(20,68): 0.534086287021637
(21,20): 0.4993385970592499
(21,22): 0.5077536106109619
(21,23): 0.4758939743041992
(21,24): 0.4539983868598938
(21,25): 0.4333879053592682
(21,34): 0.525244414806366
(21,55): 0.5445181131362915
(21,56): 0.5201152563095093
(22,20): 0.5403795838356018
(22,21): 0.5249637961387634
(22,23): 0.5107017159461975
(22,24): 0.5342527627944946
(22,25): 0.44128212332725525
(22,34): 0.470390647649765
(22,51): 0.44263866543769836
(22,70): 0.3722553849220276
(23,21): 0.47095662355422974
(23,22): 0.5419514775276184
(23,24): 0.5029970407485962
(23,25): 0.4451557397842407
(23,34): 0.4753701984882355
(23,57): 0.5588908195495605
(23,58): 0.5382477045059204
(23,59): 0.5401648879051208
(23,70): 0.5582770705223083
(24,20): 0.499972939491272
(24,21): 0.5360953211784363
(24,22): 0.49993062019348145
(24,23): 0.47523096203804016
(24,25): 0.5692601799964905
(24,34): 0.5314196348190308
(24,58): 0.5392189621925354
(24,69): 0.563353419303894
(24,70): 0.4393974542617798
(24,71): 0.5558282732963562
(25,4): 0.5268258452415466
(25,5): 0.4775136411190033
(25,20): 0.48802685737609863
(25,21): 0.5449605584144592
(25,22): 0.5256714224815369
(25,23): 0.5137901902198792
(25,24): 0.4797942638397217
(25,33): 0.41818422079086304
(25,34): 0.5023840665817261
(25,58): 0.5570571422576904
(25,67): 0.6015192270278931
(25,72): 0.4251338541507721
(26,0): 0.508279025554657
(26,1): 0.55238938331604
(26,8): 0.4063699245452881
(26,9): 0.515697181224823
(26,10): 0.4800906181335449
(26,11): 0.4915299713611603
(26,27): 0.5070281028747559
(26,28): 0.5414947271347046
(26,60): 0.5199518203735352
(27,0): 0.4562493562698364
(27,1): 0.576213002204895
(27,8): 0.4451152980327606
(27,9): 0.5520223379135132
(27,10): 0.5295433402061462
(27,11): 0.46276378631591797
(27,26): 0.4953025281429291
(27,28): 0.42735710740089417
(27,47): 0.35331058502197266
(28,0): 0.45967745780944824
(28,1): 0.47584232687950134
(28,9): 0.4624781012535095
(28,10): 0.5333684682846069
(28,11): 0.520785391330719
(28,26): 0.46418488025665283
(28,27): 0.5002856850624084
(28,45): 0.5646362900733948
(28,46): 0.5117202997207642
(29,3): 0.5137166976928711
(29,6): 0.4643718898296356
(29,7): 0.4719432294368744
(29,12): 0.539333701133728
(29,13): 0.43297553062438965
(29,68): 0.4974893629550934
(30,2): 0.6131286025047302
(30,3): 0.5637860894203186
(30,14): 0.4901048541069031
(30,15): 0.47010383009910583
(30,16): 0.5029988884925842
(30,31): 0.4727058708667755
(30,32): 0.4952475428581238
(30,35): 0.5577558875083923
(30,63): 0.5306628942489624
(31,4): 0.44092801213264465
(31,5): 0.49182093143463135
(31,14): 0.5525130033493042
(31,15): 0.5395643711090088
(31,16): 0.444808691740036
(31,19): 0.5197324156761169
(31,30): 0.5162073373794556
(31,32): 0.5058282613754272
(31,62): 0.466310977935791
(32,4): 0.5599368810653687
(32,5): 0.43618977069854736
(32,14): 0.5025437474250793
(32,15): 0.49684253334999084
(32,16): 0.46341630816459656
(32,19): 0.5093546509742737
(32,30): 0.5447103977203369
(32,31): 0.4816618859767914
(32,35): 0.46262693405151367
(32,64): 0.5412712097167969
(32,66): 0.5014126300811768
(33,17): 0.45084238052368164
(33,18): 0.42442092299461365
(33,19): 0.4630829095840454
(33,20): 0.5323230624198914
(33,25): 0.512805700302124
(33,51): 0.4313320517539978
(33,52): 0.5160001516342163
(33,53): 0.5715035796165466
(33,54): 0.5853050947189331
(33,59): 0.5224528908729553
(33,70): 0.5282161235809326
(33,72): 0.48317983746528625
(34,20): 0.49503424763679504
(34,21): 0.4953383207321167
(34,22): 0.5681928992271423
(34,23): 0.40412384271621704
(34,24): 0.47870683670043945
(34,25): 0.49947264790534973
(34,54): 0.5422381162643433
(34,67): 0.4380827248096466
(34,68): 0.5243886113166809
(34,69): 0.5343474745750427
(35,4): 0.436524897813797
(35,5): 0.4924401640892029
(35,14): 0.4751693904399872
(35,15): 0.5552598834037781
(35,16): 0.5371476411819458
(35,19): 0.5616423487663269
(35,30): 0.6154060363769531
(35,32): 0.5322437882423401
(36,0): 0.4459912180900574
(36,1): 0.5003343820571899
(37,2): 0.49412664771080017
(37,3): 0.4658680260181427
(37,4): 0.5544916391372681
(37,5): 0.5537538528442383
(37,63): 0.44238635897636414
(38,3): 0.47636422514915466
(38,4): 0.5227651596069336
(38,39): 0.5134955048561096
(38,65): 0.5521528720855713
(38,72): 0.4960881173610687
(39,4): 0.5077900290489197
(39,5): 0.48643264174461365
(39,38): 0.47184693813323975
(40,6): 0.4881793260574341
(41,8): 0.4960508644580841
(41,60): 0.44999364018440247
(42,8): 0.5323352813720703
(42,9): 0.511175811290741
(42,12): 0.5471145510673523
(43,8): 0.47303661704063416
(43,9): 0.4737195074558258
(43,12): 0.49369657039642334
(43,14): 0.467678040266037
(44,8): 0.4657849371433258
(44,47): 0.45570605993270874
(45,28): 0.48129788041114807
(45,46): 0.4857499301433563
(46,10): 0.46788331866264343
(46,12): 0.4573571979999542
(46,28): 0.482724130153656
(46,45): 0.5222935676574707
(47,12): 0.45443856716156006
(47,14): 0.4428861737251282
(47,27): 0.549672544002533
(47,44): 0.4898396134376526
(48,10): 0.43705499172210693
(48,13): 0.49614188075065613
(49,13): 0.4606509208679199
(49,14): 0.4722127318382263
(49,65): 0.5826825499534607
(50,15): 0.48965439200401306
(50,19): 0.4281828999519348
(50,20): 0.4611980617046356
(50,64): 0.43735599517822266
(51,22): 0.5178614854812622
(51,33): 0.45450013875961304
(51,54): 0.532089114189148
(51,57): 0.5186809301376343
(51,71): 0.5498340725898743
(52,33): 0.44929003715515137
(52,53): 0.4989256262779236
(53,17): 0.437867134809494
(53,33): 0.4573174715042114
(53,52): 0.4190250635147095
(54,33): 0.5050930976867676
(54,34): 0.5145696997642517
(54,51): 0.5072653293609619
(54,55): 0.44467976689338684
(55,21): 0.533515214920044
(55,54): 0.5249242782592773
(56,21): 0.5879923105239868
(56,70): 0.48600131273269653
(57,23): 0.48268428444862366
(57,51): 0.4952523410320282
(58,23): 0.4730433225631714
(58,24): 0.5017582774162292
(58,25): 0.42579492926597595
(59,23): 0.40779951214790344
(59,33): 0.4809548258781433
(59,70): 0.481273353099823
(60,26): 0.5466225147247314
(60,41): 0.4881226420402527
(61,8): 0.4985329210758209
(61,11): 0.45167893171310425
(62,31): 0.5872103571891785
(62,63): 0.49920493364334106
(63,8): 0.5190742015838623
(63,30): 0.5817897319793701
(63,37): 0.5293970108032227
(63,62): 0.4711214303970337
(63,68): 0.5624127984046936
(64,16): 0.518406093120575
(64,17): 0.4545091390609741
(64,19): 0.5339000225067139
(64,32): 0.564845085144043
(64,50): 0.49113962054252625
(65,15): 0.5050299167633057
(65,16): 0.43464478850364685
(65,38): 0.4918835759162903
(65,49): 0.5065348744392395
(66,18): 0.4736168682575226
(66,32): 0.5079154968261719
(67,11): 0.47514107823371887
(67,18): 0.5546875596046448
(67,25): 0.4389687180519104
(67,34): 0.411828875541687
(68,16): 0.42743411660194397
(68,17): 0.5397056937217712
(68,19): 0.5441214442253113
(68,20): 0.45485082268714905
(68,29): 0.5024800300598145
(68,34): 0.41324296593666077
(68,63): 0.47126519680023193
(69,24): 0.4945080578327179
(69,34): 0.47443196177482605
(70,22): 0.5619492530822754
(70,23): 0.4622603952884674
(70,24): 0.47236642241477966
(70,33): 0.43643295764923096
(70,56): 0.45021820068359375
(70,59): 0.5402548313140869
(71,24): 0.49624916911125183
(71,51): 0.5564882755279541
(72,25): 0.5033033490180969
(72,33): 0.5416039228439331
(72,38): 0.5089443325996399
