Interaction name: 5i88

Affinity: 6.599999904632568
Predicted value: 6.830735206604004

Shapley values for edges: 

(0,2): -0.034796285629272464
(0,11): 0.013379340171813964
(1,7): 0.005375251770019531
(1,8): 0.005241870880126953
(1,9): 0.005709052085876465
(2,0): 0.06052289485931397
(2,12): 0.00021655082702636718
(3,13): 0.0048779106140136716
(3,14): -0.0015703344345092774
(3,15): -0.0011300516128540038
(4,5): 0.002228131294250488
(4,6): 0.0029530906677246093
(4,7): 0.0011901569366455078
(4,8): 0.0007003355026245117
(4,9): -0.0006266355514526368
(4,10): -0.01537792682647705
(5,4): -0.0007600545883178711
(5,6): 0.002037630081176758
(5,7): 0.002760453224182129
(5,8): -0.0025916528701782227
(5,9): 0.001578364372253418
(5,10): -0.00935521125793457
(5,14): 0.016381669044494628
(5,15): 0.012665505409240723
(5,18): 0.008391809463500977
(5,19): 0.010210084915161132
(6,4): -0.0007988595962524414
(6,5): -0.0008986234664916992
(6,7): 0.0006878042221069336
(6,8): -0.0023825454711914064
(6,9): -0.000953211784362793
(7,1): -0.00597567081451416
(7,4): 0.00078765869140625
(7,5): 0.001011648178100586
(7,6): 0.0025874948501586914
(7,8): -0.00031583309173583985
(7,9): -0.0017868661880493164
(7,10): -0.015858540534973143
(7,16): 0.012538647651672364
(8,1): -0.012066102027893067
(8,4): -0.0003045368194580078
(8,5): 0.0036306047439575197
(8,6): 0.0035512971878051756
(8,7): 0.001966080665588379
(8,9): -0.0009089756011962891
(8,10): -0.012369885444641113
(8,17): 0.00948288917541504
(9,1): -0.005230207443237305
(9,4): -2.5529861450195312e-05
(9,5): 0.0009007358551025391
(9,6): 0.0016994571685791016
(9,7): -0.00042101383209228513
(9,8): -0.0006263351440429687
(9,10): -0.024878907203674316
(10,4): 0.011167573928833007
(10,5): 0.020887036323547364
(10,7): 0.009130368232727051
(10,8): 0.02051560878753662
(10,9): 0.00984830379486084
(11,0): 0.008188214302062988
(11,12): -0.040040354728698734
(12,2): -0.00030980110168457033
(12,11): 0.0695431661605835
(13,3): -0.0027940845489501953
(14,3): 0.004321084022521972
(14,5): -0.0042372608184814455
(15,3): 0.002648301124572754
(15,5): -0.003681197166442871
(16,7): -0.0017670726776123048
(16,19): 0.0033023929595947265
(17,8): -0.005145516395568848
(17,18): 0.002732067108154297
(18,5): -0.004118180274963379
(18,17): 0.0010637426376342773
(19,5): -0.002708258628845215
(19,16): 0.0012344074249267577
