Interaction name: 5kr2

Affinity: 8.479999542236328
Predicted value: 7.85250186920166

Attributions for edges: 

(0,1): 0.5186543464660645
(0,3): 0.5490200519561768
(0,6): 0.4703826308250427
(0,13): 0.5233684778213501
(0,17): 0.5035169124603271
(0,39): 0.5031653642654419
(0,40): 0.5297569632530212
(1,0): 0.5005894303321838
(1,6): 0.47868871688842773
(1,13): 0.3951193392276764
(1,14): 0.4567081034183502
(1,15): 0.5425769686698914
(1,16): 0.5375306010246277
(1,30): 0.4536633789539337
(1,31): 0.48509588837623596
(1,34): 0.46397459506988525
(1,37): 0.5110571384429932
(1,40): 0.4756355881690979
(2,6): 0.5697160363197327
(2,9): 0.42307552695274353
(2,17): 0.5198376774787903
(2,18): 0.4060917794704437
(2,19): 0.46958625316619873
(2,20): 0.49650800228118896
(2,21): 0.49587368965148926
(2,39): 0.4551268219947815
(2,40): 0.4738352596759796
(2,41): 0.41781288385391235
(3,0): 0.4496528208255768
(3,6): 0.4280189871788025
(3,7): 0.4193761348724365
(3,17): 0.44383877515792847
(3,40): 0.47491931915283203
(4,9): 0.48447683453559875
(4,10): 0.44498321413993835
(4,12): 0.44893714785575867
(4,18): 0.4763278663158417
(4,19): 0.43606147170066833
(4,41): 0.5008465647697449
(4,43): 0.43425023555755615
(5,10): 0.44102343916893005
(5,11): 0.5639805793762207
(5,12): 0.47567465901374817
(5,18): 0.5037829279899597
(5,19): 0.44302085041999817
(5,22): 0.45603445172309875
(5,26): 0.4853281080722809
(5,27): 0.5037367939949036
(5,39): 0.5926246643066406
(5,40): 0.41799500584602356
(5,41): 0.5182815194129944
(6,0): 0.5250859260559082
(6,1): 0.47130274772644043
(6,2): 0.5310913920402527
(6,3): 0.48267725110054016
(6,7): 0.48442110419273376
(6,9): 0.4320400059223175
(6,13): 0.5086483955383301
(6,17): 0.43706732988357544
(6,29): 0.5207909941673279
(6,34): 0.5094982385635376
(6,42): 0.4791926145553589
(7,3): 0.4675050675868988
(7,6): 0.4384785294532776
(7,17): 0.5376376509666443
(7,42): 0.46570664644241333
(8,9): 0.41798943281173706
(8,10): 0.37882694602012634
(8,12): 0.48681482672691345
(8,18): 0.4622873067855835
(8,19): 0.49064701795578003
(9,2): 0.41033026576042175
(9,4): 0.4854540526866913
(9,6): 0.48437726497650146
(9,8): 0.486721396446228
(9,17): 0.4395594894886017
(9,18): 0.5061020851135254
(9,19): 0.5371385812759399
(9,20): 0.44895637035369873
(9,21): 0.4859691560268402
(9,29): 0.4781439006328583
(9,44): 0.42505887150764465
(10,4): 0.42369943857192993
(10,5): 0.49389925599098206
(10,8): 0.49794846773147583
(10,11): 0.4632095396518707
(10,18): 0.4231439530849457
(10,22): 0.4532650113105774
(10,25): 0.44176024198532104
(10,33): 0.48762914538383484
(10,36): 0.43984782695770264
(10,42): 0.44726112484931946
(11,5): 0.5063070058822632
(11,10): 0.41049692034721375
(11,12): 0.4853418171405792
(11,22): 0.4046176075935364
(11,26): 0.5443400144577026
(11,27): 0.4762153625488281
(11,28): 0.46126723289489746
(12,4): 0.40935301780700684
(12,5): 0.4850079417228699
(12,8): 0.5787258744239807
(12,11): 0.47990188002586365
(12,18): 0.4088827073574066
(12,22): 0.4489637613296509
(12,25): 0.536942183971405
(12,33): 0.5339771509170532
(12,36): 0.5393263697624207
(13,0): 0.5178970098495483
(13,1): 0.5181694030761719
(13,6): 0.5066351294517517
(13,14): 0.42750659584999084
(13,31): 0.4632878303527832
(13,34): 0.4734618663787842
(13,37): 0.43089309334754944
(13,48): 0.49123454093933105
(13,59): 0.5374829769134521
(13,62): 0.46228328347206116
(14,1): 0.44393911957740784
(14,13): 0.4801553189754486
(14,16): 0.496656209230423
(14,31): 0.45061367750167847
(14,32): 0.5058232545852661
(14,37): 0.4572380483150482
(14,57): 0.4285462498664856
(15,1): 0.4354168176651001
(15,16): 0.4589152932167053
(15,31): 0.5063090920448303
(15,32): 0.5408554077148438
(15,37): 0.39641839265823364
(15,45): 0.4000079333782196
(15,59): 0.5303635597229004
(16,1): 0.44494855403900146
(16,14): 0.5244541764259338
(16,15): 0.4291420578956604
(16,31): 0.46119970083236694
(16,32): 0.49381735920906067
(16,37): 0.48365846276283264
(16,46): 0.4494033455848694
(16,62): 0.500980019569397
(17,0): 0.49783527851104736
(17,2): 0.5383557677268982
(17,3): 0.48562371730804443
(17,6): 0.4884120523929596
(17,7): 0.5456403493881226
(17,9): 0.4784877598285675
(17,45): 0.47220635414123535
(17,46): 0.45572537183761597
(17,47): 0.4796740412712097
(17,48): 0.4237382411956787
(17,54): 0.5531755685806274
(17,60): 0.5766406059265137
(18,2): 0.4422434866428375
(18,4): 0.4534718990325928
(18,5): 0.4097840487957001
(18,8): 0.4317474961280823
(18,9): 0.4296228587627411
(18,10): 0.4511035680770874
(18,12): 0.4348892271518707
(18,19): 0.5180737972259521
(18,20): 0.38132956624031067
(18,45): 0.5556827783584595
(18,46): 0.554036021232605
(18,48): 0.49840331077575684
(18,50): 0.5737749934196472
(18,52): 0.4740400016307831
(18,54): 0.45307767391204834
(18,59): 0.500730037689209
(18,60): 0.46746766567230225
(19,2): 0.505068838596344
(19,4): 0.5492016673088074
(19,5): 0.5053829550743103
(19,8): 0.5411384105682373
(19,9): 0.49379435181617737
(19,18): 0.5030707120895386
(19,20): 0.46934160590171814
(19,21): 0.5179852843284607
(19,29): 0.5379719734191895
(19,34): 0.469868540763855
(19,38): 0.483793169260025
(19,52): 0.45903563499450684
(19,59): 0.44715622067451477
(20,2): 0.46975845098495483
(20,9): 0.5731034278869629
(20,18): 0.5370657444000244
(20,19): 0.45650142431259155
(20,21): 0.45231038331985474
(20,29): 0.49819549918174744
(20,30): 0.46829554438591003
(20,34): 0.48044586181640625
(20,38): 0.45569273829460144
(20,45): 0.46846112608909607
(20,48): 0.47808632254600525
(20,54): 0.4944077134132385
(21,2): 0.4887621998786926
(21,9): 0.3886323869228363
(21,19): 0.39507341384887695
(21,20): 0.5010901689529419
(21,29): 0.4594701826572418
(21,30): 0.4864530861377716
(21,34): 0.49835747480392456
(21,38): 0.4574131667613983
(21,54): 0.40490448474884033
(22,5): 0.48579955101013184
(22,10): 0.40449589490890503
(22,11): 0.502648651599884
(22,12): 0.5322819948196411
(22,23): 0.4194340407848358
(22,24): 0.4941629469394684
(22,25): 0.4548405706882477
(22,33): 0.5112177729606628
(22,35): 0.48365259170532227
(22,36): 0.49564552307128906
(22,50): 0.486968457698822
(22,52): 0.4571910798549652
(22,53): 0.4077353775501251
(22,59): 0.4985542595386505
(22,62): 0.42094483971595764
(23,22): 0.5652164816856384
(23,24): 0.5556888580322266
(23,25): 0.46896156668663025
(23,33): 0.4756585657596588
(23,35): 0.5336341857910156
(23,36): 0.5651828646659851
(23,61): 0.4627842605113983
(24,22): 0.46188533306121826
(24,23): 0.4542965590953827
(24,25): 0.48052358627319336
(24,33): 0.5288823843002319
(24,35): 0.49026191234588623
(24,36): 0.41052326560020447
(24,62): 0.4859945476055145
(25,10): 0.46361473202705383
(25,12): 0.4138169586658478
(25,22): 0.5342786312103271
(25,23): 0.5281955003738403
(25,24): 0.42371827363967896
(25,33): 0.5228691697120667
(25,35): 0.4409293234348297
(25,36): 0.52850741147995
(25,49): 0.4438227117061615
(25,54): 0.48915529251098633
(26,5): 0.5180308818817139
(26,11): 0.4362238943576813
(26,27): 0.47854360938072205
(26,28): 0.43079471588134766
(26,48): 0.44182658195495605
(26,50): 0.5522609353065491
(26,51): 0.48623377084732056
(26,52): 0.46909528970718384
(26,53): 0.3704080879688263
(26,61): 0.41375842690467834
(27,5): 0.5152515769004822
(27,11): 0.44441476464271545
(27,26): 0.511143147945404
(27,28): 0.41262757778167725
(27,46): 0.4498533606529236
(27,48): 0.4727618098258972
(27,52): 0.4226153492927551
(27,53): 0.44362059235572815
(27,54): 0.5653201341629028
(27,55): 0.4675705134868622
(27,61): 0.3749845325946808
(28,11): 0.5087093710899353
(28,26): 0.43031689524650574
(28,27): 0.3956639766693115
(28,51): 0.5104575753211975
(28,52): 0.5875643491744995
(28,53): 0.5548530220985413
(28,55): 0.572902262210846
(29,6): 0.4914582669734955
(29,9): 0.48823082447052
(29,19): 0.44335171580314636
(29,20): 0.5221167802810669
(29,21): 0.4747634530067444
(29,30): 0.5516504049301147
(29,34): 0.44914910197257996
(29,38): 0.43558773398399353
(29,46): 0.5078626871109009
(29,59): 0.4358154833316803
(30,1): 0.4335368573665619
(30,20): 0.44464531540870667
(30,21): 0.48678556084632874
(30,29): 0.4612804353237152
(30,34): 0.4650641679763794
(30,38): 0.4787135124206543
(30,45): 0.5183415412902832
(30,47): 0.549419105052948
(31,1): 0.44496554136276245
(31,13): 0.46137112379074097
(31,14): 0.38899654150009155
(31,15): 0.4456426501274109
(31,16): 0.4234912693500519
(31,32): 0.539976179599762
(31,37): 0.46664705872535706
(31,45): 0.42803624272346497
(31,59): 0.44217535853385925
(32,14): 0.45072218775749207
(32,15): 0.4988763630390167
(32,16): 0.5672264099121094
(32,31): 0.4998478293418884
(32,37): 0.46861332654953003
(32,56): 0.46501705050468445
(33,10): 0.5495588183403015
(33,12): 0.565259575843811
(33,22): 0.48226699233055115
(33,23): 0.5432964563369751
(33,24): 0.45891398191452026
(33,25): 0.5346997976303101
(33,35): 0.49525925517082214
(33,36): 0.4985586404800415
(33,49): 0.505821168422699
(34,1): 0.4873499274253845
(34,6): 0.4855903387069702
(34,13): 0.44794633984565735
(34,19): 0.454657644033432
(34,20): 0.5361904501914978
(34,21): 0.526674747467041
(34,29): 0.505447506904602
(34,30): 0.46060752868652344
(34,38): 0.5351133942604065
(34,46): 0.4900239408016205
(34,59): 0.48833996057510376
(34,60): 0.4896954298019409
(35,22): 0.5039620399475098
(35,23): 0.46503838896751404
(35,24): 0.4990047514438629
(35,25): 0.4593992233276367
(35,33): 0.5029486417770386
(35,36): 0.49804797768592834
(35,46): 0.39825329184532166
(35,61): 0.4541773200035095
(35,62): 0.4790644347667694
(36,10): 0.3871726095676422
(36,12): 0.4884839653968811
(36,22): 0.42334532737731934
(36,23): 0.45183929800987244
(36,24): 0.4852832853794098
(36,25): 0.4859028160572052
(36,33): 0.5197268128395081
(36,35): 0.49181631207466125
(36,46): 0.46643465757369995
(36,48): 0.5688905715942383
(36,52): 0.4089415669441223
(36,59): 0.4483063519001007
(36,62): 0.4686407744884491
(37,1): 0.5807731747627258
(37,13): 0.513477087020874
(37,14): 0.4743569493293762
(37,15): 0.5879433155059814
(37,16): 0.5654095411300659
(37,31): 0.4726734757423401
(37,32): 0.5157377123832703
(37,57): 0.4573170244693756
(38,19): 0.487314373254776
(38,20): 0.5410206317901611
(38,21): 0.3999001681804657
(38,29): 0.4216066598892212
(38,30): 0.4647613763809204
(38,34): 0.4873187243938446
(38,45): 0.40277349948883057
(38,54): 0.4997108578681946
(38,58): 0.43758365511894226
(38,60): 0.47088658809661865
(38,62): 0.46933498978614807
(39,0): 0.4879397749900818
(39,2): 0.4881979525089264
(39,5): 0.4713616967201233
(39,40): 0.5136246681213379
(39,46): 0.48842012882232666
(40,0): 0.5052045583724976
(40,1): 0.4109329581260681
(40,2): 0.47619113326072693
(40,3): 0.5400648713111877
(40,5): 0.49811020493507385
(40,39): 0.43758541345596313
(41,2): 0.4867727756500244
(41,4): 0.5053321719169617
(41,5): 0.4608493149280548
(41,52): 0.5187269449234009
(42,6): 0.5651645064353943
(42,7): 0.419577419757843
(42,10): 0.40442222356796265
(43,4): 0.5001782178878784
(44,9): 0.5203341245651245
(44,46): 0.4182469844818115
(44,59): 0.3853866755962372
(45,15): 0.4654010534286499
(45,17): 0.5002396106719971
(45,18): 0.45327505469322205
(45,20): 0.5437051653862
(45,30): 0.46042871475219727
(45,31): 0.4770134687423706
(45,38): 0.4270230531692505
(45,56): 0.4995289742946625
(46,16): 0.44469863176345825
(46,17): 0.45235973596572876
(46,18): 0.5141128301620483
(46,27): 0.48457178473472595
(46,29): 0.4794612526893616
(46,34): 0.5239618420600891
(46,35): 0.5419951677322388
(46,36): 0.4302588999271393
(46,39): 0.458071768283844
(46,44): 0.5075979828834534
(47,17): 0.48597100377082825
(47,30): 0.3961816728115082
(47,62): 0.4864463210105896
(48,13): 0.5284608006477356
(48,17): 0.4996398985385895
(48,18): 0.4371435344219208
(48,20): 0.49072006344795227
(48,26): 0.4659236669540405
(48,27): 0.45815715193748474
(48,36): 0.471164345741272
(48,49): 0.6035441160202026
(49,25): 0.43350428342819214
(49,33): 0.46158918738365173
(49,48): 0.5375232100486755
(50,18): 0.44121935963630676
(50,22): 0.5120536088943481
(50,26): 0.47827431559562683
(50,54): 0.536828875541687
(50,58): 0.43094953894615173
(51,26): 0.4755961000919342
(51,28): 0.5036889314651489
(51,53): 0.5123961567878723
(52,18): 0.4200129508972168
(52,19): 0.4574894607067108
(52,22): 0.4636678397655487
(52,26): 0.48026272654533386
(52,27): 0.4302765130996704
(52,28): 0.4569301903247833
(52,36): 0.3861141502857208
(52,41): 0.4961770176887512
(53,22): 0.45015695691108704
(53,26): 0.45897915959358215
(53,27): 0.5442501902580261
(53,28): 0.414025217294693
(53,51): 0.5051915645599365
(54,17): 0.565525472164154
(54,18): 0.5061442852020264
(54,20): 0.468966543674469
(54,21): 0.516830563545227
(54,25): 0.426677942276001
(54,27): 0.4643048048019409
(54,38): 0.4640980362892151
(54,50): 0.5009399652481079
(55,27): 0.44433021545410156
(55,28): 0.4745663106441498
(56,32): 0.5157343745231628
(56,45): 0.4444493055343628
(57,14): 0.4395199418067932
(57,37): 0.44596096873283386
(57,60): 0.5616809129714966
(58,38): 0.464141309261322
(58,50): 0.43716132640838623
(59,13): 0.4514250159263611
(59,15): 0.4764963686466217
(59,18): 0.4782394468784332
(59,19): 0.4330131709575653
(59,22): 0.4978649318218231
(59,29): 0.5098048448562622
(59,31): 0.46846845746040344
(59,34): 0.4644891023635864
(59,36): 0.47822827100753784
(59,44): 0.5273559093475342
(60,17): 0.5115803480148315
(60,18): 0.4747558832168579
(60,34): 0.4277206063270569
(60,38): 0.46210527420043945
(60,57): 0.476839154958725
(61,23): 0.4715374708175659
(61,26): 0.4848921597003937
(61,27): 0.4490196406841278
(61,35): 0.4616323709487915
(62,13): 0.4561237394809723
(62,16): 0.38819995522499084
(62,22): 0.4390421509742737
(62,24): 0.5381356477737427
(62,35): 0.4772525131702423
(62,36): 0.41289785504341125
(62,38): 0.48309242725372314
(62,47): 0.5745185017585754
