Interaction name: 5etj

Affinity: 10.180000305175781
Predicted value: 8.338083267211914

Attributions for edges: 

(0,3): 0.0
(0,6): 0.0
(0,10): 0.0
(0,16): 0.0
(1,7): 0.0
(1,11): 0.0
(1,12): 0.0
(1,13): 0.0
(1,14): 0.0
(1,16): 0.0
(1,17): 0.0
(2,12): 0.0
(2,13): 0.0
(2,14): 0.0
(2,22): 0.0
(3,0): 0.0
(3,4): 0.0
(3,5): 0.0
(3,6): 0.0
(3,10): 0.0
(3,18): 0.0
(3,19): 0.0
(4,3): 0.0
(4,5): 0.0
(4,10): 0.0
(4,17): 0.0
(4,18): 0.0
(4,19): 0.0
(5,3): 0.0
(5,4): 0.0
(5,6): 0.0
(5,7): 0.0
(5,10): 0.0
(5,11): 0.0
(5,15): 0.0
(5,17): 0.0
(6,0): 0.0
(6,3): 0.0
(6,5): 0.0
(6,15): 0.0
(6,20): 0.0
(7,1): 0.0
(7,5): 0.0
(7,8): 0.0
(7,12): 0.0
(7,13): 0.0
(7,14): 0.0
(7,15): 0.0
(7,18): 0.0
(8,7): 0.0
(8,11): 0.0
(8,12): 0.0
(8,13): 0.0
(8,14): 0.0
(9,12): 0.0
(9,13): 0.0
(9,14): 0.0
(10,0): 0.0
(10,3): 0.0
(10,4): 0.0
(10,5): 0.0
(10,18): 0.0
(10,19): 0.0
(11,1): 0.0
(11,5): 0.0
(11,8): 0.0
(11,12): 0.0
(11,13): 0.0
(11,14): 0.0
(11,15): 0.0
(12,1): 0.0
(12,2): 0.0
(12,7): 0.0
(12,8): 0.0
(12,9): 0.0
(12,11): 0.0
(12,13): 0.0
(12,14): 0.0
(12,25): 0.0
(12,26): 0.0
(12,27): 0.0
(13,1): 0.0
(13,2): 0.0
(13,7): 0.0
(13,8): 0.0
(13,9): 0.0
(13,11): 0.0
(13,12): 0.0
(13,14): 0.0
(13,28): 0.0
(14,1): 0.0
(14,2): 0.0
(14,7): 0.0
(14,8): 0.0
(14,9): 0.0
(14,11): 0.0
(14,12): 0.0
(14,13): 0.0
(14,29): 0.0
(14,30): 0.0
(15,5): 0.0
(15,6): 0.0
(15,7): 0.0
(15,11): 0.0
(16,0): 0.0
(16,1): 0.0
(16,20): 0.0
(17,1): 0.0
(17,4): 0.0
(17,5): 0.0
(17,25): 0.0
(17,27): 0.0
(17,28): 0.0
(18,3): 0.0
(18,4): 0.0
(18,7): 0.0
(18,10): 0.0
(18,19): 0.0
(18,23): 0.0
(19,3): 0.0
(19,4): 0.0
(19,10): 0.0
(19,18): 0.0
(19,24): 0.0
(20,6): 0.0
(20,16): 0.0
(21,25): 0.0
(21,27): 0.0
(21,28): 0.0
(22,2): 0.0
(23,18): 0.0
(23,24): 0.0
(24,19): 0.0
(24,23): 0.0
(25,12): 0.0
(25,17): 0.0
(25,21): 0.0
(25,26): 0.0
(25,27): 0.0
(26,12): 0.0
(26,25): 0.0
(27,12): 0.0
(27,17): 0.0
(27,21): 0.0
(27,25): 0.0
(27,28): 0.0
(27,30): 0.0
(28,13): 0.0
(28,17): 0.0
(28,21): 0.0
(28,27): 0.0
(28,30): 0.0
(29,14): 0.0
(30,14): 0.0
(30,27): 0.0
(30,28): 0.0
