Interaction name: 5wei

Affinity: 5.699999809265137
Predicted value: 5.702873229980469

Attributions for edges: 

(0,1): 0.4041832685470581
(0,3): 0.5544993281364441
(0,5): 0.39198872447013855
(0,6): 0.5904432535171509
(0,7): 0.5429182648658752
(0,9): 0.5584185123443604
(0,10): 0.49922478199005127
(0,11): 0.5684788823127747
(1,0): 0.44571539759635925
(1,2): 0.6955046653747559
(1,3): 0.4883756637573242
(1,5): 0.666329562664032
(2,1): 0.4827631413936615
(2,5): 0.6003433465957642
(2,7): 0.429240345954895
(3,0): 0.46092915534973145
(3,1): 0.6492713689804077
(3,6): 0.49357911944389343
(3,7): 0.43002161383628845
(3,12): 0.4253826141357422
(4,11): 0.5193567872047424
(4,12): 0.5249967575073242
(5,0): 0.4552040696144104
(5,1): 0.5688639879226685
(5,2): 0.40100571513175964
(5,7): 0.4967317581176758
(5,10): 0.3530789017677307
(5,11): 0.6298742294311523
(6,0): 0.48856207728385925
(6,3): 0.443572461605072
(6,8): 0.353975385427475
(7,0): 0.35705727338790894
(7,2): 0.38483771681785583
(7,3): 0.46338072419166565
(7,5): 0.5298728346824646
(8,6): 0.6076971888542175
(8,13): 0.5906231999397278
(9,0): 0.24189546704292297
(9,10): 0.44141870737075806
(10,0): 0.325805127620697
(10,5): 0.6436167359352112
(10,9): 0.48505932092666626
(11,0): 0.5765125155448914
(11,4): 0.513608455657959
(11,5): 0.6777502298355103
(11,14): 0.4811810255050659
(12,3): 0.43422847986221313
(12,4): 0.5762651562690735
(13,8): 0.45828139781951904
(14,11): 0.4045998752117157
