Interaction name: 5fbo

Affinity: 9.510000228881836
Predicted value: 7.510693550109863

Attributions for edges: 

(0,5): 1.0485794043007297e-29
(0,26): 1.938635665342223e-28
(1,7): 5.987004317721058e-33
(1,9): 9.219835657041067e-34
(1,10): 5.2774700500929714e-33
(1,13): 1.4171535814902873e-33
(1,14): 1.0155252735452172e-33
(1,24): 3.3591738394883724e-33
(2,6): 1.6562045089187418e-29
(2,11): 6.235821206959612e-31
(2,12): 1.4414625678031805e-29
(2,17): 1.2440169257972568e-30
(2,25): 1.0248787298491681e-30
(3,6): 3.0335632508393777e-29
(3,15): 3.6000511313142052e-31
(3,16): 6.426926777866579e-30
(3,17): 2.2786032641537076e-30
(4,7): 9.43524764169154e-32
(4,23): 7.5085345829677865e-31
(4,26): 1.1161728497328994e-29
(4,27): 5.8933166656441374e-30
(5,0): 1.0358254598654944e-29
(5,10): 1.6054112792947813e-32
(5,14): 3.0892142149823415e-33
(5,24): 1.0218561371438606e-32
(5,28): 3.785796871159389e-31
(6,2): 1.6515737006454288e-29
(6,3): 3.020745284279819e-29
(6,11): 2.3324328180202347e-31
(6,12): 5.391655925639757e-30
(6,16): 1.312430979133758e-30
(6,17): 4.65305803038533e-31
(6,25): 3.833433544627592e-31
(7,1): 5.97272463275246e-33
(7,4): 9.345051960152946e-32
(7,8): 4.162690864111418e-32
(7,9): 4.359862629451785e-34
(7,22): 2.4546257937428374e-33
(7,36): 3.709200057648756e-33
(7,39): 2.4599795092952605e-32
(8,7): 4.1947950842003134e-32
(8,9): 6.459927735575942e-33
(8,22): 3.636946019855159e-32
(9,1): 9.150180269915153e-34
(9,7): 4.337269260686996e-34
(9,8): 6.377169994542176e-33
(9,22): 3.760472779426472e-34
(9,29): 7.0359485283181685e-34
(9,30): 7.23849860275683e-34
(9,35): 3.375370039426292e-34
(9,40): 3.47852104624339e-33
(10,1): 5.26540433526575e-33
(10,5): 1.5969821031786224e-32
(10,11): 4.370505628772527e-33
(10,12): 1.0102792075613904e-31
(10,13): 5.907845885288212e-34
(10,14): 4.233533261759372e-34
(10,24): 1.4003655017796295e-33
(10,25): 7.183021330540764e-33
(10,38): 1.0855052624158504e-32
(11,2): 6.15988098051231e-31
(11,6): 2.310488454380214e-31
(11,10): 4.37921677659609e-33
(11,12): 2.0109282952031043e-31
(11,13): 1.1759377325977383e-33
(11,14): 8.426711251442038e-34
(11,24): 2.7874038363568114e-33
(11,25): 1.4297574523249946e-32
(11,31): 3.769668736017802e-32
(12,2): 1.4369497227389612e-29
(12,6): 5.389764226090866e-30
(12,10): 1.0215643059775896e-31
(12,11): 2.0293306592652272e-31
(12,13): 2.7431753471283443e-32
(12,24): 6.502331637166743e-32
(12,25): 3.3352745552745374e-31
(13,1): 1.4084551069651947e-33
(13,10): 5.885037621462414e-34
(13,11): 1.1690676109656551e-33
(13,12): 2.7023980358454946e-32
(13,14): 1.1324287836652187e-34
(13,24): 3.7458408594123595e-34
(13,25): 1.9214028217686315e-33
(13,29): 1.0830270264507293e-33
(13,35): 5.195588144186064e-34
(13,37): 1.6016852560762624e-33
(14,1): 1.0083375847674197e-33
(14,5): 3.0582360817473356e-33
(14,10): 4.213233025333648e-34
(14,11): 8.369559267118035e-34
(14,13): 1.1313665913577813e-34
(14,24): 2.681733552291359e-34
(14,25): 1.375565877055141e-33
(14,29): 7.753580023478002e-34
(14,30): 7.976789870309846e-34
(14,38): 2.0787686382361113e-33
(15,3): 3.538131731285771e-31
(15,16): 1.5372211458771681e-32
(15,17): 5.450064946888331e-33
(15,18): 4.0741185402713097e-32
(15,19): 2.943959939254666e-34
(15,20): 4.9315216034684914e-34
(15,21): 1.2846457052873564e-33
(15,31): 1.1838283118960298e-32
(15,32): 1.2184566856981251e-32
(15,43): 3.5029043990308937e-32
(16,3): 6.369375326766704e-30
(16,6): 1.3062077239614088e-30
(16,15): 1.5501172005264518e-32
(16,17): 9.811254782930592e-32
(16,18): 7.33426378387646e-31
(16,19): 5.299742729305177e-33
(16,20): 8.877769005003689e-33
(16,21): 2.312630116925336e-32
(16,40): 2.2524937948903054e-31
(17,2): 1.2310535740963886e-30
(17,3): 2.251592849000061e-30
(17,6): 4.617481928956563e-31
(17,15): 5.479750954692394e-33
(17,16): 9.782552149619388e-32
(17,18): 2.5926835057103665e-31
(17,19): 1.8734885700031612e-33
(17,20): 3.138316818068096e-33
(17,21): 8.175276683220997e-33
(17,41): 4.090220755762461e-32
(18,15): 4.11884198608987e-32
(18,16): 7.353032667077169e-31
(18,17): 2.6069446031745425e-31
(18,19): 1.4082032940347294e-32
(18,20): 2.3589265211220902e-32
(18,21): 6.144927869523805e-32
(19,15): 2.9349446781855765e-34
(19,16): 5.2395177456087354e-33
(19,17): 1.8576329879204917e-33
(19,18): 1.3886364558813232e-32
(19,20): 1.6808767952054733e-34
(19,21): 4.37866365140273e-34
(19,30): 8.874615006723639e-34
(19,32): 4.153029622978804e-33
(19,36): 6.966934152955438e-34
(19,37): 1.275738121337512e-33
(19,39): 4.620472298422979e-33
(20,15): 4.923289469592889e-34
(20,16): 8.78914554715932e-33
(20,17): 3.116080873054354e-33
(20,18): 2.3293817930453167e-32
(20,19): 1.6832253732253437e-34
(20,21): 7.345031910897427e-34
(20,33): 1.0821232182317408e-32
(20,34): 2.814920469336432e-32
(20,36): 1.168675197890572e-33
(20,37): 2.1400155673337988e-33
(20,43): 2.002804630068724e-32
(21,15): 1.2860774206724595e-33
(21,16): 2.2959639580193776e-32
(21,17): 8.140050790946699e-33
(21,18): 6.084978833126219e-32
(21,19): 4.3970087101152504e-34
(21,20): 7.365626939265818e-34
(21,31): 1.7681299664281196e-32
(21,41): 9.599670207886395e-33
(21,42): 4.1396029795669176e-32
(22,7): 2.4538393145537403e-33
(22,8): 3.6079271785635847e-32
(22,9): 3.7788511285063495e-34
(22,30): 4.0952298310649025e-33
(22,35): 1.9096383273688082e-33
(22,36): 3.214897703630276e-33
(23,4): 7.480688062192287e-31
(23,35): 1.7636973241679626e-32
(23,37): 5.437089840243954e-32
(24,1): 3.3467161707635486e-33
(24,5): 1.01504164945535e-32
(24,10): 1.3983796510107091e-33
(24,11): 2.7778926176907205e-33
(24,12): 6.421333023428982e-32
(24,13): 3.7550260161493414e-34
(24,14): 2.6908328428394333e-34
(24,25): 4.5655274884136374e-33
(24,32): 1.2389578214552443e-32
(24,36): 2.0783880719400325e-33
(25,2): 1.013889550380845e-30
(25,6): 3.802934403300027e-31
(25,10): 7.207944749514074e-33
(25,11): 1.4318642320752559e-32
(25,12): 3.3099000991188174e-31
(25,13): 1.935527304748723e-33
(25,14): 1.3869998555042916e-33
(25,24): 4.587909635537263e-33
(25,39): 7.105056961596064e-32
(25,41): 3.368684396938891e-32
(26,0): 1.9299435823913389e-28
(26,4): 1.1200712780058761e-29
(26,28): 7.053698861092254e-30
(27,4): 5.904748489265206e-30
(27,35): 1.3921538288525712e-31
(28,5): 3.7977154434812463e-31
(28,26): 7.021377092263852e-30
(28,38): 2.5814131009735526e-31
(29,9): 7.08372410848444e-34
(29,13): 1.0888182646739484e-33
(29,14): 7.802357528907357e-34
(29,36): 6.026507907406395e-33
(29,41): 1.895017087822899e-32
(30,9): 7.287983700684083e-34
(30,14): 8.02733980081505e-34
(30,19): 8.930241603456457e-34
(30,22): 4.103142377413875e-33
(30,41): 1.9496597957840792e-32
(31,11): 3.7842498618189893e-32
(31,15): 1.1927673586868579e-32
(31,21): 1.779484066362712e-32
(32,15): 1.2277040058824563e-32
(32,19): 4.1974339220811156e-33
(32,24): 1.248055853857021e-32
(33,20): 1.0933096632845473e-32
(33,34): 1.0914855311509413e-30
(33,43): 7.765876627436244e-31
(34,20): 2.8517763314649384e-32
(34,33): 1.0944707225647415e-30
(35,9): 3.3908564887321544e-34
(35,13): 5.211984912847593e-34
(35,22): 1.909070232989575e-33
(35,23): 1.7522431602767564e-32
(35,27): 1.37530488057506e-31
(36,7): 3.712540665656999e-33
(36,19): 7.005523887618507e-34
(36,20): 1.1735178672739752e-33
(36,22): 3.2188245894459915e-33
(36,24): 2.083023376773111e-33
(36,29): 6.022555307651755e-33
(37,13): 1.611896812236054e-33
(37,19): 1.2849888027010027e-33
(37,20): 2.152525765962425e-33
(37,23): 5.419115943872706e-32
(38,10): 1.0902527902252339e-32
(38,14): 2.097919645262914e-33
(38,28): 2.570956843624118e-31
(39,7): 2.475530858746258e-32
(39,19): 4.671371938497553e-33
(39,25): 7.124544306943996e-32
(40,9): 3.5177796188249774e-33
(40,16): 2.2507585301296215e-31
(40,42): 4.0580975514398e-31
(41,17): 4.091687184965112e-32
(41,21): 9.644523398893928e-33
(41,25): 3.3708955018127877e-32
(41,29): 1.9000551096737295e-32
(41,30): 1.9547536536165738e-32
(42,21): 4.1754452716914277e-32
(42,40): 4.066838057234774e-31
(43,15): 3.5394934239417636e-32
(43,20): 2.0271244326928864e-32
(43,33): 7.779812818261852e-31
