Interaction name: 5tku

Affinity: 9.800000190734863
Predicted value: 8.487489700317383

Attributions for edges: 

(0,1): 0.5529051423072815
(0,2): 0.557970404624939
(0,19): 0.4649978280067444
(0,29): 0.4051278531551361
(1,0): 0.49840033054351807
(1,2): 0.5543096661567688
(1,19): 0.5422871112823486
(1,29): 0.46571648120880127
(2,0): 0.3939584195613861
(2,1): 0.5000197291374207
(2,19): 0.43515661358833313
(2,25): 0.4800103008747101
(2,28): 0.4636664092540741
(2,29): 0.4947519302368164
(3,4): 0.4940844774246216
(3,8): 0.3897242844104767
(3,29): 0.394101083278656
(3,30): 0.5086855292320251
(4,3): 0.5860480666160583
(4,7): 0.4127639830112457
(4,8): 0.4596526622772217
(4,9): 0.5494223237037659
(4,10): 0.5160444974899292
(4,12): 0.3930204510688782
(4,13): 0.4152742624282837
(4,14): 0.410838782787323
(4,17): 0.527887225151062
(4,21): 0.3857543468475342
(4,29): 0.40771186351776123
(4,30): 0.4428141713142395
(5,6): 0.4462974965572357
(5,11): 0.43039003014564514
(5,23): 0.4192933738231659
(6,5): 0.48290497064590454
(6,11): 0.6323593258857727
(6,15): 0.4170777201652527
(6,23): 0.5343714356422424
(7,4): 0.4124150574207306
(7,10): 0.48848816752433777
(7,13): 0.46721285581588745
(7,16): 0.38764044642448425
(7,17): 0.5100458264350891
(7,20): 0.5537422299385071
(7,21): 0.39436429738998413
(7,22): 0.4453829526901245
(8,3): 0.551018238067627
(8,4): 0.486171156167984
(8,9): 0.4802912175655365
(8,12): 0.457459956407547
(8,21): 0.4006120562553406
(9,4): 0.40009188652038574
(9,8): 0.5751575231552124
(9,12): 0.43559226393699646
(9,13): 0.547304093837738
(9,21): 0.5866410732269287
(10,4): 0.4419270157814026
(10,7): 0.46242475509643555
(10,13): 0.5518011450767517
(10,14): 0.40337470173835754
(10,16): 0.5181658864021301
(10,17): 0.5683242678642273
(10,20): 0.4512169063091278
(10,22): 0.5388926863670349
(10,31): 0.5140341520309448
(11,5): 0.5585525631904602
(11,6): 0.570569634437561
(11,14): 0.5478631854057312
(11,15): 0.5079423785209656
(11,20): 0.5566675662994385
(11,23): 0.4328365623950958
(11,32): 0.43350693583488464
(12,4): 0.5007551312446594
(12,8): 0.4236253798007965
(12,9): 0.4669986069202423
(12,16): 0.5240601301193237
(12,17): 0.444791704416275
(12,21): 0.48974764347076416
(12,42): 0.5606971383094788
(13,4): 0.4848727583885193
(13,7): 0.47439202666282654
(13,9): 0.4383262097835541
(13,10): 0.39947059750556946
(13,14): 0.47232183814048767
(13,15): 0.4889660179615021
(13,20): 0.4086913764476776
(13,36): 0.5018300414085388
(14,4): 0.5536697506904602
(14,10): 0.5265960693359375
(14,11): 0.5535455942153931
(14,13): 0.4777414798736572
(14,15): 0.5588523149490356
(14,20): 0.5356320142745972
(14,33): 0.5525115728378296
(14,34): 0.49801674485206604
(14,41): 0.46535760164260864
(14,42): 0.5144401788711548
(15,6): 0.5192897915840149
(15,11): 0.39798882603645325
(15,13): 0.526721179485321
(15,14): 0.4662553071975708
(15,20): 0.3495599329471588
(15,36): 0.4956810176372528
(15,39): 0.515663206577301
(16,7): 0.5510427355766296
(16,10): 0.526667594909668
(16,12): 0.46746620535850525
(16,17): 0.46754974126815796
(16,21): 0.5491040945053101
(16,22): 0.41645243763923645
(17,4): 0.5348953008651733
(17,7): 0.39009958505630493
(17,10): 0.4913763999938965
(17,12): 0.5112188458442688
(17,16): 0.5940991044044495
(17,21): 0.4211146831512451
(17,22): 0.47697705030441284
(17,34): 0.46950310468673706
(17,39): 0.4402875304222107
(18,24): 0.47198817133903503
(18,25): 0.36098188161849976
(18,26): 0.4962330758571625
(18,27): 0.5083932876586914
(18,35): 0.5455796122550964
(19,0): 0.4407367706298828
(19,1): 0.44004833698272705
(19,2): 0.38042211532592773
(19,24): 0.579131543636322
(19,25): 0.4684247076511383
(19,26): 0.5816545486450195
(19,27): 0.42641958594322205
(19,28): 0.5272858142852783
(19,40): 0.4945206940174103
(20,7): 0.45998507738113403
(20,10): 0.38455018401145935
(20,11): 0.45581772923469543
(20,13): 0.5301218628883362
(20,14): 0.4090695381164551
(20,15): 0.5672656893730164
(20,34): 0.43649452924728394
(20,36): 0.6069717407226562
(20,39): 0.3265658915042877
(20,42): 0.56894451379776
(21,4): 0.5619779825210571
(21,7): 0.5366320610046387
(21,8): 0.4648077189922333
(21,9): 0.44920843839645386
(21,12): 0.5015038847923279
(21,16): 0.4234282374382019
(21,17): 0.47257888317108154
(21,22): 0.4602401852607727
(21,34): 0.421495646238327
(22,7): 0.4174511730670929
(22,10): 0.47804906964302063
(22,16): 0.44031599164009094
(22,17): 0.4741499722003937
(22,21): 0.4757084250450134
(22,36): 0.6093397736549377
(22,39): 0.4705445170402527
(23,5): 0.39695340394973755
(23,6): 0.4094298183917999
(23,11): 0.5025039315223694
(23,33): 0.5199169516563416
(23,34): 0.5390634536743164
(23,37): 0.43394556641578674
(23,38): 0.48396846652030945
(24,18): 0.5454850792884827
(24,19): 0.36360964179039
(24,25): 0.46236318349838257
(24,26): 0.5081524848937988
(24,27): 0.5711298584938049
(24,28): 0.41335776448249817
(24,40): 0.49179452657699585
(24,41): 0.4238418638706207
(25,2): 0.6260991096496582
(25,18): 0.40034720301628113
(25,19): 0.51596599817276
(25,24): 0.5096598267555237
(25,26): 0.5045979619026184
(25,27): 0.43183615803718567
(25,28): 0.48134273290634155
(26,18): 0.46708378195762634
(26,19): 0.4038553237915039
(26,24): 0.43605780601501465
(26,25): 0.49286025762557983
(26,27): 0.5739819407463074
(26,28): 0.4564518332481384
(26,41): 0.48614755272865295
(27,18): 0.5170708298683167
(27,19): 0.4328386187553406
(27,24): 0.5103780627250671
(27,25): 0.4567683935165405
(27,26): 0.5258479118347168
(27,28): 0.47498083114624023
(27,34): 0.4547344446182251
(27,42): 0.45269936323165894
(28,2): 0.5417765378952026
(28,19): 0.4909200370311737
(28,24): 0.5256360173225403
(28,25): 0.548539936542511
(28,26): 0.4275982975959778
(28,27): 0.3821800649166107
(29,0): 0.31647244095802307
(29,1): 0.5284013152122498
(29,2): 0.4138953685760498
(29,3): 0.4180144667625427
(29,4): 0.4816339612007141
(29,42): 0.5192848443984985
(30,3): 0.5093238353729248
(30,4): 0.4457530975341797
(30,33): 0.40427836775779724
(31,10): 0.5584730505943298
(31,34): 0.5334206223487854
(32,11): 0.5062647461891174
(33,14): 0.5137473344802856
(33,23): 0.48686447739601135
(33,30): 0.4673160910606384
(34,14): 0.5400091409683228
(34,17): 0.48520442843437195
(34,20): 0.5549957752227783
(34,21): 0.5012603998184204
(34,23): 0.5377538800239563
(34,27): 0.42456328868865967
(34,31): 0.4535486400127411
(35,18): 0.4435782730579376
(36,13): 0.5478575229644775
(36,15): 0.5185055732727051
(36,20): 0.46381139755249023
(36,22): 0.6160122156143188
(37,23): 0.5604259967803955
(38,23): 0.5603315830230713
(38,39): 0.5076297521591187
(39,15): 0.5508742332458496
(39,17): 0.49843302369117737
(39,20): 0.4628089368343353
(39,22): 0.4874924421310425
(39,38): 0.39789852499961853
(40,19): 0.5241764783859253
(40,24): 0.5130660533905029
(41,14): 0.4110586941242218
(41,24): 0.553955078125
(41,26): 0.4267007112503052
(41,42): 0.5200796723365784
(42,12): 0.49995529651641846
(42,14): 0.5548513531684875
(42,20): 0.5364930033683777
(42,27): 0.4405245780944824
(42,29): 0.543954074382782
(42,41): 0.5643662810325623
