Interaction name: 6dm8

Affinity: 7.28000020980835
Predicted value: 7.3127593994140625

Attributions for edges: 

(0,9): 5.483455451670613e-32
(0,16): 1.3106084633048844e-32
(0,24): 2.1825826789683708e-32
(0,27): 6.718315793692479e-32
(0,29): 2.467573643611954e-32
(0,30): 1.1742573634232378e-32
(0,31): 2.3457712699684503e-32
(0,35): 9.922514735488746e-32
(0,39): 2.587376501364709e-32
(1,20): 1.4438605339610613e-31
(1,21): 3.0736539464679573e-31
(1,27): 1.7967354745185861e-31
(1,38): 1.8602160485943474e-31
(1,39): 6.919584524187446e-32
(2,11): 6.100324794326769e-30
(2,12): 2.0467296213494882e-31
(2,13): 1.9761536458227286e-30
(3,4): 2.0289564112042644e-26
(3,6): 8.627963388950272e-26
(3,18): 1.1035021265361204e-28
(3,19): 1.381866290677508e-26
(3,20): 4.08363171496e-29
(3,40): 1.1505776080926533e-27
(4,3): 2.0313881673892455e-26
(4,5): 1.3127497186136242e-25
(4,18): 1.691585557278492e-28
(4,19): 2.1182969116876862e-26
(4,20): 6.259947598445267e-29
(4,40): 1.7637419911665424e-27
(5,4): 1.3183301699609642e-25
(5,6): 5.606128276766892e-25
(5,18): 7.170118256779613e-28
(5,19): 8.978851801080489e-26
(5,20): 2.6533816103664884e-28
(6,3): 8.675124328833262e-26
(6,5): 5.606171171078613e-25
(6,18): 7.224011554413401e-28
(6,19): 9.04634008411731e-26
(6,20): 2.6733458001700065e-28
(7,10): 7.231109922812141e-32
(7,25): 6.746904521601087e-31
(7,34): 9.797683348002043e-31
(7,57): 6.898845159806454e-31
(8,25): 8.096791570278882e-32
(8,26): 6.381383260169111e-32
(8,32): 1.9854997663072464e-31
(8,33): 3.4502172140843827e-31
(8,37): 6.472958854526136e-31
(8,41): 9.115212251714067e-32
(8,42): 9.830735663059594e-32
(8,43): 9.538937293080964e-31
(8,58): 3.076610079661405e-31
(9,0): 5.496397644473167e-32
(9,24): 5.080158033582872e-32
(9,26): 7.113572830420596e-32
(9,27): 1.5637483799553808e-31
(9,31): 5.460035489972006e-32
(9,34): 1.310694068680983e-31
(9,41): 1.0161076612010726e-31
(9,60): 3.0443411140392423e-31
(10,7): 7.137765091907694e-32
(10,12): 1.608260861272167e-33
(10,25): 6.791052739259073e-33
(10,41): 7.645294769577199e-33
(10,42): 8.245433124813948e-33
(10,44): 6.0109410561236464e-33
(10,45): 3.211552834455011e-32
(10,53): 6.098736231261068e-32
(10,61): 1.863674147262955e-32
(11,2): 6.0889794870899205e-30
(11,12): 1.0718896876744285e-31
(11,42): 5.495540473992547e-31
(12,2): 2.0232086846861447e-31
(12,10): 1.611860078037591e-33
(12,11): 1.0615297033123264e-31
(12,25): 1.503916011372114e-32
(12,32): 3.687967764405425e-32
(12,37): 1.2023110209970314e-31
(12,41): 1.6930928722905543e-32
(12,42): 1.8260107205154336e-32
(12,44): 1.331156251494052e-32
(12,45): 7.112161649452434e-32
(13,2): 1.965972924349127e-30
(13,32): 3.583664034767132e-31
(13,37): 1.1683070022031678e-30
(13,41): 1.645208257676404e-31
(13,44): 1.293508106173091e-31
(13,58): 5.553028730516122e-31
(14,15): 2.263371173090922e-32
(14,17): 1.1848404125320878e-32
(14,28): 2.1664828732406386e-31
(14,29): 1.8403884857939287e-32
(14,35): 7.40050159750151e-32
(14,36): 2.4343002180670135e-31
(14,46): 2.2956588878479804e-31
(14,47): 1.89122652996452e-31
(14,48): 2.395810301241429e-31
(15,14): 2.2668966275858318e-32
(15,16): 1.6853215322004743e-32
(15,28): 3.7353018656277265e-31
(15,29): 3.1730721452600803e-32
(15,31): 3.016445751473466e-32
(15,35): 1.2759341129799926e-31
(15,36): 4.197054149243724e-31
(15,49): 5.357026332262273e-31
(15,50): 6.4204302437675505e-31
(16,0): 1.3083006740206326e-32
(16,15): 1.6813401328342392e-32
(16,24): 1.2092235449144007e-32
(16,28): 1.6093548571302787e-31
(16,29): 1.367118150168758e-32
(16,30): 6.505777158045797e-33
(16,31): 1.299645656052322e-32
(16,35): 5.497404455384646e-32
(16,36): 1.8083008107880214e-31
(16,44): 1.901606615280021e-32
(16,49): 2.308092561794368e-31
(16,57): 2.196799548457597e-32
(16,62): 1.5819520854722148e-31
(17,14): 1.184478874550813e-32
(17,28): 1.951722053685803e-31
(17,29): 1.6579530849774544e-32
(17,30): 7.889728534255124e-33
(17,31): 1.5761145805260313e-32
(17,35): 6.6668473612889e-32
(17,36): 2.1930076681680734e-31
(17,51): 2.373831378067494e-31
(17,52): 3.68098415246719e-31
(17,58): 9.900208554687542e-32
(18,3): 1.0885011785699098e-28
(18,4): 1.6665993847743627e-28
(18,5): 7.034252565887843e-28
(18,6): 7.087070713130177e-28
(18,19): 1.135079072051186e-28
(18,20): 3.3543116862861044e-31
(18,21): 7.1405733479118085e-31
(18,22): 2.259388163297426e-30
(18,23): 4.394262957349821e-32
(18,53): 2.1636180994681366e-30
(18,56): 9.087336813777538e-31
(18,61): 6.611714677894939e-31
(19,3): 1.3820350021406364e-26
(19,4): 2.116035407709789e-26
(19,5): 8.931163310467132e-26
(19,6): 8.998258395646508e-26
(19,18): 1.150862429057304e-28
(19,20): 4.2588615481704115e-29
(19,21): 9.066225537089877e-29
(19,22): 2.8686724114235448e-28
(20,1): 1.44365141351605e-31
(20,3): 4.016335509731357e-29
(20,4): 6.149415469671346e-29
(20,5): 2.595497545146687e-28
(20,6): 2.6149865117364276e-28
(20,18): 3.344524285222288e-31
(20,19): 4.188230173945886e-29
(20,21): 2.6347180082014207e-31
(20,22): 8.336656717387619e-31
(20,42): 1.0793409112654208e-31
(20,44): 7.868421817525707e-32
(20,45): 4.203976400376846e-31
(20,57): 9.089862716038585e-32
(20,61): 2.439580538690907e-31
(21,1): 3.079240130721935e-31
(21,18): 7.133604077004653e-31
(21,19): 8.93316123167284e-29
(21,20): 2.639889007850688e-31
(21,22): 1.7781558223984722e-30
(21,23): 3.4583455224214486e-32
(21,45): 8.96681478858095e-31
(22,18): 2.2645825317743878e-30
(22,19): 2.8358569725836167e-28
(22,20): 8.380338087464175e-31
(22,21): 1.7839988756779915e-30
(22,23): 1.0978530664999105e-31
(22,55): 6.886801985083409e-31
(23,18): 4.3550467025648634e-32
(23,21): 3.43080398365527e-32
(23,22): 1.085551283019685e-31
(23,54): 1.8197663475870718e-32
(23,55): 1.3244095016675074e-32
(23,56): 4.3661248552006003e-32
(23,57): 1.1836296533507409e-32
(24,0): 2.1819501160708346e-32
(24,9): 5.066726835130376e-32
(24,16): 1.2109962638638376e-32
(24,26): 2.8239118256258715e-32
(24,27): 6.207740997907169e-32
(24,30): 1.0850083956474372e-32
(24,31): 2.1674987354586192e-32
(24,34): 5.203170578660547e-32
(24,41): 4.0336947589144697e-32
(24,50): 4.613396850988586e-31
(24,57): 3.6637372993519253e-32
(25,7): 6.701809266919362e-31
(25,8): 8.091603525961528e-32
(25,10): 6.833983262319041e-33
(25,12): 1.510032549289824e-32
(25,26): 5.025455816220181e-32
(25,27): 1.1047260644197333e-31
(25,32): 1.5636173123352642e-31
(25,33): 2.7170881887477207e-31
(25,34): 9.259532395141923e-32
(25,37): 5.097534073527292e-31
(25,44): 5.64385224358749e-32
(26,8): 6.372917349854489e-32
(26,9): 7.101588665513963e-32
(26,24): 2.8265846059060537e-32
(26,25): 5.021968124481291e-32
(26,27): 8.700650071262396e-32
(26,32): 1.2314898470697527e-31
(26,33): 2.1399688928612314e-31
(26,34): 7.292774593214752e-32
(26,37): 4.014799862719352e-31
(26,42): 6.097433195773181e-32
(26,59): 2.06790356599198e-31
(27,0): 6.738232782225636e-32
(27,1): 1.7969273151966403e-31
(27,9): 1.5647032340165538e-31
(27,24): 6.227901901518122e-32
(27,25): 1.1064975344064225e-31
(27,26): 8.72071987406116e-32
(27,34): 1.6068275442760108e-31
(27,44): 9.793903310818104e-32
(28,14): 2.1839415504379214e-31
(28,15): 3.7595466717123063e-31
(28,16): 1.6236486333374076e-31
(28,17): 1.9680503755153351e-31
(28,29): 3.0569560492145267e-31
(28,30): 1.4547298600253747e-31
(28,31): 2.906061130783652e-31
(28,35): 1.2292423724006416e-30
(29,0): 2.467724400762447e-32
(29,14): 1.842242828132351e-32
(29,15): 3.171353572519178e-32
(29,16): 1.3696132838651723e-32
(29,17): 1.6601425901426547e-32
(29,28): 3.0355742771708096e-31
(29,30): 1.227123385141547e-32
(29,31): 2.4513988413446394e-32
(29,35): 1.0369235502643038e-31
(29,36): 3.4108273387838085e-31
(29,48): 3.356922929437021e-31
(30,0): 1.1718051352706287e-32
(30,16): 6.503593677289144e-33
(30,17): 7.883170010461505e-33
(30,24): 1.0830565607462937e-32
(30,28): 1.4414500652452651e-31
(30,29): 1.2244860900970803e-32
(30,31): 1.1640440807561184e-32
(30,35): 4.9238202236593846e-32
(30,36): 1.6196400800516685e-31
(30,52): 2.718581301672135e-31
(30,58): 7.311716509183902e-32
(30,60): 6.490386851320862e-32
(31,0): 2.3455208896717251e-32
(31,9): 5.44659665080623e-32
(31,15): 3.014306057881382e-32
(31,16): 1.3017890230642525e-32
(31,17): 1.577931453982021e-32
(31,24): 2.1678956117388156e-32
(31,28): 2.8852504138955644e-31
(31,29): 2.4509874183218516e-32
(31,30): 1.1663553230550258e-32
(31,35): 9.855743129878987e-32
(31,36): 3.2419457110932616e-31
(31,62): 2.836123448689389e-31
(32,8): 1.9893055468174687e-31
(32,12): 3.712386896302232e-32
(32,13): 3.584374738651639e-31
(32,25): 1.5676067050630848e-31
(32,26): 1.2354894665984256e-31
(32,33): 6.679910277361283e-31
(32,34): 2.2764386148165554e-31
(32,42): 1.903327774108495e-31
(32,58): 5.956621550334225e-31
(33,8): 3.4621621174796984e-31
(33,25): 2.728222001040969e-31
(33,26): 2.1502302532472995e-31
(33,32): 6.690263561405586e-31
(33,34): 3.961884749418217e-31
(33,37): 2.1810866978377403e-30
(33,57): 2.7896831933714527e-31
(33,59): 1.1234212676345331e-30
(34,7): 9.742449219445605e-31
(34,9): 1.31075413644231e-31
(34,24): 5.217162487918385e-32
(34,25): 9.269215529856822e-32
(34,26): 7.305471107697984e-32
(34,27): 1.6059205328349163e-31
(34,32): 2.273019807046624e-31
(34,33): 3.949842985288393e-31
(34,37): 7.410250559900054e-31
(34,44): 8.204368111288734e-32
(35,0): 9.962566179009963e-32
(35,14): 7.437406242645575e-32
(35,15): 1.2803222333916122e-31
(35,16): 5.529330294205804e-32
(35,17): 6.702240320697809e-32
(35,28): 1.2255059930768919e-30
(35,29): 1.0410534145670477e-31
(35,30): 4.954078035996726e-32
(35,31): 9.896658561748059e-32
(35,36): 1.3770013540221667e-30
(36,14): 2.454722081423849e-31
(36,15): 4.225681668465909e-31
(36,16): 1.8249462809934053e-31
(36,17): 2.2120633719903833e-31
(36,29): 3.435979391408353e-31
(36,30): 1.6350850178765576e-31
(36,31): 3.266375775087531e-31
(36,35): 1.3816526441090484e-30
(37,8): 6.50717373349665e-31
(37,12): 1.2143506692370235e-31
(37,13): 1.1724769978830488e-30
(37,25): 5.127725000236071e-31
(37,26): 4.041351458917986e-31
(37,33): 2.1850510290260015e-30
(37,34): 7.446351872204768e-31
(38,1): 1.8606560361298601e-31
(38,39): 7.644861599908921e-32
(38,61): 3.1442877563167774e-31
(39,0): 2.588146450164498e-32
(39,1): 6.902026752816389e-32
(39,38): 7.623485822886393e-32
(39,55): 4.862633391710383e-32
(39,61): 1.1663426571033957e-31
(40,3): 1.1424079095650599e-27
(40,4): 1.7491355458753152e-27
(40,53): 2.2707513004325878e-29
(40,54): 3.975072385441222e-30
(41,8): 9.112777802913515e-32
(41,9): 1.0154643131428675e-31
(41,10): 7.696385427483782e-33
(41,12): 1.7006013424564316e-32
(41,13): 1.641973179673506e-31
(41,24): 4.0418274165806337e-32
(41,57): 7.34279834306117e-32
(42,8): 9.830886126336499e-32
(42,10): 8.302878799054664e-33
(42,11): 5.468021210844317e-31
(42,12): 1.8346126943011634e-32
(42,20): 1.0785754293441653e-31
(42,26): 6.105626391398412e-32
(42,32): 1.899700903838468e-31
(43,8): 9.599605967120123e-31
(43,59): 3.1149090021648682e-30
(44,10): 6.047325912359458e-33
(44,12): 1.3362233668300652e-32
(44,13): 1.2901473678240901e-31
(44,16): 1.9070257911741057e-32
(44,20): 7.855765857597578e-32
(44,25): 5.642388165373541e-32
(44,27): 9.775614381960835e-32
(44,34): 8.19373282614967e-32
(45,10): 3.2466839524972736e-32
(45,12): 7.173796932496274e-32
(45,20): 4.217565585270092e-31
(45,21): 8.978178527569219e-31
(46,14): 2.314440701486549e-31
(46,51): 4.638404035689335e-30
(47,14): 1.905710736256482e-31
(47,60): 1.4139105600843136e-30
(47,62): 3.0866862291575577e-30
(48,14): 2.415872463326913e-31
(48,29): 3.381573986369245e-31
(49,15): 5.397271027054765e-31
(49,16): 2.3309385296014694e-31
(49,59): 2.839837869778665e-30
(50,15): 6.472069710599174e-31
(50,24): 4.654726762165757e-31
(51,17): 2.3949333824557154e-31
(51,46): 4.6402445777240784e-30
(52,17): 3.718496998388371e-31
(52,30): 2.7485919075474983e-31
(53,10): 6.177125835287178e-32
(53,18): 2.1683608900352863e-30
(53,40): 2.2608634557274822e-29
(53,54): 9.060615476194646e-31
(54,23): 1.83106079118336e-32
(54,40): 3.938124623164368e-30
(54,53): 9.015656108659875e-31
(54,56): 3.7866053761738846e-31
(55,22): 6.845053127719605e-31
(55,23): 1.3312983393737075e-32
(55,39): 4.8702076895599063e-32
(55,61): 2.00308845317973e-31
(56,18): 9.084702766036215e-31
(56,23): 4.4041979417293834e-32
(56,54): 3.796064109017211e-31
(57,7): 6.8536229517348396e-31
(57,16): 2.2039007098309146e-32
(57,20): 9.07870492366058e-32
(57,23): 1.1893324172569613e-32
(57,24): 3.670200167292746e-32
(57,33): 2.778637543154516e-31
(57,41): 7.340949290447326e-32
(58,8): 3.0863431728862137e-31
(58,13): 5.560999522610177e-31
(58,17): 9.96370640853026e-32
(58,30): 7.36479125461788e-32
(58,32): 5.963988138331958e-31
(59,26): 2.0775814109823e-31
(59,33): 1.1232842520130012e-30
(59,43): 3.1055597783752642e-30
(59,49): 2.831983874803307e-30
(60,9): 3.0518525229409967e-31
(60,30): 6.535405346221478e-32
(60,47): 1.41128093220175e-30
(60,62): 1.589144418187382e-30
(61,10): 1.881188131469444e-32
(61,18): 6.603648435659596e-31
(61,20): 2.443734735726713e-31
(61,38): 3.1484407778582326e-31
(61,39): 1.1711489008556028e-31
(61,55): 2.0082298303713567e-31
(62,16): 1.5959173110082888e-31
(62,31): 2.8564268222156615e-31
(62,47): 3.0877693766721794e-30
(62,60): 1.5926643184714843e-30
