Interaction name: 5lwe

Affinity: 9.960000038146973
Predicted value: 8.01455020904541

Shapley values for edges: 

(0,1): 0.010818719863891602
(0,5): 0.0050678539276123044
(0,10): -0.001119542121887207
(0,11): -0.05969654560089111
(0,13): 0.033483543395996095
(0,21): -0.0014125871658325195
(0,25): 0.00045617103576660155
(0,26): -0.048668222427368166
(0,27): 0.04409665584564209
(0,28): -0.1683643054962158
(1,0): -0.002195630073547363
(1,5): -0.03030510902404785
(1,10): 0.0012372159957885743
(1,11): -0.005568675994873047
(1,21): -0.020916585922241212
(1,25): -0.03483909606933594
(1,27): -0.033884406089782715
(1,28): 0.07474148750305176
(2,5): 0.0019956254959106446
(2,14): 0.012657380104064942
(2,15): 0.0019687986373901367
(2,16): 0.016780858039855958
(2,17): -0.0137554931640625
(2,24): 0.00516291618347168
(2,27): 0.0006121063232421875
(2,28): -0.09440264225006104
(3,4): -0.03437042713165283
(3,16): 0.01575890064239502
(3,17): 0.0036507987976074218
(3,24): 0.008346481323242188
(3,29): 0.11796808242797852
(4,3): 0.05941389083862305
(4,16): -0.08090761661529541
(4,17): 0.005255322456359863
(4,29): -0.018848152160644532
(5,0): 0.020005512237548827
(5,1): -0.010174574851989747
(5,2): -0.02195836067199707
(5,10): 0.0036075448989868163
(5,11): -0.03765625953674316
(5,13): 0.005423173904418945
(5,14): 0.0436582612991333
(5,15): 0.006670336723327636
(5,17): 0.0023550987243652344
(5,21): -0.018484654426574706
(5,22): -0.08430138111114502
(5,24): -0.013429198265075683
(5,25): 0.01268409013748169
(5,26): 0.012536091804504395
(6,7): -0.030009303092956543
(6,8): -0.02746746063232422
(6,9): 0.0029042959213256836
(6,12): 0.003486018180847168
(6,19): -0.006896224021911621
(6,20): -0.0027252721786499025
(6,30): -0.06777158737182618
(7,6): 0.05273414134979248
(7,8): -0.016231255531311037
(7,9): 0.005806245803833008
(7,12): 0.020957331657409668
(7,19): -0.0057090377807617184
(7,20): -0.041821141242980954
(7,31): -0.08396517276763917
(7,32): 0.11252888679504394
(7,37): 0.05102916240692139
(7,43): 0.06896529197692872
(7,47): -0.041470494270324704
(8,6): -0.003009967803955078
(8,7): 0.003602094650268555
(8,9): 0.0065694284439086915
(8,12): 0.019131436347961425
(8,19): 0.06560892105102539
(8,20): -0.043464798927307126
(8,31): -0.03883729934692383
(8,33): 0.036440582275390626
(8,34): -0.0796088171005249
(8,35): -0.10973363876342773
(8,37): -0.1304019260406494
(8,42): 0.07227821350097656
(8,49): -0.029232730865478517
(9,6): -0.028608975410461427
(9,7): 0.001978721618652344
(9,8): 0.0035192346572875976
(9,10): 0.0008138847351074218
(9,11): -0.0061705875396728515
(9,12): 0.00390920639038086
(9,19): -0.005002546310424805
(9,20): -0.007048826217651367
(9,21): -0.0053111124038696285
(9,25): -0.030109882354736328
(9,34): 0.0093359375
(10,0): -0.0013265275955200195
(10,1): 0.032943320274353025
(10,5): 0.00027399063110351564
(10,9): 0.019610071182250978
(10,11): -0.005129823684692383
(10,12): -0.011325917243957519
(10,13): -0.04900963306427002
(10,20): 0.005545210838317871
(10,21): 2.86102294921875e-08
(10,25): 0.0017412185668945312
(10,26): -0.04815338134765625
(10,30): -0.143692626953125
(10,42): -0.07495028972625732
(10,44): -0.03536018371582031
(10,49): -0.11264057159423828
(11,0): -0.017338242530822754
(11,1): -0.06214741230010987
(11,5): -0.0239738655090332
(11,9): -0.005632920265197754
(11,10): -0.008871383666992187
(11,12): -0.002026200294494629
(11,19): 0.051461491584777835
(11,20): 0.004386844635009765
(11,21): -0.0025084447860717774
(11,25): -0.0049127197265625
(11,37): 0.010291299819946288
(12,6): 0.00932725429534912
(12,7): -0.12728032112121582
(12,8): -0.04203897476196289
(12,9): -0.0004069232940673828
(12,10): 0.011129145622253417
(12,11): 0.031093955039978027
(12,19): 0.04771657943725586
(12,20): -0.0014597225189208985
(12,21): 0.007852654457092285
(12,25): 0.016619081497192382
(12,30): -0.019196538925170897
(12,37): -0.017141861915588377
(12,42): -0.02307260513305664
(13,0): -1.9073486328125e-08
(13,5): 0.02384399890899658
(13,10): 0.001977682113647461
(13,14): 0.008490881919860839
(13,15): 0.00363832950592041
(13,21): -0.013944544792175294
(13,22): 0.024570732116699218
(13,23): 0.021110963821411134
(13,25): 0.0940631914138794
(13,36): 0.03274696826934814
(13,37): -0.011651129722595214
(13,40): 0.002744736671447754
(13,44): 0.09361550331115723
(14,2): -0.03158821582794189
(14,5): -0.045244297981262206
(14,13): 0.026217889785766602
(14,15): -0.010137090682983399
(14,18): -0.015567717552185058
(14,22): -0.003962702751159668
(14,23): -0.008732895851135253
(14,24): -0.015582852363586426
(14,26): -0.010471739768981934
(14,37): -0.013873744010925292
(14,38): -0.10484244346618653
(14,40): 0.008016533851623535
(14,41): -0.009535470008850098
(14,47): -0.04887725830078125
(14,48): -0.0503012752532959
(15,2): -0.03185306549072266
(15,5): 0.00036511421203613283
(15,13): -0.016296668052673338
(15,14): 0.04846053600311279
(15,17): 0.009406461715698242
(15,22): -0.04453085422515869
(15,23): -0.005800671577453613
(15,24): -0.005421142578125
(15,26): -0.03370917797088623
(15,30): -0.10939642429351806
(15,49): 0.010775351524353027
(16,2): 0.002463502883911133
(16,3): -0.04475334644317627
(16,4): 0.04167895793914795
(16,17): -0.004228100776672363
(16,24): 0.01567491054534912
(16,38): -0.034252991676330564
(16,39): 0.017186169624328614
(17,2): -0.23260142803192138
(17,3): -0.02116236209869385
(17,4): 0.01165180206298828
(17,5): -0.15286009311676024
(17,15): -0.008332276344299316
(17,16): -0.023175568580627443
(17,24): -0.009660959243774414
(17,30): -0.06492817878723145
(17,40): -0.01719402313232422
(17,47): -0.010272188186645508
(18,14): 5.7220458984375e-08
(18,22): 0.007858304977416993
(18,23): -0.0038994884490966795
(18,41): 0.013055052757263184
(18,42): -0.026371703147888184
(18,47): -0.07778502941131592
(18,48): -0.019933886528015136
(19,6): 0.006386661529541015
(19,7): 0.0019463443756103517
(19,8): -4.76837158203125e-09
(19,9): 0.0005114889144897461
(19,11): 0.021204872131347655
(19,12): 0.0005745792388916016
(19,20): -0.003298673629760742
(19,21): -0.03256158828735352
(19,25): -0.06623151302337646
(20,6): 0.04282439708709717
(20,7): -0.002112936973571777
(20,8): -0.04169144630432129
(20,9): 0.0036519956588745117
(20,10): -0.010472979545593262
(20,11): 0.02349794864654541
(20,12): -0.03945014476776123
(20,19): 0.014728240966796875
(20,21): -0.008245339393615722
(20,25): -0.010954365730285645
(20,31): -0.011595101356506347
(21,0): -0.056401000022888184
(21,1): -0.004022893905639649
(21,5): -0.010209751129150391
(21,9): -0.002976689338684082
(21,10): 0.015444250106811523
(21,11): -0.0059716796875
(21,12): -0.00028725624084472654
(21,13): -0.017166380882263185
(21,19): -0.012710723876953125
(21,20): 0.0009770441055297853
(21,26): -0.09960081100463868
(21,36): -0.030211987495422362
(21,40): -0.03575927257537842
(21,47): -0.1105064344406128
(22,5): 0.027437310218811035
(22,13): -0.0002887248992919922
(22,14): 0.010293622016906739
(22,15): 0.01587303161621094
(22,18): 0.016872048377990723
(22,23): -0.02566525459289551
(22,26): -0.03224325656890869
(22,45): 0.19707368850708007
(23,13): -0.0021129417419433593
(23,14): -0.0014084243774414062
(23,15): -0.012203035354614257
(23,18): -0.024911389350891114
(23,22): -0.012236785888671876
(23,26): -0.005944905281066895
(23,46): 0.06499562740325927
(24,2): 0.03833564281463623
(24,3): -0.15037277698516846
(24,5): -0.018756051063537598
(24,14): -0.037911510467529295
(24,15): -0.003773345947265625
(24,16): -0.04870496273040772
(24,17): -0.006366009712219238
(24,49): -0.023203773498535155
(25,0): -0.024765124320983888
(25,1): 0.04663447856903076
(25,5): -0.028749356269836424
(25,9): 0.04444775104522705
(25,10): 2.860546112060547e-05
(25,11): 0.005237998962402343
(25,12): 0.05714573860168457
(25,13): 0.054839439392089843
(25,19): 0.012043986320495605
(25,20): 0.016770381927490235
(25,26): 0.009062948226928711
(26,0): -0.041513099670410156
(26,5): -0.014458794593811036
(26,10): 0.0019606971740722657
(26,14): -3.814697265625e-08
(26,15): 0.0030972814559936525
(26,21): 0.026433033943176268
(26,22): -0.0017377948760986328
(26,23): 0.05492480278015137
(26,25): -0.020992588996887208
(27,0): -0.04701224327087403
(27,1): -0.038693203926086425
(27,2): -0.07450675964355469
(27,28): -0.23471297264099122
(27,37): -0.005174441337585449
(27,44): 0.02882880687713623
(28,0): 0.10417821884155273
(28,1): -0.02349565029144287
(28,2): -0.05024411678314209
(28,27): 0.018918561935424804
(28,37): 0.011951785087585449
(29,3): -0.06669036388397216
(29,4): 0.03064258098602295
(30,6): -0.053228745460510256
(30,10): -0.029383530616760255
(30,12): -0.052379612922668455
(30,15): -0.02392099380493164
(30,17): -0.015009760856628418
(31,7): 0.013158979415893555
(31,8): 0.002198672294616699
(31,20): -0.036360459327697756
(32,7): 0.014777774810791016
(32,40): -0.03477365493774414
(32,46): -0.02419675827026367
(33,8): -0.02865551471710205
(34,8): -0.002103443145751953
(34,9): 0.1303424644470215
(34,43): -0.07171370029449463
(35,8): -0.016184663772583006
(35,44): 0.04975596427917481
(36,13): 0.04017083168029785
(36,21): -0.0020410633087158203
(37,7): -0.03973506927490234
(37,8): -0.05157355785369873
(37,11): 0.005265941619873047
(37,12): -0.009818968772888183
(37,13): -0.011653361320495605
(37,14): 0.1023663330078125
(37,27): -0.029715361595153807
(37,28): 0.12284574031829834
(37,39): -0.08178769111633301
(38,14): 0.012903728485107423
(38,16): -0.039202494621276854
(39,16): -0.055082144737243655
(39,37): -0.02939356803894043
(40,13): 0.0156744384765625
(40,14): -0.05060221195220947
(40,17): 0.00906862735748291
(40,21): 0.008105406761169434
(40,32): -0.05927553653717041
(40,46): -0.0223792028427124
(41,14): -0.0038123226165771486
(41,18): 0.002314329147338867
(42,8): -0.12842711448669433
(42,10): -0.036174802780151366
(42,12): 0.043810701370239256
(42,18): -0.04798029899597168
(42,45): -0.02339095115661621
(43,7): 0.017065343856811525
(43,34): -0.028329238891601563
(44,10): 0.00995880126953125
(44,13): 0.06857495307922364
(44,27): 0.058322300910949705
(44,35): 0.043894109725952146
(45,22): 0.09973733425140381
(45,42): -0.07976597309112549
(46,23): 0.014865241050720214
(46,32): -0.03361649036407471
(46,40): -0.00782815933227539
(47,7): -0.11937091827392578
(47,14): -0.06343914031982421
(47,17): -0.013915371894836426
(47,18): -0.06397367477416992
(47,21): -0.06263350486755372
(47,48): -0.03394777774810791
(48,14): -0.012118663787841797
(48,18): 0.01889411926269531
(48,47): 0.02919621467590332
(49,8): -0.03700734615325928
(49,10): 0.07415912628173828
(49,15): 0.007157168388366699
(49,24): 0.1323621129989624
