Interaction name: 5y2f

Affinity: 5.150000095367432
Predicted value: 6.1530561447143555

Attributions for edges: 

(0,1): 0.45004603266716003
(0,6): 0.5763154029846191
(0,11): 0.41787657141685486
(0,19): 0.5446504950523376
(0,22): 0.48737064003944397
(0,23): 0.5227547883987427
(0,29): 0.4890652596950531
(0,30): 0.5036619901657104
(0,31): 0.4535764455795288
(1,0): 0.6367743611335754
(1,6): 0.5350481271743774
(1,11): 0.5969517230987549
(1,22): 0.44952136278152466
(1,23): 0.5528810620307922
(1,30): 0.41495946049690247
(2,3): 0.517989456653595
(2,4): 0.5548554062843323
(2,7): 0.46087655425071716
(2,10): 0.415481835603714
(2,18): 0.4395771026611328
(2,19): 0.47224804759025574
(2,29): 0.4827152490615845
(2,30): 0.46145063638687134
(2,31): 0.5012785196304321
(3,2): 0.47712308168411255
(3,4): 0.46313178539276123
(3,10): 0.39414116740226746
(3,18): 0.5393446683883667
(3,19): 0.4783993363380432
(3,29): 0.5067316293716431
(3,30): 0.3957614004611969
(4,2): 0.4406026005744934
(4,3): 0.4585299789905548
(4,5): 0.5180463790893555
(4,7): 0.5568059086799622
(4,9): 0.5728344321250916
(4,10): 0.5362723469734192
(4,18): 0.31557992100715637
(4,30): 0.4279688894748688
(5,4): 0.42792829871177673
(5,7): 0.6301701068878174
(5,9): 0.5005935430526733
(5,10): 0.5492463111877441
(5,14): 0.4995332658290863
(5,15): 0.6107577681541443
(5,18): 0.4481305778026581
(5,28): 0.4531884491443634
(5,30): 0.5087224245071411
(5,31): 0.4335853159427643
(6,0): 0.46550413966178894
(6,1): 0.5503172874450684
(6,8): 0.4352569580078125
(6,9): 0.4851468503475189
(6,11): 0.44878873229026794
(6,18): 0.40790003538131714
(6,19): 0.5841111540794373
(6,22): 0.47805702686309814
(6,23): 0.5994894504547119
(6,29): 0.5453342199325562
(7,2): 0.6088368892669678
(7,4): 0.5273376107215881
(7,5): 0.4801628291606903
(7,9): 0.6615955233573914
(7,10): 0.5950372815132141
(7,14): 0.45374834537506104
(7,15): 0.4821260869503021
(7,18): 0.4142751097679138
(7,25): 0.4120043218135834
(7,26): 0.46691790223121643
(7,28): 0.4699190557003021
(8,6): 0.5419491529464722
(8,9): 0.4875536859035492
(8,10): 0.5865668058395386
(8,18): 0.45962637662887573
(8,19): 0.482936829328537
(8,29): 0.5359059572219849
(8,37): 0.511748731136322
(9,4): 0.5002396106719971
(9,5): 0.5245078802108765
(9,6): 0.4868529736995697
(9,7): 0.3688191771507263
(9,8): 0.5097170472145081
(9,10): 0.5222622156143188
(9,14): 0.5696991682052612
(9,18): 0.46006640791893005
(9,19): 0.5012703537940979
(9,29): 0.46513575315475464
(10,2): 0.4976605474948883
(10,3): 0.6446847319602966
(10,4): 0.5667508840560913
(10,5): 0.49745750427246094
(10,7): 0.5764480233192444
(10,8): 0.6056972146034241
(10,9): 0.6224007606506348
(10,14): 0.4307912588119507
(10,18): 0.5040154457092285
(10,19): 0.568408727645874
(10,29): 0.5580245852470398
(11,0): 0.5050984621047974
(11,1): 0.505655825138092
(11,6): 0.4547160863876343
(11,12): 0.5514976978302002
(11,19): 0.4480040669441223
(11,20): 0.43541833758354187
(11,21): 0.5231865048408508
(11,22): 0.44704604148864746
(11,23): 0.5157378911972046
(11,24): 0.5556042790412903
(11,29): 0.4609304666519165
(11,33): 0.40343353152275085
(12,11): 0.3269307613372803
(12,21): 0.4869595170021057
(12,24): 0.5193320512771606
(12,33): 0.32617372274398804
(12,34): 0.487077921628952
(12,35): 0.491820752620697
(13,20): 0.4347735643386841
(13,21): 0.4756169319152832
(13,22): 0.42574024200439453
(13,32): 0.5102835893630981
(13,36): 0.4034157693386078
(14,5): 0.45718610286712646
(14,7): 0.5577570199966431
(14,9): 0.3738050162792206
(14,10): 0.4721391797065735
(14,15): 0.5813516974449158
(14,16): 0.5435566306114197
(14,17): 0.5259339809417725
(14,25): 0.5106863379478455
(14,26): 0.5720550417900085
(14,27): 0.4855670630931854
(14,28): 0.5730699896812439
(15,5): 0.5763993859291077
(15,7): 0.5022907853126526
(15,14): 0.47106167674064636
(15,25): 0.43902143836021423
(15,27): 0.5593462586402893
(15,28): 0.45249974727630615
(16,14): 0.5769174695014954
(16,17): 0.6180010437965393
(16,25): 0.4894077777862549
(16,26): 0.4312621057033539
(16,27): 0.5708929300308228
(16,28): 0.5622563362121582
(17,14): 0.5185309052467346
(17,16): 0.5760369896888733
(17,26): 0.5014367699623108
(17,27): 0.5959941744804382
(18,2): 0.4156518876552582
(18,3): 0.5683602094650269
(18,4): 0.37366583943367004
(18,5): 0.46793133020401
(18,6): 0.5419983863830566
(18,7): 0.45069414377212524
(18,8): 0.433989942073822
(18,9): 0.46378862857818604
(18,10): 0.5087548494338989
(18,19): 0.6174318194389343
(18,29): 0.47828957438468933
(19,0): 0.545994758605957
(19,2): 0.5116616487503052
(19,3): 0.4602581560611725
(19,6): 0.5653151869773865
(19,8): 0.48857632279396057
(19,9): 0.5560410022735596
(19,10): 0.38417521119117737
(19,11): 0.40006303787231445
(19,18): 0.42834731936454773
(19,23): 0.4078562259674072
(20,11): 0.5522034764289856
(20,13): 0.49343544244766235
(20,21): 0.4721403419971466
(20,22): 0.5897262096405029
(20,23): 0.564654529094696
(20,24): 0.5524739027023315
(21,11): 0.4746274948120117
(21,12): 0.5304318070411682
(21,13): 0.5140858888626099
(21,20): 0.5639011263847351
(21,22): 0.512535810470581
(21,23): 0.545732855796814
(21,24): 0.4490111768245697
(21,32): 0.4577065706253052
(21,36): 0.48349371552467346
(22,0): 0.6124460101127625
(22,1): 0.5831179022789001
(22,6): 0.4768282175064087
(22,11): 0.4026627838611603
(22,13): 0.53105229139328
(22,20): 0.4406379163265228
(22,21): 0.43297579884529114
(22,23): 0.452631413936615
(22,24): 0.4504919648170471
(22,33): 0.4780580997467041
(23,0): 0.5316112041473389
(23,1): 0.4971281588077545
(23,6): 0.5355694890022278
(23,11): 0.44010129570961
(23,19): 0.5113821029663086
(23,20): 0.5217543244361877
(23,21): 0.47198083996772766
(23,22): 0.46828368306159973
(23,24): 0.6142101287841797
(23,29): 0.46582287549972534
(24,11): 0.5385405421257019
(24,12): 0.47914159297943115
(24,20): 0.49175864458084106
(24,21): 0.4866829812526703
(24,22): 0.5247060656547546
(24,23): 0.5587204098701477
(25,7): 0.5392426252365112
(25,14): 0.4530388116836548
(25,15): 0.633385181427002
(25,16): 0.5870445370674133
(25,26): 0.5347771644592285
(25,27): 0.4540431499481201
(25,28): 0.5281159281730652
(26,7): 0.5805975198745728
(26,14): 0.4624439775943756
(26,16): 0.6270080804824829
(26,17): 0.5206795930862427
(26,25): 0.577212929725647
(26,27): 0.479697585105896
(26,28): 0.5155652761459351
(27,14): 0.5030933618545532
(27,15): 0.5224849581718445
(27,16): 0.47692689299583435
(27,17): 0.5112934112548828
(27,25): 0.389839231967926
(27,26): 0.43635040521621704
(27,28): 0.5188643932342529
(28,5): 0.5878095030784607
(28,7): 0.43985143303871155
(28,14): 0.5541059374809265
(28,15): 0.5097246170043945
(28,16): 0.35278716683387756
(28,25): 0.49752065539360046
(28,26): 0.5048043131828308
(28,27): 0.43545258045196533
(29,0): 0.4282311797142029
(29,2): 0.4647766649723053
(29,3): 0.5587208271026611
(29,6): 0.4713444709777832
(29,8): 0.4378111660480499
(29,9): 0.44082579016685486
(29,10): 0.5553607940673828
(29,11): 0.5614641308784485
(29,18): 0.4758003056049347
(29,23): 0.41215261816978455
(30,0): 0.5936078429222107
(30,1): 0.37676480412483215
(30,2): 0.4264552593231201
(30,3): 0.4975752830505371
(30,4): 0.317901611328125
(30,5): 0.5327746868133545
(31,0): 0.6295692324638367
(31,2): 0.4734353721141815
(31,5): 0.523137629032135
(32,13): 0.48840540647506714
(32,21): 0.5359687805175781
(32,36): 0.5272324085235596
(33,11): 0.5813906788825989
(33,12): 0.42343011498451233
(33,22): 0.4333771765232086
(34,12): 0.4780271649360657
(34,36): 0.5681706070899963
(35,12): 0.53642737865448
(36,13): 0.4572768211364746
(36,21): 0.49677544832229614
(36,32): 0.4940638244152069
(36,34): 0.5089846253395081
(37,8): 0.5036247372627258
