Interaction name: 5eyk

Affinity: 8.520000457763672
Predicted value: 7.6167802810668945

Attributions for edges: 

(0,3): 9.829568984916403e-33
(0,13): 1.871774368631876e-33
(0,26): 8.022774199123556e-35
(0,28): 4.06477365405586e-32
(1,2): 6.763625223444924e-32
(1,4): 4.855737354101284e-32
(1,8): 6.066364880080948e-33
(1,18): 2.4478851417932377e-32
(1,24): 5.156678366492305e-31
(1,29): 1.0437380790951167e-30
(2,1): 6.741935589430726e-32
(2,8): 1.9187952446907215e-33
(2,11): 1.0609466581143186e-31
(2,12): 7.528086227856708e-33
(2,18): 7.742736639104643e-33
(2,20): 1.184153556489223e-32
(2,21): 4.185665754261446e-33
(2,23): 2.955359754899246e-33
(2,24): 1.6310608305159526e-31
(2,25): 9.119067138500795e-33
(3,0): 9.805823999029793e-33
(3,13): 7.868714185011275e-34
(3,14): 1.2680140214266558e-33
(3,26): 3.372678111445161e-35
(3,30): 4.334906149699859e-33
(4,1): 4.8358474019381954e-32
(4,7): 1.4332899046847117e-33
(4,8): 1.3763113057774554e-33
(4,15): 1.4301548245168702e-33
(4,16): 7.384082200573728e-34
(4,30): 7.082997781545327e-33
(5,11): 3.893937320319218e-30
(5,22): 2.9040123381697168e-30
(5,25): 3.346923469192316e-31
(5,27): 1.2401654984904034e-29
(6,11): 1.9694407267236007e-30
(6,22): 1.468765427143402e-30
(6,25): 1.6927773402194348e-31
(6,27): 6.272397983219346e-30
(7,4): 1.425013965277442e-33
(7,8): 1.7802967554024126e-34
(7,10): 1.1464382426863722e-33
(7,15): 1.849945254866114e-34
(7,16): 9.55151608180496e-35
(7,19): 6.313049349098713e-34
(7,20): 1.098664774736512e-33
(7,21): 3.883544971658902e-34
(7,23): 2.7420217188091573e-34
(7,26): 7.1283350661517e-36
(7,39): 1.8194946247210395e-33
(8,1): 6.0058526349525244e-33
(8,2): 1.9057961138805502e-33
(8,4): 1.3682078334319704e-33
(8,7): 1.7800796792483691e-34
(8,15): 1.776199629535694e-34
(8,16): 9.170758079128015e-35
(8,19): 6.061388865557123e-34
(8,21): 3.7287330544218278e-34
(8,23): 2.6327147490958486e-34
(8,31): 6.789469403469813e-34
(8,38): 4.04829087226863e-33
(9,10): 4.000869666914933e-32
(9,17): 1.4955126961316733e-31
(9,20): 3.8341775150022274e-32
(9,21): 1.3552894443900211e-32
(9,23): 9.569176415058127e-33
(9,41): 1.943267780765254e-31
(10,7): 1.1522783373935473e-33
(10,9): 3.981412002799359e-32
(10,17): 2.663385141583229e-32
(10,20): 6.82835484843051e-33
(10,21): 2.4136590809327114e-33
(10,23): 1.70419185321682e-33
(10,32): 3.438927825113803e-32
(10,40): 7.160915424589582e-33
(11,2): 1.0657169317393905e-31
(11,5): 3.871926423698941e-30
(11,6): 1.962211718584688e-30
(11,12): 3.750076771672647e-32
(11,18): 3.8570035581800823e-32
(11,22): 3.94150402836366e-31
(11,24): 8.125105350058833e-31
(11,25): 4.542650017357934e-32
(11,27): 1.6832287290780443e-30
(12,2): 7.505433717032394e-33
(12,11): 3.722114405928874e-32
(12,18): 2.716360263870974e-33
(12,20): 4.154360502989125e-33
(12,21): 1.4684552773670413e-33
(12,22): 2.775891999774018e-32
(12,23): 1.036827527069521e-33
(12,24): 5.722199529816971e-32
(12,25): 3.1992382821674e-33
(12,27): 1.1854513757209277e-31
(12,31): 2.673838592439901e-33
(12,32): 2.092222134347074e-32
(13,0): 1.858625362291975e-33
(13,3): 7.83235834879225e-34
(13,15): 1.659026719987713e-34
(13,16): 8.565777972862824e-35
(13,19): 5.661528850090575e-34
(13,26): 6.392675344741092e-36
(13,33): 3.5617299750697803e-34
(14,3): 1.2636295193335848e-33
(14,34): 8.636196834386047e-33
(14,35): 7.764979930958078e-33
(14,36): 1.31076847747339e-32
(14,37): 3.837116618221268e-33
(15,4): 1.4219730164931625e-33
(15,7): 1.850058097732018e-34
(15,8): 1.776497865309467e-34
(15,13): 1.6595710748911895e-34
(15,16): 9.531133193432694e-35
(15,19): 6.299625295447819e-34
(15,26): 7.113177904496749e-36
(15,33): 3.963164050940476e-34
(16,4): 7.327849030388786e-34
(16,7): 9.533751079045048e-35
(16,8): 9.154818880826094e-35
(16,13): 8.552130644161896e-35
(16,15): 9.5129721500956e-35
(16,19): 3.2463588456573247e-34
(16,26): 3.66560342590642e-36
(16,31): 3.6363040713699155e-34
(16,43): 1.4453910680134502e-33
(16,44): 4.682448585031153e-34
(17,9): 1.4938136365969948e-31
(17,10): 2.673381251669034e-32
(17,20): 2.5619778888000797e-32
(17,21): 9.055976152640255e-33
(17,23): 6.39412429650088e-33
(17,39): 4.2428822071037515e-32
(18,1): 2.432860119937821e-32
(18,2): 7.720027557614695e-33
(18,11): 3.828506930253861e-32
(18,12): 2.7165465062571824e-33
(18,20): 4.273107840283239e-33
(18,21): 1.5104293337345243e-33
(18,22): 2.8552378684545223e-32
(18,24): 5.885762515767787e-32
(18,25): 3.290684763163666e-33
(18,27): 1.2193267719229244e-31
(18,40): 4.4811865034261076e-33
(18,41): 2.1657299103342194e-32
(19,7): 6.3351477245392104e-34
(19,8): 6.083301733295382e-34
(19,13): 5.682863613380519e-34
(19,15): 6.321338880159414e-34
(19,16): 3.2637922074817366e-34
(19,26): 2.4357815631909503e-35
(19,43): 9.604577896801078e-33
(20,2): 1.1821316327374117e-32
(20,7): 1.104151945631952e-33
(20,9): 3.8151524328077564e-32
(20,10): 6.827678204494818e-33
(20,12): 4.1597519812975686e-33
(20,17): 2.552164861959415e-32
(20,18): 4.278360095979507e-33
(20,21): 2.312849787432146e-33
(20,23): 1.633026506863077e-33
(20,40): 6.861830723490021e-33
(21,2): 4.16626311797517e-33
(21,7): 3.891463946492605e-34
(21,8): 3.736764068560844e-34
(21,9): 1.3446091965920375e-32
(21,10): 2.4063410775858657e-33
(21,12): 1.4660485445192288e-33
(21,17): 8.994829140562388e-33
(21,18): 1.5078503174959194e-33
(21,20): 2.3060660830019474e-33
(21,23): 5.755425593959833e-34
(21,31): 1.484258145874916e-33
(21,40): 2.4183779560672936e-33
(22,5): 2.8852190987260585e-30
(22,6): 1.4621690230443276e-30
(22,11): 3.9382580182632993e-31
(22,12): 2.7944213172260296e-32
(22,18): 2.8740989691870536e-32
(22,24): 6.0544875676108045e-31
(22,25): 3.3850181848171543e-32
(22,31): 2.829130432796347e-32
(23,2): 2.938654694477115e-33
(23,7): 2.744826145273082e-34
(23,8): 2.6357092750368203e-34
(23,9): 9.484066950638747e-33
(23,10): 1.6973018032820704e-33
(23,12): 1.0340704418038658e-33
(23,17): 6.344413375088575e-33
(23,20): 1.6265730428770626e-33
(23,21): 5.749587611469069e-34
(23,32): 8.19182250089279e-33
(23,42): 1.894062880283619e-32
(24,1): 5.169677453221438e-31
(24,2): 1.6404331645244938e-31
(24,11): 8.13527854836859e-31
(24,12): 5.772493643364078e-32
(24,18): 5.937041105833708e-32
(24,22): 6.067157986119448e-31
(24,25): 6.992502789757654e-32
(24,27): 2.5909941792689128e-30
(25,2): 9.096206712113179e-33
(25,5): 3.3048283111927595e-31
(25,6): 1.674818137527572e-31
(25,11): 4.511014819515017e-32
(25,12): 3.20082519954101e-33
(25,18): 3.2920913156228216e-33
(25,22): 3.3642413221663704e-32
(25,24): 6.935016414025041e-32
(25,27): 1.4367071806385674e-31
(25,41): 2.55181456464287e-32
(25,45): 8.580147206623726e-32
(26,0): 7.894838743397709e-35
(26,3): 3.3269319809496105e-35
(26,7): 7.062455294560175e-36
(26,13): 6.335286051755298e-36
(26,15): 7.047008277120475e-36
(26,16): 3.638437338199184e-36
(26,19): 2.404833718450521e-35
(26,34): 2.2737534422545216e-34
(26,37): 1.0102506099878868e-34
(26,39): 6.93101258383887e-35
(26,43): 1.0707152154526784e-34
(26,44): 3.4686588323109834e-35
(27,5): 1.2371979865116395e-29
(27,6): 6.269861924687108e-30
(27,11): 1.6887469697585445e-30
(27,12): 1.198263441298845e-31
(27,18): 1.2324297723526703e-31
(27,24): 2.596198139779777e-30
(27,25): 1.4515147654264406e-31
(28,0): 4.070856543447778e-32
(28,33): 7.801022791806197e-33
(29,1): 1.0483189335604971e-30
(29,30): 1.5354696299070842e-31
(30,3): 4.33510451437156e-33
(30,4): 7.073224280702209e-33
(30,29): 1.5203854512984624e-31
(30,44): 4.5197798196735264e-33
(31,8): 6.81572976359619e-34
(31,12): 2.6740018759520698e-33
(31,16): 3.656724382706866e-34
(31,21): 1.486785458729184e-33
(31,22): 2.810521475602067e-32
(31,39): 6.96579585198056e-33
(31,42): 4.897855610564834e-32
(32,10): 3.454231879940746e-32
(32,12): 2.1044853322252335e-32
(32,23): 8.261742374247638e-33
(32,45): 5.6412942503306655e-31
(33,13): 3.5704903926370315e-34
(33,15): 3.9716390897034165e-34
(33,28): 7.753673144671106e-33
(34,14): 8.713432690706825e-33
(34,26): 2.3176267026003e-34
(35,14): 7.831435769397846e-33
(35,37): 7.749743907866688e-32
(36,14): 1.3239244633109993e-32
(37,14): 3.862434929828057e-33
(37,26): 1.0273425733553313e-34
(37,35): 7.734681711002427e-32
(38,8): 4.084620627206747e-33
(38,40): 2.6434854915917463e-32
(38,44): 2.089175693800124e-32
(39,7): 1.8312345072078925e-33
(39,17): 4.232762082363935e-32
(39,26): 7.040804215383152e-35
(39,31): 6.984580986390669e-33
(39,42): 1.263640557960223e-31
(40,10): 7.161024892501002e-33
(40,18): 4.487207973238195e-33
(40,20): 6.862668263214982e-33
(40,21): 2.4257879785812896e-33
(40,38): 2.6336818687058884e-32
(40,41): 3.4782172544220994e-32
(41,9): 1.9425119378976754e-31
(41,18): 2.1783407606666347e-32
(41,25): 2.565596648159086e-32
(41,40): 3.4937496490266897e-32
(42,23): 1.914796690453804e-32
(42,31): 4.938040766568457e-32
(42,39): 1.2705814994535233e-31
(43,16): 1.4592859622531466e-33
(43,19): 9.645185349150234e-33
(43,26): 1.0890711796303675e-34
(44,16): 4.712337824788214e-34
(44,26): 3.5168368815391675e-35
(44,30): 4.5201938140902066e-33
(44,38): 2.0801894802984692e-32
(45,25): 8.655892536107662e-32
(45,32): 5.6607388076842275e-31
