Interaction name: 5ni5

Affinity: 8.050000190734863
Predicted value: 7.534311294555664

Shapley values for edges: 

(0,1): 0.0015172767639160156
(0,6): -0.008542890548706055
(0,7): -0.0040359020233154295
(0,20): 0.0025527191162109373
(0,23): -0.0010208797454833985
(0,24): -0.0026238346099853515
(0,32): 0.009983272552490234
(0,33): 0.016270999908447267
(1,0): 0.001863565444946289
(1,6): -0.007249031066894531
(1,7): -4.2085647583007815e-05
(1,20): 0.0007337379455566406
(1,23): -0.004295597076416016
(1,24): -0.0016892814636230468
(1,33): 0.00792159080505371
(2,5): -0.0013814258575439453
(2,8): -0.007003583908081055
(2,9): 0.0005429363250732421
(2,16): -0.0017319679260253905
(2,21): 0.003570728302001953
(2,22): -0.005089406967163086
(2,32): 0.016041679382324217
(3,5): -0.000915689468383789
(3,11): 0.010147066116333007
(3,15): 0.009244556427001954
(3,16): -0.004172077178955078
(3,29): 0.00744481086730957
(3,31): 0.0009295940399169922
(4,10): 0.014289331436157227
(4,16): -0.001554708480834961
(4,17): 0.010846595764160156
(4,18): 0.010722694396972656
(4,26): 0.011716995239257812
(4,31): 0.0070026969909667966
(5,2): 9.648323059082031e-05
(5,3): -0.0026419925689697265
(5,8): -0.003601551055908203
(5,9): -2.3393630981445314e-05
(5,16): -0.0011298942565917968
(5,22): -0.0026214122772216797
(5,31): 0.001884593963623047
(5,34): 0.004065942764282226
(6,0): 0.0011993122100830078
(6,1): 0.003157005310058594
(6,7): 0.0020224952697753904
(6,20): 0.0007518482208251953
(6,23): 0.0025840377807617187
(6,24): 0.002538108825683594
(6,37): 0.008485221862792968
(7,0): 0.006418781280517578
(7,1): 0.005020742416381836
(7,6): 0.0033469200134277344
(7,8): 0.0009795188903808593
(7,9): -6.018638610839844e-05
(7,20): 0.002107067108154297
(7,21): 0.0006297016143798828
(7,22): 0.0006410598754882813
(7,23): 0.0010076332092285156
(7,24): 0.0008278751373291016
(7,35): 0.0019299602508544922
(7,38): 0.006016921997070312
(7,39): 0.005902290344238281
(7,52): 0.001462411880493164
(8,2): 0.006337337493896485
(8,5): -0.0004745388031005859
(8,7): 0.0005997943878173828
(8,9): 0.0015665721893310548
(8,21): 0.00017538070678710938
(8,22): 0.001309680938720703
(8,23): 0.00013060569763183593
(8,24): 0.0016830062866210937
(8,49): 0.003356313705444336
(8,58): 0.002773122787475586
(9,2): 0.0095302677154541
(9,5): 0.002521219253540039
(9,7): 0.0015685081481933594
(9,8): 0.0025722694396972654
(9,21): 0.0011762332916259765
(9,22): 0.0020270347595214844
(9,23): 0.001492443084716797
(9,40): 0.01745840072631836
(9,44): 0.0023366641998291016
(10,4): 0.0028681468963623045
(10,11): -0.00011162757873535156
(10,15): -9.508132934570313e-06
(10,16): -4.544258117675781e-05
(10,17): -0.00010390281677246094
(10,25): -0.00035223960876464846
(10,26): -0.00033395767211914063
(10,27): -0.000176544189453125
(10,28): -0.0001491546630859375
(10,29): 0.00022599220275878906
(10,31): 0.002353496551513672
(10,41): -5.940437316894531e-05
(10,52): -0.0010251808166503906
(10,56): -0.0007305622100830078
(10,58): -0.0007842063903808593
(10,59): 0.00010622978210449219
(11,3): 0.004663400650024414
(11,10): -0.0014175033569335937
(11,12): -4.837989807128906e-05
(11,13): -0.0004469776153564453
(11,14): -0.00011060714721679688
(11,15): -0.00011121749877929688
(11,16): 8.678436279296875e-07
(11,17): -0.0015591907501220704
(11,19): -0.00031790733337402346
(11,26): -0.0018988990783691407
(11,29): -0.0003792953491210938
(11,30): 0.00203129768371582
(11,31): 0.0004368400573730469
(11,35): -0.004213705062866211
(11,41): -0.0014655876159667968
(11,42): -0.0021356582641601563
(11,44): -0.005422439575195313
(11,56): -0.00254246711730957
(12,11): -0.0006910896301269531
(12,13): -0.00036805152893066407
(12,14): -0.0003645896911621094
(12,15): -0.0010977458953857421
(12,26): -0.0023060035705566406
(12,29): -0.0005076694488525391
(12,30): 0.0015704345703125
(12,31): 0.0023296165466308596
(12,43): -0.002338218688964844
(13,11): -0.0004407405853271484
(13,12): 6.90746307373047e-05
(13,14): 0.0001407337188720703
(13,15): 9.937286376953125e-06
(13,19): -2.6702880859375e-06
(13,29): 5.2289962768554686e-05
(13,43): -0.0005434894561767578
(13,57): -0.001466665267944336
(13,59): -0.00065338134765625
(14,11): -0.0009330272674560547
(14,12): -0.0006195354461669922
(14,13): -0.0004956150054931641
(14,15): -0.0004124641418457031
(14,19): -6.387710571289063e-05
(14,29): -0.0002835845947265625
(14,30): 0.0016246509552001953
(14,31): 0.0015910148620605468
(15,3): 0.00416529655456543
(15,10): -0.0008583831787109375
(15,11): -0.00011355400085449218
(15,12): 0.0003115558624267578
(15,13): -0.00032276153564453125
(15,14): 0.00028084754943847657
(15,19): -0.00013566017150878906
(15,29): -0.00026685714721679687
(15,30): 0.0023966217041015625
(15,31): 0.0011608028411865235
(15,38): 0.0066470146179199215
(15,49): -0.0018085861206054688
(15,52): -0.0022306919097900392
(15,58): -0.0011112117767333985
(16,2): 0.00617945671081543
(16,3): 0.0007455825805664062
(16,4): 0.0007773113250732422
(16,5): -0.0013363075256347657
(16,10): 0.001377124786376953
(16,11): 0.0007563591003417969
(16,17): 0.0010427188873291015
(16,31): 0.001729421615600586
(16,41): 0.0013595962524414063
(16,44): 0.000317230224609375
(16,55): -0.0023306465148925782
(16,57): 0.0024304103851318357
(17,4): 0.0009267520904541015
(17,10): -0.00019400596618652344
(17,11): 0.00012836456298828124
(17,16): -0.00020029067993164063
(17,18): 0.0003885650634765625
(17,25): -2.674102783203125e-05
(17,26): 0.00039525985717773436
(17,27): -0.0001615619659423828
(17,28): 4.506111145019531e-05
(17,29): 0.00036670684814453123
(17,31): 0.0020219898223876953
(17,43): 0.00043519020080566405
(17,47): -0.0006529045104980469
(18,4): 0.0056104564666748045
(18,17): 0.000286865234375
(18,26): -7.044792175292969e-05
(18,27): 2.040863037109375e-06
(18,28): 0.0007061386108398438
(18,29): 0.0005681324005126953
(18,35): -0.0007709503173828125
(18,45): 0.0004599380493164062
(18,46): -0.0006753826141357422
(18,47): -0.0002493095397949219
(18,51): 0.0010468006134033204
(19,11): -0.0016347312927246095
(19,13): -0.0007518386840820313
(19,14): -0.00015323638916015626
(19,15): -0.0010966873168945313
(19,30): 0.002255229949951172
(19,48): -0.0026920318603515627
(19,49): -0.003052377700805664
(19,57): -0.00243189811706543
(19,58): -0.001942911148071289
(19,59): -0.002258033752441406
(20,0): 0.007350664138793945
(20,1): 0.007938899993896485
(20,6): 0.00032774925231933595
(20,7): 6.284713745117188e-05
(20,23): 0.0005034351348876953
(20,24): 0.0007939338684082031
(20,35): 0.0006652069091796875
(20,36): 0.0003560638427734375
(20,50): -2.1486282348632814e-05
(20,52): 0.0010562801361083984
(20,56): 0.0020905494689941405
(21,2): 0.010053739547729493
(21,7): -4.756927490234375e-05
(21,8): 0.002343416213989258
(21,9): 7.16400146484375e-05
(21,22): 0.0006471633911132813
(21,23): 0.00025957107543945313
(21,24): 0.001047039031982422
(21,44): 0.0003295803070068359
(21,55): -0.0007448863983154297
(21,56): 0.0021011161804199217
(22,2): 0.008667259216308594
(22,5): 0.0007181644439697265
(22,7): 0.0007719612121582032
(22,8): 0.0010056018829345704
(22,9): 0.0009194278717041016
(22,21): 0.0008864498138427734
(22,23): 0.001058492660522461
(22,24): 0.00141265869140625
(22,36): 0.001550130844116211
(22,52): 0.002140693664550781
(23,0): 0.006160478591918945
(23,1): 0.0023782539367675783
(23,6): 0.003664541244506836
(23,7): 0.0005622673034667969
(23,8): 0.0009190177917480468
(23,9): 0.0007524871826171875
(23,20): 0.0012275314331054688
(23,21): 0.0009822845458984375
(23,22): 0.002787141799926758
(23,24): 0.00036914825439453123
(23,36): 0.0008767795562744141
(23,52): 0.0009054374694824218
(23,55): -0.000268707275390625
(24,0): 0.010273313522338868
(24,1): 0.00395050048828125
(24,6): 0.0032649993896484374
(24,7): 0.0009420490264892578
(24,8): 0.001714181900024414
(24,20): 0.0018712711334228516
(24,21): 0.0005210113525390625
(24,22): 0.0036748695373535157
(24,23): 0.000756378173828125
(24,55): 0.0010026836395263673
(25,10): -0.000236053466796875
(25,17): -6.537437438964843e-05
(25,26): -0.0005962753295898438
(25,27): -0.00020989418029785157
(25,28): -0.00010181427001953125
(25,49): -0.0008531761169433594
(25,51): -0.00029941558837890623
(25,54): -0.0008135509490966797
(26,4): 0.0034891700744628905
(26,10): -2.0837783813476564e-05
(26,11): 0.00028303146362304685
(26,12): 0.0017980480194091798
(26,17): -0.000243072509765625
(26,18): -7.787704467773437e-05
(26,25): 5.763053894042969e-05
(26,27): 0.00016530036926269532
(26,28): 0.0003067111968994141
(26,29): 0.0003618907928466797
(26,46): -0.0007048606872558594
(26,51): 0.0005851936340332031
(26,58): -0.00026645660400390623
(27,10): -0.0002935791015625
(27,17): -2.1390914916992187e-05
(27,18): -0.0004955482482910156
(27,25): 2.8467178344726564e-05
(27,26): -0.00014800071716308594
(27,28): -5.365371704101562e-05
(27,45): -0.000543365478515625
(27,51): -0.0004460334777832031
(28,10): -0.00065185546875
(28,17): -0.0003809356689453125
(28,18): -0.0015630245208740235
(28,25): -0.00024700164794921875
(28,26): -0.0006877231597900391
(28,27): -0.0003346538543701172
(28,41): -0.0015589237213134766
(28,52): -0.003309183120727539
(28,53): -0.001181011199951172
(28,54): -0.001146697998046875
(28,56): -0.0014166927337646484
(29,3): 0.00419032096862793
(29,10): -0.0006586170196533203
(29,11): -1.117706298828125e-05
(29,12): 0.00032534599304199217
(29,13): 0.0005196475982666015
(29,14): 0.0006200504302978515
(29,15): 0.00013540267944335937
(29,17): -0.0008215522766113282
(29,18): -0.0012329387664794921
(29,26): -0.0005714130401611328
(29,30): 0.0024976730346679688
(29,31): 0.0009834766387939453
(29,47): -0.0010061359405517578
(30,11): -0.008690547943115235
(30,12): -0.0038675308227539063
(30,14): -0.003293933868408203
(30,15): -0.00656280517578125
(30,19): -0.005702371597290039
(30,29): -0.0057096385955810545
(31,3): 0.0015180587768554687
(31,4): -0.0003136253356933594
(31,5): 0.0012303066253662109
(31,10): -0.006307010650634766
(31,11): -0.002073221206665039
(31,12): -0.0038112640380859376
(31,14): -0.0021798515319824217
(31,15): -0.003221397399902344
(31,16): -0.003500356674194336
(31,17): -0.006391658782958985
(31,29): -0.0021486568450927736
(32,0): 0.0029326725006103517
(32,2): -0.0013547134399414062
(33,0): -0.000884561538696289
(33,1): 0.0013413143157958985
(33,37): -0.01677164077758789
(33,38): -0.014221296310424805
(33,39): -0.010165996551513672
(34,5): 0.0035574913024902345
(34,40): -0.014746742248535156
(35,7): -0.0010610580444335937
(35,11): 0.0019590091705322266
(35,18): 7.181167602539062e-05
(35,20): 0.0004130268096923828
(36,20): 0.0008769130706787109
(36,22): 0.0024580955505371094
(36,23): 0.0009795856475830079
(36,41): 0.00046739578247070315
(36,57): 0.0004182910919189453
(37,6): 0.005966482162475586
(37,33): -0.002674455642700195
(37,38): 0.004041910171508789
(38,7): 0.0004244804382324219
(38,15): 0.002684335708618164
(38,33): 0.0006269264221191406
(38,37): 0.003525505065917969
(39,7): 0.0012778091430664064
(39,33): 0.003035602569580078
(39,55): -0.00042586326599121095
(40,9): 0.0003221607208251953
(40,34): -0.009476766586303711
(41,10): 0.0009738540649414062
(41,11): 0.0007429695129394531
(41,16): 0.0015501785278320313
(41,28): 0.00034516334533691407
(41,36): -0.0007444000244140624
(41,57): -9.8419189453125e-05
(42,11): 0.0011587810516357421
(42,58): -5.406379699707031e-05
(43,12): 0.0011612892150878907
(43,13): 0.00015229225158691406
(43,17): -0.0019265842437744141
(43,48): -0.0002559661865234375
(44,9): 0.0010241127014160155
(44,11): 0.0016448688507080078
(44,16): 0.002078084945678711
(44,21): 0.0008279037475585938
(45,18): -0.000141448974609375
(45,27): 0.0005949687957763672
(45,56): -0.0003873538970947266
(46,18): 0.00019227981567382813
(46,26): 0.0012427330017089843
(47,17): -2.9449462890625e-05
(47,18): 0.0001787281036376953
(47,29): 0.0013935184478759766
(48,19): 0.0014714431762695313
(48,43): 0.0009693527221679688
(49,8): 0.0009531402587890626
(49,15): 0.0010718154907226564
(49,19): 0.0011421966552734376
(49,25): 0.0002388286590576172
(50,20): 0.001591176986694336
(51,18): -0.0007812595367431641
(51,25): 0.00013195037841796876
(51,26): -0.001024160385131836
(51,27): -4.714012145996094e-05
(51,59): 0.00018655776977539063
(52,7): -0.002167997360229492
(52,10): 4.1751861572265626e-05
(52,15): 0.0003270435333251953
(52,20): -0.0005662250518798828
(52,22): 0.0004777050018310547
(52,23): -0.0006371212005615235
(52,28): 0.0006031131744384765
(53,28): 0.0005193901062011719
(53,56): 0.00015020370483398438
(54,25): 0.0004375648498535156
(54,28): 0.00025318145751953127
(55,16): 0.006011743545532227
(55,21): 0.0017313575744628907
(55,23): 0.0011374092102050782
(55,24): 0.0037543201446533204
(55,39): 0.00521829605102539
(56,10): -0.0005387496948242187
(56,11): 0.000313262939453125
(56,20): -0.001514568328857422
(56,21): -0.0022685813903808596
(56,28): -0.00011830329895019531
(56,45): -0.00039331436157226564
(56,53): -0.0005096340179443359
(57,13): 0.0015245914459228516
(57,16): 0.004805679321289062
(57,19): 0.000988922119140625
(57,36): -0.0006903839111328125
(57,41): -0.0003443241119384766
(58,8): 0.0022147369384765627
(58,10): -0.00030961036682128904
(58,15): 0.00031134605407714846
(58,19): 0.0013676357269287109
(58,26): -0.00025614738464355466
(58,42): -0.00020203590393066406
(59,10): -0.00025361061096191407
(59,13): 0.0002977466583251953
(59,19): 0.0010762786865234374
(59,51): -0.00031982421875
