Interaction name: 5jfu

Affinity: 8.069999694824219
Predicted value: 9.5336332321167

Attributions for edges: 

(0,4): 0.547317385673523
(0,17): 0.5087946057319641
(0,21): 0.5153243541717529
(0,29): 0.5089280605316162
(0,30): 0.48392143845558167
(0,33): 0.519773006439209
(0,39): 0.5140959620475769
(0,41): 0.5162476301193237
(0,43): 0.5747400522232056
(1,9): 0.5100035667419434
(1,11): 0.5112446546554565
(1,14): 0.4949226379394531
(1,41): 0.45543810725212097
(1,43): 0.5647338628768921
(1,44): 0.4872933626174927
(2,6): 0.44057631492614746
(2,7): 0.4133623242378235
(2,12): 0.4644784927368164
(2,13): 0.5290074348449707
(2,22): 0.42996445298194885
(2,31): 0.43640825152397156
(2,32): 0.4494633674621582
(2,40): 0.5838221907615662
(2,42): 0.47634029388427734
(2,44): 0.4409426748752594
(3,10): 0.5222606658935547
(3,15): 0.5317860841751099
(3,16): 0.4876043200492859
(3,29): 0.5114743709564209
(3,30): 0.5530428886413574
(3,38): 0.45270630717277527
(3,41): 0.40769585967063904
(3,43): 0.5679743885993958
(4,0): 0.4109816551208496
(4,11): 0.5390051007270813
(4,14): 0.6043261885643005
(4,27): 0.5346502065658569
(4,29): 0.5310372114181519
(4,30): 0.45378148555755615
(4,37): 0.5341337323188782
(4,39): 0.49546635150909424
(4,42): 0.5830051898956299
(5,6): 0.45685675740242004
(5,9): 0.5215185880661011
(5,11): 0.525611400604248
(5,13): 0.48305270075798035
(5,22): 0.40403077006340027
(5,27): 0.49070626497268677
(5,32): 0.46698248386383057
(5,40): 0.4933612644672394
(5,42): 0.454026997089386
(5,44): 0.5122486352920532
(6,2): 0.5177639722824097
(6,5): 0.527590811252594
(6,7): 0.47940748929977417
(6,9): 0.47033071517944336
(6,12): 0.48905330896377563
(6,13): 0.4377751052379608
(6,22): 0.37231701612472534
(6,31): 0.5510337948799133
(6,32): 0.4208049476146698
(6,40): 0.4839112460613251
(6,42): 0.49070069193840027
(6,44): 0.526788592338562
(7,2): 0.5114915370941162
(7,6): 0.43424609303474426
(7,12): 0.4326817989349365
(7,13): 0.5348772406578064
(7,22): 0.5198401212692261
(7,31): 0.4543190002441406
(7,32): 0.4825403094291687
(7,40): 0.42444753646850586
(7,44): 0.5213273763656616
(8,9): 0.41383272409439087
(8,11): 0.5008828639984131
(8,14): 0.48120296001434326
(9,1): 0.5203350782394409
(9,5): 0.5363799929618835
(9,6): 0.4750020205974579
(9,8): 0.4157874286174774
(9,11): 0.4753493070602417
(9,14): 0.47712308168411255
(9,23): 0.545296847820282
(9,27): 0.59422367811203
(9,37): 0.5064440369606018
(9,40): 0.5711122155189514
(9,46): 0.5141518115997314
(10,3): 0.5809606909751892
(10,15): 0.4252079427242279
(10,16): 0.43738123774528503
(10,29): 0.5176097750663757
(10,30): 0.5012468099594116
(10,38): 0.5272067189216614
(10,39): 0.43497997522354126
(10,49): 0.48011600971221924
(11,1): 0.4797704517841339
(11,4): 0.5114595293998718
(11,5): 0.5743169784545898
(11,8): 0.4889730215072632
(11,9): 0.48547443747520447
(11,14): 0.4712056815624237
(11,21): 0.46398666501045227
(11,37): 0.4416828155517578
(11,58): 0.5097051858901978
(11,62): 0.5602304935455322
(11,65): 0.5473615527153015
(12,2): 0.4995233714580536
(12,6): 0.42216169834136963
(12,7): 0.48327308893203735
(12,13): 0.5616779923439026
(12,22): 0.44335171580314636
(12,23): 0.44752341508865356
(12,31): 0.5104548931121826
(12,32): 0.4933161437511444
(12,40): 0.5017128586769104
(12,58): 0.5435156226158142
(12,68): 0.5048777461051941
(13,2): 0.4687308669090271
(13,5): 0.5641352534294128
(13,6): 0.5049059391021729
(13,7): 0.4550780653953552
(13,12): 0.5049479603767395
(13,22): 0.4248022735118866
(13,23): 0.5415484309196472
(13,31): 0.4657624065876007
(13,32): 0.5099284052848816
(13,34): 0.45374152064323425
(13,35): 0.47492361068725586
(13,40): 0.4306979775428772
(13,57): 0.5138459801673889
(13,59): 0.5402489304542542
(14,1): 0.4242246448993683
(14,4): 0.5407500267028809
(14,8): 0.4494679868221283
(14,9): 0.4806399941444397
(14,11): 0.5152640342712402
(14,23): 0.5338936448097229
(14,25): 0.5195812582969666
(14,26): 0.5505203604698181
(14,27): 0.48162272572517395
(14,34): 0.48555153608322144
(14,36): 0.4397435486316681
(14,37): 0.44808900356292725
(14,48): 0.5321810841560364
(14,57): 0.5226025581359863
(14,58): 0.4816892147064209
(15,3): 0.5224804878234863
(15,10): 0.4519352912902832
(15,16): 0.48734062910079956
(15,38): 0.5157788991928101
(15,47): 0.5503648519515991
(15,51): 0.4973224401473999
(15,52): 0.548464298248291
(15,65): 0.5485395193099976
(16,3): 0.5206796526908875
(16,10): 0.4053787589073181
(16,15): 0.4883573651313782
(16,29): 0.5324511528015137
(16,30): 0.5438615679740906
(16,38): 0.4855579435825348
(16,39): 0.5711849331855774
(16,48): 0.5549463033676147
(16,63): 0.49555110931396484
(16,66): 0.509627103805542
(17,0): 0.5466506481170654
(17,18): 0.5006119608879089
(17,19): 0.5359804630279541
(17,20): 0.4613242745399475
(17,21): 0.5224601626396179
(17,33): 0.4952806532382965
(17,51): 0.5191444158554077
(17,68): 0.4947250783443451
(18,17): 0.4467366337776184
(18,19): 0.5904463529586792
(18,20): 0.42912641167640686
(18,21): 0.4634923040866852
(18,33): 0.4621436595916748
(18,53): 0.42861562967300415
(18,59): 0.5091221928596497
(19,17): 0.4969881772994995
(19,18): 0.5386855602264404
(19,20): 0.3931919038295746
(19,21): 0.42620277404785156
(19,33): 0.4843226671218872
(19,54): 0.4544290602207184
(19,55): 0.4142235219478607
(19,67): 0.47042208909988403
(20,17): 0.41818153858184814
(20,18): 0.4488157033920288
(20,19): 0.47661733627319336
(20,21): 0.5172754526138306
(20,33): 0.4634345769882202
(20,56): 0.52705317735672
(20,57): 0.5355483889579773
(21,0): 0.5204550623893738
(21,11): 0.5110062956809998
(21,17): 0.43353578448295593
(21,18): 0.446454793214798
(21,19): 0.5381442904472351
(21,20): 0.4960388243198395
(21,33): 0.45010265707969666
(21,55): 0.4391670823097229
(21,58): 0.45892658829689026
(21,59): 0.5724886059761047
(21,65): 0.47657108306884766
(22,2): 0.41078317165374756
(22,5): 0.45173874497413635
(22,6): 0.5917520523071289
(22,7): 0.4712962806224823
(22,12): 0.43479955196380615
(22,13): 0.503196120262146
(22,31): 0.4611358046531677
(22,32): 0.5670896768569946
(22,40): 0.5147257447242737
(22,50): 0.4755061864852905
(22,57): 0.48629680275917053
(22,58): 0.470693975687027
(22,59): 0.5095427632331848
(22,60): 0.518410861492157
(22,61): 0.548445999622345
(23,9): 0.4611205458641052
(23,12): 0.5272092819213867
(23,13): 0.5623858571052551
(23,14): 0.5048019289970398
(23,24): 0.4623906910419464
(23,25): 0.5473864078521729
(23,26): 0.5522841811180115
(23,27): 0.468389093875885
(23,28): 0.4657212197780609
(23,34): 0.4016862213611603
(23,35): 0.5448936223983765
(23,36): 0.5013247728347778
(23,37): 0.5236732959747314
(23,58): 0.44929730892181396
(23,61): 0.410336971282959
(23,64): 0.5491137504577637
(23,68): 0.5781593918800354
(24,23): 0.5154732465744019
(24,25): 0.4704355001449585
(24,26): 0.48807474970817566
(24,27): 0.46694889664649963
(24,28): 0.3630276024341583
(24,34): 0.5131687521934509
(24,35): 0.5850728154182434
(24,36): 0.5216317772865295
(24,37): 0.49570900201797485
(24,48): 0.5491839647293091
(24,62): 0.4295802116394043
(24,64): 0.4664187729358673
(24,70): 0.5254343152046204
(25,14): 0.538916289806366
(25,23): 0.49037328362464905
(25,24): 0.49431437253952026
(25,26): 0.5504987835884094
(25,27): 0.4854673743247986
(25,28): 0.5162302255630493
(25,34): 0.5665419101715088
(25,35): 0.4815998375415802
(25,36): 0.45063140988349915
(25,37): 0.462131530046463
(25,62): 0.5104164481163025
(25,66): 0.5005860328674316
(25,68): 0.5343981385231018
(26,14): 0.5148815512657166
(26,23): 0.5500379800796509
(26,24): 0.5156383514404297
(26,25): 0.4335073232650757
(26,27): 0.48612523078918457
(26,28): 0.48574307560920715
(26,34): 0.5240610837936401
(26,35): 0.46149536967277527
(26,36): 0.4884352684020996
(26,37): 0.5203715562820435
(26,58): 0.5288153290748596
(26,62): 0.40353527665138245
(26,69): 0.4519975483417511
(27,4): 0.5061400532722473
(27,5): 0.5421732664108276
(27,9): 0.4615787863731384
(27,14): 0.5281320214271545
(27,23): 0.45507901906967163
(27,24): 0.5018813014030457
(27,25): 0.4994679391384125
(27,26): 0.41611331701278687
(27,28): 0.4995265305042267
(27,34): 0.5527868866920471
(27,35): 0.5681809186935425
(27,36): 0.4605098068714142
(27,37): 0.4935634434223175
(27,57): 0.5104370713233948
(27,58): 0.39846107363700867
(27,59): 0.5399671196937561
(27,63): 0.5744079947471619
(27,67): 0.5073636770248413
(28,23): 0.42808789014816284
(28,24): 0.559100329875946
(28,25): 0.4731510281562805
(28,26): 0.5161150097846985
(28,27): 0.43344637751579285
(28,34): 0.6104423403739929
(28,35): 0.5929054021835327
(28,36): 0.5182241797447205
(28,37): 0.5125271677970886
(28,68): 0.49293312430381775
(28,70): 0.5465128421783447
(29,0): 0.4645744860172272
(29,3): 0.4064517021179199
(29,4): 0.5465466380119324
(29,10): 0.5296278595924377
(29,16): 0.5394015312194824
(29,30): 0.5414740443229675
(29,38): 0.5614200234413147
(29,39): 0.5078549385070801
(29,57): 0.5426985621452332
(29,67): 0.4580816924571991
(30,0): 0.5597193837165833
(30,3): 0.5527385473251343
(30,4): 0.47036615014076233
(30,10): 0.5590488910675049
(30,16): 0.482709676027298
(30,29): 0.4662749469280243
(30,38): 0.475798100233078
(30,39): 0.4071548879146576
(30,48): 0.5182750225067139
(30,62): 0.5303085446357727
(30,64): 0.5809957981109619
(30,65): 0.5401470065116882
(31,2): 0.4802444279193878
(31,6): 0.4759761393070221
(31,7): 0.47413870692253113
(31,12): 0.4953813850879669
(31,13): 0.5284392833709717
(31,22): 0.5224899649620056
(31,32): 0.44090381264686584
(31,40): 0.5082266926765442
(31,50): 0.4673091769218445
(31,58): 0.43465158343315125
(31,61): 0.4781859815120697
(32,2): 0.4931623637676239
(32,5): 0.48918187618255615
(32,6): 0.4351334869861603
(32,7): 0.5311310887336731
(32,12): 0.5226881504058838
(32,13): 0.4568762481212616
(32,22): 0.47676339745521545
(32,31): 0.4324965476989746
(32,40): 0.49000629782676697
(32,56): 0.5416558980941772
(33,0): 0.5039711594581604
(33,17): 0.5645762085914612
(33,18): 0.5911465287208557
(33,19): 0.5111624598503113
(33,20): 0.46765467524528503
(33,21): 0.5026159882545471
(33,55): 0.47731637954711914
(33,62): 0.4843605160713196
(33,64): 0.5206814408302307
(34,13): 0.6033082008361816
(34,14): 0.5442283153533936
(34,23): 0.43013906478881836
(34,24): 0.48133233189582825
(34,25): 0.4439118802547455
(34,26): 0.5024475455284119
(34,27): 0.4734954237937927
(34,28): 0.40013664960861206
(34,35): 0.49551838636398315
(34,36): 0.47125622630119324
(34,37): 0.44952353835105896
(34,50): 0.42050743103027344
(35,13): 0.49185970425605774
(35,23): 0.48684364557266235
(35,24): 0.47712382674217224
(35,25): 0.5387177467346191
(35,26): 0.5250247120857239
(35,27): 0.5097203850746155
(35,28): 0.4253862202167511
(35,34): 0.5692666172981262
(35,36): 0.44929224252700806
(35,37): 0.470269113779068
(35,61): 0.5363208055496216
(36,14): 0.4160864055156708
(36,23): 0.511793851852417
(36,24): 0.5089778900146484
(36,25): 0.48992106318473816
(36,26): 0.5872136950492859
(36,27): 0.48202943801879883
(36,28): 0.4914500415325165
(36,34): 0.523705780506134
(36,35): 0.49251246452331543
(36,37): 0.5512413382530212
(36,63): 0.5515953302383423
(37,4): 0.5183517932891846
(37,9): 0.46356990933418274
(37,11): 0.44258663058280945
(37,14): 0.4806281626224518
(37,23): 0.47267910838127136
(37,24): 0.4937794506549835
(37,25): 0.45621800422668457
(37,26): 0.6018279790878296
(37,27): 0.5167558789253235
(37,28): 0.4915163218975067
(37,34): 0.5241434574127197
(37,35): 0.5288265943527222
(37,36): 0.45011651515960693
(37,50): 0.43980538845062256
(37,58): 0.4186980128288269
(38,3): 0.5040911436080933
(38,10): 0.5575052499771118
(38,15): 0.4611709713935852
(38,16): 0.5005984902381897
(38,29): 0.5129254460334778
(38,30): 0.5583265423774719
(38,39): 0.4922583997249603
(38,47): 0.5050634145736694
(38,51): 0.5239173173904419
(39,0): 0.5944606065750122
(39,4): 0.5592517852783203
(39,10): 0.4755926728248596
(39,16): 0.3762821853160858
(39,29): 0.5083993077278137
(39,30): 0.4675532281398773
(39,38): 0.4969199597835541
(39,57): 0.48368963599205017
(40,2): 0.5114383101463318
(40,5): 0.5526820421218872
(40,6): 0.5391687750816345
(40,7): 0.5070545077323914
(40,9): 0.4814918637275696
(40,12): 0.46614357829093933
(40,13): 0.5163272023200989
(40,22): 0.39807313680648804
(40,31): 0.4218491017818451
(40,32): 0.3923855423927307
(40,56): 0.591094970703125
(40,57): 0.5201643109321594
(41,0): 0.4773962199687958
(41,1): 0.3916521668434143
(41,3): 0.47128939628601074
(42,2): 0.47525230050086975
(42,4): 0.4971359372138977
(42,5): 0.5464330315589905
(42,6): 0.4496472477912903
(42,44): 0.5089845061302185
(42,50): 0.42336609959602356
(42,58): 0.5713793039321899
(43,0): 0.560418426990509
(43,1): 0.49175387620925903
(43,3): 0.5144683718681335
(43,47): 0.4467964172363281
(43,51): 0.49820148944854736
(44,1): 0.5019122362136841
(44,2): 0.5613792538642883
(44,5): 0.4742610454559326
(44,6): 0.4746699333190918
(44,7): 0.5252231359481812
(44,42): 0.46393540501594543
(44,50): 0.4976542294025421
(44,61): 0.5045375227928162
(46,9): 0.4465753138065338
(46,58): 0.5441548824310303
(47,15): 0.476004958152771
(47,38): 0.5228651762008667
(47,43): 0.4563516080379486
(48,14): 0.495479941368103
(48,16): 0.4950268268585205
(48,24): 0.45949646830558777
(48,30): 0.5990210175514221
(48,66): 0.4058476388454437
(48,69): 0.4494243860244751
(49,10): 0.4715336561203003
(49,52): 0.48542678356170654
(49,64): 0.49310746788978577
(50,22): 0.49434688687324524
(50,31): 0.4988367259502411
(50,34): 0.5077849626541138
(50,37): 0.4482229948043823
(50,42): 0.5196320414543152
(50,44): 0.5212276577949524
(51,15): 0.47642654180526733
(51,17): 0.4537051022052765
(51,38): 0.4936792552471161
(51,43): 0.33539941906929016
(52,15): 0.5048550963401794
(52,49): 0.4998699724674225
(52,64): 0.5218105912208557
(53,18): 0.5139675140380859
(54,19): 0.5267707109451294
(54,56): 0.576809287071228
(55,19): 0.41878780722618103
(55,21): 0.5346312522888184
(55,33): 0.49888020753860474
(55,57): 0.4917108118534088
(56,20): 0.39298561215400696
(56,32): 0.5219182372093201
(56,40): 0.42878457903862
(56,54): 0.4142165780067444
(56,57): 0.4996679723262787
(56,60): 0.4611107409000397
(57,13): 0.6168467998504639
(57,14): 0.5088472962379456
(57,20): 0.4800454378128052
(57,22): 0.5602771639823914
(57,27): 0.40279674530029297
(57,29): 0.5659775733947754
(57,39): 0.45778530836105347
(57,40): 0.43805044889450073
(57,55): 0.4984002113342285
(57,56): 0.5007559061050415
(58,11): 0.5388890504837036
(58,12): 0.5205246210098267
(58,14): 0.472284734249115
(58,21): 0.44232645630836487
(58,22): 0.5209487676620483
(58,23): 0.4630338251590729
(58,26): 0.5419220924377441
(58,27): 0.4229157269001007
(58,31): 0.48094451427459717
(58,37): 0.5135777592658997
(58,42): 0.4592148959636688
(58,46): 0.5047664642333984
(59,13): 0.5153372287750244
(59,18): 0.5069472789764404
(59,21): 0.5205153822898865
(59,22): 0.4961495101451874
(59,27): 0.5329710245132446
(59,60): 0.5195268988609314
(60,22): 0.5463971495628357
(60,56): 0.5948190689086914
(60,59): 0.511161208152771
(61,22): 0.4963380992412567
(61,23): 0.49353352189064026
(61,31): 0.48361048102378845
(61,35): 0.4914843738079071
(61,44): 0.43775618076324463
(62,11): 0.5132074952125549
(62,24): 0.4494225084781647
(62,25): 0.5541799664497375
(62,26): 0.5711657404899597
(62,30): 0.41492441296577454
(62,33): 0.3564305901527405
(62,63): 0.5340768694877625
(63,16): 0.4576011002063751
(63,27): 0.43616536259651184
(63,36): 0.4285775423049927
(63,62): 0.47589701414108276
(64,23): 0.4662074148654938
(64,24): 0.44024473428726196
(64,30): 0.4864662289619446
(64,33): 0.5698298215866089
(64,49): 0.4585143029689789
(64,52): 0.5571019649505615
(64,66): 0.5170344710350037
(65,11): 0.4728667438030243
(65,15): 0.5197014212608337
(65,21): 0.49938836693763733
(65,30): 0.5775018930435181
(66,16): 0.5602551698684692
(66,25): 0.46271461248397827
(66,48): 0.5053724050521851
(66,64): 0.5248692631721497
(67,19): 0.5089004039764404
(67,27): 0.4419708251953125
(67,29): 0.4869946241378784
(68,12): 0.4960411787033081
(68,17): 0.4913824498653412
(68,23): 0.4638783931732178
(68,25): 0.39643096923828125
(68,28): 0.5030826926231384
(69,26): 0.459963321685791
(69,48): 0.528049886226654
(70,24): 0.47876226902008057
(70,28): 0.47392258048057556
