Interaction name: 5xij

Affinity: 7.300000190734863
Predicted value: 6.739542007446289

Attributions for edges: 

(0,1): 0.4162790775299072
(0,2): 0.4835313856601715
(0,4): 0.49478909373283386
(0,8): 0.4477887749671936
(0,11): 0.42949193716049194
(0,17): 0.4836679995059967
(0,18): 0.4389106035232544
(1,0): 0.5943976640701294
(1,8): 0.4662643074989319
(1,9): 0.535412073135376
(1,10): 0.38987264037132263
(1,17): 0.5660110712051392
(1,18): 0.42066192626953125
(1,19): 0.5565536618232727
(2,0): 0.4829690754413605
(2,5): 0.5501528382301331
(2,7): 0.5392128825187683
(2,11): 0.5229924917221069
(2,12): 0.4365845024585724
(2,19): 0.523980975151062
(3,5): 0.4010990262031555
(3,7): 0.3603105843067169
(3,11): 0.45722708106040955
(3,12): 0.47235727310180664
(3,13): 0.4520316421985626
(3,14): 0.4981207847595215
(3,15): 0.4640680253505707
(3,19): 0.4499841034412384
(4,0): 0.505810022354126
(4,5): 0.4336136281490326
(4,7): 0.34595516324043274
(4,11): 0.41554686427116394
(4,12): 0.464582622051239
(5,2): 0.49966132640838623
(5,3): 0.6087965965270996
(5,4): 0.42126375436782837
(5,6): 0.46798160672187805
(5,11): 0.6557791829109192
(5,12): 0.5233262181282043
(5,13): 0.4308691918849945
(5,14): 0.5286558866500854
(5,15): 0.5131972432136536
(5,20): 0.4823741614818573
(5,21): 0.4175184667110443
(6,5): 0.5380488634109497
(6,7): 0.5261929631233215
(6,11): 0.5329362154006958
(6,12): 0.4799748659133911
(6,13): 0.49738624691963196
(6,14): 0.5195828080177307
(6,15): 0.5275797247886658
(7,2): 0.678745448589325
(7,3): 0.4266475737094879
(7,4): 0.42532697319984436
(7,6): 0.4529472291469574
(7,11): 0.43370169401168823
(7,12): 0.5428250432014465
(7,13): 0.4057062864303589
(7,14): 0.5024678707122803
(7,15): 0.5667771100997925
(8,0): 0.4875648617744446
(8,1): 0.600295901298523
(8,9): 0.39700648188591003
(8,10): 0.48366525769233704
(8,16): 0.4853573739528656
(8,17): 0.536876380443573
(8,28): 0.5092877149581909
(8,30): 0.5035092234611511
(9,1): 0.5034148097038269
(9,8): 0.4876590073108673
(9,10): 0.5039690732955933
(9,16): 0.3983336091041565
(9,17): 0.46254193782806396
(9,18): 0.4441429674625397
(9,30): 0.37691906094551086
(9,31): 0.502439558506012
(10,1): 0.4370979070663452
(10,8): 0.45586931705474854
(10,9): 0.47310736775398254
(10,16): 0.44489049911499023
(10,17): 0.45926618576049805
(10,18): 0.5700410008430481
(10,22): 0.4867023527622223
(11,0): 0.48541808128356934
(11,2): 0.448429137468338
(11,3): 0.46683529019355774
(11,4): 0.43826305866241455
(11,5): 0.48485735058784485
(11,6): 0.4208587110042572
(11,7): 0.5540410876274109
(11,12): 0.5672494173049927
(11,13): 0.48569223284721375
(11,23): 0.4781794250011444
(11,25): 0.5216988325119019
(11,27): 0.49172520637512207
(11,32): 0.5872617959976196
(12,2): 0.512906551361084
(12,3): 0.3931625783443451
(12,4): 0.38134023547172546
(12,5): 0.3928845226764679
(12,6): 0.495801717042923
(12,7): 0.45842283964157104
(12,11): 0.5050323605537415
(12,13): 0.48973944783210754
(12,14): 0.3910195231437683
(12,22): 0.48478901386260986
(12,23): 0.4190360903739929
(12,24): 0.4904111325740814
(13,3): 0.42917314171791077
(13,5): 0.4968787431716919
(13,6): 0.465259313583374
(13,7): 0.49772244691848755
(13,11): 0.39114025235176086
(13,12): 0.47606098651885986
(13,14): 0.4801333248615265
(13,15): 0.3418819010257721
(13,22): 0.46114689111709595
(14,3): 0.5160640478134155
(14,5): 0.4602568447589874
(14,6): 0.4019249677658081
(14,7): 0.5141955018043518
(14,12): 0.42565277218818665
(14,13): 0.46128273010253906
(14,15): 0.47331270575523376
(14,23): 0.4766167998313904
(14,32): 0.4784930944442749
(15,3): 0.46863386034965515
(15,5): 0.3357425034046173
(15,6): 0.4202423095703125
(15,7): 0.5761089324951172
(15,13): 0.5196968913078308
(15,14): 0.37656545639038086
(15,25): 0.48669180274009705
(15,26): 0.41474246978759766
(15,27): 0.537560224533081
(15,28): 0.4341457784175873
(16,8): 0.5087996125221252
(16,9): 0.5514227151870728
(16,10): 0.5120290517807007
(16,17): 0.5158359408378601
(16,18): 0.47495394945144653
(16,29): 0.5289207100868225
(16,33): 0.437043696641922
(17,0): 0.47339335083961487
(17,1): 0.5545018315315247
(17,8): 0.4187091290950775
(17,9): 0.5883037447929382
(17,10): 0.5706251263618469
(17,16): 0.5517526865005493
(17,18): 0.4353020489215851
(18,0): 0.5787783861160278
(18,1): 0.5488998293876648
(18,9): 0.4954098165035248
(18,10): 0.453782320022583
(18,16): 0.38613811135292053
(18,17): 0.46550652384757996
(19,1): 0.4225279986858368
(19,2): 0.5643807053565979
(19,3): 0.4832671880722046
(19,32): 0.45817166566848755
(20,5): 0.45264577865600586
(20,21): 0.48863890767097473
(20,23): 0.5578830242156982
(20,25): 0.5240078568458557
(20,28): 0.48120853304862976
(21,5): 0.5461563467979431
(21,20): 0.4712011218070984
(22,10): 0.45918890833854675
(22,12): 0.4099518358707428
(22,13): 0.4827250838279724
(23,11): 0.5801496505737305
(23,12): 0.41119688749313354
(23,14): 0.47690248489379883
(23,20): 0.4519633650779724
(23,25): 0.45909175276756287
(23,28): 0.5270134210586548
(24,12): 0.5404378175735474
(25,11): 0.5178294777870178
(25,15): 0.48823216557502747
(25,20): 0.455381840467453
(25,23): 0.4343295097351074
(26,15): 0.4479587972164154
(27,11): 0.4807429611682892
(27,15): 0.45814862847328186
(28,8): 0.5634608268737793
(28,15): 0.5105506777763367
(28,20): 0.46623125672340393
(28,23): 0.4687187969684601
(29,16): 0.4640599191188812
(29,31): 0.45725011825561523
(30,8): 0.540962815284729
(30,9): 0.4284835159778595
(31,9): 0.4278421103954315
(31,29): 0.4645884931087494
(32,11): 0.48946335911750793
(32,14): 0.5182730555534363
(32,19): 0.39895355701446533
(33,16): 0.5446234941482544
