Interaction name: 5kr2

Affinity: 8.479999542236328
Predicted value: 7.663942337036133

Attributions for edges: 

(0,1): 6.0288071008882066e-33
(0,3): 7.198773954011981e-31
(0,6): 1.828255033104741e-32
(0,13): 9.844127482451337e-33
(0,17): 3.518531567867519e-33
(0,39): 5.215632699570225e-31
(0,40): 1.5844645870976624e-31
(1,0): 5.9721321101312486e-33
(1,6): 6.162762855523564e-34
(1,13): 3.318327109753977e-34
(1,14): 6.973635389110087e-34
(1,15): 1.5185869890227425e-33
(1,16): 6.602555240607011e-34
(1,30): 7.974294699879233e-34
(1,31): 7.555039027624117e-34
(1,34): 2.7872428946497945e-34
(1,37): 5.062547897611905e-34
(1,40): 5.340982377209884e-33
(2,6): 2.0351427367992345e-33
(2,9): 3.8119353251747466e-33
(2,17): 3.916692993997129e-34
(2,18): 7.779915229533748e-35
(2,19): 1.2085174768857396e-33
(2,20): 1.871902754655505e-33
(2,21): 1.0461046019546074e-32
(2,39): 5.80588414814636e-32
(2,40): 1.7637646212195472e-32
(2,41): 5.495852802841561e-32
(3,0): 7.227279692019422e-31
(3,6): 7.458032054272279e-32
(3,7): 2.2551861001316547e-30
(3,17): 1.435320479340261e-32
(3,40): 6.463483899860768e-31
(4,9): 4.300534033666243e-32
(4,10): 3.9365283958754994e-32
(4,12): 1.0183892957360186e-31
(4,18): 8.777114178807661e-34
(4,19): 1.363420338814659e-32
(4,41): 6.200288833920696e-31
(4,43): 2.6866948419117298e-30
(5,10): 3.578332638913695e-33
(5,11): 2.6757072611157237e-32
(5,12): 9.25716127609952e-33
(5,18): 7.978398713408163e-35
(5,19): 1.2393589589024624e-33
(5,22): 1.429701317877968e-34
(5,26): 5.995984084370883e-34
(5,27): 3.0710356999421037e-34
(5,39): 5.953960583772268e-32
(5,40): 1.8087621041586428e-32
(5,41): 5.636064005766117e-32
(6,0): 1.8166727403292952e-32
(6,1): 6.1818820874686965e-34
(6,2): 2.0347392116291163e-33
(6,3): 7.381498555826117e-32
(6,7): 5.668665753838998e-32
(6,9): 3.511317338631332e-33
(6,13): 1.0093920399343058e-33
(6,17): 3.607841266456929e-34
(6,29): 3.966054022169072e-33
(6,34): 8.478495451015606e-34
(6,42): 6.607903960308443e-32
(7,3): 2.2535689960631155e-30
(7,6): 5.723378550650846e-32
(7,17): 1.1014811122642884e-32
(7,42): 2.017406538610034e-30
(8,9): 1.871647496057224e-31
(8,10): 1.7132146025522662e-31
(8,12): 4.432127158532463e-31
(8,18): 3.81991215637103e-33
(8,19): 5.933780284504527e-32
(9,2): 3.818222383241723e-33
(9,4): 4.278280750110826e-32
(9,6): 3.5178332507547336e-33
(9,8): 1.854052696614116e-31
(9,17): 6.770174765727019e-34
(9,18): 1.3447925140176933e-34
(9,19): 2.0889754189501027e-33
(9,20): 3.235666117415413e-33
(9,21): 1.808224021619554e-32
(9,29): 7.442425015776411e-33
(9,44): 1.0424283903092046e-31
(10,4): 3.9148143703535224e-32
(10,5): 3.5827580078025564e-33
(10,8): 1.6965526754259708e-31
(10,11): 4.1268632656662934e-32
(10,18): 1.2305348075008776e-34
(10,22): 2.20507541439647e-34
(10,25): 5.152386430905941e-33
(10,33): 8.178833288316203e-33
(10,36): 1.1748526043751355e-33
(10,42): 1.134640162208894e-31
(11,5): 2.694595398218324e-32
(11,10): 4.1507980938905614e-32
(11,12): 1.0738214950905698e-31
(11,22): 1.6584265520614465e-33
(11,26): 6.955227423082698e-33
(11,27): 3.562342977006635e-33
(11,28): 3.132541687790903e-32
(12,4): 1.0155495364833021e-31
(12,5): 9.294173185103099e-33
(12,8): 4.40105931303797e-31
(12,11): 1.0705657283870973e-31
(12,18): 3.192178198811514e-34
(12,22): 5.720272802740477e-34
(12,25): 1.3366109860922488e-32
(12,33): 2.121719254902639e-32
(12,36): 3.047754345557847e-33
(13,0): 9.76573156014309e-33
(13,1): 3.3231408968738384e-34
(13,6): 1.0077531436698702e-33
(13,14): 1.1403320087113312e-33
(13,31): 1.2354127876325535e-33
(13,34): 4.55774700150814e-34
(13,37): 8.278363864368265e-34
(13,48): 5.634339114743079e-34
(13,59): 6.193232036438863e-35
(13,62): 3.7421277207139516e-34
(14,1): 6.998365769870472e-34
(14,13): 1.1427095378713654e-33
(14,16): 2.2736938869352632e-33
(14,31): 2.601696667420014e-33
(14,32): 4.2182368660128084e-33
(14,37): 1.7433681411938496e-33
(14,57): 1.1081907605503851e-32
(15,1): 1.5274178903332949e-33
(15,16): 4.962416992921459e-33
(15,31): 5.678250440902015e-33
(15,32): 9.206450449805047e-33
(15,37): 3.8049617049384934e-33
(15,45): 2.1439867178586626e-33
(15,59): 2.846600078825291e-34
(16,1): 6.625110956818375e-34
(16,14): 2.273399094992596e-33
(16,15): 4.950618335717065e-33
(16,31): 2.4629361714611663e-33
(16,32): 3.993289491593655e-33
(16,37): 1.650398844000292e-33
(16,46): 1.9078825474766376e-34
(16,62): 7.460414946625289e-34
(17,0): 3.4800337605361045e-33
(17,2): 3.897793248887814e-34
(17,3): 1.4140061218975637e-32
(17,6): 3.5911166450741163e-34
(17,7): 1.0858944245143695e-32
(17,9): 6.7263614280424835e-34
(17,45): 1.6622577223312916e-34
(17,46): 3.410274128642615e-35
(17,47): 3.579015527663126e-33
(17,48): 2.007805421809412e-34
(17,54): 3.4598991035099534e-34
(17,60): 1.7774275389959485e-33
(18,2): 7.70742602858514e-35
(18,4): 8.636027306060139e-34
(18,5): 7.903516049840937e-35
(18,8): 3.7425723422686005e-33
(18,9): 1.3300482103151576e-34
(18,10): 1.217479702955798e-34
(18,12): 3.149649180540748e-34
(18,19): 4.2167525059295327e-35
(18,20): 6.531432896224344e-35
(18,45): 3.286892565582503e-35
(18,46): 6.743362101187029e-36
(18,48): 3.9701980185771423e-35
(18,50): 5.991136547706183e-34
(18,52): 4.6856444602974513e-35
(18,54): 6.841489046296656e-35
(18,59): 4.364018113906453e-36
(18,60): 3.51465280385179e-34
(19,2): 1.2066103291370266e-33
(19,4): 1.3519949745350478e-32
(19,5): 1.2373181905068395e-33
(19,8): 5.859104067132664e-32
(19,9): 2.082228816060352e-33
(19,18): 4.2496953333310316e-35
(19,20): 1.0225145058158173e-33
(19,21): 5.714234527032593e-33
(19,29): 2.3519079749611165e-33
(19,34): 5.02779045820351e-34
(19,38): 3.5728344936764642e-34
(19,52): 7.335511325010728e-34
(19,59): 6.831995551881324e-35
(20,2): 1.8713315378694023e-33
(20,9): 3.229352243383559e-33
(20,18): 6.590950907312487e-35
(20,19): 1.0238182025192761e-33
(20,21): 8.862203990430863e-33
(20,29): 3.647572929596974e-33
(20,30): 2.2308906478729697e-33
(20,34): 7.797597695141488e-34
(20,38): 5.5411072598660055e-34
(20,45): 7.980502779419513e-34
(20,48): 9.639552343486895e-34
(20,54): 1.661098413986667e-33
(21,2): 1.0508803416284107e-32
(21,9): 1.81348803225933e-32
(21,19): 5.7493935630656874e-33
(21,20): 8.9054460194938e-33
(21,29): 2.0483453383346935e-32
(21,30): 1.2527973572578566e-32
(21,34): 4.378849434611458e-33
(21,38): 3.111709503437234e-33
(21,54): 9.328129543478508e-33
(22,5): 1.418586238189226e-34
(22,10): 2.185213003698679e-34
(22,11): 1.634023473009368e-33
(22,12): 5.653242074094759e-34
(22,23): 1.028209592274559e-33
(22,24): 1.0640990878440942e-33
(22,25): 2.0400929455486387e-34
(22,33): 3.2384180598932836e-34
(22,35): 2.8488592320307775e-34
(22,36): 4.651841823063173e-35
(22,50): 1.0753288241497895e-33
(22,52): 8.410168464341618e-35
(22,53): 3.960624799471708e-34
(22,59): 7.83288766563323e-36
(22,62): 4.732818919744184e-35
(23,22): 1.0422045872050675e-33
(23,24): 1.2702132170734107e-31
(23,25): 2.4352184554791583e-32
(23,33): 3.865635507071758e-32
(23,35): 3.400626986554548e-32
(23,36): 5.552811234673861e-33
(23,61): 9.031175572826607e-32
(24,22): 1.0786977174908493e-33
(24,23): 1.2703489866709307e-31
(24,25): 2.52050762359742e-32
(24,33): 4.001022187306952e-32
(24,35): 3.5197277803062745e-32
(24,36): 5.747288693493746e-33
(24,62): 5.847333915666277e-33
(25,10): 5.151757541428251e-33
(25,12): 1.332782107118033e-32
(25,22): 2.058385198850868e-34
(25,23): 2.4240594876068023e-32
(25,24): 2.5086897911414283e-32
(25,33): 7.634744707778569e-33
(25,35): 6.716288359810898e-33
(25,36): 1.0966967400538463e-33
(25,49): 3.7775574786061703e-32
(25,54): 2.8949935282097137e-33
(26,5): 5.973564743871313e-34
(26,11): 6.88075544785429e-33
(26,27): 7.897248277228154e-35
(26,28): 6.94448680262954e-34
(26,48): 3.000696367958554e-34
(26,50): 4.528132441720088e-33
(26,51): 5.841804316771612e-33
(26,52): 3.541434789596345e-34
(26,53): 1.6677779769642224e-33
(26,61): 3.1859147883847984e-33
(27,5): 3.05381631482374e-34
(27,11): 3.5175919070708304e-33
(27,26): 7.882440377444529e-35
(27,28): 3.550172477878297e-34
(27,46): 2.6055478004308363e-35
(27,48): 1.5340212757667872e-34
(27,52): 1.8104584021999519e-34
(27,53): 8.526043279151406e-34
(27,54): 2.643442282990804e-34
(27,55): 4.470122897532962e-33
(27,61): 1.6286964632192277e-33
(28,11): 3.1122926221036385e-32
(28,26): 6.974220840398094e-34
(28,27): 3.5720986617634983e-34
(28,51): 2.64233615199023e-32
(28,52): 1.6018685597265937e-33
(28,53): 7.54372471082646e-33
(28,55): 3.955102969860018e-32
(29,6): 3.975111940826127e-33
(29,9): 7.445548892013721e-33
(29,19): 2.3605188384228744e-33
(29,20): 3.6562660776632896e-33
(29,21): 2.0432729332741014e-32
(29,30): 5.143588223032021e-33
(29,34): 1.797803080528522e-33
(29,38): 1.2775595865683097e-33
(29,46): 3.774932048707807e-34
(29,59): 2.4429573592719953e-34
(30,1): 8.005688664240842e-34
(30,20): 2.233019394673912e-33
(30,21): 1.2479130312933962e-32
(30,29): 5.1361767311500864e-33
(30,34): 1.0979861104199045e-33
(30,38): 7.802536608124865e-34
(30,45): 1.1237410079754285e-33
(30,47): 2.419551319834605e-32
(31,1): 7.583913944326113e-34
(31,13): 1.238319381085954e-33
(31,14): 2.6023914947839453e-33
(31,15): 5.6669980212287684e-33
(31,16): 2.463932219252496e-33
(31,32): 4.5711739020594154e-33
(31,37): 1.889234500503418e-33
(31,45): 1.0645374186672563e-33
(31,59): 1.4133899562278664e-34
(32,14): 4.224871796939231e-33
(32,15): 9.20012996361747e-33
(32,16): 4.000028012959744e-33
(32,31): 4.5771064751112216e-33
(32,37): 3.0670684524258265e-33
(32,56): 6.493953301181257e-32
(33,10): 8.18844809742196e-33
(33,12): 2.1183873161652333e-32
(33,22): 3.27167031551965e-34
(33,23): 3.8529151888279224e-32
(33,24): 3.987400558769623e-32
(33,25): 7.644652655788062e-33
(33,35): 1.0675269579407866e-32
(33,36): 1.7431420422023087e-33
(33,49): 6.004229424190833e-32
(34,1): 2.7899871688637357e-34
(34,6): 8.460660079306762e-34
(34,13): 4.555556724924772e-34
(34,19): 5.024108773162536e-34
(34,20): 7.782026986767901e-34
(34,21): 4.348918409703645e-33
(34,29): 1.789947288516175e-33
(34,30): 1.0947572662104857e-33
(34,38): 2.719147563014865e-34
(34,46): 8.034534882350288e-35
(34,59): 5.199610424123414e-35
(34,60): 4.187582177395271e-33
(35,22): 2.87725568579779e-34
(35,23): 3.388403020800347e-32
(35,24): 3.5067012457840497e-32
(35,25): 6.72300410597394e-33
(35,33): 1.067201272537212e-32
(35,36): 1.5329749480413111e-33
(35,46): 3.988643809349511e-34
(35,61): 2.493272301109631e-32
(35,62): 1.55967198595192e-33
(36,10): 1.1698706205440606e-33
(36,12): 3.0264830405957485e-33
(36,22): 4.674183390376934e-35
(36,23): 5.504556824230621e-33
(36,24): 5.6967358242526645e-33
(36,25): 1.0921794438333309e-33
(36,33): 1.7336987818033748e-33
(36,35): 1.5251472576907886e-33
(36,46): 6.479714588619269e-35
(36,48): 3.814944774383844e-34
(36,52): 4.5024487166740865e-34
(36,59): 4.193396730355077e-35
(36,62): 2.5337507521373337e-34
(37,1): 5.076007307928821e-34
(37,13): 8.288285771373174e-34
(37,14): 1.7418260395423647e-33
(37,15): 3.793020519044062e-33
(37,16): 1.6491401466899504e-33
(37,31): 1.8870449586040192e-33
(37,32): 3.059543084528656e-33
(37,57): 8.037854046770179e-33
(38,19): 3.566624577426261e-34
(38,20): 5.524433607183561e-34
(38,21): 3.0872819961431773e-33
(38,29): 1.2706772508152375e-33
(38,30): 7.771643147217317e-34
(38,34): 2.7164104060518763e-34
(38,45): 2.7801068174208378e-34
(38,54): 5.786641856636376e-34
(38,58): 1.6641245772560652e-32
(38,60): 2.9727271329196684e-33
(38,62): 2.23030262519107e-34
(39,0): 5.231693243786639e-31
(39,2): 5.859730017874477e-32
(39,5): 6.008857933197195e-32
(39,40): 4.6787952440977135e-31
(39,46): 5.1267812252091546e-33
(40,0): 1.5839206858615369e-31
(40,1): 5.3898179226728116e-33
(40,2): 1.774048286610922e-32
(40,3): 6.435730948435594e-31
(40,5): 1.81919726138448e-32
(40,39): 4.662795355389801e-31
(41,2): 5.546229788740401e-32
(41,4): 6.214449779266182e-31
(41,5): 5.687380211651264e-32
(41,52): 3.3717700696097994e-32
(42,6): 6.674736691624444e-32
(42,7): 2.0183147725652533e-30
(42,10): 1.1443771345650602e-31
(43,4): 2.7035973222019775e-30
(44,9): 1.0506763639711842e-31
(44,46): 5.32694330124122e-33
(44,59): 3.447371547972553e-33
(45,15): 2.1338528545286206e-33
(45,17): 1.6665877659751408e-34
(45,18): 3.310398147810066e-35
(45,20): 7.965112986973357e-34
(45,30): 1.1205219901640986e-33
(45,31): 1.0616014378550853e-33
(45,38): 2.7831415213913786e-34
(45,56): 1.506189711320192e-32
(46,16): 1.8948269837540772e-34
(46,17): 3.4038014480790295e-35
(46,18): 6.761083482086266e-36
(46,27): 2.602468154464363e-35
(46,29): 3.741784944724542e-34
(46,34): 7.998999137111954e-35
(46,35): 3.953228368611143e-34
(46,36): 6.455191641285831e-35
(46,39): 5.045526280234518e-33
(46,44): 5.240956624162539e-33
(47,17): 3.6195465728794784e-33
(47,30): 2.4335842244579276e-32
(47,62): 6.983888179407653e-33
(48,13): 5.63511282879821e-34
(48,17): 2.014141841455573e-34
(48,18): 4.0007565669096394e-35
(48,20): 9.626176503471484e-34
(48,26): 3.0066546549492843e-34
(48,27): 1.5399664761993151e-34
(48,36): 3.819721138539021e-34
(48,49): 1.3157080516723392e-32
(49,25): 3.7997563955478615e-32
(49,33): 6.031686033490164e-32
(49,48): 1.3272417083690198e-32
(50,18): 6.08367274869986e-34
(50,22): 1.0901731137487672e-33
(50,26): 4.5720110744423916e-33
(50,54): 1.5332620809035987e-32
(50,58): 4.409360654143477e-31
(51,26): 5.902419050313748e-33
(51,28): 2.6583710704297966e-32
(51,53): 6.384305539125255e-32
(52,18): 4.723872133516917e-35
(52,19): 7.337918333365029e-34
(52,22): 8.465015492506425e-35
(52,26): 3.5500641119928307e-34
(52,27): 1.8182933475546709e-34
(52,28): 1.5989136608022142e-33
(52,36): 4.510115143893356e-34
(52,41): 3.336991012125608e-32
(53,22): 4.003888042534257e-34
(53,26): 1.679179353812237e-33
(53,27): 8.60039054177603e-34
(53,28): 7.562741270686888e-33
(53,51): 6.361938820364984e-32
(54,17): 3.47603896237098e-34
(54,18): 6.90462308004602e-35
(54,20): 1.661314043731646e-33
(54,21): 9.284109484092122e-33
(54,25): 2.8910648056840748e-33
(54,27): 2.6576988254143705e-34
(54,38): 5.804859723186718e-34
(54,50): 1.5238742891443442e-32
(55,27): 4.530240617369891e-33
(55,28): 3.983690992472016e-32
(56,32): 6.533610366347773e-32
(56,45): 1.52155077762315e-32
(57,14): 1.1130036017646362e-32
(57,37): 8.079909561222754e-33
(57,60): 4.86827576459433e-32
(58,38): 1.685180179004788e-32
(58,50): 4.4238164134721495e-31
(59,13): 6.155640324030291e-35
(59,15): 2.8170444315080242e-34
(59,18): 4.3702819404627605e-36
(59,19): 6.788766287952353e-35
(59,22): 7.831393903891035e-36
(59,29): 2.418644370841648e-34
(59,31): 1.401492323317488e-34
(59,34): 5.170455523952507e-35
(59,36): 4.1725572473753504e-35
(59,44): 3.387690597755352e-33
(60,17): 1.7940624370990147e-33
(60,18): 3.5636325769614335e-34
(60,34): 4.2160489771523404e-33
(60,38): 2.9960197371522043e-33
(60,57): 4.867755608344091e-32
(61,23): 9.023668865902256e-32
(61,26): 3.2134757228077655e-33
(61,27): 1.6458972516496195e-33
(61,35): 2.500168044845142e-32
(62,13): 3.738189814638697e-34
(62,16): 7.437966677944429e-34
(62,22): 4.7558392087717374e-35
(62,24): 5.796299461083343e-33
(62,35): 1.551802785957134e-33
(62,36): 2.53390549494836e-34
(62,38): 2.231272637619239e-34
(62,47): 6.919237459480366e-33
