Interaction name: 6exm

Affinity: 5.519999980926514
Predicted value: 5.972824573516846

Attributions for edges: 

(0,1): 0.4844309687614441
(0,3): 0.459311306476593
(1,0): 0.5076103806495667
(1,2): 0.42932480573654175
(1,4): 0.4437416195869446
(1,9): 0.5716903805732727
(1,10): 0.4844697415828705
(1,19): 0.43648919463157654
(2,1): 0.5057167410850525
(2,3): 0.43889233469963074
(2,10): 0.5715983510017395
(2,19): 0.5249598622322083
(3,0): 0.48177099227905273
(3,2): 0.4788509011268616
(3,4): 0.48620620369911194
(3,9): 0.5627254247665405
(3,10): 0.49756762385368347
(4,1): 0.45670899748802185
(4,3): 0.553639829158783
(4,10): 0.5469715595245361
(5,6): 0.5182816386222839
(5,7): 0.5765949487686157
(5,13): 0.43472111225128174
(5,14): 0.5584552884101868
(5,15): 0.5441558361053467
(5,16): 0.5997810363769531
(5,18): 0.5900459289550781
(5,20): 0.5958362221717834
(5,22): 0.3647252917289734
(5,23): 0.514363706111908
(6,5): 0.49107086658477783
(6,7): 0.47415682673454285
(6,13): 0.44284969568252563
(6,14): 0.43063774704933167
(6,15): 0.49802225828170776
(6,16): 0.500025749206543
(6,17): 0.4755958020687103
(6,18): 0.3499930799007416
(6,21): 0.4529477059841156
(6,35): 0.5217094421386719
(7,5): 0.5749092102050781
(7,6): 0.4882639944553375
(7,8): 0.4493964612483978
(7,13): 0.4714944660663605
(7,15): 0.5320433378219604
(7,16): 0.3808120787143707
(7,17): 0.4191136658191681
(7,24): 0.4526238441467285
(8,7): 0.5843892693519592
(8,12): 0.5399655103683472
(8,13): 0.4502917230129242
(8,14): 0.5187889337539673
(8,15): 0.49637216329574585
(8,16): 0.5778824687004089
(8,17): 0.5594185590744019
(8,18): 0.5104382038116455
(8,25): 0.5796158313751221
(8,26): 0.47292545437812805
(8,29): 0.48787131905555725
(8,37): 0.49004247784614563
(9,1): 0.5379758477210999
(9,3): 0.4103856682777405
(9,10): 0.47682106494903564
(9,11): 0.5079912543296814
(9,12): 0.4323631525039673
(9,23): 0.38561373949050903
(9,26): 0.47271832823753357
(9,27): 0.5657570362091064
(9,32): 0.4992803633213043
(9,36): 0.5251288414001465
(10,1): 0.36649036407470703
(10,2): 0.4602434039115906
(10,3): 0.5012704133987427
(10,4): 0.5714699625968933
(10,9): 0.5464643239974976
(10,28): 0.49307042360305786
(10,29): 0.360167533159256
(10,30): 0.4392772912979126
(10,37): 0.38384899497032166
(11,9): 0.5228278040885925
(11,12): 0.46517619490623474
(11,26): 0.38946157693862915
(11,27): 0.4318258762359619
(11,31): 0.5276743769645691
(11,35): 0.4095708727836609
(12,8): 0.554332971572876
(12,9): 0.5881251692771912
(12,11): 0.4486368000507355
(12,28): 0.5710678100585938
(12,32): 0.4986467659473419
(12,33): 0.4925704002380371
(13,5): 0.43709301948547363
(13,6): 0.6147965788841248
(13,7): 0.39482641220092773
(13,8): 0.5024145841598511
(13,14): 0.3878634572029114
(13,15): 0.5991809368133545
(13,16): 0.5147560834884644
(13,17): 0.5486882328987122
(13,18): 0.5037339329719543
(13,21): 0.5489829778671265
(13,24): 0.43579888343811035
(13,34): 0.5040343999862671
(13,35): 0.454611212015152
(14,5): 0.5816060900688171
(14,6): 0.4634000062942505
(14,8): 0.46846824884414673
(14,13): 0.4934689998626709
(14,15): 0.5959411263465881
(14,16): 0.450803279876709
(14,17): 0.5742350220680237
(14,20): 0.4740673303604126
(14,28): 0.5924050807952881
(14,34): 0.39084097743034363
(14,37): 0.45153889060020447
(15,5): 0.46366989612579346
(15,6): 0.42407435178756714
(15,7): 0.45472392439842224
(15,8): 0.4722422957420349
(15,13): 0.5208718776702881
(15,14): 0.48698121309280396
(15,16): 0.48627740144729614
(15,17): 0.5162481665611267
(15,18): 0.49335652589797974
(15,28): 0.6412743330001831
(15,35): 0.5962167382240295
(16,5): 0.536993145942688
(16,6): 0.42093709111213684
(16,7): 0.45362481474876404
(16,8): 0.42524659633636475
(16,13): 0.46883872151374817
(16,14): 0.5258254408836365
(16,15): 0.539412796497345
(16,17): 0.4884454309940338
(16,18): 0.5331272482872009
(16,28): 0.4034818112850189
(16,35): 0.4794601500034332
(17,6): 0.4974883198738098
(17,7): 0.40631937980651855
(17,8): 0.4116304814815521
(17,13): 0.46729621291160583
(17,14): 0.5434679985046387
(17,15): 0.5834144353866577
(17,16): 0.5708881616592407
(17,18): 0.5135513544082642
(17,24): 0.396170437335968
(17,37): 0.4455423057079315
(18,5): 0.5071594715118408
(18,6): 0.549522876739502
(18,8): 0.5013184547424316
(18,13): 0.4629933536052704
(18,15): 0.5126378536224365
(18,16): 0.4422806203365326
(18,17): 0.4692908525466919
(19,1): 0.4316926598548889
(19,2): 0.5180264711380005
(19,34): 0.5395907759666443
(20,5): 0.5335737466812134
(20,14): 0.4995461106300354
(21,6): 0.5990021228790283
(21,13): 0.4222358167171478
(22,5): 0.49938908219337463
(23,5): 0.4682592451572418
(23,9): 0.5280933976173401
(24,7): 0.571436882019043
(24,13): 0.48207083344459534
(24,17): 0.608050525188446
(25,8): 0.5015607476234436
(25,31): 0.5012243986129761
(26,8): 0.6412655115127563
(26,9): 0.5230256915092468
(26,11): 0.576519787311554
(26,28): 0.6330119371414185
(27,9): 0.5093199014663696
(27,11): 0.43878668546676636
(27,29): 0.4926796555519104
(28,10): 0.5956881046295166
(28,12): 0.4797918498516083
(28,14): 0.46562671661376953
(28,15): 0.4489513337612152
(28,16): 0.580394983291626
(28,26): 0.5619785785675049
(29,8): 0.4002518057823181
(29,10): 0.4283452033996582
(29,27): 0.4274570643901825
(30,10): 0.4752044975757599
(31,11): 0.5508677363395691
(31,25): 0.41560763120651245
(32,9): 0.5504839420318604
(32,12): 0.37317779660224915
(32,36): 0.53680020570755
(33,12): 0.4346672296524048
(34,13): 0.6012717485427856
(34,14): 0.5840703248977661
(34,19): 0.5185308456420898
(35,6): 0.5207070112228394
(35,11): 0.5403028726577759
(35,13): 0.5231531262397766
(35,15): 0.6408751010894775
(35,16): 0.5212021470069885
(36,9): 0.5137609243392944
(36,32): 0.5414026975631714
(37,8): 0.5490419864654541
(37,10): 0.4558999836444855
(37,14): 0.41738763451576233
(37,17): 0.6135417222976685
