Interaction name: 5fbn

Affinity: 9.569999694824219
Predicted value: 8.476301193237305

Attributions for edges: 

(0,1): 0.4099208414554596
(0,8): 0.5082957744598389
(0,11): 0.43433818221092224
(0,25): 0.5292114019393921
(0,26): 0.4772138297557831
(0,27): 0.5102266073226929
(0,29): 0.5372974276542664
(1,0): 0.4956609904766083
(1,8): 0.45141085982322693
(1,25): 0.5626866817474365
(1,26): 0.4749210774898529
(1,27): 0.5686636567115784
(1,29): 0.4781038761138916
(2,6): 0.5901513695716858
(2,30): 0.42583149671554565
(3,10): 0.5165458917617798
(3,11): 0.5905470252037048
(3,12): 0.515596866607666
(3,13): 0.47639310359954834
(3,20): 0.4954102337360382
(4,7): 0.5246078968048096
(4,14): 0.47940129041671753
(4,15): 0.46558046340942383
(4,21): 0.5502617955207825
(4,22): 0.43978017568588257
(4,31): 0.4601414203643799
(5,7): 0.45842495560646057
(5,15): 0.5324371457099915
(5,19): 0.4841880798339844
(5,23): 0.46015313267707825
(5,28): 0.46006157994270325
(5,31): 0.4099009335041046
(6,2): 0.4248158037662506
(6,12): 0.5154656171798706
(6,20): 0.551366925239563
(6,32): 0.5713353753089905
(7,4): 0.5584424138069153
(7,5): 0.38644200563430786
(7,14): 0.4832759499549866
(7,15): 0.39464154839515686
(7,21): 0.6147207021713257
(7,22): 0.5032280087471008
(7,23): 0.578753650188446
(7,28): 0.5447275638580322
(7,33): 0.5837170481681824
(8,0): 0.4669697880744934
(8,1): 0.459298312664032
(8,25): 0.513816237449646
(8,26): 0.4326339662075043
(8,27): 0.4406222999095917
(9,10): 0.5444945096969604
(9,11): 0.48311465978622437
(10,3): 0.47488510608673096
(10,9): 0.5061290860176086
(10,11): 0.4174399673938751
(10,35): 0.5260501503944397
(10,36): 0.477294921875
(10,45): 0.5642678141593933
(10,46): 0.49209848046302795
(11,0): 0.5556227564811707
(11,3): 0.47643542289733887
(11,9): 0.43738770484924316
(11,10): 0.5944928526878357
(11,47): 0.5795859098434448
(11,49): 0.4434989094734192
(11,52): 0.4841817617416382
(12,3): 0.42314186692237854
(12,6): 0.4627709984779358
(12,13): 0.5169384479522705
(12,14): 0.468631386756897
(12,20): 0.5362333059310913
(12,21): 0.49777477979660034
(12,22): 0.5879104137420654
(12,36): 0.42561888694763184
(12,44): 0.44156545400619507
(13,3): 0.48508220911026
(13,12): 0.5196409821510315
(13,14): 0.4911303222179413
(13,20): 0.517791211605072
(13,21): 0.4908924698829651
(13,22): 0.38499751687049866
(13,35): 0.4601272642612457
(13,45): 0.5019698143005371
(14,4): 0.6019943952560425
(14,7): 0.511679470539093
(14,12): 0.4556847810745239
(14,13): 0.4746541380882263
(14,20): 0.5347267985343933
(14,21): 0.6593153476715088
(14,22): 0.5583971738815308
(14,35): 0.45179930329322815
(14,37): 0.5744069814682007
(14,39): 0.5750850439071655
(14,48): 0.5577290654182434
(14,51): 0.4383973181247711
(15,4): 0.46956753730773926
(15,5): 0.5465710759162903
(15,7): 0.5030034780502319
(15,16): 0.4959319829940796
(15,17): 0.5045201778411865
(15,18): 0.4583193063735962
(15,19): 0.5387859344482422
(15,23): 0.5043551921844482
(15,24): 0.49208346009254456
(15,28): 0.5644923448562622
(15,37): 0.5037567615509033
(15,38): 0.476704865694046
(15,44): 0.5429704785346985
(15,48): 0.4586107134819031
(15,49): 0.464817613363266
(15,50): 0.3462572991847992
(16,15): 0.47781479358673096
(16,17): 0.5237300395965576
(16,18): 0.35216769576072693
(16,19): 0.48503631353378296
(16,23): 0.4887795150279999
(16,24): 0.45483413338661194
(16,40): 0.4712407886981964
(16,50): 0.43069350719451904
(16,53): 0.5032275915145874
(17,15): 0.41483885049819946
(17,16): 0.4687880575656891
(17,18): 0.5061460137367249
(17,19): 0.38664963841438293
(17,23): 0.4709725081920624
(17,24): 0.6080116033554077
(17,37): 0.5796063542366028
(17,41): 0.5120184421539307
(17,43): 0.4968433678150177
(17,46): 0.5545478463172913
(17,49): 0.48661917448043823
(18,15): 0.5482957363128662
(18,16): 0.5980464220046997
(18,17): 0.507924497127533
(18,19): 0.4723103642463684
(18,23): 0.43663495779037476
(18,24): 0.5934913158416748
(18,42): 0.45776110887527466
(18,46): 0.5598657131195068
(18,51): 0.5527661442756653
(18,54): 0.4470999538898468
(19,5): 0.46263930201530457
(19,15): 0.5564008951187134
(19,16): 0.5128130912780762
(19,17): 0.5518602132797241
(19,18): 0.5174318552017212
(19,23): 0.4599043130874634
(19,24): 0.6222122311592102
(19,28): 0.43406668305397034
(19,40): 0.5098363161087036
(19,42): 0.3796881437301636
(19,43): 0.4686775803565979
(19,47): 0.48702511191368103
(20,3): 0.425972580909729
(20,6): 0.48118433356285095
(20,12): 0.42369356751441956
(20,13): 0.5420564413070679
(20,14): 0.6038933992385864
(20,21): 0.48888474702835083
(20,22): 0.5427247285842896
(20,44): 0.4992085099220276
(20,45): 0.45852020382881165
(21,4): 0.5583265423774719
(21,7): 0.53041011095047
(21,12): 0.49637168645858765
(21,13): 0.4367246925830841
(21,14): 0.4195649027824402
(21,20): 0.4603009819984436
(21,22): 0.47129860520362854
(21,46): 0.5399485230445862
(21,49): 0.4611383378505707
(22,4): 0.5200749635696411
(22,7): 0.603779673576355
(22,12): 0.5174558162689209
(22,13): 0.5514020323753357
(22,14): 0.5173394083976746
(22,20): 0.5674962997436523
(22,21): 0.5573863983154297
(22,40): 0.524694561958313
(22,47): 0.5489644408226013
(23,5): 0.5752849578857422
(23,7): 0.47717007994651794
(23,15): 0.4598669111728668
(23,16): 0.4895252287387848
(23,17): 0.579558789730072
(23,18): 0.523521900177002
(23,19): 0.46842408180236816
(23,24): 0.46875709295272827
(23,28): 0.5710318684577942
(23,39): 0.44668829441070557
(23,45): 0.43961700797080994
(23,47): 0.41866105794906616
(23,51): 0.4532693028450012
(24,15): 0.4770919680595398
(24,16): 0.5334086418151855
(24,17): 0.5024069547653198
(24,18): 0.48928868770599365
(24,19): 0.40733611583709717
(24,23): 0.5065003037452698
(24,28): 0.5649040341377258
(24,39): 0.4698088467121124
(25,0): 0.44286009669303894
(25,1): 0.5803810358047485
(25,8): 0.41430357098579407
(25,26): 0.4782465994358063
(25,27): 0.46807822585105896
(25,52): 0.5227839350700378
(26,0): 0.4967542886734009
(26,1): 0.5219920873641968
(26,8): 0.49576327204704285
(26,25): 0.5034602880477905
(26,27): 0.4730202853679657
(27,0): 0.5712080001831055
(27,1): 0.5158991813659668
(27,8): 0.5137658715248108
(27,25): 0.4493158459663391
(27,26): 0.515537440776825
(27,34): 0.5338969230651855
(28,5): 0.5124648213386536
(28,7): 0.6105762124061584
(28,15): 0.47112616896629333
(28,19): 0.522607684135437
(28,23): 0.4808672368526459
(28,24): 0.46630552411079407
(29,0): 0.4975251257419586
(29,1): 0.4687630832195282
(29,52): 0.4448123872280121
(30,2): 0.46341902017593384
(30,32): 0.40875905752182007
(31,4): 0.4965309202671051
(31,5): 0.5229532718658447
(31,33): 0.5619524121284485
(31,47): 0.45460283756256104
(32,6): 0.5881694555282593
(32,30): 0.4618910253047943
(32,36): 0.37105709314346313
(33,7): 0.5461986660957336
(33,31): 0.49177446961402893
(33,47): 0.4895634055137634
(34,27): 0.4338180720806122
(35,10): 0.5162151455879211
(35,13): 0.5946652889251709
(35,14): 0.4467965066432953
(35,44): 0.44361037015914917
(36,10): 0.4984830319881439
(36,12): 0.5905826687812805
(36,32): 0.599776566028595
(37,14): 0.47990626096725464
(37,15): 0.4247334599494934
(37,17): 0.5865615010261536
(37,40): 0.39421218633651733
(37,49): 0.4370853304862976
(38,15): 0.4948592782020569
(38,51): 0.3425215184688568
(39,14): 0.5231480598449707
(39,23): 0.5684858560562134
(39,24): 0.513195812702179
(39,42): 0.5160132050514221
(39,51): 0.48428061604499817
(40,16): 0.574235737323761
(40,19): 0.5187368392944336
(40,22): 0.5629448890686035
(40,37): 0.4341023564338684
(41,17): 0.4891670346260071
(42,18): 0.4900636076927185
(42,19): 0.5131400227546692
(42,39): 0.4844619035720825
(43,17): 0.5082705616950989
(43,19): 0.49189263582229614
(43,50): 0.4883885085582733
(44,12): 0.5469247102737427
(44,15): 0.49816498160362244
(44,20): 0.6311854124069214
(44,35): 0.5378302931785583
(45,10): 0.527877151966095
(45,13): 0.47885194420814514
(45,20): 0.517955482006073
(45,23): 0.48444387316703796
(45,47): 0.5177203416824341
(46,10): 0.5022129416465759
(46,17): 0.48284482955932617
(46,18): 0.49449795484542847
(46,21): 0.49283966422080994
(46,48): 0.5202564597129822
(47,11): 0.43849772214889526
(47,19): 0.4046192467212677
(47,22): 0.5192968249320984
(47,23): 0.520414412021637
(47,31): 0.4319571554660797
(47,33): 0.4292575716972351
(47,45): 0.4357313811779022
(48,14): 0.5124422907829285
(48,15): 0.450571745634079
(48,46): 0.5031800866127014
(49,11): 0.49654698371887207
(49,15): 0.5305455923080444
(49,17): 0.4784112274646759
(49,21): 0.4935600757598877
(49,37): 0.39649251103401184
(49,50): 0.549870491027832
(50,15): 0.5366042852401733
(50,16): 0.5754131078720093
(50,43): 0.4071248173713684
(50,49): 0.4728563725948334
(51,14): 0.4514184892177582
(51,18): 0.44799482822418213
(51,23): 0.4670940935611725
(51,38): 0.5127540826797485
(51,39): 0.438378244638443
(51,53): 0.5214043259620667
(52,11): 0.5653282403945923
(52,25): 0.4298495650291443
(52,29): 0.4734683930873871
(53,16): 0.5198850035667419
(53,51): 0.513778030872345
(54,18): 0.49760860204696655
