Interaction name: 5l8c

Affinity: 7.0
Predicted value: 6.943108558654785

Shapley values for edges: 

(0,1): -0.018844609260559083
(0,7): -0.02895949363708496
(0,8): 0.013910541534423828
(0,9): 0.019815430641174317
(0,10): 0.023070740699768066
(0,21): 0.024164457321166993
(0,22): 0.013216462135314942
(0,28): -0.008810830116271973
(1,0): 0.00887585163116455
(1,7): 0.007453436851501465
(1,8): 0.00817056655883789
(1,9): -0.010065779685974122
(1,11): -0.016667909622192383
(1,12): 0.0031132793426513674
(1,21): 0.0004599428176879883
(1,22): 0.012746968269348145
(1,23): 0.006576662063598633
(1,26): -0.002220606803894043
(1,28): -0.019632182121276855
(2,11): -0.007475419044494629
(2,12): -0.017662115097045898
(2,13): 0.015392522811889648
(2,14): 0.008048810958862306
(2,15): -0.0003661918640136719
(2,16): 0.008164939880371093
(2,17): -0.014664630889892578
(2,19): -0.054357171058654785
(2,20): 6.839752197265625e-05
(2,26): -0.10707979679107665
(2,27): -0.041978611946105956
(2,28): -0.05743495464324951
(3,5): -0.019500856399536134
(3,18): 0.0062353754043579105
(3,24): 0.012269401550292968
(3,25): -0.0799651288986206
(4,5): 0.03542190551757812
(4,6): -0.0322888708114624
(4,28): 0.004246983528137207
(5,3): -0.01043224811553955
(5,4): -0.18794256210327148
(5,6): 0.012672057151794433
(5,18): 0.006353950500488282
(5,24): -0.12117277622222901
(5,25): -0.0011606884002685546
(6,4): 0.07546204090118408
(6,5): 0.01038306713104248
(7,0): 0.002657160758972168
(7,1): -0.0021675491333007814
(7,8): -0.02303354263305664
(7,29): 0.0012569522857666016
(7,33): -0.05341723918914795
(7,35): 0.02842827320098877
(8,0): 0.037206659317016604
(8,1): -0.021513237953186035
(8,7): -0.022654066085815428
(8,30): 0.04741510391235351
(8,32): -0.036753849983215334
(9,0): -0.029227962493896486
(9,1): -0.0006249380111694336
(9,10): 0.020684676170349123
(9,11): -0.016764554977416992
(9,21): 0.003294072151184082
(9,22): 0.026694116592407228
(9,23): -0.06313068866729736
(9,31): -0.011551709175109863
(9,32): -0.03134081840515137
(10,0): 0.002525334358215332
(10,9): 0.004739875793457031
(10,21): -0.004201450347900391
(10,22): -0.021673107147216798
(11,1): -0.008126964569091797
(11,2): -0.0003548908233642578
(11,9): -0.02398994445800781
(11,12): 0.00012202739715576172
(11,13): 0.0010367774963378907
(11,14): 0.0005615854263305664
(11,20): 0.0005896425247192383
(11,21): -0.008781046867370605
(11,23): -0.0047309017181396485
(11,26): -0.000705270767211914
(11,32): -0.010165863037109375
(11,37): 0.034953246116638186
(12,1): 0.011362895965576172
(12,2): -0.06462753772735595
(12,11): 0.0010828208923339844
(12,13): 0.00035936832427978515
(12,14): -0.0001808500289916992
(12,16): 0.0014397573471069335
(12,17): -0.048940515518188475
(12,19): -0.0028157329559326174
(12,20): -0.003289289474487305
(12,21): -0.02981246471405029
(12,23): -0.0009497833251953125
(12,27): -0.12914102554321288
(12,30): -0.02543574810028076
(12,33): -0.04952761173248291
(13,2): 0.01218088150024414
(13,11): 0.00013161659240722655
(13,12): 0.005576362609863281
(13,14): 0.01986144542694092
(13,15): -0.08223815441131592
(13,16): -0.00013292312622070312
(13,17): 0.0025705194473266604
(13,19): 0.008551163673400879
(13,20): 0.003148808479309082
(13,23): -0.0014456987380981445
(13,24): 0.058083910942077634
(13,25): -0.057411293983459476
(13,26): -0.005530014038085938
(13,27): 0.019268813133239745
(13,34): -0.02451378345489502
(13,36): 0.013921504020690917
(13,37): -0.01792998790740967
(14,2): -1.9073486328125e-08
(14,11): 2.8400421142578126e-05
(14,12): -0.09853645324707032
(14,13): -5.157470703125e-05
(14,15): -0.010380373001098633
(14,16): 0.0007440805435180664
(14,17): -0.01893135070800781
(14,19): 0.0016016006469726563
(14,20): -0.0017412948608398439
(14,23): -0.005037980079650879
(14,26): -0.017857213020324707
(14,27): -0.029350666999816893
(14,35): -0.0006108808517456054
(14,36): 0.005993728637695313
(15,2): 0.005109763145446778
(15,13): -0.04826121330261231
(15,14): -0.0015615224838256836
(15,20): -0.015529947280883789
(15,34): -0.003132796287536621
(15,35): -0.03735971927642822
(15,36): 0.0015456533432006835
(16,2): 0.004849948883056641
(16,12): 0.0005724954605102539
(16,13): -0.0033037614822387694
(16,14): 0.0008150243759155274
(16,17): 0.001092700958251953
(16,18): 0.021485023498535157
(16,19): 0.00028560161590576174
(16,20): -0.06017537593841553
(16,23): -0.06395158767700196
(16,24): 0.004485054016113281
(16,25): 0.003465566635131836
(16,26): 0.026993536949157716
(16,27): -0.005781350135803223
(16,31): -0.01040790557861328
(16,32): -0.04867040157318115
(17,2): -0.002453575134277344
(17,12): -0.019662866592407225
(17,13): -5.684852600097656e-05
(17,14): 0.007522892951965332
(17,16): 0.0017192792892456055
(17,18): -0.0003388690948486328
(17,19): 0.0024520349502563476
(17,24): 0.001214137077331543
(17,25): 0.009315705299377442
(17,26): -0.03892976760864258
(17,27): 0.00034148693084716796
(17,37): -0.018398919105529786
(18,3): -0.030295443534851075
(18,5): -0.022574534416198732
(18,16): -0.0020237302780151366
(18,17): -0.00034220218658447265
(18,19): -0.0009550237655639648
(18,24): 0.0030006980895996094
(18,25): -7.192611694335938e-05
(18,27): 0.007863001823425293
(18,33): -0.05241128921508789
(19,2): -0.0308707332611084
(19,12): 0.0075654125213623045
(19,13): 0.00281827449798584
(19,14): 0.019445366859436035
(19,16): 8.845329284667969e-06
(19,17): -0.0010974502563476562
(19,18): -0.0020281267166137695
(19,24): -0.03213430881500244
(19,25): -0.0027402973175048827
(19,26): 0.015285935401916504
(19,36): -0.028964829444885255
(20,2): -4.500865936279297e-05
(20,11): -0.009035449028015136
(20,12): -0.0009455108642578126
(20,13): -0.01664902687072754
(20,14): -0.0003635025024414063
(20,15): -0.004981489181518555
(20,16): 0.020640530586242677
(20,23): -0.0038006925582885743
(20,26): 5.664825439453125e-05
(20,34): -0.06290361404418945
(20,36): -0.05091618537902832
(21,0): 0.010015902519226074
(21,1): -0.015730104446411132
(21,9): -0.018161449432373047
(21,10): 0.007741560935974121
(21,11): 0.002846393585205078
(21,12): -0.04719578742980957
(21,22): -0.009413313865661622
(21,23): 0.0011644411087036134
(21,26): -0.032747225761413576
(21,34): 0.02948526859283447
(22,0): -0.004564423561096192
(22,1): -0.00033767223358154296
(22,9): -0.00045282840728759765
(22,10): -0.015003843307495117
(22,21): 0.01246180534362793
(22,23): 0.05515328884124756
(23,1): -0.000596308708190918
(23,9): -0.02956554412841797
(23,11): 0.0008537912368774414
(23,12): -0.0030226993560791018
(23,13): -8.539199829101563e-05
(23,14): 0.027239975929260255
(23,16): -0.05827556610107422
(23,20): 0.005820369720458985
(23,21): -0.0024513673782348634
(23,22): 0.04827883243560791
(23,26): -0.008432149887084961
(23,31): -0.02170555591583252
(24,3): -0.029771018028259277
(24,5): -0.13569992065429687
(24,13): 0.0165228271484375
(24,16): 0.000507512092590332
(24,17): 3.814697265625e-08
(24,18): -0.007879676818847657
(24,19): -0.05120265007019043
(24,25): 0.010125036239624024
(24,27): -0.007630553245544434
(25,3): -0.1259054183959961
(25,5): -0.05335298538208008
(25,13): -0.03680798053741455
(25,16): -1.5163421630859376e-06
(25,17): -0.0004037666320800781
(25,18): 0.0017824697494506837
(25,19): 0.0010165596008300782
(25,24): -0.000627737045288086
(25,27): -0.0010479450225830077
(25,35): 0.00010800838470458984
(26,1): 0.012724089622497558
(26,2): 0.002101774215698242
(26,11): 0.007781600952148438
(26,13): 0.004240398406982422
(26,14): 0.0006784534454345703
(26,16): -1.5506744384765626e-05
(26,17): -0.004354400634765625
(26,19): -0.007311797142028809
(26,20): 0.016079187393188477
(26,21): 0.05327167987823486
(26,23): -0.001930994987487793
(26,27): 0.044539933204650876
(27,2): -0.044293575286865235
(27,12): 0.008458495140075684
(27,13): 0.0007482624053955078
(27,14): -0.019358534812927247
(27,16): -0.00046960830688476564
(27,17): -0.0027209424972534178
(27,18): -0.08596467018127442
(27,24): 0.006656899452209473
(27,25): 0.00768639087677002
(27,26): -0.0003999662399291992
(28,0): 0.024013972282409667
(28,1): -0.03530272006988525
(28,2): 0.03475332736968994
(28,4): -0.052432374954223634
(28,35): -0.03056040287017822
(29,7): -0.003195338249206543
(29,30): -0.03869272232055664
(29,31): -0.006119065284729004
(30,8): 0.025612525939941407
(30,12): 0.001477675437927246
(30,29): 0.004066853523254394
(30,31): 0.0859168815612793
(31,9): -0.020123324394226073
(31,16): -0.09593733310699464
(31,23): -0.018603496551513672
(31,29): -0.007762064933776855
(31,30): 0.10223437786102295
(32,8): 0.058403396606445314
(32,9): -0.058342809677124026
(32,11): 0.002939109802246094
(32,16): -0.06794622898101807
(33,7): -0.08879760265350342
(33,12): -0.04953041553497314
(33,18): 0.16291747570037843
(33,36): -0.006695613861083984
(34,13): 0.017412581443786622
(34,15): -0.009658827781677246
(34,20): 0.029720592498779296
(34,21): 0.03455460548400879
(35,7): 5.0363540649414065e-05
(35,14): 0.022826170921325682
(35,15): -0.020996294021606444
(35,25): 0.022952756881713866
(35,28): -0.030127229690551757
(36,13): -0.06224206447601319
(36,14): -0.008449740409851074
(36,15): -0.015138211250305176
(36,19): 0.00038012504577636716
(36,20): -0.09259511947631836
(36,33): -0.030479249954223634
(37,11): 0.04877739429473877
(37,13): -0.07637919902801514
(37,17): -0.027483115196228026
