Interaction name: 6bsl

Affinity: 9.0
Predicted value: 7.547391891479492

Attributions for edges: 

(0,1): 0.0
(0,12): 0.0
(0,19): 0.0
(0,20): 0.0
(0,30): 0.0
(0,37): 0.0
(1,0): 0.0
(1,11): 0.0
(1,37): 0.0
(2,12): 0.0
(2,13): 0.0
(2,21): 0.0
(2,29): 0.0
(2,30): 0.0
(2,37): 0.0
(3,4): 6.361355775166976e-32
(3,12): 0.0
(3,13): 8.581268054495065e-23
(3,21): 0.0
(3,37): 4.754118383765292e-34
(3,38): 8.564283763422586e-33
(3,41): 2.198930840641845e-23
(4,3): 5.864246854917511e-32
(4,13): 2.5781094070144084e-29
(4,22): 3.2508127000803843e-31
(4,23): 9.62847645172628e-37
(4,28): 8.083962145438906e-37
(4,38): 0.0
(5,9): 1.837908281335989e-21
(5,10): 4.118018836310374e-20
(5,14): 4.118018836310374e-20
(5,18): 1.5546241603523787e-24
(5,24): 7.877129153886889e-25
(5,34): 4.118018836310374e-20
(5,35): 2.361641501649467e-28
(5,36): 1.8987096914296878e-22
(5,38): 4.087541427978745e-30
(5,41): 1.0495005079163558e-20
(5,42): 5.002908490580447e-38
(6,7): 3.642716332693429e-20
(6,14): 3.642716332693429e-20
(6,16): 4.277290665916773e-22
(6,25): 1.4795591834030478e-27
(6,38): 3.615757052394864e-30
(6,39): 4.9354882353809295e-21
(6,40): 3.642716332693429e-20
(6,41): 9.283634614996594e-21
(6,45): 3.4289279490874045e-20
(6,46): 1.0463952559009019e-26
(7,6): 3.6425916093666926e-20
(7,14): 4.118018836310374e-20
(7,15): 3.3351101630361156e-23
(7,25): 1.6726250899396157e-27
(7,38): 4.087541427978745e-30
(7,39): 5.579514177429168e-21
(7,40): 4.118018836310374e-20
(7,41): 1.0495005079163558e-20
(7,45): 3.876350265534764e-20
(7,46): 1.1829337511594439e-26
(8,9): 9.116287641026159e-25
(8,14): 2.0426040105481887e-23
(8,18): 7.711129311527487e-28
(8,25): 8.296492426408723e-31
(8,39): 2.7675295537811195e-24
(8,41): 5.205672997600374e-24
(8,42): 0.0
(8,46): 5.867520112976924e-30
(9,5): 1.7812870010028457e-21
(9,8): 9.770691149256775e-25
(9,14): 1.7812870010028457e-21
(9,17): 6.1970404544645346e-34
(9,25): 7.235066994147292e-29
(9,41): 4.539693823332635e-22
(9,42): 0.0
(9,46): 5.11688819492827e-28
(10,5): 4.118018836310374e-20
(10,14): 4.118018836310374e-20
(10,22): 5.164280819037485e-22
(10,24): 7.877129153886889e-25
(10,26): 1.6055534100429596e-38
(10,27): 1.2084052435650842e-28
(10,28): 1.2842331980767415e-27
(10,34): 4.118018836310374e-20
(10,35): 2.361641501649467e-28
(10,36): 1.8987096914296878e-22
(10,38): 4.087541427978745e-30
(10,41): 1.0495005079163558e-20
(11,1): 0.0
(11,12): 0.0
(11,19): 0.0
(11,20): 0.0
(11,30): 0.0
(12,0): 0.0
(12,2): 0.0
(12,3): 0.0
(12,11): 0.0
(12,13): 0.0
(12,21): 0.0
(12,29): 0.0
(12,30): 0.0
(13,2): 0.0
(13,3): 9.26501671508336e-23
(13,4): 3.019500952979813e-29
(13,12): 0.0
(13,43): 1.0185379816654654e-29
(14,5): 4.118018836310374e-20
(14,6): 3.6425916093666926e-20
(14,7): 4.118018836310374e-20
(14,8): 2.2588187939835087e-23
(14,9): 1.837908281335989e-21
(14,10): 4.118018836310374e-20
(14,15): 3.3351101630361156e-23
(14,16): 4.8353922120941065e-22
(14,17): 1.4326510786063375e-32
(14,18): 1.5546241603523787e-24
(14,24): 7.877129153886889e-25
(14,25): 1.6726250899396157e-27
(14,34): 4.118018836310374e-20
(14,35): 2.361641501649467e-28
(14,36): 1.8987096914296878e-22
(14,44): 0.0
(15,7): 3.13727962522479e-23
(15,14): 3.13727962522479e-23
(15,16): 3.6838049058307135e-25
(15,25): 1.2742760311783837e-30
(16,6): 4.1204661277007943e-22
(16,14): 4.658282967670147e-22
(16,15): 3.772631383315698e-25
(16,25): 1.8920656260440013e-29
(17,9): 4.733308460335891e-34
(17,14): 1.0605536315781211e-32
(17,18): 4.003714190047917e-37
(17,25): 0.0
(18,5): 1.427387010012245e-24
(18,8): 7.829514299279026e-28
(18,14): 1.427387010012245e-24
(18,17): 4.965853338716982e-37
(18,25): 5.797650985713201e-32
(19,0): 0.0
(19,11): 0.0
(19,20): 0.0
(19,29): 0.0
(19,30): 0.0
(19,49): 0.0
(19,53): 0.0
(20,0): 0.0
(20,11): 0.0
(20,19): 0.0
(20,30): 0.0
(21,2): 0.0
(21,3): 0.0
(21,12): 0.0
(21,29): 0.0
(21,30): 0.0
(21,31): 0.0
(21,32): 0.0
(21,33): 0.0
(22,4): 3.709939399514385e-31
(22,10): 5.0319465622874015e-22
(22,23): 1.869066561852649e-29
(22,24): 9.625293268401975e-27
(22,28): 1.5692478691499967e-29
(22,34): 5.0319465622874015e-22
(22,35): 2.8857692300822433e-30
(22,36): 2.3200971146706242e-24
(23,4): 1.0349410207834991e-36
(23,22): 1.7603726429326788e-29
(23,24): 2.685114154658179e-32
(23,28): 4.377642268493898e-35
(23,34): 1.4037337807485668e-27
(23,35): 8.050269459687333e-36
(23,36): 6.472196663989062e-30
(23,49): 0.0
(23,54): 0.0
(24,5): 7.412677435176703e-25
(24,10): 7.412677435176703e-25
(24,14): 7.412677435176703e-25
(24,22): 9.295974655351313e-27
(24,23): 2.753344548757308e-32
(24,26): 0.0
(24,28): 2.3116953050428446e-32
(24,34): 7.412677435176703e-25
(24,35): 4.251094137170199e-33
(24,36): 3.417789560862599e-27
(25,6): 1.4643200701250894e-27
(25,7): 1.6554482985446092e-27
(25,8): 9.08040703948057e-31
(25,9): 7.388355369539717e-29
(25,14): 1.6554482985446092e-27
(25,15): 1.3407077308416584e-30
(25,16): 1.943833268779638e-29
(25,17): 0.0
(25,18): 6.249558621690497e-32
(25,49): 0.0
(25,50): 1.0880221721451135e-31
(25,51): 0.0
(26,10): 1.210235202219982e-38
(26,24): 0.0
(26,27): 0.0
(26,28): 0.0
(26,35): 0.0
(26,49): 0.0
(27,10): 1.0139214674034585e-28
(27,26): 0.0
(27,28): 3.161973260187114e-36
(27,35): 5.8147133131920634e-37
(27,51): 0.0
(28,4): 8.69196963035889e-37
(28,10): 1.1789237339036363e-27
(28,22): 1.478452008407737e-29
(28,23): 4.3790120523162795e-35
(28,24): 2.2550804114345723e-32
(28,26): 0.0
(28,27): 3.4594467275955976e-36
(28,34): 1.1789237339036363e-27
(28,35): 6.761031824619677e-36
(28,36): 5.4356848658859646e-30
(29,2): 0.0
(29,12): 0.0
(29,19): 0.0
(29,21): 0.0
(29,30): 0.0
(29,31): 0.0
(29,32): 0.0
(29,53): 0.0
(30,0): 0.0
(30,2): 0.0
(30,11): 0.0
(30,12): 0.0
(30,19): 0.0
(30,20): 0.0
(30,21): 0.0
(30,29): 0.0
(30,31): 0.0
(31,21): 0.0
(31,29): 0.0
(31,30): 0.0
(31,32): 0.0
(31,33): 0.0
(31,49): 0.0
(31,53): 0.0
(32,21): 0.0
(32,29): 0.0
(32,31): 0.0
(32,33): 1.9154033844679667e-24
(32,53): 0.0
(33,21): 0.0
(33,31): 0.0
(33,32): 2.0047848749035808e-24
(33,47): 6.340472530277443e-32
(33,48): 1.4972220749914664e-35
(33,50): 2.6726984149970123e-24
(33,52): 7.306704365841205e-30
(34,5): 4.118018836310374e-20
(34,10): 4.118018836310374e-20
(34,14): 4.118018836310374e-20
(34,22): 5.164280819037485e-22
(34,23): 1.5295915692773227e-27
(34,24): 7.877129153886889e-25
(34,28): 1.2842331980767415e-27
(34,35): 2.361641501649467e-28
(34,49): 1.9285679477129667e-35
(34,50): 2.7065151070668003e-24
(34,55): 0.0
(35,5): 2.1340700083020254e-28
(35,10): 2.1340700083020254e-28
(35,14): 2.1340700083020254e-28
(35,22): 2.6762613421329273e-30
(35,23): 7.926792330314031e-36
(35,24): 4.082128211841019e-33
(35,26): 0.0
(35,27): 6.262214950969511e-37
(35,28): 6.65524666008825e-36
(35,34): 2.1340700083020254e-28
(35,36): 9.839632509603227e-31
(36,5): 1.838881975506747e-22
(36,10): 1.838881975506747e-22
(36,14): 1.838881975506747e-22
(36,22): 2.3060678151169475e-24
(36,23): 6.830319575565946e-30
(36,24): 3.517495339269515e-27
(36,28): 5.734661039469586e-30
(36,35): 1.054575948930602e-30
(37,0): 0.0
(37,1): 0.0
(37,2): 0.0
(37,3): 4.538350426364611e-34
(37,43): 0.0
(37,54): 0.0
(38,3): 7.13207246664025e-33
(38,4): 0.0
(38,5): 3.1526365403742836e-30
(38,6): 2.788652708003748e-30
(38,7): 3.1526365403742836e-30
(38,10): 3.1526365403742836e-30
(39,6): 4.850618212063282e-21
(39,7): 5.483715918841087e-21
(39,8): 3.0079319564188283e-24
(39,40): 5.483715918841087e-21
(39,45): 5.161900251395694e-21
(40,6): 3.6425916093666926e-20
(40,7): 4.118018836310374e-20
(40,39): 5.579514177429168e-21
(40,45): 3.876350265534764e-20
(41,3): 2.3117586182441666e-23
(41,5): 1.0218856809335125e-20
(41,6): 9.039050071003022e-21
(41,7): 1.0218856809335125e-20
(41,8): 5.605233018247079e-24
(41,9): 4.560731797041793e-22
(41,10): 1.0218856809335125e-20
(41,42): 1.2414709857688607e-38
(41,46): 2.9354479174175987e-27
(42,5): 3.4507442717685705e-38
(42,8): 0.0
(42,9): 0.0
(42,41): 8.794351579019082e-39
(42,46): 0.0
(43,13): 7.470283526594289e-30
(43,37): 0.0
(44,14): 0.0
(44,50): 0.0
(45,6): 3.4278164251392864e-20
(45,7): 3.875226463124428e-20
(45,39): 5.250533784941745e-21
(45,40): 3.875226463124428e-20
(46,6): 9.180945022748886e-27
(46,7): 1.0379234752615313e-26
(46,8): 5.6932467748177996e-30
(46,9): 4.6323083319984e-28
(46,41): 2.6451967932888316e-27
(46,42): 0.0
(47,33): 4.3017809392988777e-32
(48,33): 9.473457775479184e-36
(48,49): 0.0
(49,19): 0.0
(49,23): 0.0
(49,25): 0.0
(49,26): 0.0
(49,31): 0.0
(49,34): 2.0545950905272428e-35
(49,48): 0.0
(49,53): 0.0
(49,54): 0.0
(50,25): 9.727701819968494e-32
(50,33): 2.3650631723443534e-24
(50,34): 2.3949874274925547e-24
(50,44): 0.0
(51,25): 0.0
(51,27): 0.0
(51,55): 0.0
(52,33): 5.264749555524983e-30
(53,19): 0.0
(53,29): 0.0
(53,31): 0.0
(53,32): 0.0
(53,49): 0.0
(53,54): 0.0
(54,23): 0.0
(54,37): 0.0
(54,49): 0.0
(54,53): 0.0
(55,34): 0.0
(55,51): 0.0
