Interaction name: 5i2e

Affinity: 6.639999866485596
Predicted value: 6.6716203689575195

Shapley values for edges: 

(0,1): -0.02862351417541504
(0,2): 0.0030061626434326172
(0,18): -0.021461281776428223
(0,25): -0.010517892837524414
(0,27): -0.017287259101867677
(0,28): 0.014166059494018555
(0,31): -0.028098621368408204
(1,0): 0.013980073928833008
(1,8): 0.13928383827209473
(1,18): -0.06005709171295166
(1,25): 0.010141739845275879
(1,27): 0.020382704734802245
(1,28): 0.025624094009399415
(1,31): 0.035273375511169436
(2,0): -0.06869002819061279
(2,3): 0.00969982624053955
(2,4): 0.0018020009994506837
(2,5): 0.024157371520996094
(2,11): -0.06835947513580322
(2,12): 0.04485047817230225
(2,15): 0.05754339218139649
(2,17): -0.03811509609222412
(2,18): -0.03332679271697998
(2,19): 0.008298873901367188
(2,22): 0.013366923332214356
(2,27): -0.009320836067199707
(2,31): -0.01316927433013916
(2,33): 0.011911215782165528
(3,2): 0.023103222846984864
(3,4): -0.01582101821899414
(3,12): -0.047192778587341305
(3,17): -0.014791669845581055
(3,18): 0.011106777191162109
(3,19): 0.010435738563537598
(3,22): -0.005469436645507812
(3,27): -0.018241877555847167
(3,31): -0.009868655204772949
(3,33): -0.011003541946411132
(3,35): -0.08242958545684814
(4,2): -0.0061754417419433594
(4,3): -0.016271519660949706
(4,5): 0.0014335966110229491
(4,11): -0.034391045570373535
(4,15): 0.0011629724502563476
(4,17): -0.007147297859191894
(4,18): -0.058572511672973636
(4,19): -0.01734132766723633
(4,22): -0.014290499687194824
(4,31): -0.03226562976837158
(4,33): -0.009393372535705567
(5,2): 0.003823556900024414
(5,4): -0.004068713188171386
(5,6): -0.009231667518615722
(5,7): 0.00803217887878418
(5,9): 0.005029091835021973
(5,10): -0.018934879302978515
(5,12): 0.015906991958618163
(5,14): 0.0029630136489868166
(5,15): 0.0451121187210083
(5,19): 0.0024230432510375976
(5,22): -0.055961747169494626
(5,28): -0.0418401575088501
(5,29): -0.013873152732849121
(5,30): -0.006604604721069336
(5,31): -0.026384139060974122
(5,32): -0.00813148021697998
(5,33): 0.00521364688873291
(5,34): -0.006678724288940429
(6,5): 0.00730804443359375
(6,7): -0.014222145080566406
(6,10): -0.0041872596740722655
(6,15): 0.01663106441497803
(6,28): -0.07386804103851319
(6,29): -0.036492743492126466
(6,30): -0.022483983039855958
(6,31): -0.038832077980041506
(6,32): -0.01860955238342285
(6,33): -0.006120738983154297
(6,34): 0.013121118545532226
(7,5): 0.06314236164093018
(7,6): -0.005432858467102051
(7,9): -0.017971653938293457
(7,10): 0.0019596004486083984
(7,15): 0.034121952056884765
(7,28): -0.011445865631103516
(7,30): 0.001001129150390625
(7,31): -0.03058741569519043
(7,32): -0.009067277908325195
(7,33): -0.008398489952087402
(8,1): -0.02335690975189209
(8,25): -0.11944615364074707
(9,5): 0.026712684631347655
(9,7): -0.0163901424407959
(9,10): -0.0011481189727783204
(9,13): -0.12636662483215333
(9,14): 0.029318294525146484
(9,15): 0.03246677875518799
(9,19): 0.013239850997924804
(9,28): -0.0039912271499633785
(9,29): -0.006668877601623535
(9,30): -0.022575201988220214
(9,31): -0.009801750183105468
(9,33): -0.00014203071594238282
(9,34): -0.01871483325958252
(10,5): 0.044339199066162106
(10,6): -0.0013198566436767578
(10,7): 0.0011611223220825196
(10,9): -0.028300976753234862
(10,13): 0.013389787673950194
(10,14): -0.09990697860717773
(10,15): -0.03125716686248779
(11,2): -0.02989013195037842
(11,4): -0.011539454460144044
(11,12): -0.04005268096923828
(11,17): -0.047284841537475586
(11,18): -0.019074053764343263
(11,19): 0.036683363914489744
(11,22): 0.0221087646484375
(11,27): 0.13502173900604247
(12,2): -0.015446820259094239
(12,3): -0.04655534744262695
(12,5): -0.014637980461120605
(12,11): 0.027387332916259766
(12,15): -0.02205583095550537
(12,17): 0.04347808837890625
(12,18): 0.008757619857788087
(12,19): -0.00772639274597168
(12,22): -0.0639118480682373
(13,9): -0.013006443977355958
(13,10): -0.021956987380981445
(13,14): 0.0058034610748291015
(13,23): -0.038500490188598635
(13,24): -0.011318912506103515
(13,39): 0.0004896163940429687
(14,5): 0.006398577690124512
(14,9): -0.0003919887542724609
(14,10): -0.03189496994018555
(14,13): -0.00025687217712402346
(14,23): -0.017509002685546875
(14,24): -0.011469721794128418
(15,2): -0.04384253978729248
(15,4): -0.02742414951324463
(15,5): -0.03814827442169189
(15,6): -0.09344781398773193
(15,7): -0.0844333267211914
(15,9): -0.040313796997070314
(15,10): -0.056819496154785154
(15,12): -0.05264890193939209
(15,17): -0.04162761211395263
(15,18): -0.03950334072113037
(15,19): -0.025849533081054688
(15,22): -0.05882979393005371
(15,38): -0.02628744125366211
(16,20): -0.024888720512390137
(16,21): 0.0015958499908447265
(16,23): 0.0037456321716308593
(16,24): -0.018338122367858888
(17,2): -0.005500168800354004
(17,3): -0.03643771648406982
(17,4): -0.01703479290008545
(17,11): -0.00810767650604248
(17,12): -0.02320462703704834
(17,15): -0.05486617088317871
(17,18): -0.02566171646118164
(17,19): -0.016512951850891112
(17,22): -0.03299464702606201
(17,27): -0.028380932807922362
(18,0): -0.10873535633087159
(18,1): -0.06961083889007569
(18,2): -0.041056370735168456
(18,3): 0.0038415861129760744
(18,4): -0.03321963310241699
(18,11): -0.0047443342208862305
(18,12): 0.004529075622558594
(18,15): -0.11318019390106202
(18,17): -0.009067072868347167
(18,19): -0.0175844144821167
(18,22): -0.04361460208892822
(18,27): -0.05540338516235352
(19,2): -0.007657842636108398
(19,3): 0.00136322021484375
(19,4): -0.004044780731201172
(19,5): -0.023796896934509277
(19,9): -0.037364964485168455
(19,11): -0.05479993343353271
(19,12): -0.028944406509399414
(19,15): -0.06973503589630127
(19,17): 0.0031686687469482423
(19,18): -0.014833178520202637
(19,22): -0.07037247657775879
(20,16): -0.006105427742004395
(20,21): -0.009054417610168458
(20,23): -0.00883598804473877
(20,24): -0.030246315002441407
(20,26): -0.021191916465759277
(21,16): 0.01215672492980957
(21,20): -0.005079236030578613
(21,23): -0.004069747924804687
(21,24): 0.005280952453613281
(21,26): -0.022402777671813964
(22,2): -0.03591986179351807
(22,3): 0.014509282112121581
(22,4): -0.008901562690734863
(22,5): -0.023642306327819825
(22,11): -0.033213257789611816
(22,12): -0.010309047698974609
(22,15): -0.033356733322143554
(22,17): 0.01947154998779297
(22,18): -0.01347714900970459
(22,19): 0.04403276443481445
(22,36): -0.016011795997619628
(22,37): 0.006889472007751465
(23,13): -0.02407200336456299
(23,14): -0.004200172424316406
(23,16): 0.0006441688537597657
(23,20): -0.003991436958312988
(23,21): -0.02116267681121826
(23,24): -0.021913866996765136
(23,26): -0.0338791036605835
(23,40): -0.00027354240417480467
(24,13): 0.007433943748474121
(24,14): -0.0032262611389160156
(24,16): -0.020539984703063965
(24,20): -0.028065037727355958
(24,21): -0.03745707035064697
(24,23): -0.01277562141418457
(24,26): -0.05011023998260498
(25,0): 0.008664956092834472
(25,1): 0.006454625129699707
(25,8): -0.07634556293487549
(25,27): -0.001412062644958496
(26,20): 0.012043752670288087
(26,21): 0.013393535614013671
(26,23): 0.023169245719909668
(26,24): 0.0013532638549804688
(27,0): 0.010162825584411622
(27,1): 0.16603407859802247
(27,2): 0.07798595905303955
(27,3): -0.04235114574432373
(27,11): 0.008673815727233887
(27,17): 0.09855155944824219
(27,18): 0.06772468566894531
(27,25): -0.17607943534851075
(28,0): -0.0281696081161499
(28,1): -0.03274071216583252
(28,5): -0.02876936435699463
(28,6): 0.018570613861083985
(28,7): 0.003947296142578125
(28,9): 0.02014064311981201
(28,35): 0.02963735580444336
(29,5): -0.010553083419799804
(29,6): -0.0006487274169921875
(29,9): -0.0058807373046875
(29,30): -0.03058410167694092
(30,5): -0.03135965824127197
(30,6): -0.0034882640838623047
(30,7): -0.00395538330078125
(30,9): -0.005878977775573731
(30,29): -0.06627732753753662
(30,31): 0.0033698415756225585
(31,0): -0.05843958854675293
(31,1): -0.04052578926086426
(31,2): 0.013449959754943848
(31,3): -0.006331281661987305
(31,4): 0.023764705657958983
(31,5): 0.008826594352722168
(31,6): 0.010990962982177735
(31,7): -0.00047325611114501954
(31,9): 0.008302145004272461
(31,30): -0.026992712020874023
(32,5): 0.030382294654846192
(32,6): 0.01135369300842285
(32,7): -0.004781489372253418
(32,33): 0.002053837776184082
(32,34): -0.0017203426361083985
(32,38): 0.026985836029052735
(33,2): 0.0031299352645874023
(33,3): -0.006160507202148438
(33,4): 0.0108062744140625
(33,5): 0.0031835317611694338
(33,6): 0.012707710266113281
(33,7): -0.006133685111999512
(33,9): -0.0011487817764282227
(33,32): -0.008353414535522461
(33,34): -0.008719253540039062
(34,5): -0.00036934375762939456
(34,6): -0.006847910881042481
(34,9): 0.0007664442062377929
(34,32): -0.013858456611633301
(34,33): -0.005353813171386719
(34,38): -0.025484514236450196
(35,3): -0.005534424781799317
(35,28): -0.0372762393951416
(36,22): 0.049954986572265624
(36,37): 0.0318355131149292
(37,22): 0.012539944648742675
(37,36): 0.006517362594604492
(38,15): -0.12310960292816162
(38,32): -0.02596261501312256
(38,34): -0.02001267910003662
(39,13): 0.015992598533630373
(39,40): 0.0046589279174804685
(40,23): -0.023391427993774413
(40,39): 0.03242837429046631
