Interaction name: 5naw

Affinity: 7.300000190734863
Predicted value: 7.269018173217773

Shapley values for edges: 

(0,2): -0.08478583335876465
(0,6): -0.015409173965454102
(0,9): -0.023055076599121094
(0,16): -0.09400912761688232
(0,24): -0.1537734317779541
(0,25): 0.10005857467651368
(0,26): 0.04479019641876221
(1,5): -0.03837798118591309
(1,18): -0.031174049377441407
(1,24): 0.10314004898071288
(1,25): -0.1688434076309204
(2,0): -0.10114686489105225
(2,4): -0.06442779541015625
(2,6): -0.02621203422546387
(2,8): 0.0015110254287719726
(2,20): 0.01711501121520996
(2,24): 0.02728384017944336
(2,25): 0.11212432861328125
(2,26): -0.11319815635681152
(3,10): -0.06831208705902099
(3,11): -0.0008868741989135743
(3,12): -0.05303891181945801
(3,13): -0.05732144832611084
(3,14): -0.06777149200439453
(3,15): -0.034063739776611326
(3,19): -0.04769082546234131
(3,23): -0.005975832939147949
(4,2): -0.03170689105987549
(4,7): -0.027873482704162598
(4,8): 0.00046346187591552737
(4,20): 0.028156676292419434
(4,27): -0.06318465709686279
(5,1): -0.08304425716400146
(5,27): 0.12790001392364503
(5,28): 0.04913078308105469
(6,0): -0.022690582275390624
(6,2): -0.05490513801574707
(6,9): -0.015194764137268066
(6,10): -0.04678417205810547
(6,15): 0.02295297145843506
(6,16): -0.025877938270568848
(6,23): 0.006298527717590332
(6,29): -0.035682234764099124
(7,4): 0.0186255407333374
(7,16): -0.0005615806579589844
(7,17): -0.012485060691833496
(7,30): 0.058805899620056154
(7,31): 0.0010634136199951171
(7,32): 0.02797438621520996
(7,36): 0.04933308601379394
(8,2): -0.06971915721893311
(8,4): -0.0012813854217529298
(8,18): -0.04013148784637451
(8,20): -0.005136919021606445
(8,21): 0.020276246070861818
(8,22): 0.01585263729095459
(8,31): 0.02803825378417969
(9,0): -0.037915425300598146
(9,6): 0.08165184020996094
(9,10): 0.004616670608520508
(9,15): -0.018718209266662598
(9,19): 0.001320500373840332
(9,23): 0.014759964942932129
(9,33): -0.03442519187927246
(9,35): 0.03386042594909668
(10,3): -0.01074446678161621
(10,6): 0.06207715511322021
(10,9): -0.05481666088104248
(10,15): 0.0209484338760376
(10,19): -0.048997139930725096
(10,23): -0.005844416618347168
(11,3): -0.01188729763031006
(11,12): -0.012406582832336427
(11,13): -0.005493135452270508
(11,14): -0.029740509986877443
(11,15): 0.03276313781738281
(11,19): -0.0018555116653442383
(11,23): -0.006807427406311035
(12,3): -0.01447347640991211
(12,11): -0.011653480529785156
(12,13): 0.015236592292785645
(12,14): -0.010503501892089843
(12,23): 0.020004262924194337
(12,37): 0.02758953094482422
(12,40): -0.015173850059509277
(13,3): -0.012789139747619629
(13,11): -0.02902200222015381
(13,12): -0.017052922248840332
(13,14): -0.0008759307861328125
(13,15): 0.009682598114013672
(13,19): -0.010593986511230469
(13,23): 0.022187438011169434
(13,33): -0.02185643196105957
(14,3): 0.008424935340881347
(14,11): -0.017727861404418944
(14,12): -0.010749826431274414
(14,13): 0.0006206130981445312
(14,15): 0.019548635482788086
(14,19): 0.028423786163330078
(14,23): 0.023985061645507812
(14,33): -0.03791896343231201
(14,39): -0.020667262077331543
(15,3): 0.035671706199646
(15,6): 0.055691313743591306
(15,9): 0.01571579456329346
(15,10): 0.038741412162780764
(15,11): 0.03357193946838379
(15,13): 0.04029970645904541
(15,14): 0.03376765251159668
(15,19): 0.029095144271850587
(15,23): 0.007925615310668946
(15,31): 0.0020125627517700194
(15,33): -0.015105719566345216
(15,36): 0.021480917930603027
(15,40): 0.032254786491394044
(16,0): -0.050204925537109375
(16,6): 0.03305812358856201
(16,7): -0.04768843173980713
(16,17): -0.025186357498168947
(16,33): -0.020393247604370116
(16,37): 0.04411844730377197
(17,7): -0.07006462097167969
(17,16): -0.06514647483825683
(17,35): 0.05470407485961914
(18,1): -0.05282814502716064
(18,8): 0.026825270652770995
(18,20): 0.034965381622314454
(18,21): -0.003989105224609375
(18,22): -0.012927260398864746
(18,31): 0.03199686527252197
(18,32): 0.048195414543151856
(18,34): 0.05271140098571778
(18,38): 0.01887673854827881
(19,3): -0.002913093566894531
(19,9): -0.015122036933898925
(19,10): -0.006218366622924805
(19,11): -0.016498069763183593
(19,13): -0.0011967372894287108
(19,14): 0.03144122123718262
(19,15): 0.012221536636352538
(19,23): -0.012091593742370605
(20,2): -0.0713271951675415
(20,4): -0.01878645420074463
(20,8): -0.013131666183471679
(20,18): -0.022564349174499513
(20,21): 0.01204552173614502
(20,22): -0.00973813533782959
(20,32): 0.0461637544631958
(21,8): 0.023757891654968263
(21,18): -0.08586935997009278
(21,20): -0.004309983253479004
(21,22): -0.018842339515686035
(21,38): 0.017675437927246095
(22,8): 0.031904869079589844
(22,18): -0.052395687103271485
(22,20): -0.009804325103759766
(22,21): -0.015031647682189942
(22,35): -0.001002340316772461
(22,37): -0.018057594299316405
(23,3): -0.01918393135070801
(23,6): 0.06222715854644775
(23,9): -0.0028144502639770507
(23,10): -0.00865755558013916
(23,11): -0.006363587379455566
(23,12): 0.015300703048706055
(23,13): 0.00587024211883545
(23,14): 0.010653715133666992
(23,15): 0.010918025970458984
(23,19): -0.03562097072601318
(24,0): -0.018581252098083496
(24,1): 0.17004695415496826
(24,2): 0.11168185234069825
(25,0): 0.09581298351287842
(25,1): -0.024595236778259276
(25,2): 0.10957110404968262
(25,34): 0.09205831050872802
(26,0): 0.017766480445861817
(26,2): -0.04351386547088623
(26,37): -0.0218155574798584
(27,4): -0.004249300956726074
(27,5): 0.15942965984344482
(27,32): 0.04392373085021973
(28,5): -0.06158356666564942
(28,31): 0.058926668167114254
(29,6): 0.08644949436187745
(29,36): 0.028117790222167968
(30,7): 0.025158705711364745
(30,36): -0.059425430297851564
(31,7): 0.029803504943847658
(31,8): 0.07640835762023926
(31,15): 0.06207305908203125
(31,18): 0.027582998275756835
(31,28): 0.023808245658874513
(32,7): 0.00622776985168457
(32,18): 0.028583669662475587
(32,20): 0.09110562801361084
(32,27): -0.08457332611083984
(33,9): -0.022287764549255372
(33,13): 0.008901042938232422
(33,14): 0.006251778602600098
(33,15): 0.07757164478302002
(33,16): -0.010076751708984375
(34,18): -0.015084214210510254
(34,25): -0.12244361877441406
(35,9): -0.018569793701171875
(35,17): 0.10143210887908935
(35,22): 0.01256803035736084
(36,7): 0.002775092124938965
(36,15): 0.09036588668823242
(36,29): -0.08237990379333496
(36,30): 0.005280146598815918
(37,12): 0.002280287742614746
(37,16): -0.000522456169128418
(37,22): 0.014048070907592773
(37,26): -0.13919300079345703
(38,18): -0.05149167537689209
(38,21): 0.009027328491210938
(39,14): 0.0035185670852661134
(40,12): 0.013031363487243652
(40,15): 0.11398895263671875
