Interaction name: 6d56

Affinity: 8.050000190734863
Predicted value: 7.69113302230835

Attributions for edges: 

(0,5): 3.8436199901004054e-26
(0,6): 3.239234207565327e-26
(0,7): 8.180731024686863e-27
(0,11): 4.3770449608717336e-26
(0,13): 2.3849653317962227e-26
(0,20): 3.708576247590301e-26
(0,22): 4.2933348010249313e-26
(0,23): 3.6322545713077505e-27
(1,2): 2.9318234328180586e-26
(1,6): 3.892296405738035e-26
(1,12): 3.490563134927204e-26
(1,13): 2.8657874550337e-26
(2,1): 2.931812339461579e-26
(2,6): 3.8559268365194353e-26
(2,12): 3.4579600683822434e-26
(2,13): 2.8390201102946286e-26
(2,26): 2.93080592550984e-26
(3,7): 1.3461310216712675e-28
(3,14): 1.5263957774241038e-29
(3,23): 5.976839507738989e-29
(3,29): 4.6848678479140615e-31
(4,7): 5.9308054487257595e-28
(4,14): 6.725018754003467e-29
(4,23): 2.633295364752745e-28
(5,0): 3.8450716790552867e-26
(5,7): 1.5344722031644905e-26
(5,8): 1.0016555797365558e-25
(5,11): 8.210091441503058e-26
(5,15): 1.068056159170546e-25
(5,19): 8.901979154759448e-26
(5,22): 8.053074841294637e-26
(5,24): 1.089005469844338e-25
(5,25): 1.0958563570276331e-25
(5,31): 6.090222508757565e-26
(5,33): 4.837947421806007e-26
(5,38): 4.5234008455031907e-26
(5,41): 9.608092865105851e-26
(5,42): 7.658223457435486e-26
(6,0): 3.2401364672256737e-26
(6,1): 3.8929200988912254e-26
(6,2): 3.8565742571295406e-26
(6,11): 6.918390873771542e-26
(6,12): 4.5915501076969263e-26
(6,13): 3.7696950951150457e-26
(6,18): 6.809832519856651e-26
(6,20): 5.861826938875869e-26
(6,21): 6.412589285080967e-26
(6,22): 6.786129714845089e-26
(6,26): 3.891583965733007e-26
(6,27): 6.886714410641425e-26
(6,32): 5.135392048351456e-26
(6,40): 3.4082735410073815e-26
(6,43): 7.100770584677983e-26
(7,0): 8.176175815182398e-27
(7,3): 1.3486598880588694e-28
(7,4): 5.9370074246291725e-28
(7,5): 1.5330331483100444e-26
(7,14): 3.699854182725008e-28
(7,19): 1.8929202755124164e-26
(7,23): 1.4487296672252747e-27
(7,32): 1.2958622712297427e-26
(7,33): 1.0287428753654285e-26
(7,37): 1.604393783130249e-26
(7,44): 1.1565056012021778e-26
(7,47): 6.7031013341986e-27
(8,5): 1.0018505762915651e-25
(8,9): 1.372594309257404e-25
(8,11): 1.1408892213592732e-25
(8,15): 1.4841905172144943e-25
(8,16): 1.6076723938229366e-25
(8,17): 1.6080281207873847e-25
(8,19): 1.237040025830202e-25
(8,22): 1.119078573184593e-25
(8,24): 1.513313289682991e-25
(8,25): 1.522827938276088e-25
(8,28): 1.6006657066108603e-25
(8,36): 1.44844377833247e-25
(8,40): 5.620450909317795e-26
(8,46): 1.2558689030426632e-25
(9,8): 1.372578408779783e-25
(9,16): 1.5853217457067294e-25
(9,17): 1.5856665025742143e-25
(9,19): 1.219837557937177e-25
(9,24): 1.4922690691815397e-25
(9,25): 1.5016570069917355e-25
(9,28): 1.5784126800316742e-25
(9,33): 6.629460706473031e-26
(9,34): 1.6614474393581393e-25
(9,35): 1.1886337950526106e-25
(9,40): 5.542313620358071e-26
(9,46): 1.2384139996599674e-25
(10,15): 1.6795128471257662e-25
(10,16): 1.8192452583817613e-25
(10,17): 1.8196407981700198e-25
(10,19): 1.3998317041624224e-25
(10,24): 1.7124555552682792e-25
(10,25): 1.72322856026472e-25
(10,28): 1.8113164667271915e-25
(10,36): 1.6390619087987793e-25
(10,37): 1.1864682486082625e-25
(10,49): 1.6272810107364022e-25
(10,52): 1.7087230105914194e-25
(11,0): 4.37903221242555e-26
(11,5): 8.210717599846577e-26
(11,6): 6.919631480804519e-26
(11,8): 1.1407630036144379e-25
(11,18): 9.20346268750987e-26
(11,19): 1.0138185822998994e-25
(11,20): 7.922237329783075e-26
(11,21): 8.666590456212484e-26
(11,22): 9.171430004377239e-26
(11,27): 9.307369227274286e-26
(11,42): 8.721678215597781e-26
(11,49): 1.17854266170112e-25
(12,1): 3.4909094941684024e-26
(12,2): 3.4583165965335483e-26
(12,6): 4.591252744113513e-26
(12,20): 5.256492674361779e-26
(12,26): 3.489711103519807e-26
(12,38): 3.418143238637586e-26
(12,39): 4.443395866720598e-26
(12,42): 5.786930142603374e-26
(13,0): 2.385210926382731e-26
(13,1): 2.865732912697675e-26
(13,2): 2.8389772776126654e-26
(13,6): 3.769019016667368e-26
(13,26): 2.864760086964166e-26
(13,39): 3.647669714582626e-26
(13,40): 2.5089654838564194e-26
(13,44): 3.373825895798885e-26
(13,48): 1.8306822315783896e-26
(14,3): 1.527257781537494e-29
(14,4): 6.723223426183433e-29
(14,7): 3.6949880799792704e-28
(14,23): 1.6405857286449028e-28
(15,5): 1.0683007060511645e-25
(15,8): 1.4842470933325407e-25
(15,10): 1.6794552849315883e-25
(15,16): 1.7142919988037304e-25
(15,17): 1.7146779243497065e-25
(15,19): 1.3190847647206147e-25
(15,24): 1.6136751322736028e-25
(15,25): 1.6238270325666985e-25
(15,28): 1.706833688723415e-25
(15,44): 8.059159547323736e-26
(15,52): 1.6101518822556594e-25
(16,8): 1.6078134027097449e-25
(16,9): 1.5854731083929187e-25
(16,10): 1.8192660892400398e-25
(16,15): 1.7143770478700746e-25
(16,17): 1.8574209492947678e-25
(16,19): 1.4289011052603002e-25
(16,24): 1.7480166653185438e-25
(16,25): 1.7590069768424698e-25
(16,51): 1.8461609459488693e-25
(16,52): 1.7442000576514714e-25
(17,8): 1.608169129674193e-25
(17,9): 1.585811825544098e-25
(17,10): 1.8196616290282983e-25
(17,15): 1.7147629734160507e-25
(17,16): 1.8574209492947678e-25
(17,24): 1.7483967976672471e-25
(17,25): 1.7593962303953897e-25
(17,28): 1.8493258805525193e-25
(17,34): 1.9466123982079335e-25
(17,41): 1.5425780571144275e-25
(17,50): 1.1897950229569992e-25
(17,51): 1.846562402193917e-25
(18,6): 6.810975135574057e-26
(18,11): 9.203393045883081e-26
(18,20): 7.797867861396742e-26
(18,21): 8.530502705598127e-26
(18,22): 9.02741420166541e-26
(18,27): 9.16125431499747e-26
(18,32): 6.831532357726051e-26
(18,38): 5.0707054541233333e-26
(18,42): 8.584758463247448e-26
(18,43): 9.44600906617655e-26
(18,45): 9.105543478756565e-26
(18,51): 1.2892999653893146e-25
(19,5): 8.903066303694455e-26
(19,7): 1.894921547836228e-26
(19,8): 1.2369551000233743e-25
(19,9): 1.2197585485871385e-25
(19,10): 1.3996341191575678e-25
(19,11): 1.0138650511375975e-25
(19,15): 1.318943879093323e-25
(19,16): 1.4286830591757165e-25
(19,22): 9.94482677066559e-26
(19,24): 1.3448191330821543e-25
(19,25): 1.3532794197716168e-25
(19,28): 1.422445634605747e-25
(19,37): 9.317457402397382e-26
(19,43): 1.0405880224507504e-25
(20,0): 3.7099065259214883e-26
(20,6): 5.862296557633508e-26
(20,11): 7.921482365244875e-26
(20,12): 5.257234696650753e-26
(20,18): 7.79715418879655e-26
(20,21): 7.342287746382382e-26
(20,22): 7.770014908466619e-26
(20,27): 7.885153471666701e-26
(20,38): 4.3644231863881974e-26
(20,45): 7.837232020567271e-26
(21,6): 6.41342067051936e-26
(21,11): 8.666194176867127e-26
(21,18): 8.530177300474723e-26
(21,20): 7.342708677631027e-26
(21,22): 8.500487164452049e-26
(21,32): 6.432753309375514e-26
(21,38): 4.7747482617925334e-26
(21,49): 1.0923296557432294e-25
(22,0): 4.2952511783567944e-26
(22,5): 8.053628276523456e-26
(22,6): 6.787242748278549e-26
(22,8): 1.1189333734742259e-25
(22,11): 9.1713240011931e-26
(22,18): 9.02741420166541e-26
(22,19): 9.944257927997216e-26
(22,20): 7.770667567606173e-26
(22,21): 8.500779289506014e-26
(22,27): 9.129332565429636e-26
(22,32): 6.80767609461652e-26
(22,43): 9.4130593322416e-26
(22,46): 1.0095618765293751e-25
(23,0): 3.628474356012907e-27
(23,3): 5.985190219607231e-29
(23,4): 2.6347523307556738e-28
(23,7): 1.448033539846876e-27
(23,14): 1.6419443518500465e-28
(23,38): 4.2686245805780586e-27
(23,40): 3.816748645144337e-27
(23,48): 2.784903944047676e-27
(24,5): 1.0892755314448597e-25
(24,8): 1.51338847798802e-25
(24,9): 1.4923543647669167e-25
(24,10): 1.712422768236906e-25
(24,15): 1.6136999074364073e-25
(24,16): 1.7479567611935536e-25
(24,17): 1.7483435495561447e-25
(24,19): 1.344978137858363e-25
(24,25): 1.6557025598158672e-25
(24,28): 1.7403319275065267e-25
(24,37): 1.1399713077403387e-25
(25,5): 1.0961240766973425e-25
(25,8): 1.522909289556939e-25
(25,9): 1.5017429188746947e-25
(25,10): 1.7231956499738304e-25
(25,15): 1.6238518077295031e-25
(25,16): 1.7589532356933016e-25
(25,17): 1.7593358332323338e-25
(25,19): 1.3534447107831638e-25
(25,24): 1.6557088460512057e-25
(25,28): 1.751287110068267e-25
(25,50): 1.126707351176146e-25
(26,2): 2.9308170188663196e-26
(26,6): 3.890945481437844e-26
(26,12): 3.4893647442786083e-26
(26,13): 2.864803844092503e-26
(27,6): 6.887922970200127e-26
(27,11): 9.307333482014518e-26
(27,18): 9.16132395662426e-26
(27,20): 7.885904738419407e-26
(27,22): 9.129402823354008e-26
(28,8): 1.6007999362242643e-25
(28,9): 1.5785571401849428e-25
(28,10): 1.8113302717930329e-25
(28,15): 1.7069051792429507e-25
(28,17): 1.8493258805525193e-25
(28,19): 1.422662571354683e-25
(28,24): 1.7403982411263718e-25
(28,25): 1.7513339486845146e-25
(29,3): 4.678188218814949e-31
(31,5): 6.089641956435129e-26
(31,47): 2.6626619349151117e-26
(32,6): 5.135392048351456e-26
(32,7): 1.296945414230466e-26
(32,18): 6.830333042631082e-26
(32,21): 6.431844886739346e-26
(32,22): 6.806559979695149e-26
(32,52): 9.184279192668609e-26
(33,5): 4.8368029571958546e-26
(33,7): 1.0294613242718827e-26
(33,9): 6.626654703581257e-26
(33,48): 1.9799002021816016e-26
(33,50): 4.971775517335214e-26
(34,9): 1.6616502012626843e-25
(34,17): 1.9466716860353415e-25
(35,9): 1.1885520739932103e-25
(35,39): 7.07567802861855e-26
(36,8): 1.4484769351423925e-25
(36,10): 1.6389743945421064e-25
(36,37): 1.0910761064610267e-25
(37,7): 1.6059308293002657e-26
(37,10): 1.1861785887446266e-25
(37,19): 9.316533572321658e-26
(37,24): 1.1397189955101844e-25
(37,36): 1.090868167656791e-25
(37,41): 1.0055531072761715e-25
(38,5): 4.52215900587505e-26
(38,12): 3.4177518896728866e-26
(38,18): 5.0689650297511894e-26
(38,20): 4.363291664027271e-26
(38,21): 4.7732549727508533e-26
(38,23): 4.273496027779392e-27
(39,12): 4.4435995530715167e-26
(39,13): 3.6482397898461646e-26
(39,35): 7.074085515666135e-26
(40,6): 3.4074156547729537e-26
(40,8): 5.617428585974667e-26
(40,9): 5.539354159368328e-26
(40,13): 2.5087930746077978e-26
(40,23): 3.820856653715715e-27
(41,5): 9.609705715878478e-26
(41,17): 1.5424074659436735e-25
(41,37): 1.0057026826993724e-25
(42,5): 7.658457034219141e-26
(42,11): 8.721344798605809e-26
(42,12): 5.788100491711979e-26
(42,18): 8.584495920477429e-26
(43,6): 7.102151707559702e-26
(43,18): 9.446224770330321e-26
(43,19): 1.0405604123190677e-25
(43,22): 9.413346526914907e-26
(44,7): 1.1573926845345626e-26
(44,13): 3.374199063984909e-26
(44,15): 8.055901182006624e-26
(44,45): 6.126712872302276e-26
(44,46): 6.816641991842422e-26
(45,18): 9.105578607718751e-26
(45,20): 7.837949390952956e-26
(45,44): 6.128185823523744e-26
(45,46): 1.0183031949163226e-25
(46,8): 1.2557970427445782e-25
(46,9): 1.2383479325591552e-25
(46,22): 1.0096312100073731e-25
(46,44): 6.81869672798149e-26
(46,45): 1.0183652560828505e-25
(47,7): 6.706017192134402e-27
(47,31): 2.661595740097899e-26
(48,13): 1.830207528365697e-26
(48,23): 2.7873803047701692e-27
(48,33): 1.9793187254127922e-26
(48,50): 3.031902148299406e-26
(49,10): 1.627200152493617e-25
(49,11): 1.1787045014462068e-25
(49,21): 1.0925256383743703e-25
(49,52): 1.5600592147741252e-25
(50,17): 1.1894772599236148e-25
(50,25): 1.1264538063508274e-25
(50,33): 4.973065736323558e-26
(50,48): 3.033556291010041e-26
(51,16): 1.8461540434159487e-25
(51,17): 1.8465552531419634e-25
(51,18): 1.289570520027902e-25
(51,52): 1.7339967581400198e-25
(52,10): 1.7086838140651912e-25
(52,15): 1.6101703711831255e-25
(52,16): 1.7441402767859976e-25
(52,32): 9.187431554801582e-26
(52,49): 1.5601008764906821e-25
(52,51): 1.7339373470530953e-25
