Interaction name: 5g3w

Affinity: 7.380000114440918
Predicted value: 6.707393646240234

Attributions for edges: 

(0,1): 8.262144268234745e-20
(0,5): 5.11267722114685e-19
(0,6): 1.1231625861319052e-18
(0,7): 9.115962681451395e-20
(0,11): 1.299361672580321e-19
(0,12): 4.667504125107296e-19
(0,13): 1.8800249884021062e-18
(0,15): 3.2235202001411887e-17
(0,16): 1.3196638487782153e-17
(0,17): 3.695362112522654e-24
(1,0): 2.948624104691811e-19
(1,5): 5.716256179972133e-20
(1,6): 1.2557529691804668e-19
(1,7): 1.0192072798035886e-20
(1,10): 2.810044985707154e-20
(1,11): 1.4527637388949578e-20
(1,15): 3.603221495747834e-18
(1,16): 1.4754515711878798e-18
(1,17): 4.131634832229827e-25
(2,3): 0.0
(2,4): 0.0
(2,17): 6.604254642114118e-38
(3,2): 0.0
(3,4): 0.0
(3,17): 6.604254642114118e-38
(4,2): 0.0
(4,3): 0.0
(5,0): 9.579655188183275e-19
(5,1): 3.001129846438012e-20
(5,6): 4.079744220015265e-19
(5,12): 1.6954176885752713e-19
(5,13): 6.828924480768943e-19
(5,14): 7.961377132360431e-19
(5,20): 7.660960708141142e-21
(5,26): 2.785338781020814e-20
(6,0): 1.5578227335737932e-18
(6,1): 4.880335241024746e-20
(6,5): 3.0199999687853634e-19
(6,12): 2.757030721754689e-19
(6,13): 1.1105008290979794e-18
(6,14): 1.2946521197627503e-18
(6,15): 1.9036461647693236e-17
(6,21): 1.2447881731731936e-19
(7,0): 3.218221136380567e-19
(7,1): 1.0082057776566333e-20
(7,8): 2.561680937172553e-20
(7,9): 1.3440693629721343e-19
(7,10): 3.0669365878105804e-20
(7,11): 1.585579864702564e-20
(7,22): 5.992039130208624e-23
(7,23): 2.859752994513883e-23
(8,7): 1.9256346223166806e-20
(8,9): 2.326688715604269e-19
(8,10): 5.309105604011315e-20
(8,11): 2.7447620176833937e-20
(8,16): 2.7876272020348363e-18
(8,25): 1.4925743908134865e-20
(8,26): 1.6197912147324476e-20
(9,7): 5.391313139732308e-20
(9,8): 1.2415444619492493e-19
(9,10): 1.4864329625061924e-19
(9,11): 7.684672680505284e-20
(9,16): 7.804683998731781e-18
(10,1): 1.9311445822368214e-20
(10,7): 2.1307028743675197e-20
(10,8): 4.9067126090423843e-20
(10,9): 2.57447635496124e-19
(10,11): 3.037062119882918e-20
(10,16): 3.0844921909176142e-18
(10,21): 4.9256159478612085e-20
(11,0): 4.063420586108355e-19
(11,1): 1.2729902499233355e-20
(11,7): 1.404542340357384e-20
(11,8): 3.2344652187770036e-20
(11,9): 1.697067784650344e-19
(11,10): 3.8724188958031497e-20
(11,16): 2.033272604586743e-18
(11,19): 1.0316423731938035e-20
(11,23): 3.6108214670319285e-23
(11,24): 5.351171534789401e-21
(11,26): 1.1814670772296045e-20
(12,0): 9.002205572438834e-19
(12,5): 1.7451771260643108e-19
(12,6): 3.8338373825760865e-19
(12,13): 6.417286320738054e-19
(12,14): 7.481475892278604e-19
(12,15): 1.1000703090483542e-17
(12,18): 5.734668057184827e-20
(13,0): 2.159500366062335e-18
(13,5): 4.186430098013233e-19
(13,6): 9.196792573711574e-19
(13,12): 3.821892894530821e-19
(13,14): 1.794699033470577e-18
(13,15): 2.6389012032325983e-17
(14,5): 4.61511464101125e-19
(14,6): 1.0138569754351933e-18
(14,12): 4.2132816731664113e-19
(14,13): 1.6970620460848443e-18
(14,15): 2.909143260023265e-17
(14,19): 6.044091121181626e-20
(15,0): 1.3029167500964667e-17
(15,1): 3.9236464496325e-19
(15,6): 5.441527009570369e-18
(15,12): 2.235090198388962e-18
(15,13): 9.183404655497404e-18
(15,14): 1.0743780792224571e-17
(16,0): 7.272323791382453e-18
(16,1): 2.2623242411778696e-19
(16,8): 5.748206289625935e-19
(16,9): 3.0200591638979492e-18
(16,10): 6.881986049112688e-19
(16,11): 3.557913970164949e-19
(17,0): 3.8826206520265693e-22
(17,1): 1.2163537805467787e-23
(17,2): 0.0
(17,3): 0.0
(18,12): 8.473156103792462e-20
(18,21): 3.8255959494886734e-20
(18,24): 6.3048360601580996e-21
(19,11): 1.3441506431608405e-20
(19,14): 2.267318085632217e-19
(20,5): 2.4651331269337025e-20
(20,23): 1.1299625462584953e-23
(21,6): 2.366811111216154e-19
(21,10): 5.296281396459902e-20
(21,18): 3.5402848772303684e-20
(21,24): 7.318705036174523e-21
(22,7): 4.188148878755819e-22
(23,7): 2.59624852416546e-22
(23,11): 3.700655810958794e-22
(23,20): 6.00670815651339e-23
(24,11): 8.829020512422712e-21
(24,18): 1.141553754748717e-20
(24,21): 1.4319166871953474e-20
(25,8): 2.2580037088174432e-20
(26,5): 5.782534672787798e-20
(26,8): 2.3743064338533926e-20
(26,11): 1.4696025189153805e-20
