Interaction name: 5ko1

Affinity: 6.639999866485596
Predicted value: 7.442202568054199

Attributions for edges: 

(0,1): 3.0383143394562487e-27
(0,3): 3.036295663947977e-29
(0,4): 8.833870515243064e-29
(0,6): 1.4813776464565382e-27
(0,20): 3.004406802041356e-27
(0,21): 9.839159122041428e-28
(1,0): 3.0505203056647917e-27
(1,6): 6.099379689345544e-27
(1,20): 1.2370252655031082e-26
(1,21): 4.051130082330386e-27
(2,3): 1.0480549645490765e-30
(2,5): 3.969371120290299e-32
(2,7): 4.5454044944954984e-33
(2,10): 1.530352291574932e-32
(2,12): 2.6216533288875116e-32
(2,19): 9.89831953526577e-32
(3,0): 3.010116859325786e-29
(3,2): 1.0482468992666788e-30
(3,4): 3.5890426737385285e-30
(3,5): 4.6720693005211786e-32
(3,10): 1.8012705317240585e-32
(3,12): 3.085741437328028e-32
(3,13): 1.3136416795403875e-32
(3,19): 1.1650619560081748e-31
(3,21): 3.997473734265068e-29
(4,0): 8.784270596937801e-29
(4,3): 3.5999298202972004e-30
(4,6): 1.7563690257828177e-28
(4,10): 5.256556830097492e-32
(4,12): 9.00496204880327e-32
(4,19): 3.3999410856008433e-31
(5,2): 3.9346370254650264e-32
(5,3): 4.6303380755726365e-32
(5,7): 2.0081578405259184e-34
(5,8): 4.5991947486471416e-33
(5,9): 4.9014235297931676e-33
(5,10): 6.7611422855023995e-34
(5,12): 1.1582365325487816e-33
(5,13): 4.9307694707549575e-34
(5,14): 3.4674039002559844e-34
(6,0): 1.4843871045876377e-27
(6,1): 6.087269056669248e-27
(6,4): 1.7698677483924063e-28
(6,22): 4.740064882758844e-27
(7,2): 4.477871242014804e-33
(7,5): 1.9957859920722542e-34
(7,8): 5.2341806339140175e-34
(7,9): 5.578136250271869e-34
(7,11): 7.600654636920753e-34
(7,14): 3.946160077457788e-35
(7,16): 4.030737527368488e-34
(7,24): 4.132940332687755e-34
(7,25): 6.741362756339891e-34
(7,28): 6.020002280858563e-34
(7,29): 3.1912045129634987e-34
(8,5): 4.611808537715434e-33
(8,7): 5.281031430633978e-34
(8,9): 1.288970844915711e-32
(8,11): 1.7563253582835745e-32
(8,14): 9.118541104778802e-34
(8,16): 9.314048590523596e-33
(9,5): 4.91572892870069e-33
(9,7): 5.6290966854449e-34
(9,8): 1.2891971275782442e-32
(9,11): 1.872082311417593e-32
(9,14): 9.719530040380967e-34
(9,16): 9.927923331933673e-33
(10,2): 1.5127768877886125e-32
(10,3): 1.7802444642709002e-32
(10,4): 5.179485542985829e-32
(10,5): 6.74244320095219e-34
(10,12): 4.453117902380379e-34
(10,13): 1.8957671496459946e-34
(10,15): 7.692947933027092e-34
(10,17): 4.9399029700253505e-33
(10,19): 1.6813330798681343e-33
(10,23): 9.570491499363109e-33
(10,24): 1.3962367615433586e-33
(11,7): 7.676706825531551e-34
(11,8): 1.7581755863917688e-32
(11,9): 1.8737109588406574e-32
(11,14): 1.325515715320028e-33
(11,16): 1.3539355687714616e-32
(12,2): 2.5954430374736394e-32
(12,3): 3.0543551504138973e-32
(12,4): 8.88634585259767e-32
(12,5): 1.1567882867743701e-33
(12,10): 4.4598843417373e-34
(12,13): 3.2525317981203245e-34
(12,15): 1.3198645262284499e-33
(12,17): 8.475298841065338e-33
(12,18): 9.35871002901515e-33
(12,19): 2.8846534023553008e-33
(12,26): 1.267738919014365e-32
(13,3): 1.2971590446899512e-32
(13,5): 4.912783029654934e-34
(13,10): 1.8940900038974093e-34
(13,12): 3.2447246330031932e-34
(13,15): 5.605354913800655e-34
(13,17): 3.599361130823952e-33
(13,18): 3.974535948594224e-33
(13,19): 1.2250881819769913e-33
(13,24): 1.0173477489664725e-33
(13,25): 1.6594391302420845e-33
(13,28): 1.4818705148103045e-33
(14,5): 3.451383197951223e-34
(14,7): 3.952246474965659e-35
(14,8): 9.051653639507091e-34
(14,9): 9.646467556347592e-34
(14,11): 1.3144079365532305e-33
(14,16): 6.970443646441116e-34
(14,24): 7.147184732217016e-34
(14,25): 1.1658076345230388e-33
(14,29): 5.518662205427512e-34
(15,10): 7.716754907873609e-34
(15,12): 1.3219506613591748e-33
(15,13): 5.6277228264223765e-34
(15,17): 1.4664350801225578e-32
(15,18): 1.6192869615486815e-32
(15,19): 4.991197870075389e-33
(15,27): 2.679670734193109e-32
(15,28): 6.037368373182039e-33
(16,7): 4.063621981832741e-34
(16,8): 9.306732607557666e-33
(16,9): 9.918309992195854e-33
(16,11): 1.3514483696619155e-32
(16,14): 7.0164899642147325e-34
(16,26): 3.889004628639693e-32
(16,28): 1.0703977355506854e-32
(17,10): 4.981572775394062e-33
(17,12): 8.533824500740872e-33
(17,13): 3.6329920242009776e-33
(17,15): 1.4742538807970522e-32
(17,18): 1.045335270289353e-31
(17,19): 3.2220573458475467e-32
(18,12): 9.425925530679138e-33
(18,13): 4.012713066373055e-33
(18,15): 1.6283431169642102e-32
(18,17): 1.0456144501976733e-31
(18,19): 3.558854403646982e-32
(18,29): 2.2819933545966486e-32
(19,2): 9.836212291240075e-32
(19,3): 1.1575310339001967e-31
(19,4): 3.3677739177894615e-31
(19,10): 1.6902201845023354e-33
(19,12): 2.8954795216553817e-33
(19,13): 1.2326447739428555e-33
(19,15): 5.002024540388447e-33
(19,17): 3.211969841075965e-32
(19,18): 3.54676503199595e-32
(19,29): 7.009884971660057e-33
(20,0): 3.0165569162815117e-27
(20,1): 1.2370583144609539e-26
(21,0): 9.847196027699356e-28
(21,1): 4.038231359120847e-27
(21,3): 4.0355325173785905e-29
(21,22): 3.1444983684171e-27
(22,6): 4.746434318270921e-27
(22,21): 3.1525331555520892e-27
(23,10): 9.66883556080481e-33
(23,25): 8.471004319391403e-32
(24,7): 4.167135279682183e-34
(24,10): 1.4030068743201257e-33
(24,13): 1.0231934456389133e-33
(24,14): 7.195222043547338e-34
(24,27): 4.871953886418053e-32
(25,7): 6.8065324386559675e-34
(25,13): 1.6712680931602107e-33
(25,14): 1.175265037588381e-33
(25,23): 8.437078376932321e-32
(26,12): 1.277925606121797e-32
(26,16): 3.907712327359442e-32
(27,15): 2.6983807839015594e-32
(27,24): 4.8974071594699955e-32
(27,29): 3.7815080212456963e-32
(28,7): 6.076204686152292e-34
(28,13): 1.4919443177258592e-33
(28,15): 6.05425104345374e-33
(28,16): 1.0716479472611819e-32
(29,7): 3.2151538328290605e-34
(29,14): 5.5514741098498e-34
(29,18): 2.271501773641972e-32
(29,19): 7.001547043292881e-33
(29,27): 3.7589852556103536e-32
