Interaction name: 5j1x

Affinity: 5.519999980926514
Predicted value: 6.4665751457214355

Attributions for edges: 

(0,1): 0.0
(0,2): 0.45845308899879456
(0,3): 0.5061696171760559
(0,4): 0.0
(0,8): 0.43373772501945496
(0,11): 0.5270999670028687
(0,12): 0.4739316403865814
(0,16): 0.0
(0,17): 0.5097771883010864
(0,18): 0.43221810460090637
(0,19): 0.5557540059089661
(1,0): 0.0
(1,3): 0.47853711247444153
(1,4): 0.0
(1,10): 0.43158021569252014
(1,11): 0.0
(1,12): 0.0
(1,16): 0.0
(1,18): 0.5772597193717957
(2,0): 0.504550039768219
(2,3): 0.0
(2,4): 0.5468447208404541
(2,13): 0.42846015095710754
(2,17): 0.0
(2,18): 0.0
(3,0): 0.5517463684082031
(3,1): 0.5564619898796082
(3,2): 0.0
(3,4): 0.0
(3,8): 0.0
(3,13): 0.4903508722782135
(3,18): 0.4718882739543915
(3,19): 0.0
(4,0): 0.0
(4,1): 0.0
(4,2): 0.49808594584465027
(4,3): 0.0
(4,8): 0.334901362657547
(4,13): 0.0
(4,14): 0.5223771333694458
(4,16): 0.5693776607513428
(5,6): 0.0
(5,7): 0.0
(5,9): 0.0
(5,13): 0.5113915801048279
(5,14): 0.0
(5,15): 0.0
(6,5): 0.0
(6,7): 0.0
(6,9): 0.0
(6,15): 0.39823952317237854
(6,20): 0.46686437726020813
(6,21): 0.44388848543167114
(6,22): 0.0
(7,5): 0.0
(7,6): 0.0
(7,9): 0.0
(7,15): 0.0
(7,20): 0.0
(7,22): 0.4917159974575043
(8,0): 0.5127564668655396
(8,3): 0.0
(8,4): 0.42651793360710144
(8,13): 0.4582328200340271
(9,5): 0.0
(9,6): 0.0
(9,7): 0.0
(9,14): 0.5148302316665649
(9,15): 0.0
(9,20): 0.47947385907173157
(9,22): 0.35005298256874084
(10,1): 0.0
(10,11): 0.49810120463371277
(10,12): 0.0
(10,16): 0.0
(11,0): 0.0
(11,1): 0.0
(11,10): 0.4273224174976349
(11,12): 0.0
(11,16): 0.0
(12,0): 0.45964184403419495
(12,1): 0.0
(12,10): 0.4195829927921295
(12,11): 0.5271250009536743
(12,16): 0.0
(12,25): 0.5082915425300598
(12,26): 0.5461603403091431
(13,2): 0.39296093583106995
(13,3): 0.5372723937034607
(13,4): 0.0
(13,5): 0.4889105558395386
(13,8): 0.42789772152900696
(13,14): 0.0
(13,15): 0.0
(13,25): 0.5252357125282288
(13,29): 0.3760872483253479
(14,4): 0.5769529938697815
(14,5): 0.0
(14,9): 0.5083078742027283
(14,13): 0.0
(14,15): 0.0
(14,26): 0.4289110600948334
(14,28): 0.5026538372039795
(14,29): 0.44824185967445374
(14,30): 0.534963846206665
(15,5): 0.0
(15,6): 0.4179396629333496
(15,7): 0.0
(15,9): 0.0
(15,13): 0.0
(15,14): 0.0
(15,27): 0.4729730188846588
(16,0): 0.0
(16,1): 0.0
(16,4): 0.45406439900398254
(16,10): 0.4598379135131836
(16,11): 0.4125972390174866
(16,12): 0.0
(17,0): 0.4326061010360718
(17,2): 0.0
(17,19): 0.48448535799980164
(17,26): 0.0
(18,0): 0.5203553438186646
(18,1): 0.5066940188407898
(18,2): 0.0
(18,3): 0.6450719237327576
(18,27): 0.0
(19,0): 0.3790556788444519
(19,3): 0.0
(19,17): 0.4175351560115814
(19,25): 0.4728619158267975
(20,6): 0.526244580745697
(20,7): 0.0
(20,9): 0.4909391701221466
(20,22): 0.0
(20,24): 0.3449576199054718
(21,6): 0.47628772258758545
(21,28): 0.45289507508277893
(22,6): 0.0
(22,7): 0.402588814496994
(22,9): 0.46495991945266724
(22,20): 0.0
(22,23): 0.55633944272995
(23,22): 0.0
(23,24): 0.5138589143753052
(24,20): 0.0
(24,23): 0.44968846440315247
(25,12): 0.5058423280715942
(25,13): 0.5550422072410583
(25,19): 0.459990531206131
(26,12): 0.4593147039413452
(26,14): 0.5138561725616455
(26,17): 0.0
(27,15): 0.47358664870262146
(27,18): 0.0
(28,14): 0.5165014266967773
(28,21): 0.5519550442695618
(29,13): 0.4850945472717285
(29,14): 0.4487287402153015
(30,14): 0.5603784918785095
