Interaction name: 5b25

Affinity: 10.239999771118164
Predicted value: 7.515296936035156

Attributions for edges: 

(0,6): 3.4452831353215237e-32
(0,10): 2.491949576091368e-33
(0,11): 2.1471390263655834e-32
(0,16): 1.8835640259576467e-33
(0,18): 3.346307686476638e-33
(0,26): 1.7386734004276577e-32
(0,28): 5.755343180785581e-32
(1,4): 1.875627602379673e-32
(1,5): 2.7886922516337095e-32
(1,7): 4.806861768362032e-32
(1,13): 8.12423010635257e-33
(1,14): 5.566979247679131e-33
(1,15): 4.93961782080978e-34
(1,21): 1.5358496378433462e-32
(1,29): 1.3342426294615709e-31
(1,30): 1.417111807359795e-31
(2,4): 2.1607055536052172e-31
(2,5): 3.212547537774677e-31
(2,30): 1.63249947103215e-30
(3,5): 4.170701858112272e-32
(3,8): 3.1843974455830776e-32
(3,9): 1.9165067408606628e-32
(3,12): 1.0696757616140898e-31
(3,13): 1.2150404787094448e-32
(3,14): 8.325841346514008e-33
(4,1): 1.869427457426261e-32
(4,2): 2.1388914347392677e-31
(4,15): 1.6333184059876152e-34
(4,17): 6.960058704864578e-33
(4,19): 4.007590555865759e-32
(4,20): 1.8447745490904344e-32
(4,21): 5.0783916329155705e-33
(4,22): 9.589609445611295e-32
(4,24): 9.354570084848348e-33
(4,25): 6.376051805540957e-33
(4,27): 1.7009591335494632e-31
(4,29): 4.411764892739214e-32
(4,31): 1.5881557569086794e-31
(5,1): 2.7829323293146803e-32
(5,2): 3.184071422224877e-31
(5,3): 4.157453742904917e-32
(5,8): 1.0480619469855204e-32
(5,9): 6.307732808555135e-33
(5,12): 3.520560618053832e-32
(5,13): 3.9990214959218524e-33
(5,14): 2.740255676300291e-33
(6,0): 3.4528089440290757e-32
(6,10): 5.3652831515192426e-33
(6,11): 4.622854584661714e-32
(6,16): 4.055370286996457e-33
(6,48): 4.482095307496087e-32
(7,1): 4.804258636122136e-32
(7,15): 4.197447881076532e-34
(7,17): 1.7886445469018763e-32
(7,18): 5.34383625708849e-33
(7,21): 1.3050805541833488e-32
(7,26): 2.7765699661408547e-32
(7,28): 9.190909973676795e-32
(7,29): 1.1337747632678186e-31
(7,33): 1.532894709531608e-31
(8,3): 3.171958658236264e-32
(8,5): 1.0472944961112273e-32
(8,9): 4.8124922393656767e-33
(8,12): 2.6860569011275385e-32
(8,13): 3.0510580356966347e-33
(8,14): 2.090681538797726e-33
(8,43): 1.2363893662986976e-32
(8,49): 4.1114781017291436e-33
(9,3): 1.9060949465850483e-32
(9,5): 6.293407205838457e-33
(9,8): 4.805117481682205e-33
(9,12): 1.6141067048814015e-32
(9,13): 1.8334433345614845e-33
(9,14): 1.2563333728348247e-33
(9,34): 2.444403400994499e-33
(9,35): 6.551480231468973e-32
(9,36): 1.1813973308038118e-31
(10,0): 2.47869532627287e-33
(10,6): 5.325073897881428e-33
(10,11): 3.3186453656659124e-33
(10,18): 5.172095705913888e-34
(10,26): 2.6873365736652025e-33
(10,28): 8.895532194012552e-33
(10,34): 8.908261695806004e-34
(10,39): 1.2965555752775978e-32
(10,44): 2.248336453407111e-33
(10,49): 9.003991017001094e-34
(11,0): 2.148876113142511e-32
(11,6): 4.6164754706933893e-32
(11,10): 3.339115865101513e-33
(11,16): 2.523883349499394e-33
(11,34): 7.722855356212392e-33
(11,40): 4.062262504248916e-32
(12,3): 1.069169946394931e-31
(12,5): 3.530108864791974e-32
(12,8): 2.695315094634615e-32
(12,9): 1.6221557555118633e-32
(12,13): 1.0284259016022095e-32
(12,14): 7.047099653439153e-33
(13,1): 8.078922880652032e-33
(13,3): 1.2069193555815982e-32
(13,5): 3.9849199718158005e-33
(13,8): 3.0425505790035507e-33
(13,9): 1.8311367942399804e-33
(13,12): 1.022035400032361e-32
(13,14): 7.95497159313263e-34
(13,32): 3.301033815428305e-32
(13,38): 3.67028421513883e-32
(13,44): 3.9063840922114096e-33
(14,1): 5.530065786327434e-33
(14,3): 8.261427929508793e-33
(14,5): 2.727699008910609e-33
(14,8): 2.082642075793063e-33
(14,9): 1.253432473182186e-33
(14,12): 6.995887037993672e-33
(14,13): 7.946539257875403e-34
(14,33): 1.7644778524169086e-32
(14,41): 3.465635644511661e-32
(14,43): 3.220200285178438e-33
(15,1): 4.872692243807163e-34
(15,4): 1.616508033210265e-34
(15,7): 4.142821372896874e-34
(15,17): 1.8141364138210794e-34
(15,18): 5.41999667383151e-35
(15,19): 1.0445768817418208e-33
(15,20): 4.808360560393529e-34
(15,21): 1.323670694284466e-34
(15,26): 2.8160987554863373e-34
(15,28): 9.321828159074132e-34
(15,29): 1.1499335016701453e-33
(15,32): 1.9909737202380793e-33
(15,38): 2.213664880187623e-33
(15,42): 5.5856134045335566e-33
(15,44): 2.356082357438978e-34
(15,45): 5.151954069390029e-33
(15,49): 9.435484802268593e-35
(16,0): 1.8720884460287364e-33
(16,6): 4.021877514205653e-33
(16,11): 2.506478869938524e-33
(16,34): 6.728209158225182e-34
(16,40): 3.539046148341276e-33
(16,43): 2.045010644532403e-33
(16,44): 1.698104812860476e-33
(16,48): 2.4301780826396262e-33
(17,4): 6.962713852729498e-33
(17,7): 1.7844190855210517e-32
(17,15): 1.833687157803784e-34
(17,18): 2.3345134136338314e-33
(17,21): 5.701344496791857e-33
(17,26): 1.2129658781170373e-32
(17,28): 4.0151190094356005e-32
(17,29): 4.953020091080986e-32
(17,46): 7.548074921545266e-32
(17,47): 8.058028468566166e-32
(18,0): 3.33130397045633e-33
(18,7): 5.3132645877594794e-33
(18,10): 5.176517125876415e-34
(18,15): 5.459965203675021e-35
(18,17): 2.3266543155436228e-33
(18,21): 1.6976384722109856e-33
(18,26): 3.6117122703732325e-33
(18,28): 1.1955461538638049e-32
(18,46): 2.2475056727746673e-32
(18,48): 4.3243685775287064e-33
(18,49): 1.2101137614799578e-33
(19,4): 4.028958398301419e-32
(19,15): 1.061050792220122e-33
(19,20): 1.198427892958525e-31
(19,22): 6.229782457380568e-31
(19,23): 4.217147109281199e-31
(19,24): 6.076998989725662e-32
(19,25): 4.142098847947301e-32
(19,27): 1.1050006128803114e-30
(19,29): 2.8660536507511557e-31
(19,34): 2.3266821233318595e-32
(20,4): 1.8504977372110004e-32
(20,15): 4.873436111326043e-34
(20,19): 1.1957793866366874e-31
(20,22): 2.8613342760314744e-31
(20,23): 1.9369325715109325e-31
(20,24): 2.791182830289514e-32
(20,25): 1.902462962914595e-32
(20,27): 5.07525939597469e-31
(20,29): 1.316376290823423e-31
(20,32): 2.2791495398884217e-31
(20,44): 2.697125355934881e-32
(21,1): 1.530013749201895e-32
(21,4): 5.075835300044517e-33
(21,7): 1.3008458357845115e-32
(21,15): 1.336752201534691e-34
(21,17): 5.6963446050390315e-33
(21,18): 1.7018660274411226e-33
(21,26): 8.842550459569084e-33
(21,28): 2.9270541080708346e-32
(21,29): 3.6107360223148746e-32
(21,32): 6.251609859332681e-32
(21,34): 2.931220243721141e-33
(21,44): 7.398042022509208e-33
(21,49): 2.9626968600292926e-33
(22,4): 9.664526051577901e-32
(22,19): 6.24515322151192e-31
(22,20): 2.8747476069698374e-31
(22,23): 1.011602414532337e-30
(22,24): 1.4577405361567007e-31
(22,25): 9.936000006681379e-32
(22,27): 2.6506374460759628e-30
(23,19): 4.222813462249903e-31
(23,20): 1.9438313127570383e-31
(23,22): 1.0104608684583665e-30
(23,24): 9.856872192202952e-32
(23,25): 6.718469783452437e-32
(23,27): 1.792293539975586e-30
(23,38): 8.948977367103832e-31
(24,4): 9.365853361248303e-33
(24,19): 6.052106721352649e-32
(24,20): 2.785885171123946e-32
(24,22): 1.4481852952271716e-31
(24,23): 9.803322547051243e-32
(24,25): 9.628862875405098e-33
(24,44): 1.3650752879238228e-32
(24,47): 1.0839209899045297e-31
(24,48): 1.9535609676608707e-32
(24,49): 5.4667228038654366e-33
(25,4): 6.376635144612552e-33
(25,19): 4.1205079554585727e-32
(25,20): 1.8967383054260906e-32
(25,22): 9.859804462861078e-32
(25,23): 6.67448102160314e-32
(25,24): 9.617996899499684e-33
(25,27): 1.7488716955418042e-31
(25,37): 1.8588683443211296e-31
(25,45): 2.0322743322185564e-31
(25,46): 6.91267144191026e-32
(26,0): 1.7390182610828302e-32
(26,7): 2.773669139956613e-32
(26,10): 2.702262780526753e-33
(26,15): 2.850228958455974e-34
(26,17): 1.2145677830436203e-32
(26,18): 3.628698531084599e-33
(26,21): 8.862068808580519e-33
(26,39): 9.096385534191298e-32
(27,4): 1.7169961678788615e-31
(27,19): 1.109503226441701e-30
(27,20): 5.10726622635662e-31
(27,22): 2.654907593874534e-30
(27,23): 1.797195633537159e-30
(27,25): 1.7652127127103252e-31
(28,0): 5.776105937504155e-32
(28,7): 9.212602546426869e-32
(28,10): 8.975498135963115e-33
(28,15): 9.466892427160256e-34
(28,17): 4.034156434320755e-32
(28,18): 1.2052630840412896e-32
(28,21): 2.9435139677182237e-32
(29,1): 1.3372796366663553e-31
(29,4): 4.436438519162974e-32
(29,7): 1.1369711675065746e-31
(29,15): 1.1683631408746272e-33
(29,17): 4.978782813020782e-32
(29,19): 2.8667970333786158e-31
(29,20): 1.31962429926418e-31
(29,21): 3.6327586151039424e-32
(29,50): 6.495517061316156e-31
(30,1): 1.420759954077572e-31
(30,2): 1.625552017300146e-30
(30,31): 1.206985092164432e-30
(30,37): 1.3740104261959344e-30
(30,47): 5.454895640923035e-31
(31,4): 1.6029092689564149e-31
(31,30): 1.211062176770824e-30
(31,47): 1.8550653144676883e-30
(31,49): 9.355967012947506e-32
(31,50): 2.3468836872924075e-30
(32,13): 3.3326149405310845e-32
(32,15): 2.0262651830566338e-33
(32,20): 2.288593696601798e-31
(32,21): 6.300161302504694e-32
(33,7): 1.5386827261656218e-31
(33,14): 1.781997420221564e-32
(33,34): 3.467169370765896e-32
(34,9): 2.443377965844399e-33
(34,10): 8.929492225807808e-34
(34,11): 7.693861053365391e-33
(34,16): 6.749442902469352e-34
(34,19): 2.310972229080295e-32
(34,21): 2.9284484647761006e-33
(34,33): 3.4396101995844553e-32
(35,9): 6.609768882096023e-32
(36,9): 1.1938285362120627e-31
(36,41): 3.3008611117982824e-30
(36,50): 2.558386718293487e-30
(37,25): 1.87689549058647e-31
(37,30): 1.3793460420740908e-30
(38,13): 3.7064153850000547e-32
(38,15): 2.253522587546145e-33
(38,23): 8.956627484338983e-31
(39,10): 1.309568885488376e-32
(39,26): 9.13707409565066e-32
(39,40): 1.593180054862964e-31
(40,11): 4.066230973177292e-32
(40,16): 3.567102627101511e-33
(40,39): 1.5886163155953316e-31
(40,43): 3.317596530831391e-32
(41,14): 3.5064873058122e-32
(41,36): 3.297336885694969e-30
(41,49): 6.895763131168033e-32
(41,50): 1.729744263054207e-30
(42,15): 5.700953277578224e-33
(43,8): 1.2379467493767433e-32
(43,14): 3.236703123838029e-33
(43,16): 2.058064325627292e-33
(43,40): 3.312538378639803e-32
(44,10): 2.2596862187062848e-33
(44,13): 3.920057662905365e-33
(44,15): 2.383418799991587e-34
(44,16): 1.7079925570608145e-33
(44,20): 2.692006371910638e-32
(44,21): 7.41069548451184e-33
(44,24): 1.3650752879238228e-32
(45,15): 5.2573360359152934e-33
(45,25): 2.052343312171275e-31
(46,17): 7.597241736009934e-32
(46,18): 2.2697692419056537e-32
(46,25): 6.959769974064657e-32
(47,17): 8.112125306338183e-32
(47,24): 1.0902907586927655e-31
(47,30): 5.4613928332989e-31
(47,31): 1.851021990059052e-30
(48,6): 4.475636553785494e-32
(48,16): 2.4468664290014564e-33
(48,18): 4.3470277005087445e-33
(48,24): 1.955588842352833e-32
(49,8): 4.103455720126766e-33
(49,10): 9.02551909401045e-34
(49,15): 9.519724354950617e-35
(49,18): 1.2119800424328805e-33
(49,21): 2.959918101586544e-33
(49,24): 5.452227856493844e-33
(49,31): 9.256495505486574e-32
(49,41): 6.828384382726075e-32
(49,50): 5.292451725594201e-32
(50,29): 6.508513797056587e-31
(50,31): 2.3429298885335297e-30
(50,36): 2.5536087569353608e-30
(50,41): 1.728346083053565e-30
(50,49): 5.340435404994767e-32
