Interaction name: 6e9w

Affinity: 6.550000190734863
Predicted value: 7.264621734619141

Shapley values for edges: 

(0,18): 0.01908513069152832
(0,19): 0.014533271789550781
(0,20): 0.018185219764709472
(0,22): 0.01402933120727539
(0,23): 0.01462493896484375
(1,4): 9.799480438232421e-05
(1,7): 0.011242074966430664
(1,9): 0.013119559288024902
(1,10): 0.01291196346282959
(1,11): 0.009818811416625977
(1,23): 0.0040693855285644535
(1,24): 0.009604811668395996
(2,3): 0.0040286540985107425
(2,6): 0.008659887313842773
(2,11): 0.0035202789306640627
(2,12): 0.005246038436889648
(2,13): 0.0076756620407104495
(2,14): 0.006688957214355469
(2,15): 0.009670639038085937
(2,16): 0.010857720375061036
(2,24): 0.00767819881439209
(2,25): 0.0005360746383666992
(3,2): 0.006008338928222656
(3,5): 0.0049708843231201175
(3,6): 0.006084918975830078
(3,11): 0.0028795814514160157
(3,12): 0.008618593215942383
(3,14): 0.006368012428283692
(3,15): 0.010101938247680664
(3,16): 0.005569214820861816
(3,24): 0.002924065589904785
(3,25): 0.009197793006896972
(4,1): 0.010322084426879883
(4,7): 0.005572824478149414
(4,9): 0.00632443904876709
(4,10): 0.0066700935363769535
(4,11): 0.010193538665771485
(4,13): 0.009537057876586914
(4,15): 0.0036663198471069336
(5,3): -0.0005699872970581054
(5,6): -0.000316929817199707
(5,11): -0.0015859651565551759
(5,13): 0.001919417381286621
(5,14): -0.0016898059844970704
(5,15): 0.0009185838699340821
(5,26): 0.0029022979736328127
(6,2): -0.004883809089660645
(6,3): -0.0015704917907714843
(6,5): -0.00010381221771240235
(6,11): -0.0017394685745239257
(6,12): -0.002046327590942383
(6,13): 0.0013966798782348634
(6,14): -0.001308903694152832
(6,15): -0.00015400886535644532
(6,34): 0.00842454433441162
(7,1): -0.018869662284851076
(7,4): -0.016022629737854004
(7,8): 0.00042706966400146484
(7,9): 0.0008485937118530274
(7,10): 0.0005767250061035156
(7,17): 0.004469552040100098
(7,21): 0.0026019001007080078
(7,30): -0.000936579704284668
(7,32): 0.004654250144958496
(7,36): 0.0034862470626831053
(8,7): 0.00039083003997802734
(8,9): 0.0015830707550048828
(8,10): 0.003578801155090332
(8,17): 0.0005131292343139648
(8,18): -0.005294017791748047
(8,19): -0.0025789642333984373
(8,20): -0.002270026206970215
(8,21): 0.0008791399002075196
(8,22): -0.034368133544921874
(8,35): 0.00561516284942627
(8,36): 0.001807565689086914
(8,37): 0.003744339942932129
(9,1): -0.017150263786315918
(9,4): -0.020459814071655272
(9,7): -0.00038965702056884764
(9,8): 0.0030770301818847656
(9,10): -0.0004921436309814453
(9,17): 0.0012488651275634765
(9,19): -0.000903167724609375
(9,21): 0.0007016658782958984
(10,1): -0.013200993537902833
(10,4): -0.00478724479675293
(10,7): -0.0004506397247314453
(10,8): 0.0006714153289794922
(10,9): -5.8817863464355466e-05
(10,17): 0.00040585994720458983
(10,19): -0.0013814401626586915
(10,21): 0.0016157007217407226
(10,33): 0.0031584739685058595
(10,39): 0.005774722099304199
(11,1): -0.01901057243347168
(11,2): -0.00396268367767334
(11,3): -0.001988983154296875
(11,4): -0.008526782989501953
(11,5): 0.00431610107421875
(11,6): 0.005039935111999512
(11,13): 0.006213154792785645
(11,14): 0.002748236656188965
(11,15): 0.0019125080108642579
(11,16): 0.0011527156829833985
(11,33): 0.005506076812744141
(12,2): -0.003993124961853028
(12,3): -0.0015032625198364259
(12,6): -5.6915283203125e-05
(12,14): -0.00047305107116699216
(12,15): -0.0016240978240966797
(12,16): -0.00023563385009765626
(12,30): 0.003707127571105957
(12,31): 0.004869728088378906
(12,34): 0.007718067169189453
(13,2): -0.0045600605010986325
(13,4): -0.033618531227111816
(13,5): 0.0010411357879638672
(13,6): 0.0008889007568359375
(13,11): -0.003248872756958008
(13,14): 0.00018242359161376953
(13,15): -0.0011632251739501953
(13,29): 0.009446797370910644
(13,32): 0.004138936996459961
(13,33): 0.0009912347793579101
(13,36): 0.004895572662353516
(13,37): 0.004875621795654297
(14,2): -0.00445444107055664
(14,3): -0.005671381950378418
(14,5): 0.0017453241348266602
(14,6): 0.0009197425842285156
(14,11): -0.0032547664642333983
(14,12): 0.0008179616928100586
(14,13): 0.0031487464904785155
(14,15): 0.0004800605773925781
(14,16): 0.0006130409240722657
(14,30): 0.0024405622482299803
(15,2): -0.005881214141845703
(15,3): -0.0055297470092773434
(15,4): -0.012759265899658203
(15,5): 0.002017202377319336
(15,6): 0.00019861221313476562
(15,11): -0.001434473991394043
(15,12): -6.0272216796875e-06
(15,13): 0.0015301847457885743
(15,14): -0.000708003044128418
(15,16): 0.0016094064712524414
(15,39): 0.004574236869812012
(16,2): -0.008754658699035644
(16,3): -0.004598913192749024
(16,11): -0.002053680419921875
(16,12): -0.0015047645568847655
(16,14): -0.0015446567535400391
(16,15): 0.0005222654342651367
(16,32): 0.004462194442749023
(17,7): 0.00024343490600585937
(17,8): -0.0001412057876586914
(17,9): 0.0015672540664672851
(17,10): 0.0008453559875488281
(17,18): -0.003151226043701172
(17,19): -0.0024677133560180664
(17,20): -0.00180452823638916
(17,21): 0.0007364225387573243
(18,0): -0.016544594764709472
(18,8): 0.002249250411987305
(18,17): 0.004489941596984863
(18,19): -0.0019966411590576173
(18,20): 1.220703125e-05
(18,21): 0.004024481773376465
(18,22): -0.01893172264099121
(18,27): 0.01424067497253418
(18,37): 0.00769963264465332
(18,38): 0.009447541236877442
(19,0): -0.017236928939819336
(19,8): 0.00412205696105957
(19,9): 0.002762441635131836
(19,10): 0.002934327125549316
(19,17): 0.0027998542785644532
(19,18): -0.001501007080078125
(19,20): -0.0035243844985961914
(19,21): 0.003659682273864746
(19,22): -0.020214791297912597
(19,36): 0.006073250770568848
(20,0): -0.018651256561279295
(20,8): 0.0017139196395874023
(20,17): 0.003987736701965332
(20,18): -8.331298828125e-05
(20,19): 0.0014265108108520508
(20,21): 0.004418597221374511
(20,22): -0.029441418647766112
(20,35): 0.009438848495483399
(21,7): 0.0001603221893310547
(21,8): -2.7594566345214843e-05
(21,9): -0.00020752429962158202
(21,10): 0.0006514549255371094
(21,17): -4.6105384826660155e-05
(21,18): -0.003096427917480469
(21,19): -0.0025002717971801757
(21,20): -0.0011427164077758788
(21,28): 0.00920344352722168
(21,38): 0.00572488784790039
(21,39): 0.004148154258728027
(22,0): 0.03721840381622314
(22,8): 0.016010513305664064
(22,18): 0.020200181007385253
(22,19): 0.008606500625610351
(22,20): 0.012597899436950683
(23,0): 0.013807034492492676
(23,1): 0.013407306671142578
(23,27): 0.0167221736907959
(24,1): 0.009675350189208985
(24,2): 0.008445978164672852
(24,3): 0.007565207481384277
(24,26): 0.01106238842010498
(24,33): 0.010626749992370605
(25,2): 0.007043728828430176
(25,3): 0.009345078468322754
(25,30): 0.013651981353759765
(25,31): 0.014149336814880372
(26,5): 0.001070394515991211
(26,24): -0.03960036277770996
(26,33): -0.001362314224243164
(27,18): -0.0014076566696166993
(27,23): -0.048281073570251465
(28,21): -0.0031874608993530274
(28,37): -0.0034033727645874025
(29,13): -0.003895015716552734
(29,35): -0.0013579940795898438
(30,7): 0.00038024425506591794
(30,12): -0.001353907585144043
(30,14): -0.0002445363998413086
(30,25): -0.030861549377441407
(31,12): 0.0002836465835571289
(31,25): -0.030997910499572755
(32,7): 0.0001431131362915039
(32,13): -0.0018855524063110351
(32,16): -0.0033347368240356444
(32,35): 0.0022838306427001953
(33,10): 0.0025156211853027345
(33,11): -0.0007841587066650391
(33,13): 0.0038324069976806642
(33,24): -0.03724597930908203
(33,26): 0.0016759824752807617
(34,6): -0.0021869659423828123
(34,12): -0.002469215393066406
(35,8): -0.0018056344985961914
(35,20): -0.003614792823791504
(35,29): 0.002876152992248535
(35,32): 0.0006672286987304687
(36,7): -0.0014205741882324218
(36,8): -0.0024111413955688475
(36,13): -0.0011548280715942382
(36,19): -0.0016505050659179688
(37,8): -0.002807755470275879
(37,13): -0.0026882266998291015
(37,18): -0.005688276290893555
(37,28): 0.004093232154846191
(38,18): -0.005543127059936524
(38,21): -0.0025978565216064455
(39,10): -0.0015871334075927735
(39,15): -0.0019573259353637697
(39,21): -0.0015619325637817383
