Interaction name: 4yb6

Affinity: 5.320000171661377
Predicted value: 6.400643348693848

Attributions for edges: 

(0,1): 9.008150588138463e-26
(0,2): 9.007016600587208e-26
(0,3): 7.659274861110726e-26
(0,13): 2.6790771442766294e-25
(0,14): 1.5472338155694288e-25
(0,19): 1.2943264884697697e-25
(0,20): 1.8149682764207826e-25
(0,21): 2.284187426707865e-25
(0,22): 9.498618692983805e-26
(0,23): 1.4997850647155493e-25
(0,24): 1.4997048227703464e-25
(0,25): 1.5700293072804708e-25
(1,0): 9.010762457291843e-26
(1,2): 9.795428841168375e-26
(1,3): 8.329714802208837e-26
(1,14): 1.6826616347327624e-25
(1,15): 1.9244034985356332e-25
(1,19): 1.4076229381966443e-25
(1,20): 1.9738382067184065e-25
(1,21): 2.4841200323125716e-25
(1,22): 1.0330062679647196e-25
(1,23): 1.6310658174482328e-25
(1,24): 1.6309723867347707e-25
(1,25): 1.7074523282364314e-25
(2,0): 9.009284575689718e-26
(2,1): 9.79498017652853e-26
(2,3): 8.328284991818124e-26
(2,13): 2.913085089720423e-25
(2,14): 1.6823791239210802e-25
(2,20): 1.9734993663077108e-25
(2,21): 2.483702922108936e-25
(2,22): 1.0328288975205613e-25
(2,23): 1.6307857718268794e-25
(2,24): 1.6306987506082722e-25
(2,25): 1.7071657498607066e-25
(3,0): 7.658544548475814e-26
(3,1): 8.326474925819192e-26
(3,2): 8.32545926740372e-26
(3,4): 9.269351062023291e-26
(3,13): 2.4763522175864734e-25
(3,14): 1.4301497241618454e-25
(3,15): 1.6356203798402362e-25
(3,16): 6.388027977537394e-26
(3,18): 1.4374899516254104e-25
(3,19): 1.1963897768651304e-25
(3,20): 1.6776240182958276e-25
(3,22): 8.779861637738488e-26
(3,23): 1.386291523021886e-25
(3,24): 1.386212143893298e-25
(3,25): 1.4512201989402986e-25
(4,3): 9.27925558046689e-26
(4,5): 1.0060479942346813e-25
(4,6): 1.0951209907525474e-25
(4,10): 2.6416602389468324e-25
(4,11): 2.2096918401613847e-25
(4,14): 1.8744826548200174e-25
(4,15): 2.143782758049202e-25
(4,16): 8.372755176457212e-26
(4,17): 2.2052276886246906e-26
(4,18): 1.8841034298567698e-25
(4,22): 1.1507630481832786e-25
(4,25): 1.9020994425166406e-25
(5,4): 1.0053573711640636e-25
(5,6): 9.062194339419506e-26
(5,11): 1.82854062829511e-25
(5,14): 1.5511460726212592e-25
(5,15): 1.7739934851489224e-25
(5,16): 6.928506782285837e-26
(5,17): 1.824839576424701e-26
(5,18): 1.559107281528653e-25
(5,19): 1.297604205530963e-25
(5,24): 1.5034912318558908e-25
(5,25): 1.5740052895023011e-25
(6,4): 1.0947200275455656e-25
(6,5): 9.065098333626851e-26
(6,9): 9.282406710004698e-26
(6,10): 2.380294843829007e-25
(6,15): 1.9316775356388696e-25
(6,16): 7.54435631614749e-26
(6,17): 1.9870429370849494e-26
(6,18): 1.697697077067242e-25
(6,19): 1.4129489819020505e-25
(6,24): 1.6371372114495565e-25
(7,8): 2.5798349295036076e-26
(7,9): 4.874831599505747e-26
(7,12): 2.1077213992514625e-26
(7,18): 8.915709032295786e-26
(7,20): 1.0405086433221625e-25
(7,22): 5.445533329536679e-26
(8,7): 2.5793919656163985e-26
(8,9): 4.6101715391432176e-26
(8,12): 1.9933062153384923e-26
(9,6): 9.281557451936421e-26
(9,7): 4.884995579231454e-26
(9,8): 4.6206128527809164e-26
(9,11): 1.8728029973894788e-25
(9,17): 1.869019793051362e-26
(9,18): 1.596847743089107e-25
(10,4): 2.6485620323104176e-25
(10,6): 2.3873788147578915e-25
(10,11): 4.8171771455798455e-25
(10,14): 4.086414120395131e-25
(10,15): 4.6734585215621555e-25
(10,16): 1.8252652531647291e-25
(10,17): 4.807426516642523e-26
(10,18): 4.1073714429374917e-25
(11,4): 2.2142314881518987e-25
(11,5): 1.833541636655662e-25
(11,9): 1.8774813123359888e-25
(11,10): 4.814458040647162e-25
(11,15): 3.907085575558666e-25
(11,16): 1.525944801668326e-25
(11,17): 4.0190543354041986e-26
(11,18): 3.433801572938399e-25
(12,7): 2.1060578580026986e-26
(12,8): 1.9920746986948533e-26
(13,0): 2.689275390147907e-25
(13,2): 2.923448996381797e-25
(13,3): 2.4859972747479647e-25
(13,14): 5.021909723273789e-25
(13,15): 5.743410288836044e-25
(14,0): 1.5508385401277395e-25
(14,1): 1.6861056288816344e-25
(14,2): 1.685886843239952e-25
(14,3): 1.4336292170514522e-25
(14,4): 1.877022786934829e-25
(14,5): 1.5543208679862245e-25
(14,10): 4.0812889897015233e-25
(14,13): 5.014558525713261e-25
(14,15): 3.312082553934093e-25
(14,16): 1.2935663470318794e-25
(14,17): 3.4070258465522097e-26
(14,18): 2.910885646909054e-25
(15,1): 1.9292768100371524e-25
(15,3): 1.6403818949603437e-25
(15,4): 2.1477445654266416e-25
(15,5): 1.7784929505370767e-25
(15,6): 1.9359559967140456e-25
(15,10): 4.669894349384754e-25
(15,11): 3.9063102732002534e-25
(15,13): 5.737782752353424e-25
(15,14): 3.313712784298539e-25
(15,16): 1.4801366349782734e-25
(15,17): 3.898389123635703e-26
(15,18): 3.3307073133873282e-25
(16,3): 6.389440531595806e-26
(16,4): 8.36563509049001e-26
(16,5): 6.927370329544253e-26
(16,6): 7.54067332179624e-26
(16,10): 1.818960775417816e-25
(16,11): 1.5215330970558776e-25
(16,14): 1.2907172033093507e-25
(16,15): 1.4761387125625166e-25
(16,17): 1.5184533964078464e-26
(16,18): 1.297336855639803e-25
(16,27): 2.2349105831507733e-26
(17,4): 2.194971572410444e-26
(17,5): 1.8175933035275428e-26
(17,6): 1.978526166722078e-26
(17,9): 1.8611649262917774e-26
(17,10): 4.7725995402721795e-26
(17,11): 3.9921917726886766e-26
(17,14): 3.386578325369848e-26
(17,15): 3.8731156842358936e-26
(17,16): 1.5126777636162224e-26
(17,18): 3.4039600742295363e-26
(17,26): 4.166543841660221e-28
(18,3): 1.4410696545018837e-25
(18,4): 1.8867864197511364e-25
(18,5): 1.5623996664723027e-25
(18,6): 1.7007243307910277e-25
(18,7): 8.951116560988566e-26
(18,9): 1.5998414702244208e-25
(18,10): 4.1025014594429163e-25
(18,11): 3.4316669646326777e-25
(18,14): 2.911085327325688e-25
(18,15): 3.3292977175573114e-25
(18,16): 1.3002899071346912e-25
(18,17): 3.4247212908812396e-26
(19,0): 1.296080471388722e-25
(19,1): 1.4091163504978408e-25
(19,3): 1.1981162729119165e-25
(19,5): 1.2989859447102642e-25
(19,6): 1.41398966199936e-25
(19,20): 2.8390975789007116e-25
(19,24): 2.345922941593363e-25
(19,25): 2.4559473441968004e-25
(20,0): 1.819252160914682e-25
(20,1): 1.977915754781784e-25
(20,2): 1.9776593749875873e-25
(20,3): 1.6817376813975223e-25
(20,7): 1.0445970382229869e-25
(20,19): 2.8419364920833758e-25
(20,24): 3.29285826019289e-25
(21,0): 2.2911952232555894e-25
(21,1): 2.4910282351710117e-25
(21,2): 2.490724030684436e-25
(22,0): 9.503547841046272e-26
(22,1): 1.0332426180874948e-25
(22,2): 1.0331166468616923e-25
(22,3): 8.785254857880355e-26
(22,4): 1.1502453582142273e-25
(22,7): 5.456887379893622e-26
(22,23): 1.7202665108251316e-25
(22,27): 3.0729232235196896e-26
(23,0): 1.502573811275022e-25
(23,1): 1.6336126055769323e-25
(23,2): 1.633413171679331e-25
(23,3): 1.388996453110179e-25
(23,22): 1.7225517422599437e-25
(23,27): 4.8584390082654963e-26
(24,0): 1.5024075341873434e-25
(24,1): 1.63343190712583e-25
(24,2): 1.633232473228229e-25
(24,3): 1.3888480486523842e-25
(24,5): 1.5057698072768151e-25
(24,6): 1.6390868072211004e-25
(24,19): 2.346988396853477e-25
(24,20): 3.2910497965676707e-25
(25,0): 1.573110671931974e-25
(25,1): 1.7103011021804108e-25
(25,2): 1.7100857678051887e-25
(25,3): 1.4542016001239683e-25
(25,4): 1.9039724941284748e-25
(25,5): 1.5766312102405556e-25
(25,19): 2.4574373052315366e-25
(26,17): 4.139390155374306e-28
(27,16): 2.2284066406913799e-26
(27,22): 3.0627647904722224e-26
(27,23): 4.835936442795276e-26
