Interaction name: 5ko1

Affinity: 6.639999866485596
Predicted value: 6.928424835205078

Shapley values for edges: 

(0,1): 0.011084060668945312
(0,3): 0.07814357757568359
(0,4): 0.04283971786499023
(0,6): 0.07739060401916503
(0,20): -0.010006332397460937
(0,21): 0.14166468143463135
(1,0): -0.020753259658813476
(1,6): 0.030852789878845214
(1,20): -0.005072765350341797
(1,21): -0.11009200096130371
(2,3): -0.00011655330657958985
(2,5): -0.011312079429626466
(2,7): 0.008464169502258301
(2,10): -0.030658349990844727
(2,12): -0.01111093521118164
(2,19): 0.0075897216796875
(3,0): -0.0948224401473999
(3,2): -0.02143078327178955
(3,4): -0.00033793926239013674
(3,5): -0.047790417671203615
(3,10): -0.03928624629974365
(3,12): 0.01063683032989502
(3,13): 0.03253323554992676
(3,19): 0.008543300628662109
(3,21): 0.06305827140808105
(4,0): -0.056601061820983886
(4,3): 0.031729121208190915
(4,6): -0.02252063274383545
(4,10): -0.0015845775604248046
(4,12): -0.010137434005737305
(4,19): 0.016915912628173827
(5,2): 0.006858344078063965
(5,3): 0.03234312534332275
(5,7): 0.044223909378051755
(5,8): 0.01058145523071289
(5,9): 0.010602378845214843
(5,10): 0.01668858528137207
(5,12): -0.0003494119644165039
(5,13): 0.06600786209106445
(5,14): 0.009459967613220216
(6,0): -0.032565736770629884
(6,1): -0.07773298263549805
(6,4): 0.013035969734191894
(6,22): -0.031588625907897946
(7,2): -0.038876943588256836
(7,5): 0.04355245590209961
(7,8): -0.016898627281188964
(7,9): 0.027670626640319825
(7,11): 0.045469260215759276
(7,14): 0.005050311088562012
(7,16): 0.005121316909790039
(7,24): 0.011805930137634278
(7,25): 0.00523219108581543
(7,28): 0.041486997604370114
(7,29): 0.0022979736328125
(8,5): 0.00909280300140381
(8,7): -0.041849279403686525
(8,9): 0.0029112911224365235
(8,11): 0.008343305587768555
(8,14): 0.022654857635498047
(8,16): -0.015507473945617675
(9,5): 0.008169445991516113
(9,7): 0.023919053077697754
(9,8): 0.0003142595291137695
(9,11): 0.01989438533782959
(9,14): -0.04717242240905762
(9,16): -0.013742003440856933
(10,2): -0.022892589569091796
(10,3): 0.0090887451171875
(10,4): -0.03712096214294434
(10,5): 0.011358389854431153
(10,12): -0.016650447845458983
(10,13): 0.004729747772216797
(10,15): -0.0035969352722167967
(10,17): -0.018762736320495604
(10,19): -0.0008527612686157226
(10,23): -0.03367329120635986
(10,24): 0.005800442695617676
(11,7): 0.05600038528442383
(11,8): -0.004623045921325683
(11,9): -0.015082826614379883
(11,14): 0.0423967170715332
(11,16): -0.01590543270111084
(12,2): -0.06108485698699951
(12,3): -0.011028199195861817
(12,4): -0.053524012565612795
(12,5): -0.012260932922363282
(12,10): -0.045024356842041015
(12,13): -0.016816258430480957
(12,15): -0.017184805870056153
(12,17): 0.012234296798706055
(12,18): -0.0057725334167480465
(12,19): -0.030586891174316407
(12,26): 0.017436261177062987
(13,3): -0.03371769428253174
(13,5): 0.013274164199829101
(13,10): 0.008529176712036133
(13,12): 0.0005466699600219727
(13,15): -0.035817804336547854
(13,17): -0.0016176033020019532
(13,18): 0.006208434104919434
(13,19): 0.001492466926574707
(13,24): 0.00807011604309082
(13,25): 0.003388509750366211
(13,28): 0.02860297679901123
(14,5): 0.029322304725646973
(14,7): 0.004081978797912598
(14,8): 0.03324026107788086
(14,9): -0.03186244487762451
(14,11): 0.05377932548522949
(14,16): 0.005296568870544433
(14,24): 0.018669190406799315
(14,25): 0.018368029594421388
(14,29): 0.022837977409362793
(15,10): -0.003689274787902832
(15,12): -0.01697629451751709
(15,13): -0.0036525392532348634
(15,17): -0.007695560455322266
(15,18): -0.015489253997802734
(15,19): -0.0023985385894775392
(15,27): 0.007411212921142578
(15,28): 0.026163725852966307
(16,7): 0.005943741798400879
(16,8): -0.0469325590133667
(16,9): -0.04041168689727783
(16,11): -0.010182752609252929
(16,14): -0.002183852195739746
(16,26): -0.011921916007995605
(16,28): -0.00011481285095214844
(17,10): 0.00550079345703125
(17,12): -0.014305481910705567
(17,13): 0.031302299499511715
(17,15): 0.000101318359375
(17,18): -0.01408670425415039
(17,19): -0.02768237590789795
(18,12): -0.023012981414794922
(18,13): 0.03350580215454101
(18,15): -0.049173951148986816
(18,17): -0.022975959777832032
(18,19): -0.028579449653625487
(18,29): -0.003302011489868164
(19,2): -0.08975945472717285
(19,3): -0.035009732246398924
(19,4): -0.04571991920471191
(19,10): -0.01088404655456543
(19,12): -0.01745490074157715
(19,13): 0.016546597480773927
(19,15): 0.0030864763259887697
(19,17): -0.011522326469421387
(19,18): 0.002402310371398926
(19,29): 0.005967192649841309
(20,0): 0.1360021114349365
(20,1): 0.14163407325744629
(21,0): 0.12218251705169678
(21,1): -0.011033101081848145
(21,3): 0.06867270946502685
(21,22): 0.04329638481140137
(22,6): -0.020078182220458984
(22,21): -0.030992093086242675
(23,10): 0.002727680206298828
(23,25): -0.04429130554199219
(24,7): 0.03075575828552246
(24,10): -0.004300203323364258
(24,13): 0.03188992977142334
(24,14): 0.014153060913085937
(24,27): 0.019698829650878907
(25,7): 0.034137940406799315
(25,13): 0.06419394493103027
(25,14): 0.04153333187103272
(25,23): -0.017637667655944825
(26,12): 0.012929177284240723
(26,16): -0.03278656959533691
(27,15): -0.021144719123840333
(27,24): -0.06833534240722657
(27,29): -0.04024653911590576
(28,7): 0.04432550430297852
(28,13): 0.05792160987854004
(28,15): -0.02608672618865967
(28,16): 0.009205727577209473
(29,7): 0.08417438983917236
(29,14): -0.0016033124923706054
(29,18): -0.0014265823364257814
(29,19): 0.0017285680770874024
(29,27): 0.029679112434387207
