Interaction name: 5mi7

Affinity: 7.110000133514404
Predicted value: 7.306862831115723

Shapley values for edges: 

(0,4): 0.022405147552490234
(0,5): -0.054262790679931644
(0,8): 0.012931189537048339
(0,13): -0.10375267028808594
(0,14): -0.008078227043151856
(0,15): -0.011176390647888184
(0,16): -0.02927955150604248
(0,22): -0.054287567138671874
(0,23): 0.0006445932388305664
(0,24): 0.0488217830657959
(1,2): 0.036787099838256836
(1,8): -0.012034902572631836
(1,10): -0.008059120178222657
(1,14): -0.026543831825256346
(1,15): 0.01978736400604248
(1,16): 0.013844060897827148
(1,22): 0.07085721969604492
(1,23): -0.002828512191772461
(1,24): 0.0553802490234375
(2,1): 0.039948863983154295
(2,3): -9.05609130859375e-05
(2,4): 0.005363807678222656
(2,9): -0.010873332023620605
(2,11): -0.004804272651672364
(2,14): 0.022807207107543945
(2,15): 0.014768366813659667
(2,16): 0.03137238025665283
(2,17): 0.03637239456176758
(2,23): -0.025885939598083496
(2,24): -0.04637388229370117
(2,26): 0.011224861145019532
(3,2): -0.006710863113403321
(3,4): 0.021866908073425294
(3,5): -0.04441896915435791
(3,6): -0.02822911262512207
(3,7): -0.0010242748260498047
(3,10): 0.005655803680419922
(3,15): 0.0031936979293823243
(3,16): 0.008916654586791993
(3,17): -0.0242698335647583
(3,23): -0.01457244873046875
(3,27): 0.08139088153839111
(4,0): 0.02169921398162842
(4,2): 0.010067181587219238
(4,3): -0.005974545478820801
(4,5): 0.010229454040527344
(4,6): -0.029457144737243653
(4,8): -0.0011557245254516602
(4,10): 0.008900046348571777
(4,11): 0.013488864898681641
(4,14): 0.0331245231628418
(4,15): 0.04049523830413818
(4,16): 0.02614424705505371
(4,17): 0.01619880199432373
(4,23): 0.024076948165893553
(4,24): 0.06640063762664795
(5,0): 0.010267372131347657
(5,3): -0.013122124671936035
(5,4): 0.006790437698364258
(5,6): 0.00968508243560791
(5,7): -0.002960505485534668
(5,8): 0.007308735847473145
(5,11): 0.0037334918975830077
(5,12): 0.0008857107162475586
(5,14): 0.0006263542175292968
(5,15): -0.00590273380279541
(5,16): -0.029333009719848632
(5,21): 0.011960854530334472
(5,22): 0.061639628410339355
(6,3): -0.003799929618835449
(6,4): 0.053546576499938964
(6,5): 0.10085645198822021
(6,7): -0.020141096115112306
(6,11): 0.0023756980895996093
(6,12): 0.03516537189483643
(6,16): 0.03435057640075684
(6,21): -0.010279712677001953
(7,3): -0.002541365623474121
(7,5): -0.02379676342010498
(7,6): -0.01887995719909668
(7,11): -0.0045084810256958005
(7,12): 0.06032814502716064
(7,18): -0.014817171096801758
(7,21): -0.016190452575683592
(8,0): 0.0074042797088623045
(8,1): -0.051951942443847654
(8,4): -0.07836146354675293
(8,5): -0.037610712051391604
(8,9): -0.041951713562011717
(8,13): -0.11283098220825195
(8,14): 0.0430548095703125
(8,15): 0.007284245491027832
(8,16): -0.028069233894348143
(8,25): -0.07690093994140625
(9,2): -0.01845682144165039
(9,8): -0.03368432998657227
(9,10): -0.026326146125793457
(9,14): -0.00016797542572021484
(9,15): 0.03180431365966797
(9,16): 0.016711330413818358
(10,1): -0.03493946075439453
(10,3): -0.04445838928222656
(10,4): -0.024799208641052246
(10,9): -0.027267956733703615
(10,11): -0.06125847339630127
(10,14): 0.0437749195098877
(10,15): 0.011834197044372559
(10,16): -0.00292935848236084
(10,17): 0.05575475215911865
(11,2): 0.0025394392013549805
(11,4): -0.01115260124206543
(11,5): -0.0682146692276001
(11,6): -0.0649277400970459
(11,7): -0.041116704940795896
(11,10): -0.024325146675109863
(11,15): 0.025087618827819826
(11,16): 0.016745619773864746
(11,17): 0.03343472957611084
(12,5): 0.014596991539001465
(12,6): -0.015065708160400391
(12,7): -0.020522894859313964
(12,18): -0.035734033584594725
(12,19): 0.0061700201034545895
(12,20): 0.023130526542663576
(12,21): -0.01322793483734131
(12,25): 0.013566679954528808
(12,27): -0.012122116088867187
(13,0): -0.0485849666595459
(13,8): -0.020150651931762697
(13,28): 0.03753962516784668
(13,29): 0.013841376304626465
(13,30): 0.033559436798095706
(13,31): 0.08234797954559327
(13,32): 0.030010504722595213
(13,35): 0.04830246448516846
(14,0): -0.06996329307556153
(14,1): -0.020217161178588867
(14,2): -0.009637017250061036
(14,4): -0.03700867652893067
(14,5): -0.06967392444610596
(14,8): 0.0367977237701416
(14,9): -0.016607799530029298
(14,10): 0.0087788724899292
(14,15): 0.05037968635559082
(14,16): 0.04070649147033691
(14,17): 0.0406836462020874
(14,33): 0.019481897354125977
(14,34): 0.006801867485046386
(14,37): 0.014945793151855468
(15,0): -0.02358255386352539
(15,1): -0.03368638038635254
(15,2): -0.017917413711547852
(15,3): -0.012763676643371582
(15,4): -0.013658485412597655
(15,5): -0.07963852405548096
(15,8): 0.0059641218185424805
(15,9): -0.023420734405517576
(15,10): -0.023754539489746093
(15,11): -0.06966225624084472
(15,14): 0.033455305099487305
(15,16): 0.032081985473632814
(15,17): 0.0498893928527832
(15,28): 0.035291833877563475
(15,35): 0.010066266059875489
(16,0): -0.06321959018707275
(16,1): -0.06909223556518555
(16,2): -0.0001062631607055664
(16,3): -0.040408391952514645
(16,4): -0.027929244041442872
(16,5): -0.07112750053405761
(16,6): -0.11215909004211426
(16,8): 0.006023640632629394
(16,9): -0.02493835926055908
(16,10): -0.01451524257659912
(16,11): -0.0394408369064331
(16,14): 0.03317485332489014
(16,15): 0.0436667537689209
(16,17): 0.046991887092590334
(16,29): 0.013426961898803711
(17,2): -0.03039108753204346
(17,3): -0.013691701889038087
(17,4): -0.01623945713043213
(17,10): -0.021964459419250487
(17,11): -0.011967577934265138
(17,14): 0.012783784866333008
(17,15): 0.01806833267211914
(17,16): 0.028143568038940428
(17,34): 0.012664585113525391
(17,36): -0.0033686685562133788
(17,37): 0.010731854438781739
(17,38): -0.016749563217163085
(18,7): -0.11406653881072998
(18,12): 0.019490036964416504
(18,19): 0.007911443710327148
(18,20): -0.04219866752624512
(18,21): -0.04801130294799805
(19,12): -0.00963386058807373
(19,18): -0.010934429168701172
(19,20): -0.0579525089263916
(19,21): -0.02165440559387207
(19,28): 0.04443057537078857
(19,29): 0.004891271591186523
(19,39): 0.020804057121276854
(20,12): 0.04022335529327393
(20,18): -0.037255678176879886
(20,19): 0.004961996078491211
(20,21): -0.08509544849395752
(21,5): 0.040267934799194334
(21,6): 0.08297948360443115
(21,7): 0.06125689506530762
(21,12): 0.09479859352111816
(21,18): -0.041560521125793455
(21,19): 0.020116429328918457
(21,20): 0.06256563663482666
(22,0): -0.01286069393157959
(22,1): 0.016256604194641113
(22,5): -0.021133346557617186
(22,31): 0.033329625129699704
(23,0): 0.011308975219726562
(23,1): 0.02168215274810791
(23,2): 0.029368128776550293
(23,3): -0.002450833320617676
(23,4): 0.015035247802734375
(23,25): -0.062384033203125
(24,0): 0.02777043342590332
(24,1): 0.04257917404174805
(24,2): 0.018825154304504394
(24,4): 0.021885490417480467
(25,8): -0.01231203556060791
(25,12): 0.10619307041168213
(25,23): -0.08106658458709717
(25,28): -0.018123831748962402
(26,2): -0.01640420436859131
(26,35): 0.028205060958862306
(27,3): -0.04847935676574707
(27,12): 0.04208428382873535
(27,30): 0.12468182563781738
(28,13): 0.010140395164489746
(28,15): 0.08146307468414307
(28,19): 0.027370915412902833
(28,25): -0.15831125259399415
(29,13): -0.0335491943359375
(29,16): 0.06597082614898682
(29,19): 0.04641183853149414
(30,13): 0.005689377784729004
(30,27): -0.03482030868530273
(30,31): 0.06035173416137695
(31,13): 0.0004983711242675782
(31,22): -0.05122494697570801
(31,30): 0.030594639778137207
(32,13): -0.017538542747497558
(32,34): 0.008544549942016602
(33,14): 0.013926968574523926
(33,35): -0.08399511337280273
(34,14): 0.006787395477294922
(34,17): 0.012125258445739745
(34,32): -0.02489016056060791
(35,13): -0.010690979957580567
(35,15): 0.002395782470703125
(35,26): -0.019270100593566895
(35,33): 0.00239166259765625
(36,17): -0.025731682777404785
(37,14): 0.06572852611541748
(37,17): -0.027684755325317383
(38,17): -0.025874533653259278
(39,19): 0.01000943660736084
