Interaction name: 1o0m

Affinity: 5.150000095367432
Predicted value: 6.28140926361084

Attributions for edges: 

(0,1): 2.729781425478743e-25
(0,8): 1.8426219187128216e-25
(0,10): 4.900769777477722e-25
(0,14): 5.433646305030647e-25
(0,15): 4.692340400366686e-25
(0,17): 5.603435302851694e-25
(0,18): 1.1981892425456494e-25
(1,0): 2.731844050226863e-25
(1,3): 1.5638724944342537e-25
(1,4): 3.7895652687223986e-25
(1,8): 2.3627986485083034e-25
(1,10): 6.284269102673674e-25
(1,14): 6.967630708658823e-25
(1,15): 6.017045429258451e-25
(1,16): 6.258049831374457e-25
(1,17): 7.185325257101679e-25
(1,20): 7.534035303797838e-25
(2,9): 1.2482693067416276e-26
(2,19): 8.632406894517962e-26
(3,1): 1.5597498333878588e-25
(3,9): 1.369805501068173e-26
(3,16): 2.7885212410766638e-25
(3,18): 6.846245846203587e-26
(3,19): 9.47289073411712e-26
(4,1): 3.7903600460844087e-25
(4,5): 3.0759387675894133e-25
(4,6): 3.4658327769568326e-25
(4,7): 6.14422361224592e-25
(4,8): 2.5585002479516635e-25
(4,10): 6.804772346928208e-25
(4,11): 1.2970308022604805e-24
(4,12): 1.7645321586226377e-24
(4,13): 1.8292252609532288e-24
(4,15): 6.515390063723392e-25
(4,16): 6.776355604969884e-25
(4,17): 7.780430091086832e-25
(4,19): 2.301997194238394e-25
(4,20): 8.158021321599264e-25
(4,21): 4.41014858431296e-25
(4,22): 4.410013491882941e-25
(5,4): 3.0729248258934033e-25
(5,6): 2.595452218385446e-25
(5,7): 4.6012141468239495e-25
(5,8): 1.9159651520400972e-25
(5,10): 5.095877759089903e-25
(5,12): 1.3213920103050632e-24
(5,13): 1.3698435512808982e-24
(5,16): 5.074597250095435e-25
(5,17): 5.826516785201078e-25
(5,18): 1.2458912917058147e-25
(5,19): 1.7238925592797866e-25
(5,20): 6.109259324774261e-25
(5,21): 3.30260759490529e-25
(5,22): 3.3025193410915184e-25
(6,4): 3.463506623362562e-25
(6,5): 2.596244530557127e-25
(6,7): 5.185988847255233e-25
(6,11): 1.0947580900842425e-24
(6,13): 1.5439625080030904e-24
(6,16): 5.719579293927383e-25
(6,18): 1.404244025072453e-25
(6,19): 1.9429920196910348e-25
(6,20): 6.885772091638236e-25
(6,21): 3.7223831623244155e-25
(6,22): 3.7222838151541642e-25
(7,4): 6.150977247670743e-25
(7,5): 4.610754433396466e-25
(7,6): 5.195195840095294e-25
(7,11): 1.944216529031164e-24
(7,12): 2.6449890840554453e-24
(7,16): 1.0157585021994026e-24
(7,19): 3.4506489301645583e-25
(7,21): 6.610675586388907e-25
(7,22): 6.610524716740783e-25
(8,0): 1.8416662876818562e-25
(8,1): 2.3597990049162005e-25
(8,4): 2.5547164273159644e-25
(8,5): 1.9150298588293445e-25
(8,11): 8.075042522093263e-25
(8,14): 4.697194360124124e-25
(8,15): 4.0563767623146438e-25
(8,16): 4.2188335445406945e-25
(8,17): 4.843932842294613e-25
(8,18): 1.0357880503615134e-25
(8,19): 1.4331753755119173e-25
(8,22): 2.7455929097287336e-25
(9,2): 1.242738883350523e-26
(9,3): 1.3631074248703853e-26
(9,23): 2.6820500405536646e-27
(10,0): 4.914154774887059e-25
(10,1): 6.296723244214851e-25
(10,4): 6.816827620674182e-25
(10,5): 5.109892859147286e-25
(10,11): 2.1546881684182036e-24
(10,14): 1.253366365080366e-24
(10,15): 1.0823711989352358e-24
(10,16): 1.1257241346654012e-24
(10,17): 1.2925212788957846e-24
(11,4): 1.3018538978350017e-24
(11,6): 1.0995712262898353e-24
(11,7): 1.949310795541855e-24
(11,8): 8.117075989351833e-25
(11,10): 2.158892402612579e-24
(11,12): 5.59816048580132e-24
(11,13): 5.8034059216912706e-24
(11,16): 2.1498686227177558e-24
(11,17): 2.4684309694143098e-24
(12,4): 1.772675372532008e-24
(12,5): 1.3287973434452123e-24
(12,7): 2.6542881764061906e-24
(12,11): 5.603159497357706e-24
(12,13): 7.902234257765095e-24
(12,16): 2.9273675643208694e-24
(13,4): 1.8378352833032635e-24
(13,5): 1.3776464703172787e-24
(13,6): 1.5522774963745725e-24
(13,11): 5.8091429126244904e-24
(13,12): 7.902957643215183e-24
(13,16): 3.0349946186333403e-24
(14,0): 5.450191676441526e-25
(14,1): 6.983570136286879e-25
(14,8): 4.713923634733533e-25
(14,10): 1.2537489626193981e-24
(14,15): 1.2004362635303649e-24
(14,16): 1.248518223172104e-24
(14,17): 1.433515078739228e-24
(15,0): 4.704133377861675e-25
(15,1): 6.027613207160018e-25
(15,4): 6.525488469386353e-25
(15,8): 4.068650451923751e-25
(15,10): 1.0821276381307488e-24
(15,14): 1.1997998499950778e-24
(15,16): 1.0776086484351903e-24
(15,17): 1.2372813926152964e-24
(16,1): 6.270523694438264e-25
(16,3): 2.8014435222612826e-25
(16,4): 6.788464126826961e-25
(16,5): 5.088632071675448e-25
(16,6): 5.733669335770762e-25
(16,7): 1.0164562496700706e-24
(16,8): 4.232600153412933e-25
(16,10): 1.125736953655111e-24
(16,11): 2.145722961445593e-24
(16,12): 2.9191269260897044e-24
(16,13): 3.0261390633265555e-24
(16,14): 1.2481468669009711e-24
(16,15): 1.0778634505075767e-24
(16,17): 1.2871433182820535e-24
(17,0): 5.62068966300114e-25
(17,1): 7.201982548153486e-25
(17,4): 7.796919256158214e-25
(17,5): 5.844570360055127e-25
(17,8): 4.861389348051023e-25
(17,10): 1.2929651117625845e-24
(17,11): 2.464479170709605e-24
(17,14): 1.4335643825458044e-24
(17,15): 1.2379848593275272e-24
(17,16): 1.2875707822850701e-24
(18,0): 1.195819455082559e-25
(18,3): 6.845619071562486e-26
(18,5): 1.2434507532802872e-25
(18,6): 1.4010657784410275e-25
(18,8): 1.0342719583092918e-25
(18,23): 1.3469388578012655e-26
(19,2): 8.642819858466879e-26
(19,3): 9.479940562159951e-26
(19,4): 2.2971725702458688e-25
(19,5): 1.7219669991139487e-25
(19,6): 1.940244072031504e-25
(19,7): 3.4396223803427988e-25
(19,8): 1.4322900024053231e-25
(19,20): 4.56699237467933e-25
(20,1): 7.550636881548214e-25
(20,4): 8.174343839804418e-25
(20,5): 6.127511100930747e-25
(20,6): 6.90418459820416e-25
(20,19): 4.585723876873803e-25
(20,24): 3.465622939956044e-24
(21,4): 4.4096772399220905e-25
(21,5): 3.3054938397422674e-25
(21,6): 3.7244854766368295e-25
(21,7): 6.602736687453989e-25
(21,22): 4.739129712807607e-25
(22,4): 4.409576167118609e-25
(22,5): 3.3054181583991728e-25
(22,6): 3.7243999345324196e-25
(22,7): 6.6025853247677995e-25
(22,8): 2.749365883526986e-25
(22,21): 4.739147955216041e-25
(23,9): 2.6822545743137586e-27
(23,18): 1.3405877571422586e-26
(24,20): 3.4746774854261706e-24
