Interaction name: 5ni5

Affinity: 8.050000190734863
Predicted value: 7.534311294555664

Attributions for edges: 

(0,1): 1.869527227509287e-32
(0,6): 1.2048861911650572e-32
(0,7): 2.7914140628852905e-34
(0,20): 3.2280330723989975e-34
(0,23): 4.931221301396055e-34
(0,24): 4.2157595116684504e-33
(0,32): 7.590289274671996e-32
(0,33): 3.108472559337054e-32
(1,0): 1.8746263750663602e-32
(1,6): 3.170482531205219e-32
(1,7): 7.345200429032877e-34
(1,20): 8.49409922016781e-34
(1,23): 1.2975791737177748e-33
(1,24): 1.1093074067152693e-32
(1,33): 8.179492299836633e-32
(2,5): 2.0151122028586273e-32
(2,8): 2.2866017332622535e-33
(2,9): 1.9527923780264252e-33
(2,16): 8.800313661847093e-34
(2,21): 1.1655230363204451e-33
(2,22): 2.3256428393889387e-33
(2,32): 5.405242171797126e-32
(3,5): 1.0885666376185274e-30
(3,11): 1.3322228656806292e-32
(3,15): 1.06428682531218e-31
(3,16): 4.753942188182363e-32
(3,29): 2.936640205727073e-31
(3,31): 8.152116329449768e-31
(4,10): 1.52275859806862e-32
(4,16): 1.724405984681346e-32
(4,17): 6.862436103080695e-32
(4,18): 1.404576600088855e-32
(4,26): 4.074460609127399e-32
(4,31): 2.9570319764285273e-31
(5,2): 2.0252076422170768e-32
(5,3): 1.0818023729261556e-30
(5,8): 1.2801408252259216e-32
(5,9): 1.0932596313062404e-32
(5,16): 4.926805024221313e-33
(5,22): 1.3019976733115235e-32
(5,31): 8.448543561083066e-32
(5,34): 2.2985078629764074e-30
(6,0): 1.2067168032112721e-32
(6,1): 3.1666392524252053e-32
(6,7): 4.728183121295314e-34
(6,20): 5.46774217787279e-34
(6,23): 8.352590822492923e-34
(6,24): 7.140729982534056e-33
(6,37): 2.5655291160086314e-31
(7,0): 2.765636757468704e-34
(7,1): 7.2575209482535155e-34
(7,6): 4.677414622309253e-34
(7,8): 1.2464940948175835e-34
(7,9): 1.0645329646456927e-34
(7,20): 1.2531348056405455e-35
(7,21): 6.353658890705407e-35
(7,22): 1.267776397080347e-34
(7,23): 1.9143189530192406e-35
(7,24): 1.6365616913288048e-34
(7,35): 1.6062498475772992e-33
(7,38): 3.902570715068945e-33
(7,39): 4.66001666306861e-33
(7,52): 1.5454158797469601e-34
(8,2): 2.2837599756691406e-33
(8,5): 1.2721668592971186e-32
(8,7): 1.2549581133209847e-34
(8,9): 1.232832853038987e-33
(8,21): 7.358156121653365e-34
(8,22): 1.468208699059857e-33
(8,23): 2.2169681111489298e-34
(8,24): 1.8952978473017533e-33
(8,49): 1.7891630868473828e-32
(8,58): 9.91301365546143e-33
(9,2): 1.9497406844890952e-33
(9,5): 1.0861099073225546e-32
(9,7): 1.0714179865870275e-34
(9,8): 1.2324285931848996e-33
(9,21): 6.281963033649233e-34
(9,22): 1.253470768584084e-33
(9,23): 1.8927177519960685e-34
(9,40): 7.045462924492426e-32
(9,44): 7.212950886080638e-33
(10,4): 1.5033194479890718e-32
(10,11): 5.274203805877742e-35
(10,15): 4.213458481476716e-34
(10,16): 1.8820618497881164e-34
(10,17): 7.489727918643958e-34
(10,25): 2.5933139233307125e-33
(10,26): 4.446938751021389e-34
(10,27): 5.847155387461746e-33
(10,28): 4.684878093082013e-34
(10,29): 1.1626101062178098e-33
(10,31): 3.227382188319978e-33
(10,41): 8.451923401215268e-33
(10,52): 6.062868335400229e-34
(10,56): 8.582692923311424e-34
(10,58): 3.3580978948153854e-33
(10,59): 2.1321209105394778e-32
(11,3): 1.307123416428284e-32
(11,10): 5.256769410903999e-35
(11,12): 2.8445495758670753e-33
(11,13): 1.5177879283706718e-33
(11,14): 8.035585342673092e-33
(11,15): 1.332709488199446e-34
(11,16): 5.95297430727773e-35
(11,17): 2.3690061372245517e-34
(11,19): 3.05969309781163e-34
(11,26): 1.4065699079000634e-34
(11,29): 3.677287268651602e-34
(11,30): 1.5519988731085305e-32
(11,31): 1.0208153654659021e-33
(11,35): 1.9931774048038865e-33
(11,41): 2.6733287217652317e-33
(11,42): 1.2774869997921464e-32
(11,44): 9.052621585636596e-34
(11,56): 2.7147323419483294e-34
(12,11): 2.886370542462463e-33
(12,13): 2.626088469073164e-31
(12,14): 1.3903234665989058e-30
(12,15): 2.305864853062766e-32
(12,26): 2.4336582806020294e-32
(12,29): 6.362521277815817e-32
(12,30): 2.685301551967587e-30
(12,31): 1.766223050104857e-31
(12,43): 5.181523144893544e-31
(13,11): 1.5373318994855347e-33
(13,12): 2.6213646274749497e-31
(13,14): 7.405107537016337e-31
(13,15): 1.2281536324716459e-32
(13,19): 2.8196277364642997e-32
(13,29): 3.3887650730604004e-32
(13,43): 2.7597708588238183e-31
(13,57): 2.5524289367653275e-31
(13,59): 6.214733778701341e-31
(14,11): 8.177772404664586e-33
(14,12): 1.3944240610923143e-30
(14,13): 7.440389294659657e-31
(14,15): 6.5331125444902e-32
(14,19): 1.4998890615997847e-31
(14,29): 1.8026532657289308e-31
(14,30): 7.608095851177348e-30
(14,31): 5.004166438032439e-31
(15,3): 1.0504599554611978e-31
(15,10): 4.22456322967214e-34
(15,11): 1.3406640492879108e-34
(15,12): 2.2860186880642456e-32
(15,13): 1.2197681700516581e-32
(15,14): 6.457787454236683e-32
(15,19): 2.4588994503920456e-33
(15,29): 2.9552473482519486e-33
(15,30): 1.2472618074230406e-31
(15,31): 8.203768462233021e-33
(15,38): 3.8917946644813696e-32
(15,49): 1.540637867144627e-32
(15,52): 1.5411485827058608e-33
(15,58): 8.536038103540265e-33
(16,2): 8.764600674101173e-34
(16,3): 4.6817389170510427e-32
(16,4): 1.70312027991345e-32
(16,5): 4.882314032410628e-33
(16,10): 1.8828375153475408e-34
(16,11): 5.975134212500653e-35
(16,17): 8.485159952971791e-34
(16,31): 3.6562939956541216e-33
(16,41): 9.575238292488523e-33
(16,44): 3.242387741050209e-33
(16,55): 2.1019728967213432e-33
(16,57): 9.92058016566088e-33
(17,4): 6.803787751182294e-32
(17,10): 7.5217964147248476e-34
(17,11): 2.3870217360946052e-34
(17,16): 8.517915837741423e-34
(17,18): 6.938079440062597e-34
(17,25): 1.1737020892792682e-32
(17,26): 2.0125993265443554e-33
(17,27): 2.6463510529454633e-32
(17,28): 2.1203185064468405e-33
(17,29): 5.261750017202631e-33
(17,31): 1.4606623743024634e-32
(17,43): 4.285075107458579e-32
(17,47): 8.770696604133545e-32
(18,4): 1.386297075186393e-32
(18,17): 6.906707975397547e-34
(18,26): 4.100777246045822e-34
(18,27): 5.3919977300096176e-33
(18,28): 4.320195205241303e-34
(18,29): 1.0721011738018208e-33
(18,35): 5.811043833662501e-33
(18,45): 1.4824989451105136e-32
(18,46): 2.542060018646159e-32
(18,47): 1.7870485194470473e-32
(18,51): 6.094662702525087e-33
(19,11): 3.0849141097102397e-34
(19,13): 2.8067284492055513e-32
(19,14): 1.4859591008942353e-31
(19,15): 2.464477538428682e-33
(19,30): 2.869992497221891e-31
(19,48): 2.533570951092826e-31
(19,49): 3.5450608590608457e-32
(19,57): 5.121877503587906e-32
(19,58): 1.964171714355362e-32
(19,59): 1.2470905378961258e-31
(20,0): 3.1992001704364942e-34
(20,1): 8.395331980759814e-34
(20,6): 5.410682947399907e-34
(20,7): 1.2535173578792286e-35
(20,23): 2.2144396503509599e-35
(20,24): 1.8931364070641788e-34
(20,35): 1.858072512605104e-33
(20,36): 8.039351883712515e-34
(20,50): 2.881024614560114e-33
(20,52): 1.7877013366632612e-34
(20,56): 2.5306983698337825e-34
(21,2): 1.1618564123008412e-33
(21,7): 6.384563831049975e-35
(21,8): 7.344135596454925e-34
(21,9): 6.272002555735937e-34
(21,22): 7.4695268645540845e-34
(21,23): 1.1278762685319267e-34
(21,24): 9.642347815989945e-34
(21,44): 4.2982189710106954e-33
(21,55): 2.7864257883227288e-33
(21,56): 1.2889653715201399e-33
(22,2): 2.3229827324072263e-33
(22,5): 1.2940257644978344e-32
(22,7): 1.2765115598861547e-34
(22,8): 1.4683654622517988e-33
(22,9): 1.253996802306077e-33
(22,21): 7.484530488738896e-34
(22,23): 2.255043796622254e-34
(22,24): 1.9278636325943385e-33
(22,36): 8.186824445849887e-33
(22,52): 1.8204805706077917e-33
(23,0): 4.893480585894967e-34
(23,1): 1.2841556710798574e-33
(23,6): 8.276217668823053e-34
(23,7): 1.917403047267559e-35
(23,8): 2.2055635200585496e-34
(23,9): 1.883584482314416e-34
(23,20): 2.2172967387322126e-35
(23,21): 1.1242163944212904e-34
(23,22): 2.2432036756913447e-34
(23,24): 2.8957543393776345e-34
(23,36): 1.2297047523688536e-33
(23,52): 2.7344590657005467e-34
(23,55): 8.368154184026818e-34
(24,0): 4.208882135032171e-33
(24,1): 1.1044936838802552e-32
(24,6): 7.118319182735629e-33
(24,7): 1.6491455649842238e-34
(24,8): 1.8969905591669373e-33
(24,20): 1.9070967800126358e-34
(24,21): 9.669310717661931e-34
(24,22): 1.92937928562293e-33
(24,23): 2.913304791459648e-34
(24,55): 7.197393953031475e-33
(25,10): 2.6135338955327944e-33
(25,17): 1.1778102950985982e-32
(25,26): 6.993111401957793e-33
(25,27): 9.19497718413064e-32
(25,28): 7.36728815155582e-33
(25,49): 9.53118443763955e-32
(25,51): 1.039315446169357e-31
(25,54): 4.594850371319052e-31
(26,4): 4.03360248260793e-32
(26,10): 4.459305778111505e-34
(26,11): 1.4151487207736622e-34
(26,12): 2.413006608099608e-32
(26,17): 2.0096071424085358e-33
(26,18): 4.113248506424077e-34
(26,25): 6.95819995442234e-33
(26,27): 1.5688682456003873e-32
(26,28): 1.2570141493678439e-33
(26,29): 3.1194111954870275e-33
(26,46): 7.396493161765206e-32
(26,51): 1.7733175699350922e-32
(26,58): 9.010214892246713e-33
(27,10): 5.9065637699263506e-33
(27,17): 2.6618414236270117e-32
(27,18): 5.448194441502585e-33
(27,25): 9.216539277007773e-32
(27,26): 1.5804252652472905e-32
(27,28): 1.664988124793538e-32
(27,45): 5.713542484120905e-31
(27,51): 2.3488619972650673e-31
(28,10): 4.698695661833944e-34
(28,17): 2.1174732591048736e-33
(28,18): 4.333994406894002e-34
(28,25): 7.331738263651077e-33
(28,26): 1.257225187338015e-33
(28,27): 1.6530902117848964e-32
(28,41): 2.3895023046813287e-32
(28,52): 1.7140887809667743e-33
(28,53): 8.287661877746475e-32
(28,54): 8.260644315587176e-32
(28,56): 2.4264914384818598e-33
(29,3): 2.906748794978883e-31
(29,10): 1.1689962547851404e-33
(29,11): 3.7097784376035588e-34
(29,12): 6.325687750079976e-32
(29,13): 3.3752703979129605e-32
(29,14): 1.786947133059289e-31
(29,15): 2.9636914384526836e-33
(29,17): 5.2681773999077366e-33
(29,18): 1.0782780292734073e-33
(29,26): 3.127918835851104e-33
(29,30): 3.451322884070766e-31
(29,31): 2.2700811887190032e-32
(29,47): 1.3630934926104128e-31
(30,11): 1.5824281606842978e-32
(30,12): 2.6982393249113815e-30
(30,14): 7.622271748810976e-30
(30,15): 1.264170823461879e-31
(30,19): 2.902316946177413e-31
(30,29): 3.488171810782603e-31
(31,3): 8.093058552868976e-31
(31,4): 2.944065568442347e-31
(31,5): 8.439846078381332e-32
(31,10): 3.254780022901768e-33
(31,11): 1.0328877842843432e-33
(31,12): 1.7612173249613153e-31
(31,14): 4.975272786889227e-31
(31,15): 8.251600796735919e-33
(31,16): 3.685786046890299e-33
(31,17): 1.4667819978928442e-32
(31,29): 2.2768282324191354e-32
(32,0): 7.638564476671566e-32
(32,2): 5.446555508503951e-32
(33,0): 3.1217338988558554e-32
(33,1): 8.191983690555646e-32
(33,37): 6.6368829523415245e-31
(33,38): 4.405056934226247e-31
(33,39): 5.259989273601893e-31
(34,5): 2.3187807206693327e-30
(34,40): 1.5041764139336744e-29
(35,7): 1.628932664115346e-33
(35,11): 2.0208771944970444e-33
(35,18): 5.873849027458997e-33
(35,20): 1.8837221666820308e-33
(36,20): 8.130890751217916e-34
(36,22): 8.225955183420823e-33
(36,23): 1.2420945546620166e-33
(36,41): 1.3978478059385193e-31
(36,57): 1.4482626427554557e-31
(37,6): 2.5841719862149325e-31
(37,33): 6.666876395999366e-31
(37,38): 2.1561039634194883e-30
(38,7): 3.9682334621638935e-33
(38,15): 3.932956362416938e-32
(38,33): 4.4189588006168115e-31
(38,37): 2.153194567881429e-30
(39,7): 4.741099324652454e-33
(39,33): 5.279609684910338e-31
(39,55): 2.069181798549064e-31
(40,9): 7.13079793689037e-32
(40,34): 1.4992042044850634e-29
(41,10): 8.547116403112795e-33
(41,11): 2.7123839705583253e-33
(41,16): 9.679021219354685e-33
(41,28): 2.4093459717543536e-32
(41,36): 1.4021950191467303e-31
(41,57): 4.50339973201152e-31
(42,11): 1.3018486794025568e-32
(42,58): 8.288899673297891e-31
(43,12): 5.182076567633911e-31
(43,13): 2.7650605834025186e-31
(43,17): 4.315751983531988e-32
(43,48): 2.495958564310017e-30
(44,9): 7.251408653135728e-33
(44,11): 9.15772271921461e-34
(44,16): 3.267867683130236e-33
(44,21): 4.3280324464834256e-33
(45,18): 1.502276196752717e-32
(45,27): 5.730000345427898e-31
(45,56): 8.410856036701353e-32
(46,18): 2.579964715609187e-32
(46,26): 7.484080421339325e-32
(47,17): 8.852377004594783e-32
(47,18): 1.8118698173486292e-32
(47,29): 1.3740987058216812e-31
(48,19): 2.5611292406535035e-31
(48,43): 2.5067597587217567e-30
(49,8): 1.8017517497239264e-32
(49,15): 1.5524132348671954e-32
(49,19): 3.5640712475759314e-32
(49,25): 9.554845963427252e-32
(50,20): 2.9241395432963676e-33
(51,18): 6.160298266313172e-33
(51,25): 1.0421262882610432e-31
(51,26): 1.7870076710183563e-32
(51,27): 2.349686253903864e-31
(51,59): 8.56788774094013e-31
(52,7): 1.5569070257924692e-34
(52,10): 6.086458578475813e-34
(52,15): 1.543066291536632e-33
(52,20): 1.8004306547857204e-34
(52,22): 1.8214808428319445e-33
(52,23): 2.750381274435679e-34
(52,28): 1.7157113305128936e-33
(53,28): 8.385610532275918e-32
(53,56): 1.5362547425839984e-31
(54,25): 4.626615049864712e-31
(54,28): 8.358082217821186e-32
(55,16): 2.1159875444480296e-33
(55,21): 2.8024367560648976e-33
(55,23): 8.443572248536645e-34
(55,24): 7.218510974360028e-33
(55,39): 2.0554144087122335e-31
(56,10): 8.623649717887965e-34
(56,11): 2.7366713828029927e-34
(56,20): 2.550936158122119e-34
(56,21): 1.2933785262880121e-33
(56,28): 2.4309013790073665e-33
(56,45): 8.341773409197878e-32
(56,53): 1.5210698241095111e-31
(57,13): 2.556951063532941e-31
(57,16): 1.0028641157280065e-32
(57,19): 5.154492182098645e-32
(57,36): 1.4528443670866557e-31
(57,41): 4.503640473254568e-31
(58,8): 9.966096776292657e-33
(58,10): 3.387044443204384e-33
(58,15): 8.586921580567515e-33
(58,19): 1.971408057579024e-32
(58,26): 9.0627492041529e-33
(58,42): 8.231049364514264e-31
(59,10): 2.1616524143048046e-32
(59,13): 6.241342739024294e-31
(59,19): 1.2581763900198606e-31
(59,51): 8.596238783891003e-31
