Interaction name: 5jo0

Affinity: 7.300000190734863
Predicted value: 6.619320392608643

Attributions for edges: 

(0,1): 0.4883590638637543
(0,2): 0.4282774031162262
(0,7): 0.43136391043663025
(0,8): 0.38811272382736206
(0,9): 0.5027382969856262
(0,10): 0.5634430646896362
(0,20): 0.5604912042617798
(0,23): 0.4925861358642578
(0,24): 0.5580784678459167
(0,25): 0.5924875736236572
(0,26): 0.4611230194568634
(0,27): 0.4028639793395996
(1,0): 0.5287113189697266
(1,2): 0.5151454210281372
(1,6): 0.5417212843894958
(1,8): 0.5040640830993652
(1,9): 0.4929765462875366
(1,20): 0.5302196145057678
(1,23): 0.42870622873306274
(1,24): 0.47666943073272705
(1,25): 0.46579456329345703
(1,26): 0.5564016103744507
(1,27): 0.5043852925300598
(1,29): 0.42447975277900696
(2,0): 0.5324114561080933
(2,1): 0.591782808303833
(2,6): 0.47927913069725037
(2,7): 0.45319604873657227
(2,9): 0.557657778263092
(2,20): 0.5968610644340515
(2,24): 0.37059134244918823
(2,25): 0.5232442617416382
(2,26): 0.5405330657958984
(2,27): 0.4646384119987488
(2,29): 0.45445162057876587
(3,4): 0.5545133948326111
(3,19): 0.5332732796669006
(3,23): 0.46270930767059326
(3,25): 0.5001423358917236
(3,28): 0.4011569023132324
(3,29): 0.41835489869117737
(3,30): 0.514275848865509
(4,3): 0.46422114968299866
(4,5): 0.4755168557167053
(4,19): 0.4211847186088562
(4,20): 0.4913325905799866
(4,23): 0.504915714263916
(4,24): 0.4722701609134674
(4,25): 0.5403233170509338
(4,27): 0.5179886221885681
(4,28): 0.4514061212539673
(4,29): 0.5557971596717834
(5,4): 0.5935276746749878
(5,19): 0.4949297606945038
(6,1): 0.4989500045776367
(6,2): 0.47943517565727234
(6,7): 0.49533960223197937
(6,8): 0.4256671965122223
(6,9): 0.49272188544273376
(6,10): 0.45916637778282166
(6,20): 0.5054410099983215
(7,0): 0.518499493598938
(7,2): 0.5674412846565247
(7,6): 0.46605655550956726
(7,8): 0.5590065121650696
(7,9): 0.44143393635749817
(7,20): 0.545834481716156
(8,0): 0.4544205069541931
(8,1): 0.46268099546432495
(8,6): 0.5210185050964355
(8,7): 0.5654541254043579
(8,9): 0.4069244861602783
(8,20): 0.6071949005126953
(9,0): 0.4950060546398163
(9,1): 0.5844724774360657
(9,2): 0.43279340863227844
(9,6): 0.48948273062705994
(9,7): 0.4084653854370117
(9,8): 0.39168211817741394
(9,10): 0.5579600930213928
(9,18): 0.5204110741615295
(9,19): 0.5290169715881348
(9,20): 0.5536797642707825
(9,32): 0.4840284585952759
(9,34): 0.4044835865497589
(9,38): 0.5125074982643127
(10,0): 0.5565799474716187
(10,6): 0.5089071393013
(10,9): 0.5504330992698669
(10,11): 0.5825579762458801
(10,12): 0.5118416547775269
(10,18): 0.5138769149780273
(10,19): 0.4733588993549347
(10,20): 0.46760043501853943
(10,21): 0.3685051202774048
(10,34): 0.42092084884643555
(11,10): 0.5229666233062744
(11,12): 0.5023239850997925
(11,13): 0.539696216583252
(11,15): 0.4372073709964752
(11,16): 0.6047643423080444
(11,18): 0.4810903072357178
(11,20): 0.5238757133483887
(11,21): 0.4888985753059387
(11,22): 0.5754285454750061
(11,33): 0.4075334370136261
(11,37): 0.5312970876693726
(11,39): 0.47347405552864075
(12,10): 0.382129967212677
(12,11): 0.5443156361579895
(12,13): 0.5018275380134583
(12,14): 0.5252002477645874
(12,15): 0.3605462312698364
(12,16): 0.431828111410141
(12,18): 0.5213782787322998
(12,21): 0.5411926507949829
(12,22): 0.5008097887039185
(13,11): 0.5524337291717529
(13,12): 0.41973620653152466
(13,14): 0.5958561897277832
(13,15): 0.5360921025276184
(13,16): 0.5762715339660645
(13,17): 0.42194297909736633
(13,21): 0.5501073002815247
(13,22): 0.4946175515651703
(13,40): 0.5408609509468079
(14,12): 0.5449877977371216
(14,13): 0.5599977374076843
(14,15): 0.4906054139137268
(14,16): 0.45650714635849
(14,17): 0.47298935055732727
(14,21): 0.5157298445701599
(14,22): 0.43368539214134216
(14,38): 0.4340057075023651
(14,42): 0.535933792591095
(15,11): 0.4599851667881012
(15,12): 0.3849942088127136
(15,13): 0.5039355754852295
(15,14): 0.48731809854507446
(15,16): 0.5475907325744629
(15,17): 0.5759148597717285
(15,21): 0.5442278385162354
(15,38): 0.4502549469470978
(16,11): 0.5016379952430725
(16,12): 0.5136404037475586
(16,13): 0.4727531671524048
(16,14): 0.518347978591919
(16,15): 0.5691808462142944
(16,17): 0.3974323868751526
(16,18): 0.5438341498374939
(16,21): 0.480683833360672
(16,22): 0.4706531763076782
(16,35): 0.4020460247993469
(16,38): 0.4665091037750244
(17,13): 0.48288461565971375
(17,14): 0.4390685260295868
(17,15): 0.5311855673789978
(17,16): 0.5056434273719788
(17,21): 0.5928965210914612
(17,22): 0.5181499123573303
(17,41): 0.4680928587913513
(18,9): 0.5801572799682617
(18,10): 0.5940093398094177
(18,11): 0.5717500448226929
(18,12): 0.48425209522247314
(18,16): 0.5295026302337646
(18,19): 0.5145317912101746
(18,20): 0.47628697752952576
(18,21): 0.5292055010795593
(18,32): 0.4615713953971863
(18,33): 0.44453442096710205
(18,39): 0.461303174495697
(18,42): 0.4527251720428467
(19,3): 0.4798014163970947
(19,4): 0.4084961712360382
(19,5): 0.4806590676307678
(19,9): 0.5032418370246887
(19,10): 0.4551357626914978
(19,18): 0.43323713541030884
(19,20): 0.4795582890510559
(19,35): 0.40420377254486084
(19,36): 0.5157202482223511
(19,40): 0.48809194564819336
(20,0): 0.6030904054641724
(20,1): 0.5979337096214294
(20,2): 0.5871151089668274
(20,4): 0.4084756076335907
(20,6): 0.5047761797904968
(20,7): 0.4553312659263611
(20,8): 0.4912349581718445
(20,9): 0.4897769093513489
(20,10): 0.45653942227363586
(20,11): 0.5352237224578857
(20,18): 0.45002132654190063
(20,19): 0.44174766540527344
(21,10): 0.47629237174987793
(21,11): 0.5221586227416992
(21,12): 0.3816576600074768
(21,13): 0.48989251255989075
(21,14): 0.45137569308280945
(21,15): 0.4937637746334076
(21,16): 0.5788941979408264
(21,17): 0.4615696370601654
(21,18): 0.46413397789001465
(21,22): 0.5755592584609985
(21,42): 0.47310972213745117
(22,11): 0.43239814043045044
(22,12): 0.49647897481918335
(22,13): 0.5452810525894165
(22,14): 0.4455350935459137
(22,16): 0.45630693435668945
(22,17): 0.4847647547721863
(22,21): 0.5345579385757446
(23,0): 0.5237973928451538
(23,1): 0.5114007592201233
(23,3): 0.5250250101089478
(23,4): 0.5033650398254395
(23,27): 0.5073270201683044
(23,32): 0.46694687008857727
(24,0): 0.5741475820541382
(24,1): 0.4708518385887146
(24,2): 0.5149925947189331
(24,4): 0.5879102349281311
(25,0): 0.5198208093643188
(25,1): 0.6018686294555664
(25,2): 0.5490577220916748
(25,3): 0.4551902711391449
(25,4): 0.5692944526672363
(26,0): 0.6087778210639954
(26,1): 0.4967364966869354
(26,2): 0.48025262355804443
(26,27): 0.413703054189682
(26,34): 0.5093817114830017
(27,0): 0.4947690963745117
(27,1): 0.530619740486145
(27,2): 0.5658570528030396
(27,4): 0.4844687879085541
(27,23): 0.5235805511474609
(27,26): 0.42579329013824463
(27,32): 0.4574791193008423
(28,3): 0.47687599062919617
(28,4): 0.5435954928398132
(28,29): 0.4937692880630493
(28,40): 0.5229843854904175
(29,1): 0.5240089893341064
(29,2): 0.4523710608482361
(29,3): 0.4204009473323822
(29,4): 0.5485965013504028
(29,28): 0.5510138869285583
(29,30): 0.4793052077293396
(29,40): 0.4893888831138611
(30,3): 0.5339652299880981
(30,29): 0.49922460317611694
(32,9): 0.5171165466308594
(32,18): 0.5187634229660034
(32,23): 0.5465014576911926
(32,27): 0.5135706663131714
(32,37): 0.4479887783527374
(33,11): 0.50260990858078
(33,18): 0.5323912501335144
(33,35): 0.4995189905166626
(34,9): 0.5234264731407166
(34,10): 0.4838680922985077
(34,26): 0.5188186168670654
(35,16): 0.48342883586883545
(35,19): 0.5067673921585083
(35,33): 0.5888823866844177
(36,19): 0.5781347155570984
(37,11): 0.53919517993927
(37,32): 0.6044760346412659
(38,9): 0.43436887860298157
(38,14): 0.6042273640632629
(38,15): 0.4370478093624115
(38,16): 0.4854939877986908
(38,41): 0.5595747828483582
(39,11): 0.533828854560852
(39,18): 0.4949719309806824
(40,13): 0.5283145308494568
(40,19): 0.5953892469406128
(40,28): 0.5579518675804138
(40,29): 0.5054411888122559
(41,17): 0.5422411561012268
(41,38): 0.5671854615211487
(42,14): 0.42140594124794006
(42,18): 0.5023344159126282
(42,21): 0.5429918766021729
