Interaction name: 5cks

Affinity: 5.510000228881836
Predicted value: 6.409872531890869

Shapley values for edges: 

(0,1): -0.0304191255569458
(0,2): -0.0010680007934570314
(0,3): 0.24701298236846925
(0,4): 0.010944504737854004
(0,11): 0.13198764324188234
(0,12): 0.0024044036865234373
(0,15): 0.08587465286254883
(0,16): -0.04173163890838623
(0,21): -5.739688873291016e-05
(0,23): -0.01652388572692871
(0,25): -0.0064067220687866215
(0,26): 0.1565621852874756
(0,27): -0.06601098537445069
(0,29): -0.01545198917388916
(1,0): 0.004629316329956054
(1,2): 0.0
(1,4): -0.0017017889022827148
(1,12): 0.001197681427001953
(1,16): 0.052115073204040525
(1,21): 0.0005023860931396484
(1,23): -0.03922322750091553
(1,25): -0.006936893463134765
(1,26): -0.08636236667633057
(1,27): 0.001147027015686035
(1,29): -0.0016105794906616211
(1,35): -0.5802934646606446
(2,0): -0.002266998291015625
(2,1): 0.002694406509399414
(2,15): 0.04640200614929199
(2,21): -0.16318448066711425
(2,25): -0.010417404174804688
(2,26): 0.05486966133117676
(2,27): -0.027715554237365724
(2,28): -0.03641796588897705
(2,29): -0.07068787097930908
(2,35): -1.096627221107483
(3,0): -0.0004481029510498047
(3,21): 0.00906513214111328
(3,23): -0.008131475448608398
(3,27): 0.35685259342193604
(4,0): -0.005317721366882324
(4,1): -0.03942154884338379
(4,5): 0.009340472221374511
(4,6): -0.022886905670166015
(4,13): 0.011156883239746094
(4,14): -0.043234663009643556
(4,15): -0.012134404182434081
(4,21): -0.0006461763381958008
(4,22): 0.006505074501037597
(4,23): 0.0002248716354370117
(4,24): -0.0011916303634643556
(4,25): -0.010386428833007812
(4,26): -0.08089686870574951
(4,29): -5.245208740234375e-08
(4,33): -0.0019057559967041015
(5,4): 0.0012185430526733397
(5,6): -0.011219058036804199
(5,12): -0.00017856597900390626
(5,14): 0.06863205432891846
(5,20): -0.0052014350891113285
(5,21): 0.0003822517395019531
(5,22): 0.0014294910430908204
(5,23): 0.0023774433135986327
(5,24): -0.0007355022430419922
(5,25): -0.17463115692138673
(5,26): -0.010675411224365234
(5,27): -0.0825383996963501
(5,34): 0.01004086971282959
(6,4): 0.013544673919677735
(6,5): 0.010682649612426758
(6,7): 4.788398742675781e-05
(6,12): 0.019200119972229004
(6,13): 0.13795430660247804
(6,20): -2.86102294921875e-08
(6,22): -0.001653461456298828
(6,23): 0.0007224178314208984
(6,24): 0.0004619455337524414
(6,26): -0.036369886398315426
(6,30): -0.04790912628173828
(6,33): 0.0
(7,6): -0.008849139213562012
(7,8): -0.009484376907348633
(7,9): -0.015125441551208495
(7,10): -0.0010081720352172851
(7,14): -0.018543252944946288
(7,17): -0.01584277629852295
(7,18): 0.021504583358764647
(7,19): 0.0326924467086792
(7,20): -0.0004233884811401367
(7,22): -0.0813031530380249
(7,24): 0.0021155977249145506
(7,26): 0.0766951560974121
(7,27): -0.005170574188232422
(7,30): -0.004696044921875
(7,31): -0.01036269187927246
(8,7): -0.01232297420501709
(8,9): -0.007732877731323242
(8,10): -0.15503151893615721
(8,18): -0.004920945167541504
(8,19): -0.01748281955718994
(8,20): 0.00018752098083496093
(8,29): 0.053080081939697266
(8,30): 0.005373034477233887
(8,31): -0.009452219009399415
(8,32): -0.022476391792297365
(8,38): -0.28417774677276614
(9,7): 0.021077346801757813
(9,8): 0.0035196924209594726
(9,10): -0.0005855846405029297
(9,17): 0.019578566551208498
(9,19): 0.03277766227722168
(9,20): -0.004399571418762207
(9,26): 0.3157152986526489
(9,27): 0.06332853317260742
(9,29): -0.01162609577178955
(9,30): 0.05903065681457519
(9,31): 0.04469201564788818
(9,32): -0.05837750434875488
(9,35): -0.01075648307800293
(9,38): 0.2133603572845459
(10,7): 0.0018071794509887695
(10,8): 9.327888488769531e-05
(10,9): -9.5367431640625e-09
(10,17): -0.002015810012817383
(10,18): 0.0028041267395019533
(10,20): -0.05572914600372315
(10,29): 0.0294750452041626
(10,30): 0.011021747589111328
(10,31): -0.09702353954315185
(10,32): -0.014681310653686523
(10,38): -0.1917032766342163
(11,0): 0.008580207824707031
(11,21): 2.1119117736816406e-05
(11,23): -0.017453403472900392
(12,0): -0.003077054023742676
(12,1): -0.00200685977935791
(12,5): 0.014462552070617675
(12,6): -0.0005837106704711915
(12,13): 0.0018903779983520507
(12,14): -0.011588106155395508
(12,15): -0.047746920585632326
(12,21): -0.005046987533569336
(12,22): 0.001630387306213379
(12,23): -0.0007059764862060547
(12,24): 0.00019012451171875
(13,4): 3.3473968505859376e-05
(13,6): 0.10327621459960938
(13,12): -0.01593949317932129
(13,14): 0.005719170570373535
(13,20): 0.008099937438964843
(13,21): 2.4867057800292968e-05
(13,22): 0.0001594066619873047
(13,23): 0.0004746627807617188
(13,24): 0.0007779979705810547
(14,4): -0.01788571834564209
(14,5): -0.009926028251647949
(14,7): -0.0027949047088623048
(14,12): 0.03439468860626221
(14,13): -0.02307898283004761
(14,20): 2.7561187744140626e-06
(14,22): -0.003928837776184082
(14,23): -0.00024718761444091796
(14,24): 0.00913989543914795
(15,0): 0.03466300964355469
(15,2): 0.020147762298583984
(15,4): -0.005109963417053223
(15,12): 0.002446451187133789
(15,16): -0.04820483684539795
(15,21): -6.951808929443359e-05
(15,23): -0.03522228717803955
(16,0): 0.0006619501113891602
(16,1): 1.76239013671875e-05
(16,15): 0.0034253740310668944
(16,21): -0.16169897079467774
(17,7): -0.01835442543029785
(17,9): -0.00884047031402588
(17,10): 0.014998407363891601
(17,18): -0.04166972637176514
(17,19): -0.008070101737976074
(17,20): -0.0009045219421386719
(18,7): -0.005396208763122559
(18,8): -0.0025689315795898436
(18,10): 0.01724902629852295
(18,17): -0.02759683132171631
(18,19): -0.047528438568115235
(18,20): -0.005852088928222656
(19,7): -9.5367431640625e-09
(19,8): -0.05265653133392334
(19,9): 0.0018635225296020509
(19,17): -0.03060208797454834
(19,18): -0.027311277389526368
(19,20): -0.10938859939575195
(20,5): -0.0392736291885376
(20,6): -0.00020266532897949218
(20,7): 0.0009146070480346679
(20,8): -0.02995558261871338
(20,9): -0.06893583297729493
(20,10): -0.00993642807006836
(20,13): -0.0837714958190918
(20,14): -0.0183626127243042
(20,17): -0.029768409729003905
(20,18): -0.02679574489593506
(20,19): 0.07118168354034424
(20,22): 0.0009387922286987305
(20,23): 0.06791920661926269
(20,24): -0.007261300086975097
(21,0): -0.017040696144104004
(21,1): 0.0011236286163330078
(21,2): -0.018271784782409668
(21,3): -0.13430006980895995
(21,4): 0.002076740264892578
(21,5): 0.00860424518585205
(21,11): -0.08279825210571289
(21,12): -4.5986175537109374e-05
(21,13): 0.0011747407913208008
(21,15): -0.0017696332931518555
(21,16): 0.03406357765197754
(21,22): 0.0005564451217651367
(21,23): 3.484249114990234e-05
(21,24): 0.018275017738342284
(21,39): -0.02940262794494629
(22,4): -2.384185791015625e-08
(22,5): 0.002084789276123047
(22,6): 1.4925003051757813e-05
(22,7): 0.06249975204467773
(22,12): -0.005463619232177735
(22,13): -0.003924627304077149
(22,14): -0.0021602153778076173
(22,20): -2.384185791015625e-08
(22,21): -6.472587585449219e-05
(22,23): 8.068084716796876e-06
(22,24): 0.0027332496643066406
(22,39): 0.04413626194000244
(23,0): 0.012978429794311524
(23,1): -0.012676525115966796
(23,3): -0.054761714935302734
(23,4): -3.417491912841797e-05
(23,5): -0.008077483177185058
(23,6): -0.038060569763183595
(23,11): -0.24060317039489745
(23,12): -0.011989569664001465
(23,13): 0.0027567386627197266
(23,14): 0.00040467262268066405
(23,15): -0.0824756669998169
(23,20): 0.03487362384796142
(23,21): 0.00041131973266601564
(23,22): 0.00025188446044921875
(23,24): 0.000964217185974121
(24,4): -0.022119054794311522
(24,5): 5.100250244140625e-05
(24,6): -0.007039332389831543
(24,7): 0.008449954986572266
(24,12): -0.0048153924942016604
(24,13): -0.0063433218002319335
(24,14): -0.010966033935546874
(24,20): 0.003384556770324707
(24,21): -0.0019021320343017578
(24,22): -0.0016199254989624024
(24,23): -0.00797372817993164
(25,0): 0.007830548286437988
(25,1): -0.0221272611618042
(25,2): -0.011774630546569824
(25,4): -0.029847664833068846
(25,5): 0.0215260648727417
(25,28): -0.3100838565826416
(26,0): 0.1828811311721802
(26,1): 2.6416778564453124e-05
(26,2): -0.02739475727081299
(26,4): 0.0007699108123779296
(26,5): -0.06457972049713134
(26,6): -0.20985819339752199
(26,7): -0.017297549247741698
(26,9): 0.01036210060119629
(26,27): 0.2848475217819214
(26,29): -0.023734440803527834
(26,35): 0.08978228569030762
(26,36): 0.10973599433898926
(27,0): 0.11734051704406738
(27,1): -0.046963710784912106
(27,2): -0.03383704662322998
(27,3): -0.048520140647888184
(27,5): 0.0030282449722290037
(27,7): -0.04499749183654785
(27,9): -0.043016886711120604
(27,26): 0.0006967735290527344
(27,35): -0.2653279209136963
(28,2): -0.006360392570495605
(28,25): 0.06717896461486816
(28,37): 0.20136962890625
(29,0): -0.02338747978210449
(29,1): -0.00013408184051513672
(29,2): -0.042177157402038576
(29,4): 0.00010205268859863282
(29,8): -0.15599560260772705
(29,9): -0.12627050399780274
(29,10): 0.018491663932800294
(29,26): 0.00032940864562988284
(30,6): 0.0782898473739624
(30,7): -0.034102888107299806
(30,8): -0.004919743537902832
(30,9): 0.038053555488586424
(30,10): -0.04374007225036621
(31,7): -0.005580797195434571
(31,8): -0.03343529224395752
(31,9): 0.21737933158874512
(31,10): -0.041501617431640624
(31,32): -0.07532531261444092
(31,38): 0.05953321933746338
(32,8): -0.00724370002746582
(32,9): 0.1216401720046997
(32,10): -0.03750473499298096
(32,31): 0.011996073722839356
(32,38): 0.2496410894393921
(33,4): -8.502006530761719e-05
(33,6): -0.014059925079345703
(34,5): 1.9073486328125e-08
(34,39): -0.004316973686218262
(35,1): -0.007613677978515625
(35,2): 0.08690159797668456
(35,9): 0.46567430019378664
(35,26): -9.5367431640625e-09
(35,27): 0.11482779979705811
(36,26): -0.022276930809020996
(37,28): 0.028532752990722655
(38,8): 0.025531363487243653
(38,9): 0.11142516613006592
(38,10): 0.026955528259277342
(38,31): 0.012304725646972657
(38,32): 0.21506264209747314
(39,21): -0.006604533195495605
(39,22): 0.09773189544677735
(39,34): -0.04272384643554687
