Interaction name: 5hbe

Affinity: 8.640000343322754
Predicted value: 7.550345420837402

Shapley values for edges: 

(0,4): -0.0021956348419189453
(0,5): -0.006506013870239258
(0,6): -0.0353530216217041
(1,8): 0.023822488784790038
(1,9): 0.015314455032348634
(1,14): 0.019329280853271485
(1,19): 0.016269445419311523
(1,20): 0.023946809768676757
(1,21): 0.023424015045166016
(2,3): 0.0038587284088134766
(2,11): 0.006495285034179688
(2,15): -0.014409742355346679
(3,2): 0.005503377914428711
(3,11): -0.0005719280242919922
(3,15): -0.01277857780456543
(4,0): 0.013100557327270508
(4,5): -0.0022622966766357422
(4,6): -0.0021959018707275392
(4,7): 0.01615290641784668
(4,12): 0.020866193771362306
(4,13): 0.004755315780639649
(4,18): 0.0032541370391845703
(5,0): -0.008653059005737304
(5,4): -0.006959438323974609
(5,6): -0.010720233917236328
(5,13): -0.003635692596435547
(5,18): -0.001897602081298828
(6,0): -0.013638830184936524
(6,4): 0.0023518848419189454
(6,5): -0.0038802337646484373
(6,7): 0.0003928375244140625
(6,12): 0.00039406776428222654
(6,13): 0.0024749279022216798
(6,18): 0.001136178970336914
(7,4): 0.011913280487060546
(7,6): 0.01591754913330078
(7,8): -0.0006987762451171875
(7,9): -0.0018259143829345702
(7,10): 0.0003681182861328125
(7,12): -0.0003013134002685547
(7,13): 0.0010752296447753907
(7,14): -0.0006200504302978515
(7,18): 0.0007632827758789063
(7,19): -0.0020539093017578123
(7,20): -0.0005873775482177734
(7,23): 0.001094512939453125
(7,28): 0.00014476776123046876
(7,32): 0.0005880355834960938
(8,1): 0.008379364013671875
(8,7): -0.00046648979187011717
(8,9): -7.762908935546876e-06
(8,10): 0.0007683467864990234
(8,12): -0.0005817222595214844
(8,13): 0.001838836669921875
(8,14): -0.00038049697875976564
(8,17): 0.0008265495300292969
(8,18): 0.0028303050994873047
(8,19): -0.0003392791748046875
(8,20): 0.00029062271118164063
(8,23): 0.0010403823852539063
(8,25): -0.0009568500518798829
(9,1): 0.007546606063842773
(9,7): 0.0021193313598632814
(9,8): 0.00044721603393554687
(9,12): 0.0014880943298339845
(9,14): 0.000218353271484375
(9,19): -0.00015204429626464844
(9,20): 0.0010694217681884765
(9,29): 0.003161764144897461
(10,7): -0.001984977722167969
(10,8): -0.0022683143615722656
(10,11): 0.0012972450256347656
(10,12): -0.0018583393096923827
(10,15): 0.003033151626586914
(10,16): -0.001711416244506836
(10,17): -0.0005233287811279297
(10,19): -0.0008892345428466796
(10,20): -6.334304809570313e-05
(10,23): -0.0013181209564208985
(11,2): 0.014020318984985352
(11,3): 0.01084768295288086
(11,10): 0.0010471343994140625
(11,15): 0.0020951271057128907
(11,16): 0.0014972877502441406
(11,20): -4.456520080566406e-05
(11,25): 3.435134887695313e-05
(11,28): 0.0020490646362304687
(11,30): 0.000184783935546875
(12,4): 0.01251429557800293
(12,6): 0.00828648567199707
(12,7): -0.0009225273132324219
(12,8): -0.0012464714050292969
(12,9): -0.0015268230438232422
(12,10): 0.00042879104614257813
(12,13): 0.00024837493896484375
(12,17): 0.0008326339721679688
(12,18): 0.000175323486328125
(12,19): -0.0014673233032226562
(12,20): -0.0013507938385009766
(12,22): 0.00022812843322753907
(12,23): -0.0001820087432861328
(12,32): -8.675575256347656e-05
(13,4): 0.00831465721130371
(13,5): 0.0016947078704833984
(13,6): 0.006222200393676758
(13,7): 0.0015877342224121093
(13,8): 0.0001854133605957031
(13,12): 0.0009753894805908203
(13,18): 0.002508134841918945
(13,24): 0.0026214599609375
(13,25): 0.002417116165161133
(13,30): 0.0015329456329345704
(14,1): 0.008071527481079102
(14,7): 0.0013668441772460938
(14,8): -0.0010540199279785157
(14,9): -0.0009228897094726563
(14,18): 0.001276683807373047
(14,23): 0.000710153579711914
(14,26): -7.935523986816406e-05
(14,27): -0.0011774158477783202
(14,28): -0.0010149765014648437
(14,29): -0.0005118560791015625
(15,2): 0.01199082374572754
(15,3): 0.018092851638793945
(15,10): 0.0008371925354003906
(15,11): 0.0018329429626464844
(15,16): 0.0014253616333007812
(15,17): 0.0025127696990966796
(15,19): 0.0005476760864257812
(15,20): 0.0004576396942138672
(16,10): -0.00014125823974609375
(16,11): 0.0013327980041503906
(16,15): 0.008350563049316407
(16,17): 0.00017580986022949218
(16,19): -0.0017940998077392578
(16,20): -0.0009158134460449218
(17,8): -0.0030590152740478517
(17,10): -0.0011074638366699219
(17,12): -0.0012142562866210938
(17,15): 0.0033158206939697264
(17,16): -0.0013636207580566405
(17,19): -0.0016942119598388672
(17,20): -0.0011861133575439453
(17,22): -0.004912881851196289
(17,31): -0.001996755599975586
(17,32): -0.001709756851196289
(18,4): 0.006777172088623047
(18,5): 0.003818302154541016
(18,6): 0.0070838737487792965
(18,7): 0.0006154537200927735
(18,8): 0.0009755992889404297
(18,12): 0.0010749244689941407
(18,13): 0.0030559730529785157
(18,14): 0.0012821674346923829
(18,22): 0.0037985801696777343
(18,27): 0.001972494125366211
(19,1): 0.0065563774108886716
(19,7): 0.0006180858612060547
(19,8): 0.0005890369415283203
(19,9): 0.0009188175201416016
(19,10): 0.0007506370544433594
(19,12): 0.0007482433319091797
(19,15): 0.007933635711669922
(19,16): 0.0009832096099853516
(19,17): 0.0009167289733886719
(19,20): 0.0007201385498046875
(20,1): 0.006657915115356445
(20,7): -6.540298461914062e-05
(20,8): -0.00023550987243652343
(20,9): -0.0007712459564208985
(20,10): 0.000482025146484375
(20,11): 0.0006299114227294922
(20,12): 0.0011737537384033203
(20,15): 0.004436607360839844
(20,16): -9.697914123535156e-05
(20,17): 0.0003282260894775391
(20,19): -0.00048162460327148436
(20,31): 0.0025495433807373046
(20,32): 0.0018768978118896484
(21,1): -0.016813735961914062
(22,12): -0.0018343830108642578
(22,17): -0.00033732414245605467
(22,18): 0.0028194522857666014
(23,7): -0.0014637184143066406
(23,8): -0.0033281135559082033
(23,10): -0.0011666488647460937
(23,12): 0.00012843132019042968
(23,14): -0.0032784652709960936
(23,28): -0.001726827621459961
(24,13): 0.003785572052001953
(24,30): -0.0012200069427490234
(25,8): -0.0028795528411865233
(25,11): 0.002564516067504883
(25,13): 0.00360346794128418
(26,14): 0.0011986160278320312
(27,14): -0.0009180831909179687
(27,18): 0.004971551895141602
(28,7): -0.0015816783905029297
(28,11): 0.00012608528137207032
(28,14): -0.0026419544219970703
(28,23): 0.000303955078125
(29,9): 0.00014367103576660157
(29,14): -0.0012403583526611327
(30,11): 0.004865875244140625
(30,13): 0.006726408004760742
(30,24): -0.0007430076599121094
(31,17): -0.0002658176422119141
(31,20): -0.0024560070037841796
(32,7): -0.0035076904296875
(32,12): -0.001792011260986328
(32,17): -0.00014142990112304689
(32,20): -0.0037882709503173828
