Interaction name: 6f8b

Affinity: 5.210000038146973
Predicted value: 6.244205474853516

Shapley values for edges: 

(0,1): 0.006349539756774903
(0,2): -0.02982400417327881
(0,4): 0.0030685186386108397
(0,5): 0.012796196937561035
(0,7): 0.006167879104614258
(0,11): 0.03866453170776367
(0,12): 0.0673336410522461
(0,13): 0.05013907909393311
(1,0): 0.011256680488586426
(1,2): -0.0574163293838501
(1,3): -0.02858551502227783
(1,4): -0.03161769866943359
(1,5): 0.056604838371276854
(1,7): 0.08324325084686279
(1,10): -0.02520109176635742
(1,11): -0.0028786659240722656
(2,0): 0.013924593925476075
(2,1): -0.005538530349731445
(2,3): -0.008195128440856934
(2,4): -0.034624128341674804
(2,6): -0.0024451303482055666
(2,9): -0.024135961532592773
(2,10): -0.01875640869140625
(3,1): -0.011844940185546875
(3,2): -0.023904833793640137
(3,4): -0.03134392738342285
(3,6): -0.009631080627441406
(3,8): 0.018510298728942873
(3,9): -0.01341519832611084
(3,10): 0.010835318565368653
(3,11): -0.007818546295166016
(4,0): 0.0225460147857666
(4,1): -0.019448761940002442
(4,2): -0.0013470649719238281
(4,3): 0.0010782909393310548
(4,6): -4.6567916870117186e-05
(4,8): 0.009052720069885254
(4,10): 0.00726254940032959
(4,11): -0.015612874031066894
(5,0): -0.01728154182434082
(5,1): -0.024820656776428224
(5,7): -0.06233354091644287
(6,2): -0.0035374832153320314
(6,3): 0.008074812889099121
(6,4): -0.006916890144348145
(6,8): 0.015440135002136231
(6,9): -0.006555643081665039
(6,10): 0.015130286216735839
(6,11): -0.017004923820495607
(6,15): 0.013458585739135743
(7,0): -0.032702765464782714
(7,1): -0.02218425750732422
(7,5): -0.061710243225097654
(8,3): -0.004528231620788574
(8,4): -0.014402451515197754
(8,6): -0.001020536422729492
(8,9): -0.03620791912078857
(8,14): -0.00910876750946045
(9,2): 0.0015216588973999024
(9,3): 0.001971569061279297
(9,6): -0.0006801128387451172
(9,8): 0.021038718223571777
(9,10): 0.00014205455780029298
(9,11): -0.009641432762145996
(9,15): 0.007016415596008301
(10,1): -0.0030031204223632812
(10,2): -0.0015577888488769532
(10,3): 0.013107571601867676
(10,4): -0.030880446434020995
(10,6): 0.0008749628067016602
(10,9): -0.010049009323120117
(10,11): -0.014244546890258789
(10,15): 0.0064229869842529295
(11,0): 0.11945090293884278
(11,1): 0.08734597682952881
(11,3): 0.05630734443664551
(11,4): 0.0639653730392456
(11,6): 0.008617935180664062
(11,9): 0.0247170352935791
(11,10): 0.05147704601287842
(11,16): 0.05298095703125
(12,0): -0.029187536239624022
(12,13): 0.007238383293151855
(13,0): -0.03117811679840088
(13,12): 0.01941174507141113
(14,8): -0.05466723918914795
(15,6): -0.015091280937194824
(15,9): -0.007960944175720215
(15,10): -0.01515838623046875
(15,16): -0.0022450733184814454
(16,11): -0.030771422386169433
(16,15): 0.01368814468383789
