Interaction name: 6hu2

Affinity: 5.900000095367432
Predicted value: 6.292144298553467

Shapley values for edges: 

(0,1): -0.006758561134338379
(0,3): 0.00228792667388916
(0,9): 0.023625946044921874
(0,21): -0.029442133903503417
(0,22): -0.0485756254196167
(1,0): 0.02822063446044922
(1,2): -0.012409329414367676
(1,3): -0.031057581901550294
(1,9): 0.04393720149993897
(1,16): -0.02320027828216553
(1,17): 0.037598795890808105
(1,21): 0.015429878234863281
(2,1): -0.0015136432647705079
(2,3): -0.05447001457214355
(2,9): -0.0002663755416870117
(3,0): -0.0011734580993652344
(3,1): 1.749992370605469e-05
(3,2): 0.03162390232086182
(3,9): -0.00297154426574707
(3,16): -0.015087800025939941
(3,17): 0.007595319747924805
(3,22): -0.025574021339416504
(4,5): 0.00396143913269043
(4,6): 0.01395899772644043
(4,7): -0.003458576202392578
(4,8): -0.0033599996566772462
(4,9): 0.0020486259460449218
(4,10): -0.002318472862243652
(4,11): 0.012140469551086426
(4,13): -0.011104130744934082
(4,15): -0.000559697151184082
(4,16): 0.008249015808105468
(4,19): -0.024348058700561524
(4,20): -0.006945528984069824
(5,4): 0.0016245555877685547
(5,6): -0.003081355094909668
(5,7): -6.951332092285156e-05
(5,9): -0.006312975883483887
(5,10): -0.0032846403121948244
(5,11): -0.011967968940734864
(5,13): 0.003909764289855957
(5,16): 0.0036591386795043947
(5,17): 0.012382378578186035
(5,19): -0.006314134597778321
(6,4): 0.0064563751220703125
(6,5): -2.47955322265625e-06
(6,10): -0.0029071235656738283
(6,11): -0.0005155849456787109
(6,16): 0.0037945985794067385
(6,17): 0.005501561164855957
(6,19): -0.014926152229309082
(7,4): -0.0052366161346435545
(7,5): -0.005281205177307129
(7,8): -0.007263965606689453
(7,10): 0.0037576436996459963
(7,12): -0.007923684120178222
(7,13): -0.008012442588806153
(7,15): -0.002005491256713867
(7,16): -0.00027866363525390624
(7,18): -0.00917445182800293
(7,20): -0.008463149070739745
(7,23): 0.0042757225036621094
(8,4): 0.010574674606323243
(8,7): -0.003991055488586426
(8,12): -0.0018289327621459962
(8,13): 0.010388751029968262
(8,14): -0.0007417011260986328
(8,15): 0.002823066711425781
(8,18): 0.005930523872375488
(9,0): -0.014127697944641113
(9,1): 0.029712061882019043
(9,2): -0.08650027751922608
(9,3): 0.046180133819580076
(9,4): -0.017040095329284667
(9,5): 0.009113287925720215
(9,10): 0.004417147636413574
(9,11): -0.0018955469131469727
(9,16): 0.0015859699249267578
(9,17): -0.011453342437744141
(9,19): -0.0009263372421264649
(10,4): -0.012407655715942384
(10,5): -0.002841796875
(10,6): 0.01197930335998535
(10,7): 0.003050436973571777
(10,9): 0.00032962799072265624
(10,11): 0.0012085628509521484
(10,16): -9.348869323730469e-05
(10,17): -0.023330445289611815
(10,19): -0.0012643957138061524
(11,4): -0.0032417106628417967
(11,5): 0.005203990936279297
(11,6): 0.022912616729736327
(11,9): 0.025375022888183593
(11,10): 0.002513537406921387
(11,16): 0.0026511716842651366
(11,17): -0.0036004114151000975
(12,7): -0.0038427305221557617
(12,8): 0.002153425216674805
(12,13): -0.004663867950439453
(12,14): -0.008019371032714844
(12,15): -0.004143228530883789
(12,18): -0.004329428672790527
(12,20): -0.0031660890579223635
(13,4): -0.0027035045623779296
(13,5): 0.0025553035736083983
(13,7): 0.0005272150039672852
(13,8): 8.100032806396485e-05
(13,12): -0.011941061019897461
(13,14): -0.0003909015655517578
(13,15): 0.005952553749084473
(13,18): -0.005156049728393555
(13,20): -0.0023140573501586915
(14,8): 0.00341517448425293
(14,12): -0.003675050735473633
(14,13): 0.001039295196533203
(14,15): 0.0011349058151245118
(14,18): -0.0021986103057861327
(14,20): -0.02445149898529053
(15,4): -0.0025751018524169922
(15,7): 0.002545781135559082
(15,8): -0.002732357978820801
(15,12): -0.005605740547180176
(15,13): -0.0012887382507324218
(15,14): -1.1820793151855468e-05
(15,18): 0.0021506738662719726
(15,20): -0.0020418262481689455
(16,1): 0.014201374053955078
(16,3): 0.04349101066589355
(16,4): -0.014387726783752441
(16,5): 0.006849374771118164
(16,6): 0.0034714937210083008
(16,7): -0.0022153759002685545
(16,9): -0.0008511972427368164
(16,10): -0.0089920711517334
(16,11): -0.00013081073760986327
(16,17): -0.01739828586578369
(16,19): -0.0011315250396728516
(17,1): 0.016236743927001952
(17,3): 0.02298105239868164
(17,5): -0.003208303451538086
(17,6): 0.000460052490234375
(17,9): 0.040554928779602054
(17,10): 0.0036844968795776366
(17,11): 0.0016557168960571289
(17,16): -0.011100478172302246
(17,19): -0.005438303947448731
(18,7): -0.01258298397064209
(18,8): -0.002347888946533203
(18,12): -0.006710128784179687
(18,13): 0.011691679954528808
(18,14): -0.0025473642349243164
(18,15): 0.00045986175537109374
(18,20): 0.0008975076675415039
(19,4): -0.0025873374938964844
(19,5): -0.014114646911621094
(19,6): -0.008791208267211914
(19,9): 0.010312895774841308
(19,10): -0.01647287845611572
(19,16): -0.013083777427673339
(19,17): 0.00013033866882324218
(20,4): 0.018749375343322754
(20,7): -0.01508263111114502
(20,12): 0.008134145736694336
(20,13): -0.014875926971435548
(20,14): -0.004870290756225586
(20,15): -0.01820939064025879
(20,18): -0.003160419464111328
(21,0): -0.022935452461242675
(21,1): -0.003962001800537109
(21,22): -0.06904170036315918
(22,0): -0.023959946632385255
(22,3): -0.0941827917098999
(22,21): -0.09679490566253662
(23,7): -0.0015852785110473634
