Interaction name: 5jfu

Affinity: 8.069999694824219
Predicted value: 7.661484718322754

Shapley values for edges: 

(0,4): 0.00025673866271972654
(0,17): 0.006395778656005859
(0,21): 0.01004694938659668
(0,29): -0.0020648670196533204
(0,30): -0.0039678382873535156
(0,33): 0.008180713653564453
(0,39): -0.004102144241333008
(0,41): 0.013936939239501954
(0,43): 0.0036175537109375
(1,9): -0.0035158824920654298
(1,11): -0.00235041618347168
(1,14): -0.004225826263427735
(1,41): 0.0002819156646728516
(1,43): -0.0005135059356689454
(1,44): -0.0050640106201171875
(2,6): 0.0019640636444091795
(2,7): 0.003266448974609375
(2,12): 4.9381256103515626e-05
(2,13): -0.0034045124053955077
(2,22): -0.007257423400878906
(2,31): -0.0007668018341064453
(2,32): -0.005331172943115235
(2,40): -0.007745208740234375
(2,42): 0.001197366714477539
(2,44): 0.0026633358001708985
(3,10): 0.00537313461303711
(3,15): 0.006306829452514648
(3,16): 0.0067789554595947266
(3,29): -0.0027570343017578125
(3,30): -0.004336605072021485
(3,38): 0.0051641845703125
(3,41): 0.010409822463989258
(3,43): 0.0019960594177246094
(4,0): 0.0009956836700439453
(4,11): -0.006310796737670899
(4,14): 0.0008287143707275391
(4,27): 0.003557863235473633
(4,29): -0.0028841114044189453
(4,30): -0.0017763710021972657
(4,37): 0.0034157085418701173
(4,39): -0.00010393142700195313
(4,42): 0.003870859146118164
(5,6): 0.0015274810791015626
(5,9): -0.002400503158569336
(5,11): -0.00582418441772461
(5,13): -0.00770355224609375
(5,22): -0.004919061660766602
(5,27): 0.0023385906219482422
(5,32): -0.012880964279174805
(5,40): -0.006646690368652344
(5,42): 0.00031206130981445315
(5,44): 0.004344024658203125
(6,2): 0.00208465576171875
(6,5): 0.0011112689971923828
(6,7): 0.00355769157409668
(6,9): -0.0015842819213867188
(6,12): -0.0046114158630371094
(6,13): -0.003336038589477539
(6,22): -0.0024650001525878904
(6,31): -0.005304851531982422
(6,32): -0.005200471878051758
(6,40): -0.00116119384765625
(6,42): 0.002528200149536133
(6,44): 0.0007870292663574219
(7,2): 0.0008409881591796875
(7,6): 0.0016520023345947266
(7,12): -0.009714059829711914
(7,13): -0.006520299911499023
(7,22): -0.0018153762817382812
(7,31): -0.0006691646575927734
(7,32): -0.004994564056396485
(7,40): -0.005817556381225586
(7,44): 0.000396575927734375
(8,9): 0.0025588226318359374
(8,11): 0.0006153583526611328
(8,14): -0.0004942607879638672
(9,1): 0.007331809997558594
(9,5): -0.0006422042846679687
(9,6): -0.0020650196075439452
(9,8): -0.0004333400726318359
(9,11): -0.0011505699157714844
(9,14): -8.295059204101563e-05
(9,23): 0.00788172721862793
(9,27): 0.0036018562316894533
(9,37): 0.004131736755371093
(9,40): -0.006566362380981445
(9,46): -0.00020691871643066406
(10,3): 0.0074622249603271485
(10,15): -4.484176635742188e-05
(10,16): 1.4410018920898437e-05
(10,29): 0.001270761489868164
(10,30): 0.0018854045867919922
(10,38): -0.0002829742431640625
(10,39): 0.003294954299926758
(10,49): 0.002289237976074219
(11,1): 0.004983072280883789
(11,4): 0.0038584041595458984
(11,5): 0.0040435791015625
(11,8): -0.00010783195495605468
(11,9): 0.0006859493255615234
(11,14): 0.001129302978515625
(11,21): 0.0007410144805908203
(11,37): 0.0009701347351074219
(11,58): 0.0018514537811279298
(11,62): 0.0023151302337646486
(11,65): 0.001197052001953125
(12,2): 0.0017026519775390624
(12,6): 0.004536876678466797
(12,7): 0.004732341766357422
(12,13): 0.001044902801513672
(12,22): 0.0018063831329345704
(12,23): 0.0011463642120361328
(12,31): 0.002031211853027344
(12,32): 0.0035263347625732423
(12,40): 0.0044848060607910155
(12,58): 0.0012985706329345704
(12,68): 0.0022969818115234374
(13,2): 0.0029526424407958986
(13,5): 0.0036269187927246093
(13,6): 0.0019287204742431641
(13,7): 0.0015415573120117188
(13,12): 0.0012302207946777344
(13,22): 0.0010156822204589844
(13,23): 0.0004574108123779297
(13,31): -0.0001828765869140625
(13,32): 0.0013100433349609376
(13,34): 0.0011963748931884766
(13,35): 0.0012009143829345703
(13,40): 0.0018249416351318359
(13,57): 4.7760009765625e-05
(13,59): 0.0015252304077148437
(14,1): 0.014438791275024414
(14,4): 0.0017196178436279298
(14,8): 0.00305994987487793
(14,9): 8.920669555664063e-05
(14,11): 0.001109294891357422
(14,23): 0.00036468505859375
(14,25): 0.0014926910400390625
(14,26): 0.0008023929595947266
(14,27): 0.0006265449523925781
(14,34): 0.0008793926239013672
(14,36): 0.0011660385131835938
(14,37): 0.0002675151824951172
(14,48): 0.00122650146484375
(14,57): -0.0004933452606201171
(14,58): 0.000576028823852539
(15,3): 0.003367900848388672
(15,10): -0.000547342300415039
(15,16): -0.0008496379852294922
(15,38): -0.0011645412445068358
(15,47): -0.001415262222290039
(15,51): 0.0002211475372314453
(15,52): 0.0011673927307128905
(15,65): -0.0009756946563720703
(16,3): 0.007095413208007812
(16,10): -0.00011465072631835937
(16,15): -0.0005578994750976562
(16,29): 0.002103099822998047
(16,30): 0.0004156780242919922
(16,38): -0.00039220809936523437
(16,39): 0.001223287582397461
(16,48): 0.0001793956756591797
(16,63): 0.0010459518432617187
(16,66): 0.0013739109039306641
(17,0): 0.010439376831054687
(17,18): 0.0003725719451904297
(17,19): 0.0007457637786865234
(17,20): 0.0007412242889404297
(17,21): 0.0002591991424560547
(17,33): 0.00032276153564453125
(17,51): -8.177757263183594e-05
(17,68): 0.0006614780426025391
(18,17): -0.0002925586700439453
(18,19): -0.00012240409851074218
(18,20): -0.00038373947143554687
(18,21): -0.0010993289947509766
(18,33): -0.00032177925109863284
(18,53): -0.000903472900390625
(18,59): -0.0017145156860351562
(19,17): -0.000698089599609375
(19,18): -0.00019415855407714844
(19,20): -0.00019086837768554686
(19,21): -0.0001797008514404297
(19,33): -0.00036019325256347656
(19,54): -0.0006687736511230469
(19,55): -0.0008031177520751953
(19,67): -0.0016221237182617188
(20,17): -0.0002600765228271484
(20,18): -0.00020601272583007813
(20,19): -4.093170166015625e-05
(20,21): -0.00015988349914550782
(20,33): 3.403663635253906e-05
(20,56): -0.001056985855102539
(20,57): -0.0016443157196044922
(21,0): 0.005951528549194336
(21,11): 0.0036643314361572265
(21,17): 0.0005449104309082031
(21,18): 0.0005909252166748047
(21,19): 0.0002879047393798828
(21,20): 0.00021574020385742187
(21,33): 0.00013055801391601563
(21,55): 0.0010837554931640626
(21,58): -0.00011875152587890625
(21,59): -0.00021914482116699218
(21,65): -0.0008230209350585938
(22,2): 0.005818881988525391
(22,5): 0.008494825363159179
(22,6): 0.0033968639373779296
(22,7): 0.002880744934082031
(22,12): 0.0020665740966796875
(22,13): 0.0026641178131103518
(22,31): 0.0006561470031738281
(22,32): 0.0026998233795166014
(22,40): 0.001166849136352539
(22,50): 0.001473712921142578
(22,57): 0.0006014728546142579
(22,58): 0.0011599540710449218
(22,59): 0.0012341690063476561
(22,60): 0.001281728744506836
(22,61): 0.00018450736999511719
(23,9): 0.0030544090270996096
(23,12): 0.0023226165771484376
(23,13): 0.0020682621002197266
(23,14): 3.964424133300781e-05
(23,24): 0.0003731060028076172
(23,25): 0.00019144058227539063
(23,26): -6.8817138671875e-05
(23,27): -0.0005829524993896484
(23,28): -2.015113830566406e-05
(23,34): -0.0001895904541015625
(23,35): -0.00018840789794921875
(23,36): -1.8749237060546875e-05
(23,37): -0.00028902053833007813
(23,58): -0.0011506271362304687
(23,61): -0.0023195648193359373
(23,64): 0.0001373577117919922
(23,68): -0.0008492565155029297
(24,23): -0.0014828586578369142
(24,25): -0.0002916812896728516
(24,26): -0.0006771087646484375
(24,27): -0.0009463977813720703
(24,28): -0.0005910873413085937
(24,34): -0.0009651756286621093
(24,35): -0.000675201416015625
(24,36): -0.0003862667083740234
(24,37): -0.00132415771484375
(24,48): -0.0019338798522949218
(24,62): -0.001349964141845703
(24,64): -0.0013727760314941407
(24,70): -0.0010377979278564453
(25,14): 0.00010994911193847657
(25,23): -0.000846710205078125
(25,24): -0.00010497093200683593
(25,26): -0.00029422760009765623
(25,27): -0.0006977558135986328
(25,28): -0.00013474464416503905
(25,34): -0.0006749725341796875
(25,35): -0.0005687141418457032
(25,36): -0.00048389434814453123
(25,37): -0.0002838039398193359
(25,62): -0.0010314559936523437
(25,66): -0.0006079387664794922
(25,68): -0.0011554718017578124
(26,14): 0.0004905414581298828
(26,23): -0.0009290027618408203
(26,24): -0.0002540016174316406
(26,25): -0.0001822853088378906
(26,27): -0.00031523704528808595
(26,28): -0.00018055915832519532
(26,34): -0.0010659217834472657
(26,35): -0.0007877349853515625
(26,36): -0.00026452064514160157
(26,37): -0.0004669475555419922
(26,58): -0.0019163131713867188
(26,62): -0.0014608478546142578
(26,69): -0.0005947208404541016
(27,4): 0.005289382934570312
(27,5): 0.007299270629882813
(27,9): 0.0019497966766357422
(27,14): 0.0005637264251708985
(27,23): -7.944107055664063e-06
(27,24): 0.0007021236419677735
(27,25): 0.000659942626953125
(27,26): 0.0005006027221679687
(27,28): 0.0010931873321533203
(27,34): 6.27899169921875e-05
(27,35): 0.0003227996826171875
(27,36): 0.00030902862548828127
(27,37): 0.00018346786499023437
(27,57): -0.0004453182220458984
(27,58): 3.178596496582031e-05
(27,59): 0.00019351005554199218
(27,63): 0.000899038314819336
(27,67): -0.00024255752563476563
(28,23): -0.0009338474273681641
(28,24): -0.0002655506134033203
(28,25): -0.00018012046813964844
(28,26): -0.000399627685546875
(28,27): 0.0003790855407714844
(28,34): -0.00032947540283203127
(28,35): -0.000481414794921875
(28,36): -0.0005023670196533203
(28,37): -0.0003155803680419922
(28,68): -0.0007600116729736328
(28,70): -0.00032711029052734375
(29,0): 0.008059139251708985
(29,3): 0.005439825057983398
(29,4): 0.0033992958068847657
(29,10): -2.1820068359375e-05
(29,16): 0.0009092807769775391
(29,30): 0.001113872528076172
(29,38): -0.000538930892944336
(29,39): 0.0015302562713623046
(29,57): 0.001290578842163086
(29,67): 0.0013106060028076172
(30,0): 0.005163869857788086
(30,3): 0.006431970596313476
(30,4): 0.004054813385009765
(30,10): -0.0004179954528808594
(30,16): 5.218505859375e-05
(30,29): 0.0018633460998535155
(30,38): -0.00040781021118164063
(30,39): 0.00023587226867675782
(30,48): 0.0016755104064941407
(30,62): 0.0016036224365234375
(30,64): 0.0022982311248779296
(30,65): 0.0007041263580322266
(31,2): 0.002089681625366211
(31,6): 0.003942193984985351
(31,7): 0.002184000015258789
(31,12): 0.0018042373657226564
(31,13): 0.0014293575286865234
(31,22): 0.0016460895538330078
(31,32): 0.0032521724700927735
(31,40): 0.0030568408966064452
(31,50): 0.002258567810058594
(31,58): 0.001820220947265625
(31,61): 0.000796365737915039
(32,2): 0.0004387092590332031
(32,5): 0.0033124637603759765
(32,6): 0.0015369415283203124
(32,7): -6.527900695800782e-05
(32,12): 0.0012949657440185546
(32,13): 0.0007506465911865235
(32,22): 0.0007865047454833985
(32,31): -0.0002174663543701172
(32,40): 0.0015806961059570313
(32,56): 0.0004534912109375
(33,0): 0.0034853553771972655
(33,17): 3.789901733398438e-05
(33,18): 0.0001024627685546875
(33,19): 0.00013985633850097657
(33,20): 0.0003823280334472656
(33,21): -7.075309753417969e-05
(33,55): 0.000997333526611328
(33,62): 0.0003495025634765625
(33,64): 0.00037077903747558596
(34,13): 0.003142547607421875
(34,14): 0.00044867515563964846
(34,23): -0.0003587913513183594
(34,24): 0.00026593208312988283
(34,25): 4.6825408935546876e-05
(34,26): -0.00012034416198730469
(34,27): -0.00010163307189941406
(34,28): 3.596305847167969e-05
(34,35): -0.0001214599609375
(34,36): 1.735687255859375e-06
(34,37): 8.829116821289062e-05
(34,50): -0.00030869483947753906
(35,13): 0.0010455989837646485
(35,23): -0.0005893516540527344
(35,24): -0.0001068878173828125
(35,25): -0.00018712043762207032
(35,26): -0.00036732673645019533
(35,27): 9.01031494140625e-05
(35,28): -3.405570983886719e-05
(35,34): -0.0003211498260498047
(35,36): -7.748603820800781e-05
(35,37): -0.00021264076232910156
(35,61): -0.002278585433959961
(36,14): 0.00036334991455078125
(36,23): -0.0008970069885253907
(36,24): -0.00015535354614257813
(36,25): -0.00039435386657714843
(36,26): -0.00021679878234863282
(36,27): 2.1791458129882814e-05
(36,28): -0.0002562808990478516
(36,34): -0.0005567646026611328
(36,35): -0.00031147003173828127
(36,37): -0.0002704715728759766
(36,63): -0.0005680751800537109
(37,4): 0.006889791488647461
(37,9): 0.003480844497680664
(37,11): 0.0016269874572753906
(37,14): 0.000576467514038086
(37,23): 0.0001915264129638672
(37,24): 0.001114034652709961
(37,25): 0.0007779407501220703
(37,26): 0.0003290653228759766
(37,27): 0.0002775669097900391
(37,28): 0.0011845874786376954
(37,34): 0.0005044269561767578
(37,35): 0.0004541587829589844
(37,36): 0.0010820865631103516
(37,50): 0.00013480186462402343
(37,58): 0.0006580066680908203
(38,3): 0.004008588790893555
(38,10): 0.00039725303649902345
(38,15): -8.58306884765625e-06
(38,16): 0.0001601409912109375
(38,29): 0.002510795593261719
(38,30): 0.0020132064819335938
(38,39): 0.003807315826416016
(38,47): 0.00046753883361816406
(38,51): 0.0021297454833984373
(39,0): 0.0051340007781982425
(39,4): 0.006446752548217773
(39,10): 0.00038160324096679686
(39,16): 0.00042454719543457033
(39,29): 0.001275911331176758
(39,30): 0.0011594676971435547
(39,38): -0.00021623611450195313
(39,57): 0.00036023139953613283
(40,2): 0.004655227661132812
(40,5): 0.003344573974609375
(40,6): 0.00039379119873046877
(40,7): 0.000152435302734375
(40,9): 7.775306701660156e-05
(40,12): 0.0017236900329589844
(40,13): 0.0016245460510253907
(40,22): 0.00021304130554199217
(40,31): 0.0004745960235595703
(40,32): 0.0011314105987548827
(40,56): 0.00043532371520996096
(40,57): 0.00020175933837890625
(41,0): -0.010523548126220703
(41,1): -0.002749013900756836
(41,3): -0.009813995361328124
(42,2): 0.004338798522949219
(42,4): 0.006142148971557617
(42,5): 0.005945272445678711
(42,6): 0.004858636856079101
(42,44): -0.000777435302734375
(42,50): -0.0008420658111572266
(42,58): 0.00103179931640625
(43,0): -0.003107442855834961
(43,1): 0.00042217254638671876
(43,3): -0.0031828212738037108
(43,47): 0.0027317237854003907
(43,51): 0.003068437576293945
(44,1): 0.00021626472473144532
(44,2): 0.004357814788818359
(44,5): 0.006246023178100586
(44,6): 0.0032324600219726563
(44,7): 0.004845638275146485
(44,42): 0.001391458511352539
(44,50): -0.001815357208251953
(44,61): 0.002469034194946289
(46,9): 0.0026996612548828127
(46,58): 0.005442962646484375
(47,15): 0.0007877159118652344
(47,38): -6.502151489257813e-05
(47,43): 0.012455863952636719
(48,14): 8.011817932128907e-05
(48,16): -0.0017118167877197266
(48,24): 0.00042180061340332033
(48,30): 0.0010103988647460938
(48,66): 8.7127685546875e-05
(48,69): -0.0002498817443847656
(49,10): -0.0011088752746582031
(49,52): 0.0001386260986328125
(49,64): 0.00010581016540527344
(50,22): 0.0027299118041992187
(50,31): 0.002460269927978516
(50,34): 0.0021523475646972657
(50,37): 0.001497650146484375
(50,42): 0.005611858367919922
(50,44): 0.008035144805908202
(51,15): 0.0005938053131103515
(51,17): 0.00228240966796875
(51,38): -0.00016325950622558594
(51,43): 0.013718271255493164
(52,15): -0.0013883304595947265
(52,49): -0.00013619422912597656
(52,64): 0.00017950057983398437
(53,18): 0.00020020484924316407
(54,19): -0.00023450851440429688
(54,56): -0.00012162208557128906
(55,19): -0.00041207313537597654
(55,21): -0.0009099483489990234
(55,33): 0.0001380157470703125
(55,57): -0.0009019088745117188
(56,20): -7.809638977050781e-05
(56,32): 0.018539314270019532
(56,40): 0.009782543182373047
(56,54): -7.351875305175782e-05
(56,57): -0.002052431106567383
(56,60): -0.0007904529571533203
(57,13): 0.002879428863525391
(57,14): 0.0009696102142333985
(57,20): -2.270698547363281e-05
(57,22): 0.002094888687133789
(57,27): -0.00016096115112304688
(57,29): 0.002109718322753906
(57,39): 0.00206024169921875
(57,40): 0.007847929000854492
(57,55): 0.000124053955078125
(57,56): -0.0010451221466064454
(58,11): 0.003185291290283203
(58,12): 0.0010428333282470703
(58,14): 0.0012862014770507813
(58,21): 0.0003599834442138672
(58,22): 0.0009391212463378906
(58,23): 0.0005401802062988281
(58,26): 0.0020299243927001955
(58,27): 0.0008443546295166016
(58,31): 0.0018405437469482422
(58,37): 0.00030427932739257813
(58,42): 0.007137413024902344
(58,46): 0.006933088302612305
(59,13): 0.003086376190185547
(59,18): 0.0002246665954589844
(59,21): -6.622314453125e-05
(59,22): 0.00093994140625
(59,27): 0.0008110713958740235
(59,60): -0.0006232738494873046
(60,22): 0.002075490951538086
(60,56): -0.00042046546936035155
(60,59): -0.00013464927673339844
(61,22): 0.0038934898376464843
(61,23): 0.0006506633758544922
(61,31): 0.005292882919311523
(61,35): 0.002088890075683594
(61,44): 0.009861679077148437
(62,11): 0.00219334602355957
(62,24): 0.00017297744750976562
(62,25): -0.00044034004211425783
(62,26): -0.0005266189575195313
(62,30): 0.002043466567993164
(62,33): -0.0010746097564697265
(62,63): -0.0003774452209472656
(63,16): -0.0014181900024414062
(63,27): 0.0017502784729003906
(63,36): 0.0003443622589111328
(63,62): -0.00013902664184570313
(64,23): -0.002290363311767578
(64,24): -0.00014398574829101562
(64,30): 9.222984313964843e-05
(64,33): -0.0018209075927734374
(64,49): -0.000680084228515625
(64,52): -0.0005290412902832031
(64,66): -0.00014931678771972656
(65,11): 0.006073780059814453
(65,15): -0.0013345050811767577
(65,21): 0.00023983955383300782
(65,30): 0.001789846420288086
(66,16): -0.0016734600067138672
(66,25): 7.5531005859375e-06
(66,48): -0.000745697021484375
(66,64): -0.00038228034973144533
(67,19): 0.0008236026763916016
(67,27): 0.0015808868408203126
(67,29): 0.005560626983642578
(68,12): 0.007721881866455078
(68,17): -0.0008376502990722657
(68,23): -0.0015277671813964844
(68,25): 6.3323974609375e-05
(68,28): 0.0002305126190185547
(69,26): -2.6702880859375e-05
(69,48): -0.0003766345977783203
(70,24): 0.0002390289306640625
(70,28): 0.00030373573303222657
