Interaction name: 6hx5

Affinity: 5.659999847412109
Predicted value: 6.410627841949463

Attributions for edges: 

(0,1): 0.4484543204307556
(0,2): 0.47627490758895874
(0,3): 0.3500756025314331
(0,4): 0.42657649517059326
(0,5): 0.31975921988487244
(0,6): 0.42392468452453613
(1,0): 0.5104174017906189
(1,2): 0.7135443687438965
(1,3): 0.2884105145931244
(1,4): 0.46140652894973755
(1,5): 0.5337008237838745
(1,6): 0.5106610655784607
(2,0): 0.5192551612854004
(2,1): 0.4373481273651123
(2,3): 0.4703308343887329
(2,4): 0.3416329622268677
(2,5): 0.6619701981544495
(2,6): 0.693070650100708
(2,8): 0.49740251898765564
(2,9): 0.3780939280986786
(2,10): 0.45049911737442017
(2,11): 0.43617334961891174
(3,0): 0.662807285785675
(3,1): 0.4029436409473419
(3,2): 0.42872485518455505
(3,4): 0.46674472093582153
(3,5): 0.38104313611984253
(3,6): 0.4302431046962738
(3,7): 0.41790345311164856
(4,0): 0.49802660942077637
(4,1): 0.43153050541877747
(4,2): 0.6260200142860413
(4,3): 0.3688143789768219
(4,5): 0.6786819100379944
(4,6): 0.46497148275375366
(5,0): 0.3954159617424011
(5,1): 0.3113751709461212
(5,2): 0.4325036108493805
(5,3): 0.35185375809669495
(5,4): 0.3833605647087097
(6,0): 0.4520200490951538
(6,1): 0.3561224937438965
(6,2): 0.46343955397605896
(6,3): 0.621571958065033
(6,4): 0.35019901394844055
(7,3): 0.5174030065536499
(7,8): 0.37135833501815796
(8,2): 0.38484349846839905
(8,7): 0.43609562516212463
(9,2): 0.6665477156639099
(10,2): 0.6681378483772278
(10,11): 0.6544913649559021
(11,2): 0.4349023699760437
(11,10): 0.4354756772518158
