Interaction name: 1v0o

Affinity: 5.260000228881836
Predicted value: 6.313053607940674

Attributions for edges: 

(0,5): 5.97344602167732e-13
(0,11): 1.993867044802755e-07
(0,17): 2.4938564261627397e-14
(0,18): 2.443447180699998e-11
(0,19): 1.3366761208999378e-07
(0,20): 3.168596400084403e-17
(0,22): 3.756358353257383e-07
(0,24): 2.9063980377941334e-07
(1,5): 1.4398731772863327e-12
(1,6): 4.1284135932073696e-07
(1,11): 4.895977099295123e-07
(1,22): 9.223797974300396e-07
(1,24): 7.136706585697539e-07
(2,3): 2.388964617239253e-07
(2,4): 2.0095087904792308e-07
(2,8): 2.042793596501724e-07
(2,9): 2.0206394424349128e-07
(2,12): 1.498844710567937e-07
(2,13): 1.4679464754863147e-07
(2,19): 1.5938923070279998e-07
(2,21): 1.4648489354840422e-07
(2,24): 3.4656750358408317e-07
(3,2): 2.3867468712523987e-07
(3,4): 2.3867468712523987e-07
(3,7): 2.399966945176857e-07
(3,9): 2.399966945176857e-07
(3,12): 1.7802175023007294e-07
(3,13): 1.7435189647585503e-07
(3,19): 1.8931079637241055e-07
(3,21): 1.7398382112787658e-07
(3,22): 5.320060267877125e-07
(3,23): 1.9040490049588112e-21
(3,24): 4.116281218102813e-07
(4,2): 2.0095087904792308e-07
(4,3): 2.388964617239253e-07
(4,7): 2.0206394424349128e-07
(4,8): 2.042793596501724e-07
(4,12): 1.498844710567937e-07
(4,13): 1.4679464754863147e-07
(4,19): 1.5938923070279998e-07
(4,21): 1.4648489354840422e-07
(4,24): 3.4656750358408317e-07
(5,0): 6.3361029069937055e-15
(5,1): 1.3506722155380135e-14
(5,10): 1.91958164045148e-15
(5,11): 8.158155479832431e-15
(5,16): 2.0369684030324317e-25
(5,17): 1.1282408320893015e-21
(5,18): 1.1009344853138036e-18
(5,20): 1.4335041332941681e-24
(5,25): 2.155235027893456e-35
(5,26): 2.6793155605134896e-15
(6,1): 3.869888303142943e-07
(6,11): 2.3152057337938459e-07
(6,13): 1.42945637549019e-07
(6,14): 1.9023578090582305e-07
(6,19): 1.5520967622251192e-07
(6,21): 1.4264372794059454e-07
(6,26): 6.870613589171626e-08
(7,3): 2.418711630980397e-07
(7,4): 2.034530837136117e-07
(7,8): 2.0682300316821056e-07
(7,9): 2.045799902816725e-07
(7,12): 1.517507968173959e-07
(7,13): 1.486224903146649e-07
(7,19): 1.6137406078087224e-07
(7,21): 1.4830902728135698e-07
(8,2): 2.0598838545993203e-07
(8,4): 2.0598838545993203e-07
(8,7): 2.0712973025638348e-07
(8,9): 2.0712973025638348e-07
(8,12): 1.5364213368229684e-07
(8,13): 1.5047483259422734e-07
(8,19): 1.6338499619905633e-07
(8,21): 1.501571631479237e-07
(9,2): 2.034530837136117e-07
(9,3): 2.418711630980397e-07
(9,7): 2.045799902816725e-07
(9,8): 2.0682300316821056e-07
(9,12): 1.517507968173959e-07
(9,13): 1.486224903146649e-07
(9,19): 1.6137406078087224e-07
(9,21): 1.4830902728135698e-07
(10,5): 6.497208912374652e-14
(10,15): 1.0669628375259421e-10
(10,16): 4.897290246383581e-19
(10,17): 2.7125226401776472e-15
(10,18): 2.6468725215084143e-12
(10,20): 3.4464383028299923e-18
(11,0): 2.098557274621271e-07
(11,1): 4.5563038497675734e-07
(11,5): 8.0764474968964e-13
(11,6): 2.298518779753067e-07
(11,12): 1.718425863828088e-07
(11,13): 1.6830026083880512e-07
(11,14): 2.2397858856493258e-07
(11,19): 1.8274010926688788e-07
(11,21): 1.679451173686175e-07
(11,29): 1.414668995608988e-18
(11,31): 1.4045178886590293e-07
(11,33): 1.3395333553489763e-07
(11,34): 1.315048668221249e-20
(11,36): 1.3395333553489763e-07
(12,2): 1.4934370540231612e-07
(12,3): 1.775443081442063e-07
(12,4): 1.4934370540231612e-07
(12,7): 1.5017091925528803e-07
(12,8): 1.5181738888259133e-07
(12,9): 1.5017091925528803e-07
(12,11): 1.7669601959369174e-07
(12,13): 1.0909570136163893e-07
(12,14): 1.4518741409119684e-07
(12,19): 1.1845569503066145e-07
(12,21): 1.0886518708730364e-07
(12,37): 3.653074998055672e-07
(13,2): 1.4622111166318064e-07
(13,3): 1.7383190709097107e-07
(13,4): 1.4622111166318064e-07
(13,6): 1.4587929797471588e-07
(13,7): 1.4703086037570756e-07
(13,8): 1.486430534214378e-07
(13,9): 1.4703086037570756e-07
(13,11): 1.7300133947628638e-07
(13,12): 1.0906283876011003e-07
(13,14): 1.4215171972864482e-07
(13,19): 1.1597892779491303e-07
(14,6): 1.8862580475342838e-07
(14,11): 2.2369553676071519e-07
(14,12): 1.410211467600675e-07
(14,13): 1.3811403221097862e-07
(14,19): 1.4996396657807054e-07
(14,21): 1.3782270968931698e-07
(14,32): 2.906629811513274e-14
(14,33): 1.0992744847726499e-07
(14,36): 1.0992744847726499e-07
(15,10): 5.6092065020552084e-11
(15,16): 5.952244669502403e-21
(15,17): 3.296843143999114e-17
(15,18): 3.2170389263749474e-14
(15,20): 4.188840037029118e-20
(15,29): 1.0341201587913762e-21
(16,5): 9.632750469146643e-27
(16,10): 6.842264957266927e-22
(16,15): 1.5818800540456246e-23
(16,17): 4.0215653724953404e-28
(16,18): 3.924232946447842e-25
(16,20): 5.10968257254417e-31
(16,30): 2.441684673578879e-31
(17,0): 1.3433794312687434e-16
(17,5): 5.729698450576456e-22
(17,10): 4.069877837143401e-17
(17,15): 9.409250812118523e-19
(17,16): 4.318777337073858e-27
(17,18): 2.334199483254508e-20
(17,20): 3.039301417071346e-26
(17,28): 3.029021075244193e-35
(18,0): 8.718874689069012e-13
(18,5): 3.7187347867490264e-18
(18,10): 2.6414596421622805e-13
(18,15): 6.106844122456909e-15
(18,16): 2.8030067586133525e-23
(18,17): 1.5525241764612965e-19
(18,20): 1.9725916270223014e-22
(18,31): 6.051357331893215e-13
(18,37): 2.5591419174769703e-12
(19,0): 1.5338738990067213e-07
(19,2): 1.683969088617232e-07
(19,3): 2.0019531632442522e-07
(19,4): 1.683969088617232e-07
(19,6): 1.680032539752574e-07
(19,7): 1.6932932567215175e-07
(19,8): 1.7118586015385517e-07
(19,9): 1.6932932567215175e-07
(19,11): 1.992386273741431e-07
(19,12): 1.256031083585185e-07
(19,13): 1.2301396168368228e-07
(19,14): 1.6371035371776088e-07
(19,21): 1.2275427252461668e-07
(19,35): 1.6336061960820774e-25
(20,0): 2.7073261172929738e-20
(20,5): 1.1547163506540838e-25
(20,10): 8.202066075721533e-21
(20,15): 1.8962560184700884e-22
(20,16): 8.703675205974237e-31
(20,17): 4.820811806793212e-27
(20,18): 4.70413574444439e-24
(20,31): 1.8790192789489095e-20
(20,38): 6.7478806845198e-24
(21,2): 1.459824119365294e-07
(21,3): 1.7354830106341979e-07
(21,4): 1.459824119365294e-07
(21,6): 1.4564116668225324e-07
(21,7): 1.4679100956982438e-07
(21,8): 1.4840041728803044e-07
(21,9): 1.4679100956982438e-07
(21,11): 1.7271894137138588e-07
(21,12): 1.0888470569625497e-07
(21,14): 1.41919684892855e-07
(21,19): 1.1578972447523483e-07
(22,0): 5.798992424388416e-05
(22,1): 0.00012589689868036658
(22,3): 7.568474393337965e-05
(22,25): 3.049441669340138e-25
(23,3): 3.734463232358751e-15
(23,37): 7.625558103257872e-15
(24,0): 3.2962645946099656e-07
(24,1): 7.156717742873298e-07
(24,2): 3.6188058061270567e-07
(24,3): 4.302145839574223e-07
(24,4): 3.6188058061270567e-07
(25,5): 2.928259568789448e-25
(25,22): 2.0757563682029191e-19
(26,5): 2.0725582979431306e-13
(26,6): 5.33171693462009e-08
(26,32): 6.655699449421067e-15
(26,33): 2.4995406633365747e-08
(26,36): 2.4995406633365747e-08
(28,17): 2.775011135258139e-26
(29,11): 3.3562876870091296e-13
(29,15): 1.5569814470502543e-15
(30,16): 1.6375566142801979e-24
(30,38): 2.5934438235419917e-17
(31,11): 7.412655378402633e-08
(31,18): 9.856445520872725e-12
(31,20): 1.283382549058782e-17
(31,35): 6.077852183687568e-26
(31,38): 1.5721380794420092e-11
(32,14): 4.793657693014097e-10
(32,26): 1.4732304265407947e-10
(33,11): 1.5155400433286559e-05
(33,14): 1.2452909686544444e-05
(33,26): 3.827173713943921e-06
(34,11): 1.1325569964552949e-14
(34,37): 2.3237186778718097e-14
(35,19): 2.142474300719003e-18
(35,31): 1.6466821972869959e-18
(36,11): 1.5155400433286559e-05
(36,14): 1.2452909686544444e-05
(36,26): 3.827177351922728e-06
(37,12): 4.399051078962657e-07
(37,18): 9.265355843668388e-11
(37,23): 4.611220914459855e-21
(37,34): 3.299291621876726e-20
(38,20): 8.768313016409106e-19
(38,30): 7.651418081176092e-19
(38,31): 4.204600667634395e-09
