Interaction name: 5k8o

Affinity: 5.960000038146973
Predicted value: 6.430481910705566

Shapley values for edges: 

(0,1): 0.01370990753173828
(0,5): 0.013261628150939942
(0,6): 0.016171293258666994
(0,8): 0.006818828582763672
(0,9): 0.002495689392089844
(0,10): -0.001408548355102539
(0,13): 0.0006817388534545899
(0,14): -0.006396703720092774
(0,15): -0.009490675926208496
(0,16): -0.008371405601501465
(0,17): -0.03538444995880127
(0,18): -0.02681245803833008
(0,19): 0.02387321472167969
(1,0): 0.02551802635192871
(1,5): 0.002809925079345703
(1,6): -0.015214858055114746
(1,7): -0.005962753295898437
(1,9): 0.01690598011016846
(1,10): -0.019297356605529784
(1,13): -0.030026631355285646
(1,14): -0.010771408081054687
(1,15): -0.009243836402893066
(1,16): -0.010299468040466308
(1,17): -0.03571802139282226
(1,19): -0.01492424964904785
(2,3): -0.013601012229919433
(2,4): -0.014717211723327637
(2,9): 0.0010358810424804688
(2,10): -0.010892848968505859
(2,11): -0.014346885681152343
(2,12): 0.01635279655456543
(2,15): -0.011484088897705079
(2,16): 0.012108254432678222
(2,18): 0.007214155197143555
(3,2): -0.01707645893096924
(3,4): -0.004966135025024414
(3,10): -0.014265804290771485
(3,11): 0.004949007034301758
(3,15): -0.006828141212463379
(3,16): 0.011786799430847168
(3,18): 0.007120871543884277
(4,2): -0.0059846830368042
(4,3): -0.027776141166687012
(4,10): -0.01879326820373535
(4,11): -0.011471166610717773
(4,15): -0.009229679107666016
(4,16): 0.010010271072387696
(5,0): 0.021746139526367187
(5,1): -0.0069179821014404294
(5,7): -0.004280781745910645
(5,8): -0.004991588592529297
(5,9): 0.02137237548828125
(5,10): -0.01339989185333252
(5,11): -0.009434981346130371
(5,12): 0.01605909824371338
(5,13): -0.0051569175720214844
(5,14): 0.00697113037109375
(5,15): 0.0009188556671142578
(5,16): -0.008512468338012695
(6,0): 0.008066754341125488
(6,1): 0.015878129005432128
(6,7): -0.0030680084228515625
(6,8): -0.011010422706604003
(6,9): -0.024428901672363282
(6,10): -0.01061234474182129
(6,11): -0.05164772510528565
(6,12): -0.01905632495880127
(6,13): -0.007707047462463379
(6,14): 0.006634931564331054
(7,1): 0.0003345870971679687
(7,5): 0.007568573951721192
(7,6): -0.006295628547668457
(7,8): -0.01122765064239502
(7,9): 0.0020659208297729493
(7,10): -0.01391848087310791
(7,13): 0.011324691772460937
(7,14): 0.015170655250549316
(8,0): -0.0018806838989257812
(8,5): 0.0020403194427490233
(8,6): 0.0019925260543823243
(8,7): -0.024139971733093263
(8,9): 0.006486725807189941
(8,10): -0.013732976913452148
(8,13): 0.009951581954956054
(8,14): -0.013977799415588379
(9,0): 0.013068995475769042
(9,1): 0.017950224876403808
(9,2): -0.00043496131896972654
(9,5): -0.017873992919921877
(9,6): -0.007372851371765137
(9,7): 0.008410825729370117
(9,8): 0.011412863731384277
(9,10): -0.01660252571105957
(9,11): -0.021772055625915526
(9,12): -0.011665287017822266
(9,13): -0.01608726501464844
(9,14): -0.035050363540649415
(9,23): 0.12464742183685303
(10,0): 0.009324216842651367
(10,1): 0.010264716148376464
(10,2): 0.013413124084472657
(10,3): -0.009246897697448731
(10,4): -0.010995063781738281
(10,5): 0.006169323921203613
(10,6): 0.007312459945678711
(10,7): 0.0197053861618042
(10,8): 0.013268561363220214
(10,9): -0.03629265785217285
(10,11): -0.005301914215087891
(10,12): -0.023231148719787598
(10,13): -0.013506503105163574
(10,14): -0.01061443328857422
(10,20): 0.009004182815551758
(11,2): 0.010831890106201171
(11,3): -0.004616508483886719
(11,4): -0.021729297637939453
(11,5): 0.008011493682861328
(11,6): 0.00450538158416748
(11,9): -0.028028292655944823
(11,10): -0.021804141998291015
(11,12): -0.020432620048522948
(11,13): -0.001077256202697754
(11,14): -0.035309796333312986
(11,21): 0.0022743988037109376
(12,2): -0.010450372695922852
(12,5): 0.00030209064483642577
(12,6): 0.007365179061889648
(12,9): -0.01583587169647217
(12,10): -0.018311634063720703
(12,11): -0.04552214145660401
(12,13): 0.010933952331542969
(12,14): -0.0334301233291626
(12,22): -0.0003499460220336914
(12,23): 0.024662375450134277
(13,0): -0.008318676948547363
(13,1): -0.00261566162109375
(13,5): -0.006248388290405273
(13,6): -0.001121830940246582
(13,7): 0.00554534912109375
(13,8): 0.019220004081726073
(13,9): -0.036142950057983396
(13,10): -0.008315448760986327
(13,11): -0.0036652851104736327
(13,12): 0.0016570329666137696
(14,0): -0.06789154529571534
(14,1): -0.06509499549865723
(14,5): -0.020376248359680174
(14,6): -0.017235846519470216
(14,7): 0.009566144943237305
(14,8): 0.03947651863098144
(14,9): -0.06434847354888916
(14,10): 0.017261781692504884
(14,11): 0.04993165016174316
(14,12): -0.07548291206359864
(15,0): 0.015217828750610351
(15,1): -0.0040946054458618165
(15,2): 0.003828248977661133
(15,3): -0.002056107521057129
(15,4): -0.0022691059112548827
(15,5): 0.016889281272888183
(15,16): -0.005758872032165527
(15,19): 0.0097562837600708
(15,23): 0.06799613952636718
(16,0): 0.009851732254028321
(16,1): -0.006763801574707031
(16,2): -0.00689493179321289
(16,3): 0.006944975852966309
(16,4): 0.013350386619567872
(16,5): 0.017203183174133302
(16,15): 0.00301480770111084
(16,19): 0.013403053283691407
(17,0): -0.011968111991882325
(17,1): 0.000936131477355957
(18,0): 0.009628844261169434
(18,2): -0.012281122207641602
(18,3): -0.021688942909240724
(18,20): -0.036992859840393064
(19,0): 0.0070223045349121094
(19,1): -0.0026758813858032224
(19,15): 0.03867345809936523
(19,16): -0.00574014663696289
(19,23): 0.16366149425506593
(20,10): -0.00958519458770752
(20,18): -0.04768574714660644
(21,11): -0.04956936359405518
(21,22): -0.014290242195129395
(22,12): -0.008252534866333008
(22,21): -0.029013924598693848
(23,9): -0.037300028800964356
(23,12): -0.021467952728271483
(23,15): 0.027922968864440918
(23,19): -0.11770076274871827
