Interaction name: 5nw0

Affinity: 6.519999980926514
Predicted value: 7.417936325073242

Shapley values for edges: 

(0,6): 0.00021406173706054688
(0,9): -0.024565896987915038
(0,10): -0.01874941825866699
(0,14): -0.015253667831420898
(0,15): -0.008207530975341796
(0,27): 0.008165407180786132
(0,28): 0.007132892608642578
(1,6): -0.004056501388549805
(1,10): -0.026514339447021484
(1,11): -0.020952816009521483
(1,15): -0.007435884475708008
(1,27): 0.00494542121887207
(2,4): 0.0022028255462646484
(2,8): -0.0065421581268310545
(2,12): -0.016538047790527345
(2,13): -0.0043622016906738285
(2,14): -0.005677146911621094
(2,28): 0.004467439651489258
(3,16): 0.00152313232421875
(3,17): -0.013172721862792969
(3,27): 0.004159088134765625
(3,29): -0.005188560485839844
(4,2): 0.004827318191528321
(4,8): -0.00010877609252929688
(4,13): -0.0049207210540771484
(4,17): -0.015530309677124023
(4,24): -0.006783380508422852
(4,27): 0.011451435089111329
(4,28): 0.002747020721435547
(5,19): 0.011150550842285157
(5,20): 0.013197612762451173
(5,21): 0.013694171905517577
(6,0): -0.0017329216003417968
(6,1): -0.011157140731811524
(6,9): -0.018595476150512696
(6,10): -0.014731340408325196
(6,11): -0.014940395355224609
(7,16): 0.0040899658203125
(7,17): -0.004736776351928711
(8,2): -0.0035318851470947264
(8,4): -0.0052572059631347656
(8,17): -0.015702590942382813
(8,22): 0.006245851516723633
(8,24): -0.0006515026092529297
(8,25): -0.0026113224029541016
(8,30): 0.0012757492065429688
(9,0): 0.005660276412963867
(9,6): -0.01452326774597168
(10,0): 0.0027585411071777343
(10,1): 0.005694284439086914
(10,6): -0.005368947982788086
(10,11): 0.001932353973388672
(10,44): -0.001679239273071289
(11,1): 0.009287309646606446
(11,6): -0.00383331298828125
(11,10): 0.005541677474975586
(11,31): -0.001076984405517578
(11,37): 0.0040875434875488285
(12,2): 0.004600143432617188
(12,13): 0.0010040664672851562
(12,14): 0.003369569778442383
(12,15): 0.0010060024261474608
(13,2): 0.013786630630493164
(13,4): 0.008596849441528321
(13,12): 0.001828937530517578
(13,14): 0.002804279327392578
(13,15): 0.0004835224151611328
(13,32): -0.0006110572814941406
(13,36): -0.0035918903350830077
(13,37): 0.005002117156982422
(13,41): 0.0029518890380859377
(13,42): 0.0031024932861328123
(14,0): 0.009766817092895508
(14,2): 0.007122764587402344
(14,12): 0.0025852108001708984
(14,13): 0.002504148483276367
(14,15): 0.0022116565704345705
(14,31): -0.002178812026977539
(14,37): 0.005555391311645508
(15,0): 0.008014097213745117
(15,1): 0.013635263442993165
(15,12): 0.002197732925415039
(15,13): 0.001233053207397461
(15,14): 0.0029454898834228517
(15,33): -1.4524459838867188e-05
(15,34): 0.00012961387634277343
(15,36): -0.0046905136108398434
(15,44): -0.004244842529296875
(16,3): 0.007090473175048828
(16,7): -0.0008310031890869141
(16,17): 0.006476860046386718
(16,35): 0.010203876495361329
(16,36): 0.0018848419189453126
(17,3): 0.004041118621826172
(17,4): 0.009919967651367188
(17,7): 0.003295106887817383
(17,8): -4.6510696411132815e-05
(17,16): -0.0008789253234863281
(17,36): -0.002704372406005859
(17,37): 0.003449115753173828
(17,45): 0.0064631843566894534
(18,19): 9.362220764160156e-05
(18,20): -0.0013891792297363282
(18,22): -0.0003053569793701172
(18,23): -0.0011138439178466797
(18,24): 0.0014329910278320312
(18,25): 0.0022841644287109374
(18,26): 0.003470754623413086
(18,39): -0.002738323211669922
(18,41): -0.0020688724517822265
(19,5): 0.004976978302001953
(19,18): 0.0002233123779296875
(19,20): 0.0003541851043701172
(19,21): 0.00011157035827636718
(19,22): 0.0013360595703125
(19,23): 0.00010061264038085938
(19,24): 0.0015855216979980468
(19,25): 0.0025558948516845705
(19,26): 0.0026308631896972655
(19,39): -3.47900390625e-05
(19,40): -0.0003884029388427734
(19,42): -0.000501699447631836
(20,5): 0.008942623138427735
(20,18): 4.161834716796875e-05
(20,19): -0.0006569290161132813
(20,21): -0.0013742351531982422
(20,23): -0.0007615852355957032
(20,26): 0.0051259613037109375
(20,39): -0.0008205986022949219
(20,40): -0.0016063880920410157
(20,41): -0.0009258270263671875
(20,42): -0.0017847824096679688
(21,5): 0.00818833351135254
(21,19): -0.00040894508361816406
(21,20): 0.0008273506164550781
(21,23): -0.0006441688537597657
(21,26): 0.004692678451538086
(21,39): -0.001096944808959961
(21,41): 0.00010107994079589843
(21,42): -0.0013229560852050782
(21,43): -0.0001294708251953125
(22,8): 0.007462873458862305
(22,18): 5.473136901855469e-05
(22,19): 0.000612192153930664
(22,23): -7.351875305175782e-05
(22,24): 0.0010143089294433593
(22,25): 0.003964214324951172
(22,26): 0.004817714691162109
(22,38): -0.0007643032073974609
(23,18): -0.0004377079010009766
(23,19): 7.395744323730468e-05
(23,20): -0.0009367942810058593
(23,21): 0.0007077503204345703
(23,22): -0.00017168045043945313
(23,24): 0.0018264293670654298
(23,25): 0.0014665031433105469
(23,40): -0.003253211975097656
(23,41): -0.0018993663787841798
(23,42): -0.0024137115478515625
(23,43): -0.002737131118774414
(24,4): 0.009059629440307616
(24,8): 0.00068115234375
(24,18): 0.0006950950622558594
(24,19): 0.002172861099243164
(24,22): 0.0009583663940429687
(24,23): 0.0008275032043457032
(24,25): 0.0011236858367919922
(24,26): 0.004662303924560547
(24,40): 0.0022264671325683593
(25,8): 0.004431333541870117
(25,18): 0.001331796646118164
(25,19): 0.0009723663330078125
(25,22): 0.0017461585998535156
(25,23): 9.347915649414062e-05
(25,24): 0.0014724349975585938
(25,26): 0.0029185009002685547
(26,18): -0.008866806030273438
(26,19): -0.00474517822265625
(26,20): -0.012441110610961915
(26,21): -0.010935192108154296
(26,22): -0.012875165939331055
(26,24): -0.009160547256469727
(26,25): -0.007320470809936523
(27,0): 0.002555990219116211
(27,1): 0.015479145050048828
(27,3): 0.008147468566894531
(27,4): 0.007334976196289062
(27,37): 0.00048493385314941407
(27,45): -0.025797758102416992
(28,0): 0.014893112182617187
(28,2): 0.013427562713623047
(28,4): 0.0023785877227783204
(28,36): 0.003790292739868164
(29,3): 0.0006847381591796875
(29,35): -0.0025493335723876954
(30,8): 0.010664920806884765
(30,37): -0.009020881652832031
(31,11): 0.014725093841552734
(31,14): 0.017607450485229492
(32,13): 0.0057515716552734375
(32,33): -0.00020247459411621094
(32,35): 0.010288944244384765
(33,15): 0.00502924919128418
(33,32): -0.00013278007507324218
(33,35): 0.0053123092651367184
(34,15): 0.004582605361938477
(35,16): 9.348869323730469e-05
(35,29): 0.004781913757324219
(35,32): 0.0011095809936523438
(35,33): 0.0005935955047607421
(36,13): 0.007711868286132812
(36,15): 0.006776866912841797
(36,16): 0.0034837913513183594
(36,17): 0.02005721092224121
(36,28): 0.010673761367797852
(37,11): 0.016918373107910157
(37,13): 0.004808464050292969
(37,14): 0.008507041931152344
(37,17): 0.012722558975219726
(37,27): 0.004169683456420898
(37,30): 0.0008713817596435547
(38,22): 0.002451333999633789
(38,41): 0.0001365375518798828
(39,18): 0.0014874649047851563
(39,19): 0.002020750045776367
(39,20): 0.0007313823699951172
(39,21): 0.00042283058166503907
(40,19): 0.0001092529296875
(40,20): 0.0012786197662353516
(40,23): 0.0007916641235351563
(40,24): 0.005814199447631836
(41,13): 0.0014804744720458985
(41,18): 0.0005535984039306641
(41,20): -1.728057861328125e-05
(41,21): -0.0007549667358398437
(41,23): 0.00015226364135742187
(41,38): -0.0005711650848388672
(42,13): 0.000423583984375
(42,19): 0.0009099292755126953
(42,20): 0.0004668426513671875
(42,21): 0.000114288330078125
(42,23): 0.00020519256591796875
(43,21): 0.0014464855194091797
(43,23): 0.0001934814453125
(44,10): 0.029300727844238282
(44,15): 0.004490804672241211
(45,17): 0.009121513366699219
(45,27): 0.010565271377563476
