Interaction name: 5nu1

Affinity: 9.0
Predicted value: 8.142571449279785

Shapley values for edges: 

(0,1): -0.05127385139465332
(0,6): 0.009348745346069337
(0,7): 0.005374288558959961
(0,9): -0.004537339210510254
(0,24): -0.003987588882446289
(0,26): -0.02961545467376709
(0,32): 0.04598221302032471
(1,0): -0.02067458152770996
(1,6): -0.004338712692260742
(1,7): -0.00025485992431640626
(1,9): -0.016352877616882325
(1,24): -0.017304210662841796
(1,26): -0.008640918731689453
(1,32): 0.03744655609130859
(1,33): 0.01829421043395996
(2,5): -0.0030787134170532225
(2,8): -0.004773693084716797
(2,10): 0.023327975273132323
(2,17): -0.00045113086700439455
(2,25): 0.0021911239624023437
(2,28): 0.008989572525024414
(2,33): 0.07391119003295898
(3,5): -0.07596315383911133
(3,13): 0.029842286109924315
(3,14): 0.03213413238525391
(3,17): 0.03731843948364258
(3,29): -0.013919076919555663
(3,30): -0.07903440475463867
(4,11): 0.024161405563354492
(4,17): 0.015350885391235351
(4,18): 0.013280820846557618
(4,21): 0.01641471862792969
(5,2): 0.10248599529266357
(5,3): -0.053299999237060545
(5,8): 0.008552336692810058
(5,10): 0.01609963893890381
(5,17): -0.004492983818054199
(5,25): 0.01728240966796875
(5,31): -0.020991206169128418
(5,34): 0.033137431144714354
(6,0): -0.02357619285583496
(6,1): 0.02780059814453125
(6,7): -0.010424175262451173
(6,9): -0.0051921987533569336
(6,26): 0.010383996963500976
(6,35): 0.0016290855407714844
(6,44): 0.005317921638488769
(6,47): 0.01184013843536377
(6,50): -0.01050316333770752
(6,51): 0.02339906692504883
(6,53): 0.007580246925354004
(6,54): 0.002052502632141113
(7,0): -0.012345848083496093
(7,1): 0.0008870124816894531
(7,6): -0.01902639389038086
(7,9): -0.010370545387268067
(7,24): -0.009121184349060058
(7,26): -0.015594391822814942
(7,36): 0.009996590614318847
(8,2): 0.0034563875198364256
(8,5): -0.08686459541320801
(8,9): -0.001571788787841797
(8,10): -0.006095499992370606
(8,24): -0.000859837532043457
(8,25): -0.0009879827499389648
(8,26): -0.008743610382080078
(8,28): 0.012683815956115722
(8,52): -0.0044509458541870115
(8,53): -0.00651608943939209
(8,56): -0.00239710807800293
(9,0): 0.007570619583129883
(9,1): 0.036960844993591306
(9,6): -0.026569013595581056
(9,7): -0.013443818092346191
(9,8): -0.005501279830932617
(9,10): 0.004595036506652832
(9,24): -0.0057971906661987305
(9,25): 0.007822556495666504
(9,26): -0.015913991928100585
(9,28): -0.002054572105407715
(9,37): -0.0006753730773925781
(9,47): -0.0027344417572021484
(9,50): -0.008219475746154786
(9,54): -0.0038190412521362303
(9,56): -0.011849737167358399
(10,2): 0.00781869411468506
(10,5): -0.07377563953399659
(10,8): 0.0015679502487182617
(10,9): -0.005549397468566895
(10,24): -0.008492317199707031
(10,25): -0.008135590553283691
(10,28): 0.0008660697937011719
(10,38): 0.04354967594146728
(10,44): -0.005255680084228515
(10,53): -0.010807685852050782
(11,4): -0.03585721492767334
(11,12): -0.006955742835998535
(11,14): -0.0032479047775268556
(11,18): -0.008845934867858887
(11,19): -0.0030630922317504885
(11,20): -0.003438363075256348
(11,21): -0.007133040428161621
(11,39): -0.013743252754211425
(11,40): -0.012765455245971679
(12,11): -0.015663399696350097
(12,18): -0.001673116683959961
(12,19): -0.013658809661865234
(12,20): -0.013042397499084472
(12,21): 0.0039969968795776365
(12,22): -0.003119978904724121
(12,39): -0.0061862897872924805
(12,41): -0.00444882869720459
(12,46): -0.018518013954162596
(12,47): -0.009197897911071777
(12,52): -0.004972276687622071
(13,3): -0.01862759590148926
(13,14): -0.005974664688110352
(13,15): -0.018353180885314943
(13,16): 0.0037535667419433595
(13,18): -0.006420392990112305
(13,21): 0.007720422744750976
(13,22): -0.015326128005981446
(13,27): -0.031108016967773437
(13,29): -0.04642435073852539
(13,30): -0.013332104682922364
(13,31): -0.036284809112548826
(13,35): -0.00176300048828125
(13,53): -0.005806212425231934
(14,3): -0.020162749290466308
(14,11): -0.0027805566787719727
(14,13): 0.010173935890197754
(14,15): -0.018468003273010253
(14,16): 0.018381433486938478
(14,18): -0.015393285751342774
(14,21): -0.008634343147277831
(14,27): -0.02249899387359619
(14,29): -0.020983667373657228
(14,30): 0.043531489372253415
(14,31): -0.008860678672790527
(14,39): 0.0034079790115356446
(14,43): 0.012839441299438476
(15,13): -0.0028444766998291016
(15,14): 0.017314505577087403
(15,16): 0.01102149486541748
(15,23): -0.024954962730407714
(15,27): -0.0005090093612670899
(15,29): 0.009384984970092774
(15,30): -0.02661755561828613
(15,39): -0.01972569465637207
(15,49): 0.019208145141601563
(15,57): -0.022209420204162597
(16,13): -0.002599039077758789
(16,14): 0.007174367904663086
(16,15): -0.0029488754272460936
(16,23): -0.007043352127075195
(16,27): -0.004960103034973145
(16,29): -0.009132494926452637
(16,30): 0.0019484710693359374
(16,53): -0.00460052490234375
(16,57): -0.019863572120666504
(17,2): -0.0025437641143798827
(17,3): -0.01940797805786133
(17,4): -0.01313899040222168
(17,5): -0.022430167198181153
(17,31): 0.018247265815734864
(17,35): -0.0020384740829467772
(17,37): -0.00848874568939209
(17,39): -9.788036346435547e-05
(17,44): 0.0025847911834716796
(17,46): 0.0013259410858154296
(17,53): 0.00304469108581543
(17,56): -0.00843952178955078
(17,57): 0.0050907421112060544
(18,4): -0.031408166885375975
(18,11): -0.009572253227233887
(18,12): -0.006186156272888183
(18,13): -0.008256521224975586
(18,14): -0.0018596220016479491
(18,19): -0.010219554901123046
(18,20): -0.004315648078918457
(18,21): -0.0059829092025756835
(18,22): -0.007948184013366699
(18,41): -0.01071645736694336
(18,44): 0.001593918800354004
(18,53): -0.004324378967285156
(19,11): -0.005774593353271485
(19,12): -0.0026331853866577147
(19,18): -0.004459133148193359
(19,20): -0.018325963020324708
(19,21): -0.009583263397216797
(19,42): -0.008820939064025878
(19,45): -0.009929637908935546
(20,11): -0.018334879875183105
(20,12): -0.006069841384887695
(20,18): -0.006127762794494629
(20,19): -0.016039667129516603
(20,21): 0.003911290168762207
(20,35): -0.004080338478088379
(20,40): -0.017166008949279787
(20,45): -0.011508564949035644
(20,55): 0.0009197616577148438
(21,4): -0.040191998481750486
(21,11): -0.008566484451293946
(21,12): -0.008995943069458008
(21,13): -0.026169667243957518
(21,14): -0.009777312278747558
(21,18): -0.00837557315826416
(21,19): -0.002657351493835449
(21,20): 0.0003679656982421875
(21,22): 0.006201052665710449
(21,35): -0.0029871416091918944
(21,46): -0.007191200256347657
(22,12): -0.008916749954223632
(22,13): -0.01013369083404541
(22,18): -0.00027605533599853513
(22,21): -0.0041006898880004885
(22,29): 0.007583150863647461
(22,30): -0.013187823295593261
(22,35): -0.0026593017578125
(22,41): -0.008286004066467284
(22,46): -0.016022982597351073
(22,50): -0.010721235275268555
(22,53): -0.0020951414108276367
(22,54): -0.01831939220428467
(22,57): 0.0003644847869873047
(23,15): -0.013715853691101074
(23,16): -0.016965441703796387
(23,29): -0.032997269630432126
(23,30): -0.013645005226135255
(23,43): -0.00017354965209960937
(23,48): -0.010291318893432617
(23,50): -0.001138453483581543
(24,0): -0.0009024190902709961
(24,1): 0.04632532596588135
(24,7): -0.011659140586853028
(24,8): -0.0006720209121704101
(24,9): -0.0031639957427978516
(24,10): -0.022496027946472166
(24,25): 0.0003396272659301758
(24,26): -0.0039757204055786135
(24,28): -0.01203338623046875
(24,37): 0.0076483583450317385
(24,44): 0.001738753318786621
(24,56): -0.016036067008972168
(25,2): 0.036917171478271484
(25,5): -0.051634082794189455
(25,8): -0.007897233963012696
(25,9): 0.003155832290649414
(25,10): -0.01043424129486084
(25,24): 0.007073454856872559
(25,26): -0.010979952812194825
(25,28): -0.011912994384765625
(25,35): -0.0002600383758544922
(25,54): -0.01915168285369873
(25,56): -0.005820088386535645
(26,0): 0.0016724014282226563
(26,1): 0.0005810165405273438
(26,6): -0.0059549474716186525
(26,7): -0.029266457557678222
(26,8): -0.0033981466293334962
(26,9): -0.0067694091796875
(26,24): -0.009777021408081055
(26,25): 0.014945168495178223
(26,28): 0.003055415153503418
(27,13): 0.012935161590576172
(27,14): 0.00647423267364502
(27,15): -0.0019473648071289063
(27,16): -0.003989834785461426
(27,29): -0.03351879596710205
(27,30): -0.040652079582214354
(27,42): 0.003968019485473633
(27,50): -0.00490046501159668
(28,2): 0.026590681076049803
(28,8): -0.02028380870819092
(28,9): 0.004607610702514649
(28,10): -0.017579517364501952
(28,24): 0.004757866859436035
(28,25): -0.008476014137268067
(28,26): -0.015045409202575683
(29,3): -0.032759113311767576
(29,13): -0.011214213371276855
(29,14): -0.012303276062011719
(29,15): 0.007578902244567871
(29,16): -0.01069739818572998
(29,22): 0.012700643539428711
(29,23): -0.011756124496459961
(29,27): -0.03373244285583496
(29,31): -0.060229520797729495
(29,43): -0.0011181831359863281
(29,54): 0.010271391868591308
(30,3): -0.035757346153259276
(30,13): -0.007093734741210937
(30,14): 0.00875499725341797
(30,15): 0.03569325447082519
(30,16): -0.0005908823013305664
(30,22): 0.019584951400756837
(30,23): -0.022320213317871093
(30,27): 0.006447763442993164
(30,31): -0.054270658493041996
(31,5): 0.00801806926727295
(31,13): 0.03516707420349121
(31,14): 0.0010769128799438476
(31,17): 0.03439695358276367
(31,29): -0.0051547765731811525
(31,30): -0.03237281799316406
(32,0): -0.02469151496887207
(32,1): -0.07403803825378417
(32,36): 0.06848511219024658
(32,37): 0.03035158634185791
(33,1): -0.09249149799346924
(33,2): -0.11294675827026367
(34,5): -0.020485196113586426
(34,38): 0.02782421588897705
(35,6): 0.0003311586380004883
(35,13): -0.01028752326965332
(35,17): -0.024117817878723146
(35,20): -0.001164698600769043
(35,21): -0.0002704000473022461
(35,22): 0.011710071563720703
(35,25): -0.007697100639343262
(35,43): -0.006553511619567871
(35,52): -0.008952336311340332
(36,7): 0.0054432392120361325
(36,32): -0.0749045705795288
(36,37): 0.004342751502990723
(37,9): 0.0012152433395385743
(37,17): -0.008949456214904785
(37,24): 0.009243803024291992
(37,32): -0.13557427883148193
(37,36): 0.022562103271484377
(38,10): -0.014759821891784668
(38,34): -0.09080022811889649
(38,56): -0.0062350273132324215
(39,11): 0.006420660018920899
(39,12): -0.0020615196228027342
(39,14): -0.009340105056762695
(39,15): -0.024401254653930664
(39,17): 0.024536638259887694
(40,11): -0.0037554931640625
(40,20): -0.0062910509109497074
(40,46): -0.006899404525756836
(41,12): -0.007389602661132813
(41,18): -0.007101955413818359
(41,22): -0.007571721076965332
(41,47): -0.010501346588134765
(42,19): 0.0016828584671020508
(42,27): 0.0016771745681762695
(43,14): -0.013980965614318847
(43,23): -0.02627174377441406
(43,29): -0.0019154596328735353
(43,35): -4.9495697021484374e-05
(43,52): -0.008719348907470703
(44,6): 0.005867090225219727
(44,10): 0.004848909378051758
(44,17): 0.03766026496887207
(44,18): 0.01306166648864746
(44,24): -0.0037656259536743165
(45,19): 0.0061778068542480465
(45,20): -0.0013358163833618163
(46,12): -0.009214344024658204
(46,17): -0.010386834144592285
(46,21): -0.0027434968948364257
(46,22): -0.0061407947540283205
(46,40): -0.0046603775024414065
(47,6): 0.0004341983795166016
(47,9): 0.008188114166259766
(47,12): 0.002072606086730957
(47,41): -0.0009336042404174805
(48,23): -0.013187146186828614
(48,52): 0.00505155086517334
(48,53): -0.005278935432434082
(49,15): 0.021815853118896486
(50,6): 0.001369633674621582
(50,9): 0.012897257804870605
(50,22): -0.0018493032455444336
(50,23): 0.002943606376647949
(50,27): -0.001674342155456543
(51,6): 0.004592213630676269
(52,8): 0.0007192516326904297
(52,12): -0.005608954429626465
(52,35): -0.007689180374145507
(52,43): -0.00033464908599853513
(52,48): -0.006525659561157226
(53,6): 0.01383657455444336
(53,8): -0.003990006446838379
(53,10): 0.002601337432861328
(53,13): -0.02009775161743164
(53,16): 0.014078073501586914
(53,17): -0.01287381649017334
(53,18): 0.013589658737182618
(53,22): -0.0003486490249633789
(53,48): -0.007243890762329102
(54,6): -0.005262904167175293
(54,9): -0.0016417407989501953
(54,22): 0.001709890365600586
(54,25): -0.008990273475646973
(54,29): -0.003159918785095215
(55,20): -0.0032048273086547853
(55,57): 0.0024047136306762696
(56,8): -0.0005965375900268555
(56,9): 0.003293018341064453
(56,17): -0.008036670684814453
(56,24): 0.018540453910827637
(56,25): -0.000172882080078125
(56,38): -0.030393247604370118
(57,15): -0.007894463539123535
(57,16): -0.009250068664550781
(57,17): -0.011911325454711914
(57,22): -0.0004894542694091797
(57,55): -0.004714398384094238
