Interaction name: 5ufp

Affinity: 7.369999885559082
Predicted value: 7.479693412780762

Attributions for edges: 

(0,6): 2.4728065599745173e-22
(0,24): 1.2054399467210311e-21
(0,25): 3.670696767044672e-21
(1,6): 9.54389318146641e-22
(1,8): 3.997368081620979e-21
(1,9): 3.254061094797989e-25
(1,12): 3.703964619327722e-35
(1,17): 7.699193577664711e-21
(1,18): 4.893512858261698e-21
(1,19): 1.1655301987266773e-21
(1,20): 1.039486195772525e-23
(1,21): 5.240286115751464e-22
(1,24): 4.652425252619436e-21
(1,26): 5.466127526585377e-22
(1,27): 2.388080691200803e-32
(1,28): 6.893048717191317e-26
(1,29): 1.055677452453431e-25
(2,3): 3.4903384944584905e-25
(2,9): 9.001270781191123e-28
(2,10): 2.9309666238718045e-23
(2,11): 2.0743272629907464e-23
(2,12): 1.0245896402379194e-37
(2,13): 0.0
(2,14): 2.0326702007131026e-23
(2,16): 2.1793397956050434e-23
(2,20): 2.8754020054648724e-26
(2,22): 3.384050778051665e-24
(2,23): 5.5468663831611345e-24
(2,29): 2.920190074470931e-28
(3,2): 3.5276306611576494e-25
(3,4): 3.128406711924443e-34
(3,5): 3.066335882877026e-30
(3,12): 2.8802492664788696e-37
(3,13): 0.0
(3,14): 5.714089354508156e-23
(3,15): 3.0058112222042773e-23
(3,16): 6.126441464707835e-23
(3,23): 1.5592992261780352e-23
(3,26): 4.250513508241078e-24
(3,29): 8.209017350373073e-28
(4,3): 2.7910520014416876e-34
(4,12): 0.0
(4,14): 1.6254262746694386e-32
(4,15): 8.550246891505829e-33
(4,16): 1.742710635775557e-32
(4,23): 4.435573281852372e-33
(4,26): 1.2090893365203154e-33
(5,3): 2.776191339410455e-30
(5,9): 7.15954964709072e-33
(5,10): 2.33124430859596e-28
(5,11): 1.6498868869406994e-28
(5,12): 0.0
(5,13): 0.0
(5,14): 1.616765947463343e-28
(5,16): 1.7334319223688949e-28
(5,20): 2.2870575605841436e-31
(5,22): 2.691630338320776e-29
(5,23): 4.4119227240147104e-29
(6,0): 2.4677931911496567e-22
(6,1): 9.479055630815464e-22
(6,8): 2.478529777396332e-22
(6,17): 4.773811079259913e-22
(6,18): 3.0341874955981634e-22
(6,19): 7.226758539262034e-23
(6,21): 3.2491893265056156e-23
(6,24): 2.8846914120828157e-22
(6,25): 8.78420170194783e-22
(6,27): 1.4807177956625294e-33
(6,28): 4.273968650987744e-27
(6,35): 0.0
(6,47): 0.0
(7,17): 1.2674953149635399e-20
(7,18): 8.05607515995446e-21
(7,21): 8.626959635431935e-22
(7,24): 7.659177907738891e-21
(7,25): 2.332312315923408e-20
(7,27): 3.9314558438781136e-32
(7,30): 2.4900591688527543e-25
(7,31): 5.486867200431835e-24
(7,32): 0.0
(7,33): 4.118034669064286e-20
(8,1): 3.940562018509397e-21
(8,6): 2.4600297901003233e-22
(8,9): 8.387620274139971e-26
(8,12): 9.547322212982758e-36
(8,13): 0.0
(8,17): 1.984525439065838e-21
(8,19): 3.004253695233009e-22
(8,20): 2.6793749392683503e-24
(8,21): 1.3507234877589497e-22
(8,22): 3.1533229103353235e-22
(8,23): 5.168695410880847e-22
(8,26): 1.4089412963465155e-22
(8,27): 6.155505922781664e-33
(8,35): 0.0
(8,46): 0.0
(9,1): 3.244207236015647e-25
(9,2): 9.62686675316654e-28
(9,5): 8.367998247354341e-33
(9,8): 8.482735328894248e-26
(9,10): 2.248500098912765e-25
(9,11): 1.5913263330501422e-25
(9,12): 0.0
(9,13): 0.0
(9,19): 2.473358274747006e-26
(9,20): 2.205881435914663e-28
(9,21): 1.1120308713684211e-26
(9,22): 2.596084539704787e-26
(9,23): 4.2553110890956963e-26
(9,26): 1.1599607195224085e-26
(9,28): 1.4627604377621133e-30
(9,42): 3.617545766691839e-25
(9,44): 0.0
(9,46): 0.0
(10,2): 3.138692001789498e-23
(10,5): 2.7282680258765834e-28
(10,9): 2.2514008883726826e-25
(10,11): 5.1882747113564914e-21
(10,12): 2.562687600402051e-35
(10,13): 0.0
(10,20): 7.191965197948537e-24
(10,22): 8.464199833982819e-22
(10,37): 0.0
(10,40): 0.0
(10,42): 1.1794542172194877e-20
(10,43): 6.320286272733473e-39
(11,2): 2.2152643634566272e-23
(11,5): 1.92558279551476e-28
(11,9): 1.589021256833183e-25
(11,10): 5.1740842017659455e-21
(11,12): 1.808724921114192e-35
(11,13): 0.0
(11,20): 5.076032385297258e-24
(11,22): 5.973942913478344e-22
(11,31): 1.6275178662231948e-24
(11,36): 9.989604187242193e-21
(11,44): 0.0
(12,1): 3.8722855954468215e-35
(12,2): 1.149071691186733e-37
(12,3): 3.1960844521328486e-37
(12,4): 0.0
(12,5): 0.0
(12,8): 1.0125148284949584e-35
(12,9): 0.0
(12,10): 2.683830099271461e-35
(12,11): 1.8994215136268615e-35
(12,13): 0.0
(12,14): 1.861291128636138e-35
(12,16): 1.9955946585557276e-35
(12,19): 2.952233901328909e-36
(12,20): 2.632970310062501e-38
(12,22): 3.098734117842538e-36
(12,23): 5.079178430659045e-36
(12,26): 1.3845291592334051e-36
(12,28): 0.0
(12,35): 0.0
(12,48): 0.0
(12,51): 0.0
(13,2): 0.0
(13,3): 0.0
(13,5): 0.0
(13,8): 0.0
(13,9): 0.0
(13,10): 0.0
(13,11): 0.0
(13,12): 0.0
(13,14): 0.0
(13,16): 0.0
(13,20): 0.0
(13,22): 0.0
(13,23): 0.0
(13,26): 0.0
(13,28): 0.0
(13,31): 0.0
(13,37): 0.0
(13,40): 0.0
(13,45): 0.0
(13,50): 0.0
(14,2): 2.164187197565377e-23
(14,3): 6.019531248299938e-23
(14,4): 1.919257397641587e-32
(14,5): 1.8811920362265787e-28
(14,12): 1.7670145301958972e-35
(14,13): 0.0
(14,15): 1.8440531669997497e-21
(14,16): 3.758547548624352e-21
(14,23): 9.566236751528145e-22
(14,26): 2.6076825896700953e-22
(14,37): 0.0
(14,38): 0.0
(14,50): 0.0
(15,3): 3.1351500163250556e-23
(15,4): 9.996175472678292e-33
(15,14): 1.8258190447614622e-21
(15,16): 1.9575701755304064e-21
(15,23): 4.982418214343026e-22
(15,26): 1.3581636451637597e-22
(15,38): 0.0
(15,39): 4.0206676366450694e-32
(15,49): 0.0
(16,2): 2.3221528073035397e-23
(16,3): 6.458900897870351e-23
(16,4): 2.0593454675328946e-32
(16,5): 2.0185014523529097e-28
(16,12): 1.8960046591979332e-35
(16,13): 0.0
(16,14): 3.76145924053641e-21
(16,15): 1.978644499950077e-21
(16,23): 1.02645238030553e-21
(16,26): 2.7980192013173107e-22
(16,40): 0.0
(16,44): 0.0
(16,47): 0.0
(17,1): 7.823869244580772e-21
(17,6): 4.8842975492499745e-22
(17,7): 1.2801584484777037e-20
(17,8): 2.0457408433625968e-21
(17,18): 2.5043628137188834e-21
(17,19): 5.964857255334115e-22
(17,21): 2.6818317282285254e-22
(17,24): 2.3809715385742667e-21
(17,25): 7.250347121158825e-21
(17,28): 3.52765592935852e-26
(17,48): 0.0
(18,1): 4.944043577048458e-21
(18,6): 3.0864868279126543e-22
(18,7): 8.089518621419604e-21
(18,17): 2.489902703025369e-21
(18,21): 1.6946908238068295e-22
(18,24): 1.5045786273099314e-21
(18,25): 4.581624165960509e-21
(18,27): 7.723031680365015e-33
(18,33): 8.089518621419604e-21
(18,39): 5.233188002403145e-32
(18,44): 0.0
(18,51): 1.5196945251064078e-32
(19,1): 1.1332919652634168e-21
(19,6): 7.07493310726575e-23
(19,8): 2.9632672593881116e-22
(19,9): 2.412240967966217e-26
(19,12): 2.7457660026551294e-36
(19,17): 5.707426067322808e-22
(19,20): 7.705758489950874e-25
(19,21): 3.8846338250566933e-23
(19,23): 1.4864988188864797e-22
(19,26): 4.05205093507249e-23
(19,27): 1.7702952270223343e-33
(19,28): 5.109829950571582e-27
(19,41): 6.282284266867954e-31
(19,48): 0.0
(20,1): 9.928386416362719e-24
(20,2): 2.9461517353067174e-26
(20,5): 2.560914125187303e-31
(20,8): 2.5960280375424506e-24
(20,9): 2.1132904279083024e-28
(20,10): 6.881180822562236e-24
(20,11): 4.870004004958876e-24
(20,12): 2.40548155554616e-38
(20,13): 0.0
(20,19): 7.569324010316768e-25
(20,22): 7.944939144261622e-25
(20,23): 1.3022711066462505e-24
(20,28): 4.476582210778866e-29
(20,34): 6.068810366303257e-28
(20,35): 0.0
(20,47): 0.0
(21,1): 5.417200984848377e-22
(21,6): 3.3818716286870826e-23
(21,7): 8.863775426743793e-22
(21,8): 1.4164642525919376e-22
(21,9): 1.1530739792272686e-26
(21,17): 2.728193020519492e-22
(21,18): 1.7340125738150933e-22
(21,19): 4.130047821582226e-23
(21,24): 1.6485769182957404e-22
(21,25): 5.020116425499473e-22
(21,27): 8.462145977634599e-34
(21,28): 2.4425373482167848e-27
(21,31): 1.1810044007634754e-25
(21,44): 0.0
(21,49): 0.0
(22,2): 3.494856941812177e-24
(22,5): 3.0378478431125317e-29
(22,8): 3.079524404672046e-22
(22,9): 2.5068797787638458e-26
(22,10): 8.162795898283809e-22
(22,11): 5.777038182825386e-22
(22,12): 2.8535114604238823e-36
(22,13): 0.0
(22,20): 8.008077105925183e-25
(22,23): 1.5448123005246307e-22
(22,28): 5.3103223392702045e-27
(22,40): 0.0
(23,2): 5.820899306694999e-24
(23,3): 1.6190289340221115e-23
(23,4): 5.162105197793349e-33
(23,5): 5.059723103430832e-29
(23,8): 5.129098379971097e-22
(23,9): 4.1753467859535294e-26
(23,12): 4.7526268318147234e-36
(23,13): 0.0
(23,14): 9.428746247466047e-22
(23,15): 4.959832811082186e-22
(23,16): 1.010908816490349e-21
(23,19): 1.4955139213113454e-22
(23,20): 1.33378422626518e-24
(23,22): 1.569726294959938e-22
(23,26): 7.013718763198048e-23
(23,28): 8.844602158005054e-27
(23,37): 0.0
(23,46): 0.0
(24,0): 1.2375382299488182e-21
(24,1): 4.7535153668645824e-21
(24,6): 2.9675435165831336e-22
(24,7): 7.777833896994069e-21
(24,17): 2.393949751969218e-21
(24,18): 1.521576825390791e-21
(24,21): 1.6293954813953656e-22
(24,25): 4.405079670214041e-21
(24,27): 7.425467040397861e-33
(24,35): 0.0
(25,0): 3.7394840243412024e-21
(25,6): 8.96705991221355e-22
(25,7): 2.3502374167326602e-20
(25,17): 7.233826934921206e-21
(25,18): 4.597748937247108e-21
(25,21): 4.923563384797276e-22
(25,24): 4.3712323119654235e-21
(25,27): 2.243753935617224e-32
(25,41): 7.962456428515216e-30
(25,46): 0.0
(25,51): 4.4150983008445585e-32
(26,1): 5.300763095753838e-22
(26,3): 4.3750458517524355e-24
(26,4): 1.3949272792036418e-33
(26,8): 1.3860133381261927e-22
(26,9): 1.1282852578758627e-26
(26,12): 1.2842958271137556e-36
(26,13): 0.0
(26,14): 2.547878350247694e-22
(26,15): 1.3402734157930507e-22
(26,16): 2.7317442829881796e-22
(26,19): 4.0412602645221527e-23
(26,23): 6.952822487847331e-23
(26,28): 2.390037075711772e-27
(26,47): 0.0
(26,48): 0.0
(26,49): 0.0
(27,1): 1.994813913345422e-32
(27,6): 1.2453303783691435e-33
(27,7): 3.263945205418336e-32
(27,8): 5.215945410454902e-33
(27,18): 6.38525151820408e-33
(27,19): 1.5208247445576242e-33
(27,21): 6.837709212069163e-34
(27,24): 6.070670495482819e-33
(27,25): 1.848592701678699e-32
(27,28): 8.994360310130628e-38
(28,1): 5.94902934897223e-26
(28,6): 3.713883571256648e-27
(28,9): 1.266271008688832e-30
(28,12): 0.0
(28,13): 0.0
(28,17): 2.996019146021956e-26
(28,19): 4.53549298925202e-27
(28,20): 4.0449957547162694e-29
(28,21): 2.039174432524211e-27
(28,22): 4.7605417551135576e-27
(28,23): 7.80313011830239e-27
(28,26): 2.127057119595528e-27
(28,27): 9.292908629513187e-38
(29,1): 8.993899939145162e-26
(29,2): 2.668852124127265e-28
(29,3): 7.423220118211095e-28
(29,40): 0.0
(29,42): 1.0028982205515535e-25
(30,7): 2.0586067344031277e-25
(30,33): 2.0586067344031277e-25
(31,7): 4.972008453169384e-24
(31,11): 1.4905346352218949e-24
(31,13): 0.0
(31,21): 1.0416007226378279e-25
(31,32): 0.0
(32,7): 0.0
(32,31): 0.0
(33,7): 4.118034669064286e-20
(33,18): 8.05607515995446e-21
(33,30): 2.4900591688527543e-25
(34,20): 5.445195694758129e-28
(34,42): 8.929907419254117e-25
(35,6): 0.0
(35,8): 0.0
(35,12): 0.0
(35,20): 0.0
(35,24): 0.0
(36,11): 1.0055402204444238e-20
(36,43): 1.2249308994750492e-38
(36,45): 0.0
(37,10): 0.0
(37,13): 0.0
(37,14): 0.0
(37,23): 0.0
(37,43): 0.0
(37,45): 0.0
(38,14): 0.0
(38,15): 0.0
(39,15): 3.065093291308659e-32
(39,18): 3.880320957996581e-32
(39,47): 0.0
(40,10): 0.0
(40,13): 0.0
(40,16): 0.0
(40,22): 0.0
(40,29): 0.0
(41,19): 4.802849864917393e-31
(41,25): 5.837915334771239e-30
(42,9): 3.626014928066485e-25
(42,10): 1.1806875564375013e-20
(42,29): 1.17635086097977e-25
(42,34): 1.0412993531201302e-24
(43,10): 3.672693973715128e-39
(43,36): 7.09087010735494e-39
(43,37): 0.0
(43,45): 0.0
(44,9): 0.0
(44,11): 0.0
(44,16): 0.0
(44,18): 0.0
(44,21): 0.0
(45,13): 0.0
(45,36): 0.0
(45,37): 0.0
(45,43): 0.0
(46,8): 0.0
(46,9): 0.0
(46,23): 0.0
(46,25): 0.0
(46,48): 0.0
(47,6): 0.0
(47,16): 0.0
(47,20): 0.0
(47,26): 0.0
(47,39): 0.0
(47,49): 0.0
(48,12): 0.0
(48,17): 0.0
(48,19): 0.0
(48,26): 0.0
(48,46): 0.0
(49,15): 0.0
(49,21): 0.0
(49,26): 0.0
(49,47): 0.0
(50,13): 0.0
(50,14): 0.0
(51,12): 0.0
(51,18): 1.1055813100283535e-32
(51,25): 3.200741225163323e-32
