Interaction name: 5g3w

Affinity: 7.380000114440918
Predicted value: 6.922035217285156

Attributions for edges: 

(0,1): 0.5179141163825989
(0,5): 0.5087875723838806
(0,6): 0.32182568311691284
(0,7): 0.46930041909217834
(0,11): 0.337687611579895
(0,12): 0.480102002620697
(0,13): 0.4579417407512665
(0,15): 0.5262662172317505
(0,16): 0.4521573781967163
(0,17): 0.4630358815193176
(1,0): 0.37307441234588623
(1,5): 0.4046778976917267
(1,6): 0.45923668146133423
(1,7): 0.57322758436203
(1,10): 0.4650813937187195
(1,11): 0.5159363150596619
(1,15): 0.5451542735099792
(1,16): 0.4549063742160797
(1,17): 0.4540254473686218
(2,3): 0.45925214886665344
(2,4): 0.4374978244304657
(2,17): 0.479455828666687
(3,2): 0.4686858057975769
(3,4): 0.39683303236961365
(3,17): 0.6495888233184814
(4,2): 0.3607032001018524
(4,3): 0.5031018257141113
(5,0): 0.44819459319114685
(5,1): 0.5887183547019958
(5,6): 0.41307538747787476
(5,12): 0.41334277391433716
(5,13): 0.45463722944259644
(5,14): 0.33783048391342163
(5,20): 0.5148719549179077
(5,26): 0.45074114203453064
(6,0): 0.4096580147743225
(6,1): 0.3994925320148468
(6,5): 0.4396829307079315
(6,12): 0.5396067500114441
(6,13): 0.3939224183559418
(6,14): 0.5807780027389526
(6,15): 0.4051980674266815
(6,21): 0.48889994621276855
(7,0): 0.5501537322998047
(7,1): 0.5685893297195435
(7,8): 0.3778386116027832
(7,9): 0.5578268766403198
(7,10): 0.444129079580307
(7,11): 0.38410308957099915
(7,22): 0.49018263816833496
(7,23): 0.41863536834716797
(8,7): 0.6119653582572937
(8,9): 0.4942508935928345
(8,10): 0.46455660462379456
(8,11): 0.4737377464771271
(8,16): 0.42128676176071167
(8,25): 0.42169129848480225
(8,26): 0.4577045738697052
(9,7): 0.5046411752700806
(9,8): 0.5079277157783508
(9,10): 0.43503284454345703
(9,11): 0.5698930025100708
(9,16): 0.47053956985473633
(10,1): 0.5399072170257568
(10,7): 0.5678614377975464
(10,8): 0.3693607449531555
(10,9): 0.5479884743690491
(10,11): 0.5168295502662659
(10,16): 0.5484334230422974
(10,21): 0.4242840111255646
(11,0): 0.47780901193618774
(11,1): 0.46149903535842896
(11,7): 0.405694842338562
(11,8): 0.49997246265411377
(11,9): 0.582664966583252
(11,10): 0.4461970329284668
(11,16): 0.37758302688598633
(11,19): 0.4944167137145996
(11,23): 0.4044847786426544
(11,24): 0.44237321615219116
(11,26): 0.5564815998077393
(12,0): 0.42769724130630493
(12,5): 0.5072359442710876
(12,6): 0.44500085711479187
(12,13): 0.3835744857788086
(12,14): 0.46389666199684143
(12,15): 0.5146366953849792
(12,18): 0.5365692377090454
(13,0): 0.5584262609481812
(13,5): 0.5663989782333374
(13,6): 0.4762020707130432
(13,12): 0.5249559879302979
(13,14): 0.3675532639026642
(13,15): 0.4305388629436493
(14,5): 0.44365042448043823
(14,6): 0.4350208640098572
(14,12): 0.4212258458137512
(14,13): 0.44904112815856934
(14,15): 0.4794633388519287
(14,19): 0.5016420483589172
(15,0): 0.48301970958709717
(15,1): 0.45180046558380127
(15,6): 0.4912033677101135
(15,12): 0.4210144281387329
(15,13): 0.4945022761821747
(15,14): 0.6740300059318542
(16,0): 0.4826667904853821
(16,1): 0.45698490738868713
(16,8): 0.4514654278755188
(16,9): 0.5257614254951477
(16,10): 0.5088458061218262
(16,11): 0.4688969552516937
(17,0): 0.4403148889541626
(17,1): 0.5086595416069031
(17,2): 0.49156051874160767
(17,3): 0.416003942489624
(18,12): 0.42633697390556335
(18,21): 0.5500356554985046
(18,24): 0.4636683464050293
(19,11): 0.4290074408054352
(19,14): 0.5040965676307678
(20,5): 0.4272036552429199
(20,23): 0.5555933117866516
(21,6): 0.5305929183959961
(21,10): 0.3735623061656952
(21,18): 0.4534701704978943
(21,24): 0.47997480630874634
(22,7): 0.467815637588501
(23,7): 0.45391175150871277
(23,11): 0.4623050391674042
(23,20): 0.5268668532371521
(24,11): 0.6274523138999939
(24,18): 0.4848487079143524
(24,21): 0.5241894721984863
(25,8): 0.49456658959388733
(26,5): 0.4496333599090576
(26,8): 0.5590699315071106
(26,11): 0.4976729452610016
