Interaction name: 1v0o

Affinity: 5.260000228881836
Predicted value: 6.313053607940674

Attributions for edges: 

(0,5): 0.5069795846939087
(0,11): 0.5744670629501343
(0,17): 0.5385450124740601
(0,18): 0.4123602509498596
(0,19): 0.3873556852340698
(0,20): 0.46786609292030334
(0,22): 0.47775882482528687
(0,24): 0.38314223289489746
(1,5): 0.4827776849269867
(1,6): 0.5340862274169922
(1,11): 0.4854898452758789
(1,22): 0.4355548024177551
(1,24): 0.4956520199775696
(2,3): 0.4427852928638458
(2,4): 0.48252996802330017
(2,8): 0.5082848072052002
(2,9): 0.41340696811676025
(2,12): 0.49188530445098877
(2,13): 0.459134966135025
(2,19): 0.45684170722961426
(2,21): 0.48037776350975037
(2,24): 0.45762237906455994
(3,2): 0.3667562007904053
(3,4): 0.5060164928436279
(3,7): 0.39270782470703125
(3,9): 0.5165002346038818
(3,12): 0.44596102833747864
(3,13): 0.47013166546821594
(3,19): 0.38901984691619873
(3,21): 0.34637442231178284
(3,22): 0.6367745399475098
(3,23): 0.6279982924461365
(3,24): 0.3959691822528839
(4,2): 0.490840345621109
(4,3): 0.41753777861595154
(4,7): 0.5434514284133911
(4,8): 0.530161440372467
(4,12): 0.44746196269989014
(4,13): 0.591101348400116
(4,19): 0.5243687629699707
(4,21): 0.46665364503860474
(4,24): 0.4923962354660034
(5,0): 0.4752744734287262
(5,1): 0.4575121998786926
(5,10): 0.5058149099349976
(5,11): 0.5227625966072083
(5,16): 0.565743625164032
(5,17): 0.58786541223526
(5,18): 0.4768257141113281
(5,20): 0.625896155834198
(5,25): 0.5984203219413757
(5,26): 0.5313680171966553
(6,1): 0.45299893617630005
(6,11): 0.568632185459137
(6,13): 0.5392053723335266
(6,14): 0.5048429369926453
(6,19): 0.5614475607872009
(6,21): 0.4555822014808655
(6,26): 0.5329746007919312
(7,3): 0.5270747542381287
(7,4): 0.3949553370475769
(7,8): 0.4596292972564697
(7,9): 0.4982894957065582
(7,12): 0.5247346758842468
(7,13): 0.4144327640533447
(7,19): 0.44660669565200806
(7,21): 0.46975886821746826
(8,2): 0.4796021580696106
(8,4): 0.39570534229278564
(8,7): 0.47068995237350464
(8,9): 0.4797920882701874
(8,12): 0.4409785568714142
(8,13): 0.49872273206710815
(8,19): 0.461337149143219
(8,21): 0.5152021050453186
(9,2): 0.45827317237854004
(9,3): 0.458321213722229
(9,7): 0.3904203772544861
(9,8): 0.4324418902397156
(9,12): 0.44669410586357117
(9,13): 0.4847930073738098
(9,19): 0.5328564047813416
(9,21): 0.4802149534225464
(10,5): 0.53180330991745
(10,15): 0.6641858816146851
(10,16): 0.48973727226257324
(10,17): 0.42540210485458374
(10,18): 0.5917984247207642
(10,20): 0.5797781348228455
(11,0): 0.44308575987815857
(11,1): 0.6046018004417419
(11,5): 0.5116009712219238
(11,6): 0.528800368309021
(11,12): 0.5120651721954346
(11,13): 0.5075824856758118
(11,14): 0.47329485416412354
(11,19): 0.393431156873703
(11,21): 0.4123559296131134
(11,29): 0.5108022689819336
(11,31): 0.5769656300544739
(11,33): 0.5244705080986023
(11,34): 0.5050653219223022
(11,36): 0.5759794116020203
(12,2): 0.4449784755706787
(12,3): 0.44293248653411865
(12,4): 0.44585734605789185
(12,7): 0.5076864957809448
(12,8): 0.5722418427467346
(12,9): 0.4540066421031952
(12,11): 0.5383152961730957
(12,13): 0.5248885154724121
(12,14): 0.5379487872123718
(12,19): 0.4311138391494751
(12,21): 0.5426320433616638
(12,37): 0.45018652081489563
(13,2): 0.5602336525917053
(13,3): 0.44534942507743835
(13,4): 0.41783028841018677
(13,6): 0.4277394115924835
(13,7): 0.43145328760147095
(13,8): 0.5401355624198914
(13,9): 0.45028287172317505
(13,11): 0.5323850512504578
(13,12): 0.3899936378002167
(13,14): 0.46960580348968506
(13,19): 0.4686833620071411
(14,6): 0.4609336853027344
(14,11): 0.5752619504928589
(14,12): 0.5551632642745972
(14,13): 0.3925245404243469
(14,19): 0.44461488723754883
(14,21): 0.401437908411026
(14,32): 0.5253830552101135
(14,33): 0.43730416893959045
(14,36): 0.4474353790283203
(15,10): 0.4039730131626129
(15,16): 0.42639878392219543
(15,17): 0.516985297203064
(15,18): 0.5522447228431702
(15,20): 0.46490415930747986
(15,29): 0.4197855293750763
(16,5): 0.5233042240142822
(16,10): 0.3966286778450012
(16,15): 0.5569654703140259
(16,17): 0.48859673738479614
(16,18): 0.585381805896759
(16,20): 0.4808506667613983
(16,30): 0.5073840022087097
(17,0): 0.527791440486908
(17,5): 0.4209044873714447
(17,10): 0.4923294186592102
(17,15): 0.5422595143318176
(17,16): 0.46691083908081055
(17,18): 0.5599398016929626
(17,20): 0.4763255715370178
(17,28): 0.5417472720146179
(18,0): 0.47565382719039917
(18,5): 0.4884956181049347
(18,10): 0.40351006388664246
(18,15): 0.41386792063713074
(18,16): 0.46241146326065063
(18,17): 0.4076167643070221
(18,20): 0.4639359712600708
(18,31): 0.5011497735977173
(18,37): 0.4890391528606415
(19,0): 0.47106707096099854
(19,2): 0.43260788917541504
(19,3): 0.4774097204208374
(19,4): 0.4427134096622467
(19,6): 0.5294631719589233
(19,7): 0.4454526901245117
(19,8): 0.4948905110359192
(19,9): 0.36672237515449524
(19,11): 0.5580784678459167
(19,12): 0.46762755513191223
(19,13): 0.491976797580719
(19,14): 0.4662134349346161
(19,21): 0.4672471582889557
(19,35): 0.4966426491737366
(20,0): 0.5300305485725403
(20,5): 0.4308225214481354
(20,10): 0.46111738681793213
(20,15): 0.47052493691444397
(20,16): 0.40770620107650757
(20,17): 0.46219566464424133
(20,18): 0.5038537383079529
(20,31): 0.5088539719581604
(20,38): 0.4919159412384033
(21,2): 0.5257462859153748
(21,3): 0.4839421212673187
(21,4): 0.5475609302520752
(21,6): 0.4590401351451874
(21,7): 0.4646803140640259
(21,8): 0.5097651481628418
(21,9): 0.4238721430301666
(21,11): 0.517966091632843
(21,12): 0.5390231013298035
(21,14): 0.5417837500572205
(21,19): 0.6054324507713318
(22,0): 0.4824605882167816
(22,1): 0.4527096152305603
(22,3): 0.5934737324714661
(22,25): 0.532311737537384
(23,3): 0.5995123386383057
(23,37): 0.5746243000030518
(24,0): 0.5740699172019958
(24,1): 0.43788862228393555
(24,2): 0.5050731301307678
(24,3): 0.49095451831817627
(24,4): 0.5565400719642639
(25,5): 0.40784546732902527
(25,22): 0.4841502606868744
(26,5): 0.522014319896698
(26,6): 0.5450969934463501
(26,32): 0.6266213655471802
(26,33): 0.4841527044773102
(26,36): 0.5212827920913696
(28,17): 0.5132768750190735
(29,11): 0.36866575479507446
(29,15): 0.547883152961731
(30,16): 0.5022938251495361
(30,38): 0.5022700428962708
(31,11): 0.4736303985118866
(31,18): 0.4876145124435425
(31,20): 0.529314398765564
(31,35): 0.48139962553977966
(31,38): 0.6375307440757751
(32,14): 0.4001426100730896
(32,26): 0.5252431631088257
(33,11): 0.4706153869628906
(33,14): 0.4507337212562561
(33,26): 0.5288131237030029
(34,11): 0.4623449742794037
(34,37): 0.4007883667945862
(35,19): 0.40485191345214844
(35,31): 0.452426940202713
(36,11): 0.4886844754219055
(36,14): 0.4390389919281006
(36,26): 0.40222635865211487
(37,12): 0.48462948203086853
(37,18): 0.5081391334533691
(37,23): 0.4747614860534668
(37,34): 0.4934847950935364
(38,20): 0.49583184719085693
(38,30): 0.49186429381370544
(38,31): 0.5639427304267883
