Interaction name: 5wei

Affinity: 5.699999809265137
Predicted value: 6.460240840911865

Shapley values for edges: 

(0,1): -0.00710367202758789
(0,3): 0.060425090789794925
(0,5): 0.001229395866394043
(0,6): -0.0555516242980957
(0,7): -0.02772441864013672
(0,9): -0.007965974807739258
(0,10): 0.004009790420532226
(0,11): 0.0013494205474853516
(1,0): 0.08336597442626953
(1,2): 0.02196288585662842
(1,3): 0.049167904853820804
(1,5): 0.02177955150604248
(2,1): 0.03393509864807129
(2,5): -0.015033063888549804
(2,7): -0.07901519775390625
(3,0): 0.06490471839904785
(3,1): 0.06706962585449219
(3,6): -0.030427660942077637
(3,7): 0.01332289695739746
(3,12): -0.10582325458526612
(4,11): -0.06025690078735352
(4,12): -0.044669790267944334
(5,0): -0.0367327880859375
(5,1): -0.10138895511627197
(5,2): -0.16892616271972657
(5,7): -0.0015638113021850587
(5,10): -0.05979265213012695
(5,11): -0.0011435604095458983
(6,0): -0.08503212928771972
(6,3): -0.05958025932312012
(6,8): 0.004799489974975586
(7,0): -0.02238234519958496
(7,2): -0.05011908054351807
(7,3): -0.05937953948974609
(7,5): 0.08499085426330566
(8,6): -0.21819182872772216
(8,13): -0.03080808162689209
(9,0): -0.06810533046722413
(9,10): 0.13308515548706054
(10,0): -0.03585516929626465
(10,5): -0.15120447635650636
(10,9): -0.03276952266693115
(11,0): 0.09134634017944336
(11,4): -0.10501528739929199
(11,5): -0.09721585273742676
(11,14): -0.009447832107543946
(12,3): 0.035217847824096676
(12,4): 0.03311097145080567
(13,8): 0.05164082050323486
(14,11): -0.011714320182800293
