Interaction name: 5fbn

Affinity: 9.569999694824219
Predicted value: 8.144902229309082

Shapley values for edges: 

(0,1): 0.0002944660186767578
(0,8): 0.02626636028289795
(0,11): 0.006350030899047851
(0,25): 0.08511810302734375
(0,26): 0.05422089099884033
(0,27): 0.0045960950851440426
(0,29): -0.036547532081604
(1,0): 0.034960174560546876
(1,8): 0.0200201416015625
(1,25): 0.07808138370513916
(1,26): 0.006807050704956055
(1,27): -0.007310662269592285
(1,29): -0.10282532215118408
(2,6): -0.020483293533325196
(2,30): -2.6035308837890626e-05
(3,10): -0.11389124393463135
(3,11): 0.03849693298339844
(3,12): 0.011863093376159668
(3,13): 0.028333539962768554
(3,20): 0.04204197883605957
(4,7): -0.04284518241882324
(4,14): 0.02325770854949951
(4,15): -0.00449955940246582
(4,21): -0.009517765045166016
(4,22): -0.026880078315734864
(4,31): 0.1541390323638916
(5,7): -0.08171542167663574
(5,15): 0.006272273063659668
(5,19): 0.02375357151031494
(5,23): 0.03722001075744629
(5,28): 0.01703536033630371
(5,31): -0.11381865024566651
(6,2): 0.30274431228637694
(6,12): 0.021836323738098143
(6,20): 0.02244368553161621
(6,32): 0.005711636543273926
(7,4): -0.06498825073242187
(7,5): -0.014448709487915039
(7,14): -0.018501620292663574
(7,15): 0.014874682426452637
(7,21): 0.02952230453491211
(7,22): 0.019314770698547364
(7,23): 0.09488831043243408
(7,28): -0.004172067642211914
(7,33): -0.0800498914718628
(8,0): -0.06850927829742431
(8,1): -0.04563002109527588
(8,25): -0.04848701953887939
(8,26): 0.0629395055770874
(8,27): -0.013972082138061524
(9,10): -0.0302203369140625
(9,11): -0.0651685619354248
(10,3): -0.0016547918319702148
(10,9): 0.12297177314758301
(10,11): 0.20888258934020995
(10,35): 0.050250883102416995
(10,36): 0.08835384368896484
(10,45): -0.023651723861694337
(10,46): -0.1509043502807617
(11,0): 0.008576030731201173
(11,3): 0.1480875301361084
(11,9): 0.030460758209228514
(11,10): 0.36349246978759764
(11,47): -0.1950134801864624
(11,49): -0.13696847915649413
(11,52): -0.31234060287475585
(12,3): -0.09145013332366943
(12,6): 0.033936357498168944
(12,13): -0.0045582962036132815
(12,14): -0.006085801124572754
(12,20): -0.015718536376953127
(12,21): -0.015540876388549806
(12,22): 0.008445401191711426
(12,36): 0.06069869518280029
(12,44): -0.01633352756500244
(13,3): -0.18703175067901612
(13,12): -0.0014313554763793945
(13,14): -0.0037969112396240234
(13,20): -0.0016225528717041015
(13,21): 0.00553065299987793
(13,22): 0.03283758163452148
(13,35): -0.06334046363830566
(13,45): -0.02569079875946045
(14,4): 0.2112342882156372
(14,7): -0.007914352416992187
(14,12): -0.006261105537414551
(14,13): -0.08544040203094483
(14,20): -0.01992617130279541
(14,21): -0.011441073417663573
(14,22): -0.0026320505142211916
(14,35): -0.14702661991119384
(14,37): -0.044415364265441896
(14,39): -0.027935004234313963
(14,48): -0.02731888771057129
(14,51): -0.1058259916305542
(15,4): -0.050353264808654784
(15,5): 0.007898325920104981
(15,7): 0.0229026460647583
(15,16): -0.0013106346130371093
(15,17): 4.8670768737792965e-05
(15,18): -0.08447368144989013
(15,19): -0.008226962089538574
(15,23): -0.0003855133056640625
(15,24): 0.008517866134643554
(15,28): -0.037961931228637696
(15,37): -0.054480519294738766
(15,38): 0.07645179748535157
(15,44): -0.1785053014755249
(15,48): -0.05745657920837402
(15,49): -0.1457689332962036
(15,50): -0.060071039199829104
(16,15): 0.0011448907852172853
(16,17): -0.009761357307434082
(16,18): -0.021795015335083007
(16,19): -0.06892022609710693
(16,23): -0.00928182601928711
(16,24): -0.05403505325317383
(16,40): -0.04392814636230469
(16,50): 0.016779756546020506
(16,53): -0.00403141975402832
(17,15): -0.0161068058013916
(17,16): 0.01828098773956299
(17,18): -0.01846682548522949
(17,19): -0.011162195205688476
(17,23): 0.0047581100463867185
(17,24): -0.006332039833068848
(17,37): -0.04590240001678467
(17,41): 0.03495041370391846
(17,43): 0.017679009437561035
(17,46): -0.06352501392364501
(17,49): -0.038655815124511717
(18,15): -0.057150864601135255
(18,16): 0.004273037910461425
(18,17): -0.006050858497619629
(18,19): -0.0034234285354614257
(18,23): 0.00123781681060791
(18,24): -0.02819340705871582
(18,42): 0.0198387336730957
(18,46): -0.0495164155960083
(18,51): -0.043538236618041994
(18,54): 0.041385035514831546
(19,5): -0.013219852447509766
(19,15): 0.003544316291809082
(19,16): -0.028074302673339845
(19,17): -0.050029325485229495
(19,18): 0.017072653770446776
(19,23): -0.0029639291763305666
(19,24): 0.015672764778137206
(19,28): 0.06760617256164551
(19,40): -0.11359255313873291
(19,42): 0.0010276603698730468
(19,43): 0.04276768684387207
(19,47): 0.044584708213806154
(20,3): -0.08337611675262452
(20,6): -0.011409707069396972
(20,12): 0.0011289882659912109
(20,13): -0.008653779029846192
(20,14): -0.0004939126968383789
(20,21): -0.0021446418762207033
(20,22): -0.015581650733947754
(20,44): -0.035253562927246095
(20,45): 0.00019947528839111327
(21,4): -0.1245651388168335
(21,7): -0.08315444469451905
(21,12): -0.009463963508605957
(21,13): -0.010269632339477539
(21,14): 0.002746849060058594
(21,20): 0.0018618059158325194
(21,22): -0.029793977737426758
(21,46): -0.006363873481750488
(21,49): -0.044049921035766604
(22,4): -0.18868770599365234
(22,7): -0.039865026473999025
(22,12): -0.001367630958557129
(22,13): -0.01853111743927002
(22,14): 0.0003163957595825195
(22,20): -0.00585505485534668
(22,21): -0.028497886657714844
(22,40): -0.08707205772399902
(22,47): 0.0499925708770752
(23,5): -0.020477032661437987
(23,7): 0.08903146743774414
(23,15): -0.02206573009490967
(23,16): -0.04384857177734375
(23,17): -0.01892599105834961
(23,18): -0.008432841300964356
(23,19): -0.017472009658813476
(23,24): 0.017335171699523925
(23,28): 0.03954712867736816
(23,39): -0.13519939422607422
(23,45): -0.18391405582427978
(23,47): -0.07141434669494628
(23,51): -0.002549920082092285
(24,15): 0.0013778162002563476
(24,16): -0.07216740131378174
(24,17): -0.009872655868530273
(24,18): -0.02924048900604248
(24,19): 0.012459244728088379
(24,23): -0.05696202278137207
(24,28): 0.031296305656433106
(24,39): 0.029217638969421388
(25,0): 0.02274160861968994
(25,1): 0.07405323982238769
(25,8): -0.013113679885864258
(25,26): 0.013102455139160156
(25,27): -0.014029488563537598
(25,52): 0.12049567699432373
(26,0): -0.034472599029541015
(26,1): -0.08796952247619629
(26,8): -0.02905351161956787
(26,25): -0.006306772232055664
(26,27): -0.0005866289138793945
(27,0): -0.022443208694458008
(27,1): -0.03879817485809326
(27,8): -0.005469260215759278
(27,25): -0.04468852519989014
(27,26): -0.02614983081817627
(27,34): 0.01766151428222656
(28,5): -0.03360994815826416
(28,7): 0.050394845008850095
(28,15): 0.0008890676498413086
(28,19): 0.08467636585235595
(28,23): 0.02058220386505127
(28,24): 0.0978971242904663
(29,0): 0.004398055076599121
(29,1): 0.25697678565979004
(29,52): 0.06958581447601318
(30,2): -0.511112027168274
(30,32): -0.11682764053344727
(31,4): -0.17167176723480224
(31,5): -0.17895327091217042
(31,33): -0.17501609325408934
(31,47): 0.013619728088378906
(32,6): 0.011432371139526366
(32,30): 0.04074476718902588
(32,36): 0.10113580703735352
(33,7): 0.024418797492980957
(33,31): -0.08504264354705811
(33,47): 0.0417775821685791
(34,27): -0.03522439479827881
(35,10): -0.06574001312255859
(35,13): -0.015550565719604493
(35,14): -0.0825935411453247
(35,44): -0.05318769931793213
(36,10): -0.0608317756652832
(36,12): 0.01931924343109131
(36,32): 0.1176010274887085
(37,14): -0.026827211380004882
(37,15): 0.02282012939453125
(37,17): -0.053851351737976075
(37,40): -0.000793461799621582
(37,49): -0.030545058250427245
(38,15): 0.04455115795135498
(38,51): -0.023105759620666504
(39,14): 0.002528862953186035
(39,23): 0.032406463623046874
(39,24): 0.05137315273284912
(39,42): -0.06642092704772949
(39,51): -0.08817081928253173
(40,16): 0.09328367233276368
(40,19): 0.11738195419311523
(40,22): -0.10506773471832276
(40,37): -0.002190742492675781
(41,17): 0.04382813453674316
(42,18): -0.014574065208435058
(42,19): -0.04425158977508545
(42,39): -0.0746691083908081
(43,17): -0.01858833312988281
(43,19): -0.04451899528503418
(43,50): -0.019069676399230958
(44,12): -0.09432273387908935
(44,15): 0.007627577781677246
(44,20): 0.031916022300720215
(44,35): -0.03492410659790039
(45,10): 0.06844648838043213
(45,13): 0.058939151763916016
(45,20): 0.03211062431335449
(45,23): -0.05234305858612061
(45,47): -0.20363682270050049
(46,10): 0.06523593425750733
(46,17): -0.09436198711395263
(46,18): 0.011036572456359863
(46,21): 0.021360673904418946
(46,48): -0.03492733001708984
(47,11): -0.0592041015625
(47,19): 0.05830286502838135
(47,22): 0.007936277389526368
(47,23): 0.0718585729598999
(47,31): 0.0890131139755249
(47,33): 0.20348238945007324
(47,45): -0.06959707260131837
(48,14): 0.035922884941101074
(48,15): -0.016409831047058107
(48,46): -0.014224181175231934
(49,11): 0.10733287334442139
(49,15): -0.11446636199951171
(49,17): -0.016017632484436037
(49,21): 0.012882800102233886
(49,37): -0.04945988178253174
(49,50): -0.007797513008117676
(50,15): 0.009637470245361329
(50,16): 0.06419433116912841
(50,43): -0.03223948478698731
(50,49): -0.019507431983947755
(51,14): -0.02238574028015137
(51,18): -0.01404313087463379
(51,23): 0.029381685256958008
(51,38): -0.03945218563079834
(51,39): -0.04278032302856445
(51,53): 0.039508547782897946
(52,11): -0.1230341911315918
(52,25): 0.21774536609649658
(52,29): 0.06323175907135009
(53,16): 0.029432997703552247
(53,51): -0.01494229793548584
(54,18): 0.08033703804016114
