Interaction name: 5nn5

Affinity: 5.46999979019165
Predicted value: 6.346999168395996

Shapley values for edges: 

(0,1): 0.00809647560119629
(0,5): 0.014998579025268554
(0,7): 0.0024625396728515624
(0,9): 0.010813536643981934
(0,10): 0.009690732955932617
(0,11): 0.011155962944030762
(0,12): 0.012185864448547364
(0,14): -0.019448914527893067
(0,15): -0.0027700281143188477
(0,16): -0.05862954616546631
(1,0): 0.0046973896026611325
(1,2): 0.002881770133972168
(1,4): -0.00039608001708984374
(1,6): 0.0017814493179321288
(1,10): 0.0009249448776245117
(1,11): -0.0008251380920410157
(1,12): 0.0024040699005126952
(1,14): -0.012016911506652832
(1,15): 0.00657259464263916
(1,16): -0.015516529083251953
(2,1): 0.0026834917068481443
(2,3): 0.004935579299926758
(2,5): 0.004901084899902344
(2,7): 0.0032141590118408203
(2,8): -0.001754884719848633
(2,9): -0.0023226261138916014
(2,10): -0.0059406328201293945
(2,11): -0.00573235034942627
(2,12): -0.004807591438293457
(2,13): -0.004499607086181641
(2,15): -0.0040675544738769534
(3,2): 0.0021983480453491213
(3,6): 0.0012499189376831055
(3,7): 0.002356572151184082
(3,9): 0.0011723375320434571
(3,12): -0.0004689645767211914
(3,13): 0.004399771690368652
(3,17): -0.05003349781036377
(4,1): -0.008214163780212402
(4,5): -0.015087699890136719
(4,7): -0.008651866912841796
(4,9): -0.01013650894165039
(4,10): -0.017648954391479493
(4,11): -0.008751382827758789
(4,12): -0.016714992523193358
(5,0): -0.004874720573425293
(5,2): -0.015911645889282226
(5,4): -0.007516055107116699
(5,6): -0.009944996833801269
(5,10): -0.01248044490814209
(5,11): -0.017508072853088377
(5,12): -0.0168477201461792
(6,1): -0.01390878200531006
(6,3): -0.00924685001373291
(6,5): -0.01755678653717041
(6,7): -0.0132389497756958
(6,8): -0.007483005523681641
(6,9): -0.007995815277099609
(6,10): -0.02565481185913086
(6,11): -0.017986550331115722
(6,12): -0.02083727836608887
(6,13): -0.019618630409240723
(7,0): -0.002313389778137207
(7,2): -0.00332338809967041
(7,3): -0.005771889686584473
(7,4): -0.010653157234191895
(7,6): -0.00028059482574462893
(7,8): -0.006448822021484375
(7,10): -0.01838089942932129
(7,11): -0.013707633018493653
(7,12): -0.015047578811645508
(7,13): -0.007351646423339844
(7,16): -0.030903148651123046
(7,17): -0.026726512908935546
(8,2): -0.004350953102111817
(8,6): -0.0012222719192504883
(8,7): -0.010888128280639649
(8,9): -0.0040812349319458005
(8,12): -0.011788640022277832
(8,13): -0.014868865013122559
(9,0): -0.03406807422637939
(9,2): 0.009238271713256837
(9,3): -0.01024106502532959
(9,4): 0.005947432518005371
(9,6): 0.023853631019592286
(9,8): 0.023159594535827638
(9,10): 0.003862776756286621
(9,11): 0.035318002700805665
(9,12): 0.03160627841949463
(9,13): -0.007271122932434082
(10,0): -0.08209671497344971
(10,1): -0.03493536472320557
(10,2): -0.005782546997070312
(10,4): 0.016697168350219727
(10,5): -0.0139801025390625
(10,6): 0.007392086982727051
(10,7): -0.009758596420288085
(10,9): 0.0019307899475097656
(10,11): 0.01706437110900879
(10,12): 0.004117155075073242
(10,22): 0.0021218061447143555
(11,0): -0.01523989200592041
(11,1): -0.03844446182250977
(11,2): -0.010671143531799316
(11,4): 0.0037737226486206053
(11,5): -0.012229161262512207
(11,6): 0.0008095121383666993
(11,7): -0.007857165336608886
(11,9): 0.00012848377227783203
(11,10): 0.0069147396087646485
(11,12): 0.00640465259552002
(11,13): -0.0022995853424072265
(11,24): 0.001756157875061035
(12,0): -0.019385972023010255
(12,1): -0.02151822090148926
(12,2): -0.005191516876220703
(12,3): -0.025791206359863282
(12,4): -0.0034664964675903322
(12,5): -0.008920378684997558
(12,6): 0.0024124765396118164
(12,7): -0.00665043830871582
(12,8): -0.02900197505950928
(12,9): 0.007489290237426758
(12,10): 0.004748363494873047
(12,11): 0.008482236862182618
(12,13): 0.00891098976135254
(12,19): 0.0012395668029785156
(12,20): 0.003135361671447754
(12,23): -0.011012725830078125
(13,2): -0.006469416618347168
(13,3): -0.015344934463500976
(13,6): 0.011886062622070313
(13,7): -0.01759726047515869
(13,8): -0.012893176078796387
(13,9): 0.0022290515899658202
(13,11): 0.010416054725646972
(13,12): 0.006850166320800781
(13,19): 0.0001519918441772461
(13,20): -0.00045769691467285157
(13,21): -0.0027585554122924803
(14,0): 0.045477867126464844
(14,1): 0.009649796485900879
(15,0): 0.010726714134216308
(15,1): 0.022719612121582033
(15,2): 0.034203810691833494
(15,23): 0.004171180725097656
(16,0): 0.0368701171875
(16,1): 0.002571249008178711
(16,7): 0.010867729187011718
(17,3): 0.026519708633422852
(17,7): 0.012269153594970703
(19,12): 0.00861344337463379
(19,13): 0.011569814682006836
(20,12): 0.007927536964416504
(20,13): 0.012208542823791503
(21,13): 0.016368331909179686
(22,10): 0.012727322578430176
(23,12): 0.018312773704528808
(23,15): -0.07502837181091308
(24,11): 0.01918792724609375
