Interaction name: 5kr2

Affinity: 8.479999542236328
Predicted value: 8.769184112548828

Shapley values for edges: 

(0,1): 0.019041852951049806
(0,3): -0.02129450798034668
(0,6): 0.018329548835754394
(0,13): 0.002076830863952637
(0,17): 0.02775156021118164
(0,39): -0.04861177921295166
(0,40): 0.057052927017211916
(1,0): -0.07468716621398926
(1,6): -0.00032883167266845704
(1,13): 0.004862098693847656
(1,14): -0.04689585685729981
(1,15): 0.0864781093597412
(1,16): 0.05056119441986084
(1,30): 0.016335973739624022
(1,31): 0.011806025505065917
(1,34): -0.07050696849822997
(1,37): -0.054507780075073245
(1,40): -0.10048840522766113
(2,6): 0.00010345935821533203
(2,9): -0.007876420021057129
(2,17): -0.0008299446105957031
(2,18): 0.016048660278320314
(2,19): 0.010080938339233398
(2,20): -0.0032019424438476563
(2,21): 0.043505547046661375
(2,39): -0.0286083984375
(2,40): -0.10332614898681641
(2,41): 0.004767146110534668
(3,0): -0.009146599769592286
(3,6): -0.037611503601074216
(3,7): -0.10500633239746093
(3,17): 0.005301289558410645
(3,40): 0.013459763526916503
(4,9): -0.03957561016082764
(4,10): 0.003116903305053711
(4,12): 0.18854884624481202
(4,18): 0.18619100093841554
(4,19): 0.00020629405975341797
(4,41): 0.003843121528625488
(4,43): 0.010556635856628417
(5,10): -0.06315048694610596
(5,11): 0.042858247756958005
(5,12): -0.06663817405700684
(5,18): 0.004550485610961914
(5,19): -0.02234248161315918
(5,22): -0.019441084861755373
(5,26): 0.00941214084625244
(5,27): 0.003389267921447754
(5,39): -0.02200143814086914
(5,40): 0.03785804748535156
(5,41): -0.05067082405090332
(6,0): 0.08329200744628906
(6,1): -0.004361424446105957
(6,2): -0.03076793670654297
(6,3): -0.17155346393585205
(6,7): -0.18308113574981688
(6,9): -0.009994616508483887
(6,13): 0.04317087173461914
(6,17): -0.06649603843688964
(6,29): 0.036146659851074216
(6,34): -0.007950959205627441
(6,42): 0.0029340744018554687
(7,3): 0.0828671932220459
(7,6): -0.027364768981933595
(7,17): -0.0009462833404541016
(7,42): 0.013593945503234863
(8,9): -0.0018052005767822267
(8,10): -0.06788421630859375
(8,12): -0.03057271957397461
(8,18): 0.004871354103088379
(8,19): -0.0010143661499023438
(9,2): 0.048550691604614254
(9,4): 0.0008210182189941406
(9,6): -0.031586623191833495
(9,8): -0.051631736755371097
(9,17): -0.01857625484466553
(9,18): 0.0032280826568603514
(9,19): 0.012564291954040527
(9,20): 0.0055483484268188474
(9,21): 0.05737466335296631
(9,29): 0.023729901313781738
(9,44): -0.004424538612365723
(10,4): -0.13946426391601563
(10,5): -0.051003098487854004
(10,8): 0.14394673824310303
(10,11): -0.051711511611938474
(10,18): 0.0035600757598876955
(10,22): 0.0038030672073364256
(10,25): 0.006697244644165039
(10,33): 0.01993694305419922
(10,36): 0.004208807945251465
(10,42): -0.01858344078063965
(11,5): 0.03687301635742188
(11,10): -0.040647845268249515
(11,12): -0.07622595071792602
(11,22): -0.02163898468017578
(11,26): 0.0027041196823120116
(11,27): 0.024963512420654296
(11,28): 0.01852476119995117
(12,4): 0.009784941673278808
(12,5): -0.00242887020111084
(12,8): -0.0735122537612915
(12,11): -0.047737090587615966
(12,18): -0.05577661037445068
(12,22): 1.9073486328125e-08
(12,25): 0.025413217544555663
(12,33): 0.023077266216278078
(12,36): 0.006900792121887207
(13,0): -0.0484209156036377
(13,1): -0.0073643016815185544
(13,6): 0.02620295524597168
(13,14): -0.012065229415893554
(13,31): 0.0038060569763183594
(13,34): -0.06040534973144531
(13,37): 0.02863612651824951
(13,48): -0.02238685131072998
(13,59): -0.03179257392883301
(13,62): -0.04763070583343506
(14,1): -0.0025841236114501954
(14,13): -0.011140804290771484
(14,16): -0.001882658004760742
(14,31): 0.006756739616394043
(14,32): 0.030540432929992676
(14,37): -0.004609160423278809
(14,57): -0.02499354362487793
(15,1): -0.005197176933288574
(15,16): -0.04505202293395996
(15,31): 0.006108908653259277
(15,32): 0.007150392532348632
(15,37): 0.0013005352020263672
(15,45): -0.02985640525817871
(15,59): -0.1409139585494995
(16,1): -0.008567209243774415
(16,14): -0.008300442695617676
(16,15): -0.019097671508789063
(16,31): 0.05347681760787964
(16,32): -0.03203531265258789
(16,37): 0.00882582664489746
(16,46): -0.04399458885192871
(16,62): -0.07700611591339111
(17,0): -0.18983051300048828
(17,2): 0.0433771276473999
(17,3): 0.12229673862457276
(17,6): 0.007029976844787598
(17,7): 0.10383324146270752
(17,9): 0.07281214714050294
(17,45): 0.10914338588714599
(17,46): -0.004866852760314942
(17,47): 0.028384428024291992
(17,48): -0.0033049869537353518
(17,54): -0.0008418750762939453
(17,60): 0.08095238208770753
(18,2): -0.04209936618804932
(18,4): 0.04487471103668213
(18,5): -0.03784029960632324
(18,8): 0.10463735103607177
(18,9): -0.012954611778259278
(18,10): 0.14251896381378173
(18,12): 0.03758006095886231
(18,19): 0.0086018705368042
(18,20): -0.03909311294555664
(18,45): 0.02067079544067383
(18,46): -0.00791348934173584
(18,48): -0.06060092449188233
(18,50): 0.06211555004119873
(18,52): -0.04025091648101806
(18,54): -0.08184572219848633
(18,59): -0.06716606616973878
(18,60): -0.02863178253173828
(19,2): -0.09756566047668457
(19,4): 0.003636212348937988
(19,5): -0.013677754402160645
(19,8): -0.05274944305419922
(19,9): -0.0005861854553222656
(19,18): -0.006521677970886231
(19,20): -0.0015801072120666503
(19,21): -0.05994539737701416
(19,29): 0.00591245174407959
(19,34): -0.026684842109680175
(19,38): -0.010092110633850097
(19,52): 0.016736588478088378
(19,59): -0.018307294845581055
(20,2): -0.04095608234405518
(20,9): -0.0008994722366333007
(20,18): -0.008384461402893067
(20,19): 0.0011557912826538085
(20,21): 0.029208388328552246
(20,29): -0.02328017234802246
(20,30): -0.02914665699005127
(20,34): -0.0011999177932739257
(20,38): 0.009296960830688476
(20,45): 0.031400468349456784
(20,48): -0.015770139694213866
(20,54): -0.013063726425170898
(21,2): 0.004096570014953613
(21,9): -0.05027639865875244
(21,19): -0.011959490776062011
(21,20): -0.0002890634536743164
(21,29): -0.006049261093139648
(21,30): 0.020427160263061524
(21,34): 0.00038372039794921876
(21,38): 1.4085769653320312e-05
(21,54): -0.021205558776855468
(22,5): -0.038627190589904783
(22,10): -0.002197003364562988
(22,11): -0.18528398990631104
(22,12): 0.13830459117889404
(22,23): 0.013961987495422363
(22,24): 0.016123180389404298
(22,25): -0.06452807903289795
(22,33): 0.0011825942993164062
(22,35): 0.0047613573074340824
(22,36): -0.001811208724975586
(22,50): 0.06219819068908691
(22,52): -0.08824244499206543
(22,53): -0.004239339828491211
(22,59): -0.04812314510345459
(22,62): -0.0716730785369873
(23,22): 0.003183565139770508
(23,24): -0.000692138671875
(23,25): -0.00837620735168457
(23,33): -0.018206472396850585
(23,35): -0.02549001693725586
(23,36): 0.005640649795532226
(23,61): 0.030059127807617186
(24,22): 0.004176440238952636
(24,23): -0.0017088699340820314
(24,25): 0.003003225326538086
(24,33): 0.025808863639831543
(24,35): -0.03330082416534424
(24,36): 0.000135040283203125
(24,62): 0.007785868644714355
(25,10): -0.04935391426086426
(25,12): 0.02027280330657959
(25,22): -0.0012926483154296876
(25,23): 0.004392094612121582
(25,24): 0.006182141304016113
(25,33): -0.0030559682846069336
(25,35): 0.009741253852844238
(25,36): -0.012615976333618164
(25,49): 0.038630647659301756
(25,54): 0.0033957052230834963
(26,5): -0.037376394271850584
(26,11): 0.04851175785064697
(26,27): -0.0023800468444824217
(26,28): -0.01128262996673584
(26,48): 0.07989252090454102
(26,50): -0.0799024486541748
(26,51): -0.013839569091796875
(26,52): -0.0922991704940796
(26,53): -0.03832427024841309
(26,61): -0.11146847248077392
(27,5): 0.0029967451095581055
(27,11): -0.036430373191833496
(27,26): -0.0006408262252807618
(27,28): -0.012810554504394531
(27,46): -0.027718677520751953
(27,48): -0.02400625705718994
(27,52): 0.004240145683288574
(27,53): -0.058173608779907224
(27,54): -0.0020774030685424805
(27,55): 0.014383549690246583
(27,61): -0.06876939296722412
(28,11): -0.10163647651672364
(28,26): -0.0014994716644287109
(28,27): -0.009284186363220214
(28,51): -0.0747942066192627
(28,52): 0.018728418350219725
(28,53): -0.03946357727050781
(28,55): 0.022364273071289062
(29,6): 0.034979658126831056
(29,9): -0.08002145290374756
(29,19): -0.00466644287109375
(29,20): -0.01649084806442261
(29,21): 0.019452357292175294
(29,30): 0.0006783366203308106
(29,34): 0.0010807943344116212
(29,38): 0.004853267669677735
(29,46): 0.018447942733764648
(29,59): 0.002363405227661133
(30,1): -0.012505230903625488
(30,20): 0.022117352485656737
(30,21): -0.001406698226928711
(30,29): -0.004103813171386719
(30,34): -0.007499256134033203
(30,38): 0.08004552841186524
(30,45): -0.07276110649108887
(30,47): 0.07849371433258057
(31,1): -0.018040719032287596
(31,13): 0.0027393817901611326
(31,14): -0.007870416641235351
(31,15): -0.037947278022766116
(31,16): -0.0011392450332641602
(31,32): -0.009328951835632324
(31,37): 0.01982182025909424
(31,45): -0.01742055416107178
(31,59): -0.034033198356628415
(32,14): -0.11235744953155517
(32,15): -0.027499961853027343
(32,16): -0.020701589584350585
(32,31): 0.02919004440307617
(32,37): -0.02374161720275879
(32,56): 0.15818705558776855
(33,10): -0.006379342079162598
(33,12): -0.07982630968093872
(33,22): 0.06183883190155029
(33,23): -0.04139350414276123
(33,24): 0.018075718879699706
(33,25): -0.03803825378417969
(33,35): -0.0029103803634643556
(33,36): -0.1014881443977356
(33,49): -0.11319067478179931
(34,1): -0.05532092571258545
(34,6): -0.06681567192077636
(34,13): -0.05762745857238769
(34,19): -0.0051938390731811526
(34,20): -0.0038358497619628905
(34,21): 0.00013940572738647462
(34,29): 0.11514187812805175
(34,30): 0.02494943618774414
(34,38): 0.024524393081665038
(34,46): -0.05604030609130859
(34,59): -0.03379581928253174
(34,60): 0.02293595314025879
(35,22): 0.0017013120651245116
(35,23): -0.006856746673583984
(35,24): -0.02969491481781006
(35,25): 0.005991744995117188
(35,33): 0.006334271430969238
(35,36): -0.0004556703567504883
(35,46): 0.016132235527038574
(35,61): -0.020069537162780763
(35,62): 0.005423617362976074
(36,10): -0.11593867778778076
(36,12): -0.0703170919418335
(36,22): -0.015864925384521486
(36,23): 0.007241873741149902
(36,24): 0.1619640064239502
(36,25): 0.10735886335372925
(36,33): -0.009557003974914552
(36,35): -0.00646087646484375
(36,46): -0.08853871822357177
(36,48): 0.015205364227294921
(36,52): -0.05498219013214111
(36,59): -0.06337334632873536
(36,62): -0.011832151412963867
(37,1): -0.06202073574066162
(37,13): 0.04968885660171509
(37,14): -0.0003915977478027344
(37,15): -0.0027889204025268555
(37,16): 0.012460050582885742
(37,31): -0.02661588191986084
(37,32): -0.03521439552307129
(37,57): 0.04332474708557129
(38,19): 0.02936160087585449
(38,20): -0.023393020629882813
(38,21): -0.007780652046203613
(38,29): 0.006251134872436523
(38,30): 0.004619762897491455
(38,34): -0.02844735622406006
(38,45): -0.09770857334136963
(38,54): -0.08798680305480958
(38,58): 0.12593251705169678
(38,60): -0.11061134338378906
(38,62): 0.07812106609344482
(39,0): -0.010857071876525879
(39,2): -0.05309267520904541
(39,5): -0.0063563394546508785
(39,40): 0.048761177062988284
(39,46): -0.010029082298278808
(40,0): 0.024794244766235353
(40,1): 0.07851082801818848
(40,2): -0.062432503700256346
(40,3): -0.03942667961120606
(40,5): -0.08129491567611695
(40,39): 0.02496976375579834
(41,2): -0.0725721025466919
(41,4): -0.09316832065582276
(41,5): -0.014908204078674317
(41,52): -0.0008938026428222657
(42,6): -0.0002933454513549805
(42,7): -0.0020488691329956055
(42,10): 0.2572826910018921
(43,4): -0.021058053970336915
(44,9): -0.052169575691223144
(44,46): -0.011500988006591797
(44,59): 0.05022334098815918
(45,15): 0.03579305171966553
(45,17): -0.02127182960510254
(45,18): 0.029115562438964845
(45,20): 0.07159059047698975
(45,30): 0.016061952114105226
(45,31): 0.0637546968460083
(45,38): -0.03328668594360352
(45,56): -0.07981335639953613
(46,16): 0.03863106727600098
(46,17): -0.06131733179092407
(46,18): -0.10312211513519287
(46,27): -0.03831972122192383
(46,29): -0.07793036460876465
(46,34): -0.07902801036834717
(46,35): -0.07747725009918213
(46,36): -0.021134905815124512
(46,39): -0.061263957023620606
(46,44): -0.013964486122131348
(47,17): -0.02528146266937256
(47,30): 0.057289714813232424
(47,62): -0.0661198616027832
(48,13): -0.014040040969848632
(48,17): 0.02029618263244629
(48,18): -0.035725698471069336
(48,20): 0.04416675090789795
(48,26): -0.06457383155822755
(48,27): -0.05911540508270264
(48,36): -0.07380197048187256
(48,49): -0.024073448181152344
(49,25): 0.04618756294250488
(49,33): 0.2742380475997925
(49,48): -0.0041794729232788085
(50,18): -0.0020930147171020507
(50,22): -0.13464270830154418
(50,26): -0.019434120655059815
(50,54): 0.008240251541137696
(50,58): -0.07804299831390381
(51,26): 0.06168489217758179
(51,28): -0.023395652770996093
(51,53): -0.09592415571212769
(52,18): -0.015313243865966797
(52,19): -0.014005284309387207
(52,22): 0.10594576835632324
(52,26): -0.06388181209564209
(52,27): -0.04354475975036621
(52,28): -0.10670413970947265
(52,36): -0.13074692964553833
(52,41): -0.042380447387695315
(53,22): -0.058994417190551755
(53,26): -0.024132847785949707
(53,27): -0.05610824584960938
(53,28): -0.13571880340576173
(53,51): -0.041704049110412596
(54,17): 0.10995692729949952
(54,18): 0.03552006721496582
(54,20): 0.013209609985351563
(54,21): 0.06914460182189941
(54,25): 0.11520396709442139
(54,27): 0.022923264503479004
(54,38): -0.024867238998413085
(54,50): -0.015831680297851564
(55,27): -0.01984233856201172
(55,28): -0.02874319553375244
(56,32): 0.031696443557739255
(56,45): -0.03639228343963623
(57,14): -0.09936628818511963
(57,37): -0.016638669967651367
(57,60): -0.11722109317779542
(58,38): 0.06904836654663087
(58,50): -0.043359899520874025
(59,13): -0.03426355838775635
(59,15): -0.0037055587768554687
(59,18): -0.17730825424194335
(59,19): -0.04564456939697266
(59,22): -0.02106180667877197
(59,29): -0.010334835052490235
(59,31): -0.011504774093627929
(59,34): -0.02368412971496582
(59,36): 0.03263332366943359
(59,44): -0.0030596256256103516
(60,17): 0.1073723554611206
(60,18): -0.12500096797943117
(60,34): -0.02791356563568115
(60,38): 0.006555747985839844
(60,57): -0.08439452648162842
(61,23): 0.0016260290145874024
(61,26): -0.005214519500732422
(61,27): 0.0350007438659668
(61,35): 0.03753295421600342
(62,13): -0.07723115921020508
(62,16): -0.0007598733901977539
(62,22): 0.06693012237548829
(62,24): 0.023043265342712404
(62,35): -0.047083349227905275
(62,36): 0.027919492721557616
(62,38): -0.043645071983337405
(62,47): -0.03777660846710205
