Interaction name: 5ml4

Affinity: 8.699999809265137
Predicted value: 7.601526260375977

Attributions for edges: 

(0,1): 0.4664299190044403
(0,26): 0.47639819979667664
(0,27): 0.42325031757354736
(0,28): 0.45581620931625366
(0,36): 0.41293972730636597
(1,0): 0.4559897482395172
(1,8): 0.4900628626346588
(1,26): 0.5572169423103333
(1,27): 0.395276814699173
(1,28): 0.47015711665153503
(1,36): 0.5310567617416382
(2,3): 0.4911312460899353
(2,10): 0.4945724904537201
(2,11): 0.4601859450340271
(2,14): 0.4735592007637024
(2,15): 0.4197215139865875
(2,30): 0.5327442288398743
(2,37): 0.5486387014389038
(3,2): 0.48535841703414917
(3,12): 0.4348231852054596
(3,14): 0.465617835521698
(3,15): 0.45973145961761475
(3,29): 0.5332130789756775
(3,30): 0.4458792507648468
(3,37): 0.4660602807998657
(3,38): 0.5184453129768372
(4,5): 0.4377482235431671
(4,16): 0.4571841061115265
(4,25): 0.45258480310440063
(4,31): 0.48607924580574036
(4,32): 0.4581509232521057
(4,35): 0.5172346830368042
(4,37): 0.47951123118400574
(4,38): 0.5597470998764038
(4,39): 0.5202995538711548
(5,4): 0.4437316358089447
(5,16): 0.4061279296875
(5,20): 0.458700031042099
(5,25): 0.42460179328918457
(5,31): 0.4378719925880432
(5,32): 0.466057687997818
(5,35): 0.42665937542915344
(5,37): 0.5189934372901917
(5,39): 0.523324728012085
(6,12): 0.42598316073417664
(6,13): 0.5328894257545471
(6,29): 0.47986361384391785
(6,40): 0.48160094022750854
(7,12): 0.4617633819580078
(7,13): 0.5511995553970337
(7,29): 0.5448559522628784
(8,1): 0.5298887491226196
(8,9): 0.4701792001724243
(8,26): 0.4618052840232849
(8,27): 0.4770522117614746
(8,41): 0.5460460782051086
(8,42): 0.5980664491653442
(8,43): 0.4478749930858612
(8,44): 0.42303600907325745
(8,61): 0.5400667786598206
(8,63): 0.5025400519371033
(9,8): 0.4378437399864197
(9,10): 0.5393581390380859
(9,11): 0.4798881411552429
(9,26): 0.47801756858825684
(9,27): 0.46778637170791626
(9,28): 0.5418429374694824
(9,42): 0.5578629374504089
(9,43): 0.5179509520530701
(10,2): 0.5618950128555298
(10,9): 0.4575159549713135
(10,11): 0.4571959376335144
(10,12): 0.4680698812007904
(10,26): 0.3968257009983063
(10,27): 0.4122135043144226
(10,28): 0.4492146670818329
(10,46): 0.6322710514068604
(10,48): 0.5888348817825317
(11,2): 0.501414954662323
(11,9): 0.4730096757411957
(11,10): 0.4002966582775116
(11,12): 0.47172167897224426
(11,26): 0.4036563038825989
(11,27): 0.46996429562568665
(11,28): 0.43914979696273804
(11,61): 0.5028976798057556
(11,67): 0.5693708062171936
(12,3): 0.42736825346946716
(12,6): 0.42504507303237915
(12,7): 0.40738382935523987
(12,10): 0.5004558563232422
(12,11): 0.49836769700050354
(12,13): 0.49894946813583374
(12,29): 0.5135099291801453
(12,42): 0.5419853925704956
(12,43): 0.5645345449447632
(12,46): 0.5221251845359802
(12,47): 0.5715051889419556
(13,6): 0.38497570157051086
(13,7): 0.5240027904510498
(13,12): 0.4925626516342163
(13,29): 0.449410617351532
(13,48): 0.5242705941200256
(13,49): 0.5443833470344543
(14,2): 0.4718536138534546
(14,3): 0.48486676812171936
(14,15): 0.4501516819000244
(14,16): 0.4203479290008545
(14,30): 0.41287899017333984
(14,31): 0.4663606584072113
(14,32): 0.44713276624679565
(14,35): 0.46555906534194946
(14,43): 0.5040315985679626
(14,47): 0.49102160334587097
(14,49): 0.4946344196796417
(15,2): 0.43345212936401367
(15,3): 0.4636988043785095
(15,14): 0.46018633246421814
(15,16): 0.5161442756652832
(15,30): 0.5649620294570923
(15,31): 0.42378607392311096
(15,32): 0.4574925899505615
(15,35): 0.5395073890686035
(15,50): 0.4760097861289978
(15,65): 0.5697920918464661
(16,4): 0.44445347785949707
(16,5): 0.544832706451416
(16,14): 0.4803188741207123
(16,15): 0.43175724148750305
(16,19): 0.5680322051048279
(16,30): 0.4562871754169464
(16,31): 0.5359490513801575
(16,32): 0.4349648058414459
(16,35): 0.48534151911735535
(16,64): 0.46433913707733154
(16,65): 0.48459339141845703
(16,68): 0.5752446055412292
(17,18): 0.4706560969352722
(17,19): 0.5541282296180725
(17,33): 0.4820523262023926
(17,53): 0.5271707773208618
(17,64): 0.5234875082969666
(17,68): 0.631746768951416
(18,17): 0.4685438275337219
(18,19): 0.4630919098854065
(18,33): 0.507533073425293
(18,66): 0.5500959753990173
(18,67): 0.5231956839561462
(19,16): 0.47374027967453003
(19,17): 0.5242313742637634
(19,18): 0.4624022841453552
(19,31): 0.46258077025413513
(19,32): 0.5512586832046509
(19,33): 0.4376905560493469
(19,35): 0.4952526390552521
(19,50): 0.5603119730949402
(19,64): 0.5702018737792969
(19,68): 0.5222983360290527
(20,5): 0.46498963236808777
(20,21): 0.45580244064331055
(20,22): 0.5714258551597595
(20,24): 0.45474302768707275
(20,25): 0.4439330995082855
(20,33): 0.5244638919830322
(20,34): 0.47268667817115784
(20,50): 0.5246339440345764
(20,68): 0.4802727997303009
(21,20): 0.4838143289089203
(21,22): 0.5220187306404114
(21,23): 0.5745396614074707
(21,24): 0.5804312229156494
(21,25): 0.5052753686904907
(21,34): 0.5346167683601379
(21,55): 0.5204088687896729
(21,56): 0.5148499608039856
(22,20): 0.4652506113052368
(22,21): 0.5087949633598328
(22,23): 0.4726240336894989
(22,24): 0.4602389633655548
(22,25): 0.48522183299064636
(22,34): 0.5065194964408875
(22,51): 0.4612945318222046
(22,70): 0.4194851815700531
(23,21): 0.5281440019607544
(23,22): 0.49633610248565674
(23,24): 0.4677782654762268
(23,25): 0.5487473011016846
(23,34): 0.4429658055305481
(23,57): 0.4965730905532837
(23,58): 0.5176963806152344
(23,59): 0.5248466730117798
(23,70): 0.47904232144355774
(24,20): 0.44723814725875854
(24,21): 0.4759290814399719
(24,22): 0.5269191265106201
(24,23): 0.5186645984649658
(24,25): 0.5082606077194214
(24,34): 0.4252312481403351
(24,58): 0.504571795463562
(24,69): 0.5249688029289246
(24,70): 0.5037518739700317
(24,71): 0.4380444884300232
(25,4): 0.4499896466732025
(25,5): 0.5117906928062439
(25,20): 0.4738485813140869
(25,21): 0.502333402633667
(25,22): 0.405663400888443
(25,23): 0.4707655608654022
(25,24): 0.5073514580726624
(25,33): 0.4782896935939789
(25,34): 0.519688069820404
(25,58): 0.5532252788543701
(25,67): 0.5257593989372253
(25,72): 0.5211286544799805
(26,0): 0.501262903213501
(26,1): 0.50245201587677
(26,8): 0.5095894932746887
(26,9): 0.5674822926521301
(26,10): 0.5010164380073547
(26,11): 0.44218626618385315
(26,27): 0.5160143375396729
(26,28): 0.4490077495574951
(26,60): 0.4772534668445587
(27,0): 0.5074109435081482
(27,1): 0.48795175552368164
(27,8): 0.5290201306343079
(27,9): 0.5079015493392944
(27,10): 0.47081369161605835
(27,11): 0.475176066160202
(27,26): 0.4370288848876953
(27,28): 0.5136907696723938
(27,47): 0.6219912767410278
(28,0): 0.4288879930973053
(28,1): 0.5082575678825378
(28,9): 0.46843618154525757
(28,10): 0.48289796710014343
(28,11): 0.45345744490623474
(28,26): 0.39025816321372986
(28,27): 0.4886780381202698
(28,45): 0.40039005875587463
(28,46): 0.47287288308143616
(29,3): 0.46163561940193176
(29,6): 0.46700575947761536
(29,7): 0.4717196226119995
(29,12): 0.4354024827480316
(29,13): 0.4685412049293518
(29,68): 0.5431959629058838
(30,2): 0.42673754692077637
(30,3): 0.41999387741088867
(30,14): 0.4407616853713989
(30,15): 0.4988109767436981
(30,16): 0.5180647373199463
(30,31): 0.45688191056251526
(30,32): 0.5574493408203125
(30,35): 0.47439804673194885
(30,63): 0.4815617799758911
(31,4): 0.5781737565994263
(31,5): 0.372277170419693
(31,14): 0.47466498613357544
(31,15): 0.4750016927719116
(31,16): 0.4746764898300171
(31,19): 0.4792727828025818
(31,30): 0.3913786709308624
(31,32): 0.46517831087112427
(31,62): 0.533925473690033
(32,4): 0.5156204700469971
(32,5): 0.5340893268585205
(32,14): 0.5064430236816406
(32,15): 0.4984501600265503
(32,16): 0.4693317115306854
(32,19): 0.3909706175327301
(32,30): 0.4333163797855377
(32,31): 0.49586501717567444
(32,35): 0.44808968901634216
(32,64): 0.47855496406555176
(32,66): 0.5589465498924255
(33,17): 0.48145145177841187
(33,18): 0.46177488565444946
(33,19): 0.47198933362960815
(33,20): 0.44138795137405396
(33,25): 0.6155476570129395
(33,51): 0.4444206953048706
(33,52): 0.5651928782463074
(33,53): 0.48773205280303955
(33,54): 0.4756147861480713
(33,59): 0.5552123785018921
(33,70): 0.54688960313797
(33,72): 0.49079790711402893
(34,20): 0.4660865068435669
(34,21): 0.47292861342430115
(34,22): 0.4878118634223938
(34,23): 0.4262832999229431
(34,24): 0.4817139506340027
(34,25): 0.4543968737125397
(34,54): 0.5262000560760498
(34,67): 0.6242183446884155
(34,68): 0.609049379825592
(34,69): 0.5545347332954407
(35,4): 0.5322692394256592
(35,5): 0.5819756984710693
(35,14): 0.4813017249107361
(35,15): 0.5259180068969727
(35,16): 0.44688618183135986
(35,19): 0.5281146764755249
(35,30): 0.48632290959358215
(35,32): 0.5148987174034119
(36,0): 0.5713396072387695
(36,1): 0.47582918405532837
(37,2): 0.4889741539955139
(37,3): 0.4540674388408661
(37,4): 0.5784167647361755
(37,5): 0.5061059594154358
(37,63): 0.5363743901252747
(38,3): 0.5728872418403625
(38,4): 0.45669278502464294
(38,39): 0.6032065749168396
(38,65): 0.4725329875946045
(38,72): 0.37626367807388306
(39,4): 0.5684881806373596
(39,5): 0.4980877637863159
(39,38): 0.49560099840164185
(40,6): 0.518377959728241
(41,8): 0.5171419382095337
(41,60): 0.5186386108398438
(42,8): 0.39294901490211487
(42,9): 0.5024093389511108
(42,12): 0.6082077622413635
(43,8): 0.5079441070556641
(43,9): 0.5807960629463196
(43,12): 0.536335289478302
(43,14): 0.5804300904273987
(44,8): 0.5258395671844482
(44,47): 0.5120276212692261
(45,28): 0.5269572734832764
(45,46): 0.5273550152778625
(46,10): 0.49234387278556824
(46,12): 0.5351641178131104
(46,28): 0.4655799865722656
(46,45): 0.5212382078170776
(47,12): 0.4624294936656952
(47,14): 0.46030592918395996
(47,27): 0.5356956124305725
(47,44): 0.48968741297721863
(48,10): 0.4758869707584381
(48,13): 0.5521947741508484
(49,13): 0.5741176605224609
(49,14): 0.5597851872444153
(49,65): 0.5944618582725525
(50,15): 0.5443209409713745
(50,19): 0.5147923827171326
(50,20): 0.5169496536254883
(50,64): 0.5301122665405273
(51,22): 0.4895888864994049
(51,33): 0.5614980459213257
(51,54): 0.488677054643631
(51,57): 0.5156354904174805
(51,71): 0.4610027074813843
(52,33): 0.4753282368183136
(52,53): 0.45129674673080444
(53,17): 0.5415734648704529
(53,33): 0.581270694732666
(53,52): 0.4553109407424927
(54,33): 0.49259769916534424
(54,34): 0.5079989433288574
(54,51): 0.5447198152542114
(54,55): 0.44455698132514954
(55,21): 0.5571116209030151
(55,54): 0.5416589975357056
(56,21): 0.5171998143196106
(56,70): 0.4151584208011627
(57,23): 0.5484064221382141
(57,51): 0.5562719106674194
(58,23): 0.45936763286590576
(58,24): 0.4823261797428131
(58,25): 0.5138978958129883
(59,23): 0.4285065233707428
(59,33): 0.6021322011947632
(59,70): 0.5869123935699463
(60,26): 0.5260951519012451
(60,41): 0.44574809074401855
(61,8): 0.5124674439430237
(61,11): 0.49472957849502563
(62,31): 0.4958469569683075
(62,63): 0.5316632390022278
(63,8): 0.5349797010421753
(63,30): 0.5188502073287964
(63,37): 0.5021339654922485
(63,62): 0.597363293170929
(63,68): 0.5030147433280945
(64,16): 0.4199467599391937
(64,17): 0.48884183168411255
(64,19): 0.604674220085144
(64,32): 0.5321652293205261
(64,50): 0.5317528247833252
(65,15): 0.6387414932250977
(65,16): 0.509211540222168
(65,38): 0.4917644262313843
(65,49): 0.5331724286079407
(66,18): 0.4431256949901581
(66,32): 0.5304469466209412
(67,11): 0.5463733077049255
(67,18): 0.5591926574707031
(67,25): 0.5051170587539673
(67,34): 0.5366953611373901
(68,16): 0.6384587287902832
(68,17): 0.5409353971481323
(68,19): 0.48190173506736755
(68,20): 0.5491570234298706
(68,29): 0.5756954550743103
(68,34): 0.5865525603294373
(68,63): 0.47585150599479675
(69,24): 0.5225328207015991
(69,34): 0.5609503984451294
(70,22): 0.5543481707572937
(70,23): 0.5010536313056946
(70,24): 0.5243368148803711
(70,33): 0.5517809987068176
(70,56): 0.45085954666137695
(70,59): 0.5274980068206787
(71,24): 0.5280202031135559
(71,51): 0.4642305076122284
(72,25): 0.5596524477005005
(72,33): 0.4703900218009949
(72,38): 0.48727184534072876
