Interaction name: 5jfu

Affinity: 8.069999694824219
Predicted value: 10.479707717895508

Attributions for edges: 

(0,4): 0.0
(0,17): 0.0
(0,21): 0.0
(0,29): 0.0
(0,30): 0.0
(0,33): 0.0
(0,39): 0.0
(0,41): 0.0
(0,43): 0.0
(1,9): 3.614072053758564e-39
(1,11): 3.858092767037623e-39
(1,14): 6.461485309894234e-39
(1,41): 0.0
(1,43): 0.0
(1,44): 0.0
(2,6): 0.0
(2,7): 1.4101956019869735e-35
(2,12): 4.426355161535462e-28
(2,13): 4.303773632620414e-29
(2,22): 1.6720949055000502e-28
(2,31): 9.392639968155025e-28
(2,32): 1.9088347883477471e-28
(2,40): 3.4991453195006364e-28
(2,42): 5.447256433744827e-34
(2,44): 5.5017203930962854e-34
(3,10): 1.6304656941417262e-36
(3,15): 1.3868865692451326e-36
(3,16): 1.3868865692451326e-36
(3,29): 7.529187298685571e-38
(3,30): 0.0
(3,38): 5.126261879694155e-37
(3,41): 0.0
(3,43): 0.0
(4,0): 0.0
(4,11): 4.8590307953987e-34
(4,14): 9.376108447433274e-34
(4,27): 1.9329595842761454e-33
(4,29): 3.6709524561266236e-34
(4,30): 1.1198324440586611e-36
(4,37): 3.705365512424427e-34
(4,39): 7.562971961453237e-33
(4,42): 7.617532440628622e-38
(5,6): 0.0
(5,9): 9.354763095143281e-30
(5,11): 5.03202161044636e-30
(5,13): 6.408272340795866e-30
(5,22): 2.853119263231092e-29
(5,27): 2.290255554091262e-29
(5,32): 3.373203403944497e-29
(5,40): 4.14164674341602e-29
(5,42): 1.1140984186320837e-34
(5,44): 1.1252288807664322e-34
(6,2): 0.0
(6,5): 0.0
(6,7): 0.0
(6,9): 3.55446676307583e-35
(6,12): 2.2611595814888955e-34
(6,13): 3.8359712573926224e-35
(6,22): 1.812752797277089e-34
(6,31): 5.126329027226073e-34
(6,32): 2.247091990598674e-34
(6,40): 2.078394775931252e-34
(6,42): 6.143991715533696e-39
(6,44): 2.0485111413680488e-38
(7,2): 1.0496406909999724e-35
(7,6): 0.0
(7,12): 9.521310144033321e-30
(7,13): 1.2747331574215315e-30
(7,22): 5.76449000795786e-30
(7,31): 2.1186249529277012e-29
(7,32): 6.945136597539576e-30
(7,40): 8.238560303218278e-30
(7,44): 2.4063937739415048e-35
(8,9): 4.226229214134755e-24
(8,11): 8.309503816038526e-25
(8,14): 3.0314654521586078e-24
(9,1): 1.7952012205689802e-38
(9,5): 2.0590420971263287e-29
(9,6): 1.6172853058908723e-34
(9,8): 4.0835487310683355e-24
(9,11): 3.0370893401595415e-25
(9,14): 1.1079881749333172e-24
(9,23): 7.359008072350897e-24
(9,27): 1.542849721088663e-24
(9,37): 1.9951406559068013e-25
(9,40): 3.795961993891416e-24
(9,46): 1.372302430722472e-23
(10,3): 9.698852934037885e-36
(10,15): 7.794280851696135e-23
(10,16): 7.794280851696135e-23
(10,29): 1.3507065745811417e-24
(10,30): 1.1079616125075242e-26
(10,38): 3.5015039626856595e-23
(10,39): 7.794280851696135e-23
(10,49): 8.564654012742387e-23
(11,1): 2.347626426109274e-38
(11,4): 2.4301597155403946e-33
(11,5): 8.430780148730276e-30
(11,8): 8.488696528887873e-25
(11,9): 3.210976470383212e-25
(11,14): 2.3032445805447746e-25
(11,21): 6.973481098347168e-25
(11,37): 4.1474081676594793e-26
(11,58): 2.060933233124044e-24
(11,62): 4.922121307064819e-28
(11,65): 1.7236361794855898e-25
(12,2): 5.855652291918367e-28
(12,6): 1.1501089993033033e-33
(12,7): 2.1542391591813438e-29
(12,13): 1.5167123927159752e-24
(12,22): 5.892705370592742e-24
(12,23): 2.3906163097736798e-23
(12,31): 3.3101026412518854e-23
(12,32): 6.726986125723211e-24
(12,40): 1.23314500045877e-23
(12,58): 3.220707976839154e-23
(12,68): 3.212618287142203e-25
(13,2): 5.69979087412024e-29
(13,5): 1.195807946447435e-29
(13,6): 1.9778087345218467e-34
(13,7): 2.500761916346121e-30
(13,12): 1.5183854680883359e-24
(13,22): 5.735878639343447e-25
(13,23): 2.32700221138925e-24
(13,31): 3.2220086901427277e-24
(13,32): 6.547956214043179e-25
(13,34): 1.8328993806192956e-24
(13,35): 2.8338295657756457e-24
(13,40): 1.2003309505995179e-24
(13,57): 3.0640887948940227e-24
(13,59): 6.549204586425691e-25
(14,1): 3.556291753659673e-38
(14,4): 4.2091389070794285e-33
(14,8): 3.038180236183849e-24
(14,9): 1.1492370214140318e-24
(14,11): 2.259617860776691e-25
(14,23): 5.4751376276321035e-24
(14,25): 2.5666040681195792e-25
(14,26): 7.271663815203016e-24
(14,27): 1.1478875762280382e-24
(14,34): 4.312560179449879e-24
(14,36): 7.580973809557459e-24
(14,37): 1.484394265195171e-25
(14,48): 2.1544077283663975e-25
(14,57): 7.209435311555562e-24
(14,58): 7.376265193513512e-24
(15,3): 8.233195006061845e-36
(15,10): 7.78931670779176e-23
(15,16): 7.088683899476838e-23
(15,38): 3.184521349394856e-23
(15,47): 3.4098004601755273e-23
(15,51): 1.2441774174335121e-24
(15,52): 7.088683899476838e-23
(15,65): 5.768422701557887e-24
(16,3): 8.233195006061845e-36
(16,10): 7.78931670779176e-23
(16,15): 7.088683899476838e-23
(16,29): 1.2284256400932853e-24
(16,30): 1.0076644195332857e-26
(16,38): 3.184521349394856e-23
(16,39): 7.088683899476838e-23
(16,48): 2.0144977247991145e-24
(16,63): 7.088683899476838e-23
(16,66): 2.7250906120172658e-24
(17,0): 0.0
(17,18): 1.7213635205214546e-24
(17,19): 2.258214329314883e-24
(17,20): 2.2207799211337515e-24
(17,21): 7.856633561493116e-25
(17,33): 3.246233884392406e-27
(17,51): 4.1885398682957686e-26
(17,68): 2.3161158014747078e-26
(18,17): 1.6534815465891208e-24
(18,19): 5.016266468737632e-23
(18,20): 4.933111694085199e-23
(18,21): 1.7452267995626618e-23
(18,33): 7.210994790957571e-26
(18,53): 5.301002657033535e-23
(18,59): 1.0775024283143023e-23
(19,17): 2.1051281792629198e-24
(19,18): 4.8681489985402486e-23
(19,20): 6.280560904216502e-23
(19,21): 2.2219250316237703e-23
(19,33): 9.180635641362619e-26
(19,54): 6.74893980917115e-23
(19,55): 1.1364028461317649e-24
(19,67): 3.51426994094267e-23
(20,17): 2.054637925885154e-24
(20,18): 4.7514073664427636e-23
(20,19): 6.233254493452208e-23
(20,21): 2.168641579552798e-23
(20,33): 8.960477504964661e-26
(20,56): 2.5833547504418035e-23
(20,57): 6.264218861703944e-23
(21,0): 0.0
(21,11): 7.742561809407829e-25
(21,17): 8.102442619559983e-25
(21,18): 1.873719619248681e-23
(21,19): 2.4580959449228283e-23
(21,20): 2.4173389729380416e-23
(21,33): 3.5335548216665845e-26
(21,55): 4.373926063697474e-25
(21,58): 2.527461273179817e-23
(21,59): 5.280031420956959e-24
(21,65): 2.1138188626405134e-24
(22,2): 2.2605022535849434e-28
(22,5): 5.086079454719772e-29
(22,6): 1.0189711250320573e-33
(22,7): 1.0955198089550537e-29
(22,12): 6.0218478172342105e-24
(22,13): 5.855103132254024e-25
(22,31): 1.2778244255225871e-23
(22,32): 2.5968697521283215e-24
(22,40): 4.760404009522447e-24
(22,50): 7.99660332127397e-24
(22,57): 1.2151944705604659e-23
(22,58): 1.2433143641601551e-23
(22,59): 2.5973651567768003e-24
(22,60): 1.1651690140280564e-23
(22,61): 1.2023388777046222e-23
(23,9): 7.67179930988008e-24
(23,12): 2.3848962793499222e-23
(23,13): 2.3188586030494273e-24
(23,14): 5.5029658793551326e-24
(23,24): 4.9992453747578593e-23
(23,25): 1.7133514547375774e-24
(23,26): 4.854240749692478e-23
(23,27): 7.662760541628058e-24
(23,28): 5.060722882823543e-23
(23,34): 2.878874667312078e-23
(23,35): 4.4510031383917226e-23
(23,36): 5.060722882823543e-23
(23,37): 9.909122433057222e-25
(23,58): 4.9240300117999326e-23
(23,61): 4.7617682655719364e-23
(23,64): 1.4251232010813902e-25
(23,68): 4.9116812029111255e-25
(24,23): 5.064198603971947e-23
(24,25): 2.3739666509511304e-24
(24,26): 6.725937256263629e-23
(24,27): 1.06173246773021e-23
(24,28): 7.012033756304496e-23
(24,34): 3.9888944154561336e-23
(24,35): 6.167171299877482e-23
(24,36): 7.012033756304496e-23
(24,37): 1.3729824288227726e-24
(24,48): 1.992715105838473e-24
(24,62): 1.629448128739585e-26
(24,64): 1.9746213976858713e-25
(24,70): 7.012033756304496e-23
(25,14): 2.360195161002041e-25
(25,23): 1.567588399076394e-24
(25,24): 2.1441519449528454e-24
(25,26): 2.0819522347284317e-24
(25,27): 3.2865456473178916e-25
(25,28): 2.170519226279405e-24
(25,34): 1.2347400772091269e-24
(25,35): 1.909006116957077e-24
(25,36): 2.170519226279405e-24
(25,37): 4.2499739520338104e-26
(25,62): 5.043845857339926e-28
(25,66): 8.344121990788018e-26
(25,68): 2.1065961939407537e-26
(26,14): 7.39178524296283e-24
(26,23): 4.9094386094082405e-23
(26,24): 6.715143745814033e-23
(26,25): 2.3014188605872537e-24
(26,27): 1.029294033990979e-23
(26,28): 6.79774758001026e-23
(26,34): 3.8669955263046757e-23
(26,35): 5.978704856555492e-23
(26,36): 6.79774758001026e-23
(26,37): 1.3310295239841483e-24
(26,58): 6.614137364420811e-23
(26,62): 1.579658679668495e-26
(26,69): 6.300862397384546e-23
(27,4): 9.681532369161629e-33
(27,5): 4.2314609817397497e-29
(27,9): 1.6367134205801298e-24
(27,14): 1.1740157340927027e-24
(27,23): 7.797548471337741e-24
(27,24): 1.0665467280625929e-23
(27,25): 3.655276737269527e-25
(27,26): 1.0356113898921698e-23
(27,28): 1.0796624083588879e-23
(27,34): 6.141836321931495e-24
(27,35): 9.495838993672839e-24
(27,36): 1.0796624083588879e-23
(27,37): 2.114035799389449e-25
(27,57): 1.0267450666340288e-23
(27,58): 1.0505043738079278e-23
(27,59): 2.1945719897100464e-24
(27,63): 1.0796624083588879e-23
(27,67): 5.6220006512180045e-24
(28,23): 5.1195564446792884e-23
(28,24): 7.002571211974189e-23
(28,25): 2.399926091189691e-24
(28,26): 6.799459092630228e-23
(28,27): 1.0733466301795075e-23
(28,34): 4.032513374805062e-23
(28,35): 6.234633422314535e-23
(28,36): 7.088683899476838e-23
(28,37): 1.3879961281785521e-24
(28,68): 6.879917264607298e-25
(28,70): 7.088683899476838e-23
(29,0): 0.0
(29,3): 5.0910670916719275e-37
(29,4): 1.8833772325584614e-33
(29,10): 1.3637692237030833e-24
(29,16): 1.2411056916761947e-24
(29,30): 1.7642392181299346e-28
(29,38): 5.575524417948843e-25
(29,39): 1.2411056916761947e-24
(29,57): 1.1802664706904477e-24
(29,67): 6.4626404141054605e-25
(30,0): 0.0
(30,3): 0.0
(30,4): 4.370882458511856e-36
(30,10): 1.0195969422083246e-26
(30,16): 9.278933256831397e-27
(30,29): 1.607982743951965e-28
(30,38): 4.1684538826825675e-27
(30,39): 9.278933256831397e-27
(30,48): 2.6369341686414215e-28
(30,62): 2.156219255905417e-30
(30,64): 2.6129810769965236e-29
(30,65): 7.550712347187155e-28
(31,2): 1.2540054387100922e-27
(31,6): 2.6700468884745298e-33
(31,7): 4.769334395681663e-29
(31,12): 3.3405848577183495e-23
(31,13): 3.248072062805551e-24
(31,22): 1.2619355836000781e-23
(31,32): 1.4405983791363433e-23
(31,40): 2.6408063857637825e-23
(31,50): 4.436052330971612e-23
(31,58): 6.89721536709394e-23
(31,61): 6.669930656347834e-23
(32,2): 2.5897219219847128e-28
(32,5): 5.826860120732264e-29
(32,6): 1.2995605245473835e-33
(32,7): 1.2612627068616734e-29
(32,12): 6.898869450640007e-24
(32,13): 6.70784057016111e-25
(32,22): 2.6061189490268115e-24
(32,31): 1.4639379334225743e-23
(32,40): 5.453729520386216e-24
(32,56): 5.741311129967251e-24
(33,0): 0.0
(33,17): 2.609108910583898e-27
(33,18): 6.033659949258054e-26
(33,19): 7.91544080004653e-26
(33,20): 7.784195915833131e-26
(33,21): 2.7538779830155755e-26
(33,55): 1.408464827656954e-27
(33,62): 1.9437738357852605e-29
(33,64): 2.355550266717856e-28
(34,13): 1.8144708010124276e-24
(34,14): 4.306001589883872e-24
(34,23): 2.859938219054429e-23
(34,24): 3.9118470019319215e-23
(34,25): 1.3406657557642624e-24
(34,26): 3.798368414082793e-23
(34,27): 5.99601380587958e-24
(34,28): 3.959952055476661e-23
(34,35): 3.482827207438009e-23
(34,36): 3.959952055476661e-23
(34,37): 7.753733558939956e-25
(34,50): 2.4781125015319062e-23
(35,13): 2.842978774554399e-24
(35,23): 4.481021504645917e-23
(35,24): 6.129177234327142e-23
(35,25): 2.1006036675410247e-24
(35,26): 5.951398278549086e-23
(35,27): 9.394737791198809e-24
(35,28): 6.204549422833026e-23
(35,34): 3.5295593274633016e-23
(35,36): 6.204549422833026e-23
(35,37): 1.214883166325743e-24
(35,61): 5.838025082516895e-23
(36,14): 7.708145287227233e-24
(36,23): 5.1195564446792884e-23
(36,24): 7.002571211974189e-23
(36,25): 2.399926091189691e-24
(36,26): 6.799459092630228e-23
(36,27): 1.0733466301795075e-23
(36,28): 7.088683899476838e-23
(36,34): 4.032513374805062e-23
(36,35): 6.234633422314535e-23
(36,37): 1.3879961281785521e-24
(36,63): 7.088683899476838e-23
(37,4): 1.87559086818121e-33
(37,9): 2.117037661652848e-25
(37,11): 4.1624809576274404e-26
(37,14): 1.5185526819483394e-25
(37,23): 1.0085807554304098e-24
(37,24): 1.3795449626933062e-24
(37,25): 4.727986066445229e-26
(37,26): 1.3395308807444888e-24
(37,27): 2.114543628597185e-25
(37,28): 1.3965095150676973e-24
(37,34): 7.94427255679671e-25
(37,35): 1.2282570210747943e-24
(37,36): 1.3965095150676973e-24
(37,50): 8.739333415694693e-25
(37,58): 1.3587892434160362e-24
(38,3): 3.015519320153971e-36
(38,10): 3.4446157318221893e-23
(38,15): 3.134779251699602e-23
(38,16): 3.134779251699602e-23
(38,29): 5.432402863028792e-25
(38,30): 4.456124260685856e-27
(38,39): 3.134779251699602e-23
(38,47): 1.5078981539991014e-23
(38,51): 5.502060267035939e-25
(39,0): 0.0
(39,4): 3.5111452021773333e-32
(39,10): 7.78931670779176e-23
(39,16): 7.088683899476838e-23
(39,29): 1.2284256400932853e-24
(39,30): 1.0076644195332857e-26
(39,38): 3.184521349394856e-23
(39,57): 6.741220962985743e-23
(40,2): 4.645421026024761e-28
(40,5): 8.6121333859209e-29
(40,6): 1.0702868717397235e-33
(40,7): 1.801032785640616e-29
(40,9): 3.9808362801953915e-24
(40,12): 1.237508584556e-23
(40,13): 1.2032375086048047e-24
(40,22): 4.674780258008853e-24
(40,31): 2.6259688587696615e-23
(40,32): 5.3366483625551236e-24
(40,56): 1.0298673780968936e-23
(40,57): 2.4972625733226894e-23
(41,0): 0.0
(41,1): 0.0
(41,3): 3.475884406997636e-39
(42,2): 7.340718397642886e-34
(42,4): 2.529410766224828e-37
(42,5): 1.651638783910543e-34
(42,6): 2.550892055111603e-38
(42,44): 2.430602328193565e-35
(42,50): 2.5968038673167784e-29
(42,58): 4.037503887232603e-29
(43,0): 0.0
(43,1): 3.139840423566366e-39
(43,3): 4.9139137066693355e-39
(43,47): 4.875607691495437e-28
(43,51): 1.77903204529153e-29
(44,1): 0.0
(44,2): 8.235653930170068e-34
(44,5): 1.8530246138466616e-34
(44,6): 4.3384186442511693e-38
(44,7): 4.0109643692935256e-35
(44,42): 2.6999314446212863e-35
(44,50): 2.913390037134475e-29
(44,61): 4.380496061220618e-29
(46,9): 1.5014236570055905e-23
(46,58): 9.636665495839808e-23
(47,15): 3.3604338602711585e-23
(47,38): 1.5096478474868816e-23
(47,43): 3.971772620454396e-28
(48,14): 2.0443404314512385e-25
(48,16): 1.880048019202545e-24
(48,24): 1.857202212956892e-24
(48,30): 2.6724995947006914e-28
(48,66): 7.227464111246806e-26
(48,69): 1.7426179971060506e-24
(49,10): 8.564654012742387e-23
(49,52): 7.794280851696135e-23
(49,64): 2.194914256735299e-25
(50,22): 7.899552130687344e-24
(50,31): 4.4374066473736954e-23
(50,34): 2.524291156746096e-23
(50,37): 8.68864121392519e-25
(50,42): 2.573451966741083e-29
(50,44): 2.5991823907980967e-29
(51,15): 1.1467584204498274e-24
(51,17): 3.5769671315058195e-26
(51,38): 5.151719743456301e-25
(51,43): 1.3553692863173177e-29
(52,15): 7.088683899476838e-23
(52,49): 7.78931670779176e-23
(52,64): 1.9962063576859483e-25
(53,18): 5.113213056368225e-23
(54,19): 6.70792409080945e-23
(54,56): 2.780079936352733e-23
(55,19): 1.0601008667199415e-24
(55,21): 3.688262216464245e-25
(55,33): 1.5239246167124605e-27
(55,57): 1.0653710492124967e-24
(56,20): 2.5398130994615866e-23
(56,32): 5.546464458529924e-24
(56,40): 1.0167398648870202e-23
(56,54): 2.7292220737931345e-23
(56,57): 2.5954547723226265e-23
(56,60): 2.488608769192415e-23
(57,13): 3.085482899858843e-24
(57,14): 7.322269242272944e-24
(57,20): 6.266488887844808e-23
(57,22): 1.198762024588169e-23
(57,27): 1.0196101352906668e-23
(57,29): 1.166929791011555e-24
(57,39): 6.733818923339873e-23
(57,40): 2.5086056042788624e-23
(57,55): 1.133856698952551e-24
(57,56): 2.640896946995702e-23
(58,11): 2.111876489876633e-24
(58,12): 3.338992305322889e-23
(58,14): 7.704499172123302e-24
(58,21): 2.3326650099543338e-23
(58,22): 1.261338889211369e-23
(58,23): 5.117135903877708e-23
(58,26): 6.796244326669271e-23
(58,27): 1.0728390770730883e-23
(58,31): 7.085331556174011e-23
(58,37): 1.3873343724866848e-24
(58,42): 4.109102740327629e-29
(58,46): 9.542396617665897e-23
(59,13): 6.217859340405709e-25
(59,18): 9.788302863396287e-24
(59,21): 4.4675859412525546e-24
(59,22): 2.4157520214550085e-24
(59,27): 2.0547241089390496e-24
(59,60): 1.2373622508580815e-23
(60,22): 1.162465272161502e-23
(60,56): 2.560934376882336e-23
(60,59): 1.3272985471683376e-23
(61,22): 1.1953965861943152e-23
(61,23): 4.849632855372901e-23
(61,31): 6.714914029518433e-23
(61,35): 5.90589551935849e-23
(61,44): 3.933217188156465e-29
(62,11): 4.215480758582129e-28
(62,24): 1.3971262810360636e-26
(62,25): 4.788222953611241e-28
(62,26): 1.3565919268313255e-26
(62,30): 2.0104306849345142e-30
(62,33): 1.9238710049060644e-29
(62,63): 1.414301724280109e-26
(63,16): 7.088683899476838e-23
(63,27): 1.0733466301795075e-23
(63,36): 7.088683899476838e-23
(63,62): 1.6472662162874734e-26
(64,23): 1.312659615907106e-25
(64,24): 1.7954596229751505e-25
(64,30): 2.583642543559322e-29
(64,33): 2.472412325365871e-28
(64,49): 1.9971814637205114e-25
(64,52): 1.817538853636155e-25
(64,66): 6.987160593556162e-27
(65,11): 1.6376807859170603e-25
(65,15): 5.494428432208378e-24
(65,21): 1.8089073594783564e-24
(65,30): 7.810393185308664e-28
(66,16): 2.652881242981729e-24
(66,25): 8.981524067396925e-26
(66,48): 7.539062936213941e-26
(66,64): 7.470693809857754e-27
(67,19): 3.408174775622048e-23
(67,27): 5.4534593355261775e-24
(67,29): 6.241385144751663e-25
(68,12): 2.9936216251676665e-25
(68,17): 1.981441716509089e-26
(68,23): 4.587823232957823e-25
(68,25): 2.1506622414403114e-26
(68,28): 6.352430629189296e-25
(69,26): 6.292719459576492e-23
(69,48): 1.86436447833062e-24
(70,24): 7.002571211974189e-23
(70,28): 7.088683899476838e-23
