Interaction name: 5ega

Affinity: 5.059999942779541
Predicted value: 5.977989196777344

Attributions for edges: 

(0,1): 0.5659842491149902
(0,9): 0.45483770966529846
(0,14): 0.525099515914917
(0,15): 0.574000358581543
(0,16): 0.38142114877700806
(0,24): 0.48255595564842224
(0,25): 0.40482044219970703
(0,26): 0.400869756937027
(1,0): 0.37061360478401184
(1,2): 0.4561210870742798
(1,8): 0.48371779918670654
(1,10): 0.5652779340744019
(1,14): 0.41140422224998474
(1,15): 0.5074069499969482
(1,16): 0.4634138345718384
(1,20): 0.5012437105178833
(1,24): 0.5568609833717346
(1,26): 0.4684338867664337
(1,28): 0.4505394399166107
(2,1): 0.45677894353866577
(2,9): 0.4703548848628998
(2,15): 0.5567207336425781
(2,16): 0.38331905007362366
(2,20): 0.44020602107048035
(2,24): 0.41620728373527527
(2,25): 0.36084118485450745
(2,26): 0.4878639578819275
(2,28): 0.5467326641082764
(2,29): 0.32870155572891235
(3,4): 0.534949541091919
(3,11): 0.5326405167579651
(3,14): 0.49732697010040283
(3,20): 0.4450262486934662
(3,25): 0.4382321238517761
(4,3): 0.42611294984817505
(4,11): 0.4026987850666046
(4,18): 0.5840278267860413
(4,21): 0.5810555815696716
(4,23): 0.4483664333820343
(4,25): 0.43709078431129456
(5,6): 0.41177627444267273
(5,7): 0.37855762243270874
(5,13): 0.4145241677761078
(5,17): 0.3217160999774933
(5,19): 0.6253487467765808
(5,21): 0.42614734172821045
(5,22): 0.5960047841072083
(5,23): 0.5398896932601929
(5,27): 0.4432181417942047
(5,30): 0.4699055850505829
(6,5): 0.47850608825683594
(6,12): 0.4685373306274414
(6,17): 0.49822238087654114
(6,18): 0.5430366396903992
(6,19): 0.5823803544044495
(6,21): 0.5172595977783203
(6,22): 0.4571992754936218
(6,27): 0.4072781205177307
(6,28): 0.4498331844806671
(7,5): 0.4502323865890503
(7,12): 0.4332795739173889
(7,17): 0.5007330775260925
(7,18): 0.5843989849090576
(7,19): 0.5588673949241638
(7,22): 0.4045259356498718
(7,23): 0.42011725902557373
(7,27): 0.5425385236740112
(7,28): 0.47342541813850403
(7,30): 0.36910247802734375
(8,1): 0.40024784207344055
(8,9): 0.46325671672821045
(8,14): 0.5089495182037354
(8,15): 0.48636266589164734
(8,16): 0.43478140234947205
(8,24): 0.4218405783176422
(8,25): 0.46121692657470703
(8,26): 0.5530956983566284
(9,0): 0.4573785066604614
(9,2): 0.4891042709350586
(9,8): 0.41523659229278564
(9,10): 0.5029494166374207
(9,14): 0.4944685101509094
(9,15): 0.40010347962379456
(9,16): 0.5064758062362671
(9,20): 0.48750948905944824
(9,24): 0.4831353724002838
(9,26): 0.38275840878486633
(10,1): 0.5637849569320679
(10,9): 0.412933886051178
(10,15): 0.5543420314788818
(10,16): 0.39971157908439636
(10,20): 0.45725658535957336
(10,24): 0.4558229446411133
(10,25): 0.39425110816955566
(10,26): 0.4981428384780884
(11,3): 0.4441062808036804
(11,4): 0.4682394862174988
(11,14): 0.3656165301799774
(11,18): 0.5171656012535095
(11,20): 0.4300941526889801
(11,25): 0.38837817311286926
(12,6): 0.535406231880188
(12,7): 0.5028322339057922
(12,13): 0.4192919433116913
(12,17): 0.513464093208313
(12,19): 0.5715154409408569
(12,21): 0.5379902720451355
(12,22): 0.5101509690284729
(12,23): 0.3705149292945862
(12,27): 0.44616231322288513
(13,5): 0.39395129680633545
(13,12): 0.4338149130344391
(13,17): 0.3612033724784851
(13,18): 0.37929046154022217
(13,19): 0.4650801122188568
(13,22): 0.4855327606201172
(13,23): 0.40907302498817444
(13,27): 0.4670872092247009
(14,0): 0.5463029742240906
(14,1): 0.4725460410118103
(14,3): 0.664600670337677
(14,8): 0.47770702838897705
(14,9): 0.4890245497226715
(14,11): 0.3946998417377472
(14,15): 0.41849616169929504
(14,16): 0.4891062080860138
(14,20): 0.5253111124038696
(14,24): 0.4848082363605499
(14,25): 0.44176310300827026
(14,26): 0.499466210603714
(15,0): 0.5239098072052002
(15,1): 0.4041583836078644
(15,2): 0.6028047800064087
(15,8): 0.47702446579933167
(15,9): 0.6904606223106384
(15,10): 0.36001986265182495
(15,14): 0.49133190512657166
(15,16): 0.5379365086555481
(15,20): 0.4272107481956482
(15,24): 0.514607846736908
(15,25): 0.483735054731369
(15,26): 0.5486007332801819
(16,0): 0.555915355682373
(16,1): 0.5408528447151184
(16,2): 0.522611677646637
(16,8): 0.48597878217697144
(16,9): 0.4365810453891754
(16,10): 0.44750383496284485
(16,14): 0.3895998001098633
(16,15): 0.5374893546104431
(16,20): 0.46798819303512573
(16,24): 0.5954967737197876
(16,25): 0.44544360041618347
(16,26): 0.4515795111656189
(17,5): 0.46048492193222046
(17,6): 0.39121684432029724
(17,7): 0.37615397572517395
(17,12): 0.4735080599784851
(17,13): 0.43952035903930664
(17,18): 0.4563799202442169
(17,19): 0.41232654452323914
(17,21): 0.42265138030052185
(17,22): 0.4380103647708893
(17,23): 0.47262057662010193
(17,27): 0.4355719983577728
(18,4): 0.5132989883422852
(18,6): 0.44061243534088135
(18,7): 0.5592659115791321
(18,11): 0.5423757433891296
(18,13): 0.47815626859664917
(18,17): 0.4736591577529907
(18,19): 0.46908989548683167
(18,21): 0.4730042815208435
(18,22): 0.41228821873664856
(18,23): 0.4044477045536041
(18,27): 0.52137690782547
(19,5): 0.39562374353408813
(19,6): 0.5585854053497314
(19,7): 0.4704161286354065
(19,12): 0.5104438066482544
(19,13): 0.49000102281570435
(19,17): 0.3693681061267853
(19,18): 0.5293297171592712
(19,21): 0.5172030329704285
(19,22): 0.42718008160591125
(19,23): 0.5131233334541321
(19,31): 0.5043889880180359
(20,1): 0.46192073822021484
(20,2): 0.5389887690544128
(20,3): 0.3236750066280365
(20,9): 0.4892410933971405
(20,10): 0.48799824714660645
(20,11): 0.3955593705177307
(20,14): 0.4165727198123932
(20,15): 0.5324549674987793
(20,16): 0.5023070573806763
(20,24): 0.482341468334198
(20,25): 0.596831202507019
(20,26): 0.49720245599746704
(21,4): 0.5615631341934204
(21,5): 0.5646089315414429
(21,6): 0.5677289962768555
(21,12): 0.41791462898254395
(21,17): 0.41145411133766174
(21,18): 0.6026180982589722
(21,19): 0.37584152817726135
(21,22): 0.5568511486053467
(21,23): 0.47287410497665405
(21,27): 0.4591490924358368
(22,5): 0.6062336564064026
(22,6): 0.530544102191925
(22,7): 0.526447594165802
(22,12): 0.45022478699684143
(22,13): 0.42843297123908997
(22,17): 0.47238120436668396
(22,18): 0.49864640831947327
(22,19): 0.47707250714302063
(22,21): 0.4521522521972656
(22,23): 0.37765365839004517
(22,27): 0.4639105498790741
(23,4): 0.5266065001487732
(23,5): 0.46912309527397156
(23,7): 0.41738638281822205
(23,12): 0.4466216266155243
(23,13): 0.46030038595199585
(23,17): 0.45146018266677856
(23,18): 0.3763576149940491
(23,19): 0.5446200966835022
(23,21): 0.5118266344070435
(23,22): 0.42947372794151306
(23,27): 0.5146192908287048
(24,0): 0.4860352575778961
(24,1): 0.4018610715866089
(24,2): 0.43160542845726013
(24,8): 0.4474197328090668
(24,9): 0.4327008128166199
(24,10): 0.5318867564201355
(24,14): 0.4588235318660736
(24,15): 0.5573469400405884
(24,16): 0.42070889472961426
(24,20): 0.4970872700214386
(24,25): 0.5022807121276855
(25,0): 0.40734800696372986
(25,2): 0.3929544687271118
(25,3): 0.5621688961982727
(25,4): 0.4794958829879761
(25,8): 0.588829517364502
(25,10): 0.4997269809246063
(25,11): 0.4846993386745453
(25,14): 0.39917871356010437
(25,15): 0.46879926323890686
(25,16): 0.5565736889839172
(25,20): 0.45490261912345886
(25,24): 0.5362058877944946
(25,26): 0.4252731502056122
(26,0): 0.4805176556110382
(26,1): 0.5938602685928345
(26,2): 0.5819411277770996
(26,8): 0.4856662452220917
(26,9): 0.4376140534877777
(26,10): 0.5082557797431946
(26,14): 0.5049124360084534
(26,15): 0.5254525542259216
(26,16): 0.36910882592201233
(26,20): 0.46167945861816406
(26,25): 0.43603214621543884
(27,5): 0.4543411433696747
(27,6): 0.5257927775382996
(27,7): 0.31051358580589294
(27,12): 0.49577370285987854
(27,13): 0.5536601543426514
(27,17): 0.4099113643169403
(27,18): 0.6038410663604736
(27,21): 0.3994302749633789
(27,22): 0.4062425196170807
(27,23): 0.542355477809906
(28,1): 0.4258194863796234
(28,2): 0.4973829388618469
(28,6): 0.4070405066013336
(28,7): 0.34876197576522827
(28,29): 0.46146202087402344
(29,2): 0.481156587600708
(29,28): 0.39843037724494934
(30,5): 0.4502353072166443
(30,7): 0.3973303437232971
(30,31): 0.43967723846435547
(31,19): 0.3417728841304779
(31,30): 0.46878108382225037
