Interaction name: 5j1x

Affinity: 5.519999980926514
Predicted value: 6.324826240539551

Shapley values for edges: 

(0,1): 0.00032376766204833985
(0,2): 0.004085960388183593
(0,3): -0.006725068092346191
(0,4): -0.010873031616210938
(0,8): -0.0011285018920898437
(0,11): -0.004827737808227539
(0,12): -0.004589972496032715
(0,16): -0.01254570960998535
(0,17): -0.0007942819595336914
(0,18): -0.0012056159973144532
(0,19): -0.002430224418640137
(1,0): 0.008741922378540039
(1,3): -0.004483237266540528
(1,4): -0.002140946388244629
(1,10): -0.0024482011795043945
(1,11): -0.004898519515991211
(1,12): -0.0036943244934082033
(1,16): -0.009223775863647461
(1,18): 0.0013108491897583009
(2,0): 0.009176559448242187
(2,3): 0.004792795181274414
(2,4): 0.006395158767700196
(2,13): -0.007246875762939453
(2,17): 0.008939285278320313
(2,18): 0.016045885086059572
(3,0): -0.0041921758651733395
(3,1): 0.003391280174255371
(3,2): 0.010877628326416016
(3,4): -0.01994403839111328
(3,8): -0.010754837989807128
(3,13): 0.0010209989547729492
(3,18): -0.001983942985534668
(3,19): -0.0032757568359375
(4,0): 0.0020602607727050783
(4,1): -0.0039173316955566405
(4,2): -0.0031120872497558596
(4,3): 0.0030703353881835938
(4,8): 0.005019516944885254
(4,13): -0.007961921691894532
(4,14): -0.013635897636413574
(4,16): -0.016126599311828613
(5,6): -0.00860705852508545
(5,7): -0.008594827651977539
(5,9): 0.008866701126098633
(5,13): -0.005130729675292969
(5,14): -0.006346778869628906
(5,15): -0.009697713851928712
(6,5): -0.0056402492523193355
(6,7): -0.015476417541503907
(6,9): -0.0041463088989257815
(6,15): -0.0068235635757446286
(6,20): -0.008062782287597657
(6,21): -0.01420027732849121
(6,22): -0.006940550804138183
(7,5): -0.004022464752197265
(7,6): -0.0021148443222045897
(7,9): -0.005925035476684571
(7,15): -0.006495866775512695
(7,20): -0.01762369155883789
(7,22): -0.018002843856811522
(8,0): -0.06948163509368896
(8,3): -0.19313568592071534
(8,4): -0.06448161125183105
(8,13): -0.01438291072845459
(9,5): -0.011696944236755371
(9,6): -0.031060914993286132
(9,7): -0.03123227596282959
(9,14): -0.013503708839416505
(9,15): 0.006125493049621582
(9,20): -0.0439841365814209
(9,22): -0.02679731845855713
(10,1): -0.001038036346435547
(10,11): 0.009302096366882324
(10,12): 0.00726621150970459
(10,16): 0.0055721235275268555
(11,0): 0.003949418067932129
(11,1): -0.0017731142044067382
(11,10): 0.0035915231704711915
(11,12): 0.0031555747985839845
(11,16): 0.012777957916259765
(12,0): 0.01226344108581543
(12,1): -0.0020580291748046875
(12,10): 0.00537477970123291
(12,11): 0.00956472396850586
(12,16): 0.009688582420349121
(12,25): 0.01154665470123291
(12,26): 0.007084274291992187
(13,2): -0.04878612518310547
(13,3): -0.011631231307983398
(13,4): -0.017858572006225586
(13,5): -0.036776366233825686
(13,8): -0.008590574264526368
(13,14): 0.007876968383789063
(13,15): 0.004920363426208496
(13,25): 0.0026532506942749026
(13,29): 0.003732466697692871
(14,4): 0.0011095809936523438
(14,5): -0.01402268886566162
(14,9): 0.010867376327514649
(14,13): 0.00784529685974121
(14,15): 0.0035457849502563477
(14,26): -0.0010736751556396484
(14,28): 0.030384526252746583
(14,29): 0.003134942054748535
(14,30): 0.004383587837219238
(15,5): -0.014048380851745606
(15,6): -0.0338749361038208
(15,7): -0.02313730716705322
(15,9): 0.0023053693771362305
(15,13): 0.006151223182678222
(15,14): -0.0008180713653564453
(15,27): 0.002447538375854492
(16,0): -0.0007876300811767578
(16,1): -0.010767731666564941
(16,4): -0.014572229385375977
(16,10): 0.0060335111618041995
(16,11): 0.0015179204940795898
(16,12): 0.00362363338470459
(17,0): 0.0071346330642700195
(17,2): 0.011908249855041504
(17,19): 0.006349940299987793
(17,26): 0.008633308410644532
(18,0): 0.002778482437133789
(18,1): 0.0018036603927612306
(18,2): 0.005551695823669434
(18,3): -0.0002001667022705078
(18,27): -0.006318883895874023
(19,0): 0.004548096656799316
(19,3): 0.007004165649414062
(19,17): 0.004278702735900879
(19,25): -0.0005411243438720703
(20,6): -0.011477494239807129
(20,7): -0.005136752128601074
(20,9): -0.0016800689697265626
(20,22): -0.0005042076110839844
(20,24): 0.006429204940795899
(21,6): 0.0052381610870361325
(21,28): -0.010465059280395508
(22,6): -0.00507321834564209
(22,7): -0.011509904861450196
(22,9): 0.004404873847961426
(22,20): -0.013391618728637695
(22,23): 0.0022127485275268556
(23,22): -0.03051020622253418
(23,24): 0.0012584352493286133
(24,20): -0.039348902702331545
(24,23): -0.0016483449935913086
(25,12): 0.00444800853729248
(25,13): 0.008923540115356446
(25,19): -0.03373073577880859
(26,12): 0.003009190559387207
(26,14): 0.011236276626586914
(26,17): -0.01681790828704834
(27,15): 0.007214245796203614
(27,18): -0.04309006690979004
(28,14): -0.004156460762023926
(28,21): -0.06715979576110839
(29,13): 0.01253023624420166
(29,14): 0.006929154396057129
(30,14): 0.005592122077941895
