Interaction name: 5jo0

Affinity: 7.300000190734863
Predicted value: 6.619319915771484

Shapley values for edges: 

(0,1): 0.005183477401733399
(0,2): 0.0034678840637207033
(0,7): 0.007710313796997071
(0,8): -0.004364290237426758
(0,9): -0.003697547912597656
(0,10): -0.010962605476379395
(0,20): 0.017494325637817384
(0,23): -0.07913147449493409
(0,24): -0.06398240089416504
(0,25): -0.036883482933044436
(0,26): 0.01206066608428955
(0,27): -0.04204328536987305
(1,0): 0.01487736701965332
(1,2): -0.003218836784362793
(1,6): 0.017230162620544432
(1,8): -0.002490835189819336
(1,9): -0.01338449001312256
(1,20): 0.0006786537170410156
(1,23): 0.007720131874084473
(1,24): -0.05471390724182129
(1,25): -0.07326215267181396
(1,26): -0.007020926475524903
(1,27): 0.019332818984985352
(1,29): 0.0348516321182251
(2,0): 0.019953789710998534
(2,1): 0.009582133293151855
(2,6): 0.026779279708862305
(2,7): 0.002701272964477539
(2,9): -0.007729606628417969
(2,20): 0.00861711025238037
(2,24): -0.026114001274108886
(2,25): -0.0061807060241699215
(2,26): -0.024284844398498536
(2,27): -0.03563163757324219
(2,29): 0.01774521350860596
(3,4): -0.012169241905212402
(3,19): 0.010220937728881836
(3,23): 0.04799551010131836
(3,25): 0.017057209014892577
(3,28): -0.010381259918212891
(3,29): -0.005191750526428222
(3,30): -0.0256422758102417
(4,3): -0.02325693130493164
(4,5): 0.010971131324768067
(4,19): -0.032255029678344725
(4,20): 0.02128232479095459
(4,23): 0.05475744724273682
(4,24): 0.003843226432800293
(4,25): -0.06720833778381348
(4,27): 0.03074819564819336
(4,28): 0.05774490833282471
(4,29): 0.02548809051513672
(5,4): 0.02267094612121582
(5,19): 0.03211690425872803
(6,1): 0.02936239242553711
(6,2): 0.02609196662902832
(6,7): -0.007314658164978028
(6,8): -0.007330808639526367
(6,9): 0.005395717620849609
(6,10): -0.015329818725585937
(6,20): -0.02480796813964844
(7,0): 0.049405450820922854
(7,2): 0.01786043167114258
(7,6): -0.023135318756103515
(7,8): -0.01395573616027832
(7,9): 0.005653614997863769
(7,20): -0.04784335136413574
(8,0): 0.05369067192077637
(8,1): 0.004927735328674316
(8,6): -0.015141167640686036
(8,7): -0.01652751922607422
(8,9): -0.002679638862609863
(8,20): -0.025375308990478514
(9,0): -3.5152435302734374e-05
(9,1): 0.00013181686401367187
(9,2): -0.01849987030029297
(9,6): 0.00018879413604736328
(9,7): 0.0025164413452148436
(9,8): 0.001964397430419922
(9,10): -0.0006693935394287109
(9,18): 0.012089362144470215
(9,19): 0.00551760196685791
(9,20): 0.02127568244934082
(9,32): 0.013563218116760254
(9,34): -0.0094840669631958
(9,38): -0.0028977441787719728
(10,0): -0.02641355514526367
(10,6): 0.030014944076538087
(10,9): 0.023068370819091796
(10,11): -0.01727010726928711
(10,12): 0.013447442054748536
(10,18): -0.010987615585327149
(10,19): 0.0007917642593383789
(10,20): 0.032359161376953126
(10,21): 0.002413840293884277
(10,34): 0.004948582649230957
(11,10): -0.0030740976333618166
(11,12): 0.005789666175842285
(11,13): 0.021998324394226075
(11,15): 0.010956215858459472
(11,16): 0.010553522109985352
(11,18): 0.0007049894332885742
(11,20): -0.01158015251159668
(11,21): -0.01545598030090332
(11,22): -0.025848875045776366
(11,33): 0.01169783115386963
(11,37): 0.01614835262298584
(11,39): -0.002563514709472656
(12,10): 0.0038892412185668945
(12,11): -0.01847747802734375
(12,13): -0.03726788520812988
(12,14): -0.0016293954849243165
(12,15): 0.0036565494537353516
(12,16): -0.0015670204162597657
(12,18): 0.009525537490844727
(12,21): -0.022812113761901856
(12,22): -0.023451218605041502
(13,11): 0.007150015830993652
(13,12): -0.02911627769470215
(13,14): -0.029797916412353517
(13,15): 0.002774209976196289
(13,16): 0.005138502120971679
(13,17): 0.020346975326538085
(13,21): 0.003349552154541016
(13,22): -0.014786887168884277
(13,40): 0.028879175186157225
(14,12): -0.0021642208099365234
(14,13): -0.037663426399230954
(14,15): -0.01690443992614746
(14,16): 0.002968416213989258
(14,17): -0.002447175979614258
(14,21): 0.0013935518264770507
(14,22): 0.00237553596496582
(14,38): 0.005202240943908691
(14,42): 0.024985203742980956
(15,11): 0.003866539001464844
(15,12): -0.006146683692932129
(15,13): -0.011264896392822266
(15,14): -0.021640748977661134
(15,16): -0.00912802219390869
(15,17): -0.01998974323272705
(15,21): 0.004542322158813477
(15,38): 0.006752581596374512
(16,11): -0.004464969635009765
(16,12): -0.0034366321563720705
(16,13): 0.003292856216430664
(16,14): -0.006556711196899414
(16,15): -0.010205492973327637
(16,17): 0.0029656124114990235
(16,18): -0.001995754241943359
(16,21): -0.022826008796691895
(16,22): 0.011476178169250489
(16,35): 0.004069895744323731
(16,38): -0.0013654232025146484
(17,13): 0.021334104537963867
(17,14): 0.0019268131256103516
(17,15): -0.011236844062805175
(17,16): 0.0050291776657104496
(17,21): 0.003075509071350098
(17,22): 0.0035134029388427736
(17,41): 0.0033919239044189454
(18,9): 0.014309659004211425
(18,10): 0.0058091068267822265
(18,11): -0.01489063262939453
(18,12): 0.016781396865844726
(18,16): 0.018628339767456054
(18,19): 0.027368955612182617
(18,20): 0.017879157066345214
(18,21): 0.004407377243041992
(18,32): 0.020221381187438964
(18,33): -0.004209513664245605
(18,39): 0.006662688255310059
(18,42): 0.03794447898864746
(19,3): 0.005532002449035645
(19,4): 0.010400924682617187
(19,5): -0.01986424922943115
(19,9): 0.032901792526245116
(19,10): 0.007550187110900879
(19,18): 0.031947541236877444
(19,20): 0.02395890712738037
(19,35): 0.006553206443786621
(19,36): -0.013303651809692382
(19,40): 0.06577426433563233
(20,0): -0.028712396621704103
(20,1): -0.055490970611572266
(20,2): -0.05574583053588867
(20,4): -0.044364614486694334
(20,6): 0.023851943016052247
(20,7): 0.009411816596984863
(20,8): 0.01231285572052002
(20,9): 0.02395632266998291
(20,10): -0.011400775909423828
(20,11): -0.01407273769378662
(20,18): -0.01597599983215332
(20,19): 0.0073380422592163085
(21,10): 0.02309040546417236
(21,11): -0.03037675380706787
(21,12): -0.031535911560058597
(21,13): -0.004242691993713379
(21,14): -0.0027762889862060548
(21,15): -0.004589486122131348
(21,16): -0.012909793853759765
(21,17): 0.010871834754943847
(21,18): -0.007508597373962402
(21,22): -0.01146674633026123
(21,42): 0.00573418140411377
(22,11): -0.004961552619934082
(22,12): -0.013646249771118163
(22,13): -0.028613595962524413
(22,14): -0.03344924449920654
(22,16): -0.01309227466583252
(22,17): -0.030977187156677247
(22,21): -0.03232809066772461
(23,0): -0.017751612663269044
(23,1): -0.0229459810256958
(23,3): 0.07442925453186035
(23,4): 0.024534430503845215
(23,27): -0.0494315767288208
(23,32): 0.011283459663391114
(24,0): -0.01392794132232666
(24,1): -0.012922267913818359
(24,2): 0.00435488224029541
(24,4): -0.0035832405090332033
(25,0): 0.02201080322265625
(25,1): 0.022220759391784667
(25,2): 0.0003058290481567383
(25,3): 0.05301069736480713
(25,4): -0.032496161460876465
(26,0): 0.02277207374572754
(26,1): -0.018337535858154296
(26,2): 0.0010075092315673829
(26,27): -0.036647067070007325
(26,34): -0.03793304443359375
(27,0): -0.02003817558288574
(27,1): -0.011281695365905762
(27,2): 0.003759937286376953
(27,4): -0.0027895116806030272
(27,23): -0.06486048698425292
(27,26): -0.007908492088317872
(27,32): 0.0259706974029541
(28,3): -0.0594160270690918
(28,4): 0.0031003665924072264
(28,29): -0.016231813430786134
(28,40): 0.02195303440093994
(29,1): -0.007261543273925781
(29,2): 0.00505490779876709
(29,3): -0.022362642288208008
(29,4): 0.011840343475341797
(29,28): -0.003202362060546875
(29,30): 0.0003029394149780273
(29,40): 0.04440674781799316
(30,3): -0.008574957847595216
(30,29): -0.04488890171051026
(32,9): 0.014363102912902832
(32,18): 0.02104423999786377
(32,23): -0.1254245376586914
(32,27): -0.0757655668258667
(32,37): -0.002299928665161133
(33,11): 0.02060620307922363
(33,18): 0.0025180721282958983
(33,35): -0.0186337947845459
(34,9): 0.02460545539855957
(34,10): 0.004634056091308594
(34,26): -0.0723608112335205
(35,16): 0.009454822540283203
(35,19): -0.0074183416366577146
(35,33): -0.0026487970352172853
(36,19): 0.006312661170959473
(37,11): 0.013798046112060546
(37,32): -0.013292169570922852
(38,9): 0.027042417526245116
(38,14): -0.00235987663269043
(38,15): -0.014001336097717285
(38,16): 0.02039422035217285
(38,41): -0.023031325340270997
(39,11): -0.0035211658477783203
(39,18): -0.016547794342041015
(40,13): 0.009423975944519042
(40,19): 0.029385690689086915
(40,28): -0.04842859745025635
(40,29): -0.09260989665985107
(41,17): 0.010312089920043946
(41,38): -0.03332288265228271
(42,14): 0.006543154716491699
(42,18): 0.0013944578170776367
(42,21): -0.00030002593994140627
