Interaction name: 5k8o

Affinity: 5.960000038146973
Predicted value: 5.497204780578613

Attributions for edges: 

(0,1): 0.5270688533782959
(0,5): 0.44421327114105225
(0,6): 0.45169809460639954
(0,8): 0.45509806275367737
(0,9): 0.4484955072402954
(0,10): 0.5773128867149353
(0,13): 0.4957157373428345
(0,14): 0.5288766026496887
(0,15): 0.5075868964195251
(0,16): 0.459578275680542
(0,17): 0.6444256901741028
(0,18): 0.5756857395172119
(0,19): 0.4576711058616638
(1,0): 0.631869375705719
(1,5): 0.5290346741676331
(1,6): 0.5252279043197632
(1,7): 0.4074528217315674
(1,9): 0.4867153465747833
(1,10): 0.4488040804862976
(1,13): 0.5425090193748474
(1,14): 0.4339112341403961
(1,15): 0.6371955275535583
(1,16): 0.4172961115837097
(1,17): 0.5698761940002441
(1,19): 0.44794270396232605
(2,3): 0.3191284239292145
(2,4): 0.4049174189567566
(2,9): 0.5574381947517395
(2,10): 0.5221906304359436
(2,11): 0.5624166131019592
(2,12): 0.6011731624603271
(2,15): 0.36612239480018616
(2,16): 0.5180794596672058
(2,18): 0.49185243248939514
(3,2): 0.5872414708137512
(3,4): 0.5630130171775818
(3,10): 0.41289135813713074
(3,11): 0.4875335693359375
(3,15): 0.48193439841270447
(3,16): 0.5444271564483643
(3,18): 0.42869868874549866
(4,2): 0.38130542635917664
(4,3): 0.4819518029689789
(4,10): 0.5000879764556885
(4,11): 0.30175918340682983
(4,15): 0.558491587638855
(4,16): 0.5873752236366272
(5,0): 0.5796040296554565
(5,1): 0.4398619830608368
(5,7): 0.48115673661231995
(5,8): 0.460375040769577
(5,9): 0.4917150139808655
(5,10): 0.47154149413108826
(5,11): 0.5757911801338196
(5,12): 0.43100839853286743
(5,13): 0.47375938296318054
(5,14): 0.486154705286026
(5,15): 0.5334283709526062
(5,16): 0.587242603302002
(6,0): 0.5166906714439392
(6,1): 0.3266301155090332
(6,7): 0.5691620707511902
(6,8): 0.5011002421379089
(6,9): 0.43799829483032227
(6,10): 0.386269211769104
(6,11): 0.5450511574745178
(6,12): 0.5312556028366089
(6,13): 0.5025665163993835
(6,14): 0.5255438089370728
(7,1): 0.5010287165641785
(7,5): 0.4587254524230957
(7,6): 0.4216117262840271
(7,8): 0.5240911245346069
(7,9): 0.4077039062976837
(7,10): 0.5373569130897522
(7,13): 0.5374755263328552
(7,14): 0.5479907989501953
(8,0): 0.39893221855163574
(8,5): 0.4843403398990631
(8,6): 0.5371697545051575
(8,7): 0.4084697663784027
(8,9): 0.40989449620246887
(8,10): 0.2974468767642975
(8,13): 0.32858917117118835
(8,14): 0.4760061502456665
(9,0): 0.3323831558227539
(9,1): 0.5554325580596924
(9,2): 0.5766486525535583
(9,5): 0.5350751876831055
(9,6): 0.4855859577655792
(9,7): 0.517160177230835
(9,8): 0.5601302981376648
(9,10): 0.5805438756942749
(9,11): 0.5122817754745483
(9,12): 0.5735930800437927
(9,13): 0.5137743353843689
(9,14): 0.4293864965438843
(9,23): 0.40904539823532104
(10,0): 0.4985061287879944
(10,1): 0.3940993845462799
(10,2): 0.5049787759780884
(10,3): 0.4759994149208069
(10,4): 0.3917623460292816
(10,5): 0.4991622865200043
(10,6): 0.5109653472900391
(10,7): 0.600166380405426
(10,8): 0.43189501762390137
(10,9): 0.43260493874549866
(10,11): 0.5197302103042603
(10,12): 0.5559297800064087
(10,13): 0.5176141262054443
(10,14): 0.5458513498306274
(10,20): 0.678049623966217
(11,2): 0.49128758907318115
(11,3): 0.49673181772232056
(11,4): 0.5508669018745422
(11,5): 0.5437868237495422
(11,6): 0.6379895210266113
(11,9): 0.3973621726036072
(11,10): 0.5298866033554077
(11,12): 0.39955082535743713
(11,13): 0.3494863212108612
(11,14): 0.5218729972839355
(11,21): 0.351991206407547
(12,2): 0.4376521408557892
(12,5): 0.48353394865989685
(12,6): 0.4251886308193207
(12,9): 0.39724934101104736
(12,10): 0.566706120967865
(12,11): 0.45738962292671204
(12,13): 0.4131251573562622
(12,14): 0.47936108708381653
(12,22): 0.49130094051361084
(12,23): 0.49696898460388184
(13,0): 0.581637442111969
(13,1): 0.41225525736808777
(13,5): 0.4370603561401367
(13,6): 0.5244185924530029
(13,7): 0.43898361921310425
(13,8): 0.525395929813385
(13,9): 0.4101029336452484
(13,10): 0.41477128863334656
(13,11): 0.4126623570919037
(13,12): 0.4355649948120117
(14,0): 0.3991575241088867
(14,1): 0.3273153305053711
(14,5): 0.3546164929866791
(14,6): 0.5776622295379639
(14,7): 0.5581780672073364
(14,8): 0.4421553313732147
(14,9): 0.4446183741092682
(14,10): 0.580498218536377
(14,11): 0.5408952832221985
(14,12): 0.4827245771884918
(15,0): 0.5033302903175354
(15,1): 0.3691864311695099
(15,2): 0.462637722492218
(15,3): 0.6134490370750427
(15,4): 0.41582757234573364
(15,5): 0.49083247780799866
(15,16): 0.5293424129486084
(15,19): 0.5119650363922119
(15,23): 0.6130203604698181
(16,0): 0.5278367400169373
(16,1): 0.4861253499984741
(16,2): 0.6746314764022827
(16,3): 0.40163254737854004
(16,4): 0.5284367799758911
(16,5): 0.46165260672569275
(16,15): 0.5033425092697144
(16,19): 0.548335611820221
(17,0): 0.4485752284526825
(17,1): 0.5470350980758667
(18,0): 0.46780702471733093
(18,2): 0.46385458111763
(18,3): 0.41439181566238403
(18,20): 0.5629950165748596
(19,0): 0.5372949838638306
(19,1): 0.47890612483024597
(19,15): 0.5876901149749756
(19,16): 0.43222156167030334
(19,23): 0.45947834849357605
(20,10): 0.6088160276412964
(20,18): 0.5715516209602356
(21,11): 0.3871861696243286
(21,22): 0.49217379093170166
(22,12): 0.40896108746528625
(22,21): 0.4426611363887787
(23,9): 0.5376052260398865
(23,12): 0.5123352408409119
(23,15): 0.43899160623550415
(23,19): 0.5284956097602844
