Interaction name: 5drq

Affinity: 10.920000076293945
Predicted value: 7.719282150268555

Shapley values for edges: 

(0,1): -0.002582283020019531
(0,3): -0.02077392578125
(0,4): -0.211442289352417
(0,5): -0.0023874759674072264
(0,13): -0.003855094909667969
(0,18): -0.016847047805786133
(0,27): 0.04128568649291992
(1,0): 0.002133316993713379
(1,3): -0.06387041091918945
(1,27): 0.28705174922943116
(2,5): -0.01629509449005127
(2,7): -0.1934799337387085
(2,8): -0.03873586177825928
(2,9): 0.00452357292175293
(2,15): 0.018096613883972167
(2,19): 0.010979418754577636
(3,0): 0.032523880004882814
(3,1): 0.14635078430175782
(3,4): 0.029658942222595214
(3,5): -0.02120633602142334
(3,18): 0.020211329460144044
(4,0): -0.00531076431274414
(4,3): -0.005197634696960449
(5,0): -0.021593141555786132
(5,2): 0.09114723682403564
(5,3): 0.07333577156066895
(5,7): -0.2962551307678223
(5,8): -0.20285858154296876
(5,9): -0.01139634609222412
(5,13): 0.01291192054748535
(5,15): -0.06977211952209472
(5,18): -0.03327917575836182
(5,19): -0.005066747665405273
(5,27): -0.010971541404724122
(6,12): 0.01133573055267334
(6,23): 0.006721725463867187
(6,24): 0.034225172996520996
(6,25): 0.0004156208038330078
(6,26): 0.02208980083465576
(7,2): 0.028257031440734864
(7,5): -0.009686946868896484
(7,13): 0.001424884796142578
(7,18): -0.0026596879959106447
(8,2): 0.020887422561645507
(8,5): -0.010995941162109375
(8,13): -0.017781400680541994
(8,18): -1.1115074157714843e-05
(9,2): -0.21044023990631103
(9,5): 0.01243574619293213
(9,10): 0.02488077640533447
(9,14): -0.009746794700622558
(9,15): -0.0360907506942749
(9,19): 0.00037471771240234377
(9,20): -0.0279048490524292
(9,21): 0.010079574584960938
(9,35): 0.16826542854309082
(9,37): -0.1005562162399292
(9,41): -0.02423682689666748
(10,9): -0.00019805431365966798
(10,14): -0.019670577049255372
(10,15): -0.0012880992889404298
(10,16): -0.0032686948776245116
(10,19): 0.008957715034484863
(10,20): 0.00398615837097168
(10,21): 0.007247653007507324
(10,29): 0.022282843589782716
(10,36): -0.012006278038024903
(10,41): -0.03147617816925049
(11,16): -0.016970787048339844
(11,17): 7.20977783203125e-05
(11,20): -0.0009450721740722656
(11,22): 0.013241777420043946
(11,23): -0.0413425350189209
(11,25): -0.009686908721923827
(11,29): -0.03076451301574707
(11,30): 0.05236686229705811
(11,32): -0.03662853240966797
(11,38): -0.026522674560546876
(12,6): -0.010299811363220215
(12,17): 0.018842344284057618
(12,22): 0.002839679718017578
(12,23): -0.010723681449890136
(12,24): -0.012581429481506347
(12,25): 0.0007706403732299805
(12,26): 0.013408751487731933
(13,0): -0.03178679466247559
(13,5): 0.008162593841552735
(13,7): 0.17241356372833253
(13,8): 0.12945902347564697
(13,18): -0.012042555809020996
(13,31): -0.042267656326293944
(13,32): 0.012076253890991212
(13,36): -0.14043622493743896
(13,41): -0.2010498857498169
(14,9): -0.0018997907638549805
(14,10): 0.011456284523010254
(14,15): 0.0030306529998779296
(14,16): -0.10209667205810546
(14,19): -0.012248063087463379
(14,20): -0.001302824020385742
(14,21): -0.008532013893127442
(14,32): -0.001244215965270996
(14,34): -0.0327476692199707
(15,2): 0.021680521965026855
(15,5): -0.022260427474975586
(15,9): 0.0023163938522338867
(15,10): 0.0031479406356811524
(15,14): 0.025319023132324217
(15,19): -0.00710578441619873
(15,20): 0.01361506462097168
(15,21): 0.009998283386230468
(15,33): -0.03082636833190918
(15,40): -0.010583243370056152
(16,10): -0.026515626907348634
(16,11): -0.01428347110748291
(16,14): -0.02840890407562256
(16,17): 0.0008002567291259766
(16,20): -0.0023630142211914064
(16,21): 0.012061634063720704
(16,34): 0.05156525611877441
(16,36): -0.05178299903869629
(17,11): 0.03825269222259522
(17,12): 0.049326786994934084
(17,16): 0.0026470232009887695
(17,20): -0.025607151985168455
(17,22): -0.006883573532104492
(17,23): 0.0020763397216796873
(17,25): 0.0025091552734375
(17,26): -0.0019873905181884764
(17,40): -0.10492456436157227
(18,0): 0.09432590007781982
(18,3): 0.06306421756744385
(18,5): 0.017293062210083008
(18,7): 0.18910737991333007
(18,8): 0.21921451568603514
(18,13): -0.003319978713989258
(18,31): -0.29139713287353514
(18,33): -0.17688210010528566
(18,36): -0.17057126998901367
(18,41): -0.06567846775054932
(19,2): -0.07571900367736817
(19,5): -0.0017417240142822265
(19,9): -0.0211389684677124
(19,10): -0.0017934894561767577
(19,14): 0.01414799690246582
(19,15): -0.008111586570739746
(19,21): 0.01520820140838623
(20,9): -0.06939046382904053
(20,10): 0.04271550178527832
(20,11): -0.0006282758712768554
(20,14): -0.031187520027160645
(20,15): -0.03668018341064453
(20,16): 0.005050239562988282
(20,17): -0.11818907737731933
(20,21): -0.008853154182434082
(20,29): -0.014961619377136231
(20,30): -0.05689325332641602
(20,32): -0.002667865753173828
(20,37): 0.06769237041473389
(21,9): -0.026785731315612793
(21,10): -0.0032796621322631835
(21,14): 0.00017551422119140624
(21,15): -0.005861635208129883
(21,16): -0.09622224807739257
(21,19): 0.005708260536193848
(21,20): -0.03821218013763428
(22,11): 0.003501906394958496
(22,12): -0.015283398628234864
(22,17): -0.006512370109558106
(22,23): -0.009199085235595704
(22,24): 0.010049023628234864
(22,25): 0.0017697668075561522
(22,26): -0.02033827781677246
(22,30): -0.01580075263977051
(22,38): 0.04019343376159668
(23,6): -0.012696046829223633
(23,11): -0.02530677318572998
(23,12): -0.009708352088928222
(23,17): 0.014698667526245117
(23,22): 0.0031878066062927244
(23,24): -0.00014873504638671876
(23,25): 0.009141173362731934
(23,26): 0.03612046718597412
(23,38): -0.050286784172058105
(23,39): 0.021265320777893067
(24,6): -0.0392647123336792
(24,12): -0.057866382598876956
(24,22): 0.019598288536071776
(24,23): -0.012495322227478027
(24,25): -0.0002904462814331055
(24,26): -0.010488576889038086
(25,6): -0.03752765655517578
(25,11): -0.00499692440032959
(25,12): 0.02327122688293457
(25,17): 0.010658674240112305
(25,22): -0.0033537817001342775
(25,23): -0.014391078948974609
(25,24): 0.0019830942153930666
(25,26): -0.0007919645309448242
(25,32): -0.023692283630371094
(25,38): -0.061075692176818845
(25,40): 0.00691610336303711
(26,6): 0.022978711128234863
(26,12): 0.01222285270690918
(26,17): -0.00774632453918457
(26,22): -0.051002578735351564
(26,23): 0.00966747760772705
(26,24): -0.009592185020446778
(26,25): -0.007384438514709473
(26,40): -0.035942788124084475
(27,0): -0.006314625740051269
(27,1): -0.08109549522399902
(27,5): 0.001971373558044434
(27,35): -0.0018234109878540038
(28,35): -0.002393994331359863
(29,10): -0.020190334320068358
(29,11): -0.03192078590393067
(29,20): -0.061295118331909176
(30,11): -0.05343055725097656
(30,20): -0.03388447761535644
(30,22): 0.11770234584808349
(30,41): -0.006690516471862793
(31,13): 0.029192543029785155
(31,18): 0.12677027702331542
(32,11): 0.042156825065612795
(32,13): -0.07962546825408935
(32,14): -0.02827500343322754
(32,20): -0.024176511764526367
(32,25): -0.15735084533691407
(33,15): 0.10956006526947021
(33,18): 0.09808172702789307
(33,36): 0.060159125328063966
(34,14): -0.049000611305236814
(34,16): -0.026995372772216798
(34,37): -0.052561135292053224
(34,38): -0.0065672874450683595
(35,9): 0.013330116271972656
(35,27): -0.028528261184692382
(35,28): 0.03260025024414062
(36,10): -0.0177103328704834
(36,13): -0.01570571422576904
(36,16): 0.020307769775390627
(36,18): -0.015786929130554198
(36,33): -0.04539527416229248
(37,9): -0.0710601568222046
(37,20): -0.008490276336669923
(37,34): -0.01048783302307129
(37,38): -0.022035250663757323
(38,11): -0.023673391342163085
(38,22): 0.03210790157318115
(38,23): -0.040269503593444826
(38,25): -0.01883944034576416
(38,34): -0.010086889266967774
(38,37): -0.03541757583618164
(39,23): 0.0493770170211792
(40,15): -0.06191140651702881
(40,17): -0.011996145248413087
(40,25): -0.05757290840148926
(40,26): 0.013399395942687988
(41,9): -0.11352200508117676
(41,10): 0.03929387092590332
(41,13): 0.044055662155151366
(41,18): -0.04615653991699219
(41,30): -0.13210866928100587
