Interaction name: 5evb

Affinity: 5.0
Predicted value: 6.284754753112793

Shapley values for edges: 

(0,1): 0.005348639488220215
(0,2): -0.005166974067687988
(0,3): -0.0022223949432373046
(0,8): -0.0016132974624633789
(1,0): 0.008410544395446777
(1,2): -0.013454442024230956
(1,3): -0.0027367210388183592
(1,5): -0.005055093765258789
(1,8): -0.0017161273956298828
(2,0): 0.0029219961166381835
(2,1): -0.004888644218444824
(2,4): 0.001905207633972168
(2,5): 0.007070651054382324
(2,7): 0.0025612401962280275
(2,8): -0.0024022912979125978
(2,9): 0.004633889198303222
(3,0): -0.08467965126037598
(3,1): -0.02784510612487793
(3,4): -0.023712096214294435
(3,5): -0.05637824058532715
(3,7): -0.03081049919128418
(3,8): -0.04275361061096192
(3,9): -0.041295437812805175
(4,2): -0.0028589916229248046
(4,3): 0.01275536060333252
(4,5): 0.00501190185546875
(4,7): -0.0004669189453125
(4,8): 0.006344089508056641
(4,9): 0.002317028045654297
(4,12): 0.003925032615661621
(4,15): 0.0017733526229858397
(5,1): -0.00923513412475586
(5,2): -0.0008332490921020508
(5,3): 0.00562626838684082
(5,4): -0.0017914533615112304
(5,6): -0.0021329307556152343
(5,9): 0.007708482742309571
(5,13): 0.0011583900451660157
(6,5): 0.009174551963806152
(6,9): 0.009066615104675293
(6,14): 0.0021344804763793945
(7,2): -0.0012139892578125
(7,3): 0.008004155158996582
(7,4): 0.0026993656158447264
(7,8): 0.010580205917358398
(7,10): 0.0028341150283813475
(7,11): 0.0038469600677490234
(8,0): -0.08638099670410156
(8,1): -0.031748237609863283
(8,2): -0.017411065101623536
(8,3): 0.0018950414657592774
(8,4): 0.0018092870712280273
(8,7): 0.004932341575622559
(8,13): 0.0005728721618652344
(8,14): 0.005462489128112793
(9,2): -0.01357043743133545
(9,3): 0.011456732749938964
(9,4): 0.0023121023178100586
(9,5): -0.0019155263900756836
(9,6): 0.0023484230041503906
(9,13): -0.0016093921661376953
(10,7): 0.005127520561218262
(10,11): 0.002760519981384277
(11,7): 0.015135955810546876
(11,10): 0.007634243965148926
(11,12): 0.005155320167541504
(12,4): 0.011297821998596191
(12,11): 0.006870503425598144
(13,5): 0.010473060607910156
(13,8): 0.0073117494583129885
(13,9): 0.0030532455444335937
(14,6): 0.007919178009033204
(14,8): 0.015630102157592772
(14,15): 0.005282702445983886
(15,4): 0.007179865837097168
(15,14): 0.005490226745605469
