Interaction name: 5fbn

Affinity: 9.569999694824219
Predicted value: 7.959592342376709

Attributions for edges: 

(0,1): 0.48169904947280884
(0,8): 0.45272907614707947
(0,11): 0.45799514651298523
(0,25): 0.46169155836105347
(0,26): 0.445560097694397
(0,27): 0.5092148184776306
(0,29): 0.4869515895843506
(1,0): 0.507018506526947
(1,8): 0.490074098110199
(1,25): 0.46369853615760803
(1,26): 0.5560306906700134
(1,27): 0.5072168111801147
(1,29): 0.4331028461456299
(2,6): 0.545482873916626
(2,30): 0.5062360167503357
(3,10): 0.5041348338127136
(3,11): 0.429833322763443
(3,12): 0.4564296007156372
(3,13): 0.45354241132736206
(3,20): 0.5128722786903381
(4,7): 0.4458893835544586
(4,14): 0.5535780191421509
(4,15): 0.4361715316772461
(4,21): 0.5053430199623108
(4,22): 0.4271650016307831
(4,31): 0.36647501587867737
(5,7): 0.4256611466407776
(5,15): 0.49665674567222595
(5,19): 0.48952242732048035
(5,23): 0.5303589701652527
(5,28): 0.5421227812767029
(5,31): 0.3980594873428345
(6,2): 0.502383291721344
(6,12): 0.452109694480896
(6,20): 0.517130434513092
(6,32): 0.5021682381629944
(7,4): 0.43296006321907043
(7,5): 0.4823809266090393
(7,14): 0.4777040481567383
(7,15): 0.5198243856430054
(7,21): 0.41178637742996216
(7,22): 0.40931475162506104
(7,23): 0.4766302704811096
(7,28): 0.4899795651435852
(7,33): 0.356229692697525
(8,0): 0.5258737802505493
(8,1): 0.5474171042442322
(8,25): 0.5088849067687988
(8,26): 0.4475255012512207
(8,27): 0.4787706732749939
(9,10): 0.46501287817955017
(9,11): 0.4548954665660858
(10,3): 0.46085813641548157
(10,9): 0.5379641652107239
(10,11): 0.4419708847999573
(10,35): 0.47124576568603516
(10,36): 0.4764785170555115
(10,45): 0.5057029724121094
(10,46): 0.547114908695221
(11,0): 0.5027269124984741
(11,3): 0.3743717670440674
(11,9): 0.5376400351524353
(11,10): 0.4925846457481384
(11,47): 0.4497417211532593
(11,49): 0.4161919355392456
(11,52): 0.5213322639465332
(12,3): 0.5116962790489197
(12,6): 0.494136244058609
(12,13): 0.5091808438301086
(12,14): 0.49355408549308777
(12,20): 0.4650026559829712
(12,21): 0.44025471806526184
(12,22): 0.5080910921096802
(12,36): 0.43121337890625
(12,44): 0.5162957310676575
(13,3): 0.5170848965644836
(13,12): 0.5231003165245056
(13,14): 0.425061970949173
(13,20): 0.4818028509616852
(13,21): 0.5171993970870972
(13,22): 0.4307495653629303
(13,35): 0.4325609505176544
(13,45): 0.3542079031467438
(14,4): 0.37678247690200806
(14,7): 0.47623568773269653
(14,12): 0.37714478373527527
(14,13): 0.5280798673629761
(14,20): 0.5400524139404297
(14,21): 0.5152713656425476
(14,22): 0.48166823387145996
(14,35): 0.5035228729248047
(14,37): 0.5323750376701355
(14,39): 0.5458478927612305
(14,48): 0.4997546076774597
(14,51): 0.5400592088699341
(15,4): 0.5011054277420044
(15,5): 0.443573534488678
(15,7): 0.39912745356559753
(15,16): 0.459780752658844
(15,17): 0.4209977388381958
(15,18): 0.4954364001750946
(15,19): 0.47530293464660645
(15,23): 0.4168461263179779
(15,24): 0.4915620684623718
(15,28): 0.4982578754425049
(15,37): 0.5591898560523987
(15,38): 0.4460979104042053
(15,44): 0.4461885988712311
(15,48): 0.5041302442550659
(15,49): 0.4978165924549103
(15,50): 0.5034801959991455
(16,15): 0.5216230750083923
(16,17): 0.5792969465255737
(16,18): 0.4856744408607483
(16,19): 0.48843514919281006
(16,23): 0.501722514629364
(16,24): 0.5210393071174622
(16,40): 0.5856044292449951
(16,50): 0.42284294962882996
(16,53): 0.5120927691459656
(17,15): 0.4248221516609192
(17,16): 0.3907809853553772
(17,18): 0.5057191252708435
(17,19): 0.39277583360671997
(17,23): 0.4504458010196686
(17,24): 0.4811823070049286
(17,37): 0.44235196709632874
(17,41): 0.4240737557411194
(17,43): 0.5351373553276062
(17,46): 0.4637663662433624
(17,49): 0.43435779213905334
(18,15): 0.4778175950050354
(18,16): 0.4865715205669403
(18,17): 0.45674291253089905
(18,19): 0.5445165038108826
(18,23): 0.4330739676952362
(18,24): 0.450386643409729
(18,42): 0.5066382884979248
(18,46): 0.45185384154319763
(18,51): 0.5090158581733704
(18,54): 0.4285394251346588
(19,5): 0.43433481454849243
(19,15): 0.43357571959495544
(19,16): 0.4492245018482208
(19,17): 0.4232569932937622
(19,18): 0.3746996521949768
(19,23): 0.3939189612865448
(19,24): 0.5426902770996094
(19,28): 0.5288488268852234
(19,40): 0.4537121653556824
(19,42): 0.4525516629219055
(19,43): 0.5430926084518433
(19,47): 0.516782283782959
(20,3): 0.4793994426727295
(20,6): 0.46316811442375183
(20,12): 0.39985257387161255
(20,13): 0.45632684230804443
(20,14): 0.5396404266357422
(20,21): 0.43119460344314575
(20,22): 0.4784623086452484
(20,44): 0.5090687870979309
(20,45): 0.4683263897895813
(21,4): 0.5348743200302124
(21,7): 0.4900061786174774
(21,12): 0.4746198058128357
(21,13): 0.5758628249168396
(21,14): 0.42484092712402344
(21,20): 0.48139387369155884
(21,22): 0.4619585871696472
(21,46): 0.49100014567375183
(21,49): 0.4925473928451538
(22,4): 0.4560282528400421
(22,7): 0.5202687382698059
(22,12): 0.46717512607574463
(22,13): 0.4617084860801697
(22,14): 0.43340882658958435
(22,20): 0.49964845180511475
(22,21): 0.5157365798950195
(22,40): 0.4783411920070648
(22,47): 0.5462839603424072
(23,5): 0.44565534591674805
(23,7): 0.4328068196773529
(23,15): 0.5642408132553101
(23,16): 0.5070017576217651
(23,17): 0.4167277216911316
(23,18): 0.4535360336303711
(23,19): 0.43047961592674255
(23,24): 0.42181891202926636
(23,28): 0.5154725909233093
(23,39): 0.49960941076278687
(23,45): 0.45071372389793396
(23,47): 0.4786597490310669
(23,51): 0.4713975489139557
(24,15): 0.4561285376548767
(24,16): 0.5095783472061157
(24,17): 0.44337496161460876
(24,18): 0.4816942512989044
(24,19): 0.4425557851791382
(24,23): 0.48148250579833984
(24,28): 0.5533137321472168
(24,39): 0.43452340364456177
(25,0): 0.5361081957817078
(25,1): 0.4412682354450226
(25,8): 0.42556318640708923
(25,26): 0.5312159061431885
(25,27): 0.4861813485622406
(25,52): 0.4364382326602936
(26,0): 0.4656049609184265
(26,1): 0.5916109681129456
(26,8): 0.4654037654399872
(26,25): 0.4295108914375305
(26,27): 0.5216374397277832
(27,0): 0.408458948135376
(27,1): 0.468597948551178
(27,8): 0.43627724051475525
(27,25): 0.5495131015777588
(27,26): 0.35186105966567993
(27,34): 0.4873032569885254
(28,5): 0.46669507026672363
(28,7): 0.4873235821723938
(28,15): 0.5039814710617065
(28,19): 0.41955530643463135
(28,23): 0.4670315682888031
(28,24): 0.44515982270240784
(29,0): 0.4810976982116699
(29,1): 0.5204249024391174
(29,52): 0.5003354549407959
(30,2): 0.472205251455307
(30,32): 0.4264926016330719
(31,4): 0.4522833526134491
(31,5): 0.5744452476501465
(31,33): 0.4846005439758301
(31,47): 0.4536747336387634
(32,6): 0.5057075023651123
(32,30): 0.440862774848938
(32,36): 0.4744757413864136
(33,7): 0.5370113849639893
(33,31): 0.46971940994262695
(33,47): 0.43509626388549805
(34,27): 0.4069844186306
(35,10): 0.4992297887802124
(35,13): 0.4558056592941284
(35,14): 0.3373231589794159
(35,44): 0.44063901901245117
(36,10): 0.4950629472732544
(36,12): 0.45837295055389404
(36,32): 0.49674516916275024
(37,14): 0.4789692461490631
(37,15): 0.5290859341621399
(37,17): 0.4857002794742584
(37,40): 0.4192256033420563
(37,49): 0.51358962059021
(38,15): 0.5078448057174683
(38,51): 0.49728232622146606
(39,14): 0.46037575602531433
(39,23): 0.5296528339385986
(39,24): 0.4545947015285492
(39,42): 0.5081912279129028
(39,51): 0.4465195834636688
(40,16): 0.4531020522117615
(40,19): 0.45768648386001587
(40,22): 0.45007529854774475
(40,37): 0.4219505488872528
(41,17): 0.4605162739753723
(42,18): 0.47390374541282654
(42,19): 0.48296496272087097
(42,39): 0.45993363857269287
(43,17): 0.369555801153183
(43,19): 0.5219810009002686
(43,50): 0.5483455657958984
(44,12): 0.4684668481349945
(44,15): 0.4603463411331177
(44,20): 0.5019522905349731
(44,35): 0.5725718140602112
(45,10): 0.4589921236038208
(45,13): 0.4920249283313751
(45,20): 0.48338180780410767
(45,23): 0.45095309615135193
(45,47): 0.45785847306251526
(46,10): 0.47973132133483887
(46,17): 0.448704332113266
(46,18): 0.5261873006820679
(46,21): 0.512480616569519
(46,48): 0.4856654405593872
(47,11): 0.45730340480804443
(47,19): 0.5286191701889038
(47,22): 0.43071070313453674
(47,23): 0.46262484788894653
(47,31): 0.3943231403827667
(47,33): 0.5689724683761597
(47,45): 0.4486583471298218
(48,14): 0.46135303378105164
(48,15): 0.48177874088287354
(48,46): 0.4166305959224701
(49,11): 0.45876631140708923
(49,15): 0.46748578548431396
(49,17): 0.4184909760951996
(49,21): 0.5056592226028442
(49,37): 0.4041159152984619
(49,50): 0.46019473671913147
(50,15): 0.5163080096244812
(50,16): 0.5505905151367188
(50,43): 0.43172258138656616
(50,49): 0.5618288516998291
(51,14): 0.4683065116405487
(51,18): 0.4881199598312378
(51,23): 0.5021435022354126
(51,38): 0.40039414167404175
(51,39): 0.5081788301467896
(51,53): 0.499316543340683
(52,11): 0.5008830428123474
(52,25): 0.4657367467880249
(52,29): 0.4868011474609375
(53,16): 0.49370935559272766
(53,51): 0.49347028136253357
(54,18): 0.3782189190387726
