Interaction name: 5eyk

Affinity: 8.520000457763672
Predicted value: 7.637453079223633

Attributions for edges: 

(0,3): 1.009230739838457e-25
(0,13): 6.771200731853567e-21
(0,26): 3.0831111595705815e-21
(0,28): 1.1790894601753509e-28
(1,2): 1.2100853615371798e-19
(1,4): 1.0918080982179295e-19
(1,8): 2.854285900664243e-20
(1,18): 4.710483718877212e-20
(1,24): 1.8317426757672362e-20
(1,29): 0.0
(2,1): 7.280783005615515e-20
(2,8): 3.2727191555567987e-19
(2,11): 1.0268444833029258e-20
(2,12): 2.1037676441125483e-20
(2,18): 5.4010111861796385e-19
(2,20): 1.5081199579567135e-19
(2,21): 1.5546281878975075e-19
(2,23): 1.4076380637998638e-19
(2,24): 2.1002808516484386e-19
(2,25): 1.1516356646990605e-20
(3,0): 4.25653330580882e-24
(3,13): 1.4019921575235512e-23
(3,14): 1.3613203775861477e-25
(3,26): 6.3836245559644504e-24
(3,30): 2.4687355445461035e-29
(4,1): 6.677323083250257e-20
(4,7): 8.635134869836537e-20
(4,8): 3.0014747419793555e-19
(4,15): 4.553901498536478e-21
(4,16): 6.758070128202211e-20
(4,30): 1.4786749003728022e-25
(5,11): 3.4895821689047194e-31
(5,22): 2.083804242976683e-31
(5,25): 3.913636818887586e-31
(5,27): 6.099273902377134e-31
(6,11): 4.145905017856484e-26
(6,22): 2.475708679651136e-26
(6,25): 4.6497338379864247e-26
(6,27): 7.24640231965035e-26
(7,4): 2.4255647161500297e-19
(7,8): 6.341116169512933e-20
(7,10): 7.869066910238553e-21
(7,15): 9.620913268848865e-22
(7,16): 1.42775493473844e-20
(7,19): 4.8256658726770935e-21
(7,20): 2.92206268898788e-20
(7,21): 3.0121749694375825e-20
(7,23): 2.727384116236391e-20
(7,26): 8.077862968042136e-21
(7,39): 1.4405786576137128e-20
(8,1): 2.9536435400463595e-20
(8,2): 5.628689030869679e-19
(8,4): 5.078505356066518e-19
(8,7): 3.8196463883094004e-20
(8,15): 2.0143703821386283e-21
(8,16): 2.9893496312925206e-20
(8,19): 1.0103696142844124e-20
(8,21): 6.306739706477965e-20
(8,23): 5.710437481350705e-20
(8,31): 3.9186033620823116e-20
(8,38): 1.377935489231429e-24
(9,10): 7.299327684090615e-21
(9,17): 1.3939894867575108e-20
(9,20): 2.7105089855054556e-20
(9,21): 2.794097201991073e-20
(9,23): 2.529915262945956e-20
(9,41): 1.6479814330730267e-20
(10,7): 1.0909957325393943e-20
(10,9): 9.555009632637941e-21
(10,17): 8.987167105785194e-21
(10,20): 1.7474810825642124e-20
(10,21): 1.8013778771444376e-20
(10,23): 1.631057511610648e-20
(10,32): 4.831762694623621e-21
(10,40): 7.716570025083293e-21
(11,2): 6.075460007208139e-20
(11,5): 2.975888178139119e-36
(11,6): 1.6349753743462813e-28
(11,12): 9.211911230032606e-22
(11,18): 2.364986919471533e-20
(11,22): 2.684974297639436e-22
(11,24): 9.196641710185012e-21
(11,25): 5.042745247664536e-22
(11,27): 7.858893356108039e-22
(12,2): 1.0530943007163432e-19
(12,11): 7.793749348772633e-22
(12,18): 4.0993520194479515e-20
(12,20): 1.1446542280173703e-20
(12,21): 1.1799536759819306e-20
(12,22): 4.654002166636311e-22
(12,23): 1.0683889833335481e-20
(12,24): 1.5941007943641405e-20
(12,25): 8.740880742694457e-22
(12,27): 1.3622270235103425e-21
(12,31): 7.331475444674378e-21
(12,32): 3.1649418595925937e-21
(13,0): 5.1004970350946204e-21
(13,3): 2.5039566793314526e-25
(13,15): 9.110564439381562e-22
(13,16): 1.3520187948409677e-20
(13,19): 4.569684977041042e-21
(13,26): 7.649367254868328e-21
(13,33): 6.445841112471267e-20
(14,3): 1.3115476609944146e-26
(14,34): 1.8257785057911886e-27
(14,35): 2.6006792718801605e-22
(14,36): 4.237731027229635e-28
(14,37): 2.1430982634417417e-23
(15,4): 3.8434998861064715e-20
(15,7): 2.8907625865835925e-21
(15,8): 1.004796323348623e-20
(15,13): 2.81116927279363e-21
(15,16): 2.2623910780175987e-21
(15,19): 7.646620857714907e-22
(15,26): 1.2799966676210835e-21
(15,33): 1.0786102376741899e-20
(16,4): 2.0888630450088219e-19
(16,7): 1.5710757696493295e-20
(16,8): 5.460881614187432e-20
(16,13): 1.5278126080256722e-20
(16,15): 8.28539624255219e-22
(16,19): 4.155796594938325e-21
(16,26): 6.956570372318923e-21
(16,31): 1.6117783872244803e-20
(16,43): 1.0384731563752582e-20
(16,44): 3.7610004137903845e-21
(17,9): 1.429662458467427e-20
(17,10): 7.041203712121455e-21
(17,20): 2.6146481229159363e-20
(17,21): 2.6952904778216138e-20
(17,23): 2.4404505098195177e-20
(17,39): 1.2890230943020159e-20
(18,1): 4.095944423065145e-20
(18,2): 7.805573528083005e-19
(18,11): 5.776711531301752e-21
(18,12): 1.1835150762598835e-20
(18,20): 8.484153082295442e-20
(18,21): 8.745859457175296e-20
(18,22): 3.449563681989902e-21
(18,24): 1.1815487936268368e-19
(18,25): 6.478747956669889e-21
(18,27): 1.009683797546075e-20
(18,40): 3.7464819400116583e-20
(18,41): 5.158360015309195e-20
(19,7): 8.013318646455991e-21
(19,8): 2.7853281181457306e-20
(19,13): 7.792653677773266e-21
(19,15): 4.2259914830123573e-22
(19,16): 6.271422083158149e-21
(19,26): 3.548192045339779e-21
(19,43): 5.296763406881299e-21
(20,2): 3.5944197770423867e-19
(20,7): 2.4391846973001128e-20
(20,9): 2.1362614634603907e-20
(20,10): 1.052126160126358e-20
(20,12): 5.4500361777576104e-21
(20,17): 2.009313796357936e-20
(20,18): 1.399195393179053e-19
(20,21): 4.027415417371968e-20
(20,23): 3.6466373626673865e-20
(20,40): 1.7252325090259502e-20
(21,2): 3.6643488505457954e-19
(21,7): 2.486629321543711e-20
(21,8): 8.643240593604703e-20
(21,9): 2.177813879867969e-20
(21,10): 1.0725911254688028e-20
(21,12): 5.556044543135109e-21
(21,17): 2.0483971109487863e-20
(21,18): 1.4264056286759556e-19
(21,20): 3.982909869242347e-20
(21,23): 3.717567777076382e-20
(21,31): 2.5510610367066232e-20
(21,40): 1.7587968164087098e-20
(22,5): 2.1348509915774878e-36
(22,6): 1.1750125072243261e-28
(22,11): 3.231391614741871e-22
(22,12): 6.620426668428212e-22
(22,18): 1.69965824937257e-20
(22,24): 6.609403315465271e-21
(22,25): 3.6240981853934154e-22
(22,31): 3.039749810638862e-21
(23,2): 3.448540789151949e-19
(23,7): 2.340181840852599e-20
(23,8): 8.134237588609612e-20
(23,9): 2.04955370977794e-20
(23,10): 1.0094218300923143e-20
(23,12): 5.2288267562107634e-21
(23,17): 1.9277587962803226e-20
(23,20): 3.7483550517346934e-20
(23,21): 3.863963558979209e-20
(23,32): 1.0364152214841058e-20
(23,42): 2.3215452354695806e-20
(24,1): 2.2763645334767062e-20
(24,2): 4.338030332309182e-19
(24,11): 3.210480818032409e-21
(24,12): 6.577560900849814e-21
(24,18): 1.6886598814646545e-19
(24,22): 1.9171316256722903e-21
(24,25): 3.6006327920155836e-21
(24,27): 5.611468067556863e-21
(25,2): 6.631859168832811e-20
(25,5): 3.249453027460924e-36
(25,6): 1.7847086034319898e-28
(25,11): 4.908092623377316e-22
(25,12): 1.0055550636512165e-21
(25,18): 2.58156542205779e-20
(25,22): 2.9308568144337977e-22
(25,24): 1.003884485970254e-20
(25,27): 8.578621268385868e-22
(25,41): 4.382719944280967e-21
(25,45): 2.65384388994437e-23
(26,0): 3.135236866755277e-21
(26,3): 1.5391630289519192e-25
(26,7): 1.0619081363252945e-20
(26,13): 1.0326701289490293e-20
(26,15): 5.60019500540754e-22
(26,16): 8.310788627483972e-21
(26,19): 2.8089506677620118e-21
(26,34): 2.1426372765480387e-26
(26,37): 2.5150458331546505e-22
(26,39): 8.385402095882102e-21
(26,43): 7.01915902567949e-21
(26,44): 2.542103131115007e-21
(27,5): 4.0304565250995406e-36
(27,6): 2.2093847024835035e-28
(27,11): 6.0760101550169075e-22
(27,12): 1.244834423393869e-21
(27,18): 3.195868195913455e-20
(27,24): 1.2427614837372106e-20
(27,25): 6.814394059723361e-22
(28,0): 5.0264106061463824e-26
(28,33): 6.352212213326163e-25
(29,1): 0.0
(29,30): 0.0
(30,3): 2.5375586511087813e-29
(30,4): 2.327722323066581e-23
(30,29): 0.0
(30,44): 4.191067119791112e-25
(31,8): 6.463002525242328e-20
(31,12): 4.154560266884114e-21
(31,16): 1.455204244819416e-20
(31,21): 3.070085367134537e-20
(31,22): 1.2109106276789792e-21
(31,39): 1.4682690132950656e-20
(31,42): 1.844567691112216e-20
(32,10): 4.666644842778392e-21
(32,12): 2.417332144558046e-21
(32,23): 1.617451036769004e-20
(32,45): 6.379781304520304e-23
(33,13): 3.1252198630180374e-20
(33,15): 1.6948211814936955e-21
(33,28): 5.4421012068199845e-28
(34,14): 4.6027035531908617e-26
(34,26): 2.158340791624603e-24
(35,14): 7.88745037331253e-23
(35,37): 1.9783640693646018e-22
(36,14): 1.8563929341127725e-26
(37,14): 1.6843907931851036e-23
(37,26): 7.8986554798280335e-22
(37,35): 5.126927434759929e-22
(38,8): 1.0246444878156063e-22
(38,40): 2.08503731195657e-23
(38,44): 7.056924043888278e-24
(39,7): 1.5951349316885452e-20
(39,17): 1.3140056451676079e-20
(39,26): 7.063074722946527e-21
(39,31): 1.6364608427799518e-20
(39,42): 1.5824317316134608e-20
(40,10): 6.172968203218732e-21
(40,18): 8.209238313243736e-20
(40,20): 2.2922413929176093e-20
(40,21): 2.362948694743414e-20
(40,38): 5.162716957513148e-25
(40,41): 1.393681232732364e-20
(41,9): 1.57758577800535e-20
(41,18): 1.0332734376524388e-19
(41,25): 2.2031901089284123e-21
(41,40): 1.2740443397488437e-20
(42,23): 2.7410057775970933e-20
(42,31): 1.8809196940945074e-20
(42,39): 1.447768020359535e-20
(43,16): 1.1142466163355235e-20
(43,19): 3.7660394300609956e-21
(43,26): 6.304138126516258e-21
(44,16): 5.550642423656156e-21
(44,26): 3.1404079572740837e-21
(44,30): 1.2144927325629531e-26
(44,38): 2.5585687802428046e-25
(45,25): 9.070300600125848e-23
(45,32): 3.2842321687462158e-22
