Interaction name: 6ew7

Affinity: 5.539999961853027
Predicted value: 6.331233024597168

Attributions for edges: 

(0,1): 0.0
(0,4): 0.0
(0,5): 0.0
(0,10): 0.0
(0,11): 0.37840139865875244
(0,16): 0.4672282338142395
(0,18): 0.0
(0,19): 0.0
(0,21): 0.0
(0,23): 0.0
(1,0): 0.0
(1,5): 0.3976548910140991
(1,10): 0.0
(1,11): 0.4402259588241577
(1,21): 0.482829213142395
(1,23): 0.0
(2,3): 0.4080137610435486
(2,7): 0.5237047076225281
(2,12): 0.0
(2,17): 0.0
(3,2): 0.4812074899673462
(3,6): 0.4579167366027832
(3,17): 0.0
(4,0): 0.0
(4,8): 0.40155941247940063
(4,9): 0.5237812399864197
(4,10): 0.0
(4,11): 0.4679426848888397
(4,13): 0.0
(4,16): 0.0
(4,18): 0.0
(4,23): 0.6418445706367493
(4,24): 0.0
(5,0): 0.0
(5,1): 0.0
(5,19): 0.0
(5,20): 0.0
(5,21): 0.0
(5,23): 0.0
(6,3): 0.5282886028289795
(6,7): 0.5149615406990051
(6,12): 0.0
(6,17): 0.0
(7,2): 0.45721012353897095
(7,6): 0.5544312596321106
(7,17): 0.0
(8,4): 0.6241405606269836
(8,9): 0.0
(8,13): 0.0
(8,14): 0.0
(8,15): 0.0
(8,16): 0.0
(8,18): 0.0
(8,22): 0.0
(8,27): 0.5823466777801514
(8,30): 0.5089810490608215
(9,4): 0.6187406778335571
(9,8): 0.0
(9,12): 0.5396971106529236
(9,13): 0.0
(9,14): 0.3857617974281311
(9,15): 0.0
(9,16): 0.0
(9,18): 0.0
(9,22): 0.45345646142959595
(9,31): 0.442867249250412
(10,0): 0.0
(10,1): 0.0
(10,4): 0.0
(10,11): 0.0
(10,18): 0.47973835468292236
(10,23): 0.0
(10,25): 0.5020154118537903
(10,30): 0.4594830870628357
(10,31): 0.5452573299407959
(11,0): 0.45770177245140076
(11,1): 0.4607345759868622
(11,4): 0.3809914290904999
(11,10): 0.0
(11,26): 0.4915944039821625
(11,27): 0.5376390218734741
(11,28): 0.5374847650527954
(11,29): 0.5308446884155273
(12,2): 0.5397401452064514
(12,6): 0.6701511740684509
(12,9): 0.535804033279419
(12,16): 0.4186977744102478
(12,17): 0.0
(12,19): 0.0
(12,21): 0.48541927337646484
(13,4): 0.0
(13,8): 0.0
(13,9): 0.0
(13,14): 0.0
(13,15): 0.5218302607536316
(13,16): 0.0
(13,18): 0.0
(13,22): 0.42846712470054626
(13,27): 0.4641123414039612
(14,8): 0.0
(14,9): 0.0
(14,13): 0.0
(14,15): 0.0
(14,16): 0.0
(14,18): 0.0
(15,8): 0.0
(15,9): 0.0
(15,13): 0.5936738848686218
(15,14): 0.4636891186237335
(15,16): 0.4979152977466583
(15,22): 0.5355746746063232
(16,0): 0.5085044503211975
(16,4): 0.0
(16,8): 0.0
(16,9): 0.0
(16,12): 0.5702357292175293
(16,13): 0.0
(16,14): 0.0
(16,15): 0.43561697006225586
(16,18): 0.0
(16,19): 0.5441851615905762
(16,22): 0.0
(16,27): 0.5235505104064941
(16,31): 0.38093242049217224
(17,2): 0.4362584054470062
(17,3): 0.46826496720314026
(17,6): 0.4682020843029022
(17,7): 0.5806919932365417
(17,12): 0.0
(17,19): 0.0
(17,20): 0.0
(17,21): 0.0
(17,31): 0.48119649291038513
(18,0): 0.0
(18,4): 0.0
(18,8): 0.0
(18,9): 0.0
(18,10): 0.5197449922561646
(18,13): 0.0
(18,14): 0.49152737855911255
(18,16): 0.0
(18,22): 0.56980961561203
(18,30): 0.3856486976146698
(19,0): 0.0
(19,5): 0.4875272214412689
(19,12): 0.0
(19,16): 0.47815990447998047
(19,17): 0.0
(19,20): 0.0
(19,21): 0.0
(19,23): 0.5428717732429504
(19,30): 0.5410308837890625
(20,5): 0.4688500165939331
(20,17): 0.0
(20,19): 0.0
(20,21): 0.0
(20,23): 0.522969126701355
(21,0): 0.0
(21,1): 0.3997402489185333
(21,5): 0.3576644957065582
(21,12): 0.5022403597831726
(21,17): 0.0
(21,19): 0.0
(21,20): 0.0
(21,23): 0.0
(22,8): 0.0
(22,9): 0.0
(22,13): 0.0
(22,15): 0.0
(22,16): 0.0
(22,18): 0.0
(23,0): 0.0
(23,1): 0.0
(23,4): 0.5159761309623718
(23,5): 0.46451765298843384
(23,10): 0.0
(23,19): 0.42884552478790283
(23,20): 0.5149472951889038
(23,21): 0.0
(24,4): 0.0
(24,26): 0.4273039996623993
(24,31): 0.5109636783599854
(25,10): 0.4588620662689209
(25,29): 0.0
(26,11): 0.4623601734638214
(26,24): 0.5039016604423523
(27,8): 0.45922037959098816
(27,11): 0.48111000657081604
(27,13): 0.5671477913856506
(27,16): 0.4995388984680176
(27,30): 0.5522057414054871
(28,11): 0.4569832384586334
(28,31): 0.0
(29,11): 0.5130869746208191
(29,25): 0.0
(30,8): 0.5180194973945618
(30,10): 0.5423856377601624
(30,18): 0.5203836560249329
(30,19): 0.6582041382789612
(30,27): 0.48175349831581116
(31,9): 0.447359174489975
(31,10): 0.6489216089248657
(31,16): 0.4851164221763611
(31,17): 0.6126839518547058
(31,24): 0.6280117630958557
(31,28): 0.0
