Interaction name: 5cj6

Affinity: 8.6899995803833
Predicted value: 7.851424694061279

Attributions for edges: 

(0,2): 0.0
(0,4): 0.0
(0,5): 0.0
(0,8): 0.0
(0,9): 0.0
(0,10): 0.0
(0,11): 0.0
(0,12): 0.0
(0,13): 0.0
(0,18): 0.0
(1,7): 5.762599344780921e-15
(1,14): 1.0405621880100156e-14
(1,15): 2.683885270176702e-17
(1,17): 2.6496843296978396e-17
(1,19): 2.9695053600434537e-35
(2,0): 0.0
(2,3): 0.0
(2,4): 0.0
(2,5): 0.0
(2,6): 2.9827853019181994e-37
(2,7): 3.6323234617889474e-35
(2,8): 0.0
(2,9): 0.0
(2,10): 0.0
(2,11): 0.0
(2,12): 0.0
(2,13): 0.0
(2,16): 1.3589773449362961e-37
(2,17): 1.5485234772457453e-37
(2,18): 0.0
(3,2): 0.0
(3,4): 0.0
(3,5): 0.0
(3,8): 0.0
(3,9): 0.0
(3,10): 0.0
(3,11): 0.0
(3,12): 0.0
(3,13): 0.0
(3,18): 0.0
(4,0): 9.96789139874333e-39
(4,2): 0.0
(4,3): 1.1149805378090382e-38
(4,5): 0.0
(4,6): 4.306852242333516e-33
(4,7): 5.244721952973413e-31
(4,8): 0.0
(4,9): 5.334148542616319e-38
(4,10): 0.0
(4,15): 2.4670737279050684e-33
(4,16): 1.9622310466505513e-33
(4,17): 2.2359004578593804e-33
(4,21): 7.821926058842794e-37
(4,28): 3.5244024944220653e-25
(4,29): 0.0
(4,36): 5.94524035143684e-26
(4,39): 1.1673076800370592e-25
(5,0): 0.0
(5,2): 0.0
(5,3): 0.0
(5,4): 0.0
(5,6): 4.2067590820319903e-35
(5,7): 5.12279336062399e-33
(5,8): 0.0
(5,9): 0.0
(5,10): 0.0
(5,13): 0.0
(5,14): 8.824690292276278e-33
(5,15): 2.4097192233531634e-35
(5,16): 1.9166278982828004e-35
(5,17): 2.183937064273934e-35
(5,18): 1.5649066461375218e-38
(6,2): 1.676060044955931e-36
(6,4): 2.606422533531741e-35
(6,5): 1.064033106909964e-35
(6,7): 6.828037950434955e-27
(6,14): 1.1762290497626475e-26
(6,15): 3.2118887155088376e-29
(6,16): 2.554652783997987e-29
(6,18): 2.0858312654352408e-32
(6,20): 5.05013751771042e-37
(6,22): 0.0
(6,23): 3.229197919571984e-37
(6,24): 2.8608950084862515e-33
(7,1): 1.4752996801478998e-18
(7,2): 2.874174421230697e-33
(7,4): 4.4695965699373814e-32
(7,5): 1.8246321595155068e-32
(7,6): 9.615205555502066e-26
(7,14): 2.0170288244565614e-23
(7,15): 5.507811432813549e-26
(7,16): 4.3807532234238546e-26
(7,17): 4.991768210901909e-26
(7,18): 3.5768388982752973e-29
(8,0): 0.0
(8,2): 0.0
(8,3): 0.0
(8,4): 0.0
(8,5): 0.0
(8,9): 0.0
(8,10): 0.0
(8,11): 0.0
(8,12): 0.0
(8,13): 0.0
(8,16): 0.0
(8,18): 0.0
(8,25): 9.966509668683384e-34
(8,27): 8.267176090247764e-38
(9,0): 0.0
(9,2): 0.0
(9,3): 0.0
(9,4): 0.0
(9,5): 0.0
(9,8): 0.0
(9,10): 0.0
(9,11): 0.0
(9,12): 0.0
(9,13): 0.0
(9,18): 1.747898429087846e-38
(9,28): 3.845055193094963e-27
(9,39): 1.2735149164537404e-27
(10,0): 0.0
(10,2): 0.0
(10,3): 0.0
(10,4): 0.0
(10,5): 0.0
(10,8): 0.0
(10,9): 0.0
(10,11): 0.0
(10,12): 0.0
(10,13): 0.0
(10,18): 0.0
(10,25): 2.228256511969571e-31
(10,26): 0.0
(10,27): 1.8483289788323258e-35
(10,28): 3.6552690850683756e-29
(10,39): 1.2106516753356073e-29
(11,0): 0.0
(11,2): 0.0
(11,3): 0.0
(11,8): 0.0
(11,9): 0.0
(11,10): 0.0
(11,12): 0.0
(11,13): 0.0
(11,29): 0.0
(11,40): 1.1428165106490893e-29
(12,0): 0.0
(12,2): 0.0
(12,3): 0.0
(12,8): 0.0
(12,9): 0.0
(12,10): 0.0
(12,11): 0.0
(12,13): 0.0
(12,30): 0.0
(12,33): 0.0
(12,40): 1.3890468557992866e-36
(12,41): 0.0
(13,0): 0.0
(13,2): 0.0
(13,3): 0.0
(13,5): 0.0
(13,8): 0.0
(13,9): 0.0
(13,10): 0.0
(13,11): 0.0
(13,12): 0.0
(13,25): 5.053452205149872e-37
(13,32): 1.930848032954394e-37
(14,1): 6.627183401173385e-19
(14,5): 8.196449540531214e-33
(14,6): 4.319240561744082e-26
(14,7): 5.259807393929808e-24
(14,15): 2.4741696305139774e-26
(14,16): 1.96787531190643e-26
(14,17): 2.2423486786703924e-26
(14,21): 8.379287853791376e-30
(14,33): 1.3149221996094784e-29
(14,34): 3.033851756866756e-37
(14,35): 0.0
(15,1): 3.873864523170557e-21
(15,4): 1.173629286689689e-34
(15,5): 4.7912019014969994e-35
(15,6): 2.5247853420498083e-28
(15,7): 3.0745767499327427e-26
(15,14): 5.296345557514995e-26
(15,16): 1.1503093260514002e-28
(15,17): 1.3107510867397663e-28
(15,18): 9.392155194284746e-32
(15,37): 9.679887289785428e-37
(15,38): 1.559138208660891e-31
(15,39): 6.843077799543666e-21
(16,2): 6.255938748145167e-36
(16,4): 9.728539332142806e-35
(16,5): 3.971530781215135e-35
(16,6): 2.0928490889610623e-28
(16,7): 2.5485926480201534e-26
(16,8): 6.0976742610807365e-37
(16,14): 4.390272247729785e-26
(16,15): 1.1988367421188823e-28
(16,17): 1.08651819295092e-28
(16,18): 7.785359623455078e-32
(16,28): 1.712642723167665e-20
(17,1): 5.134423254190211e-22
(17,2): 1.0002868424984201e-36
(17,4): 1.5555348886854986e-35
(17,5): 6.350238735938335e-36
(17,7): 4.075061302633353e-27
(17,14): 7.019808187601436e-27
(17,15): 1.9168822866203692e-29
(17,16): 1.5246267806775287e-29
(17,18): 1.2448416114914914e-32
(17,34): 0.0
(18,0): 4.070067185736038e-38
(18,2): 0.0
(18,3): 4.552628974779261e-38
(18,5): 3.337144648641765e-39
(18,6): 1.758564528085097e-32
(18,7): 2.1414968004184302e-30
(18,8): 0.0
(18,9): 2.178011073961794e-37
(18,10): 3.253802422476046e-39
(18,15): 1.0073500225759351e-32
(18,16): 8.012077659708554e-33
(18,17): 9.129578262049054e-33
(19,1): 7.530539555096536e-30
(20,6): 1.3067073560802823e-28
(20,27): 1.632758263053602e-26
(21,4): 1.2277446135463945e-27
(21,14): 1.305841908896638e-18
(21,24): 8.201392401130249e-25
(22,6): 3.398211593619448e-34
(22,35): 0.0
(22,36): 1.3275951255886313e-26
(23,6): 3.0814054571438333e-29
(23,24): 4.9651812413558145e-33
(24,6): 1.4685450635331493e-25
(24,21): 1.0938959490853815e-28
(24,23): 2.5482432658682782e-33
(25,8): 1.2014887765412527e-26
(25,10): 7.630087500655614e-25
(25,13): 3.689171049323492e-28
(25,31): 7.545361118937605e-19
(25,36): 1.8721353634010285e-10
(26,10): 5.474241955288728e-38
(26,39): 2.5385635437877166e-23
(27,8): 1.1154662741845524e-29
(27,10): 7.083719113544457e-28
(27,20): 1.4245013240801374e-28
(28,4): 3.3087363045817586e-25
(28,9): 8.93710301400109e-24
(28,10): 1.3396374262705002e-25
(28,16): 3.2429796860900446e-19
(28,33): 3.271615442972473e-22
(28,38): 7.512465531342339e-22
(29,4): 3.128185263719191e-38
(29,11): 2.7087916328455354e-36
(30,12): 0.0
(30,40): 4.79033607439361e-23
(31,25): 7.05188594840136e-18
(31,32): 2.264440841269028e-18
(31,36): 1.7417678784222067e-16
(32,13): 1.1478759887983054e-29
(32,31): 1.6657543455742662e-20
(32,41): 2.6135538663631052e-18
(33,12): 2.370310155352247e-32
(33,14): 6.538063349717834e-20
(33,28): 3.654746590000396e-14
(33,38): 6.702315585596169e-25
(34,14): 3.278726970707892e-28
(34,17): 6.597605924498629e-31
(35,14): 9.840116107979156e-32
(35,22): 0.0
(35,36): 1.4984060064307308e-26
(36,4): 1.1297896279480709e-24
(36,22): 1.1211389042930895e-31
(36,25): 3.0922946495093306e-12
(36,31): 3.0782841487216154e-19
(36,35): 1.0767418932557527e-31
(37,15): 1.8600619365829771e-29
(38,15): 1.5312551010905707e-20
(38,28): 4.149225667909873e-12
(38,33): 3.3137159397421597e-23
(39,4): 2.076139118717858e-24
(39,9): 5.847609426970968e-23
(39,10): 8.76477417988807e-25
(39,15): 2.558412145573942e-18
(39,26): 5.016535553829079e-30
(40,11): 4.9516066957802866e-23
(40,12): 3.1209422711190512e-28
(40,30): 1.2179027070852874e-26
(40,41): 4.065796858873309e-17
(41,12): 2.3084525569393074e-32
(41,32): 7.939367531301135e-17
(41,40): 1.007862375202145e-15
