Interaction name: 5unh

Affinity: 9.460000038146973
Predicted value: 7.912165641784668

Attributions for edges: 

(0,5): 2.0174048744500802e-24
(0,6): 7.445802937182098e-26
(0,7): 2.5190390786113155e-23
(0,11): 6.007481476858778e-25
(0,38): 6.881570914279868e-25
(0,39): 2.991095544637729e-27
(0,40): 2.1164008043833018e-24
(1,2): 1.5190690160627099e-24
(1,16): 1.0436088204573624e-26
(1,17): 3.192047013405335e-25
(1,30): 7.104350164294939e-25
(2,1): 1.9017233530800765e-24
(2,29): 8.687422857700122e-23
(2,35): 0.0
(2,37): 2.592517275192637e-22
(2,38): 1.4038552261006297e-22
(3,10): 2.3492801610426605e-26
(3,14): 2.3252782976293335e-26
(3,15): 1.2323153653055104e-26
(3,18): 2.3575216004606823e-26
(3,21): 8.809648840630359e-27
(3,39): 8.655542643161174e-29
(4,8): 1.1131429033183103e-26
(4,15): 6.385783190631414e-27
(4,18): 1.221657731216458e-26
(4,19): 1.221657731216458e-26
(4,28): 1.221657731216458e-26
(4,29): 6.385783190631414e-27
(4,37): 1.9056574517182203e-26
(4,39): 4.4852317427150415e-29
(5,0): 2.1938521541340322e-24
(5,6): 1.7034138583701462e-23
(5,7): 5.762933400327132e-21
(5,11): 1.3743567507374125e-22
(5,12): 7.385619222137697e-22
(5,25): 2.064271779249639e-22
(5,38): 1.5743377864852427e-22
(5,39): 6.842906869162723e-25
(5,40): 4.841833860919524e-22
(6,0): 7.454471162675796e-26
(6,5): 1.5682531129966558e-23
(6,7): 1.9581894250301176e-22
(6,11): 4.6699678120565525e-24
(6,38): 5.349448814033692e-24
(6,39): 2.3251541136665194e-26
(6,40): 1.6452088608836812e-23
(7,0): 3.1716102207312845e-23
(7,5): 6.672329626536822e-21
(7,6): 2.4626026126110473e-22
(7,11): 1.9868963131848254e-21
(7,12): 1.0677248962421615e-20
(7,20): 2.279935344549714e-21
(7,24): 4.743245079454427e-21
(7,25): 2.9843006387713577e-21
(8,4): 1.268415227294698e-26
(8,9): 7.15300761768856e-23
(8,19): 6.468665102610814e-23
(8,46): 6.468665102610814e-23
(8,50): 5.2661741325236656e-23
(8,59): 6.583277125808565e-23
(9,8): 7.147197814893788e-23
(9,19): 7.843942485579056e-23
(9,41): 8.465260063039436e-23
(9,42): 8.648208266557224e-23
(9,43): 8.416382872440666e-23
(10,3): 2.623482048721662e-26
(10,14): 6.969897855457383e-23
(10,19): 7.066598949574271e-23
(10,20): 5.9793889567325e-23
(10,21): 2.640655082242161e-23
(10,23): 6.936530301343982e-23
(10,24): 1.2439745776289527e-22
(10,33): 1.3484736564572593e-22
(10,46): 7.066598949574271e-23
(10,49): 7.066598949574271e-23
(11,0): 6.797145048050852e-25
(11,5): 1.4299665220634452e-22
(11,6): 5.277675093433064e-24
(11,7): 1.785518627603294e-21
(11,12): 2.288272682928363e-22
(11,13): 5.819880650608087e-23
(11,20): 4.8861956116968086e-23
(11,23): 5.66830260539168e-23
(11,24): 1.0165387211334069e-22
(11,25): 6.395717556983217e-23
(11,26): 3.018473701910523e-23
(11,27): 5.957258568441792e-23
(11,33): 1.1019364482204368e-22
(11,36): 2.3925778913006024e-23
(11,47): 5.77461202533416e-23
(11,54): 5.77461202533416e-23
(11,58): 2.4402781014287823e-24
(12,5): 7.530540922144721e-22
(12,7): 9.402961880705904e-21
(12,11): 2.242456146424106e-22
(12,13): 3.0648866803679995e-22
(12,24): 5.353332786477766e-22
(12,25): 3.3681232977220184e-22
(12,26): 1.5895996575375002e-22
(12,27): 3.137233177094691e-22
(12,36): 1.2599831528596561e-22
(12,44): 3.0410358179974405e-22
(12,45): 6.152087017192208e-23
(13,11): 5.2683046880564865e-23
(13,12): 2.8310988527547417e-22
(13,24): 1.2576830868955213e-22
(13,25): 7.912946988857997e-23
(13,26): 3.734533158543584e-23
(13,27): 7.370445451071334e-23
(13,36): 2.960147535389016e-23
(13,53): 7.390153720838652e-23
(14,3): 2.5996424256468503e-26
(14,10): 6.977825592010492e-23
(14,20): 5.925031391652979e-23
(14,21): 2.6166497293519236e-23
(14,23): 6.87344541029782e-23
(14,24): 1.232661050070635e-22
(14,25): 7.755516226813574e-23
(14,33): 1.3362148842078696e-22
(14,44): 7.002330767170277e-23
(14,45): 1.4165879775363124e-23
(14,47): 7.002330767170277e-23
(14,55): 2.653853987363957e-23
(14,56): 7.002330767170277e-23
(15,3): 1.4777604996500862e-26
(15,4): 7.805213974502217e-27
(15,16): 6.004549379481685e-25
(15,18): 3.9804889447388227e-23
(15,28): 3.9804889447388227e-23
(15,29): 2.0806674958581888e-23
(15,30): 4.087587225586524e-23
(15,37): 6.209143117656309e-23
(15,55): 1.5085828852648333e-23
(15,56): 3.9804889447388227e-23
(15,58): 1.6820977717488524e-24
(16,1): 1.0684875982929679e-26
(16,15): 4.881067976369827e-25
(16,17): 4.308496954142312e-25
(16,22): 6.72682845214978e-25
(16,29): 4.881067976369827e-25
(16,30): 9.589130867615634e-25
(16,31): 8.158269812784408e-25
(16,32): 9.273523396654811e-26
(16,34): 5.651480777676566e-24
(16,37): 1.456612038575581e-24
(16,55): 3.5390200869958106e-25
(16,57): 1.3364931992656123e-25
(17,1): 3.781117554503613e-25
(17,16): 4.984767686665655e-25
(17,22): 2.380469823038546e-23
(17,30): 3.393372905140843e-23
(17,31): 2.8870128719547e-23
(17,32): 3.2816739874938926e-24
(17,34): 1.9999288759407028e-22
(18,3): 2.6316914406654094e-26
(18,4): 1.3899923283732622e-26
(18,15): 3.705357611280528e-23
(18,28): 7.088683899476838e-23
(18,29): 3.705357611280528e-23
(18,30): 7.27941090260883e-23
(18,37): 1.1057599623647345e-22
(18,49): 7.088683899476838e-23
(18,51): 7.088683899476838e-23
(18,55): 2.686571204547093e-23
(19,4): 1.3899923283732622e-26
(19,8): 6.459048572631808e-23
(19,9): 7.838648913360661e-23
(19,10): 7.063849296003033e-23
(19,48): 7.088683899476838e-23
(19,49): 7.088683899476838e-23
(19,51): 7.088683899476838e-23
(20,7): 2.065446361583077e-21
(20,10): 6.656561041726148e-23
(20,11): 4.9257399466980896e-23
(20,14): 6.588502540444749e-23
(20,21): 2.496157852511018e-23
(20,23): 6.556960726010392e-23
(20,24): 1.175908377065118e-22
(20,25): 7.398446226674335e-23
(20,27): 6.891218762036811e-23
(20,33): 1.2746944621089417e-22
(20,36): 2.7676784118339347e-23
(20,47): 6.679937199158382e-23
(20,51): 6.679937199158382e-23
(20,52): 8.059197856381446e-24
(20,58): 2.8228462553922536e-24
(21,3): 9.67447304508987e-27
(21,10): 2.5967817941373893e-23
(21,14): 2.5702516130339015e-23
(21,20): 2.204987083583408e-23
(21,23): 2.5579368632146773e-23
(21,24): 4.58732082716881e-23
(21,25): 2.886197820867426e-23
(21,33): 4.9726932633212063e-23
(21,45): 5.271819773364061e-24
(22,16): 7.987239838151835e-25
(22,17): 2.4430268083669344e-23
(22,30): 5.437321607988071e-23
(22,31): 4.6259630208388804e-23
(22,32): 5.258322757706182e-24
(22,34): 3.204532478640906e-22
(22,47): 5.2948388134645e-23
(22,58): 2.237531579671346e-24
(23,10): 6.935577988459199e-23
(23,11): 5.132227128538948e-23
(23,14): 6.864718715419903e-23
(23,20): 5.889179872321218e-23
(23,21): 2.6007969383727832e-23
(23,24): 1.22519779481852e-22
(23,25): 7.708560701379923e-23
(23,27): 7.180098994440022e-23
(23,36): 2.883688927644461e-23
(23,51): 6.959960732406495e-23
(23,52): 8.397007817519714e-24
(24,7): 3.986252034346231e-21
(24,10): 1.2846969659516545e-22
(24,11): 9.506608207206554e-23
(24,12): 5.108711689825289e-22
(24,13): 1.2993200489973002e-22
(24,14): 1.27157170888397e-22
(24,20): 1.0908698025710172e-22
(24,21): 4.817549251268838e-23
(24,23): 1.2654842270505605e-22
(24,25): 1.4278788805638684e-22
(24,27): 1.3299955048311072e-22
(24,33): 2.460123696102481e-22
(24,36): 5.341560204981482e-23
(24,44): 1.2892087454585393e-22
(24,47): 1.2892087454585393e-22
(25,5): 1.9901342527237339e-22
(25,7): 2.4849684979700693e-21
(25,11): 5.926251917245537e-23
(25,12): 3.184693321072194e-22
(25,13): 8.09976250407754e-23
(25,14): 7.926783609135573e-23
(25,20): 6.800289605391244e-23
(25,21): 3.003186839744788e-23
(25,23): 7.888834981973373e-23
(25,24): 1.4147580411172531e-22
(25,26): 4.200931391537403e-23
(25,27): 8.290925589517937e-23
(25,33): 1.5336035336945264e-22
(25,36): 3.329846883076481e-23
(25,54): 8.036760916742969e-23
(26,11): 2.9351961805012374e-23
(26,12): 1.5773315451749927e-22
(26,13): 4.011708272835125e-23
(26,25): 4.408622375119629e-23
(26,27): 4.106404082530942e-23
(26,36): 1.649224005119075e-23
(26,44): 3.9804889447388227e-23
(26,45): 8.052621911875524e-24
(26,58): 1.6820977717488524e-24
(27,11): 5.408401967202669e-23
(27,12): 2.906396067920194e-22
(27,13): 7.391985771404937e-23
(27,20): 6.206064666859775e-23
(27,23): 7.199462058675215e-23
(27,24): 1.2911281387042507e-22
(27,25): 8.123372164337719e-23
(27,26): 3.833843804534944e-23
(27,33): 1.3995989113092917e-22
(27,52): 8.84886734403031e-24
(27,54): 7.334489171011361e-23
(28,4): 1.3899923283732622e-26
(28,15): 3.705357611280528e-23
(28,18): 7.088683899476838e-23
(28,29): 3.705357611280528e-23
(28,37): 1.1057599623647345e-22
(28,46): 7.088683899476838e-23
(28,47): 7.088683899476838e-23
(28,49): 7.088683899476838e-23
(28,55): 2.686571204547093e-23
(29,2): 8.740175564154062e-23
(29,4): 7.805213974502217e-27
(29,15): 2.0806674958581888e-23
(29,16): 6.004549379481685e-25
(29,18): 3.9804889447388227e-23
(29,28): 3.9804889447388227e-23
(29,30): 4.087587225586524e-23
(29,55): 1.5085828852648333e-23
(29,58): 1.6820977717488524e-24
(30,1): 8.698888517084012e-25
(30,15): 3.9738132882144804e-23
(30,16): 1.1467977648874753e-24
(30,17): 3.50766717516597e-23
(30,18): 7.602263272123202e-23
(30,22): 5.476498333807519e-23
(30,29): 3.9738132882144804e-23
(30,31): 6.641874344937106e-23
(30,32): 7.549861924316448e-24
(30,34): 4.601045239871228e-22
(30,37): 1.1858727631488905e-22
(30,51): 7.602263272123202e-23
(30,56): 7.602263272123202e-23
(31,16): 9.482730294795555e-25
(31,17): 2.900457901678925e-23
(31,22): 4.528466754929529e-23
(31,30): 6.455353548151753e-23
(31,32): 6.242889009459854e-24
(31,34): 3.8045476562166975e-22
(31,58): 2.6564660241502795e-24
(32,16): 1.0180739322157427e-25
(32,17): 3.1139562425871164e-24
(32,22): 4.86181838977585e-24
(32,30): 6.930548526871872e-24
(32,31): 5.896370812788851e-24
(32,57): 9.659474580610323e-25
(33,10): 1.4264687759185677e-22
(33,11): 1.0555663206873319e-22
(33,14): 1.4118896166481247e-22
(33,20): 1.2112471999173572e-22
(33,21): 5.349186281124435e-23
(33,24): 2.5199148088794194e-22
(33,25): 1.5854513851357412e-22
(33,27): 1.4767549352029346e-22
(33,36): 5.931001490983691e-23
(34,16): 7.732500578815027e-24
(34,17): 2.365128687242532e-22
(34,22): 3.6926460328715417e-22
(34,30): 5.263907514261912e-22
(34,31): 4.478425710505633e-22
(35,2): 0.0
(36,11): 2.1244909279537506e-23
(36,12): 1.1416701729478433e-22
(36,13): 2.9036685655631745e-23
(36,20): 2.437831843761692e-23
(36,23): 2.828042994934533e-23
(36,24): 5.0717388520484115e-23
(36,25): 3.190978333676271e-23
(36,26): 1.5059895839250097e-23
(36,33): 5.497785587562727e-23
(37,2): 2.6199971501627023e-22
(37,4): 2.3397283188904776e-26
(37,15): 6.23705932737027e-23
(37,16): 1.799945505164593e-24
(37,18): 1.1932057616883354e-22
(37,28): 1.1932057616883354e-22
(37,30): 1.2253100023936787e-22
(38,0): 7.173740834708508e-25
(38,2): 1.338209377011758e-22
(38,5): 1.5091937791498364e-22
(38,6): 5.570063232509611e-24
(38,40): 1.5832452251737639e-22
(38,58): 2.5754717028589752e-24
(39,0): 2.7745123964397403e-27
(39,3): 8.750825017894194e-29
(39,4): 4.6219625372637056e-29
(39,5): 5.836905590284773e-25
(39,6): 2.1542668119242266e-26
(39,52): 2.8438219929063704e-26
(40,0): 2.3130015080433875e-24
(40,5): 4.866016171088021e-22
(40,6): 1.7959339896893632e-23
(40,38): 1.6598408422803378e-22
(40,58): 8.30399401704601e-24
(41,9): 8.46296857988195e-23
(42,9): 8.646855212332589e-23
(42,49): 7.819564790341554e-23
(42,59): 7.958142407839919e-23
(43,9): 8.4137499702834e-23
(43,50): 6.194380059131641e-23
(44,12): 2.8089920671823178e-22
(44,14): 6.991680513861069e-23
(44,24): 1.2478575403310677e-22
(44,26): 3.705357611280528e-23
(45,12): 5.50456411154911e-23
(45,14): 1.3701002466194572e-23
(45,21): 5.190840045999503e-24
(45,26): 7.261103334264822e-24
(46,8): 6.459048572631808e-23
(46,10): 7.063849296003033e-23
(46,28): 7.088683899476838e-23
(46,56): 7.088683899476838e-23
(47,11): 5.2271469747318475e-23
(47,14): 6.991680513861069e-23
(47,20): 5.99809884413817e-23
(47,22): 5.106527302424296e-23
(47,24): 1.2478575403310677e-22
(47,28): 7.088683899476838e-23
(47,48): 7.088683899476838e-23
(48,19): 7.088683899476838e-23
(48,47): 7.088683899476838e-23
(49,10): 7.063849296003033e-23
(49,18): 7.088683899476838e-23
(49,19): 7.088683899476838e-23
(49,28): 7.088683899476838e-23
(49,42): 7.815479121941234e-23
(49,59): 7.214335557726614e-23
(50,8): 5.2378054321944697e-23
(50,43): 6.167876857071112e-23
(51,18): 7.088683899476838e-23
(51,19): 7.088683899476838e-23
(51,20): 5.99809884413817e-23
(51,23): 6.95820883010818e-23
(51,30): 7.27941090260883e-23
(51,54): 7.088683899476838e-23
(52,20): 7.050008889193111e-24
(52,23): 8.178465736641811e-24
(52,27): 8.595383458216547e-24
(52,39): 3.0590053752207785e-26
(53,13): 7.39122467840358e-23
(54,11): 5.2271469747318475e-23
(54,25): 7.851157091873845e-23
(54,27): 7.31289331487003e-23
(54,51): 7.088683899476838e-23
(55,14): 2.949439537461546e-23
(55,15): 1.5630986958419417e-23
(55,16): 4.510927537107207e-25
(55,18): 2.9903489173732213e-23
(55,28): 2.9903489173732213e-23
(55,29): 1.5630986958419417e-23
(56,14): 6.991680513861069e-23
(56,15): 3.705357611280528e-23
(56,30): 7.27941090260883e-23
(56,46): 7.088683899476838e-23
(57,16): 1.6606553737054908e-25
(57,32): 1.0932765106966243e-24
(58,11): 1.9609007399613622e-24
(58,15): 1.3900200494385098e-24
(58,20): 2.25010543085489e-24
(58,22): 1.9156518756531113e-24
(58,26): 1.3900200494385098e-24
(58,29): 1.3900200494385098e-24
(58,31): 2.3232945651347113e-24
(58,38): 2.246220685327129e-24
(58,40): 6.908192208817909e-24
(59,8): 6.573941430311817e-23
(59,42): 7.95456161041894e-23
(59,49): 7.214831593463817e-23
