Interaction name: 5hwu

Affinity: 5.269999980926514
Predicted value: 6.316065788269043

Attributions for edges: 

(0,13): 0.4995514750480652
(0,26): 0.4127243459224701
(0,28): 0.4359745979309082
(1,13): 0.45632192492485046
(1,22): 0.48395293951034546
(1,26): 0.4324359595775604
(2,3): 0.4278573989868164
(2,22): 0.4191936254501343
(2,23): 0.3389606773853302
(2,24): 0.5567145943641663
(2,25): 0.4166196882724762
(2,27): 0.5092986226081848
(2,28): 0.4445735812187195
(2,29): 0.5095433592796326
(2,30): 0.48753437399864197
(2,31): 0.5713368654251099
(3,2): 0.34479355812072754
(3,4): 0.49621331691741943
(3,7): 0.46110081672668457
(3,14): 0.6093969345092773
(3,17): 0.44874340295791626
(3,22): 0.4874783754348755
(3,23): 0.43579167127609253
(3,24): 0.48979291319847107
(3,25): 0.5385603308677673
(3,28): 0.4296203851699829
(4,3): 0.4222036302089691
(4,5): 0.4728472828865051
(4,6): 0.4350733757019043
(4,7): 0.4333682954311371
(4,8): 0.4873645305633545
(4,15): 0.4469338059425354
(4,16): 0.4698818027973175
(4,17): 0.44847241044044495
(4,18): 0.5744445323944092
(4,22): 0.4000002145767212
(4,23): 0.42710191011428833
(4,24): 0.46668797731399536
(4,25): 0.4488241672515869
(4,29): 0.45920881628990173
(5,4): 0.4607977867126465
(5,6): 0.5331832766532898
(5,7): 0.4157060980796814
(5,16): 0.46717169880867004
(5,17): 0.38821691274642944
(5,24): 0.3241138756275177
(5,28): 0.5310844779014587
(5,29): 0.5054879188537598
(5,30): 0.550369143486023
(6,4): 0.44947993755340576
(6,5): 0.5236939191818237
(6,15): 0.5273712277412415
(6,24): 0.41462260484695435
(6,27): 0.4797738492488861
(6,28): 0.4562632441520691
(6,29): 0.4196106195449829
(6,30): 0.5338788032531738
(7,3): 0.5556467771530151
(7,4): 0.4704580307006836
(7,5): 0.4371744394302368
(7,8): 0.5877712368965149
(7,9): 0.513295590877533
(7,12): 0.4888964295387268
(7,15): 0.33396345376968384
(7,18): 0.45086556673049927
(7,21): 0.5735023617744446
(7,23): 0.5284346342086792
(7,24): 0.4038070738315582
(7,28): 0.4323500990867615
(7,30): 0.5008742809295654
(8,4): 0.4748237133026123
(8,7): 0.6065720915794373
(8,9): 0.38728761672973633
(8,11): 0.603574812412262
(8,12): 0.4577106535434723
(8,17): 0.5736116170883179
(8,20): 0.4605640172958374
(8,21): 0.4549766182899475
(8,23): 0.3242454528808594
(8,24): 0.4601258635520935
(8,28): 0.5381028056144714
(8,30): 0.45429402589797974
(9,7): 0.4408144950866699
(9,8): 0.45074132084846497
(9,10): 0.49625223875045776
(9,11): 0.4651857018470764
(9,12): 0.4299289286136627
(9,17): 0.460938960313797
(9,18): 0.4452410340309143
(9,19): 0.5410423278808594
(9,20): 0.4975352883338928
(9,21): 0.4659906029701233
(9,27): 0.4685201644897461
(9,28): 0.4479803740978241
(9,30): 0.47372329235076904
(10,9): 0.36626294255256653
(10,11): 0.42916253209114075
(10,12): 0.5116025805473328
(10,20): 0.3849458694458008
(10,21): 0.4642651379108429
(10,27): 0.4338919222354889
(10,28): 0.5118072032928467
(10,29): 0.44929420948028564
(10,30): 0.4988584518432617
(11,8): 0.42753273248672485
(11,9): 0.3698793053627014
(11,10): 0.40382489562034607
(11,12): 0.5765578746795654
(11,18): 0.5551944375038147
(11,19): 0.4638702869415283
(11,21): 0.4953579306602478
(11,28): 0.44747260212898254
(11,30): 0.48211708664894104
(12,7): 0.53537917137146
(12,8): 0.48607802391052246
(12,9): 0.5862504243850708
(12,10): 0.5005939602851868
(12,11): 0.5538363456726074
(12,17): 0.4606243968009949
(12,18): 0.5087440013885498
(12,19): 0.5261697173118591
(12,20): 0.4574100375175476
(12,27): 0.4457060992717743
(12,28): 0.4298916459083557
(12,29): 0.42598867416381836
(12,30): 0.4473268687725067
(13,0): 0.44728904962539673
(13,1): 0.5191498398780823
(14,3): 0.4922466278076172
(14,22): 0.5376278758049011
(14,23): 0.48883965611457825
(14,24): 0.4505375325679779
(14,25): 0.5042730569839478
(15,4): 0.48425719141960144
(15,6): 0.3929285407066345
(15,7): 0.5157194137573242
(15,16): 0.46689218282699585
(15,17): 0.5342203974723816
(15,24): 0.40095028281211853
(16,4): 0.5675907731056213
(16,5): 0.5072811245918274
(16,15): 0.45374372601509094
(16,24): 0.4768490195274353
(17,3): 0.5400384664535522
(17,4): 0.4835762083530426
(17,5): 0.512067437171936
(17,8): 0.5489274263381958
(17,9): 0.44109708070755005
(17,12): 0.5121150016784668
(17,15): 0.4194057285785675
(17,18): 0.5379785299301147
(17,21): 0.4863961637020111
(17,23): 0.5290316939353943
(17,24): 0.4823281764984131
(18,4): 0.581710159778595
(18,7): 0.5161736607551575
(18,9): 0.5162897706031799
(18,11): 0.48073887825012207
(18,12): 0.46471208333969116
(18,17): 0.5146556496620178
(18,20): 0.41263678669929504
(18,21): 0.5507951974868774
(18,23): 0.5095797777175903
(18,24): 0.5781197547912598
(19,9): 0.5162950158119202
(19,11): 0.35213103890419006
(19,12): 0.4268147945404053
(19,20): 0.4949595332145691
(19,21): 0.4324934184551239
(20,8): 0.40741807222366333
(20,9): 0.4671972990036011
(20,10): 0.5223555564880371
(20,12): 0.3917211890220642
(20,18): 0.4531465768814087
(20,19): 0.4834887981414795
(20,21): 0.4873819649219513
(21,7): 0.5616371631622314
(21,8): 0.40372228622436523
(21,9): 0.4213893413543701
(21,10): 0.41675153374671936
(21,11): 0.4411934018135071
(21,17): 0.5139010548591614
(21,18): 0.5214791893959045
(21,19): 0.4867774248123169
(21,20): 0.4870777130126953
(22,1): 0.35833677649497986
(22,2): 0.5062638521194458
(22,3): 0.41591721773147583
(22,4): 0.45445582270622253
(22,14): 0.4487375319004059
(22,23): 0.4966152310371399
(22,24): 0.3533104658126831
(22,25): 0.38610562682151794
(22,35): 0.5038192272186279
(22,36): 0.5120476484298706
(23,2): 0.4890820384025574
(23,3): 0.43651989102363586
(23,4): 0.46965381503105164
(23,7): 0.5166381597518921
(23,8): 0.581856906414032
(23,14): 0.5383332371711731
(23,17): 0.42367494106292725
(23,18): 0.5152064561843872
(23,22): 0.38169220089912415
(23,24): 0.5224341154098511
(23,25): 0.5266599655151367
(23,35): 0.506244957447052
(24,2): 0.4433112144470215
(24,3): 0.4615373909473419
(24,4): 0.5204396843910217
(24,5): 0.5081785917282104
(24,6): 0.4839460253715515
(24,7): 0.46720942854881287
(24,8): 0.500683605670929
(24,14): 0.4460165202617645
(24,15): 0.44635021686553955
(24,16): 0.4332340955734253
(24,17): 0.44644904136657715
(24,18): 0.45499637722969055
(24,22): 0.42349809408187866
(24,23): 0.4675619900226593
(24,25): 0.5565837621688843
(25,2): 0.5291511416435242
(25,3): 0.433095246553421
(25,4): 0.41135576367378235
(25,14): 0.44095221161842346
(25,22): 0.47418200969696045
(25,23): 0.4812813103199005
(25,24): 0.3998558521270752
(25,37): 0.4746544659137726
(26,0): 0.49230313301086426
(26,1): 0.5333525538444519
(27,2): 0.5297070145606995
(27,6): 0.5058923363685608
(27,9): 0.4986010193824768
(27,10): 0.4461958706378937
(27,12): 0.4039294421672821
(27,35): 0.5296818614006042
(28,0): 0.6798273324966431
(28,2): 0.4250515401363373
(28,3): 0.3693903684616089
(28,5): 0.5236042737960815
(28,6): 0.45668309926986694
(28,7): 0.4806250333786011
(28,8): 0.40228670835494995
(28,9): 0.4242860674858093
(28,10): 0.4435221552848816
(28,11): 0.5487473011016846
(28,12): 0.4693782925605774
(29,2): 0.4697518050670624
(29,4): 0.47223973274230957
(29,5): 0.45256710052490234
(29,6): 0.5205453634262085
(29,10): 0.4844840168952942
(29,12): 0.4852793216705322
(30,2): 0.5572646856307983
(30,5): 0.3922896683216095
(30,6): 0.3829532861709595
(30,7): 0.47704046964645386
(30,8): 0.4592288136482239
(30,9): 0.4491247832775116
(30,10): 0.4310815930366516
(30,11): 0.5287371873855591
(30,12): 0.5038550496101379
(31,2): 0.5436041355133057
(31,37): 0.5586825013160706
(35,22): 0.46839457750320435
(35,23): 0.43743419647216797
(35,27): 0.5670771598815918
(36,22): 0.4962562322616577
(37,25): 0.5372555255889893
(37,31): 0.5199735760688782
