Interaction name: 4uja

Affinity: 9.050000190734863
Predicted value: 7.530723571777344

Shapley values for edges: 

(0,6): -0.05257960796356201
(0,11): -0.023135781288146973
(0,12): 0.0063361644744873045
(0,13): -0.0035712480545043944
(0,14): 0.030007677078247072
(1,4): -0.0007586002349853516
(1,9): 0.006435308456420898
(1,10): 0.0018289947509765624
(1,15): 0.15521674156188964
(2,4): -0.014962096214294434
(2,8): 0.008988456726074219
(2,9): -0.021757092475891113
(2,10): -0.044582886695861815
(2,13): -0.0002888107299804687
(2,16): -0.11797786235809327
(3,6): 0.015740814208984374
(3,11): -0.046332602500915525
(3,13): -0.045714406967163085
(3,17): 0.03828665256500244
(3,19): -0.04727294921875
(3,21): -0.013915762901306153
(4,1): -0.03463418960571289
(4,2): -0.00047403812408447265
(4,9): 0.01584350109100342
(4,10): 0.02964588165283203
(4,18): 0.08332212448120117
(5,6): 0.10083736896514893
(5,11): 0.1125531816482544
(5,13): 0.1621736145019531
(6,0): -0.01690974712371826
(6,3): 0.013548550605773925
(6,5): 0.004210987091064453
(6,8): 0.006016221046447754
(6,11): -0.024686594009399414
(6,13): -0.008856277465820312
(6,14): -0.02200214385986328
(6,22): -0.013405141830444335
(6,24): 0.004872388839721679
(7,12): -0.007172160148620606
(7,23): -0.015316066741943359
(7,24): -0.002934222221374512
(7,25): -0.012362127304077148
(8,2): -0.04154691696166992
(8,6): -0.05140678882598877
(8,9): -0.023416309356689452
(8,10): 0.0015717458724975586
(8,11): -0.011301374435424805
(8,13): -0.012767481803894042
(8,14): -0.0074031782150268555
(8,22): -0.01073549747467041
(8,26): -0.04495573043823242
(8,27): -0.018880634307861327
(8,28): -0.039982776641845706
(9,1): 0.07218439102172852
(9,2): 0.022130112648010253
(9,4): -0.07230329990386963
(9,8): -0.051362109184265134
(9,10): 0.007191624641418457
(9,13): -0.04310343265533447
(9,14): -0.018189592361450194
(9,28): -0.02171538829803467
(9,30): -0.05090432643890381
(9,31): -0.01787466526031494
(10,1): 0.01647829055786133
(10,2): 0.02343505382537842
(10,4): -0.04618683815002442
(10,8): 0.006167478561401367
(10,9): 0.02179397106170654
(10,11): -0.019096269607543945
(10,13): -0.002514195442199707
(10,14): -0.0314617395401001
(10,29): 0.03479341983795166
(11,0): 0.009056320190429687
(11,3): -0.01558398723602295
(11,5): 0.007174243927001953
(11,6): -0.07629581928253173
(11,8): 0.001875290870666504
(11,10): 0.03728603839874268
(11,13): -0.011360864639282226
(11,14): -0.006718955039978027
(11,27): -0.10121426582336426
(12,0): -0.055744876861572264
(12,7): -0.017573037147521973
(12,22): -0.027679452896118163
(12,24): -0.008116884231567383
(12,27): -0.06645723819732666
(13,0): -0.02345123767852783
(13,2): 0.051496877670288085
(13,3): 6.55364990234375e-05
(13,5): 0.014516057968139649
(13,6): -0.017175073623657226
(13,8): 0.012296738624572754
(13,9): 0.007389626502990723
(13,10): 0.003460507392883301
(13,11): -0.010498628616333008
(13,14): 0.00814197063446045
(14,0): -0.07122115612030029
(14,6): -0.027560815811157227
(14,8): 0.0028215980529785155
(14,9): 0.022207555770874025
(14,10): 0.032969002723693845
(14,11): -0.057547621726989746
(14,13): -0.003947515487670899
(14,30): -0.02126950740814209
(15,1): -0.0036638069152832033
(15,18): 0.02625075340270996
(16,2): -0.0656397819519043
(16,27): -0.04257405757904053
(17,3): 0.05172753810882568
(17,19): -0.15112687587738038
(17,27): -0.10934182167053223
(18,4): -0.011055216789245606
(18,15): -0.025612058639526366
(18,28): 0.014118475914001465
(19,3): -0.039889898300170895
(19,17): -0.12824745655059813
(19,20): -0.20846859931945802
(19,27): 0.14223780632019042
(20,19): 0.05267951488494873
(20,27): 0.3135923624038696
(21,3): 0.011103706359863281
(22,6): -0.016438140869140624
(22,8): -0.010281982421875
(22,12): -0.02724514961242676
(22,24): -0.03541731357574463
(22,30): -0.008135418891906738
(23,7): -0.0038326120376586913
(23,25): 0.002226724624633789
(24,6): -0.07034417629241943
(24,7): -0.01878803253173828
(24,12): -0.003583831787109375
(24,22): -0.005284452438354492
(24,25): -0.009428467750549317
(25,7): -0.0011449003219604493
(25,23): -0.0072484159469604495
(25,24): -0.008634438514709472
(26,8): 0.0016322040557861328
(26,27): 0.00986640453338623
(26,31): -0.003325042724609375
(27,8): -0.007321343421936035
(27,11): -0.012793288230895997
(27,12): 0.014170122146606446
(27,16): -0.03530418872833252
(27,17): -0.004173464775085449
(27,19): -0.07599677085876465
(27,20): 0.06115169525146484
(27,26): 0.008279824256896972
(28,8): -0.0004085254669189453
(28,9): 0.017248053550720215
(28,18): -0.038576908111572265
(28,30): -0.01117717742919922
(29,10): 0.00943188190460205
(30,9): 0.014192695617675782
(30,14): -0.0015523338317871094
(30,22): -0.012967815399169922
(30,28): -0.02207752227783203
(31,9): -0.019218597412109375
(31,26): -0.026931872367858888
