Interaction name: 5b25

Affinity: 10.239999771118164
Predicted value: 8.470394134521484

Attributions for edges: 

(0,6): 0.0
(0,10): 1.3863489311416682e-26
(0,11): 0.0
(0,16): 1.1049379073096611e-29
(0,18): 7.258155884914956e-27
(0,26): 9.385736395232171e-26
(0,28): 1.8893833773919221e-28
(1,4): 6.813504969747214e-16
(1,5): 1.938479453724492e-14
(1,7): 2.2119534851629047e-16
(1,13): 5.761486340100097e-12
(1,14): 1.0800515213085782e-12
(1,15): 7.901665646824612e-23
(1,21): 1.6478305372347212e-20
(1,29): 4.2746903429089975e-14
(1,30): 1.2469770875600528e-11
(2,4): 8.987990247429912e-21
(2,5): 4.705960785760652e-19
(2,30): 2.3500807360584395e-16
(3,5): 9.9269071809762e-17
(3,8): 1.828863776525834e-15
(3,9): 4.6044507724836425e-15
(3,12): 6.460890622010067e-25
(3,13): 2.5147925395200242e-14
(3,14): 4.03834900768044e-15
(4,1): 4.754853754246379e-15
(4,2): 9.929993681938508e-28
(4,15): 3.999728000039715e-23
(4,17): 3.055870211439146e-17
(4,19): 8.529115781696905e-12
(4,20): 1.3407999537029536e-11
(4,21): 8.341119660335672e-21
(4,22): 1.4177878706125857e-12
(4,24): 4.600615027827715e-11
(4,25): 6.645716615905073e-11
(4,27): 8.73624970650945e-14
(4,29): 2.1637927587929776e-14
(4,31): 1.111703989148332e-19
(5,1): 6.999101992422041e-11
(5,2): 2.1295457908622258e-23
(5,3): 1.4691388389456048e-18
(5,8): 4.158621003114149e-09
(5,9): 1.0469997313578006e-08
(5,12): 1.4691388389456048e-18
(5,13): 5.718362316997627e-08
(5,14): 9.182763882620293e-09
(6,0): 0.0
(6,10): 8.809862312661418e-32
(6,11): 0.0
(6,16): 7.02149293245668e-35
(6,48): 0.0
(7,1): 2.501801806966222e-15
(7,15): 2.1044948817282084e-23
(7,17): 1.6078751636056778e-17
(7,18): 8.302150419121172e-18
(7,21): 4.388759816781025e-21
(7,26): 8.31787743867152e-17
(7,28): 1.207885448848701e-19
(7,29): 1.1385000337231152e-14
(7,33): 0.0
(8,3): 2.149555587147916e-18
(8,5): 3.3027020007736496e-10
(8,9): 1.5319100654664908e-08
(8,12): 2.149555587147916e-18
(8,13): 8.366779269408653e-08
(8,14): 1.343569433487346e-08
(8,43): 3.9813960263114524e-25
(8,49): 2.698686326491062e-12
(9,3): 1.8598018699912567e-19
(9,5): 2.8575076332915117e-11
(9,8): 5.264471636401424e-10
(9,12): 1.8598018699912567e-19
(9,13): 7.238964094824496e-09
(9,14): 1.242491221020714e-09
(9,34): 2.8032170750396233e-18
(9,35): 3.6983158461819285e-28
(9,36): 4.5848364186833027e-38
(10,0): 1.936121875374967e-29
(10,6): 1.604141838379333e-35
(10,11): 6.743530735264792e-32
(10,18): 1.0069669554977788e-15
(10,26): 1.3021461215062882e-14
(10,28): 2.6212533048637794e-17
(10,34): 1.2617696741610244e-19
(10,39): 8.99051651627545e-31
(10,44): 2.644222985508744e-16
(10,49): 1.050974086404255e-14
(11,0): 0.0
(11,6): 0.0
(11,10): 2.3032397825718007e-29
(11,16): 1.8357047285530773e-32
(11,34): 1.5109710713263602e-33
(11,40): 1.4940532122754054e-38
(12,3): 6.460865970106779e-25
(12,5): 9.926868799795777e-17
(12,8): 1.828857000262256e-15
(12,9): 4.60443298479175e-15
(12,13): 2.5147925395200242e-14
(12,14): 4.03834900768044e-15
(13,1): 2.526277798065024e-10
(13,3): 5.302735615361015e-18
(13,5): 8.147431063143529e-10
(13,8): 1.5010256149139423e-08
(13,9): 3.7790666596038136e-08
(13,12): 5.302735615361015e-18
(13,14): 3.314455554459528e-08
(13,32): 3.050548925471368e-16
(13,38): 3.8784987948160125e-33
(13,44): 1.6749836652223127e-13
(14,1): 8.778634937034457e-12
(14,3): 1.5316122750941317e-19
(14,5): 2.3532578663498782e-11
(14,8): 4.335486136763933e-10
(14,9): 1.1644729625004402e-09
(14,12): 1.5316180912078137e-19
(14,13): 5.961552584921037e-09
(14,33): 2.4973604919565452e-36
(14,41): 1.2958212715646852e-36
(14,43): 2.8368442716806577e-26
(15,1): 1.5471536396913267e-22
(15,4): 1.1222175098910354e-23
(15,7): 3.643209334787135e-24
(15,17): 9.943314622917895e-25
(15,18): 5.134180407304843e-25
(15,19): 2.7752224913762614e-19
(15,20): 4.362741319133438e-19
(15,21): 2.7140775333050952e-28
(15,26): 5.143905977582474e-24
(15,28): 7.469724681909739e-27
(15,29): 7.040636842985851e-22
(15,32): 8.505955664380617e-29
(15,38): 0.0
(15,42): 0.0
(15,44): 7.372937457740547e-26
(15,45): 0.0
(15,49): 2.7740510668845816e-24
(16,0): 2.3003826412841186e-32
(16,6): 1.905943736256874e-38
(16,11): 8.012253869066807e-35
(16,34): 1.4991582062579768e-22
(16,40): 1.48236699666897e-27
(16,43): 1.842244714800784e-30
(16,44): 3.1417172694770686e-19
(16,48): 4.759262484510749e-38
(17,4): 1.311628864462059e-17
(17,7): 4.258105763380047e-18
(17,15): 1.5211101936549692e-24
(17,18): 6.000697484741035e-19
(17,21): 3.172156364913187e-22
(17,26): 6.012087658378314e-18
(17,28): 8.730487468713734e-21
(17,29): 8.228945729003617e-16
(17,46): 4.632736194250909e-34
(17,47): 8.558072315714832e-27
(18,0): 4.9510499625490075e-34
(18,7): 3.76631592164309e-19
(18,10): 5.83244726793713e-20
(18,15): 1.345434814366776e-25
(18,17): 1.0279345684097772e-19
(18,21): 2.805777869201213e-23
(18,26): 5.317743049816988e-19
(18,28): 7.72213239061109e-22
(18,46): 4.097694672822909e-35
(18,48): 0.0
(18,49): 2.867788137824008e-19
(19,4): 3.3463894849594666e-11
(19,15): 3.936301485823949e-18
(19,20): 1.3857835483577219e-06
(19,22): 1.338020467755996e-07
(19,23): 2.48315479289829e-09
(19,24): 5.098292604088783e-06
(19,25): 7.51145307731349e-06
(19,27): 8.023936182155467e-09
(19,29): 1.9873671597281373e-09
(19,34): 1.2985905789492021e-16
(20,4): 5.4628856993588215e-11
(20,15): 6.425911643177874e-18
(20,19): 1.4449182117459713e-06
(20,22): 2.2452242376402864e-07
(20,23): 3.948056548352952e-09
(20,24): 8.555006388633046e-06
(20,25): 1.2654284546442796e-05
(20,27): 1.2954935790787658e-08
(20,29): 3.131061188099693e-09
(20,32): 8.316771398930863e-16
(20,44): 4.566540830371058e-13
(21,1): 3.201041629033606e-20
(21,4): 2.3218717456293403e-21
(21,7): 7.5377555284395105e-22
(21,15): 2.69269995166364e-28
(21,17): 2.057259373782076e-22
(21,18): 1.0622556087281164e-22
(21,26): 1.0642678225033797e-21
(21,28): 1.5454767265106621e-24
(21,29): 1.4567044790319487e-19
(21,32): 1.7598650171512932e-26
(21,34): 5.978737896885172e-27
(21,44): 1.5254632464591146e-23
(21,49): 5.73947729657532e-22
(22,4): 1.8484890701442325e-11
(22,19): 4.830969828617526e-07
(22,20): 7.774686991979252e-07
(22,23): 1.401520899335651e-09
(22,24): 2.8603096779988846e-06
(22,25): 4.214175987726776e-06
(22,27): 4.528800889858076e-09
(23,19): 5.635858428831853e-07
(23,20): 9.07003652628191e-07
(23,22): 8.757412928162012e-08
(23,24): 3.33686489284446e-06
(23,25): 4.9163018047693186e-06
(23,27): 5.05303310305294e-09
(23,38): 4.1243589484202634e-33
(24,4): 9.979580356533901e-11
(24,19): 2.6530194645602023e-06
(24,20): 4.269612418283941e-06
(24,22): 4.122468624245812e-07
(24,23): 7.2978969534176485e-09
(24,25): 2.3142587451729923e-05
(24,44): 8.384667743097096e-13
(24,47): 1.0243997930077908e-19
(24,48): 1.2701453910493683e-31
(24,49): 3.3325675552475786e-11
(25,4): 1.2994245957020922e-10
(25,19): 3.4861318454204593e-06
(25,20): 5.610377229459118e-06
(25,22): 5.417032866716909e-07
(25,23): 9.525463084969488e-09
(25,24): 2.0640323782572523e-05
(25,27): 3.125626690803074e-08
(25,37): 1.0446850249278249e-17
(25,45): 9.609663961717284e-27
(25,46): 7.865801419436707e-27
(26,0): 2.873597879455185e-30
(26,7): 1.5628964898791679e-15
(26,10): 2.8546619685069705e-16
(26,15): 5.583088462014513e-22
(26,17): 4.265588042154508e-16
(26,18): 2.2025147588036336e-16
(26,21): 1.164309315685466e-19
(26,39): 1.3343751076749085e-31
(27,4): 1.4749248697376593e-11
(27,19): 4.2345584461145336e-07
(27,20): 6.814856874370889e-07
(27,22): 6.579975320164522e-08
(27,23): 1.1570384650383403e-09
(27,25): 3.6939165966032306e-06
(28,0): 2.59932244201624e-28
(28,7): 9.775946057440782e-14
(28,10): 2.5822136516160353e-14
(28,15): 2.1808899577709006e-20
(28,17): 2.581238547287156e-14
(28,18): 1.3519017685642478e-14
(28,21): 5.034721238678015e-18
(29,1): 2.2989323118782767e-12
(29,4): 1.6675181201131206e-13
(29,7): 5.4134736244496745e-14
(29,15): 1.933842612750422e-20
(29,17): 1.4774905813239904e-14
(29,19): 4.123740460215686e-09
(29,20): 6.4826561896325074e-09
(29,21): 4.032846698198688e-18
(29,50): 5.084245227440681e-33
(30,1): 3.752131494394462e-09
(30,2): 1.1416229422677259e-21
(30,31): 1.2781037350435148e-13
(30,37): 2.3588724417425716e-17
(30,47): 3.039439488662184e-19
(31,4): 1.779123587819162e-14
(31,30): 4.6518477958557014e-10
(31,47): 2.3397410922741663e-23
(31,49): 7.611579518529334e-15
(31,50): 9.012032133044687e-34
(32,13): 5.994855200697202e-06
(32,15): 3.643249840924071e-17
(32,20): 2.3525904907728545e-05
(32,21): 8.41073562250598e-15
(33,7): 6.813865264251893e-32
(33,14): 4.896277734623573e-28
(33,34): 1.1807230550185797e-36
(34,9): 1.193671572176369e-12
(34,10): 3.848332730194343e-17
(34,11): 1.3492687827303002e-33
(34,16): 3.06714726037284e-20
(34,19): 1.6740431957318336e-11
(34,21): 7.503390071591893e-21
(34,33): 0.0
(35,9): 3.0047483173314698e-21
(36,9): 9.497223230349944e-30
(36,41): 0.0
(36,50): 0.0
(37,25): 2.575954206884834e-12
(37,30): 2.2669575092983119e-13
(38,13): 7.681781062736681e-25
(38,15): 3.829755070499947e-36
(38,23): 5.3896082528487605e-27
(39,10): 9.545576139108871e-28
(39,26): 6.462486432154547e-27
(39,40): 6.191997118064843e-37
(40,11): 0.0
(40,16): 4.7476317844731433e-26
(40,39): 2.784410316660241e-38
(40,43): 4.8021076536516863e-35
(41,14): 8.900031023657626e-29
(41,36): 0.0
(41,49): 1.78763479725452e-32
(41,50): 0.0
(42,15): 2.697295765881552e-35
(43,8): 5.89478267801446e-21
(43,14): 1.3016380833195897e-20
(43,16): 3.8134139937421276e-28
(43,40): 3.1036820708825676e-34
(44,10): 3.272381064040042e-12
(44,13): 5.543701036003768e-07
(44,15): 2.7637926130695803e-18
(44,16): 2.608109735802557e-15
(44,20): 2.2908909613761352e-06
(44,21): 6.380388965849713e-16
(44,24): 8.428159162576776e-06
(45,15): 4.042003341065178e-29
(45,25): 1.8160363889819538e-16
(46,17): 2.8040001711512973e-24
(46,18): 1.4685740295195129e-24
(46,25): 1.0644284199424243e-17
(47,17): 6.744163154153663e-20
(47,24): 1.7376592244093547e-13
(47,30): 2.2530503802692045e-14
(47,31): 4.765241399256571e-22
(48,6): 0.0
(48,16): 1.1575474908211082e-33
(48,18): 7.603769373689486e-31
(48,24): 3.7406482505086765e-24
(49,8): 1.879270072890904e-09
(49,10): 1.5253691864301755e-13
(49,15): 1.3433106832540583e-19
(49,18): 7.985974349259545e-14
(49,21): 2.974124252839716e-17
(49,24): 3.928685998744186e-07
(49,31): 1.077379322095371e-15
(49,41): 5.6169071878482946e-36
(49,50): 9.868459627766183e-32
(50,29): 2.3284474538714215e-26
(50,31): 2.0041125438581665e-31
(50,36): 0.0
(50,41): 0.0
(50,49): 1.550451725765094e-28
