Interaction name: 5uhi

Affinity: 8.039999961853027
Predicted value: 8.196586608886719

Shapley values for edges: 

(0,12): 0.012160344123840332
(0,15): 0.005074338912963867
(0,31): -0.009645609855651856
(0,34): 0.032390322685241696
(1,9): -0.03390326976776123
(1,11): -0.006662120819091797
(1,27): -0.02332690715789795
(2,4): 0.019111757278442384
(2,8): 0.026312804222106932
(2,10): 0.030185189247131348
(2,13): 0.020800123214721678
(2,14): 0.026868791580200196
(2,18): 0.020948777198791502
(2,21): 0.0376424503326416
(2,22): 0.023776731491088866
(2,24): 0.02211780071258545
(2,32): 0.015437135696411133
(2,33): 0.035502777099609376
(3,12): 0.000574960708618164
(3,15): 0.0165802526473999
(3,18): 0.014981184005737305
(3,21): 0.019971394538879396
(3,23): 0.027658724784851076
(3,26): 0.018524894714355467
(3,29): 0.019234766960144044
(3,30): 0.03450254440307617
(3,31): 0.0183933162689209
(3,34): 0.03896151065826416
(3,35): 0.019906315803527832
(4,2): 0.016462521553039552
(4,7): 0.016352105140686034
(4,10): 0.014649758338928223
(4,13): 0.02549090385437012
(4,14): 0.021320314407348634
(4,19): 0.023912110328674317
(4,22): 0.009639530181884766
(4,32): 0.01555912971496582
(5,12): 0.017891039848327638
(5,15): 0.01869534492492676
(5,18): 0.01378462314605713
(5,21): -0.0015327835083007813
(5,23): 0.024139084815979005
(5,26): -0.006603713035583496
(5,29): 0.01583512783050537
(5,30): 0.007872958183288575
(5,31): 0.004766631126403809
(6,7): 0.0007294368743896484
(6,9): 0.007868585586547851
(6,10): 0.0003171968460083008
(6,11): 0.007486038208007813
(6,14): -0.00013145923614501953
(6,17): -0.011260395050048827
(6,19): -0.002649521827697754
(6,27): 0.007673807144165039
(6,36): -0.0020354890823364256
(6,52): -0.0120111083984375
(7,4): -0.002339925765991211
(7,6): -0.00562105655670166
(7,9): 0.009913816452026367
(7,10): -0.004299888610839844
(7,11): 0.018995156288146974
(7,13): -0.007293543815612793
(7,14): 0.0012804937362670898
(7,19): 0.001231822967529297
(7,22): 0.0005680990219116211
(7,27): 0.005487279891967773
(7,32): -0.00463414192199707
(7,37): 0.006615595817565918
(7,44): 0.004059410095214844
(8,2): -0.0029438114166259765
(8,15): -0.012272796630859374
(8,18): -0.010078134536743165
(8,21): -0.0063736200332641605
(8,22): -0.0019688701629638674
(8,24): -0.0017012500762939454
(8,26): 0.0009588432312011718
(8,32): -0.007888116836547852
(8,37): 0.009797415733337402
(8,38): 0.024239020347595217
(9,1): -0.013731517791748048
(9,6): -0.006403493881225586
(9,7): 0.0012961864471435548
(9,11): 0.004275293350219727
(9,14): -0.009639768600463868
(9,19): -0.0023940706253051756
(9,27): 0.0003131532669067383
(10,2): -0.0154447603225708
(10,4): -0.0026518726348876954
(10,6): 0.0011606645584106446
(10,7): -9.090900421142578e-05
(10,13): -0.00039520263671875
(10,14): 0.004322371482849121
(10,17): 0.005262684822082519
(10,19): 0.0038472509384155276
(10,21): -0.0019843435287475587
(10,22): -0.006311464309692383
(10,24): 0.002107367515563965
(10,32): -0.008334589004516602
(10,37): 0.0038462066650390625
(10,38): 0.008534440994262696
(10,46): 0.0181719446182251
(11,1): 0.004932723045349121
(11,6): -0.006690196990966797
(11,7): -0.0033904123306274414
(11,9): -0.003964552879333496
(11,19): -0.007737016677856446
(11,27): -0.0067647647857666015
(11,41): -0.005843601226806641
(11,50): 0.005902605056762695
(12,0): 0.006335873603820801
(12,3): -0.006715860366821289
(12,5): -0.005089125633239746
(12,15): -0.004570798873901367
(12,23): -0.0033809518814086914
(12,29): -0.002753438949584961
(12,30): -0.0017630767822265625
(12,31): -0.010300145149230958
(12,39): 0.002317047119140625
(12,42): 0.035531048774719236
(12,48): 0.02111349582672119
(12,53): 0.013009614944458008
(13,2): -0.01052276611328125
(13,4): 0.005953078269958496
(13,7): 0.006198043823242187
(13,10): -0.012397217750549316
(13,32): -0.011243643760681153
(13,36): 0.013227310180664063
(13,37): -0.006094217300415039
(13,39): 0.005883822441101074
(13,43): 0.02743631839752197
(13,44): 0.011467485427856446
(13,45): 0.011019248962402344
(14,2): -0.014371199607849121
(14,4): -0.0010632228851318358
(14,6): -0.012642741203308105
(14,7): -0.009556388854980469
(14,9): 0.016683683395385743
(14,10): -0.012744593620300292
(14,17): -0.005813055038452149
(14,19): 0.0002768087387084961
(14,22): -0.003562030792236328
(14,24): -0.004982972145080566
(14,27): 0.017797107696533202
(14,32): -0.006564583778381348
(14,44): 0.003931784629821777
(14,45): 0.024289417266845702
(14,46): 0.015192089080810546
(14,47): 0.043327350616455075
(14,50): 0.0006442594528198242
(15,0): -0.009507145881652832
(15,3): -0.006179308891296387
(15,5): -0.0017818355560302735
(15,8): 0.0017060422897338867
(15,12): -0.0077715301513671875
(15,18): 0.0014693832397460937
(15,21): -0.008900260925292969
(15,23): -0.009409289360046386
(15,24): 0.00561981201171875
(15,25): -0.0058523941040039065
(15,26): -0.007431988716125488
(15,28): 0.002207307815551758
(15,29): -0.004936628341674805
(15,30): 0.00240572452545166
(15,31): -0.005962715148925781
(15,33): 0.0061916780471801755
(15,39): 0.019423274993896483
(15,43): 0.030873985290527345
(16,20): 0.00696195125579834
(16,23): -0.005538158416748047
(16,25): -0.01753628730773926
(16,28): -0.026259803771972658
(16,30): -0.01263627529144287
(16,48): 0.006691989898681641
(16,49): -0.002673172950744629
(17,6): 0.003202219009399414
(17,10): -0.0014471292495727539
(17,14): -0.0005589342117309571
(17,19): 0.009911065101623534
(17,21): -0.0154025936126709
(17,22): -0.019179697036743163
(17,24): -0.01451416015625
(17,32): -0.0003094959259033203
(17,36): -0.0052565431594848635
(17,37): -0.026112256050109865
(17,39): -0.010816659927368164
(17,41): 0.012701654434204101
(17,44): -0.0050868368148803715
(17,47): 0.03023294925689697
(17,50): -0.008225164413452148
(17,51): 0.06080953121185303
(18,2): -0.018237071037292482
(18,3): 0.014437484741210937
(18,5): 0.002005109786987305
(18,8): 0.0008593082427978515
(18,15): -0.0021488380432128904
(18,21): -0.004730386734008789
(18,23): 0.003095412254333496
(18,24): -0.0037592315673828126
(18,26): -0.007635188102722168
(18,29): 0.00900822639465332
(18,30): 0.006645455360412598
(18,31): -0.00472996711730957
(18,33): 0.007733316421508789
(18,40): 0.032082324028015134
(18,52): 0.01996869087219238
(19,4): -0.0004617643356323242
(19,6): 0.0037519216537475588
(19,7): 0.0057431840896606445
(19,9): 0.008867464065551757
(19,10): -0.003007793426513672
(19,11): 0.010047521591186524
(19,14): -0.0009505081176757812
(19,17): 0.005418958663940429
(19,22): 0.008513779640197753
(19,27): 0.01196108341217041
(19,32): -0.007675271034240722
(19,53): -0.008776874542236328
(20,16): -0.0005274105072021484
(20,23): -0.018763833045959473
(20,25): -0.002931685447692871
(20,28): -0.010849623680114747
(20,29): -0.0031897306442260744
(20,30): -0.009813885688781738
(20,38): 0.017881336212158202
(20,44): -0.0010943984985351562
(20,48): 0.018610968589782714
(20,49): 0.04228325366973877
(20,52): 0.024730114936828612
(21,2): -0.011923604011535645
(21,3): -0.008668303489685059
(21,5): -0.006739320755004882
(21,8): 0.003866925239562988
(21,10): 0.005303311347961426
(21,15): -0.02146735191345215
(21,17): 0.010353522300720215
(21,18): -0.00890038013458252
(21,22): -0.00440157413482666
(21,24): 0.003095197677612305
(21,26): -0.009944982528686523
(21,29): -0.01356861114501953
(21,30): 0.008448834419250489
(21,31): -0.01435636043548584
(21,33): 0.004636049270629883
(21,36): 0.017938451766967775
(21,39): 0.006197242736816406
(21,40): 0.03017423152923584
(21,50): -8.975505828857421e-05
(22,2): -0.0037498903274536134
(22,4): -0.004373745918273926
(22,7): -0.001565570831298828
(22,8): 0.0034246301651000978
(22,10): 0.007546734809875488
(22,14): 0.0076002168655395505
(22,17): 0.0012462186813354493
(22,19): 0.009351234436035156
(22,21): -0.0032970380783081056
(22,24): -0.00042373180389404297
(22,26): 0.0004820108413696289
(22,32): -0.004677119255065918
(22,33): 0.0005131864547729492
(22,53): 0.015401434898376466
(23,3): 0.0031702184677124025
(23,5): -0.007963056564331055
(23,12): -0.005076570510864258
(23,15): -0.012579946517944337
(23,16): 0.019983687400817872
(23,18): -0.005054149627685547
(23,20): -0.011959829330444337
(23,25): -0.014319629669189453
(23,26): -0.010083322525024413
(23,28): -0.006163063049316406
(23,29): -0.000742645263671875
(23,30): -0.0066848468780517575
(23,31): -0.009193902015686034
(23,42): 0.012134089469909667
(23,48): 0.016733460426330567
(24,2): -0.0028479862213134765
(24,8): -0.003797941207885742
(24,10): 0.004724516868591309
(24,14): 0.006752309799194336
(24,15): -0.013228392601013184
(24,17): 0.0007863473892211914
(24,18): 0.0072419166564941405
(24,21): 0.004955706596374512
(24,22): -0.0005288267135620117
(24,26): -0.0074785852432250974
(24,32): -0.008398303985595703
(24,33): 0.006253547668457031
(24,36): 0.015152897834777832
(24,38): -1.9283294677734374e-05
(25,15): -0.013519091606140137
(25,16): 0.009111557006835937
(25,20): -3.355503082275391e-05
(25,23): -0.006056437492370606
(25,28): -0.00756162166595459
(25,29): -0.01588462829589844
(25,30): 0.006036281585693359
(26,3): 0.01792775630950928
(26,5): 0.0009436416625976563
(26,8): -0.000560760498046875
(26,15): -0.0035131359100341797
(26,18): -0.004279241561889648
(26,21): 0.004403305053710937
(26,22): -0.006653213500976562
(26,23): -0.006595888137817383
(26,24): 0.0006487798690795898
(26,29): -0.006992535591125488
(26,30): 0.006077818870544434
(26,31): -0.010764689445495605
(26,33): 0.0026807451248168947
(27,1): 0.006908740997314453
(27,6): 0.0009409952163696289
(27,7): -0.006476917266845703
(27,9): 0.0008516597747802734
(27,11): 0.003345036506652832
(27,14): -0.0029396104812622072
(27,19): -0.004184651374816895
(28,15): -0.028292431831359863
(28,16): -0.00012957096099853516
(28,20): 0.011508541107177734
(28,23): 0.0018651390075683594
(28,25): -0.008932948112487793
(28,29): -0.007671504020690918
(28,30): 0.0026578712463378906
(28,53): -0.0002278566360473633
(29,3): 0.003961796760559082
(29,5): -0.0014659881591796875
(29,12): -5.5251121520996096e-05
(29,15): -0.002738008499145508
(29,18): -0.005865583419799805
(29,20): 0.010126991271972656
(29,21): 0.0004308319091796875
(29,23): 0.002093005180358887
(29,25): 0.002115473747253418
(29,26): 0.0016652536392211914
(29,28): 0.004222579002380371
(29,30): 0.010400223731994628
(29,31): -0.0005447101593017578
(29,39): 0.010752854347229003
(30,3): -0.006601448059082031
(30,5): -0.004504313468933105
(30,12): 0.0010862970352172852
(30,15): -0.005517535209655762
(30,16): -0.004012188911437988
(30,18): -0.010419621467590331
(30,20): -0.006448311805725098
(30,21): -0.0028299856185913085
(30,23): 0.0023363971710205077
(30,25): -0.006541991233825683
(30,26): 0.0013323211669921875
(30,28): -0.00974656105041504
(30,29): -0.002790989875793457
(30,52): 0.008423900604248047
(30,53): 0.008170957565307618
(31,0): 0.08168363094329834
(31,3): 0.0589850902557373
(31,5): 0.03872335910797119
(31,12): 0.036898751258850095
(31,15): -0.01004765510559082
(31,18): 0.0005747509002685546
(31,21): -0.007386140823364258
(31,23): 0.0067310619354248044
(31,26): -0.009342594146728516
(31,29): 0.004202733039855957
(32,2): 0.022121009826660157
(32,4): 0.03196907520294189
(32,7): 0.026359124183654783
(32,8): 0.02535048484802246
(32,10): -0.016700587272644042
(32,13): 0.012922143936157227
(32,14): -0.01000596046447754
(32,17): -0.023580307960510253
(32,19): 0.012715630531311035
(32,22): -0.008442106246948243
(32,24): -0.0026866912841796873
(32,33): -0.00142697811126709
(33,2): 0.008328280448913573
(33,15): -0.00975104808807373
(33,18): -0.001279916763305664
(33,21): -0.01057342529296875
(33,22): 0.005166373252868652
(33,24): -0.007903046607971191
(33,26): 0.012351336479187012
(33,32): -0.01936656951904297
(34,0): -0.0054253673553466795
(34,3): 0.00012968063354492187
(35,3): -0.011627664566040039
(35,39): -0.043433008193969724
(35,51): -0.008430953025817872
(36,6): -0.008545513153076173
(36,13): -0.003709278106689453
(36,17): -0.008986740112304688
(36,21): -0.005302586555480957
(36,24): -0.014579329490661621
(36,46): 0.011692276000976562
(37,7): -0.002602381706237793
(37,8): -0.016525487899780273
(37,10): -0.004711399078369141
(37,13): -0.0023160600662231446
(37,17): -0.00797414779663086
(37,40): 0.01177133560180664
(37,52): -0.008982377052307129
(38,8): -0.015589261054992675
(38,10): -0.023663902282714845
(38,20): -0.0047142267227172855
(38,24): -0.027790532112121583
(39,12): -0.01087636947631836
(39,13): 0.0037581157684326173
(39,15): -0.01888291835784912
(39,17): -0.0036891365051269533
(39,21): -0.01336881160736084
(39,29): -0.008056597709655762
(39,35): -0.006391506195068359
(40,18): -0.02008845329284668
(40,21): -0.026910715103149414
(40,37): -0.02518639087677002
(40,52): -0.02842051029205322
(41,11): -0.014258704185485839
(41,17): -0.015665669441223145
(42,12): -0.031323909759521484
(42,23): -0.045718541145324705
(43,13): -0.00981644630432129
(43,15): -0.03164162158966064
(43,47): 0.012112669944763184
(44,7): 0.002071728706359863
(44,13): 0.0026728105545043945
(44,14): -0.009364933967590331
(44,17): 0.0036211109161376955
(44,20): -0.0025673627853393553
(45,13): -0.00800832748413086
(45,14): -0.0459072732925415
(46,10): -0.015521411895751952
(46,14): -0.022325496673583984
(46,36): -0.023438878059387207
(47,14): -0.02834963321685791
(47,17): -0.021509747505187988
(47,43): -0.00045307636260986326
(47,51): 0.00016918182373046876
(48,12): -0.008953590393066407
(48,16): -0.007713589668273926
(48,20): 0.013235945701599122
(48,23): -0.015262079238891602
(49,16): -0.05761229991912842
(49,20): -0.01373795509338379
(50,11): 0.009758181571960449
(50,14): -0.008840417861938477
(50,17): -0.018769865036010743
(50,21): -0.01370476245880127
(51,17): -0.020639729499816895
(51,35): -0.05475336074829101
(51,47): -0.019650168418884277
(52,6): -0.0021843671798706054
(52,18): -0.011618332862854004
(52,20): 0.003404064178466797
(52,30): -0.008402900695800781
(52,37): -0.00464759349822998
(52,40): 0.01130195140838623
(53,12): 0.0003289508819580078
(53,19): -0.01179600715637207
(53,22): -0.018469781875610353
(53,28): -0.013683271408081055
(53,30): -0.0004975223541259766
