Interaction name: 6ckw

Affinity: 9.079999923706055
Predicted value: 7.75145149230957

Shapley values for edges: 

(0,10): -0.0020749044418334962
(0,11): 0.0010700511932373047
(0,21): 0.0033094120025634766
(0,22): 0.002298297882080078
(0,28): 0.004990262985229492
(1,2): 0.029294185638427735
(1,3): 0.01290764331817627
(1,5): 0.005429177284240722
(1,10): 0.014632544517517089
(1,29): 0.006615858078002929
(1,31): 0.016019454002380373
(2,1): 0.01174614429473877
(2,3): 0.0031878328323364257
(2,5): 0.00807009220123291
(2,6): -0.015109987258911132
(2,10): 0.006276731491088867
(2,15): 0.012957754135131836
(2,21): 0.00855297565460205
(2,22): 0.008434429168701171
(2,28): 0.010932760238647461
(2,29): 0.0027872896194458007
(3,1): 0.013723058700561524
(3,2): 0.00964315414428711
(3,9): 0.02739975929260254
(3,29): -0.0005461025238037109
(4,7): -0.013152942657470704
(4,8): 0.008098096847534179
(4,17): 0.0005769062042236328
(4,18): -0.0038761091232299805
(4,19): 0.013088312149047852
(4,20): 0.0012738752365112306
(4,23): -0.005340919494628906
(4,25): -0.001517782211303711
(4,26): -0.007362432479858398
(5,1): 0.0065861701965332035
(5,2): 0.001110515594482422
(5,10): -0.00571962833404541
(5,11): 0.0018768644332885743
(5,15): 0.008900980949401855
(5,21): -0.0006694650650024414
(5,22): 0.007493395805358887
(5,30): -0.011477727890014649
(6,2): -0.0005558204650878907
(6,7): -0.0021796321868896486
(6,8): 0.0074682140350341795
(6,17): 0.009947943687438964
(6,18): 0.004198899269104004
(7,4): 0.0014268016815185546
(7,6): -0.01752696990966797
(7,17): 0.01166759967803955
(7,18): 0.008862600326538086
(7,23): 0.012228808403015136
(7,25): 0.003938369750976563
(7,26): 0.0020086288452148436
(7,30): -0.019704017639160156
(7,31): -0.01367598056793213
(8,4): 0.022638397216796877
(8,6): 0.009511489868164063
(8,17): 0.043838295936584476
(8,18): 0.036952672004699705
(8,23): 0.03274235725402832
(8,25): 0.02001758098602295
(8,26): 0.004594807624816895
(9,3): -0.0543491268157959
(9,32): 0.004382710456848144
(9,33): 0.00502875804901123
(9,34): -0.000530409812927246
(9,36): 0.007369375228881836
(9,43): 0.0013059711456298829
(10,0): 0.0006313276290893555
(10,1): -0.06321866989135742
(10,2): -0.017586989402770994
(10,5): -0.013161697387695313
(10,11): 0.006868185997009277
(10,12): 0.003079953193664551
(10,14): 0.007924728393554688
(10,15): 0.0007190179824829102
(10,21): -5.926609039306641e-05
(10,22): 0.0033980941772460936
(10,27): -0.003066105842590332
(10,34): 0.003259725570678711
(11,0): -0.006095528602600098
(11,5): -0.01567685604095459
(11,10): -0.0014591789245605468
(11,15): 8.92496109008789e-05
(11,21): 0.0003875875473022461
(11,22): 0.0010731887817382812
(11,35): 0.002809009552001953
(11,41): 0.03274771213531494
(12,10): -0.001263861656188965
(12,13): 0.0015134525299072266
(12,14): -0.0005326175689697266
(12,15): 0.0027424955368041994
(12,16): 0.0005441808700561524
(12,21): 0.0022809362411499025
(12,22): -0.0019912052154541014
(12,27): -0.006543726921081543
(12,42): 0.00901033878326416
(13,12): -0.0005890893936157227
(13,14): -0.0004921293258666992
(13,15): -0.002874455451965332
(13,16): -0.00048244953155517577
(13,21): -0.0006247138977050781
(13,22): 0.00029677391052246094
(13,27): -0.01084421157836914
(14,10): -0.0008637380599975586
(14,12): 0.00015244960784912108
(14,13): -0.00152557373046875
(14,15): -0.0028527545928955077
(14,16): -0.00026010513305664063
(14,21): -0.00012032985687255859
(14,22): 0.003772425651550293
(14,35): 0.003028264045715332
(14,36): 0.0029380464553833007
(15,2): -0.010490341186523438
(15,5): -0.010501327514648438
(15,10): 0.0003019380569458008
(15,11): 0.004947500228881836
(15,12): 0.0027981853485107423
(15,13): 0.001727132797241211
(15,14): 0.00528907299041748
(15,16): 0.006461124420166015
(15,21): -0.0016326570510864257
(15,22): 0.004062223434448242
(15,27): -0.010318841934204102
(15,34): 0.002388510704040527
(15,43): -0.0013545799255371095
(16,12): -0.0005068016052246093
(16,13): -0.0021819972991943357
(16,14): -0.00018238544464111329
(16,15): -0.0030692195892333984
(16,21): -0.0023453617095947265
(16,27): -0.01002007007598877
(16,32): -0.0021249198913574218
(16,35): 0.003784127235412598
(16,36): 0.003441009521484375
(16,37): 0.006932072639465332
(16,43): -0.002260293960571289
(17,4): -0.0021965694427490234
(17,6): -0.03931225299835205
(17,7): -0.018567991256713868
(17,8): 0.008872804641723632
(17,18): 0.007128257751464844
(17,23): 0.005552339553833008
(17,25): 0.003855457305908203
(17,26): -0.006197085380554199
(17,32): 0.011750097274780274
(17,34): 0.007534556388854981
(17,35): 0.007490878105163574
(17,42): 0.011773290634155274
(17,43): 0.01165323257446289
(18,4): -0.00201387882232666
(18,6): -0.042877917289733884
(18,7): -0.01574627876281738
(18,8): 0.005204730033874512
(18,17): 0.0034364938735961916
(18,19): 0.008920726776123046
(18,20): 0.005726161003112793
(18,23): 0.007007565498352051
(18,24): 0.003374724388122559
(18,25): 0.0009668397903442382
(18,26): -0.007990388870239258
(18,43): 0.009831943511962891
(19,4): -0.012909326553344726
(19,18): -0.0021998977661132815
(19,20): -0.0029886054992675783
(19,25): -0.004219427108764649
(19,33): 0.0029619693756103515
(19,36): 0.003522024154663086
(19,38): 0.08851190090179444
(19,39): 0.005557847023010254
(19,40): 0.00932281494140625
(20,4): -0.007849025726318359
(20,18): -0.0010761594772338867
(20,19): 0.0019556331634521485
(20,23): 0.006932892799377441
(20,24): -0.003907332420349121
(20,25): -0.001071648597717285
(20,26): -0.010548429489135742
(20,39): 0.01281682014465332
(21,0): -0.0003081464767456055
(21,2): -0.010053906440734863
(21,5): -0.022287840843200683
(21,10): 0.0014406442642211914
(21,11): 0.0031066036224365236
(21,12): 0.002765851020812988
(21,13): 0.0012174415588378906
(21,14): 0.005839314460754395
(21,15): -0.0018764209747314453
(21,16): 0.003467555046081543
(21,22): 0.006022300720214844
(21,27): -0.010190978050231933
(22,0): -0.00322479248046875
(22,2): -0.012020268440246583
(22,5): -0.018210701942443848
(22,10): 0.0030100679397583006
(22,11): 0.002760138511657715
(22,12): 0.0030907535552978514
(22,13): 0.0010141897201538085
(22,14): 0.006059255599975586
(22,15): 0.0014496517181396484
(22,21): 0.005325007438659668
(22,27): -0.012088937759399414
(23,4): -0.001895895004272461
(23,7): -0.025649256706237793
(23,8): 0.008372693061828614
(23,17): 0.007125139236450195
(23,18): 0.003170642852783203
(23,20): 0.005786757469177246
(23,24): -0.0005848503112792969
(23,25): 0.005102138519287109
(24,18): 0.00043246746063232424
(24,20): 0.003307037353515625
(24,23): 0.004768605232238769
(24,25): 0.0005321598052978516
(24,26): -0.01046555519104004
(25,4): 0.00033672332763671873
(25,7): -0.017574305534362792
(25,8): 0.0008964252471923828
(25,17): 0.0027200603485107422
(25,18): 0.0045739984512329105
(25,19): 0.010230073928833008
(25,20): 0.002564387321472168
(25,23): 0.006676154136657715
(25,24): -0.0015549278259277344
(25,26): -0.007399787902832031
(25,32): 0.01097672462463379
(25,33): 0.010019841194152833
(26,4): 0.010230016708374024
(26,7): 0.028318281173706054
(26,8): 0.0033205175399780274
(26,17): 0.009660825729370118
(26,18): 0.0029967784881591796
(26,20): 0.00679750919342041
(26,24): 0.01876688003540039
(26,25): 0.009734840393066406
(27,10): -0.007954459190368652
(27,12): -0.0037938785552978516
(27,13): -0.002924661636352539
(27,15): -0.01204524040222168
(27,16): -0.0049997615814208985
(27,21): 0.0013010168075561523
(27,22): -0.0055799722671508786
(28,0): 0.006907672882080078
(28,2): -0.00127382755279541
(28,42): 0.016222190856933594
(29,1): 0.02317398548126221
(29,2): 0.019705705642700196
(29,3): 0.011502928733825683
(29,30): 0.012689218521118165
(30,5): 0.015351600646972656
(30,7): 0.012358016967773437
(30,29): 0.018576416969299316
(30,41): 0.022219390869140626
(31,1): 0.0027163887023925783
(31,7): 0.0025388908386230467
(31,38): -0.020096707344055175
(32,9): 0.0035102081298828123
(32,16): -2.105712890625e-05
(32,17): -0.0012380838394165038
(32,25): -0.0014844560623168946
(32,40): 0.01052579402923584
(32,43): -1.1849403381347657e-05
(33,9): -0.0003883838653564453
(33,19): 0.0013857412338256837
(33,25): -0.00201904296875
(34,9): 0.002854313850402832
(34,10): 0.00027866840362548827
(34,15): -0.000903167724609375
(34,17): 0.0006104612350463867
(35,11): 0.0038356876373291018
(35,14): -0.0003818035125732422
(35,16): -0.0023291778564453127
(35,17): -0.0021917152404785155
(35,37): 0.0016815662384033203
(36,9): 2.2454261779785158e-05
(36,14): -0.0015133285522460937
(36,16): -0.0017727899551391601
(36,19): 0.0002395057678222656
(36,37): 0.001581254005432129
(37,16): -0.0012888097763061523
(37,35): -0.0018746089935302735
(37,36): 0.0013595914840698242
(37,41): 0.01636573314666748
(38,19): 0.010180659294128418
(38,31): -0.16248947620391846
(39,19): -0.00208338737487793
(39,20): -0.005427155494689941
(40,19): -0.004952511787414551
(40,32): -0.005212502479553223
(41,11): 0.00827648162841797
(41,30): -0.07771528720855712
(41,37): 0.0060119438171386715
(42,12): 0.005115690231323242
(42,17): -0.0017296123504638673
(42,28): -0.04950437545776367
(43,9): 0.0028825139999389647
(43,15): -0.00027731418609619143
(43,16): 0.0013086128234863282
(43,17): -0.00023924827575683594
(43,18): -0.004187178611755371
(43,32): 0.00297177791595459
