Interaction name: 6gi6

Affinity: 6.710000038146973
Predicted value: 7.275832176208496

Shapley values for edges: 

(0,8): -0.005141105651855469
(0,9): -0.04892146587371826
(0,13): 0.057529239654541015
(0,15): -0.020119194984436036
(0,16): -0.020001225471496582
(0,17): -0.06492236614227295
(1,2): -0.0071099185943603515
(1,4): -0.012899889945983886
(1,6): 0.0018983983993530274
(1,10): 0.010081534385681152
(1,12): 0.026731224060058595
(1,18): -0.010901298522949219
(2,1): -0.05027050495147705
(2,3): 0.022410426139831543
(2,6): -0.030508465766906738
(2,10): -0.054928946495056155
(2,12): -0.013873262405395508
(2,19): -0.014353880882263184
(3,2): -0.02415567874908447
(3,5): 0.002118334770202637
(3,6): -0.02773921489715576
(3,10): -0.018982973098754883
(3,11): -0.00202817440032959
(3,12): -0.06316983699798584
(4,1): 0.0600780439376831
(4,6): -0.0010184192657470704
(4,10): 0.001168379783630371
(4,11): 0.0021887969970703124
(4,12): 0.04393412590026855
(4,14): 0.014222087860107422
(4,15): 0.03873260498046875
(4,16): -0.0008607101440429687
(4,17): 0.01849486827850342
(4,20): -0.0025040435791015623
(4,23): 0.08767149448394776
(4,25): 0.0274486780166626
(4,26): 0.03778176784515381
(5,3): -0.021336793899536133
(5,6): -0.015763230323791504
(5,10): -0.005919580459594727
(5,11): -0.061193013191223146
(5,12): -0.031916728019714354
(5,14): 0.0038522863388061523
(5,16): 0.015480446815490722
(6,1): 0.025185503959655763
(6,2): 0.005391569137573242
(6,3): 0.0021296024322509767
(6,4): 0.010575218200683594
(6,5): 0.04277448654174805
(6,10): -0.04027676105499268
(6,11): 0.01478227138519287
(6,12): -0.017686777114868164
(6,14): 0.008501062393188477
(6,16): 0.005046858787536621
(6,25): 0.012940082550048828
(6,30): -0.009993309974670411
(7,8): 0.004302372932434082
(7,10): 0.01790074825286865
(7,11): 0.016477317810058595
(7,13): -0.0032328510284423827
(7,14): -0.005718202590942383
(7,15): 0.004093003273010254
(7,16): -0.0869791316986084
(7,17): 0.020949811935424806
(7,26): 0.01563450336456299
(8,0): 0.035857987403869626
(8,7): 0.01886617183685303
(8,13): 0.014857816696166991
(8,15): -0.009171218872070312
(8,16): -0.032629718780517576
(8,17): -0.0013339853286743165
(8,20): -0.01818470478057861
(8,21): 0.06458005905151368
(8,25): 0.06608082294464111
(8,29): -0.010316987037658692
(9,0): 0.04236538410186767
(9,15): -0.030970702171325682
(9,16): -0.02553499221801758
(9,17): -0.05141510486602783
(9,23): 0.047125144004821776
(9,24): 0.002079610824584961
(9,25): 0.0352653694152832
(9,27): 0.05723007202148438
(10,1): 0.04224329471588135
(10,2): 0.018421082496643065
(10,3): -0.0028804731369018555
(10,4): -0.026770687103271483
(10,5): 0.04976775169372558
(10,6): -0.040277953147888186
(10,7): 0.038499855995178224
(10,11): 1.926422119140625e-05
(10,12): 0.00038494110107421874
(10,14): -0.05664635181427002
(10,15): 0.026700668334960938
(10,16): -0.022097511291503905
(10,17): 0.020151515007019043
(11,3): 0.0170457124710083
(11,4): 0.038139352798461916
(11,5): 0.02014968395233154
(11,6): 0.019870781898498537
(11,7): 0.023399395942687987
(11,10): 0.00906569480895996
(11,12): 0.010235013961791993
(11,14): -0.020500264167785644
(11,15): 0.05165982246398926
(11,16): -0.04685901641845703
(11,22): 0.031028127670288085
(12,1): 0.02150270938873291
(12,2): 0.021586060523986816
(12,3): 0.03397579669952393
(12,4): 0.024700856208801268
(12,5): 0.05855326652526856
(12,6): -0.05004240989685058
(12,10): -0.027929058074951173
(12,11): -0.011513671875
(12,14): -0.006982736587524414
(12,20): -0.0077579736709594725
(12,27): 0.02316678524017334
(13,0): 0.025615959167480468
(13,7): -0.05957890510559082
(13,8): 0.007169270515441894
(13,14): -0.005061841011047364
(13,15): -0.0024323511123657228
(13,16): -0.05130112171173096
(14,4): -0.0004669523239135742
(14,5): 0.02727330684661865
(14,6): -0.008038535118103027
(14,7): 0.015537633895874023
(14,10): -0.02584270477294922
(14,11): -0.01529109001159668
(14,12): 0.010807194709777833
(14,13): 0.09514856338500977
(14,15): -0.010188393592834473
(14,16): -0.07723669052124023
(14,17): 0.0054384517669677735
(14,21): 0.08497179031372071
(15,0): 0.025240263938903808
(15,4): 0.040209841728210446
(15,7): 0.008742189407348633
(15,8): 0.008997530937194824
(15,9): -0.0014313554763793945
(15,10): 0.010474638938903809
(15,11): 0.010736742019653321
(15,13): 0.06827209949493408
(15,14): -0.0069231224060058594
(15,16): -0.07849917888641357
(15,17): -0.030292134284973144
(15,20): -0.018926563262939452
(15,21): 0.07423326015472412
(15,23): 0.049397759437561035
(16,0): 0.06425688266754151
(16,4): 0.0021295642852783205
(16,5): 0.04275856494903565
(16,6): 0.015145506858825684
(16,7): -0.03837630748748779
(16,8): 0.005841937065124512
(16,9): 0.011972241401672364
(16,10): -0.00693504810333252
(16,11): 0.011073431968688964
(16,13): 0.050083279609680176
(16,14): -0.0037429094314575194
(16,15): -0.04300069332122803
(16,17): -0.013982191085815429
(16,28): 0.0034865236282348635
(17,0): 0.062357211112976076
(17,4): 0.021371588706970215
(17,7): 0.034849929809570315
(17,8): 0.03711869716644287
(17,9): -0.03745567321777344
(17,10): 0.015134534835815429
(17,14): 0.01482151985168457
(17,15): -0.05643490791320801
(17,16): -0.028503308296203612
(17,22): 0.03416627883911133
(18,1): 0.023555960655212402
(18,19): -0.07078858375549317
(19,2): 0.07425084590911865
(19,18): -0.010934929847717285
(20,4): 0.0001985311508178711
(20,8): 0.014439349174499511
(20,12): 0.009149541854858398
(20,15): 0.011340527534484864
(20,24): 0.019228911399841307
(20,29): 0.02402535915374756
(21,8): -0.02536223888397217
(21,14): -0.08919648170471191
(21,15): -0.032314414978027346
(22,11): -0.0007305669784545898
(22,17): -0.024964427947998045
(22,27): 0.005363898277282715
(22,28): 0.02947678565979004
(23,4): 0.013062405586242675
(23,9): -0.014909324645996093
(23,15): 0.01719024658203125
(24,9): -0.011155228614807128
(24,20): -0.014326333999633789
(25,4): 0.028163342475891112
(25,6): 0.023452954292297365
(25,8): -0.01598649024963379
(25,9): -0.010579605102539063
(26,4): 0.051192674636840824
(26,7): 0.01712775707244873
(26,29): 0.019968395233154298
(26,30): 0.01201911449432373
(27,9): -0.02812296390533447
(27,12): 0.031113266944885254
(27,22): 0.04170021057128906
(28,16): -0.05994953155517578
(28,22): 0.024126834869384765
(29,8): 0.00596059799194336
(29,20): -0.025022368431091308
(29,26): 0.04379400730133057
(30,6): -0.00701425552368164
(30,26): 0.027512426376342772
