Interaction name: 5lgt

Affinity: 6.510000228881836
Predicted value: 6.989404678344727

Attributions for edges: 

(0,3): 0.0
(0,5): 0.0
(0,8): 0.0
(0,9): 0.0
(0,10): 0.0
(0,11): 3.3520864139071675e-38
(0,12): 0.0
(0,14): 3.3520864139071675e-38
(0,17): 0.0
(0,18): 0.0
(0,22): 9.194699747679754e-39
(0,25): 0.0
(1,4): 0.0
(1,8): 0.0
(1,13): 0.0
(1,17): 0.0
(1,18): 0.0
(1,19): 0.0
(1,20): 0.0
(1,21): 0.0
(1,22): 0.0
(1,23): 0.0
(1,25): 0.0
(2,4): 0.0
(2,6): 5.4329747062960195e-28
(2,7): 3.013898800909446e-20
(3,0): 0.0
(3,9): 0.0
(3,10): 0.0
(3,11): 0.0
(3,26): 0.0
(4,1): 0.0
(4,2): 0.0
(4,7): 0.0
(4,13): 0.0
(4,16): 0.0
(4,17): 0.0
(4,19): 0.0
(4,20): 0.0
(4,21): 0.0
(4,23): 0.0
(5,0): 0.0
(5,9): 0.0
(5,10): 0.0
(5,11): 2.12337809783684e-33
(6,2): 5.205066897432039e-28
(6,24): 2.9045142084298343e-28
(6,27): 0.0
(6,28): 0.0
(6,29): 0.0
(6,34): 0.0
(6,36): 1.477526158057312e-38
(7,2): 3.0278309781172824e-20
(7,4): 0.0
(7,13): 1.82577819877888e-35
(7,15): 4.118034669064286e-20
(7,16): 3.826675807928967e-20
(7,20): 6.197553804325526e-21
(7,21): 4.0315503510824526e-20
(7,23): 2.186052970354038e-21
(7,32): 3.427050797134357e-24
(7,33): 0.0
(7,36): 8.594861104511839e-31
(8,0): 0.0
(8,1): 0.0
(8,11): 7.354755716100559e-28
(8,12): 0.0
(8,17): 0.0
(8,18): 0.0
(8,19): 0.0
(8,22): 2.01740848710947e-28
(8,35): 0.0
(9,0): 0.0
(9,3): 0.0
(9,5): 0.0
(9,10): 0.0
(9,11): 0.0
(9,12): 0.0
(9,22): 0.0
(9,33): 0.0
(10,0): 0.0
(10,3): 0.0
(10,5): 0.0
(10,9): 0.0
(10,11): 1.600102769765342e-34
(10,12): 0.0
(10,34): 0.0
(11,0): 4.2194335508662705e-38
(11,3): 0.0
(11,5): 3.0045576832300128e-33
(11,8): 8.260440642853184e-28
(11,9): 0.0
(11,10): 1.9965475379241444e-34
(11,12): 6.442764433247139e-36
(11,14): 4.118034669064286e-20
(11,22): 1.1295719951082723e-20
(11,25): 8.325179543194495e-32
(11,33): 0.0
(11,35): 0.0
(12,0): 0.0
(12,8): 0.0
(12,9): 0.0
(12,10): 0.0
(12,11): 5.264934375723739e-36
(12,17): 0.0
(12,18): 0.0
(12,19): 0.0
(12,22): 1.4441599019804062e-36
(12,25): 0.0
(12,33): 0.0
(13,1): 0.0
(13,4): 0.0
(13,7): 1.586348280519834e-35
(13,15): 1.586348280519834e-35
(13,17): 0.0
(13,18): 0.0
(13,19): 0.0
(13,20): 2.3874201299563756e-36
(13,21): 1.5530328018940816e-35
(13,23): 8.42113921880843e-37
(13,33): 0.0
(14,0): 4.2194335508662705e-38
(14,11): 4.118034669064286e-20
(14,24): 1.6895866791798834e-20
(14,34): 0.0
(14,35): 0.0
(15,7): 4.118034669064286e-20
(15,13): 1.82577819877888e-35
(15,16): 3.826675807928967e-20
(15,20): 6.197553804325526e-21
(15,21): 4.0315503510824526e-20
(15,23): 2.186052970354038e-21
(15,30): 8.510482121669419e-33
(15,31): 7.618130834522792e-26
(15,32): 3.427050797134357e-24
(16,4): 0.0
(16,7): 3.8253332550207025e-20
(16,15): 3.8253332550207025e-20
(16,20): 5.757065587856834e-21
(16,21): 3.745010463250109e-20
(16,23): 2.030688418036119e-21
(17,0): 0.0
(17,1): 0.0
(17,4): 0.0
(17,8): 0.0
(17,12): 0.0
(17,13): 0.0
(17,18): 0.0
(17,19): 0.0
(17,22): 0.0
(17,25): 0.0
(17,33): 0.0
(18,0): 0.0
(18,1): 0.0
(18,8): 0.0
(18,12): 0.0
(18,13): 0.0
(18,17): 0.0
(18,19): 0.0
(18,22): 4.0643796246760447e-35
(18,25): 0.0
(19,1): 0.0
(19,4): 0.0
(19,8): 0.0
(19,12): 0.0
(19,13): 0.0
(19,17): 0.0
(19,18): 0.0
(19,20): 4.2761925846443615e-39
(19,22): 7.793860909251235e-39
(19,25): 0.0
(20,1): 0.0
(20,4): 0.0
(20,7): 6.112022601973333e-21
(20,13): 2.709825320275923e-36
(20,15): 6.112022601973333e-21
(20,16): 5.679585260089611e-21
(20,19): 5.217322850164945e-39
(20,21): 5.983662184701646e-21
(20,23): 3.2445710192220897e-22
(20,32): 5.0864390383589335e-25
(21,1): 0.0
(21,4): 0.0
(21,7): 4.031150331708101e-20
(21,13): 1.787257082450597e-35
(21,15): 4.031150331708101e-20
(21,16): 3.7459533199014486e-20
(21,20): 6.066795855747143e-21
(21,30): 8.330925359581314e-33
(22,0): 1.1738506277236345e-38
(22,1): 0.0
(22,8): 2.298054276381849e-28
(22,9): 0.0
(22,11): 1.1456370704502739e-20
(22,12): 1.7923700595724338e-36
(22,17): 0.0
(22,18): 4.947970259185349e-35
(22,19): 9.779420959187034e-39
(22,24): 4.700429597025571e-21
(22,25): 2.3160731398788945e-32
(22,34): 0.0
(23,1): 0.0
(23,4): 0.0
(23,7): 2.1420051988388058e-21
(23,13): 9.496862912632824e-37
(23,15): 2.1420051988388058e-21
(23,16): 1.9904619139893265e-21
(23,20): 3.2236718850322504e-22
(24,6): 3.010922078598472e-28
(24,14): 1.6702846134564145e-20
(24,22): 4.581571255481874e-21
(25,0): 0.0
(25,1): 0.0
(25,11): 7.105869815939658e-32
(25,12): 0.0
(25,17): 0.0
(25,18): 0.0
(25,19): 0.0
(25,22): 1.9491243581072797e-32
(26,3): 0.0
(27,6): 0.0
(28,6): 0.0
(29,6): 0.0
(30,15): 5.589321721868416e-33
(30,21): 5.4719390600472105e-33
(31,15): 6.161283468878423e-26
(32,7): 2.9736936181951996e-24
(32,15): 2.9736936181951996e-24
(32,20): 4.475328216606846e-25
(32,36): 6.206523502592179e-35
(33,7): 0.0
(33,9): 0.0
(33,11): 0.0
(33,12): 0.0
(33,13): 0.0
(33,17): 0.0
(34,6): 0.0
(34,10): 0.0
(34,14): 0.0
(34,22): 0.0
(35,8): 0.0
(35,11): 0.0
(35,14): 0.0
(36,6): 1.0823592904684815e-38
(36,7): 6.004301481994538e-31
(36,32): 4.996793452774043e-35
