Interaction name: 5ung

Affinity: 9.470000267028809
Predicted value: 8.173979759216309

Shapley values for edges: 

(0,4): -0.009537181854248046
(0,5): -0.006289906501770019
(0,7): -0.010871386528015137
(0,27): -0.007345185279846191
(0,40): -0.05358850479125977
(0,41): -0.030431418418884276
(1,14): -0.020123162269592286
(1,15): -0.01034350872039795
(1,16): 0.011519665718078614
(1,35): 0.07274395942687989
(1,36): 0.04975389957427979
(1,40): -0.006181125640869141
(2,9): -0.03984754085540772
(2,10): -0.03558650970458985
(2,19): -0.011520681381225585
(2,20): -0.023371305465698242
(2,22): 0.007015056610107422
(2,28): -0.003363370895385742
(2,30): 0.013590254783630372
(2,39): 0.08179582595825195
(3,8): 0.01896092891693115
(3,9): -0.044267644882202146
(3,10): -0.025396332740783692
(3,12): 0.03188215732574463
(3,13): 0.050735578536987305
(3,19): 0.021697120666503908
(3,20): -0.037084431648254396
(3,21): -0.012882275581359863
(3,39): 0.043675227165222166
(4,0): -0.012815895080566407
(4,5): -0.00867802619934082
(4,7): 0.007857751846313477
(4,23): 0.05572185516357422
(4,24): -0.04033007144927978
(4,25): 0.01267451286315918
(4,27): -0.025409059524536134
(4,31): 0.009612131118774413
(4,34): 0.0002112579345703125
(4,38): 0.048412294387817384
(4,40): -0.05403665065765381
(4,41): 0.0018631696701049804
(5,0): -0.022718615531921386
(5,4): -0.013505959510803222
(5,7): -0.009324359893798827
(5,25): -0.003164792060852051
(5,27): -0.015025587081909179
(5,34): -0.02548586368560791
(5,40): -0.034250125885009766
(5,41): 0.004199066162109375
(6,9): -0.0061706161499023434
(6,10): -0.019415874481201172
(6,19): -0.03599099159240723
(6,20): -0.007437276840209961
(6,22): 0.0065051126480102535
(6,28): 0.0021426725387573243
(6,30): 0.006243858337402344
(6,39): -0.010001134872436524
(7,0): -0.03439972400665283
(7,4): 0.01718090534210205
(7,5): -0.018195390701293945
(7,27): 0.005406866073608399
(8,3): -0.0014016294479370116
(8,10): -0.026555233001708985
(8,21): -0.07392710208892822
(8,42): 0.021110053062438964
(8,43): 0.03907010555267334
(8,60): 0.03264510154724121
(9,2): 0.031034693717956544
(9,3): -0.007470893859863281
(9,6): 0.02756906032562256
(9,10): -0.039089021682739256
(9,12): 0.005459957122802735
(9,19): -0.07396800041198731
(9,20): -0.011162681579589844
(9,21): -0.02735139846801758
(9,22): 0.006339774131774902
(9,28): -0.011216015815734863
(9,39): 0.0105326509475708
(9,44): 0.036829967498779294
(9,45): 0.04590104579925537
(10,2): -0.027053799629211426
(10,3): -0.01769235134124756
(10,6): 0.006603808403015137
(10,8): -0.0034065818786621093
(10,9): 0.01988088130950928
(10,20): -0.016210312843322753
(10,21): -0.035003829002380374
(10,22): -0.0045103788375854496
(10,23): 0.025296206474304198
(10,24): -0.003069634437561035
(10,28): 0.011021342277526856
(10,30): 0.017797393798828123
(10,38): -0.015996580123901368
(10,39): -0.011134638786315917
(10,45): 0.04232663631439209
(10,46): 0.03181075096130371
(10,47): 0.015321187973022461
(11,25): -0.004964938163757324
(11,26): -0.022415461540222167
(11,27): -0.0044392204284667966
(11,29): -0.011347746849060059
(11,34): -0.011622958183288574
(11,37): 0.0017571258544921875
(11,56): 0.03308793544769287
(11,64): 0.000655965805053711
(12,3): 0.0011437034606933594
(12,9): -0.007778472900390625
(12,13): -0.07920048713684082
(12,19): -0.05253627300262451
(12,20): -0.01875615119934082
(12,39): -0.003965754508972168
(12,42): 0.029360837936401367
(12,49): 0.036737556457519534
(13,3): 0.00023240089416503906
(13,12): -0.007980117797851563
(13,15): 0.03777666091918945
(13,16): 0.03495866775512695
(13,18): 0.04956142425537109
(13,19): -0.03323750495910645
(13,20): -0.007768087387084961
(13,35): 0.052811174392700194
(13,36): 0.011007838249206543
(13,39): -0.012895779609680176
(13,50): 0.04633904933929443
(13,51): 0.033563818931579587
(14,1): 0.017051582336425782
(14,35): 0.014339442253112794
(14,50): 0.09135799407958985
(14,51): 0.03508251667022705
(14,55): 0.08030203342437744
(14,58): 0.06672355651855469
(15,1): 0.02787248611450195
(15,13): 0.008173999786376953
(15,16): -0.03187445163726807
(15,17): -0.016410579681396486
(15,18): -0.05319983005523682
(15,32): 0.007468328475952148
(15,33): -0.009264345169067384
(15,49): 0.04143648624420166
(15,58): 0.04809689998626709
(16,1): 0.04612365245819092
(16,13): 0.02241835117340088
(16,15): -0.03708086967468262
(16,17): -0.05631992816925049
(16,18): -0.01661320209503174
(16,32): -0.010978045463562012
(16,33): 0.00808065414428711
(16,36): 0.0006743574142456055
(16,51): 0.008402528762817383
(17,15): -0.027661428451538086
(17,16): -0.05114931583404541
(17,18): -0.009528861045837403
(17,32): -0.04149909496307373
(17,33): -0.007363686561584473
(17,36): -0.009998035430908204
(17,50): 0.022263970375061035
(17,52): 0.10242757320404053
(18,13): 0.005415105819702148
(18,15): -0.06225276470184326
(18,16): -0.006683030128479004
(18,17): -0.012798080444335938
(18,32): -0.011539678573608398
(18,33): -0.02865849494934082
(18,36): -0.027377891540527343
(18,52): 0.05478568077087402
(18,53): 0.0379360818862915
(19,2): 8.633613586425781e-05
(19,3): -0.007807621955871582
(19,6): 0.010496187210083007
(19,9): -0.03202064037322998
(19,12): -0.01213670253753662
(19,13): -0.0516861629486084
(19,20): -0.0024646568298339845
(19,35): 0.0330584716796875
(19,39): -0.014841818809509277
(19,50): 0.06170450210571289
(19,51): 0.0058017587661743164
(19,53): 0.06801794528961182
(19,65): 0.08738049507141113
(20,2): 0.0025694465637207033
(20,3): 0.009185161590576172
(20,6): 0.03621238708496094
(20,9): -0.027041606903076172
(20,10): -0.012251701354980469
(20,12): 0.01416818141937256
(20,13): -0.02765937805175781
(20,19): -0.09055249214172363
(20,35): 0.047543816566467285
(20,42): 0.005832424163818359
(21,3): -0.0027048540115356444
(21,8): -0.012794418334960938
(21,9): -0.026810379028320314
(21,10): -0.05833439350128174
(21,28): -0.013716292381286622
(21,51): 0.042385735511779786
(21,54): 0.03665126800537109
(21,56): 0.03176319599151611
(21,57): 0.0584221363067627
(21,61): 0.07673233985900879
(22,2): 0.00585935115814209
(22,6): 0.03207477569580078
(22,9): 0.0011775541305541993
(22,10): -0.03435842037200928
(22,23): -0.007888469696044922
(22,24): -0.0013600730895996095
(22,25): 0.011796541213989258
(22,28): 0.0005879020690917969
(22,30): 0.010652079582214355
(22,31): -0.014347734451293946
(22,38): 0.014728751182556152
(22,42): 0.017333621978759765
(22,49): 0.02549168109893799
(22,50): 0.08055283069610596
(22,56): 0.0085906982421875
(23,4): -0.013283119201660157
(23,10): 0.0132440185546875
(23,22): -0.03355462551116943
(23,24): 0.007889237403869629
(23,25): 0.0004179096221923828
(23,27): 0.00971536636352539
(23,28): -0.03219339370727539
(23,29): 0.02033763885498047
(23,30): 0.0019571971893310547
(23,31): -0.011800451278686524
(23,37): 0.007856092453002929
(23,38): -0.003385186195373535
(23,48): 0.03519681453704834
(23,51): 0.006611967086791992
(23,59): 0.053288631439208985
(23,61): 0.012228960990905762
(24,4): -0.005987405776977539
(24,10): -0.014767146110534668
(24,22): 0.004780569076538086
(24,23): 0.0005447053909301757
(24,25): 0.0019510841369628905
(24,27): 0.014361629486083985
(24,28): -0.019397969245910644
(24,29): 0.013522825241088866
(24,30): 0.02563827991485596
(24,31): -0.011458024978637696
(24,37): 0.0035634946823120115
(24,58): 0.022921676635742187
(24,63): 0.02434097766876221
(25,4): -0.003838372230529785
(25,5): -0.020435810089111328
(25,11): 0.0036762714385986327
(25,22): 0.003014378547668457
(25,23): -0.0019512653350830078
(25,24): 0.01209925651550293
(25,26): 0.006435990333557129
(25,27): -0.009806509017944337
(25,29): -0.013295230865478515
(25,30): -0.014487686157226563
(25,31): -0.0020630931854248046
(25,34): -0.008150596618652344
(25,37): 0.011217927932739258
(25,38): 0.014682259559631348
(25,49): 0.01323676586151123
(26,11): -0.022125515937805176
(26,25): -0.0015185260772705078
(26,27): -0.002149481773376465
(26,29): -0.022117977142333985
(26,31): 0.006947979927062988
(26,34): -0.016014347076416014
(26,37): 0.0030106115341186524
(26,62): 0.07478097438812256
(27,0): -0.018390684127807616
(27,4): -0.018693771362304688
(27,5): -0.009339485168457031
(27,7): -0.0005092859268188476
(27,11): 0.0030909299850463865
(27,23): 0.0003839921951293945
(27,24): -0.00997213363647461
(27,25): -0.020136227607727052
(27,26): 0.01144859790802002
(27,29): 0.0030264854431152344
(27,31): -0.0033560752868652343
(27,34): 0.002518439292907715
(27,37): 0.017695035934448242
(27,38): 0.0077269554138183595
(27,58): 0.0021880197525024413
(28,2): -0.004425973892211914
(28,6): 0.02432903289794922
(28,9): -0.004690818786621094
(28,10): -0.09018918514251709
(28,21): -0.013625526428222656
(28,22): -0.026620702743530275
(28,23): -0.006785111427307129
(28,24): 0.008158435821533203
(28,30): 0.023720927238464355
(28,31): 0.005794968605041504
(28,38): 0.017967958450317383
(28,49): 0.01647141933441162
(28,56): -0.00027994155883789064
(28,61): 0.04615574359893799
(29,11): -0.0018392610549926758
(29,23): 0.02138387680053711
(29,24): 0.013942389488220215
(29,25): -0.017776594161987305
(29,26): -0.005782122611999512
(29,27): 0.0008466720581054687
(29,31): 0.0033999395370483397
(29,34): 0.011261816024780274
(29,38): -0.0020288848876953126
(29,61): 0.022260351181030272
(29,63): 0.023048906326293944
(30,2): 0.01255610466003418
(30,6): 0.018377156257629396
(30,10): -0.04414712905883789
(30,22): 0.00490077018737793
(30,23): 0.01888685703277588
(30,24): 0.0069226217269897465
(30,25): 0.013988513946533204
(30,28): 0.013678116798400879
(30,31): 0.0009246158599853515
(30,38): 0.03565130710601807
(30,48): 0.027553234100341797
(31,4): -0.024936728477478028
(31,22): -0.005498490333557129
(31,23): -0.029239344596862792
(31,24): 0.01920980930328369
(31,25): -0.008204660415649413
(31,26): 0.024405384063720705
(31,27): 0.001475234031677246
(31,28): -0.015976934432983397
(31,29): 0.010807018280029296
(31,30): 0.004306917190551758
(31,34): 0.014177393913269044
(31,37): 0.01126943588256836
(31,38): 0.029082303047180177
(31,61): 0.02554832935333252
(31,62): 0.031111464500427247
(32,15): -0.03876209735870361
(32,16): -0.03609997272491455
(32,17): -0.08330167770385742
(32,18): -0.008420472145080566
(32,33): -0.06390026569366455
(32,36): -0.01754806041717529
(32,65): 0.052291250228881835
(33,15): -0.024518251419067383
(33,16): -0.012074503898620605
(33,17): -0.045700998306274415
(33,18): -0.04711548328399658
(33,32): -0.05121453285217285
(33,36): -0.006911516189575195
(33,52): 0.04589972496032715
(34,4): -0.012538018226623536
(34,5): -0.015063018798828124
(34,11): -0.03628698348999024
(34,25): -0.012972431182861328
(34,26): 0.013637337684631348
(34,27): -0.014530720710754395
(34,29): 0.004585342407226562
(34,31): -0.008806066513061523
(34,37): 0.005323739051818848
(34,58): 0.011542935371398926
(34,59): 0.03644360065460205
(35,1): 0.056559295654296876
(35,13): 0.08205695152282715
(35,14): -0.05837978363037109
(35,19): -0.07487426280975341
(35,20): 0.037243080139160153
(35,39): -0.08669657230377198
(36,1): 0.04585776805877686
(36,13): 0.046323785781860354
(36,16): 0.005027995109558105
(36,17): -0.0002670764923095703
(36,18): 0.004926400184631348
(36,32): 0.03407522201538086
(36,33): 0.010354704856872558
(37,11): -0.014936466217041016
(37,23): 0.014964666366577149
(37,24): -0.0433840274810791
(37,25): -0.003443317413330078
(37,26): -0.021146836280822753
(37,27): 0.0048150777816772464
(37,31): -0.056061196327209475
(37,34): 0.004116592407226563
(37,38): -0.031044373512268065
(38,4): 0.044774351119995115
(38,10): 0.03578562259674072
(38,22): -0.008486461639404298
(38,23): 0.018857865333557128
(38,25): -0.01766282081604004
(38,27): 0.012942276000976562
(38,28): -0.030259647369384766
(38,29): -0.02406641960144043
(38,30): -0.03138644695281982
(38,31): -0.03799459457397461
(38,37): -0.0005297183990478516
(39,2): 0.0651890754699707
(39,3): 0.010273489952087402
(39,6): 0.039010939598083494
(39,9): -0.04541030883789063
(39,10): 0.03512496471405029
(39,12): 0.04838255405426026
(39,13): 0.034039063453674315
(39,19): -0.09340785503387451
(39,35): 0.05004960536956787
(40,0): -0.02799226760864258
(40,1): 0.054961724281311033
(40,4): 0.009733376502990722
(40,5): -0.0025859880447387695
(40,41): -0.026016926765441893
(41,0): -0.017156953811645507
(41,4): 0.02796205997467041
(41,5): 0.00755892276763916
(41,40): -0.030804023742675782
(42,8): 0.03351185321807861
(42,12): -0.00013622283935546875
(42,20): -0.012870593070983887
(42,22): -0.021943120956420897
(42,43): 0.056633071899414064
(42,45): 0.01385911464691162
(42,53): 0.05957657814025879
(43,8): -0.0020587682723999024
(43,42): -0.0004688596725463867
(43,57): -0.008806519508361817
(44,9): -0.053438401222229
(44,45): 0.02667783260345459
(44,47): -0.016188759803771973
(45,9): -0.009684953689575195
(45,10): -0.0013731813430786133
(45,42): 0.005506277084350586
(45,44): 0.02462587833404541
(45,53): 0.016735057830810546
(46,10): -0.03893502712249756
(46,60): -0.02877272605895996
(47,10): -0.05871967315673828
(47,44): -0.01821820259094238
(48,23): -0.02386735439300537
(48,30): -0.04099628925323486
(48,63): 0.009472455978393555
(49,12): -0.0017720460891723633
(49,15): -0.008149785995483399
(49,22): -0.014976034164428711
(49,25): -0.0069342517852783205
(49,28): -0.03618285179138184
(49,55): 0.03592154026031494
(50,13): 0.026551122665405272
(50,14): -0.01825028419494629
(50,17): 0.00726992130279541
(50,19): -0.04754796028137207
(50,22): -0.02427852153778076
(51,13): 0.03572957992553711
(51,14): -0.023111176490783692
(51,16): 0.02501406192779541
(51,19): -0.013008198738098144
(51,21): -0.015410351753234863
(51,23): -0.03380353450775146
(52,17): 0.004966053962707519
(52,18): -0.0014398193359375
(52,33): 0.01160426139831543
(53,18): -0.004012889862060547
(53,19): -0.062184538841247555
(53,42): -0.0015305471420288086
(53,45): -0.016210126876831054
(54,21): -0.022126436233520508
(54,55): 0.06436119079589844
(55,14): -0.0027001953125
(55,49): 0.018688697814941407
(55,54): 0.03352270126342773
(55,57): 0.07084370613098144
(56,11): 0.026613998413085937
(56,21): -0.004732437133789062
(56,22): -0.001358957290649414
(56,28): -0.012391214370727538
(56,60): 0.04172549247741699
(56,62): 0.022352685928344728
(57,21): -0.015765395164489746
(57,43): -0.02543199062347412
(57,55): 0.03865634918212891
(58,14): -0.028560357093811037
(58,15): 0.03343348979949951
(58,24): -0.04279721736907959
(58,27): 0.026551971435546873
(58,34): -0.008488292694091798
(59,23): -0.03664249897003174
(59,34): -0.027443418502807616
(60,8): -0.006113319396972656
(60,46): -0.009098896980285645
(60,56): 0.019552907943725585
(61,21): -0.005462489128112793
(61,23): 0.0022054386138916017
(61,28): -0.0495674467086792
(61,29): -0.0033714914321899413
(61,31): -0.020179901123046875
(62,26): -0.0031549215316772463
(62,31): -0.02697999954223633
(62,56): -0.016907019615173338
(63,24): -0.006081700325012207
(63,29): -0.002583484649658203
(63,48): 0.01184974193572998
(64,11): -0.054751529693603515
(65,19): -0.10906054496765137
(65,32): -0.02573256492614746
