Interaction name: 5qcn

Affinity: 8.220000267028809
Predicted value: 7.528042793273926

Attributions for edges: 

(0,1): 0.5054427981376648
(0,2): 0.499308705329895
(0,28): 0.35920870304107666
(0,35): 0.46843111515045166
(1,0): 0.3687750995159149
(1,2): 0.4778223931789398
(1,28): 0.4623996317386627
(1,35): 0.5103094577789307
(2,0): 0.45539000630378723
(2,1): 0.46473953127861023
(2,26): 0.3990980386734009
(2,28): 0.4225652515888214
(2,29): 0.46364855766296387
(2,35): 0.5457059741020203
(3,4): 0.4655161201953888
(3,10): 0.5043194890022278
(3,39): 0.5260575413703918
(4,3): 0.45909789204597473
(4,10): 0.45877277851104736
(4,13): 0.4632885456085205
(4,14): 0.44607552886009216
(4,23): 0.4778793454170227
(4,32): 0.4699648916721344
(4,39): 0.4159291982650757
(5,6): 0.6066786646842957
(5,12): 0.3888930380344391
(5,17): 0.49540168046951294
(5,33): 0.4544919431209564
(5,36): 0.5601702928543091
(5,37): 0.4286673963069916
(5,40): 0.4291169345378876
(5,41): 0.45965710282325745
(6,5): 0.37155064940452576
(6,11): 0.5033572316169739
(6,17): 0.45637401938438416
(6,33): 0.4256677031517029
(6,36): 0.41856321692466736
(6,37): 0.4486265778541565
(6,40): 0.5232985615730286
(6,41): 0.41423285007476807
(7,9): 0.5535081028938293
(7,14): 0.42202597856521606
(7,19): 0.48461371660232544
(7,23): 0.5304567217826843
(7,30): 0.545242965221405
(7,31): 0.4006986916065216
(7,39): 0.5360572934150696
(8,9): 0.45102253556251526
(8,14): 0.40601643919944763
(8,21): 0.4840961694717407
(8,22): 0.43036091327667236
(8,31): 0.5768060684204102
(8,34): 0.48826029896736145
(8,35): 0.46468591690063477
(9,7): 0.473879337310791
(9,8): 0.433037132024765
(9,14): 0.4341963827610016
(9,22): 0.45969483256340027
(9,31): 0.49580997228622437
(9,34): 0.49805518984794617
(10,3): 0.44485077261924744
(10,4): 0.544065535068512
(10,13): 0.4714880585670471
(10,15): 0.5235532522201538
(10,17): 0.5443241596221924
(10,20): 0.39507922530174255
(10,32): 0.5290669798851013
(10,33): 0.5054251551628113
(10,37): 0.5293476581573486
(10,38): 0.4370582401752472
(11,6): 0.4766998887062073
(11,12): 0.46503695845603943
(11,17): 0.42308804392814636
(11,33): 0.49270614981651306
(11,36): 0.5552947521209717
(11,37): 0.4537217915058136
(12,5): 0.401927649974823
(12,11): 0.48821011185646057
(12,17): 0.42193612456321716
(12,33): 0.45010027289390564
(12,36): 0.5354833602905273
(12,37): 0.43964505195617676
(13,4): 0.4974992871284485
(13,10): 0.4521093964576721
(13,14): 0.40556883811950684
(13,15): 0.46682459115982056
(13,16): 0.5045345425605774
(13,19): 0.5199640393257141
(13,23): 0.5364731550216675
(13,30): 0.5435388088226318
(13,38): 0.4756506383419037
(13,47): 0.5117233991622925
(13,48): 0.3947884142398834
(14,4): 0.44046229124069214
(14,7): 0.4518967866897583
(14,8): 0.4437513053417206
(14,9): 0.4344950020313263
(14,13): 0.4554973244667053
(14,15): 0.4783549904823303
(14,19): 0.4946451485157013
(14,21): 0.4793350100517273
(14,22): 0.45564666390419006
(14,23): 0.4864248037338257
(14,30): 0.434751033782959
(14,35): 0.4874782860279083
(14,38): 0.6259199380874634
(14,42): 0.4805266261100769
(15,10): 0.46150293946266174
(15,13): 0.45705071091651917
(15,14): 0.5116385817527771
(15,16): 0.5002261400222778
(15,19): 0.46974167227745056
(15,23): 0.4484192728996277
(15,30): 0.5001353025436401
(15,42): 0.4869215190410614
(15,47): 0.43071871995925903
(16,13): 0.4388669729232788
(16,15): 0.5310118198394775
(16,19): 0.4662328064441681
(16,23): 0.4402114152908325
(16,30): 0.4972217381000519
(16,38): 0.4394436776638031
(17,5): 0.5359140634536743
(17,6): 0.5165109634399414
(17,10): 0.3986126184463501
(17,11): 0.4577482342720032
(17,12): 0.47900262475013733
(17,20): 0.46977338194847107
(17,32): 0.45981866121292114
(17,33): 0.4651125371456146
(17,36): 0.514714777469635
(17,37): 0.590142548084259
(17,42): 0.48214191198349
(17,48): 0.5125352740287781
(18,24): 0.4921132028102875
(18,25): 0.45720693469047546
(18,26): 0.5385376214981079
(18,27): 0.49226897954940796
(18,43): 0.41907405853271484
(19,7): 0.45734912157058716
(19,13): 0.5419042110443115
(19,14): 0.4806945323944092
(19,15): 0.389689177274704
(19,16): 0.5092397332191467
(19,21): 0.5314403772354126
(19,23): 0.38370999693870544
(19,30): 0.5058554410934448
(19,38): 0.5271815657615662
(20,10): 0.46185818314552307
(20,17): 0.46819669008255005
(20,32): 0.5129616856575012
(20,33): 0.43320733308792114
(20,36): 0.48123133182525635
(20,37): 0.5704213380813599
(20,42): 0.40455642342567444
(21,8): 0.5099350214004517
(21,14): 0.47045886516571045
(21,19): 0.48729047179222107
(21,31): 0.5143844485282898
(21,34): 0.4590011239051819
(22,8): 0.5478512048721313
(22,9): 0.41205552220344543
(22,14): 0.5208549499511719
(22,31): 0.4191727638244629
(22,35): 0.4425499141216278
(23,4): 0.4542400538921356
(23,7): 0.4734451472759247
(23,13): 0.36500322818756104
(23,14): 0.4691319167613983
(23,15): 0.49601197242736816
(23,16): 0.5644022822380066
(23,19): 0.48755335807800293
(23,30): 0.5965588092803955
(23,38): 0.527344286441803
(24,18): 0.496353417634964
(24,25): 0.3784036636352539
(24,26): 0.45665478706359863
(24,27): 0.5173208117485046
(24,28): 0.4568759500980377
(24,29): 0.44491419196128845
(25,18): 0.41608843207359314
(25,24): 0.40500837564468384
(25,26): 0.40812262892723083
(25,27): 0.3948614001274109
(25,28): 0.4612973928451538
(25,29): 0.5122029185295105
(25,45): 0.4885253310203552
(26,2): 0.4758053421974182
(26,18): 0.43224117159843445
(26,24): 0.4302888810634613
(26,25): 0.5329504609107971
(26,27): 0.528350293636322
(26,28): 0.48435598611831665
(26,29): 0.4493517577648163
(27,18): 0.4613088369369507
(27,24): 0.4283865988254547
(27,25): 0.46613073348999023
(27,26): 0.5260539650917053
(27,28): 0.5390427708625793
(27,29): 0.537907600402832
(27,45): 0.4839519262313843
(27,46): 0.5465638041496277
(28,0): 0.48997241258621216
(28,1): 0.555902898311615
(28,2): 0.531899094581604
(28,24): 0.5258104205131531
(28,25): 0.39904212951660156
(28,26): 0.40711888670921326
(28,27): 0.4126512408256531
(28,29): 0.49277469515800476
(29,2): 0.491958349943161
(29,24): 0.4189898371696472
(29,25): 0.4780886173248291
(29,26): 0.5786755681037903
(29,27): 0.5306131839752197
(29,28): 0.4630907475948334
(30,7): 0.3740970194339752
(30,13): 0.520956814289093
(30,14): 0.5795508027076721
(30,15): 0.41255617141723633
(30,16): 0.43345752358436584
(30,19): 0.4167628586292267
(30,23): 0.48769548535346985
(30,38): 0.5008648037910461
(30,42): 0.4225787818431854
(31,7): 0.5514751672744751
(31,8): 0.5852816104888916
(31,9): 0.4671255648136139
(31,21): 0.42400774359703064
(31,22): 0.4522141218185425
(31,34): 0.4644380807876587
(32,4): 0.41579848527908325
(32,10): 0.36154472827911377
(32,17): 0.542630136013031
(32,20): 0.36417174339294434
(32,33): 0.4134797751903534
(32,36): 0.5084448456764221
(32,37): 0.5271294713020325
(32,45): 0.43777701258659363
(32,47): 0.43200361728668213
(33,5): 0.45436882972717285
(33,6): 0.39813196659088135
(33,10): 0.4373377561569214
(33,11): 0.4525386691093445
(33,12): 0.49721530079841614
(33,17): 0.41483962535858154
(33,20): 0.45226648449897766
(33,32): 0.5153708457946777
(33,36): 0.444439560174942
(33,48): 0.396564781665802
(34,8): 0.4859839677810669
(34,9): 0.4286964237689972
(34,21): 0.47002869844436646
(34,31): 0.5136146545410156
(34,47): 0.41495847702026367
(35,0): 0.5292009115219116
(35,1): 0.45648467540740967
(35,2): 0.472544401884079
(35,8): 0.531608521938324
(35,14): 0.48372209072113037
(35,22): 0.5175976753234863
(35,44): 0.5512343049049377
(35,45): 0.4762079119682312
(36,5): 0.47551393508911133
(36,6): 0.49584871530532837
(36,11): 0.4622389078140259
(36,12): 0.46417397260665894
(36,17): 0.4538722336292267
(36,20): 0.45803916454315186
(36,32): 0.4810943901538849
(36,33): 0.4501152038574219
(36,37): 0.46187931299209595
(36,47): 0.40445131063461304
(37,5): 0.4772806167602539
(37,6): 0.43468907475471497
(37,10): 0.4476145803928375
(37,11): 0.5460997819900513
(37,12): 0.49442964792251587
(37,17): 0.5252809524536133
(37,20): 0.5223070979118347
(37,32): 0.479801744222641
(37,36): 0.4939257800579071
(38,10): 0.5404269099235535
(38,13): 0.43282002210617065
(38,14): 0.5197537541389465
(38,16): 0.4482986330986023
(38,19): 0.4419187009334564
(38,23): 0.5057841539382935
(38,30): 0.5070953965187073
(39,3): 0.5375938415527344
(39,4): 0.5122924447059631
(39,7): 0.48951128125190735
(39,47): 0.5318856239318848
(40,5): 0.623957633972168
(40,6): 0.4924720823764801
(41,5): 0.544299840927124
(41,6): 0.40335190296173096
(42,14): 0.5028814077377319
(42,15): 0.4830697178840637
(42,17): 0.3888814449310303
(42,20): 0.508598268032074
(42,30): 0.5503395795822144
(43,18): 0.5146341919898987
(44,35): 0.5410892367362976
(44,47): 0.4853055775165558
(45,25): 0.5428887009620667
(45,27): 0.4705340266227722
(45,32): 0.518280029296875
(45,35): 0.5148317813873291
(45,46): 0.470132440328598
(46,27): 0.48565343022346497
(46,45): 0.37641605734825134
(47,13): 0.4471628665924072
(47,15): 0.41331589221954346
(47,32): 0.5544019341468811
(47,34): 0.595859706401825
(47,36): 0.48171013593673706
(47,39): 0.5586358904838562
(47,44): 0.4688700735569
(48,13): 0.3890379071235657
(48,17): 0.45648640394210815
(48,33): 0.4373668134212494
