Interaction name: 5q0x

Affinity: 7.349999904632568
Predicted value: 7.459186553955078

Attributions for edges: 

(0,1): 4.118034669064286e-20
(0,7): 4.118034669064286e-20
(0,22): 4.118034669064286e-20
(0,24): 4.118034669064286e-20
(0,32): 4.118034669064286e-20
(0,33): 4.118034669064286e-20
(0,35): 4.118034669064286e-20
(1,0): 4.118034669064286e-20
(1,6): 4.118034669064286e-20
(1,24): 4.118034669064286e-20
(1,32): 4.118034669064286e-20
(1,33): 4.118034669064286e-20
(1,35): 4.118034669064286e-20
(2,10): 3.6275148997461086e-22
(2,11): 4.815953669647502e-22
(2,13): 1.7224823786892904e-29
(2,15): 2.3648196115398665e-24
(2,16): 2.7752801910610065e-23
(2,19): 1.1715482407368596e-28
(2,23): 3.5052078855167256e-22
(2,26): 0.0
(2,27): 1.6797964672730964e-23
(2,28): 9.182812281163447e-25
(2,31): 9.393290868764434e-34
(2,32): 7.863215253639594e-21
(2,33): 7.863215253639594e-21
(3,11): 2.1701607067009036e-34
(3,16): 1.2506037332706536e-35
(3,20): 2.137754485582893e-34
(3,26): 0.0
(3,27): 7.569455392509591e-36
(3,31): 0.0
(3,34): 0.0
(4,5): 0.0
(4,17): 0.0
(4,18): 0.0
(4,19): 0.0
(4,26): 0.0
(4,29): 0.0
(5,4): 0.0
(5,11): 0.0
(5,16): 0.0
(5,19): 0.0
(5,20): 0.0
(5,26): 0.0
(5,27): 0.0
(5,29): 0.0
(6,1): 4.118034669064286e-20
(6,7): 4.118034669064286e-20
(6,22): 4.118034669064286e-20
(6,24): 4.118034669064286e-20
(7,0): 4.118034669064286e-20
(7,6): 4.118034669064286e-20
(7,24): 4.118034669064286e-20
(8,9): 1.9218967762497906e-30
(8,12): 5.419098076358574e-31
(8,14): 1.1907698224250233e-35
(8,22): 1.425088371601311e-28
(8,24): 1.425088371601311e-28
(8,25): 1.0574868402852227e-33
(8,30): 0.0
(8,37): 2.0915542772316542e-30
(9,8): 1.9863114216466022e-30
(9,12): 1.958530804586852e-24
(9,24): 5.150430693461211e-22
(9,38): 1.2924415287207122e-33
(9,39): 0.0
(9,40): 1.0445343533633057e-23
(9,41): 0.0
(9,43): 6.550544186257809e-28
(10,2): 3.7217215525718157e-22
(10,12): 7.441466125051839e-24
(10,13): 4.286747283437454e-30
(10,14): 1.6351562913904321e-28
(10,15): 5.885312067581397e-25
(10,21): 1.9569132374120873e-21
(10,23): 8.72342205179334e-23
(10,25): 1.4521222120816122e-26
(10,28): 2.2853206747020217e-25
(10,30): 1.845130664185661e-35
(10,42): 3.212134812639348e-36
(10,44): 0.0
(10,59): 0.0
(11,2): 4.924915934150932e-22
(11,3): 2.565770116227779e-34
(11,5): 0.0
(11,16): 9.139691960792709e-24
(11,19): 3.8581724250937547e-29
(11,20): 1.5623306924190547e-22
(11,26): 0.0
(11,27): 5.532010949024465e-24
(11,31): 3.0934697341210586e-34
(11,42): 4.250552129811593e-36
(11,48): 2.8762832727897516e-31
(11,58): 1.4660488118061906e-25
(11,60): 3.9411084068437495e-26
(12,8): 6.289958364187862e-31
(12,9): 2.199558773922401e-24
(12,10): 7.524130859309949e-24
(12,14): 1.3628036768292062e-29
(12,21): 1.6309748440364905e-22
(12,22): 1.6309748440364905e-22
(12,23): 7.270443447382639e-24
(12,24): 1.6309748440364905e-22
(12,25): 1.2102650659641304e-27
(12,30): 1.5378045753493302e-36
(12,40): 3.3076776039431455e-24
(12,41): 0.0
(12,43): 2.0743377725593414e-28
(12,58): 9.233596095568544e-27
(13,2): 1.5510955280343163e-29
(13,10): 3.762489592349251e-30
(13,14): 6.81478787578872e-36
(13,15): 2.4528020877259335e-32
(13,19): 1.215130784140141e-36
(13,23): 3.635617828788165e-30
(13,25): 6.052007869624585e-34
(13,28): 9.524455467165062e-33
(13,42): 0.0
(13,59): 0.0
(14,8): 1.1913694795163424e-35
(14,10): 1.4251318253956812e-28
(14,12): 1.1747116408558264e-29
(14,13): 6.767121665958654e-36
(14,15): 9.290638091554512e-31
(14,21): 3.089199912295887e-27
(14,22): 3.089199912295887e-27
(14,23): 1.3770867344086465e-28
(14,25): 2.2923409374933494e-32
(14,28): 3.6076123811764345e-31
(14,30): 0.0
(15,2): 2.2438483833699032e-24
(15,10): 5.4428779497739955e-25
(15,13): 2.584476262927643e-32
(15,14): 9.858417849724848e-31
(15,19): 1.7578343697690838e-31
(15,21): 1.1798349637752918e-23
(15,23): 5.259363265240168e-25
(15,25): 8.754965767274627e-29
(15,28): 1.3778282896596085e-27
(15,31): 1.4094042024241838e-36
(15,57): 0.0
(16,2): 2.731430253239029e-23
(16,3): 1.4230133978702623e-35
(16,5): 0.0
(16,11): 8.796263732287457e-24
(16,26): 0.0
(16,27): 3.068133975008383e-25
(16,31): 1.7156703087447036e-35
(16,44): 0.0
(16,45): 0.0
(16,46): 3.955694045856925e-38
(16,47): 2.4301071339791256e-38
(16,48): 1.5952166576004812e-32
(16,49): 0.0
(17,4): 0.0
(17,18): 1.0697086481922499e-38
(17,29): 0.0
(17,44): 0.0
(17,49): 0.0
(17,50): 0.0
(18,4): 0.0
(18,17): 1.2959880821338784e-38
(18,29): 0.0
(18,42): 1.999951777527985e-37
(18,51): 0.0
(18,52): 0.0
(19,2): 1.1430917832141875e-28
(19,4): 0.0
(19,5): 0.0
(19,11): 3.6812128660520407e-29
(19,13): 1.3166291860926075e-36
(19,15): 1.8076110307029588e-31
(19,26): 0.0
(19,27): 1.283995958866463e-30
(19,28): 7.019120096090499e-32
(19,29): 0.0
(19,39): 0.0
(19,44): 0.0
(19,45): 0.0
(19,47): 0.0
(19,53): 3.365132749238561e-36
(19,58): 3.4027813738260176e-32
(19,59): 0.0
(20,3): 2.3515208883448106e-34
(20,5): 0.0
(20,11): 1.453588299227128e-22
(20,26): 0.0
(20,27): 5.0700721467278606e-24
(20,43): 3.018490742538671e-27
(20,45): 0.0
(20,51): 0.0
(20,54): 4.977768581801213e-35
(21,10): 1.89976123670546e-21
(21,12): 1.5659464521553534e-22
(21,14): 3.440944246211989e-27
(21,15): 1.2384768324310683e-23
(21,23): 1.835708053608019e-21
(21,25): 3.0557996417171866e-25
(21,28): 4.809100787632193e-24
(21,40): 8.351559584394887e-22
(21,41): 0.0
(21,43): 5.23747742876046e-26
(21,55): 5.2995051618968755e-31
(21,58): 2.331382558780716e-24
(22,0): 4.118034669064286e-20
(22,6): 4.118034669064286e-20
(22,8): 1.5881522859089603e-28
(22,12): 1.5659464521553534e-22
(22,14): 3.440944246211989e-27
(22,24): 4.118034669064286e-20
(22,25): 3.0557996417171866e-25
(22,30): 3.882804777559868e-34
(22,39): 0.0
(22,56): 4.118034669064286e-20
(23,2): 3.623172504452793e-22
(23,10): 8.788654537767876e-23
(23,12): 7.24439210484862e-24
(23,13): 4.1732204840632874e-30
(23,14): 1.5918521177027497e-28
(23,15): 5.7294494229658955e-25
(23,21): 1.9050950976280067e-21
(23,25): 1.4136706355559322e-26
(23,28): 2.2247980334583013e-25
(23,30): 1.7962517953274212e-35
(23,58): 1.0785457905386896e-25
(23,60): 2.8994027903574305e-26
(24,0): 4.118034669064286e-20
(24,1): 4.118034669064286e-20
(24,6): 4.118034669064286e-20
(24,7): 4.118034669064286e-20
(24,8): 1.5881522859089603e-28
(24,9): 5.5536686203063285e-22
(24,12): 1.5659464521553534e-22
(24,22): 4.118034669064286e-20
(24,25): 3.0557996417171866e-25
(24,30): 3.882804777559868e-34
(24,36): 2.8851086962966292e-30
(24,42): 6.759462155100189e-35
(25,8): 1.2016952933826509e-33
(25,10): 1.4374782111564695e-26
(25,12): 1.1848930574697674e-27
(25,13): 6.82572146557818e-34
(25,14): 2.603633882110169e-32
(25,15): 9.371090015783547e-29
(25,21): 3.115974937643577e-25
(25,22): 3.115974937643577e-25
(25,23): 1.3890116448455802e-26
(25,24): 3.115974937643577e-25
(25,30): 0.0
(25,37): 4.573210786468889e-27
(25,56): 3.115974937643577e-25
(25,58): 1.7640699770360716e-29
(25,60): 4.7422823774319524e-30
(26,2): 0.0
(26,3): 0.0
(26,4): 0.0
(26,5): 0.0
(26,11): 0.0
(26,16): 0.0
(26,19): 0.0
(26,20): 0.0
(26,27): 0.0
(26,28): 0.0
(26,31): 0.0
(26,43): 0.0
(27,2): 1.6905254489006453e-23
(27,3): 8.807222819304762e-36
(27,5): 0.0
(27,11): 5.44412671658696e-24
(27,16): 3.13727640075584e-25
(27,19): 1.3243502097324519e-30
(27,20): 5.362831839290767e-24
(27,26): 0.0
(27,31): 1.0618596190032373e-35
(27,41): 0.0
(27,45): 0.0
(27,47): 1.504026253446005e-38
(27,58): 5.032355951884706e-27
(28,2): 8.717458302792914e-25
(28,10): 2.1145761691095256e-25
(28,13): 1.004081340128283e-32
(28,14): 3.83004247852434e-31
(28,15): 1.3785222985150685e-27
(28,19): 6.829270117719419e-32
(28,21): 4.58367944523031e-24
(28,23): 2.0432879184403507e-25
(28,26): 0.0
(28,53): 2.5663210465527803e-32
(29,4): 0.0
(29,5): 0.0
(29,17): 0.0
(29,18): 0.0
(29,19): 0.0
(29,43): 0.0
(29,53): 0.0
(30,8): 0.0
(30,10): 1.543983274705488e-35
(30,12): 1.272669040757886e-36
(30,14): 0.0
(30,22): 3.3468289447528306e-34
(30,23): 1.491919866525007e-35
(30,24): 3.3468289447528306e-34
(30,25): 0.0
(30,42): 0.0
(31,2): 8.184102992756741e-34
(31,3): 0.0
(31,11): 2.6356089447572677e-34
(31,15): 1.2941809676342851e-36
(31,16): 1.518817191913018e-35
(31,26): 0.0
(31,27): 9.192995040071933e-36
(32,0): 4.118034669064286e-20
(32,1): 4.118034669064286e-20
(32,2): 7.831842167086533e-21
(32,33): 4.118034669064286e-20
(32,35): 4.118034669064286e-20
(33,0): 4.118034669064286e-20
(33,1): 4.118034669064286e-20
(33,2): 7.831842167086533e-21
(33,32): 4.118034669064286e-20
(33,35): 4.118034669064286e-20
(33,56): 4.118034669064286e-20
(34,3): 0.0
(34,58): 0.0
(35,0): 4.118034669064286e-20
(35,1): 4.118034669064286e-20
(35,32): 4.118034669064286e-20
(35,33): 4.118034669064286e-20
(35,56): 4.118034669064286e-20
(36,24): 2.0763702756427606e-30
(36,37): 3.0474420681367115e-32
(36,40): 4.210956074409006e-32
(37,8): 2.1825847478384283e-30
(37,25): 4.199561117958321e-27
(37,36): 3.964982118257916e-32
(37,40): 1.1477480464554272e-23
(38,9): 9.482722111633009e-34
(38,60): 1.0701261230307415e-36
(39,9): 0.0
(39,19): 0.0
(39,22): 0.0
(39,43): 0.0
(40,9): 1.0668967456462394e-23
(40,12): 3.008287732687083e-24
(40,21): 7.911019265241126e-22
(40,36): 5.542507585878522e-32
(40,37): 1.16108247788074e-23
(40,41): 0.0
(41,9): 0.0
(41,12): 0.0
(41,21): 0.0
(41,27): 0.0
(41,40): 0.0
(42,10): 2.0407757496372215e-36
(42,11): 2.7093704475840155e-36
(42,13): 0.0
(42,18): 1.3982272665065257e-37
(42,24): 4.4237063793948954e-35
(42,30): 0.0
(42,45): 0.0
(43,9): 5.8632298632845585e-28
(43,12): 1.6532323476247216e-28
(43,20): 2.6229704061726362e-27
(43,21): 4.3475736104907424e-26
(43,26): 0.0
(43,29): 0.0
(43,39): 0.0
(43,57): 0.0
(43,59): 0.0
(44,10): 0.0
(44,16): 0.0
(44,17): 0.0
(44,19): 0.0
(44,45): 0.0
(44,49): 0.0
(45,16): 0.0
(45,19): 0.0
(45,20): 0.0
(45,27): 0.0
(45,42): 0.0
(45,44): 0.0
(46,16): 2.4567460980456333e-38
(46,52): 0.0
(46,53): 0.0
(47,16): 1.5914796090463597e-38
(47,19): 0.0
(47,27): 9.632727430747655e-39
(47,55): 0.0
(48,11): 2.0286648592649215e-31
(48,16): 1.1690459561556611e-32
(49,16): 0.0
(49,17): 0.0
(49,44): 0.0
(50,17): 0.0
(51,18): 0.0
(51,20): 0.0
(52,18): 0.0
(52,46): 0.0
(53,19): 2.6741099218482293e-36
(53,28): 2.09604072774572e-32
(53,29): 0.0
(53,46): 0.0
(54,20): 3.347657530516916e-35
(55,21): 3.716228529390154e-31
(55,47): 0.0
(56,22): 4.118034669064286e-20
(56,25): 3.0557996417171866e-25
(56,33): 4.118034669064286e-20
(56,35): 4.118034669064286e-20
(57,15): 0.0
(57,43): 0.0
(57,59): 0.0
(58,11): 1.2114580062309833e-25
(58,12): 7.521622330935153e-27
(58,19): 2.9470192918723757e-32
(58,21): 1.9779996945124803e-24
(58,23): 8.81738676492372e-26
(58,25): 1.4677749838152635e-29
(58,27): 4.225545379582005e-27
(58,34): 0.0
(59,10): 0.0
(59,13): 0.0
(59,19): 0.0
(59,43): 0.0
(59,57): 0.0
(60,11): 3.261154679969156e-26
(60,23): 2.3735747658075344e-26
(60,25): 3.9511254026053664e-30
(60,38): 1.3361595648365742e-36
