Interaction name: 5jnl

Affinity: 6.570000171661377
Predicted value: 7.166599750518799

Shapley values for edges: 

(0,1): -0.00037255287170410154
(0,5): -0.031015567779541016
(0,9): -0.002749152183532715
(0,10): 0.00039098262786865237
(0,18): 0.00033100605010986326
(0,26): 0.000406489372253418
(0,27): 0.0004555845260620117
(0,28): 0.002577643394470215
(0,30): 0.0011297416687011718
(0,31): 0.0015840530395507812
(0,32): 0.002447071075439453
(1,0): -0.0003026771545410156
(1,9): 0.0014435148239135742
(1,26): 0.0012697029113769532
(1,27): 0.00012709617614746095
(1,28): 0.0021678495407104494
(1,31): 0.0001465177536010742
(1,32): 0.0010506391525268554
(1,33): -0.0002505207061767578
(2,3): -0.0060050106048583985
(2,4): -0.0024774837493896484
(2,7): -0.010743584632873535
(2,8): -0.010367074012756348
(2,10): -0.007140970230102539
(2,18): -0.008369011878967285
(2,26): -0.0021640634536743164
(2,28): -0.005461721420288086
(2,29): -0.0012500476837158203
(2,30): -0.0030042409896850588
(2,31): -0.0028913593292236328
(2,32): -0.0015095615386962892
(2,33): -0.0031914377212524415
(3,2): -0.006737985610961914
(3,4): -0.007563633918762207
(3,6): -0.012300772666931152
(3,8): -0.013565692901611328
(3,10): -0.00929891586303711
(3,18): -0.0034862232208251955
(3,26): -0.0025533103942871095
(3,28): -0.006525969505310059
(3,29): -0.0020931243896484377
(3,30): -0.0022498226165771486
(3,31): -0.0019889068603515625
(3,32): -0.0029256391525268556
(3,33): -0.0009555721282958984
(4,2): -0.0038033866882324218
(4,3): -0.0034308528900146486
(4,6): -0.008600306510925294
(4,7): -0.00853017807006836
(4,10): -0.0057551336288452146
(4,11): -0.005340738296508789
(4,18): -0.006070265769958496
(4,26): -0.003288707733154297
(4,29): -0.001698322296142578
(4,30): -0.00243377685546875
(4,31): -0.001973462104797363
(4,32): -0.0030333232879638673
(4,33): -0.00076080322265625
(5,0): 0.02113757610321045
(5,9): 0.021872811317443848
(6,3): -0.025860729217529296
(6,4): -0.017686371803283692
(6,7): 0.000873723030090332
(6,8): 0.004127082824707032
(6,10): -0.00566896915435791
(6,18): -0.007736234664916992
(7,2): -0.018448033332824708
(7,4): -0.021937217712402344
(7,6): 0.0010802936553955078
(7,8): 0.0011928367614746093
(7,10): -0.005521092414855957
(7,18): -0.006872091293334961
(8,2): -0.0166933012008667
(8,3): -0.020177249908447267
(8,6): 0.00044220924377441406
(8,7): -0.0016070365905761718
(8,10): -0.006272397041320801
(8,11): -0.013189115524291993
(8,18): -0.004246459007263183
(9,0): -0.0018626737594604492
(9,1): 0.002735562324523926
(9,5): -0.04865241527557373
(9,10): 0.004462008476257324
(9,11): 0.0017689609527587892
(9,12): 0.0030906534194946288
(9,18): 0.005673975944519043
(9,35): 0.004086728096008301
(9,36): 0.0058890247344970705
(9,45): 0.004289546012878418
(10,0): -0.004753870964050293
(10,2): 0.009165701866149902
(10,3): 0.010842566490173339
(10,4): 0.003770756721496582
(10,6): 0.01865311145782471
(10,7): 0.01723881244659424
(10,8): 0.016036553382873533
(10,9): -0.003058347702026367
(10,11): -0.0025098848342895506
(10,12): -0.006987252235412598
(10,18): 0.0030173110961914064
(10,35): -0.0022001171112060545
(10,36): 0.0016758966445922852
(10,37): 0.0009004116058349609
(10,43): 0.00023682594299316407
(10,45): -0.01313232421875
(11,4): 0.005105986595153809
(11,8): 0.009780406951904297
(11,9): -5.9299468994140625e-05
(11,10): 0.006421117782592773
(11,12): -0.00045715808868408204
(11,13): -0.0034971714019775392
(11,14): -0.001186833381652832
(11,18): 0.006298465728759766
(11,19): -0.003472003936767578
(11,22): -0.0010634756088256836
(11,25): -0.01388355255126953
(11,37): 0.0010077142715454101
(11,38): 0.0014431095123291016
(11,46): 0.00046219825744628904
(12,9): 0.0009031152725219727
(12,10): 0.0065747261047363285
(12,11): 0.00029601573944091795
(12,13): -0.00021848678588867187
(12,14): 0.00047877788543701174
(12,18): 0.005592041015625
(12,19): 1.1491775512695313e-06
(12,22): -0.00176908016204834
(12,25): -0.013762402534484863
(12,35): 0.0031075048446655273
(13,11): 0.003058047294616699
(13,12): 0.0022962474822998047
(13,14): 0.0009386777877807617
(13,15): 0.0025185394287109376
(13,18): 0.00588050365447998
(13,19): 0.0005861568450927734
(13,21): 0.002205934524536133
(13,22): 0.001089200973510742
(13,25): -0.005213499069213867
(13,35): 0.00282012939453125
(13,37): 0.004466633796691894
(13,38): 0.0028397464752197266
(13,44): 0.006132435798645019
(13,45): 0.0009374570846557617
(13,47): 0.0045460319519042966
(14,11): 0.0016222715377807618
(14,12): 0.00184603214263916
(14,13): 0.00023771286010742187
(14,15): -0.0007541561126708984
(14,19): -0.0016650390625
(14,20): -0.0006884431838989258
(14,21): 0.0002716827392578125
(14,22): -0.0012608957290649414
(15,13): 0.0010668230056762695
(15,14): 0.000370030403137207
(15,16): 0.0014097785949707031
(15,17): 0.0018562030792236327
(15,19): 0.0001834869384765625
(15,20): -0.0005487489700317383
(15,21): 0.0006867265701293946
(15,22): 7.678031921386719e-05
(15,23): 0.001536393165588379
(15,24): 0.0030251169204711915
(15,25): -0.007001543045043945
(15,39): 0.004464449882507324
(15,40): 0.0017996978759765624
(16,15): -0.0006398868560791016
(16,17): -2.417564392089844e-05
(16,20): -0.0007133722305297851
(16,21): -0.001109638214111328
(16,23): -0.0004554843902587891
(16,24): -0.0010573673248291016
(16,39): 0.002402682304382324
(16,41): 0.009957695007324218
(17,15): -0.0007541704177856445
(17,16): 0.0007929611206054688
(17,20): -0.0003597116470336914
(17,21): -0.0008246469497680664
(17,23): 0.0013979482650756836
(17,24): -0.0005215930938720703
(18,0): -0.003884744644165039
(18,2): 0.010199246406555175
(18,3): 0.005918307304382324
(18,4): 0.005838732719421386
(18,6): 0.011705527305603028
(18,7): 0.013109426498413086
(18,8): 0.009809560775756836
(18,9): -0.006284160614013672
(18,10): 0.00376589298248291
(18,11): -0.00582728385925293
(18,12): -0.008926630020141602
(18,13): -0.010543303489685059
(19,11): 0.003626999855041504
(19,12): 0.0025901031494140626
(19,13): 0.0010803556442260743
(19,14): 0.00019975662231445313
(19,15): 8.729457855224609e-05
(19,20): -8.369922637939453e-05
(19,21): 0.0029604339599609373
(19,22): 6.948471069335937e-05
(19,24): -0.0001731109619140625
(19,25): -0.002982034683227539
(19,40): 0.002196526527404785
(19,44): 0.005425090789794922
(20,14): 0.0013738632202148437
(20,15): 0.002263174057006836
(20,16): 0.004143319129943848
(20,17): 0.002963738441467285
(20,19): 0.0006411981582641602
(20,21): 0.0015108346939086913
(20,22): -0.0008174514770507812
(20,23): 0.0021515989303588865
(20,24): 0.0032262468338012697
(20,25): -0.013134589195251465
(20,45): 0.00217836856842041
(21,13): 0.001968650817871094
(21,14): 0.002129230499267578
(21,15): 0.0021486425399780272
(21,16): 0.0038695526123046875
(21,17): 0.0021344709396362307
(21,19): 0.0004643392562866211
(21,20): 0.001307687759399414
(21,22): 0.0025751543045043944
(21,23): 0.004217844009399414
(21,24): 0.002520480155944824
(21,25): -0.004205183982849121
(21,45): 0.0016098928451538086
(21,47): 0.005030713081359863
(22,11): 0.0026509428024291994
(22,12): 0.0017553377151489258
(22,13): 0.0015402936935424805
(22,14): 0.0010292816162109375
(22,15): 0.0009531641006469727
(22,19): 0.0009756708145141602
(22,20): 0.001106109619140625
(22,21): -0.00027257919311523437
(22,24): 0.003964643478393554
(22,25): -0.005371713638305664
(22,40): 0.0034026622772216795
(23,15): -0.0007685756683349609
(23,16): 0.00034423351287841795
(23,17): -0.00014804363250732423
(23,20): -0.0009756040573120117
(23,21): -0.0006370401382446289
(23,24): -0.0008976650238037109
(23,42): 0.009865584373474122
(23,46): 0.002029824256896973
(24,15): 0.00020288467407226563
(24,16): 0.002999987602233887
(24,17): 0.0013494348526000976
(24,19): -0.000274653434753418
(24,20): 0.0012739467620849609
(24,21): -3.85284423828125e-06
(24,22): -0.0009059429168701172
(24,23): 0.0016189002990722656
(24,45): 0.002169027328491211
(24,47): 0.00396240234375
(25,11): 0.0035612678527832033
(25,12): 0.003937315940856933
(25,13): 0.007547206878662109
(25,15): 0.01579869747161865
(25,19): 0.016139202117919922
(25,20): 0.008961281776428222
(25,21): 0.008426156044006348
(25,22): 0.01499840259552002
(26,0): -0.0018300676345825195
(26,1): -0.0019154214859008788
(26,2): -0.0005404806137084961
(26,3): -0.0007483053207397461
(26,4): 0.001135883331298828
(27,0): -0.0002731609344482422
(27,1): 0.00027011394500732423
(27,28): 0.0010956192016601562
(27,45): 0.015048518180847167
(28,0): -0.00041320323944091795
(28,1): 0.0004438018798828125
(28,2): -7.933139801025391e-05
(28,3): -0.0003557109832763672
(28,27): -0.003050680160522461
(28,45): 0.011394991874694824
(29,2): -0.0004992389678955078
(29,3): -0.0008384561538696289
(29,4): -0.0007810831069946289
(29,30): -0.0002907991409301758
(29,37): -0.0029298925399780275
(30,0): -0.0063617324829101565
(30,2): -0.0011246013641357422
(30,3): -0.0012427425384521483
(30,4): -0.00041230201721191405
(30,29): -0.0003048515319824219
(30,32): -0.00020975112915039062
(30,43): -0.001384267807006836
(31,0): -0.003546280860900879
(31,1): -0.0005291080474853515
(31,2): -0.00042233943939208986
(31,3): 2.6655197143554687e-06
(31,4): 0.0007422447204589843
(31,32): 0.00044135093688964846
(32,0): -0.0021545219421386717
(32,1): -0.001276869773864746
(32,2): -0.001184859275817871
(32,3): -0.0005273485183715821
(32,4): -0.0012738800048828125
(32,30): 0.000897674560546875
(32,31): -0.00024454593658447267
(32,43): -0.0005520868301391601
(33,1): -0.0022626495361328124
(33,2): 2.0346641540527345e-05
(33,3): 0.0009406661987304688
(33,4): -8.894443511962891e-05
(35,9): 0.0015499687194824219
(35,10): 0.00534599781036377
(35,12): -2.795696258544922e-05
(35,13): -0.001341533660888672
(36,9): 0.0008260536193847656
(36,10): 0.00504302978515625
(37,10): 0.003321366310119629
(37,11): 0.001735372543334961
(37,13): 0.0012867259979248047
(37,29): -0.006644372940063477
(38,11): 0.0010198736190795898
(38,13): -0.00076141357421875
(38,40): 0.0007312488555908203
(38,43): 0.002266082763671875
(39,15): -0.0025446605682373047
(39,16): -0.0008713388442993164
(39,46): 0.0019336223602294921
(40,15): -0.0007932853698730469
(40,19): -0.0007605314254760742
(40,22): -0.0006740522384643554
(40,38): 0.00287416934967041
(41,16): -0.00317753791809082
(42,23): -0.0027259206771850586
(43,10): 0.0010335397720336913
(43,30): -0.0020691728591918945
(43,32): -0.0019306707382202148
(43,38): 0.001205310821533203
(44,13): -0.0006123733520507813
(44,19): -0.0012390518188476563
(45,9): 0.0011562871932983398
(45,10): 0.0035889148712158203
(45,13): 0.00567697525024414
(45,20): 0.010722661018371582
(45,21): 0.008951830863952636
(45,24): 0.010154781341552734
(45,27): -0.04923628330230713
(45,28): -0.04593602657318115
(45,46): 0.007772531509399414
(46,11): 0.000650029182434082
(46,23): 0.0008501958847045898
(46,39): 0.003927936553955078
(46,45): 0.001808481216430664
(47,13): -0.00046694278717041016
(47,21): -0.0009272861480712891
(47,24): 0.00031215667724609374
