Interaction name: 5x33

Affinity: 8.489999771118164
Predicted value: 8.258458137512207

Attributions for edges: 

(0,8): 0.5634928941726685
(0,9): 0.5956794619560242
(0,11): 0.5163215398788452
(0,17): 0.5667417049407959
(0,18): 0.5307312607765198
(0,19): 0.5139310956001282
(0,20): 0.5758166313171387
(0,27): 0.5465705394744873
(0,28): 0.524364173412323
(0,36): 0.3982744514942169
(0,38): 0.5020280480384827
(1,10): 0.5921992659568787
(1,26): 0.5679702162742615
(1,30): 0.5032010078430176
(1,31): 0.5290095806121826
(1,34): 0.5132923126220703
(2,12): 0.5606125593185425
(2,13): 0.5202574133872986
(2,19): 0.5767815113067627
(2,21): 0.42691150307655334
(2,22): 0.5679085850715637
(2,23): 0.453701376914978
(2,25): 0.5178625583648682
(2,32): 0.5473375916481018
(2,33): 0.5460830330848694
(2,36): 0.4582965075969696
(3,10): 0.5216556787490845
(3,26): 0.46519023180007935
(3,30): 0.4971283972263336
(3,31): 0.4722669720649719
(3,34): 0.46782997250556946
(4,5): 0.4934852719306946
(4,6): 0.5222899913787842
(4,24): 0.4931011497974396
(4,25): 0.4919876456260681
(4,33): 0.45934218168258667
(4,37): 0.47747567296028137
(5,4): 0.48132261633872986
(5,6): 0.5499275922775269
(5,24): 0.47987130284309387
(5,25): 0.4738904535770416
(5,33): 0.614395260810852
(5,37): 0.5224133133888245
(5,39): 0.5062884092330933
(6,4): 0.4886628985404968
(6,5): 0.5031938552856445
(6,23): 0.509522020816803
(6,24): 0.5527536273002625
(6,25): 0.6414842009544373
(6,32): 0.46377333998680115
(6,33): 0.5674558877944946
(6,37): 0.5718244314193726
(6,40): 0.47335970401763916
(7,15): 0.5796938538551331
(7,16): 0.53371661901474
(7,17): 0.5281844735145569
(7,18): 0.4762974679470062
(7,27): 0.5546305775642395
(7,29): 0.48131102323532104
(7,30): 0.5680657625198364
(7,34): 0.5574238300323486
(7,35): 0.5281356573104858
(7,38): 0.5122189521789551
(7,41): 0.44115331768989563
(7,42): 0.5853248238563538
(7,43): 0.5153013467788696
(7,48): 0.4194582402706146
(7,49): 0.3787057101726532
(8,0): 0.534414529800415
(8,9): 0.5076363682746887
(8,11): 0.5372357964515686
(8,17): 0.449922114610672
(8,18): 0.529775857925415
(8,27): 0.5236554741859436
(8,29): 0.5334819555282593
(8,35): 0.4865732192993164
(8,38): 0.5520932674407959
(8,50): 0.5873891115188599
(9,0): 0.49364081025123596
(9,8): 0.5313850045204163
(9,11): 0.5242323875427246
(9,17): 0.4676333963871002
(9,18): 0.4627887010574341
(9,20): 0.5419880151748657
(9,27): 0.5413777232170105
(9,28): 0.5082995295524597
(9,29): 0.46612292528152466
(9,38): 0.49860426783561707
(10,1): 0.4897193908691406
(10,3): 0.5366359949111938
(10,15): 0.4859241545200348
(10,26): 0.4973238408565521
(10,30): 0.5534574389457703
(10,31): 0.4555809795856476
(10,34): 0.5334452390670776
(10,44): 0.40567314624786377
(11,0): 0.590914249420166
(11,8): 0.5179051160812378
(11,9): 0.5018905401229858
(11,12): 0.45260918140411377
(11,14): 0.5348973870277405
(11,18): 0.5772780179977417
(11,19): 0.5294802188873291
(11,20): 0.45245006680488586
(11,28): 0.49487394094467163
(11,36): 0.5858381986618042
(11,38): 0.5772098302841187
(11,45): 0.5446335077285767
(11,46): 0.5224860310554504
(12,2): 0.5659075975418091
(12,11): 0.5536896586418152
(12,13): 0.47072258591651917
(12,14): 0.511935293674469
(12,19): 0.520643949508667
(12,20): 0.47486457228660583
(12,21): 0.53397136926651
(12,22): 0.5437280535697937
(12,28): 0.5094666481018066
(12,36): 0.48993343114852905
(12,50): 0.5306511521339417
(12,53): 0.4979262948036194
(12,55): 0.4517214000225067
(12,57): 0.5242556929588318
(13,2): 0.5036721229553223
(13,12): 0.4774511754512787
(13,14): 0.4828866720199585
(13,19): 0.5088686943054199
(13,21): 0.5558343529701233
(13,22): 0.5592873692512512
(13,23): 0.3953534662723541
(13,28): 0.439656525850296
(13,32): 0.540096640586853
(13,36): 0.4814634919166565
(13,47): 0.5288867354393005
(13,48): 0.4320140480995178
(13,51): 0.4625423550605774
(13,54): 0.4727652072906494
(14,11): 0.5303783416748047
(14,12): 0.49709469079971313
(14,13): 0.5459616780281067
(14,19): 0.5076412558555603
(14,20): 0.5848291516304016
(14,21): 0.5334901809692383
(14,28): 0.534691572189331
(14,36): 0.5533523559570312
(14,43): 0.5261630415916443
(14,53): 0.45807361602783203
(15,7): 0.49948710203170776
(15,10): 0.4385265111923218
(15,16): 0.4672307074069977
(15,17): 0.5931166410446167
(15,26): 0.6065396070480347
(15,27): 0.48624762892723083
(15,29): 0.4972744882106781
(15,30): 0.4536682367324829
(15,31): 0.482950359582901
(15,34): 0.47494974732398987
(15,35): 0.4986060559749603
(15,50): 0.48285549879074097
(16,7): 0.5645401477813721
(16,15): 0.4309934377670288
(16,17): 0.5784706473350525
(16,27): 0.6008509993553162
(16,29): 0.5382913947105408
(16,30): 0.5849692821502686
(16,34): 0.5218362808227539
(16,35): 0.4979279339313507
(16,49): 0.5050819516181946
(16,50): 0.5092273950576782
(16,57): 0.551778256893158
(16,58): 0.5512017607688904
(17,0): 0.5530990362167358
(17,7): 0.5880942940711975
(17,8): 0.5357121229171753
(17,9): 0.5255504846572876
(17,15): 0.5114530324935913
(17,16): 0.5687182545661926
(17,18): 0.5762351155281067
(17,27): 0.5139124989509583
(17,29): 0.5318509340286255
(17,35): 0.506677508354187
(17,38): 0.49240246415138245
(17,42): 0.49008142948150635
(17,44): 0.5793080925941467
(17,49): 0.5415209531784058
(18,0): 0.5030005574226379
(18,7): 0.49637144804000854
(18,8): 0.5425535440444946
(18,9): 0.5140131115913391
(18,11): 0.5269948244094849
(18,17): 0.49694857001304626
(18,20): 0.47907066345214844
(18,27): 0.5185288190841675
(18,28): 0.5390801429748535
(18,29): 0.5361751317977905
(18,35): 0.4319382905960083
(18,57): 0.4386552572250366
(19,0): 0.5498124361038208
(19,2): 0.46340739727020264
(19,11): 0.5335768461227417
(19,12): 0.5479649305343628
(19,13): 0.5015223622322083
(19,14): 0.4554211497306824
(19,20): 0.5321245193481445
(19,21): 0.4543896019458771
(19,28): 0.5489854216575623
(19,59): 0.5377371311187744
(20,0): 0.4656621217727661
(20,9): 0.49756184220314026
(20,11): 0.5008713603019714
(20,12): 0.5595859289169312
(20,14): 0.5306372046470642
(20,18): 0.5418831706047058
(20,19): 0.5216764211654663
(20,21): 0.5069060325622559
(20,28): 0.44947338104248047
(20,36): 0.5491186380386353
(20,38): 0.4673995077610016
(21,2): 0.6027976870536804
(21,12): 0.6044678092002869
(21,13): 0.5126646161079407
(21,14): 0.5244402289390564
(21,19): 0.5822811126708984
(21,20): 0.61239093542099
(21,28): 0.5079615712165833
(21,36): 0.5112168788909912
(21,43): 0.5020545125007629
(22,2): 0.528325080871582
(22,12): 0.576651394367218
(22,13): 0.5336425304412842
(22,23): 0.4572976529598236
(22,24): 0.5405980944633484
(22,25): 0.5111527442932129
(22,32): 0.46020689606666565
(22,33): 0.5843331813812256
(22,37): 0.5554111003875732
(22,57): 0.4369261562824249
(23,2): 0.5719907283782959
(23,6): 0.4412817060947418
(23,13): 0.5737836360931396
(23,22): 0.4915107488632202
(23,24): 0.5398222804069519
(23,25): 0.5675095915794373
(23,32): 0.48608219623565674
(23,33): 0.5293256044387817
(23,37): 0.4776528477668762
(23,59): 0.4402605891227722
(24,4): 0.573126494884491
(24,5): 0.506115198135376
(24,6): 0.5175758600234985
(24,22): 0.3767465651035309
(24,23): 0.46353623270988464
(24,25): 0.5647809505462646
(24,32): 0.49414241313934326
(24,33): 0.560370147228241
(24,54): 0.41397446393966675
(24,56): 0.4517453610897064
(25,2): 0.468891978263855
(25,4): 0.42383891344070435
(25,5): 0.4420248866081238
(25,6): 0.571682333946228
(25,22): 0.47172221541404724
(25,23): 0.4192500412464142
(25,24): 0.5583595633506775
(25,32): 0.4809585511684418
(25,33): 0.4426648020744324
(25,37): 0.526325523853302
(25,51): 0.593535840511322
(25,54): 0.5566959977149963
(25,55): 0.5326700210571289
(26,1): 0.4932829439640045
(26,3): 0.5339446663856506
(26,10): 0.49100762605667114
(26,15): 0.5751741528511047
(26,30): 0.5218441486358643
(26,31): 0.6002883911132812
(26,34): 0.49415433406829834
(26,35): 0.4829387962818146
(26,52): 0.5107343792915344
(27,0): 0.4828813374042511
(27,7): 0.47737470269203186
(27,8): 0.48873475193977356
(27,9): 0.5121203064918518
(27,15): 0.5114264488220215
(27,16): 0.5142231583595276
(27,17): 0.5227383375167847
(27,18): 0.5561501979827881
(27,29): 0.5565203428268433
(27,30): 0.49211880564689636
(27,35): 0.5093048214912415
(27,38): 0.4306774437427521
(27,43): 0.49209848046302795
(27,44): 0.4258250594139099
(28,0): 0.557295024394989
(28,9): 0.4683079719543457
(28,11): 0.46897760033607483
(28,12): 0.48959723114967346
(28,13): 0.49489161372184753
(28,14): 0.548277735710144
(28,18): 0.6140610575675964
(28,19): 0.5476805567741394
(28,20): 0.5140125751495361
(28,21): 0.5166823267936707
(28,36): 0.5965062975883484
(28,38): 0.6102074384689331
(28,42): 0.5293986201286316
(28,50): 0.5950722694396973
(28,57): 0.5044575333595276
(28,59): 0.541925847530365
(29,7): 0.5410199165344238
(29,8): 0.5429427623748779
(29,9): 0.5093557238578796
(29,15): 0.5373547077178955
(29,16): 0.5381734371185303
(29,17): 0.48959311842918396
(29,18): 0.49820688366889954
(29,27): 0.5786396861076355
(29,30): 0.5751804113388062
(29,34): 0.5543168187141418
(29,35): 0.5082433223724365
(29,38): 0.5820249319076538
(29,50): 0.5435326099395752
(29,58): 0.4912365674972534
(30,1): 0.48661404848098755
(30,3): 0.5079187154769897
(30,7): 0.5090687274932861
(30,10): 0.5078227519989014
(30,15): 0.5083160996437073
(30,16): 0.554661750793457
(30,26): 0.5061536431312561
(30,27): 0.43998685479164124
(30,29): 0.4973699748516083
(30,31): 0.5280507802963257
(30,34): 0.4315493106842041
(30,35): 0.5388976335525513
(31,1): 0.43982434272766113
(31,3): 0.4965129494667053
(31,10): 0.5339807271957397
(31,15): 0.5367531776428223
(31,26): 0.5729875564575195
(31,30): 0.5367477536201477
(31,34): 0.5144400000572205
(31,35): 0.6139299869537354
(32,2): 0.45417770743370056
(32,6): 0.450775146484375
(32,13): 0.5129402875900269
(32,22): 0.6292310357093811
(32,23): 0.5652996301651001
(32,24): 0.5258927345275879
(32,25): 0.6367505788803101
(32,33): 0.614762008190155
(32,37): 0.5217414498329163
(32,43): 0.5359935164451599
(33,2): 0.4605679512023926
(33,4): 0.49008485674858093
(33,5): 0.5480737686157227
(33,6): 0.40945810079574585
(33,22): 0.46958300471305847
(33,23): 0.47547581791877747
(33,24): 0.5371628999710083
(33,25): 0.44680055975914
(33,32): 0.5471526980400085
(33,37): 0.4840185046195984
(33,43): 0.5159755349159241
(33,56): 0.4720289707183838
(34,1): 0.4910855293273926
(34,3): 0.492231547832489
(34,7): 0.5167287588119507
(34,10): 0.5186046957969666
(34,15): 0.5372756123542786
(34,16): 0.5557289123535156
(34,26): 0.4592854380607605
(34,29): 0.5201809406280518
(34,30): 0.5892187356948853
(34,31): 0.5033614635467529
(34,35): 0.4858154356479645
(34,41): 0.4900338351726532
(34,42): 0.5405803918838501
(34,58): 0.4636324644088745
(35,7): 0.552691638469696
(35,8): 0.5984832644462585
(35,15): 0.467067152261734
(35,16): 0.45247188210487366
(35,17): 0.5448431372642517
(35,18): 0.5653926730155945
(35,26): 0.41956809163093567
(35,27): 0.4238850176334381
(35,29): 0.5136764049530029
(35,30): 0.5482111573219299
(35,31): 0.4559161961078644
(35,34): 0.5929147601127625
(35,38): 0.5047954320907593
(36,0): 0.5253319144248962
(36,2): 0.4718814492225647
(36,11): 0.5469061136245728
(36,12): 0.4920211434364319
(36,13): 0.49708548188209534
(36,14): 0.5630828142166138
(36,20): 0.5316797494888306
(36,21): 0.5261210799217224
(36,28): 0.5711414217948914
(37,4): 0.5873957872390747
(37,5): 0.47883036732673645
(37,6): 0.5061573386192322
(37,22): 0.5574699640274048
(37,23): 0.5357431173324585
(37,25): 0.4413619041442871
(37,32): 0.5356679558753967
(37,33): 0.5776221752166748
(38,0): 0.5475978255271912
(38,7): 0.481936514377594
(38,8): 0.5365034341812134
(38,9): 0.511681079864502
(38,11): 0.5045257806777954
(38,17): 0.513725996017456
(38,20): 0.6520876288414001
(38,27): 0.47634971141815186
(38,28): 0.5075789093971252
(38,29): 0.5820978283882141
(38,35): 0.48810824751853943
(39,5): 0.5153154134750366
(40,6): 0.48221924901008606
(41,7): 0.581741213798523
(41,34): 0.47763946652412415
(41,43): 0.522234320640564
(42,7): 0.5485855340957642
(42,17): 0.5534343719482422
(42,28): 0.4629134237766266
(42,34): 0.506046712398529
(42,53): 0.46704337000846863
(43,7): 0.5266280174255371
(43,14): 0.4766908884048462
(43,21): 0.4568668007850647
(43,27): 0.430260568857193
(43,32): 0.49738648533821106
(43,33): 0.4516880512237549
(43,41): 0.46160995960235596
(44,10): 0.5484633445739746
(44,17): 0.45500805974006653
(44,27): 0.547433078289032
(44,52): 0.5753973126411438
(45,11): 0.5527859330177307
(45,50): 0.5169737339019775
(46,11): 0.5629062652587891
(46,59): 0.47428828477859497
(47,13): 0.5033045411109924
(47,51): 0.5106217265129089
(48,7): 0.5453364253044128
(48,13): 0.48254963755607605
(49,7): 0.5188670754432678
(49,16): 0.5428946018218994
(49,17): 0.483949214220047
(50,8): 0.4849528670310974
(50,12): 0.48974665999412537
(50,15): 0.5954363942146301
(50,16): 0.5099962949752808
(50,28): 0.4726397693157196
(50,29): 0.4940278232097626
(50,45): 0.479316383600235
(51,13): 0.5187539458274841
(51,25): 0.4357313811779022
(51,47): 0.5030097365379333
(52,26): 0.5103293061256409
(52,44): 0.5148945450782776
(53,12): 0.5090159177780151
(53,14): 0.5291458368301392
(53,42): 0.5766004323959351
(54,13): 0.5535663962364197
(54,24): 0.4768168330192566
(54,25): 0.43673214316368103
(54,55): 0.4646976590156555
(54,57): 0.5304583311080933
(55,12): 0.5169028639793396
(55,25): 0.4944520890712738
(55,54): 0.4928511679172516
(56,24): 0.461642324924469
(56,33): 0.45860838890075684
(57,12): 0.4296365976333618
(57,16): 0.48457780480384827
(57,18): 0.5862091183662415
(57,22): 0.47799938917160034
(57,28): 0.45594650506973267
(57,54): 0.527070164680481
(58,16): 0.6000232100486755
(58,29): 0.5763030052185059
(58,34): 0.5031240582466125
(59,19): 0.5280402898788452
(59,23): 0.4739929139614105
(59,28): 0.5463733077049255
(59,46): 0.4579351544380188
