Interaction name: 5xij

Affinity: 7.300000190734863
Predicted value: 7.476071357727051

Shapley values for edges: 

(0,1): -0.0013364601135253907
(0,2): 0.00589503288269043
(0,4): -0.0023396873474121095
(0,8): -0.002087535858154297
(0,11): -0.022552423477172852
(0,17): -0.011257009506225586
(0,18): 0.00835627555847168
(1,0): 0.006974525451660156
(1,8): 0.0025382423400878906
(1,9): 0.009709434509277344
(1,10): 0.01096670150756836
(1,17): -0.018545312881469725
(1,18): 0.009587717056274415
(1,19): 0.015389928817749024
(2,0): 0.0064878368377685545
(2,5): 0.004764432907104492
(2,7): 0.010308103561401367
(2,11): -0.006886272430419922
(2,12): -0.013583946228027343
(2,19): 0.007043542861938476
(3,5): 0.0041478824615478515
(3,7): 0.012162351608276367
(3,11): -0.019292659759521484
(3,12): -0.017774295806884766
(3,13): -0.005980339050292969
(3,14): -0.01862065315246582
(3,15): -0.015036334991455078
(3,19): 0.007259540557861328
(4,0): -0.00021872520446777343
(4,5): 0.009744663238525391
(4,7): -6.677627563476562e-05
(4,11): -0.0064743137359619144
(4,12): -0.0151776123046875
(5,2): 0.0007832717895507813
(5,3): -0.004413824081420898
(5,4): -0.0003513050079345703
(5,6): 0.0027202033996582033
(5,11): -0.01365915298461914
(5,12): -0.0109775447845459
(5,13): -0.021883020401000975
(5,14): -0.02135810852050781
(5,15): -0.01040140151977539
(5,20): 0.003340606689453125
(5,21): 0.023183469772338868
(6,5): 0.004770078659057617
(6,7): -0.010181035995483399
(6,11): -0.01677447319030762
(6,12): -0.012338094711303711
(6,13): -0.007994852066040038
(6,14): -0.02151698112487793
(6,15): -0.02809739112854004
(7,2): 0.005220346450805664
(7,3): 0.009315719604492187
(7,4): -0.0074245834350585935
(7,6): -0.007669267654418946
(7,11): -0.0037338066101074217
(7,12): -0.0058784008026123045
(7,13): -0.010979604721069337
(7,14): -0.006882457733154297
(7,15): -0.004059410095214844
(8,0): 0.011973400115966797
(8,1): 0.01549351692199707
(8,9): 0.003273658752441406
(8,10): 0.0026958370208740234
(8,16): 0.0032094860076904296
(8,17): 0.005254907608032227
(8,28): 0.0026644420623779296
(8,30): 0.0020801639556884766
(9,1): 0.016846418380737305
(9,8): -0.0006038093566894531
(9,10): -7.753372192382812e-05
(9,16): 0.0006537818908691406
(9,17): 0.008430652618408203
(9,18): 0.0030748748779296873
(9,30): -0.0010770225524902343
(9,31): 0.0015819644927978515
(10,1): 0.009594697952270508
(10,8): 0.0016052913665771484
(10,9): 0.000995626449584961
(10,16): 0.0007500839233398437
(10,17): 0.012041702270507812
(10,18): 0.0020230484008789064
(10,22): -0.0016986179351806642
(11,0): 0.009480934143066406
(11,2): 0.008252077102661133
(11,3): 0.006390571594238281
(11,4): -0.002855815887451172
(11,5): -0.0041834163665771485
(11,6): 0.0005733966827392578
(11,7): 0.008222990036010742
(11,12): 0.0021829700469970705
(11,13): 0.0007000064849853516
(11,23): -0.0047997570037841795
(11,25): 0.0033709526062011717
(11,27): -0.003084230422973633
(11,32): -0.001085491180419922
(12,2): 0.013600702285766602
(12,3): 0.008699731826782226
(12,4): -0.005426263809204102
(12,5): -0.004292440414428711
(12,6): 0.0010159111022949219
(12,7): 0.0072847652435302735
(12,11): 0.004024696350097656
(12,13): 0.001082916259765625
(12,14): 0.003941364288330078
(12,22): -0.001451253890991211
(12,23): -0.006599235534667969
(12,24): -0.0010457324981689453
(13,3): 0.00513162612915039
(13,5): -0.0010921955108642578
(13,6): 0.0025800323486328126
(13,7): 0.01422327995300293
(13,11): 0.011610393524169921
(13,12): 0.005343647003173828
(13,14): 0.004539060592651367
(13,15): 0.004952831268310547
(13,22): 0.0019496917724609376
(14,3): 0.005935001373291016
(14,5): -0.0028197383880615235
(14,6): 0.003309297561645508
(14,7): 0.012801237106323242
(14,12): 0.007618579864501953
(14,13): 0.003573141098022461
(14,15): 0.003503141403198242
(14,23): -0.005725545883178711
(14,32): 0.0054190635681152345
(15,3): 0.011191368103027344
(15,5): -0.0011658096313476563
(15,6): -0.0004105091094970703
(15,7): 0.01086411476135254
(15,13): 0.0038558769226074217
(15,14): 0.003086843490600586
(15,25): 0.007083816528320313
(15,26): -0.000166015625
(15,27): -0.0013762855529785157
(15,28): -0.0016194057464599609
(16,8): -0.0013317584991455079
(16,9): -0.001009063720703125
(16,10): -0.0019091320037841796
(16,17): 0.006497268676757813
(16,18): 0.0005056381225585938
(16,29): -0.0035784149169921873
(16,33): -0.00282562255859375
(17,0): 0.004981651306152344
(17,1): 7.979393005371094e-05
(17,8): -6.417274475097657e-05
(17,9): 0.001978912353515625
(17,10): 0.0016971778869628905
(17,16): 0.0011734676361083985
(17,18): 0.0012797737121582032
(18,0): 0.013291053771972657
(18,1): 0.006874303817749023
(18,9): -0.011208868026733399
(18,10): -0.01120504379272461
(18,16): -0.010525112152099609
(18,17): 0.00018586158752441405
(19,1): 0.00021082878112792968
(19,2): 0.004967670440673828
(19,3): 0.013573684692382813
(19,32): -0.01813511848449707
(20,5): 0.002355833053588867
(20,21): 0.03201725006103515
(20,23): 0.0050422573089599606
(20,25): -0.017220144271850587
(20,28): 0.0038846588134765626
(21,5): -0.016422538757324218
(21,20): -0.029576148986816406
(22,10): 0.0024825096130371093
(22,12): 0.014618692398071289
(22,13): 0.028782119750976564
(23,11): 0.01604924201965332
(23,12): 0.01557077407836914
(23,14): 0.033220338821411136
(23,20): 0.0038093090057373046
(23,25): 0.019325714111328125
(23,28): 0.0013283729553222657
(24,12): 0.014588088989257812
(25,11): 0.015434417724609375
(25,15): 0.009035139083862305
(25,20): -0.005587778091430664
(25,23): -0.001685199737548828
(26,15): 0.017250127792358398
(27,11): 0.03461337089538574
(27,15): 0.01769420623779297
(28,8): 0.0044082927703857425
(28,15): 0.01894885063171387
(28,20): 0.0012787151336669921
(28,23): -0.0004539299011230469
(29,16): 0.0004491901397705078
(29,31): -0.0005356025695800781
(30,8): 0.0009779739379882813
(30,9): 0.007216405868530273
(31,9): 0.0038285160064697264
(31,29): 0.0006290626525878906
(32,11): 0.01930694580078125
(32,14): 0.014961624145507812
(32,19): 0.025250625610351563
(33,16): 0.0002375984191894531
