Interaction name: 5kr0

Affinity: 9.149999618530273
Predicted value: 9.118529319763184

Attributions for edges: 

(0,1): 2.4149805094203093e-37
(0,5): 8.401662980384732e-22
(0,6): 7.973440873656532e-27
(0,9): 3.765758679197993e-25
(0,10): 8.856715714865466e-21
(0,11): 9.64605362218776e-21
(0,21): 1.1416800936625873e-20
(0,24): 1.3208095288232833e-21
(0,30): 2.2135298820082707e-33
(0,31): 1.3225633151462286e-37
(1,0): 1.790954501494936e-37
(1,6): 0.0
(1,10): 5.059547965573562e-37
(1,11): 5.5104705652659965e-37
(1,12): 0.0
(1,13): 0.0
(1,28): 0.0
(1,30): 0.0
(2,6): 0.0
(2,12): 0.0
(2,13): 0.0
(2,29): 0.0
(2,30): 0.0
(3,4): 0.0
(3,12): 0.0
(3,13): 0.0
(3,15): 7.602309859290036e-26
(3,18): 7.236050689636814e-24
(3,22): 5.020502045953494e-21
(3,25): 0.0
(3,28): 0.0
(3,29): 0.0
(3,30): 1.9383793479174055e-33
(4,3): 0.0
(4,15): 0.0
(4,18): 0.0
(4,19): 0.0
(4,25): 0.0
(4,29): 0.0
(5,0): 8.162920601415707e-22
(5,9): 9.805186064489827e-26
(5,10): 2.3060888729699514e-21
(5,11): 2.5116050869433406e-21
(5,21): 2.972677499084959e-21
(5,31): 3.44366967634158e-38
(6,0): 7.441341096761337e-27
(6,1): 0.0
(6,2): 0.0
(6,8): 0.0
(6,11): 2.2895865016767625e-26
(6,12): 0.0
(6,13): 0.0
(6,22): 1.3608265075186486e-26
(6,24): 3.1350957858356072e-27
(6,28): 0.0
(6,32): 0.0
(7,15): 0.0
(7,16): 1.9595192721577426e-37
(7,17): 8.271087394521388e-38
(7,18): 0.0
(7,26): 0.0
(8,6): 0.0
(8,12): 0.0
(8,13): 0.0
(9,0): 3.524698317261523e-25
(9,5): 9.4458999815045e-26
(9,10): 9.957472704014349e-25
(9,11): 1.0844913612256305e-24
(9,21): 1.283578653066586e-24
(9,33): 0.0
(9,42): 0.0
(10,0): 8.782161215397723e-21
(10,1): 6.765079312683257e-37
(10,5): 2.3535558327056756e-21
(10,9): 1.0549010900631772e-24
(10,11): 2.7021258654264002e-20
(10,21): 3.1981975494431015e-20
(10,34): 1.0542590299426005e-36
(10,35): 0.0
(10,44): 6.276181300399866e-37
(11,0): 9.575771542895596e-21
(11,1): 7.376384445253367e-37
(11,5): 2.5662274820950753e-21
(11,6): 2.435430243017408e-26
(11,9): 1.150232662484034e-24
(11,10): 2.7052305392216016e-20
(11,21): 3.48720637753346e-20
(11,38): 0.0
(11,45): 0.0
(11,46): 0.0
(12,1): 0.0
(12,2): 0.0
(12,3): 0.0
(12,6): 0.0
(12,8): 0.0
(12,13): 0.0
(12,14): 0.0
(12,28): 0.0
(12,38): 0.0
(12,48): 0.0
(12,50): 0.0
(12,51): 0.0
(12,52): 0.0
(13,1): 0.0
(13,2): 0.0
(13,3): 0.0
(13,6): 0.0
(13,8): 0.0
(13,12): 0.0
(13,22): 0.0
(13,23): 0.0
(13,24): 0.0
(13,27): 0.0
(13,28): 0.0
(13,35): 0.0
(13,36): 0.0
(13,46): 0.0
(14,12): 0.0
(14,19): 5.6721629757337674e-27
(14,20): 0.0
(14,38): 0.0
(14,40): 0.0
(14,45): 0.0
(14,49): 0.0
(14,50): 8.92284498792573e-28
(15,3): 8.516066551032582e-26
(15,4): 0.0
(15,7): 0.0
(15,16): 1.1816352429686193e-25
(15,17): 4.987656581582236e-26
(15,18): 2.4549785667680347e-28
(15,25): 0.0
(15,26): 0.0
(15,38): 0.0
(15,48): 2.0773796826100038e-27
(16,7): 2.427634570864794e-37
(16,15): 1.106479724971115e-25
(16,17): 2.1396694637399805e-21
(16,18): 1.0531685937431308e-23
(16,25): 0.0
(16,26): 0.0
(16,48): 8.911812764468429e-23
(16,49): 0.0
(16,50): 2.930318495752075e-23
(16,51): 1.379961013698667e-31
(17,7): 1.0198790353202451e-37
(17,15): 4.648492922804657e-26
(17,16): 2.1296211176123435e-21
(17,18): 4.424507430509793e-24
(17,25): 0.0
(17,26): 0.0
(17,39): 1.2199927364924392e-30
(17,51): 5.797430580522422e-32
(18,3): 7.915539185792553e-24
(18,4): 0.0
(18,7): 0.0
(18,15): 2.3973682243415793e-28
(18,16): 1.0983140778297525e-23
(18,17): 4.6359418746316546e-24
(18,25): 0.0
(18,26): 0.0
(18,35): 0.0
(18,41): 0.0
(19,4): 0.0
(19,14): 5.2635326416432944e-27
(19,20): 0.0
(19,34): 1.6238348899383876e-38
(19,35): 0.0
(19,37): 0.0
(19,51): 4.671692628050137e-33
(20,14): 0.0
(20,19): 0.0
(20,40): 0.0
(20,41): 0.0
(20,42): 0.0
(20,47): 0.0
(21,0): 1.1308050919882159e-20
(21,5): 3.030464223586814e-21
(21,9): 1.3583073480105593e-24
(21,10): 3.194588650903412e-20
(21,11): 3.479300340335043e-20
(21,42): 0.0
(21,43): 1.5102698788836507e-38
(21,45): 0.0
(21,52): 0.0
(22,3): 5.102346478466144e-21
(22,6): 1.4192955835887073e-26
(22,13): 0.0
(22,23): 0.0
(22,24): 2.351096909087891e-21
(22,27): 0.0
(22,28): 0.0
(22,37): 0.0
(22,38): 0.0
(22,50): 4.09254852959164e-23
(23,13): 0.0
(23,22): 0.0
(23,24): 0.0
(23,27): 0.0
(23,28): 0.0
(23,42): 0.0
(23,45): 0.0
(24,0): 1.2588165222441429e-21
(24,6): 3.2015796578878323e-27
(24,13): 0.0
(24,22): 2.3020369804381487e-21
(24,23): 0.0
(24,27): 0.0
(24,28): 0.0
(24,36): 0.0
(24,38): 0.0
(24,52): 0.0
(25,3): 0.0
(25,4): 0.0
(25,15): 0.0
(25,16): 0.0
(25,17): 0.0
(25,18): 0.0
(25,26): 0.0
(25,52): 0.0
(26,7): 0.0
(26,15): 0.0
(26,16): 0.0
(26,17): 0.0
(26,18): 0.0
(26,25): 0.0
(27,13): 0.0
(27,22): 0.0
(27,23): 0.0
(27,24): 0.0
(27,28): 0.0
(27,46): 0.0
(28,1): 0.0
(28,3): 0.0
(28,6): 0.0
(28,12): 0.0
(28,13): 0.0
(28,22): 0.0
(28,23): 0.0
(28,24): 0.0
(28,27): 0.0
(29,2): 0.0
(29,3): 0.0
(29,4): 0.0
(30,0): 1.4696768731369349e-33
(30,1): 0.0
(30,2): 0.0
(30,3): 1.3437522244760896e-33
(30,51): 0.0
(31,0): 7.790624750577723e-38
(31,5): 2.0878149008252777e-38
(31,42): 0.0
(32,6): 0.0
(32,36): 0.0
(32,52): 0.0
(33,9): 0.0
(33,44): 0.0
(34,10): 6.2509978370222835e-37
(34,19): 1.0315424628283599e-38
(35,10): 0.0
(35,13): 0.0
(35,18): 0.0
(35,19): 0.0
(35,47): 0.0
(36,13): 0.0
(36,24): 0.0
(36,32): 0.0
(37,19): 0.0
(37,22): 0.0
(37,48): 0.0
(38,11): 0.0
(38,12): 0.0
(38,14): 0.0
(38,15): 0.0
(38,22): 0.0
(38,24): 0.0
(38,49): 0.0
(39,17): 8.766787027472145e-31
(39,50): 1.2006282567527912e-32
(40,14): 0.0
(40,20): 0.0
(40,41): 0.0
(41,18): 0.0
(41,20): 0.0
(41,40): 0.0
(41,47): 0.0
(42,9): 0.0
(42,20): 0.0
(42,21): 0.0
(42,23): 0.0
(42,31): 0.0
(43,21): 8.438753876816624e-39
(43,44): 0.0
(44,10): 3.710183191790903e-37
(44,33): 0.0
(44,43): 0.0
(45,11): 0.0
(45,14): 0.0
(45,21): 0.0
(45,23): 0.0
(46,11): 0.0
(46,13): 0.0
(46,27): 0.0
(47,20): 0.0
(47,35): 0.0
(47,41): 0.0
(48,12): 0.0
(48,15): 1.7525887382656015e-27
(48,16): 8.029191638585192e-23
(48,37): 0.0
(48,50): 4.641442601723761e-25
(49,14): 0.0
(49,16): 0.0
(49,38): 0.0
(50,12): 0.0
(50,14): 8.378305629519739e-28
(50,16): 2.7316280995540586e-23
(50,22): 3.937582800103852e-23
(50,39): 1.5648634832839296e-32
(50,48): 4.802333248533915e-25
(51,12): 0.0
(51,16): 9.552660131681898e-32
(51,17): 4.0321560368092433e-32
(51,19): 3.510380249228536e-33
(51,30): 0.0
(52,12): 0.0
(52,21): 0.0
(52,24): 0.0
(52,25): 0.0
(52,32): 0.0
