Interaction name: 5l26

Affinity: 5.349999904632568
Predicted value: 6.222121715545654

Shapley values for edges: 

(0,2): 0.015399718284606933
(0,6): -0.04041264057159424
(0,7): 0.007198691368103027
(0,10): 0.0035142230987548827
(0,14): 0.009286441802978516
(1,6): -0.02133256435394287
(1,15): 0.016959633827209473
(2,0): -0.0066216659545898435
(2,3): 0.006740031242370606
(2,4): 0.003418574333190918
(2,8): -0.0001536417007446289
(2,10): 0.003041672706604004
(2,11): 0.00322667121887207
(2,12): -5.816459655761719e-05
(2,15): 0.00013753890991210937
(3,2): 0.0017840099334716798
(3,4): 0.003442707061767578
(3,5): 0.0013426923751831054
(3,7): 0.0022232961654663087
(3,9): -0.008603954315185547
(3,10): -0.007344708442687988
(3,11): -0.0015924501419067383
(3,12): 0.0012680912017822266
(3,13): -0.0060355901718139645
(3,15): -0.006423258781433105
(4,2): 0.001108379364013672
(4,3): 0.001939096450805664
(4,5): 0.0054991054534912105
(4,7): -0.0019047069549560547
(4,8): -0.0014925050735473634
(4,9): -0.0065751314163208004
(4,10): -0.006049709320068359
(4,11): -0.0032488536834716798
(4,12): -0.0032337188720703127
(4,13): -0.01678591251373291
(4,15): -0.005265579223632812
(5,3): -0.0008959341049194336
(5,4): 0.0011628007888793946
(5,8): 0.0012834882736206055
(5,11): 0.0004137277603149414
(5,12): -0.0017600059509277344
(5,13): -0.015258708000183106
(5,15): -0.0035101795196533204
(5,16): -0.01904949188232422
(6,0): 0.024487333297729494
(6,1): 0.03625080108642578
(7,0): -0.018398957252502443
(7,3): -0.0076363754272460935
(7,4): -0.00511899471282959
(7,8): -0.006526827812194824
(7,10): -0.017429046630859375
(7,11): -0.016664223670959474
(7,12): -0.014248151779174805
(8,2): -0.007411684989929199
(8,4): -0.00823709487915039
(8,5): -0.010613818168640137
(8,7): -0.008010883331298829
(8,9): -0.013003425598144531
(8,10): -0.025581722259521485
(8,11): -0.02524012565612793
(8,12): -0.019214582443237305
(8,13): -0.015229277610778809
(9,3): -0.011376886367797852
(9,4): -0.009493021965026856
(9,8): -0.008803877830505371
(9,11): -0.017634062767028807
(9,12): -0.0153057861328125
(9,13): -0.03297111988067627
(10,0): -0.03198432922363281
(10,2): -0.019214940071105958
(10,3): -0.01876988887786865
(10,4): -0.015585651397705078
(10,7): -0.012723655700683593
(10,8): -0.0015424776077270508
(10,11): 0.008585748672485351
(10,12): 0.012092299461364746
(10,13): 0.007888302803039551
(10,17): -0.0021226024627685547
(10,18): 0.004286227226257325
(11,2): -0.01925379753112793
(11,3): -0.021804308891296385
(11,4): -0.017929186820983888
(11,5): -0.007323946952819824
(11,7): -0.004669747352600098
(11,8): -0.004563508033752442
(11,9): -0.02122605323791504
(11,10): -0.0028566789627075197
(11,12): -0.0021188831329345703
(11,13): 0.009552693367004395
(11,19): -0.0015611934661865234
(12,2): -0.013192286491394043
(12,3): -0.007448544502258301
(12,4): -0.01200373649597168
(12,5): -0.01801713466644287
(12,7): -0.018408203125
(12,8): -0.0053998613357543945
(12,9): -0.016791162490844728
(12,10): 0.002260880470275879
(12,11): 0.006754212379455567
(12,13): 0.005947642326354981
(12,18): 0.0007431173324584961
(13,3): -0.010816168785095216
(13,4): -0.005489029884338379
(13,5): -0.02123593807220459
(13,8): 0.0056962728500366214
(13,9): 0.005401625633239746
(13,10): -0.0004388570785522461
(13,11): 0.009648470878601075
(13,12): 0.010237164497375488
(13,20): -0.0006608104705810547
(13,21): 0.010099649429321289
(14,0): 0.005130863189697266
(14,18): -0.002047228813171387
(15,1): -0.0205861759185791
(15,2): 0.007927660942077636
(15,3): 0.021858267784118653
(15,4): 0.015332765579223633
(15,5): 0.009638128280639648
(15,20): -0.009691190719604493
(16,5): -0.008780860900878906
(16,19): -0.0037590646743774414
(16,21): -0.007420887947082519
(17,10): 0.015773520469665528
(17,19): 0.019273042678833008
(18,10): 0.009027056694030762
(18,12): 0.015693798065185546
(18,14): -0.02831940174102783
(19,11): 0.022237939834594725
(19,16): -0.032003679275512696
(19,17): 0.0030251455307006834
(20,13): 0.017854280471801758
(20,15): -0.05288636207580567
(21,13): 0.010272550582885741
(21,16): -0.0396588659286499
