Interaction name: 6d56

Affinity: 8.050000190734863
Predicted value: 7.745645523071289

Shapley values for edges: 

(0,5): 0.025235233306884767
(0,6): 0.010469250679016114
(0,7): 0.027139291763305665
(0,11): 0.004345636367797851
(0,13): 0.04711267471313477
(0,20): 0.0491486120223999
(0,22): 0.0327963924407959
(0,23): -0.08087113380432129
(1,2): -0.010093350410461426
(1,6): 0.031608471870422365
(1,12): -0.04841549396514892
(1,13): -0.007875380516052246
(2,1): -0.0022635889053344727
(2,6): -0.006339292526245117
(2,12): -0.08426986694335938
(2,13): -0.05730924129486084
(2,26): -0.018456172943115235
(3,7): -0.017233700752258302
(3,14): -0.12996495723724366
(3,23): -0.021990962028503418
(3,29): -0.017273702621459962
(4,7): 0.13961542129516602
(4,14): 0.16025591373443604
(4,23): 0.16887804508209228
(5,0): -0.0439967679977417
(5,7): -0.035698647499084475
(5,8): 0.0016392230987548827
(5,11): 0.011215648651123046
(5,15): 0.00301180362701416
(5,19): 0.0011672687530517578
(5,22): -0.0015716123580932616
(5,24): 0.0019347572326660156
(5,25): -0.009663810729980469
(5,31): -0.02206742763519287
(5,33): -0.002902474403381348
(5,38): -0.008014192581176758
(5,41): -0.005651664733886719
(5,42): -0.031380023956298825
(6,0): 0.005633640289306641
(6,1): -0.004808688163757324
(6,2): -0.03689004421234131
(6,11): -0.013312997817993165
(6,12): -0.03529677391052246
(6,13): -0.03249838352203369
(6,18): -0.011758337020874024
(6,20): -0.013203816413879394
(6,21): -0.005699024200439453
(6,22): -0.009350337982177735
(6,26): -0.032340283393859866
(6,27): -0.0021385860443115232
(6,32): 0.0038148164749145508
(6,40): -0.008714208602905274
(6,43): -0.008964066505432128
(7,0): 0.004120669364929199
(7,3): -0.024352035522460937
(7,4): -0.0174249267578125
(7,5): -0.0040968751907348635
(7,14): 0.03601472854614258
(7,19): 0.011154618263244629
(7,23): -0.021397619247436522
(7,32): 0.0472920560836792
(7,33): -0.0019191312789916992
(7,37): 0.00037505626678466795
(7,44): -0.0049940872192382815
(7,47): -0.015574917793273926
(8,5): -0.008022150993347167
(8,9): -0.004212722778320312
(8,11): -0.010911779403686523
(8,15): 0.004636850357055664
(8,16): 0.0008624267578125
(8,17): -0.020958313941955565
(8,19): 0.0005137062072753906
(8,22): -0.01512387752532959
(8,24): 0.0038288211822509765
(8,25): 0.005801467895507812
(8,28): 0.0024548768997192383
(8,36): -0.005306177139282227
(8,40): 0.0017685461044311523
(8,46): -0.008596911430358886
(9,8): -0.005695533752441406
(9,16): -0.0007111644744873047
(9,17): -0.016888689994812012
(9,19): -0.010499787330627442
(9,24): -0.014254984855651855
(9,25): -0.00973102569580078
(9,28): -0.01141287326812744
(9,33): -0.017727370262145995
(9,34): -0.004626870155334473
(9,35): -0.0029806756973266603
(9,40): -0.009488816261291505
(9,46): 0.000865330696105957
(10,15): 0.0023769855499267576
(10,16): -0.0014667272567749023
(10,17): -0.02079737663269043
(10,19): -0.013209505081176758
(10,24): 0.02480916976928711
(10,25): -0.0005145072937011719
(10,28): -0.004110665321350098
(10,36): -0.01302861213684082
(10,37): -0.008449020385742188
(10,49): -0.004345645904541015
(10,52): -0.007255229949951172
(11,0): -0.0134628963470459
(11,5): -0.01607454776763916
(11,6): -0.024376211166381837
(11,8): -0.0012830877304077148
(11,18): -0.01802544593811035
(11,19): 0.004117975234985352
(11,20): 0.006818127632141113
(11,21): -0.0022071886062622072
(11,22): 0.0012925481796264649
(11,27): -0.01704638957977295
(11,42): 0.008164739608764649
(11,49): -0.0016357183456420898
(12,1): -0.036202893257141114
(12,2): -0.048413996696472165
(12,6): -0.023744115829467772
(12,20): -0.015526866912841797
(12,26): -0.035484910011291504
(12,38): -0.008874444961547852
(12,39): 0.003895578384399414
(12,42): 0.007327156066894531
(13,0): -0.03432202339172363
(13,1): -0.03723243713378906
(13,2): -0.09901631355285645
(13,6): -0.021177973747253418
(13,26): -0.01400683879852295
(13,39): -0.0026944303512573243
(13,40): -0.013188962936401366
(13,44): 0.01805689334869385
(13,48): -0.005319180488586425
(14,3): -0.02516667366027832
(14,4): 0.0015289783477783203
(14,7): 0.010675687789916993
(14,23): -0.06853817939758301
(15,5): -0.013140673637390137
(15,8): 0.000645451545715332
(15,10): -0.008856797218322754
(15,16): 0.0009224033355712891
(15,17): 0.0005552101135253906
(15,19): 0.001318678855895996
(15,24): -0.005529646873474121
(15,25): -0.011219406127929687
(15,28): -0.006682114601135254
(15,44): -0.009894146919250488
(15,52): -0.00885519027709961
(16,8): 0.0036470508575439453
(16,9): 0.004924654960632324
(16,10): -0.019110236167907715
(16,15): -0.00043558597564697266
(16,17): -0.0136714506149292
(16,19): -0.002995119094848633
(16,24): -0.011800904273986817
(16,25): -0.008279070854187012
(16,51): -0.01176875114440918
(16,52): -0.0007282495498657227
(17,8): -0.003305392265319824
(17,9): -0.009075474739074708
(17,10): -0.018457207679748535
(17,15): -0.006768226623535156
(17,16): -0.0018639135360717773
(17,24): -0.01925753116607666
(17,25): -0.04316346168518066
(17,28): -0.0016598033905029297
(17,34): 0.0025493717193603516
(17,41): -0.006928730010986328
(17,50): 0.0010040998458862305
(17,51): -0.00496361255645752
(18,6): -0.009628763198852539
(18,11): -0.009285659790039062
(18,20): -0.007943949699401855
(18,21): -0.0042258167266845705
(18,22): 0.0008665084838867188
(18,27): -0.03575559616088867
(18,32): -0.0029279375076293945
(18,38): -0.014149465560913087
(18,42): 0.0012689352035522461
(18,43): -0.004843130111694336
(18,45): -0.005830278396606445
(18,51): -0.006041913032531738
(19,5): 0.002157716751098633
(19,7): -0.004309120178222656
(19,8): -0.0028764820098876953
(19,9): -0.00513056755065918
(19,10): -0.01020162582397461
(19,11): -0.005157194137573242
(19,15): -0.01633389949798584
(19,16): -0.005192804336547852
(19,22): 0.005724539756774902
(19,24): -0.00799994945526123
(19,25): -0.007972640991210938
(19,28): -0.012957229614257812
(19,37): -0.014864444732666016
(19,43): -0.009522132873535157
(20,0): -0.009380812644958497
(20,6): -0.08234933853149413
(20,11): -0.0212923002243042
(20,12): -0.027564554214477538
(20,18): -0.00773902416229248
(20,21): 0.005121779441833496
(20,22): -0.010808110237121582
(20,27): -0.019912619590759278
(20,38): -0.00683877944946289
(20,45): -0.008903489112854004
(21,6): -0.015479888916015625
(21,11): -0.008960371017456054
(21,18): -0.010210137367248535
(21,20): -0.018138837814331055
(21,22): -0.01014225959777832
(21,32): -0.022726964950561524
(21,38): -0.021375598907470702
(21,49): -0.019139490127563476
(22,0): -0.027910399436950683
(22,5): 0.012107911109924317
(22,6): -0.03575385570526123
(22,8): -0.03395503520965576
(22,11): -0.019197330474853516
(22,18): -0.007372498512268066
(22,19): -0.01949308395385742
(22,20): -0.0034209251403808593
(22,21): -0.006715059280395508
(22,27): -0.026541619300842284
(22,32): 0.0002610588073730469
(22,43): -0.0034255266189575197
(22,46): -0.0038254404067993163
(23,0): 0.01016202449798584
(23,3): -0.05194845199584961
(23,4): -0.007709116935729981
(23,7): -0.0381170129776001
(23,14): -0.016268653869628905
(23,38): 0.027817935943603517
(23,40): 0.00632772445678711
(23,48): 0.038172702789306644
(24,5): 0.0010060405731201173
(24,8): -0.0004023456573486328
(24,9): -0.006568803787231446
(24,10): -0.0005916976928710938
(24,15): 0.0014270973205566407
(24,16): 5.297183990478516e-05
(24,17): -0.0027068424224853515
(24,19): 0.003650808334350586
(24,25): -0.0026965808868408205
(24,28): 0.0026993799209594728
(24,37): -0.012712411880493164
(25,5): -0.006353049278259277
(25,8): 0.00012894630432128907
(25,9): -0.010336050987243653
(25,10): -0.010975933074951172
(25,15): 0.0014696931838989258
(25,16): -0.00030069828033447266
(25,17): -0.0033362722396850586
(25,19): -0.0035697174072265624
(25,24): -0.0004702091217041016
(25,28): -0.002624983787536621
(25,50): -0.006775460243225098
(26,2): 0.07046313285827636
(26,6): 0.0025542354583740234
(26,12): 0.09148777008056641
(26,13): -0.01241023063659668
(27,6): -0.0114778470993042
(27,11): 0.02945944309234619
(27,18): 0.011618080139160157
(27,20): 0.04063251495361328
(27,22): 0.024337568283081056
(28,8): -0.0036744260787963867
(28,9): 0.008813390731811524
(28,10): 0.029902315139770506
(28,15): -0.006834015846252441
(28,17): 0.005383706092834473
(28,19): -0.011952123641967773
(28,24): -0.008674616813659669
(28,25): 0.01867025375366211
(29,3): -0.04763633251190186
(31,5): 0.017791032791137695
(31,47): -0.009284067153930663
(32,6): 0.020543060302734374
(32,7): -0.025436277389526366
(32,18): 0.0032953071594238282
(32,21): 0.007987961769104004
(32,22): -0.012139039039611816
(32,52): 0.002632350921630859
(33,5): 0.004414420127868652
(33,7): -0.012965121269226075
(33,9): -0.008911476135253907
(33,48): -0.01750596523284912
(33,50): -0.011337590217590333
(34,9): -0.008059244155883789
(34,17): -0.011320090293884278
(35,9): -0.0016593265533447266
(35,39): 0.014760723114013672
(36,8): -0.005351285934448242
(36,10): 0.0020656538009643554
(36,37): -0.0036646318435668945
(37,7): -0.03351302146911621
(37,10): -0.005445537567138672
(37,19): -0.0016601800918579102
(37,24): -0.003582615852355957
(37,36): -0.012783946990966797
(37,41): -0.0051941537857055665
(38,5): -0.007739715576171875
(38,12): 0.009801888465881347
(38,18): -0.004290504455566406
(38,20): 0.004747462272644043
(38,21): -0.005209078788757324
(38,23): -0.03062218189239502
(39,12): 0.009264025688171387
(39,13): 0.009497089385986328
(39,35): 0.018065395355224608
(40,6): -0.002623295783996582
(40,8): -0.013067212104797363
(40,9): -0.002896413803100586
(40,13): -0.0014934158325195313
(40,23): -0.02145923614501953
(41,5): 0.002193455696105957
(41,17): -0.011420907974243165
(41,37): -0.007123417854309082
(42,5): -0.004664468765258789
(42,11): -0.006944675445556641
(42,12): 0.02052657127380371
(42,18): 0.003064851760864258
(43,6): 0.0010886526107788087
(43,18): -0.029834976196289064
(43,19): -0.0004689168930053711
(43,22): -0.009737482070922851
(44,7): -0.01665860176086426
(44,13): -0.0035988616943359373
(44,15): -0.004231696128845215
(44,45): -0.015655150413513185
(44,46): 0.0006736135482788086
(45,18): -0.00276583194732666
(45,20): -0.004686250686645508
(45,44): -0.009108171463012696
(45,46): -0.0004966545104980468
(46,8): -0.012060627937316895
(46,9): -0.002232332229614258
(46,22): -0.006880364418029785
(46,44): -0.028856644630432127
(46,45): -0.0019037342071533203
(47,7): -0.0012404394149780273
(47,31): 0.009563655853271484
(48,13): -0.0028370046615600586
(48,23): -0.017245707511901857
(48,33): -0.024761343002319337
(48,50): -0.004104442596435547
(49,10): -0.005759377479553223
(49,11): 0.0008126497268676758
(49,21): 0.0016940832138061523
(49,52): -0.010617537498474121
(50,17): -0.011503582000732421
(50,25): 0.007228984832763672
(50,33): -0.013947782516479492
(50,48): 0.0039853048324584965
(51,16): -0.003948454856872559
(51,17): -0.0018904256820678712
(51,18): -0.006062006950378418
(51,52): 0.0007413530349731445
(52,10): 0.013442177772521973
(52,15): -0.0018912506103515624
(52,16): -0.007685861587524414
(52,32): -0.00360443115234375
(52,49): 0.000226287841796875
(52,51): -0.004276905059814453
