Interaction name: 5b25

Affinity: 10.239999771118164
Predicted value: 7.726472854614258

Attributions for edges: 

(0,6): 0.0
(0,10): 0.0
(0,11): 0.0
(0,16): 0.0
(0,18): 0.4549389183521271
(0,26): 0.0
(0,28): 0.0
(1,4): 0.47960054874420166
(1,5): 0.5139514207839966
(1,7): 0.5823548436164856
(1,13): 0.46705418825149536
(1,14): 0.4077596366405487
(1,15): 0.0
(1,21): 0.4631199240684509
(1,29): 0.0
(1,30): 0.5257395505905151
(2,4): 0.44516608119010925
(2,5): 0.48210281133651733
(2,30): 0.0
(3,5): 0.0
(3,8): 0.0
(3,9): 0.0
(3,12): 0.5020262002944946
(3,13): 0.4286763370037079
(3,14): 0.0
(4,1): 0.5575168132781982
(4,2): 0.48235729336738586
(4,15): 0.4523037374019623
(4,17): 0.510522723197937
(4,19): 0.0
(4,20): 0.0
(4,21): 0.5238040089607239
(4,22): 0.5365145206451416
(4,24): 0.0
(4,25): 0.4561837613582611
(4,27): 0.5493009090423584
(4,29): 0.0
(4,31): 0.0
(5,1): 0.49892228841781616
(5,2): 0.40851718187332153
(5,3): 0.0
(5,8): 0.5109513998031616
(5,9): 0.0
(5,12): 0.4744270145893097
(5,13): 0.4242395758628845
(5,14): 0.0
(6,0): 0.0
(6,10): 0.0
(6,11): 0.0
(6,16): 0.5138379335403442
(6,48): 0.45430347323417664
(7,1): 0.5487570762634277
(7,15): 0.0
(7,17): 0.0
(7,18): 0.0
(7,21): 0.0
(7,26): 0.0
(7,28): 0.0
(7,29): 0.4911666214466095
(7,33): 0.46462327241897583
(8,3): 0.0
(8,5): 0.5428740978240967
(8,9): 0.0
(8,12): 0.0
(8,13): 0.0
(8,14): 0.0
(8,43): 0.4933910071849823
(8,49): 0.4629903733730316
(9,3): 0.0
(9,5): 0.0
(9,8): 0.0
(9,12): 0.0
(9,13): 0.0
(9,14): 0.0
(9,34): 0.5287861227989197
(9,35): 0.4277431070804596
(9,36): 0.48995375633239746
(10,0): 0.0
(10,6): 0.0
(10,11): 0.0
(10,18): 0.0
(10,26): 0.523164689540863
(10,28): 0.5033369064331055
(10,34): 0.4828912019729614
(10,39): 0.41004207730293274
(10,44): 0.5187575221061707
(10,49): 0.5033267736434937
(11,0): 0.0
(11,6): 0.0
(11,10): 0.0
(11,16): 0.0
(11,34): 0.5209962129592896
(11,40): 0.4722595810890198
(12,3): 0.42406895756721497
(12,5): 0.3826828896999359
(12,8): 0.0
(12,9): 0.0
(12,13): 0.0
(12,14): 0.0
(13,1): 0.48044565320014954
(13,3): 0.6195048689842224
(13,5): 0.5156622529029846
(13,8): 0.0
(13,9): 0.0
(13,12): 0.0
(13,14): 0.0
(13,32): 0.5254813432693481
(13,38): 0.4725540280342102
(13,44): 0.3885456919670105
(14,1): 0.5330901145935059
(14,3): 0.0
(14,5): 0.0
(14,8): 0.0
(14,9): 0.0
(14,12): 0.0
(14,13): 0.0
(14,33): 0.4958341717720032
(14,41): 0.5032775402069092
(14,43): 0.38041019439697266
(15,1): 0.0
(15,4): 0.48839080333709717
(15,7): 0.0
(15,17): 0.0
(15,18): 0.5461148023605347
(15,19): 0.4491216540336609
(15,20): 0.5357562303543091
(15,21): 0.0
(15,26): 0.5090469717979431
(15,28): 0.4443555474281311
(15,29): 0.0
(15,32): 0.4674975574016571
(15,38): 0.5186038613319397
(15,42): 0.3930246829986572
(15,44): 0.4348719120025635
(15,45): 0.53917396068573
(15,49): 0.4224843680858612
(16,0): 0.0
(16,6): 0.45796453952789307
(16,11): 0.0
(16,34): 0.49954545497894287
(16,40): 0.5203811526298523
(16,43): 0.5404500961303711
(16,44): 0.45003265142440796
(16,48): 0.4600973427295685
(17,4): 0.4673604667186737
(17,7): 0.0
(17,15): 0.0
(17,18): 0.0
(17,21): 0.0
(17,26): 0.0
(17,28): 0.0
(17,29): 0.42949995398521423
(17,46): 0.40713006258010864
(17,47): 0.47484391927719116
(18,0): 0.5298166275024414
(18,7): 0.0
(18,10): 0.0
(18,15): 0.50674968957901
(18,17): 0.0
(18,21): 0.0
(18,26): 0.0
(18,28): 0.0
(18,46): 0.5374770164489746
(18,48): 0.5243533849716187
(18,49): 0.4822365939617157
(19,4): 0.0
(19,15): 0.0
(19,20): 0.0
(19,22): 0.0
(19,23): 0.0
(19,24): 0.0
(19,25): 0.0
(19,27): 0.45376256108283997
(19,29): 0.480844110250473
(19,34): 0.41594594717025757
(20,4): 0.0
(20,15): 0.0
(20,19): 0.0
(20,22): 0.0
(20,23): 0.0
(20,24): 0.0
(20,25): 0.0
(20,27): 0.0
(20,29): 0.5542714595794678
(20,32): 0.5420145392417908
(20,44): 0.5367433428764343
(21,1): 0.4131894111633301
(21,4): 0.5532512664794922
(21,7): 0.0
(21,15): 0.0
(21,17): 0.0
(21,18): 0.0
(21,26): 0.0
(21,28): 0.0
(21,29): 0.0
(21,32): 0.42618387937545776
(21,34): 0.4979107975959778
(21,44): 0.34769269824028015
(21,49): 0.4452030658721924
(22,4): 0.5004634261131287
(22,19): 0.0
(22,20): 0.0
(22,23): 0.0
(22,24): 0.0
(22,25): 0.0
(22,27): 0.47416073083877563
(23,19): 0.0
(23,20): 0.0
(23,22): 0.0
(23,24): 0.0
(23,25): 0.0
(23,27): 0.0
(23,38): 0.5345100164413452
(24,4): 0.0
(24,19): 0.0
(24,20): 0.0
(24,22): 0.0
(24,23): 0.0
(24,25): 0.0
(24,44): 0.0
(24,47): 0.4261898100376129
(24,48): 0.4612930119037628
(24,49): 0.5333779454231262
(25,4): 0.4681987166404724
(25,19): 0.0
(25,20): 0.0
(25,22): 0.0
(25,23): 0.0
(25,24): 0.0
(25,27): 0.0
(25,37): 0.43393510580062866
(25,45): 0.4095599949359894
(25,46): 0.49594300985336304
(26,0): 0.0
(26,7): 0.0
(26,10): 0.5094098448753357
(26,15): 0.4501928985118866
(26,17): 0.0
(26,18): 0.0
(26,21): 0.0
(26,39): 0.4749372601509094
(27,4): 0.0
(27,19): 0.0
(27,20): 0.0
(27,22): 0.0
(27,23): 0.0
(27,25): 0.0
(28,0): 0.0
(28,7): 0.0
(28,10): 0.47736096382141113
(28,15): 0.48650968074798584
(28,17): 0.0
(28,18): 0.0
(28,21): 0.0
(29,1): 0.0
(29,4): 0.0
(29,7): 0.5099150538444519
(29,15): 0.0
(29,17): 0.4584260880947113
(29,19): 0.48020774126052856
(29,20): 0.44627219438552856
(29,21): 0.0
(29,50): 0.4863460659980774
(30,1): 0.5075618028640747
(30,2): 0.0
(30,31): 0.0
(30,37): 0.5655919313430786
(30,47): 0.5401009321212769
(31,4): 0.0
(31,30): 0.0
(31,47): 0.43934476375579834
(31,49): 0.5928267240524292
(31,50): 0.4421916902065277
(32,13): 0.4857524633407593
(32,15): 0.5516530871391296
(32,20): 0.48709335923194885
(32,21): 0.4458449184894562
(33,7): 0.5272309184074402
(33,14): 0.5441257953643799
(33,34): 0.0
(34,9): 0.4901832640171051
(34,10): 0.5182822346687317
(34,11): 0.5157827138900757
(34,16): 0.4247190058231354
(34,19): 0.4632571041584015
(34,21): 0.585811197757721
(34,33): 0.0
(35,9): 0.5074998736381531
(36,9): 0.46496251225471497
(36,41): 0.0
(36,50): 0.0
(37,25): 0.4163348376750946
(37,30): 0.4821818470954895
(38,13): 0.46992823481559753
(38,15): 0.4661470949649811
(38,23): 0.4754197895526886
(39,10): 0.5224758386611938
(39,26): 0.36965444684028625
(39,40): 0.0
(40,11): 0.4540259540081024
(40,16): 0.42001619935035706
(40,39): 0.0
(40,43): 0.47062948346138
(41,14): 0.42632925510406494
(41,36): 0.0
(41,49): 0.39944642782211304
(41,50): 0.0
(42,15): 0.5014269948005676
(43,8): 0.4306463301181793
(43,14): 0.48975488543510437
(43,16): 0.4221382141113281
(43,40): 0.5384294390678406
(44,10): 0.4358304440975189
(44,13): 0.5439354777336121
(44,15): 0.0
(44,16): 0.5122634768486023
(44,20): 0.4896395206451416
(44,21): 0.0
(44,24): 0.5105388164520264
(45,15): 0.5611732006072998
(45,25): 0.42243221402168274
(46,17): 0.41165512800216675
(46,18): 0.4706769585609436
(46,25): 0.467752605676651
(47,17): 0.5501057505607605
(47,24): 0.5360899567604065
(47,30): 0.48044851422309875
(47,31): 0.34821832180023193
(48,6): 0.4645918905735016
(48,16): 0.4991859495639801
(48,18): 0.5143213272094727
(48,24): 0.4506989121437073
(49,8): 0.4270268678665161
(49,10): 0.43273332715034485
(49,15): 0.494243323802948
(49,18): 0.46457481384277344
(49,21): 0.5118387341499329
(49,24): 0.41731470823287964
(49,31): 0.39415162801742554
(49,41): 0.46789976954460144
(49,50): 0.0
(50,29): 0.44711682200431824
(50,31): 0.5673567056655884
(50,36): 0.0
(50,41): 0.0
(50,49): 0.0
