Interaction name: 1epq

Affinity: 8.1899995803833
Predicted value: 8.691396713256836

Shapley values for edges: 

(0,1): -0.014049110412597656
(0,6): -0.00020563602447509766
(0,11): 0.04991353511810303
(0,27): -0.013850326538085938
(0,28): -0.016523823738098145
(0,34): 0.04949121475219727
(1,0): 0.042411360740661624
(1,2): -0.003972387313842774
(1,6): 0.039349331855773925
(1,7): 0.02148730754852295
(1,34): 0.07155202388763428
(2,1): -0.011521573066711427
(2,6): -0.0186558198928833
(2,7): -0.02006112575531006
(2,11): 0.030207209587097168
(2,24): 0.014981975555419922
(2,25): -0.05459519863128662
(2,34): 0.057812528610229494
(2,35): 0.048110551834106445
(2,36): 0.019582576751708984
(3,5): 0.0175321626663208
(3,7): -0.04569228649139404
(3,8): -0.023103442192077637
(3,10): -0.046621975898742674
(3,15): 0.03126498699188232
(3,20): 0.02784583568572998
(3,24): 0.006309914588928223
(3,31): 0.019312992095947265
(4,5): 0.03916638851165771
(4,8): -0.013691029548645019
(4,10): -0.016051039695739747
(4,14): 0.03699171543121338
(4,15): 0.03509391784667969
(4,16): 0.0317493200302124
(4,31): 0.03241290092468262
(4,35): 0.040118346214294436
(4,36): 0.040483040809631346
(4,40): -0.007859482765197753
(4,41): -0.01117562770843506
(5,3): -0.019679274559020996
(5,4): 0.01490877628326416
(5,8): -0.010698785781860351
(5,9): -0.06290679454803466
(5,15): 0.025917119979858398
(5,16): 0.01997584342956543
(5,18): 0.010544734001159668
(5,31): 0.022080817222595216
(5,32): -0.013618755340576171
(5,35): 0.04499856948852539
(5,36): 0.025682477951049804
(5,37): 0.015089240074157715
(6,0): -0.025374584197998047
(6,1): -0.00725745677947998
(6,2): 0.035761141777038576
(6,7): 0.0009509706497192382
(6,11): 0.03096153736114502
(6,27): -0.03210415363311767
(6,28): -0.0401381778717041
(6,30): -0.006820039749145508
(6,38): 0.11118212223052978
(7,1): 0.01622295379638672
(7,2): 0.029602560997009277
(7,3): -0.007385101318359375
(7,6): 0.02714535713195801
(7,8): 0.012344274520874023
(7,11): -0.004357600212097168
(7,24): -0.01888272762298584
(7,25): 0.01428028106689453
(8,3): -0.008600835800170898
(8,4): 0.024738006591796875
(8,5): 0.021642675399780275
(8,7): 0.017916135787963867
(8,9): 0.0028789424896240234
(8,10): 0.021759095191955565
(8,14): -0.016224803924560546
(8,15): -0.03050706386566162
(8,19): -0.016627612113952635
(8,20): 0.01953303813934326
(8,24): -0.021709895133972167
(8,31): -0.017760415077209473
(8,39): 0.03036027431488037
(9,5): 0.02423891544342041
(9,8): 0.014571895599365234
(9,10): 0.007094321250915528
(9,14): 0.0019638967514038087
(9,15): -0.048026328086853025
(9,16): -0.01172584056854248
(9,31): -0.03124211311340332
(10,3): -0.00966233253479004
(10,4): 0.00892756462097168
(10,8): 0.005913081169128418
(10,9): -0.0032290124893188474
(10,15): -0.040824360847473144
(10,16): -0.05006185531616211
(10,18): -0.06397852420806885
(10,31): -0.027449793815612793
(10,32): -0.049375972747802734
(11,0): -0.022132682800292968
(11,2): 0.014276719093322754
(11,6): 0.002794976234436035
(11,7): -0.02607856273651123
(11,12): -0.014261021614074706
(11,27): 0.015160255432128907
(11,28): 0.0007153892517089844
(11,29): 0.013522768020629882
(11,30): 0.007198953628540039
(11,42): 0.04449541568756103
(11,47): -0.0066579246520996095
(11,50): 0.022570796012878418
(11,53): -0.0015987491607666016
(12,11): 0.037389521598815915
(12,13): -0.009829072952270508
(12,27): 0.005516357421875
(12,28): 0.0004060792922973633
(12,29): -0.0025941133499145508
(12,30): 0.023864083290100098
(12,51): -0.0020607471466064452
(12,59): 0.03188537120819092
(13,12): -0.015962400436401368
(13,27): 0.007042632102966308
(13,28): -0.01405548095703125
(13,29): -0.009459447860717774
(13,30): 0.023105311393737792
(13,44): -0.014715628623962402
(14,4): -0.016037659645080568
(14,8): -0.02158389091491699
(14,9): -0.07189109802246094
(14,15): 0.03300369262695312
(14,19): 0.007632617950439453
(14,20): 0.014131655693054199
(14,21): 0.012897515296936035
(14,22): 0.0027154731750488282
(14,23): -0.013522377014160156
(14,31): 0.026106271743774414
(14,47): -0.004362845420837402
(14,52): 0.014142460823059082
(14,53): 0.0018277359008789062
(14,56): 0.0501832914352417
(14,59): 0.04107364177703857
(14,60): 0.022426705360412597
(15,3): -0.07005355834960937
(15,4): -0.008746228218078612
(15,5): -0.027977633476257324
(15,8): -0.03692982196807861
(15,9): -0.08279478549957275
(15,10): -0.04855671882629395
(15,14): 0.012771596908569336
(15,16): 0.008504281044006348
(15,17): 8.998394012451172e-05
(15,18): 0.03163314342498779
(15,31): 0.028015203475952148
(15,32): 0.02356752872467041
(15,51): 0.0010507726669311524
(15,53): -0.02430373668670654
(15,59): 0.020681004524230957
(16,4): -0.014949970245361328
(16,5): -0.01446983814239502
(16,9): -0.09004177570343018
(16,10): -0.06656954288482667
(16,15): -0.002953028678894043
(16,17): -0.01621156692504883
(16,18): 0.0158083438873291
(16,31): 0.004475574493408203
(16,32): 0.0021128034591674804
(16,46): -0.01864778995513916
(17,15): 0.021658225059509276
(17,16): 0.015675053596496583
(17,18): 0.021910409927368164
(17,32): 0.03320406436920166
(17,46): -0.060981888771057126
(18,5): -0.01491783618927002
(18,10): -0.04522763729095459
(18,15): 0.019146623611450194
(18,16): 0.002110886573791504
(18,17): -0.014625639915466308
(18,32): 0.014325661659240723
(18,46): -0.013668088912963868
(18,47): -0.027752957344055175
(18,52): -0.007662906646728516
(19,8): -0.03698509216308594
(19,14): 0.025428466796875
(19,20): 0.009864954948425294
(19,21): 0.0061917734146118165
(19,22): -0.0050326395034790035
(19,23): -0.015413818359375
(19,31): 0.027745184898376466
(19,33): 0.006554317474365234
(19,46): -0.032171597480773924
(19,51): 0.009036502838134765
(20,3): -0.08010775089263916
(20,8): -0.03131093978881836
(20,14): 0.008268752098083497
(20,19): -0.0019686269760131837
(20,21): -0.005139164924621582
(20,22): 0.0022307491302490236
(20,23): -0.019172182083129884
(20,33): 0.003945150375366211
(20,47): -0.008977408409118653
(20,48): 0.020645928382873536
(20,52): 0.021176581382751466
(20,57): 0.03732296943664551
(20,59): 0.01841781139373779
(21,14): 0.014637703895568848
(21,19): 0.010041360855102538
(21,20): 0.00908750057220459
(21,22): 0.0021341276168823243
(21,23): -0.012536854743957519
(21,28): -0.009583210945129395
(21,33): -0.0008882713317871093
(21,49): 0.05120816230773926
(21,51): 0.011415705680847169
(21,54): -0.0070942831039428715
(21,57): 0.029516286849975586
(22,14): 0.03389612674713135
(22,19): 0.0009122133255004883
(22,20): 0.018774452209472655
(22,21): 0.013921542167663574
(22,23): -0.022178192138671875
(22,33): -0.0005069732666015625
(22,44): 0.004977355003356934
(22,55): -0.01899040222167969
(23,14): 0.022645401954650878
(23,19): 0.0005055284500122071
(23,20): 0.015356683731079101
(23,21): 0.01623645782470703
(23,22): -0.008439154624938964
(23,33): 0.007440638542175293
(23,52): 0.005911860466003418
(23,59): 0.037779502868652344
(24,2): -0.004902372360229492
(24,3): -0.08025765419006348
(24,7): -0.06379492282867431
(24,8): -0.014892449378967285
(24,25): 0.01092529296875
(24,26): 0.038988566398620604
(24,51): -0.0018605279922485351
(24,52): 0.0046882152557373045
(24,55): 0.01915639400482178
(24,59): 0.029539456367492677
(25,2): -0.04620378971099853
(25,7): -0.07036097526550293
(25,24): 0.016491031646728514
(25,26): 0.006984877586364746
(26,24): 0.0068052148818969725
(26,25): -0.015957980155944823
(26,47): -0.03433923721313477
(26,53): -0.038396992683410645
(26,59): 0.046337528228759764
(26,60): 0.0013619661331176758
(27,0): -0.050406908988952635
(27,6): -0.030415377616882323
(27,11): 0.0340618371963501
(27,12): -0.01213428020477295
(27,13): -0.003235650062561035
(27,28): -0.013173198699951172
(27,29): 0.011059932708740235
(27,30): 0.015135741233825684
(27,59): 0.03475183010101318
(28,0): -0.036160144805908206
(28,6): -0.008381562232971191
(28,11): 0.019996333122253417
(28,12): -0.01734513759613037
(28,13): 0.0011320161819458009
(28,21): 0.016379146575927733
(28,27): -0.00968738555908203
(28,29): 0.0017577362060546874
(28,30): 0.013690447807312012
(29,11): 0.05755631446838379
(29,12): -0.022450094223022462
(29,13): 0.0027022409439086915
(29,27): 0.012041220664978028
(29,28): 0.0031563949584960936
(29,30): 0.03280676364898682
(29,43): 0.012498164176940918
(30,6): -0.012624826431274414
(30,11): 0.03391242027282715
(30,12): -0.008745131492614746
(30,13): 0.012218904495239259
(30,27): -0.0002094888687133789
(30,28): 0.00753685474395752
(30,29): -0.006194376945495605
(30,51): -0.00795785427093506
(30,54): 0.0015454578399658203
(30,55): 0.006506657600402832
(31,3): -0.06936264514923096
(31,4): -0.007174463272094727
(31,5): -0.028657641410827637
(31,8): -0.039659972190856936
(31,9): -0.08423639297485351
(31,10): -0.04223037242889404
(31,14): 0.0023424386978149413
(31,15): 0.007603960037231445
(31,16): 0.004912924766540527
(31,19): -0.0013077640533447265
(31,32): 0.029774785041809082
(31,55): 0.013377127647399902
(31,56): 0.014565877914428711
(32,5): -0.01309657096862793
(32,10): -0.03855748176574707
(32,15): 0.03149623394012451
(32,16): 0.011290173530578613
(32,17): -0.019596033096313477
(32,18): 0.03268872261047363
(32,31): 0.008540573120117188
(32,47): -0.02317070007324219
(32,51): 0.012367582321166993
(32,59): 0.017335848808288576
(33,19): 0.0052864933013916015
(33,20): 0.00518014907836914
(33,21): 0.004444541931152343
(33,22): -0.009360222816467286
(33,23): -0.03388438701629639
(33,50): -0.013747906684875489
(33,58): 0.004995884895324707
(34,0): -0.005518083572387695
(34,1): -0.029574689865112306
(34,2): -0.015718846321105956
(34,38): -0.09124691009521485
(34,42): -0.08088820457458495
(34,52): -0.019980015754699706
(35,2): -0.03044311046600342
(35,4): -0.0018410682678222656
(35,5): -0.02395533561706543
(35,37): 0.01134671688079834
(35,51): -0.02411329746246338
(36,2): -0.05291268348693848
(36,4): -0.009005098342895508
(36,5): -0.023247885704040527
(37,5): -0.03392146587371826
(37,35): -0.04941739082336426
(38,6): 0.027023720741271972
(38,34): -0.010345115661621093
(38,42): 0.045062289237976075
(39,8): 0.09635539531707764
(40,4): 0.0253316068649292
(40,41): 0.02500279903411865
(41,4): 0.02048954486846924
(41,40): 0.019706110954284668
(41,59): -0.001220264434814453
(42,11): 0.05140065670013428
(42,34): -0.14078108310699464
(42,38): -0.16123487949371337
(43,29): -0.04401000022888184
(43,55): -0.07285449981689453
(44,13): -0.04386032104492187
(44,22): -0.04881861686706543
(46,16): 0.004385132789611817
(46,17): -0.04844982624053955
(46,18): 0.024923086166381836
(46,19): -0.004910550117492676
(47,11): 0.03577766418457031
(47,14): 0.028193106651306154
(47,18): 0.03312023162841797
(47,20): 0.009318375587463379
(47,26): 0.02106764316558838
(47,32): 0.03523468017578125
(47,53): -0.0525993537902832
(48,20): 0.0038513422012329103
(48,49): -0.0004954385757446289
(48,56): -0.04151406288146973
(49,21): 0.008462052345275878
(49,48): -0.015810165405273437
(49,56): -0.026105499267578124
(49,57): -0.004419016838073731
(50,11): 0.06293110847473145
(50,33): -0.009197473526000977
(50,57): -0.03744644641876221
(51,12): -0.023165283203125
(51,15): 0.02708866596221924
(51,19): -0.002334346771240234
(51,21): 0.010020842552185058
(51,24): 0.014695487022399902
(51,30): 0.024816346168518067
(51,32): 0.029658432006835937
(51,35): -0.01697461128234863
(52,14): 0.024101033210754394
(52,18): 0.023278746604919433
(52,20): -0.001984567642211914
(52,23): -0.020146551132202147
(52,24): 0.010971150398254394
(52,34): -0.005734872817993164
(52,60): 0.00676302433013916
(53,11): 0.018396191596984864
(53,14): 0.030814013481140136
(53,15): 0.02493938446044922
(53,26): 0.008333992958068848
(53,47): -0.02669175148010254
(54,21): 0.015611839294433594
(54,30): 0.0329929780960083
(55,22): -0.010056424140930175
(55,24): 0.01762808322906494
(55,30): 0.01758852005004883
(55,31): 0.008084492683410644
(55,43): -0.0030619478225708007
(56,14): 0.03749669075012207
(56,31): 0.0047309350967407226
(56,48): -0.013681893348693847
(56,49): 0.017837629318237305
(57,20): 0.0055258750915527345
(57,21): 0.010703244209289552
(57,49): 0.01699162483215332
(57,50): -0.035407118797302246
(58,33): -0.023952703475952148
(58,59): 0.018359880447387695
(59,12): -0.009885106086730957
(59,14): 0.014683785438537598
(59,15): 0.03847689151763916
(59,20): 0.011526422500610351
(59,23): -0.021147184371948242
(59,24): 0.00973369598388672
(59,26): 0.035889086723327634
(59,27): -0.016164097785949707
(59,32): 0.023847732543945312
(59,41): -0.014920239448547363
(59,58): 0.01526085376739502
(60,14): 0.031765894889831545
(60,26): -0.013951478004455566
(60,52): -0.025563502311706544
