Interaction name: 5k0j

Affinity: 7.119999885559082
Predicted value: 6.534897804260254

Shapley values for edges: 

(0,5): -0.03112640857696533
(0,9): -0.014557361602783203
(0,10): -0.005986495018005371
(0,16): 0.020022921562194824
(1,3): -0.06795024394989013
(1,4): -0.02891535758972168
(1,11): -0.01914661407470703
(2,6): 0.00022730350494384766
(2,7): -0.015858159065246583
(2,8): -0.024858827590942382
(2,12): -0.021186327934265135
(2,13): -0.03629500865936279
(2,14): -0.03491720676422119
(3,1): 0.01596221446990967
(3,4): -0.017866430282592775
(3,5): 0.024825892448425292
(3,9): 0.050570411682128905
(4,1): 0.029040284156799316
(4,3): -0.014008917808532716
(4,6): -0.001220836639404297
(4,7): -0.003688616752624512
(4,11): -0.005028810501098633
(4,12): -0.010149765014648437
(4,13): -0.0013713884353637696
(4,17): 0.048299975395202636
(4,21): -0.03619780540466309
(5,0): -0.018609743118286132
(5,3): 0.017149810791015626
(5,9): -0.030466456413269043
(5,15): 0.0019388675689697265
(5,17): 0.032158584594726564
(5,18): 0.0820016050338745
(5,19): 0.00791532039642334
(5,21): -0.04233220100402832
(5,24): -0.024552206993103027
(6,2): -0.024734864234924315
(6,4): 0.0038126564025878907
(6,7): 0.00012981891632080078
(6,8): 0.016033134460449218
(6,11): 0.0005758380889892578
(6,12): -0.0015565967559814453
(6,13): 0.006414670944213868
(6,14): -0.00593904972076416
(6,22): 0.024768424034118653
(6,24): -0.034557552337646485
(6,25): 0.024960660934448244
(7,2): -0.03157834529876709
(7,4): 0.013664827346801758
(7,6): 0.01309567928314209
(7,8): 0.011402473449707032
(7,11): -0.006292233467102051
(7,12): 0.006054229736328125
(7,13): -0.007395172119140625
(7,14): -0.01873338222503662
(7,21): -0.03116297721862793
(8,2): -0.028554601669311522
(8,6): 0.012802872657775879
(8,7): 0.0069240093231201175
(8,14): -0.01990882873535156
(8,24): -0.04676743984222412
(8,26): 0.008917527198791504
(9,0): -0.025019569396972655
(9,3): -0.0029127168655395507
(9,5): -0.0008394193649291993
(9,10): 0.01112325668334961
(9,15): 0.029026846885681152
(9,19): 0.013683204650878905
(9,20): 0.07267661094665527
(9,21): -0.04805248260498047
(9,22): 0.04979121685028076
(9,24): -0.01948681354522705
(9,25): 0.06121325492858887
(10,0): -0.024049859046936035
(10,9): -0.02702038288116455
(10,15): 0.020547947883605956
(10,19): -0.013724603652954102
(10,20): 0.04531154632568359
(10,21): -0.0321097993850708
(10,23): 0.038843727111816405
(10,24): -0.024869070053100586
(11,1): 0.0009279251098632812
(11,4): 0.00848318099975586
(11,6): 0.01393155574798584
(11,7): 0.0028488731384277346
(11,12): -0.0030843210220336914
(11,13): -0.0047686386108398435
(11,14): -0.009236698150634765
(11,26): 0.022038941383361817
(12,2): -0.020301647186279297
(12,4): 0.024442410469055174
(12,6): 0.010704426765441895
(12,7): 0.004660525321960449
(12,11): -0.0031751585006713867
(12,13): 0.006681828498840332
(12,14): -0.017976851463317872
(12,26): 0.007918663024902343
(13,2): -0.014238505363464356
(13,4): 0.016996626853942872
(13,6): 0.0032804155349731444
(13,7): -0.007892990112304687
(13,11): 0.0008870458602905273
(13,12): -0.0061970710754394535
(13,14): -0.017804465293884277
(13,21): -0.03818537712097168
(14,2): -0.03262235641479492
(14,6): 0.010840821266174316
(14,7): 0.00401273250579834
(14,8): -0.0032113313674926756
(14,11): -0.01075857162475586
(14,12): 0.0045535039901733396
(14,13): 0.005464229583740234
(15,5): 0.07798021793365478
(15,9): 0.03327286243438721
(15,10): 0.01782186508178711
(16,0): 0.00876169204711914
(16,19): -0.0630908727645874
(17,4): -0.0023558807373046877
(17,5): 0.008554978370666504
(18,5): 0.015547280311584472
(18,20): -0.026365079879760743
(19,5): -0.006686129570007324
(19,9): -0.018063325881958008
(19,10): -0.018420100212097168
(19,16): -0.012186646461486816
(20,9): -0.0030629682540893556
(20,10): -0.0025632572174072265
(20,18): 0.009139742851257324
(21,4): 0.0226900577545166
(21,5): 0.023197455406188963
(21,7): 0.008042688369750977
(21,9): 0.017303824424743652
(21,10): 0.007878093719482422
(21,13): 0.003795461654663086
(22,6): 0.007834815979003906
(22,9): 0.0003228950500488281
(22,23): 0.0010949993133544922
(22,24): -0.030796098709106445
(23,10): -0.0014957618713378907
(23,22): -0.03466668605804443
(24,5): 0.04048293113708496
(24,6): 0.02062979221343994
(24,8): -0.008780789375305176
(24,9): -0.0032023191452026367
(24,10): 0.0026058197021484376
(24,22): 0.010556135177612305
(25,6): 0.03045619487762451
(25,9): 0.01233612060546875
(25,26): -0.014817347526550293
(26,8): -0.01363516330718994
(26,11): -0.0003041362762451172
(26,12): -0.0016206789016723633
(26,25): -0.015629429817199707
