Interaction name: 5ufp

Affinity: 7.369999885559082
Predicted value: 7.479693412780762

Shapley values for edges: 

(0,6): 0.020083689689636232
(0,24): 0.0033595991134643555
(0,25): 0.030743703842163086
(1,6): 0.026767396926879884
(1,8): 0.025332674980163575
(1,9): 0.004139914512634278
(1,12): -0.016089448928833006
(1,17): 0.04517100334167481
(1,18): 0.036826705932617186
(1,19): 0.06651022434234619
(1,20): 0.005030126571655274
(1,21): 0.053376808166503906
(1,24): 0.008843841552734375
(1,26): 0.00683769702911377
(1,27): 0.0935793685913086
(1,28): 0.11950573921203614
(1,29): 0.024546451568603515
(2,3): 0.00032930374145507814
(2,9): -0.019138879776000976
(2,10): -0.012902660369873047
(2,11): -0.02576815128326416
(2,12): 0.0008956527709960937
(2,13): 0.05013641834259033
(2,14): -0.025635695457458495
(2,16): -0.02424264907836914
(2,20): -0.005648531913757324
(2,22): 0.05698216438293457
(2,23): -0.004841022491455078
(2,29): -0.0293558406829834
(3,2): -0.049626832008361814
(3,4): -0.0047205591201782224
(3,5): -0.10963082790374756
(3,12): -0.02316512107849121
(3,13): -0.006553168296813965
(3,14): -0.040193281173706054
(3,15): -0.033445334434509276
(3,16): -0.029100537300109863
(3,23): -0.019833559989929198
(3,26): -0.004819707870483398
(3,29): 0.03331686496734619
(4,3): -0.03491287708282471
(4,12): -0.027889108657836913
(4,14): -0.0191571044921875
(4,15): -0.03104562759399414
(4,16): -0.020164456367492676
(4,23): -0.02452338695526123
(4,26): 0.01965508460998535
(5,3): -0.03464155673980713
(5,9): 0.027434744834899903
(5,10): 0.039170055389404296
(5,11): 0.021425390243530275
(5,12): 0.031293487548828124
(5,13): 0.0591712760925293
(5,14): 0.04176382541656494
(5,16): 0.02209884166717529
(5,20): 0.03187000751495361
(5,22): 0.04285524368286133
(5,23): 0.03479398250579834
(6,0): 0.023983654975891115
(6,1): -0.004525141716003418
(6,8): -0.013179974555969238
(6,17): -0.005390644073486328
(6,18): -0.01100593090057373
(6,19): 0.008111672401428223
(6,21): -0.0004257106781005859
(6,24): -0.011300325393676758
(6,25): -0.007374830245971679
(6,27): -0.007098531723022461
(6,28): -0.0014857339859008789
(6,35): 0.026247038841247558
(6,47): 0.0037471437454223632
(7,17): -0.00814807415008545
(7,18): -0.015647201538085936
(7,21): -0.007725605964660645
(7,24): -0.013391680717468261
(7,25): -0.03437501430511475
(7,27): -0.02221592903137207
(7,30): 0.007908015251159669
(7,31): 0.023183751106262206
(7,32): 0.0019238710403442383
(7,33): 0.03272126197814942
(8,1): 0.020891966819763182
(8,6): 0.0010469532012939453
(8,9): 0.00215576171875
(8,12): -0.004141092300415039
(8,13): 0.0018243408203125
(8,17): 0.002409553527832031
(8,19): 0.02724001407623291
(8,20): 0.007156438827514648
(8,21): 0.017294845581054687
(8,22): -0.009895768165588379
(8,23): 0.010551276206970215
(8,26): 0.016220192909240722
(8,27): -0.01852790355682373
(8,35): 0.03293844223022461
(8,46): 0.03523432731628418
(9,1): 0.004115738868713379
(9,2): 0.004872827529907226
(9,5): 0.01998419761657715
(9,8): 0.015421934127807617
(9,10): 0.024424195289611816
(9,11): 0.016252036094665526
(9,12): 0.008230772018432617
(9,13): 0.001761322021484375
(9,19): 0.01641601085662842
(9,20): 0.032829365730285644
(9,21): -0.0017071056365966797
(9,22): 0.029525060653686524
(9,23): 0.004176325798034668
(9,26): 0.01760569095611572
(9,28): 0.009972949028015137
(9,42): 0.03143884658813476
(9,44): 0.015475831031799316
(9,46): 0.032244324684143066
(10,2): -0.0007686090469360352
(10,5): 0.016474366188049316
(10,9): -0.00659001350402832
(10,11): 0.027086243629455567
(10,12): -0.011641678810119628
(10,13): 0.0001361083984375
(10,20): 0.01745216369628906
(10,22): 0.05447487354278564
(10,37): 0.01094071865081787
(10,40): 0.027505640983581544
(10,42): 0.030306615829467774
(10,43): 0.01661426544189453
(11,2): 0.003805694580078125
(11,5): 0.005964303016662597
(11,9): -0.01504021167755127
(11,10): 0.01914944648742676
(11,12): -0.021971263885498048
(11,13): 0.0038301229476928713
(11,20): 0.01404667854309082
(11,22): 0.0365031909942627
(11,31): 0.045511488914489744
(11,36): 0.021970353126525878
(11,44): 0.0005382204055786133
(12,1): 0.0053875970840454104
(12,2): -0.007576913833618164
(12,3): -0.014252300262451173
(12,4): -3.7012100219726565e-05
(12,5): 0.0048818826675415036
(12,8): -0.002086062431335449
(12,9): -0.0018241262435913085
(12,10): 0.0011233282089233398
(12,11): 0.02148867607116699
(12,13): -0.003969888687133789
(12,14): 0.02720576763153076
(12,16): 0.02414543628692627
(12,19): 0.006338601112365723
(12,20): 0.00069244384765625
(12,22): 0.003736386299133301
(12,23): 0.01968759059906006
(12,26): 0.0010138607025146483
(12,28): 0.013491711616516112
(12,35): 0.039042577743530274
(12,48): 0.04875622749328613
(12,51): 0.049968104362487796
(13,2): -0.03133960723876953
(13,3): -0.024980273246765137
(13,5): 0.01750232696533203
(13,8): 0.001313776969909668
(13,9): 0.004235219955444336
(13,10): 0.0032314968109130857
(13,11): -0.010973281860351562
(13,12): 0.010831837654113769
(13,14): 0.04587681770324707
(13,16): 0.02016409397125244
(13,20): 0.022265362739562988
(13,22): 0.013514246940612793
(13,23): 0.000743098258972168
(13,26): 0.013539552688598633
(13,28): -0.002524709701538086
(13,31): 0.007755670547485351
(13,37): -0.0003892803192138672
(13,40): 0.01648022174835205
(13,45): 0.006059556007385254
(13,50): 0.04594003677368164
(14,2): -0.008369669914245606
(14,3): -0.025365996360778808
(14,4): -0.013753166198730469
(14,5): 0.005029397010803223
(14,12): -0.02527214527130127
(14,13): -0.024091916084289552
(14,15): -0.060823097229003906
(14,16): -0.00751708984375
(14,23): -0.0050197172164916995
(14,26): -0.010740904808044434
(14,37): 0.010385651588439942
(14,38): 0.034565787315368655
(14,50): 0.0257230806350708
(15,3): -0.013596267700195312
(15,4): -0.010177965164184571
(15,14): -0.004631667137145996
(15,16): -0.01190826416015625
(15,23): -0.003352217674255371
(15,26): -0.00737640380859375
(15,38): 0.060785160064697266
(15,39): 0.054642229080200194
(15,49): 0.03578974723815918
(16,2): -0.009868702888488769
(16,3): -0.015754122734069825
(16,4): 0.007466144561767578
(16,5): 0.015707664489746094
(16,12): -0.02874929428100586
(16,13): -0.037476806640625
(16,14): 0.0055514097213745115
(16,15): -0.003912439346313476
(16,23): -0.013795852661132812
(16,26): -0.011654496192932129
(16,40): 0.023017210960388182
(16,44): 0.021813340187072754
(16,47): 0.01321528434753418
(17,1): 0.0018297052383422852
(17,6): -0.012203021049499512
(17,7): -0.0033652353286743163
(17,8): 0.0008966636657714844
(17,18): -0.01351325511932373
(17,19): 0.011631546020507812
(17,21): 0.006153745651245117
(17,24): -0.006897592544555664
(17,25): -0.007433271408081055
(17,28): 0.005149540901184082
(17,48): 0.026154847145080568
(18,1): -0.01878065586090088
(18,6): -0.013160076141357422
(18,7): -0.03737942218780518
(18,17): -0.014179458618164062
(18,21): -0.00785761833190918
(18,24): -0.01918222427368164
(18,25): -0.04960489749908447
(18,27): -0.00114041805267334
(18,33): 0.039736247062683104
(18,39): 0.05222903251647949
(18,44): 0.011767816543579102
(18,51): 0.05843461513519287
(19,1): -0.0013946723937988282
(19,6): -0.0037923097610473634
(19,8): 0.011578707695007325
(19,9): -0.009300260543823243
(19,12): -0.021169829368591308
(19,17): -0.003872585296630859
(19,20): -0.008488988876342774
(19,21): 0.0021282005310058593
(19,23): -0.010798811912536621
(19,26): -0.021341128349304198
(19,27): -0.016990880966186523
(19,28): -0.011091456413269044
(19,41): 0.053546485900878904
(19,48): 0.025003933906555177
(20,1): 0.008895039558410645
(20,2): 0.000366668701171875
(20,5): 0.00983428955078125
(20,8): 0.0015369844436645508
(20,9): 0.017807655334472657
(20,10): 0.02236067771911621
(20,11): 0.009453721046447754
(20,12): -0.010953412055969239
(20,13): -0.007061953544616699
(20,19): 0.01132382869720459
(20,22): 0.041183691024780276
(20,23): 0.0008913755416870117
(20,28): 0.0070271921157836915
(20,34): 0.031045975685119628
(20,35): 0.027760715484619142
(20,47): 0.03199604511260987
(21,1): 0.017492022514343262
(21,6): 0.003496708869934082
(21,7): -0.00040241718292236326
(21,8): 0.005082554817199707
(21,9): -0.02387375831604004
(21,17): -0.014457430839538574
(21,18): -0.01606619358062744
(21,19): 0.0033878183364868166
(21,24): -0.011081161499023438
(21,25): -0.0177480411529541
(21,27): -0.01590693473815918
(21,28): -0.001382880210876465
(21,31): 0.022663331031799315
(21,44): 0.006247677803039551
(21,49): 0.040189056396484374
(22,2): 0.01344304084777832
(22,5): 0.029562230110168456
(22,8): 0.004763932228088379
(22,9): 0.014983739852905274
(22,10): 0.011853704452514649
(22,11): 0.03632249355316162
(22,12): 0.01976861000061035
(22,13): 0.037828254699707034
(22,20): 0.03278478145599365
(22,23): 0.018257741928100587
(22,28): 0.005627593994140625
(22,40): 0.0401674222946167
(23,2): 0.00037204265594482423
(23,3): -0.03628844738006592
(23,4): -0.0029746150970458986
(23,5): -0.01062352180480957
(23,8): 0.0007219076156616211
(23,9): -0.0038863801956176757
(23,12): 0.005735588073730469
(23,13): -0.007485661506652832
(23,14): 0.021293907165527343
(23,15): 0.0061004400253295895
(23,16): 0.011165804862976074
(23,19): 0.015004172325134277
(23,20): -0.0020755815505981447
(23,22): -0.01967158317565918
(23,26): 0.006627631187438965
(23,28): 0.008800320625305176
(23,37): 0.04263204574584961
(23,46): 0.03464942455291748
(24,0): 0.045615983009338376
(24,1): 0.0018955564498901367
(24,6): -0.0072943115234375
(24,7): 0.010673627853393555
(24,17): 0.0024761676788330076
(24,18): -0.001808905601501465
(24,21): 0.020166263580322266
(24,25): -0.021294689178466795
(24,27): -0.011053900718688964
(24,35): 0.037298846244812014
(25,0): 0.013036422729492188
(25,6): -0.018651270866394044
(25,7): -0.020186443328857422
(25,17): -0.0028197622299194337
(25,18): -0.02164642333984375
(25,21): 0.004173283576965332
(25,24): -0.023559837341308593
(25,27): -0.021133670806884764
(25,41): 0.008865995407104492
(25,46): 0.027697811126708983
(25,51): 0.03429282665252686
(26,1): -0.008456006050109863
(26,3): -0.011367230415344239
(26,4): -0.0011736345291137695
(26,8): 0.0039068603515625
(26,9): 0.008527064323425293
(26,12): -0.02384661674499512
(26,13): -0.01494415283203125
(26,14): 0.020483407974243164
(26,15): 0.002199835777282715
(26,16): 0.022681984901428223
(26,19): 0.004202556610107422
(26,23): 0.01780275821685791
(26,28): -0.0036230087280273438
(26,47): 0.012680468559265136
(26,48): 0.013840618133544922
(26,49): 0.038163347244262694
(27,1): -0.05384429454803467
(27,6): -0.03204625129699707
(27,7): -0.033499231338500975
(27,8): -0.08036476135253906
(27,18): -0.026670289039611817
(27,19): -0.039605326652526855
(27,21): -0.059260497093200686
(27,24): -0.03278842449188232
(27,25): -0.027447261810302735
(27,28): -0.0736188268661499
(28,1): 0.011803531646728515
(28,6): -0.018854222297668456
(28,9): -0.057386436462402345
(28,12): -0.06467523574829101
(28,13): -0.10912245750427246
(28,17): -0.046617622375488284
(28,19): -0.026395702362060548
(28,20): -0.06834489822387696
(28,21): -0.08226935863494873
(28,22): -0.08902683734893799
(28,23): -0.05182337760925293
(28,26): -0.012800135612487794
(28,27): -0.043012781143188475
(29,1): 0.0025769615173339843
(29,2): -0.034204688072204587
(29,3): -0.009209232330322266
(29,40): -0.0332833194732666
(29,42): 0.04945090770721436
(30,7): -0.04491004467010498
(30,33): 0.03075390338897705
(31,7): -0.0056876325607299804
(31,11): -0.06121342182159424
(31,13): -0.03473334312438965
(31,21): -0.04495729923248291
(31,32): 0.032887625694274905
(32,7): -0.02008922576904297
(32,31): 0.004026908874511719
(33,7): -0.01684422492980957
(33,18): -0.053869891166687014
(33,30): 0.01675300121307373
(34,20): -0.016855301856994628
(34,42): -0.051012787818908695
(35,6): -0.007330989837646485
(35,8): -0.023707118034362793
(35,12): -0.0031860828399658202
(35,20): -0.01898376941680908
(35,24): -0.02454559326171875
(36,11): -0.00910670280456543
(36,43): 0.010804524421691894
(36,45): 0.00829737663269043
(37,10): -0.047090191841125485
(37,13): -0.04791677474975586
(37,14): 0.004831390380859375
(37,23): 0.0040433120727539065
(37,43): 0.04974302291870117
(37,45): 0.05993448734283447
(38,14): -0.012896881103515626
(38,15): -0.0190500545501709
(39,15): -0.023524837493896486
(39,18): -0.04777876853942871
(39,47): -0.010742273330688477
(40,10): -0.025401477813720704
(40,13): -0.027847795486450194
(40,16): 0.00943807601928711
(40,22): 0.0015897035598754882
(40,29): -0.06513478755950927
(41,19): -0.062499170303344724
(41,25): -0.06743219375610351
(42,9): -0.036344895362854006
(42,10): 0.0060653495788574215
(42,29): -0.013612060546875
(42,34): -0.016127028465270997
(43,10): 0.008631672859191895
(43,36): 0.03340620040893555
(43,37): 0.015353226661682129
(43,45): 0.033035268783569334
(44,9): -0.020635590553283692
(44,11): -0.04553833961486817
(44,16): 0.0021834707260131835
(44,18): -0.06501744270324707
(44,21): -0.05541335105895996
(45,13): -0.027096405029296874
(45,36): -0.004337906837463379
(45,37): 0.013334965705871582
(45,43): 0.020692167282104493
(46,8): -0.011566033363342285
(46,9): -0.029802098274230956
(46,23): -0.0005889320373535156
(46,25): -0.030594635009765624
(46,48): 0.020532383918762206
(47,6): -0.012568182945251465
(47,16): 0.027678561210632325
(47,20): -0.013917107582092286
(47,26): -0.004712605476379394
(47,39): 0.0589078950881958
(47,49): 0.05136412620544434
(48,12): -0.011215062141418456
(48,17): -0.021236152648925782
(48,19): -0.010233979225158691
(48,26): -0.0069064807891845706
(48,46): 0.026968703269958497
(49,15): -0.021538958549499512
(49,21): -0.0361164665222168
(49,26): -0.01823392391204834
(49,47): -0.011030087471008301
(50,13): -0.0637110185623169
(50,14): -0.0185497522354126
(51,12): -0.020074601173400878
(51,18): -0.057390971183776854
(51,25): -0.06115971088409424
