Interaction name: 5k0j

Affinity: 7.119999885559082
Predicted value: 6.852661609649658

Shapley values for edges: 

(0,5): 0.005138936042785644
(0,9): 0.005702900886535645
(0,10): 0.010555481910705567
(0,16): 0.005724682807922364
(1,3): 0.009235444068908692
(1,4): 0.012876620292663574
(1,11): 0.01693899154663086
(2,6): 0.006989502906799316
(2,7): 0.005433349609375
(2,8): 0.00804884433746338
(2,12): 0.004947590827941895
(2,13): 0.0018657588958740235
(2,14): 0.0036862707138061524
(3,1): 0.023428969383239746
(3,4): 0.015245795249938965
(3,5): 0.00481473445892334
(3,9): 0.011030483245849609
(4,1): -0.06062765598297119
(4,3): -0.026045827865600585
(4,6): 0.006256008148193359
(4,7): 0.0035848188400268554
(4,11): 0.005622720718383789
(4,12): 0.005784406661987305
(4,13): 0.005115771293640136
(4,17): 0.007336850166320801
(4,21): 0.0033919715881347654
(5,0): -0.001192464828491211
(5,3): -0.015536012649536133
(5,9): 0.0008158540725708008
(5,15): -0.02654125213623047
(5,17): 0.008953061103820801
(5,18): 0.011969757080078126
(5,19): 0.006151981353759765
(5,21): 0.005473613739013672
(5,24): 0.005171127319335937
(6,2): -0.007286410331726074
(6,4): -0.0019387531280517579
(6,7): -0.0013029813766479493
(6,8): -0.00043274879455566405
(6,11): 0.0015375423431396485
(6,12): 0.0015832996368408203
(6,13): -0.00028545379638671874
(6,14): -0.0014698457717895507
(6,22): 0.0015064430236816405
(6,24): 7.401466369628906e-05
(6,25): 0.001033334732055664
(7,2): -0.003449821472167969
(7,4): -0.0023345088958740233
(7,6): 0.00013305187225341796
(7,8): -0.0005723237991333008
(7,11): -0.0009710407257080078
(7,12): 0.00033680915832519533
(7,13): 0.001374211311340332
(7,14): 0.001657590866088867
(7,21): -0.0006593561172485351
(8,2): -0.004769968986511231
(8,6): -3.310680389404297e-05
(8,7): 0.0008364534378051758
(8,14): 0.0005962467193603516
(8,24): 0.000579380989074707
(8,26): 0.0004021310806274414
(9,0): -0.010829081535339355
(9,3): -0.026989703178405763
(9,5): 0.00015443801879882812
(9,10): -0.0007586479187011719
(9,15): -0.018414201736450194
(9,19): 0.008008875846862794
(9,20): 0.0072198152542114254
(9,21): 0.004796314239501953
(9,22): 0.008752808570861817
(9,24): 0.006480827331542969
(9,25): 0.012112207412719726
(10,0): -0.004604439735412597
(10,9): 0.0034956741333007813
(10,15): -0.028343925476074217
(10,19): 0.003840594291687012
(10,20): 0.00667144775390625
(10,21): 0.001311640739440918
(10,23): 0.00860140323638916
(10,24): 0.004414005279541016
(11,1): -0.03614572525024414
(11,4): -0.0004139375686645508
(11,6): 0.0002800130844116211
(11,7): 0.0017244338989257813
(11,12): 0.003688163757324219
(11,13): 0.0007430887222290039
(11,14): 0.0015137052536010741
(11,26): 0.004936175346374512
(12,2): -0.002572774887084961
(12,4): -0.0007807016372680664
(12,6): -0.0002702951431274414
(12,7): -0.0003662252426147461
(12,11): -0.0009077930450439453
(12,13): -0.0003221321105957031
(12,14): 0.0007482624053955078
(12,26): 0.0032790327072143555
(13,2): -0.0037531566619873045
(13,4): 0.00027302742004394533
(13,6): 0.0017633438110351562
(13,7): -0.0004122543334960937
(13,11): -0.0034404754638671874
(13,12): 0.00021544933319091796
(13,14): 0.0010913801193237305
(13,21): -0.001697072982788086
(14,2): -0.004654769897460938
(14,6): 0.0003576803207397461
(14,7): -0.0010504579544067382
(14,8): -0.0004032516479492187
(14,11): -0.00010358810424804688
(14,12): 0.00022759437561035157
(14,13): -0.0020572566986083985
(15,5): 0.01177938461303711
(15,9): 0.003254289627075195
(15,10): 0.018598875999450683
(16,0): 0.010306086540222168
(16,19): 0.023197522163391115
(17,4): 0.00611821174621582
(17,5): -0.003906369209289551
(18,5): -0.003411550521850586
(18,20): -0.00030138492584228513
(19,5): 0.0019298171997070312
(19,9): 0.000578618049621582
(19,10): 0.0014431190490722657
(19,16): -0.055132818222045896
(20,9): -0.003609743118286133
(20,10): -0.0030863809585571288
(20,18): 0.0060032129287719725
(21,4): 0.001167473793029785
(21,5): -0.0018211650848388673
(21,7): 0.00063873291015625
(21,9): -0.0005750226974487305
(21,10): 0.0015925693511962891
(21,13): 0.0031919479370117188
(22,6): 0.0006835412979125977
(22,9): -0.004072680473327637
(22,23): 0.004154024124145508
(22,24): -0.0004387044906616211
(23,10): -0.004219245910644531
(23,22): -0.001363544464111328
(24,5): -0.0029306650161743165
(24,6): -2.9087066650390623e-06
(24,8): 0.001691913604736328
(24,9): -0.003175005912780762
(24,10): -0.0025845098495483397
(24,22): 0.0038602733612060547
(25,6): -0.0008195352554321289
(25,9): -0.004005169868469239
(25,26): -0.00018797874450683595
(26,8): -0.0017492532730102538
(26,11): 0.0007843351364135742
(26,12): -0.00215944766998291
(26,25): 0.0005672836303710938
