Interaction name: 6bmi

Affinity: 5.050000190734863
Predicted value: 6.349916458129883

Shapley values for edges: 

(0,2): -0.00608889102935791
(0,3): -0.0032655620574951172
(0,6): -0.005141458511352539
(0,7): 0.00445859432220459
(0,8): -0.0025702619552612303
(0,9): -0.01679699420928955
(0,11): -0.004236531257629394
(1,3): -0.005786366462707519
(1,7): 0.0011442947387695314
(1,8): -0.001649460792541504
(1,10): 0.00482452392578125
(1,11): 0.005239467620849609
(2,0): -0.00578648567199707
(2,3): -0.0019208145141601561
(2,5): -0.0032224607467651366
(2,7): 0.002290029525756836
(2,8): -0.0021213436126708983
(2,9): -0.01783379077911377
(2,11): -0.004923386573791504
(3,0): -0.0026448774337768555
(3,1): -0.005767788887023926
(3,2): -0.0009892606735229493
(3,4): -0.024898171424865723
(3,5): 0.0017783212661743163
(3,6): 0.00422464370727539
(3,8): -0.0037939834594726564
(3,12): -0.021151580810546876
(3,13): -0.039840903282165524
(3,14): -0.032659811973571776
(3,17): 0.004606947898864746
(4,3): 0.001271510124206543
(4,7): -0.0012325239181518555
(4,8): -0.005621333122253418
(5,2): -0.03496077060699463
(5,3): -0.026454529762268066
(5,6): -0.003996243476867676
(5,7): -0.0020770263671875
(5,8): -0.006668834686279297
(6,0): -0.03869534492492676
(6,3): -0.005272555351257324
(6,5): -0.0034555816650390626
(6,7): -0.0024424171447753906
(6,8): -0.006391754150390625
(7,0): 0.002468738555908203
(7,1): -0.01953028678894043
(7,2): 0.007298111915588379
(7,4): -0.007562108039855957
(7,5): 0.015526843070983887
(7,6): 0.010392484664916992
(7,8): 0.004224944114685059
(8,0): 0.009828414916992188
(8,1): -0.024881224632263183
(8,2): -0.010283427238464355
(8,3): 0.002820262908935547
(8,4): -0.024460349082946777
(8,5): 0.014003109931945801
(8,6): 0.02045934200286865
(8,7): 0.013210711479187011
(8,18): -0.002519702911376953
(8,19): -0.0050136947631835935
(9,0): 0.009190568923950196
(9,2): 0.010153179168701171
(9,13): 0.007986702919006348
(10,1): 0.008469924926757813
(10,11): 0.0005191326141357422
(10,19): 0.021081619262695313
(11,0): 0.006698155403137207
(11,1): 0.0043813991546630855
(11,2): 0.005914735794067383
(11,10): 0.00794285774230957
(11,15): -0.004227666854858398
(11,18): -0.005708141326904297
(11,19): 0.005180420875549316
(12,3): -0.004340357780456543
(12,13): -0.03362621784210205
(12,14): -0.011505932807922363
(12,16): 0.022854604721069337
(13,3): 0.021049609184265138
(13,9): 0.03416831016540527
(13,12): 0.00877856731414795
(14,3): 0.00017930030822753905
(14,12): -0.0076416110992431644
(14,17): 0.011468234062194825
(15,11): 0.017521181106567384
(15,19): -0.0187493896484375
(16,12): -0.051118478775024415
(16,17): -0.0032930660247802736
(17,3): -0.02331056594848633
(17,14): -0.03458111763000488
(17,16): 0.0053046798706054684
(18,8): 0.013253436088562012
(18,11): -0.013438715934753417
(19,8): 0.014339089393615723
(19,10): -0.04161147117614746
(19,11): -0.009479017257690429
(19,15): -0.11929661273956299
