Interaction name: 5jfu

Affinity: 8.069999694824219
Predicted value: 8.840299606323242

Attributions for edges: 

(0,4): 0.5090202689170837
(0,17): 0.533039927482605
(0,21): 0.531118631362915
(0,29): 0.5133933424949646
(0,30): 0.49283334612846375
(0,33): 0.5040497183799744
(0,39): 0.505607008934021
(0,41): 0.4732200503349304
(0,43): 0.47819942235946655
(1,9): 0.4184781014919281
(1,11): 0.5011635422706604
(1,14): 0.4098784327507019
(1,41): 0.45120176672935486
(1,43): 0.5287230610847473
(1,44): 0.4875795841217041
(2,6): 0.4377281367778778
(2,7): 0.4658147990703583
(2,12): 0.4502362906932831
(2,13): 0.4763296842575073
(2,22): 0.4703977704048157
(2,31): 0.468612402677536
(2,32): 0.48919612169265747
(2,40): 0.4167483448982239
(2,42): 0.46155962347984314
(2,44): 0.5053821206092834
(3,10): 0.42823585867881775
(3,15): 0.45650550723075867
(3,16): 0.5041449069976807
(3,29): 0.5002503991127014
(3,30): 0.48733651638031006
(3,38): 0.4560352563858032
(3,41): 0.4721378982067108
(3,43): 0.4357433319091797
(4,0): 0.5358928442001343
(4,11): 0.4025244414806366
(4,14): 0.5663133263587952
(4,27): 0.5616936087608337
(4,29): 0.6271972060203552
(4,30): 0.4929407835006714
(4,37): 0.5499004125595093
(4,39): 0.5106858015060425
(4,42): 0.5341086983680725
(5,6): 0.49853387475013733
(5,9): 0.48767155408859253
(5,11): 0.504177987575531
(5,13): 0.49886709451675415
(5,22): 0.3995988965034485
(5,27): 0.4866795837879181
(5,32): 0.5346412062644958
(5,40): 0.5647672414779663
(5,42): 0.4304981529712677
(5,44): 0.47269660234451294
(6,2): 0.4487619400024414
(6,5): 0.466257780790329
(6,7): 0.4486730098724365
(6,9): 0.38264966011047363
(6,12): 0.501288890838623
(6,13): 0.4428258538246155
(6,22): 0.38736629486083984
(6,31): 0.4933243691921234
(6,32): 0.5027620792388916
(6,40): 0.4519291818141937
(6,42): 0.4312320947647095
(6,44): 0.49705520272254944
(7,2): 0.489702045917511
(7,6): 0.3737812340259552
(7,12): 0.45791053771972656
(7,13): 0.4963182806968689
(7,22): 0.49253296852111816
(7,31): 0.515572190284729
(7,32): 0.5205355286598206
(7,40): 0.4678858816623688
(7,44): 0.5300012826919556
(8,9): 0.46416062116622925
(8,11): 0.4753281772136688
(8,14): 0.5497762560844421
(9,1): 0.5250951051712036
(9,5): 0.4966897964477539
(9,6): 0.47377076745033264
(9,8): 0.4063790440559387
(9,11): 0.5608021020889282
(9,14): 0.5834271311759949
(9,23): 0.5700848698616028
(9,27): 0.5318517684936523
(9,37): 0.5014841556549072
(9,40): 0.4690506160259247
(9,46): 0.45040443539619446
(10,3): 0.5493901371955872
(10,15): 0.5570791363716125
(10,16): 0.5434672832489014
(10,29): 0.5542645454406738
(10,30): 0.5279096364974976
(10,38): 0.4953731894493103
(10,39): 0.5363289713859558
(10,49): 0.39234405755996704
(11,1): 0.46101391315460205
(11,4): 0.5050660967826843
(11,5): 0.5350207686424255
(11,8): 0.48358145356178284
(11,9): 0.4521077573299408
(11,14): 0.5371810793876648
(11,21): 0.473925918340683
(11,37): 0.5529822111129761
(11,58): 0.36788082122802734
(11,62): 0.5035011172294617
(11,65): 0.4166923463344574
(12,2): 0.4955751299858093
(12,6): 0.5030940175056458
(12,7): 0.507963240146637
(12,13): 0.49866634607315063
(12,22): 0.4517495632171631
(12,23): 0.3864823877811432
(12,31): 0.5568850636482239
(12,32): 0.5459680557250977
(12,40): 0.4617480933666229
(12,58): 0.43851685523986816
(12,68): 0.4928540885448456
(13,2): 0.5003039240837097
(13,5): 0.5365017056465149
(13,6): 0.5903969407081604
(13,7): 0.48590636253356934
(13,12): 0.5698775053024292
(13,22): 0.5397064089775085
(13,23): 0.5092931389808655
(13,31): 0.5359804034233093
(13,32): 0.4352177083492279
(13,34): 0.39160478115081787
(13,35): 0.546046257019043
(13,40): 0.5345429182052612
(13,57): 0.4960535168647766
(13,59): 0.48854243755340576
(14,1): 0.4375840127468109
(14,4): 0.4996951222419739
(14,8): 0.46393299102783203
(14,9): 0.4920661449432373
(14,11): 0.45911115407943726
(14,23): 0.5428215861320496
(14,25): 0.5207566618919373
(14,26): 0.4276701509952545
(14,27): 0.47363075613975525
(14,34): 0.5064240097999573
(14,36): 0.46796876192092896
(14,37): 0.5505466461181641
(14,48): 0.448617160320282
(14,57): 0.49921944737434387
(14,58): 0.46719393134117126
(15,3): 0.443340539932251
(15,10): 0.4471665322780609
(15,16): 0.41568586230278015
(15,38): 0.4651482403278351
(15,47): 0.5174793601036072
(15,51): 0.4063088893890381
(15,52): 0.47359010577201843
(15,65): 0.4700508415699005
(16,3): 0.45621293783187866
(16,10): 0.5064984560012817
(16,15): 0.5695604085922241
(16,29): 0.588819682598114
(16,30): 0.4655071198940277
(16,38): 0.4242963194847107
(16,39): 0.5245645046234131
(16,48): 0.46882757544517517
(16,63): 0.4669211208820343
(16,66): 0.5515761375427246
(17,0): 0.5112216472625732
(17,18): 0.5827673077583313
(17,19): 0.49205657839775085
(17,20): 0.5448857545852661
(17,21): 0.488092303276062
(17,33): 0.5126010775566101
(17,51): 0.48654916882514954
(17,68): 0.5548293590545654
(18,17): 0.635391116142273
(18,19): 0.591866135597229
(18,20): 0.4326336979866028
(18,21): 0.4963169991970062
(18,33): 0.47017455101013184
(18,53): 0.47303512692451477
(18,59): 0.46003955602645874
(19,17): 0.5837226510047913
(19,18): 0.46196621656417847
(19,20): 0.607486367225647
(19,21): 0.47601431608200073
(19,33): 0.5019012689590454
(19,54): 0.40495049953460693
(19,55): 0.481444388628006
(19,67): 0.4653259515762329
(20,17): 0.5150614976882935
(20,18): 0.4209199547767639
(20,19): 0.5142217874526978
(20,21): 0.43659982085227966
(20,33): 0.40379250049591064
(20,56): 0.4800754487514496
(20,57): 0.5769790410995483
(21,0): 0.5009957551956177
(21,11): 0.47895678877830505
(21,17): 0.5938491821289062
(21,18): 0.5358455777168274
(21,19): 0.5033822655677795
(21,20): 0.44303813576698303
(21,33): 0.4526801109313965
(21,55): 0.45214611291885376
(21,58): 0.4928175210952759
(21,59): 0.45020154118537903
(21,65): 0.4774443805217743
(22,2): 0.5305142998695374
(22,5): 0.4777602553367615
(22,6): 0.5919050574302673
(22,7): 0.5374144315719604
(22,12): 0.5389329791069031
(22,13): 0.5563542246818542
(22,31): 0.4999639391899109
(22,32): 0.4865233302116394
(22,40): 0.4455275237560272
(22,50): 0.5236477851867676
(22,57): 0.42157089710235596
(22,58): 0.4547056555747986
(22,59): 0.42793920636177063
(22,60): 0.5405075550079346
(22,61): 0.47526124119758606
(23,9): 0.4570903480052948
(23,12): 0.566773533821106
(23,13): 0.5476246476173401
(23,14): 0.41801801323890686
(23,24): 0.42189010977745056
(23,25): 0.48163047432899475
(23,26): 0.445651650428772
(23,27): 0.5157641768455505
(23,28): 0.46781042218208313
(23,34): 0.47574663162231445
(23,35): 0.4537084698677063
(23,36): 0.4773034453392029
(23,37): 0.5838996767997742
(23,58): 0.4733394980430603
(23,61): 0.43313246965408325
(23,64): 0.4454319477081299
(23,68): 0.5513467788696289
(24,23): 0.4457850456237793
(24,25): 0.4717355966567993
(24,26): 0.44349488615989685
(24,27): 0.5037450194358826
(24,28): 0.44736093282699585
(24,34): 0.5181971192359924
(24,35): 0.5503427982330322
(24,36): 0.45815199613571167
(24,37): 0.45797738432884216
(24,48): 0.507544994354248
(24,62): 0.5410221815109253
(24,64): 0.5012078881263733
(24,70): 0.4131341576576233
(25,14): 0.5236276388168335
(25,23): 0.4651773273944855
(25,24): 0.3689320385456085
(25,26): 0.5055663585662842
(25,27): 0.5955111980438232
(25,28): 0.46703165769577026
(25,34): 0.5528591275215149
(25,35): 0.5331747531890869
(25,36): 0.50666344165802
(25,37): 0.5222734212875366
(25,62): 0.4702451825141907
(25,66): 0.4693243205547333
(25,68): 0.5134499669075012
(26,14): 0.5535601377487183
(26,23): 0.5682245492935181
(26,24): 0.4559132754802704
(26,25): 0.4895940124988556
(26,27): 0.4176565408706665
(26,28): 0.42632025480270386
(26,34): 0.5171175003051758
(26,35): 0.39039120078086853
(26,36): 0.5086100101470947
(26,37): 0.5104581117630005
(26,58): 0.46534910798072815
(26,62): 0.45863407850265503
(26,69): 0.4868163466453552
(27,4): 0.46959665417671204
(27,5): 0.4993939697742462
(27,9): 0.5243062973022461
(27,14): 0.5834570527076721
(27,23): 0.5212886333465576
(27,24): 0.382803738117218
(27,25): 0.43117108941078186
(27,26): 0.4754613935947418
(27,28): 0.49143967032432556
(27,34): 0.5174922943115234
(27,35): 0.5715696215629578
(27,36): 0.4546201825141907
(27,37): 0.6099402904510498
(27,57): 0.5116491317749023
(27,58): 0.4713190495967865
(27,59): 0.5105603933334351
(27,63): 0.47785842418670654
(27,67): 0.4589413106441498
(28,23): 0.5434373617172241
(28,24): 0.45173224806785583
(28,25): 0.517021656036377
(28,26): 0.46361851692199707
(28,27): 0.46906575560569763
(28,34): 0.5311445593833923
(28,35): 0.5265873670578003
(28,36): 0.5791547894477844
(28,37): 0.4907715618610382
(28,68): 0.5044124722480774
(28,70): 0.48088669776916504
(29,0): 0.47957494854927063
(29,3): 0.4920881986618042
(29,4): 0.5742671489715576
(29,10): 0.5883556604385376
(29,16): 0.4858543574810028
(29,30): 0.46762239933013916
(29,38): 0.4831104576587677
(29,39): 0.4903688132762909
(29,57): 0.5197442173957825
(29,67): 0.4728962779045105
(30,0): 0.5407673120498657
(30,3): 0.5015957951545715
(30,4): 0.530974268913269
(30,10): 0.4176900088787079
(30,16): 0.4272581934928894
(30,29): 0.447183221578598
(30,38): 0.4763166606426239
(30,39): 0.542725145816803
(30,48): 0.485339492559433
(30,62): 0.5796553492546082
(30,64): 0.475230872631073
(30,65): 0.5180944204330444
(31,2): 0.5183200836181641
(31,6): 0.5837517380714417
(31,7): 0.5610091090202332
(31,12): 0.4799391031265259
(31,13): 0.5173129439353943
(31,22): 0.46157535910606384
(31,32): 0.44842320680618286
(31,40): 0.4799753427505493
(31,50): 0.4375241696834564
(31,58): 0.4287354052066803
(31,61): 0.4506150186061859
(32,2): 0.5300220251083374
(32,5): 0.5401352047920227
(32,6): 0.5522603988647461
(32,7): 0.49302753806114197
(32,12): 0.5634585618972778
(32,13): 0.5074535608291626
(32,22): 0.4053492248058319
(32,31): 0.5172525644302368
(32,40): 0.42711004614830017
(32,56): 0.48837804794311523
(33,0): 0.49784958362579346
(33,17): 0.5496105551719666
(33,18): 0.48248857259750366
(33,19): 0.5566848516464233
(33,20): 0.48723840713500977
(33,21): 0.536655604839325
(33,55): 0.4592544138431549
(33,62): 0.524204432964325
(33,64): 0.5155890583992004
(34,13): 0.6141584515571594
(34,14): 0.5008053183555603
(34,23): 0.5037588477134705
(34,24): 0.4776206314563751
(34,25): 0.5342592000961304
(34,26): 0.5177027583122253
(34,27): 0.5121776461601257
(34,28): 0.47320419549942017
(34,35): 0.550761342048645
(34,36): 0.4908921718597412
(34,37): 0.5246783494949341
(34,50): 0.45544981956481934
(35,13): 0.46770477294921875
(35,23): 0.5493717193603516
(35,24): 0.48442313075065613
(35,25): 0.5547544360160828
(35,26): 0.5096375346183777
(35,27): 0.5044974684715271
(35,28): 0.5386568307876587
(35,34): 0.5926448702812195
(35,36): 0.5511722564697266
(35,37): 0.5211771130561829
(35,61): 0.49172717332839966
(36,14): 0.44791463017463684
(36,23): 0.537365198135376
(36,24): 0.4453541040420532
(36,25): 0.5401650071144104
(36,26): 0.46923568844795227
(36,27): 0.5315005779266357
(36,28): 0.5677653551101685
(36,34): 0.4974279999732971
(36,35): 0.5030797719955444
(36,37): 0.5158057808876038
(36,63): 0.3949856162071228
(37,4): 0.6185239553451538
(37,9): 0.3972567915916443
(37,11): 0.4825890064239502
(37,14): 0.6062822341918945
(37,23): 0.4153299629688263
(37,24): 0.4525383710861206
(37,25): 0.5198608040809631
(37,26): 0.4089561700820923
(37,27): 0.5031548142433167
(37,28): 0.4558587670326233
(37,34): 0.4592006802558899
(37,35): 0.5502719283103943
(37,36): 0.4752803146839142
(37,50): 0.5406482219696045
(37,58): 0.4210427403450012
(38,3): 0.4704817235469818
(38,10): 0.49922627210617065
(38,15): 0.47975876927375793
(38,16): 0.46826475858688354
(38,29): 0.5629143118858337
(38,30): 0.48694369196891785
(38,39): 0.5926454067230225
(38,47): 0.47879189252853394
(38,51): 0.4934343993663788
(39,0): 0.4973796308040619
(39,4): 0.46769481897354126
(39,10): 0.5191624164581299
(39,16): 0.47873619198799133
(39,29): 0.5068630576133728
(39,30): 0.46578851342201233
(39,38): 0.47932055592536926
(39,57): 0.5141289234161377
(40,2): 0.4681781828403473
(40,5): 0.5979964733123779
(40,6): 0.4724133610725403
(40,7): 0.56885826587677
(40,9): 0.4563959538936615
(40,12): 0.46913984417915344
(40,13): 0.5124623775482178
(40,22): 0.46718472242355347
(40,31): 0.550381600856781
(40,32): 0.5148071050643921
(40,56): 0.49355843663215637
(40,57): 0.4993387758731842
(41,0): 0.4793972969055176
(41,1): 0.5411767959594727
(41,3): 0.6023399829864502
(42,2): 0.46239492297172546
(42,4): 0.4420230984687805
(42,5): 0.43038254976272583
(42,6): 0.5226848721504211
(42,44): 0.45072853565216064
(42,50): 0.5700837969779968
(42,58): 0.5325759649276733
(43,0): 0.5077305436134338
(43,1): 0.4860316514968872
(43,3): 0.5142807960510254
(43,47): 0.5007933974266052
(43,51): 0.5400581955909729
(44,1): 0.5223142504692078
(44,2): 0.5238221287727356
(44,5): 0.39848271012306213
(44,6): 0.5060734748840332
(44,7): 0.4708607792854309
(44,42): 0.4764629304409027
(44,50): 0.4961789548397064
(44,61): 0.43254926800727844
(46,9): 0.5172792673110962
(46,58): 0.5086100101470947
(47,15): 0.5048545598983765
(47,38): 0.42898014187812805
(47,43): 0.5130118727684021
(48,14): 0.5162754654884338
(48,16): 0.40080395340919495
(48,24): 0.4813389778137207
(48,30): 0.5290820598602295
(48,66): 0.4416189193725586
(48,69): 0.47597476840019226
(49,10): 0.4452497065067291
(49,52): 0.5112050771713257
(49,64): 0.5374870896339417
(50,22): 0.5412530899047852
(50,31): 0.4780920147895813
(50,34): 0.4951655864715576
(50,37): 0.5237764716148376
(50,42): 0.5620450377464294
(50,44): 0.4770207405090332
(51,15): 0.4882391095161438
(51,17): 0.49982672929763794
(51,38): 0.5205469727516174
(51,43): 0.4904625713825226
(52,15): 0.48681244254112244
(52,49): 0.4991322457790375
(52,64): 0.5158700942993164
(53,18): 0.5555914640426636
(54,19): 0.551724374294281
(54,56): 0.5531811714172363
(55,19): 0.572859525680542
(55,21): 0.5488513708114624
(55,33): 0.44915810227394104
(55,57): 0.4757210314273834
(56,20): 0.46655720472335815
(56,32): 0.5076161026954651
(56,40): 0.5446526408195496
(56,54): 0.48551884293556213
(56,57): 0.4705412983894348
(56,60): 0.513386607170105
(57,13): 0.5279088616371155
(57,14): 0.5179263353347778
(57,20): 0.5341811776161194
(57,22): 0.5349290370941162
(57,27): 0.6051468253135681
(57,29): 0.5114254951477051
(57,39): 0.4680818021297455
(57,40): 0.5578856468200684
(57,55): 0.47246742248535156
(57,56): 0.3670596182346344
(58,11): 0.48242074251174927
(58,12): 0.5467641949653625
(58,14): 0.5039460062980652
(58,21): 0.4849843680858612
(58,22): 0.4379889667034149
(58,23): 0.4648427367210388
(58,26): 0.5395974516868591
(58,27): 0.42328184843063354
(58,31): 0.5024673938751221
(58,37): 0.5592899322509766
(58,42): 0.5900827646255493
(58,46): 0.564176619052887
(59,13): 0.4947124719619751
(59,18): 0.5039397478103638
(59,21): 0.5041601061820984
(59,22): 0.40910157561302185
(59,27): 0.5100850462913513
(59,60): 0.4706905782222748
(60,22): 0.4676339030265808
(60,56): 0.5040519833564758
(60,59): 0.5021934509277344
(61,22): 0.4716058671474457
(61,23): 0.5066694617271423
(61,31): 0.5233253240585327
(61,35): 0.5207936763763428
(61,44): 0.48731130361557007
(62,11): 0.5363913774490356
(62,24): 0.4759085774421692
(62,25): 0.529700756072998
(62,26): 0.5188159346580505
(62,30): 0.5294929146766663
(62,33): 0.5655767917633057
(62,63): 0.4285258650779724
(63,16): 0.48916274309158325
(63,27): 0.5481314659118652
(63,36): 0.5390552878379822
(63,62): 0.5268042683601379
(64,23): 0.4543423354625702
(64,24): 0.6239314079284668
(64,30): 0.5188066959381104
(64,33): 0.4671485126018524
(64,49): 0.5164427757263184
(64,52): 0.4938923120498657
(64,66): 0.5224242210388184
(65,11): 0.5647203922271729
(65,15): 0.4317263662815094
(65,21): 0.4326525330543518
(65,30): 0.4781765341758728
(66,16): 0.44657039642333984
(66,25): 0.5583965182304382
(66,48): 0.521069347858429
(66,64): 0.573343813419342
(67,19): 0.49648424983024597
(67,27): 0.5230092406272888
(67,29): 0.5421218872070312
(68,12): 0.5278056859970093
(68,17): 0.5032418966293335
(68,23): 0.47914931178092957
(68,25): 0.4248480498790741
(68,28): 0.545036792755127
(69,26): 0.49801307916641235
(69,48): 0.5136591792106628
(70,24): 0.5425548553466797
(70,28): 0.5532400608062744
