Interaction name: 5ni5

Affinity: 8.050000190734863
Predicted value: 7.500605583190918

Attributions for edges: 

(0,1): 0.46483513712882996
(0,6): 0.47547945380210876
(0,7): 0.4189456105232239
(0,20): 0.5011808276176453
(0,23): 0.40611329674720764
(0,24): 0.45805466175079346
(0,32): 0.49300000071525574
(0,33): 0.6052355170249939
(1,0): 0.39584043622016907
(1,6): 0.46960949897766113
(1,7): 0.5046930313110352
(1,20): 0.5440890192985535
(1,23): 0.4984280467033386
(1,24): 0.46249720454216003
(1,33): 0.5140379071235657
(2,5): 0.46426621079444885
(2,8): 0.5439926981925964
(2,9): 0.6037722826004028
(2,16): 0.4917624592781067
(2,21): 0.43405231833457947
(2,22): 0.47890809178352356
(2,32): 0.45900070667266846
(3,5): 0.5888869762420654
(3,11): 0.45206964015960693
(3,15): 0.4570390582084656
(3,16): 0.4738653004169464
(3,29): 0.4336491525173187
(3,31): 0.4583017826080322
(4,10): 0.4541815519332886
(4,16): 0.48893335461616516
(4,17): 0.4578936994075775
(4,18): 0.5217536091804504
(4,26): 0.4278976023197174
(4,31): 0.583686351776123
(5,2): 0.4704819321632385
(5,3): 0.4496060609817505
(5,8): 0.4051207900047302
(5,9): 0.505917489528656
(5,16): 0.46863245964050293
(5,22): 0.4844713509082794
(5,31): 0.5140567421913147
(5,34): 0.4229514002799988
(6,0): 0.5176500678062439
(6,1): 0.52689129114151
(6,7): 0.41864898800849915
(6,20): 0.5475181937217712
(6,23): 0.4299424886703491
(6,24): 0.43945959210395813
(6,37): 0.45857009291648865
(7,0): 0.540454089641571
(7,1): 0.5864367485046387
(7,6): 0.5356425046920776
(7,8): 0.4949304461479187
(7,9): 0.46983015537261963
(7,20): 0.4447324872016907
(7,21): 0.5173429846763611
(7,22): 0.6112293601036072
(7,23): 0.4095791280269623
(7,24): 0.43798160552978516
(7,35): 0.4931204319000244
(7,38): 0.45214036107063293
(7,39): 0.433083713054657
(7,52): 0.569365382194519
(8,2): 0.48727044463157654
(8,5): 0.5284391641616821
(8,7): 0.4597538411617279
(8,9): 0.5570241212844849
(8,21): 0.5169410109519958
(8,22): 0.4972015619277954
(8,23): 0.5749872326850891
(8,24): 0.4717938005924225
(8,49): 0.45271480083465576
(8,58): 0.43205174803733826
(9,2): 0.39312586188316345
(9,5): 0.4533342719078064
(9,7): 0.44628793001174927
(9,8): 0.6221937537193298
(9,21): 0.5544470548629761
(9,22): 0.5462943911552429
(9,23): 0.47752445936203003
(9,40): 0.4433189928531647
(9,44): 0.45630505681037903
(10,4): 0.44316527247428894
(10,11): 0.4603647291660309
(10,15): 0.48449015617370605
(10,16): 0.5055894255638123
(10,17): 0.5749340057373047
(10,25): 0.4203290641307831
(10,26): 0.4172466993331909
(10,27): 0.40163594484329224
(10,28): 0.45393621921539307
(10,29): 0.5076754689216614
(10,31): 0.5441884398460388
(10,41): 0.5695546269416809
(10,52): 0.5366414785385132
(10,56): 0.5221210718154907
(10,58): 0.4716862440109253
(10,59): 0.5253126621246338
(11,3): 0.4108811914920807
(11,10): 0.5510621070861816
(11,12): 0.5244784355163574
(11,13): 0.4501584768295288
(11,14): 0.5279803276062012
(11,15): 0.5480990409851074
(11,16): 0.5235509872436523
(11,17): 0.5351554751396179
(11,19): 0.4484509527683258
(11,26): 0.41232335567474365
(11,29): 0.45463645458221436
(11,30): 0.5104301571846008
(11,31): 0.49272415041923523
(11,35): 0.4649989902973175
(11,41): 0.5047147274017334
(11,42): 0.43749627470970154
(11,44): 0.44446441531181335
(11,56): 0.43018123507499695
(12,11): 0.4946214556694031
(12,13): 0.45820558071136475
(12,14): 0.5255526900291443
(12,15): 0.6230072975158691
(12,26): 0.41663578152656555
(12,29): 0.5023645758628845
(12,30): 0.5479716658592224
(12,31): 0.503728985786438
(12,43): 0.5287795066833496
(13,11): 0.4855248034000397
(13,12): 0.5670760869979858
(13,14): 0.527168333530426
(13,15): 0.4765883982181549
(13,19): 0.6194451451301575
(13,29): 0.5023687481880188
(13,43): 0.5428889989852905
(13,57): 0.4289959669113159
(13,59): 0.48335060477256775
(14,11): 0.4925614893436432
(14,12): 0.43390804529190063
(14,13): 0.532676100730896
(14,15): 0.5109383463859558
(14,19): 0.6035321950912476
(14,29): 0.529514729976654
(14,30): 0.48018527030944824
(14,31): 0.5231651663780212
(15,3): 0.6082981824874878
(15,10): 0.5153371095657349
(15,11): 0.45741695165634155
(15,12): 0.5195080637931824
(15,13): 0.5037457942962646
(15,14): 0.4848340153694153
(15,19): 0.4524158537387848
(15,29): 0.572440505027771
(15,30): 0.466736376285553
(15,31): 0.47978702187538147
(15,38): 0.5178369879722595
(15,49): 0.43153032660484314
(15,52): 0.5081735253334045
(15,58): 0.5145294070243835
(16,2): 0.5283045172691345
(16,3): 0.49041318893432617
(16,4): 0.5123283267021179
(16,5): 0.5049009323120117
(16,10): 0.6090620756149292
(16,11): 0.44906124472618103
(16,17): 0.4861999452114105
(16,31): 0.5778605341911316
(16,41): 0.5013337135314941
(16,44): 0.47858941555023193
(16,55): 0.4276944696903229
(16,57): 0.47552359104156494
(17,4): 0.5742889046669006
(17,10): 0.6298861503601074
(17,11): 0.6115490198135376
(17,16): 0.5434793829917908
(17,18): 0.5411730408668518
(17,25): 0.47172603011131287
(17,26): 0.46730634570121765
(17,27): 0.4555898904800415
(17,28): 0.5121109485626221
(17,29): 0.5210452079772949
(17,31): 0.5085977911949158
(17,43): 0.48590388894081116
(17,47): 0.5046682953834534
(18,4): 0.4882504642009735
(18,17): 0.4544256329536438
(18,26): 0.5311067700386047
(18,27): 0.500957190990448
(18,28): 0.46661996841430664
(18,29): 0.5608428716659546
(18,35): 0.43685734272003174
(18,45): 0.4793018102645874
(18,46): 0.4690382182598114
(18,47): 0.4738309383392334
(18,51): 0.4734516143798828
(19,11): 0.45776131749153137
(19,13): 0.47721773386001587
(19,14): 0.5844722986221313
(19,15): 0.5721981525421143
(19,30): 0.5578274130821228
(19,48): 0.4215288460254669
(19,49): 0.4533189833164215
(19,57): 0.47462040185928345
(19,58): 0.484562486410141
(19,59): 0.4235563576221466
(20,0): 0.4630548059940338
(20,1): 0.558064341545105
(20,6): 0.47179046273231506
(20,7): 0.5045492053031921
(20,23): 0.40360018610954285
(20,24): 0.49729353189468384
(20,35): 0.5107768774032593
(20,36): 0.52567458152771
(20,50): 0.5265693664550781
(20,52): 0.5562805533409119
(20,56): 0.4793575704097748
(21,2): 0.48029568791389465
(21,7): 0.504544734954834
(21,8): 0.5264590978622437
(21,9): 0.564134955406189
(21,22): 0.6228395700454712
(21,23): 0.504065752029419
(21,24): 0.45895475149154663
(21,44): 0.5221461653709412
(21,55): 0.44498443603515625
(21,56): 0.42681488394737244
(22,2): 0.5168967247009277
(22,5): 0.5397793054580688
(22,7): 0.5329397320747375
(22,8): 0.525740921497345
(22,9): 0.5177524089813232
(22,21): 0.4737852215766907
(22,23): 0.43762364983558655
(22,24): 0.5453985929489136
(22,36): 0.6330956816673279
(22,52): 0.46601784229278564
(23,0): 0.5153008103370667
(23,1): 0.5066026449203491
(23,6): 0.4835558533668518
(23,7): 0.4501672685146332
(23,8): 0.399353563785553
(23,9): 0.5321999788284302
(23,20): 0.389444500207901
(23,21): 0.4309614598751068
(23,22): 0.5040508508682251
(23,24): 0.4915867745876312
(23,36): 0.5141055583953857
(23,52): 0.4746837913990021
(23,55): 0.46695148944854736
(24,0): 0.5415741801261902
(24,1): 0.46088913083076477
(24,6): 0.4296766519546509
(24,7): 0.43731892108917236
(24,8): 0.5180482864379883
(24,20): 0.5655242204666138
(24,21): 0.45945870876312256
(24,22): 0.6104512810707092
(24,23): 0.4788312315940857
(24,55): 0.46467989683151245
(25,10): 0.6358029842376709
(25,17): 0.36718302965164185
(25,26): 0.47140762209892273
(25,27): 0.47674116492271423
(25,28): 0.47206008434295654
(25,49): 0.4752155840396881
(25,51): 0.3819177448749542
(25,54): 0.4638476073741913
(26,4): 0.5370138883590698
(26,10): 0.5687271356582642
(26,11): 0.5579164028167725
(26,12): 0.54228675365448
(26,17): 0.5469909310340881
(26,18): 0.469295471906662
(26,25): 0.37892574071884155
(26,27): 0.4315606951713562
(26,28): 0.4980411231517792
(26,29): 0.49367228150367737
(26,46): 0.427196741104126
(26,51): 0.5111811757087708
(26,58): 0.48003408312797546
(27,10): 0.5042681694030762
(27,17): 0.47245752811431885
(27,18): 0.4316162168979645
(27,25): 0.6188570857048035
(27,26): 0.437999963760376
(27,28): 0.5407880544662476
(27,45): 0.438911497592926
(27,51): 0.43599021434783936
(28,10): 0.558125913143158
(28,17): 0.5830380320549011
(28,18): 0.44111934304237366
(28,25): 0.4606754183769226
(28,26): 0.4706583023071289
(28,27): 0.48789000511169434
(28,41): 0.454220712184906
(28,52): 0.5209202766418457
(28,53): 0.45204851031303406
(28,54): 0.47854912281036377
(28,56): 0.5890113711357117
(29,3): 0.5745077133178711
(29,10): 0.5595188140869141
(29,11): 0.4807837903499603
(29,12): 0.5432777404785156
(29,13): 0.4752083718776703
(29,14): 0.4916308522224426
(29,15): 0.4863128066062927
(29,17): 0.4917067289352417
(29,18): 0.4866178333759308
(29,26): 0.5164604783058167
(29,30): 0.5320503115653992
(29,31): 0.4723312258720398
(29,47): 0.4855865240097046
(30,11): 0.41184884309768677
(30,12): 0.535187304019928
(30,14): 0.45688435435295105
(30,15): 0.5414319038391113
(30,19): 0.5741679668426514
(30,29): 0.4503921568393707
(31,3): 0.5651524066925049
(31,4): 0.47100168466567993
(31,5): 0.3667232394218445
(31,10): 0.5242387056350708
(31,11): 0.45210111141204834
(31,12): 0.4436955749988556
(31,14): 0.4730757772922516
(31,15): 0.4709310531616211
(31,16): 0.4697004556655884
(31,17): 0.3811655044555664
(31,29): 0.448727548122406
(32,0): 0.6166784763336182
(32,2): 0.5541946887969971
(33,0): 0.5870072245597839
(33,1): 0.4899384081363678
(33,37): 0.5388908386230469
(33,38): 0.47899577021598816
(33,39): 0.4656296670436859
(34,5): 0.5275327563285828
(34,40): 0.4789884388446808
(35,7): 0.4409790635108948
(35,11): 0.5362699031829834
(35,18): 0.4137665927410126
(35,20): 0.5242432355880737
(36,20): 0.45989227294921875
(36,22): 0.41008585691452026
(36,23): 0.4926939308643341
(36,41): 0.4924929141998291
(36,57): 0.4210895895957947
(37,6): 0.5537711381912231
(37,33): 0.5768988728523254
(37,38): 0.5216847062110901
(38,7): 0.5536258220672607
(38,15): 0.5510244369506836
(38,33): 0.5133185982704163
(38,37): 0.4676355719566345
(39,7): 0.4822758734226227
(39,33): 0.48348918557167053
(39,55): 0.5445141196250916
(40,9): 0.48748189210891724
(40,34): 0.4726695418357849
(41,10): 0.5083126425743103
(41,11): 0.4752473533153534
(41,16): 0.4648464024066925
(41,28): 0.5415878891944885
(41,36): 0.5749828815460205
(41,57): 0.4505825936794281
(42,11): 0.534494936466217
(42,58): 0.5020819902420044
(43,12): 0.5255685448646545
(43,13): 0.4376605451107025
(43,17): 0.5146389603614807
(43,48): 0.49659866094589233
(44,9): 0.5198541283607483
(44,11): 0.45627665519714355
(44,16): 0.5169044137001038
(44,21): 0.514143168926239
(45,18): 0.45146864652633667
(45,27): 0.47256866097450256
(45,56): 0.48715224862098694
(46,18): 0.42191973328590393
(46,26): 0.5614805221557617
(47,17): 0.5558764934539795
(47,18): 0.47850823402404785
(47,29): 0.47092220187187195
(48,19): 0.5141894817352295
(48,43): 0.491261750459671
(49,8): 0.44620636105537415
(49,15): 0.5332453846931458
(49,19): 0.5425109267234802
(49,25): 0.554862916469574
(50,20): 0.5536459684371948
(51,18): 0.5589950084686279
(51,25): 0.5419577956199646
(51,26): 0.3887293040752411
(51,27): 0.44007110595703125
(51,59): 0.5653545260429382
(52,7): 0.48663875460624695
(52,10): 0.5359486937522888
(52,15): 0.6530713438987732
(52,20): 0.5110606551170349
(52,22): 0.4984186887741089
(52,23): 0.48827481269836426
(52,28): 0.43040159344673157
(53,28): 0.5307771563529968
(53,56): 0.5525234341621399
(54,25): 0.5584760904312134
(54,28): 0.5044751167297363
(55,16): 0.5400571227073669
(55,21): 0.6057472229003906
(55,23): 0.49616944789886475
(55,24): 0.47692105174064636
(55,39): 0.5034158825874329
(56,10): 0.5819006562232971
(56,11): 0.5991517305374146
(56,20): 0.5202385783195496
(56,21): 0.4770623445510864
(56,28): 0.5538554787635803
(56,45): 0.5129692554473877
(56,53): 0.4981505274772644
(57,13): 0.49284040927886963
(57,16): 0.5427209734916687
(57,19): 0.4960802495479584
(57,36): 0.5012229681015015
(57,41): 0.4876347482204437
(58,8): 0.46408185362815857
(58,10): 0.5656249523162842
(58,15): 0.49084484577178955
(58,19): 0.5370413064956665
(58,26): 0.46551084518432617
(58,42): 0.45356839895248413
(59,10): 0.5516558289527893
(59,13): 0.43271803855895996
(59,19): 0.5306107997894287
(59,51): 0.5269622206687927
