Interaction name: 5txy

Affinity: 5.460000038146973
Predicted value: 6.424197673797607

Shapley values for edges: 

(0,2): 0.005625762939453125
(0,3): 0.009499363899230957
(0,4): 0.01898421287536621
(0,6): 0.006414532661437988
(0,9): 0.022896833419799804
(0,10): -0.01839747905731201
(0,11): 0.0021770524978637694
(1,2): -0.009124412536621093
(1,3): -0.01611282825469971
(1,6): -0.01373448371887207
(1,11): -0.03843344211578369
(2,0): 0.009735980033874513
(2,1): -0.018828377723693848
(2,3): -0.013777527809143066
(2,4): -0.01248523235321045
(2,6): -0.0011339712142944337
(2,9): 0.03477473258972168
(2,10): -0.02085658073425293
(2,11): 0.014802637100219727
(3,0): 0.025800385475158692
(3,1): -0.014921836853027344
(3,2): 0.008980083465576171
(3,4): -0.005577435493469238
(3,6): -0.0007246780395507812
(3,10): 0.0022239971160888674
(3,12): -0.07272706031799317
(3,13): -0.06244973182678223
(4,0): 0.007621850967407227
(4,2): 0.0014369583129882812
(4,3): 0.04011757373809814
(4,5): 0.0037948036193847655
(4,6): 0.006857209205627442
(4,7): -0.0027660560607910157
(4,8): 0.00346745491027832
(4,9): -0.011575179100036621
(4,10): -0.006060986518859863
(5,4): 0.00484499454498291
(5,6): -0.006342129707336426
(5,7): -0.004264683723449707
(5,8): 0.004063119888305664
(5,9): -0.0012931013107299804
(5,10): -0.01408022403717041
(5,15): -0.011257143020629882
(5,19): -0.003379397392272949
(6,0): 0.0037061405181884766
(6,1): -0.03847695350646973
(6,2): 0.013409285545349122
(6,3): -0.008503556251525879
(6,4): 0.009790730476379395
(6,5): 0.00895958423614502
(6,8): -0.0068181705474853515
(6,9): -0.013554682731628418
(6,10): 0.013474745750427246
(6,16): 0.005627489089965821
(6,17): 0.005340533256530762
(7,4): -0.010130209922790527
(7,5): 0.00010855197906494141
(7,8): -0.012748255729675292
(7,9): -0.0042912960052490234
(7,10): 0.010704479217529296
(8,4): 0.002047877311706543
(8,5): -0.000496516227722168
(8,6): -0.008406357765197754
(8,7): -0.0022693300247192383
(8,9): -0.002882418632507324
(8,10): -0.00021718978881835938
(9,0): -0.003985800743103027
(9,2): -0.005345454216003418
(9,4): 0.0010240602493286133
(9,5): 0.0033030462265014647
(9,6): -0.021000471115112305
(9,7): -0.002972383499145508
(9,8): 0.017346425056457518
(9,10): 0.004605083465576172
(9,18): -0.0013889551162719726
(10,0): -0.025237698554992676
(10,2): 0.02336599349975586
(10,3): 0.0061102294921875
(10,4): 0.00249692440032959
(10,5): 0.003278040885925293
(10,6): -0.01797131061553955
(10,7): -0.0018048477172851562
(10,8): 0.003900456428527832
(10,9): -0.013871831893920899
(10,14): 0.0005397748947143555
(10,19): 0.003932833671569824
(11,0): -0.04185203552246094
(11,1): -0.07460004329681397
(11,2): -0.02530383110046387
(11,16): 0.028045830726623536
(12,3): -0.02814636707305908
(12,13): -0.020186958312988282
(13,3): -0.06456363201141357
(13,12): -0.005716757774353027
(14,10): 0.0001230335235595703
(14,15): -0.0017482757568359375
(15,5): 0.0019226837158203124
(15,14): 0.014047274589538574
(16,6): -0.011022357940673829
(16,11): -0.1388014316558838
(16,18): -0.002686614990234375
(16,19): -0.0060340166091918945
(17,6): 0.012325692176818847
(18,9): 0.0008610677719116211
(18,16): -0.003927779197692871
(18,19): 0.002567939758300781
(19,5): -0.004391980171203613
(19,10): -0.011585159301757813
(19,16): -0.011060194969177246
(19,18): 0.004608311653137207
