Interaction name: 5u7o

Affinity: 7.139999866485596
Predicted value: 6.565321445465088

Shapley values for edges: 

(0,2): 0.007082185745239258
(0,6): -0.041939215660095217
(0,7): -0.0723665189743042
(0,8): 0.04159973621368408
(0,10): 0.022821836471557617
(0,11): 0.019182791709899904
(1,2): -0.00499457836151123
(1,13): 0.040440945625305175
(2,0): -0.18130011558532716
(2,1): -0.17238476753234863
(2,7): -0.1335934019088745
(2,11): -0.0013796281814575195
(2,13): 0.038515992164611816
(3,5): -0.0028422927856445314
(3,6): -0.2401981782913208
(3,8): -0.04314045906066895
(3,10): -0.08439339637756348
(3,20): 0.0018561029434204103
(4,9): 0.016529664993286133
(4,14): 0.025176734924316407
(4,17): 0.03530783653259277
(4,20): 0.13628561019897462
(5,3): -0.001756739616394043
(5,8): -0.052142112255096434
(6,0): -0.10088283061981201
(6,3): -0.009764852523803711
(6,8): 0.005138401985168457
(6,10): 0.055685925483703616
(6,11): -0.11740842819213868
(6,12): 0.058818211555480955
(6,20): -0.051964850425720216
(7,0): -0.38194143772125244
(7,2): -0.047020373344421384
(7,8): -0.00791079044342041
(7,10): -0.12156161785125733
(7,11): -0.0224320650100708
(8,0): 0.046548171043395994
(8,3): -0.02805877208709717
(8,5): -0.01664226531982422
(8,6): 0.026086411476135253
(8,7): 0.013742222785949706
(8,10): -0.017459750175476074
(8,11): -0.004321937561035156
(8,12): -0.29446116924285887
(8,21): -0.06405899047851563
(8,27): 0.041860404014587405
(9,4): -0.16255622386932372
(9,14): 0.0001452493667602539
(9,15): 0.07176701545715332
(9,16): -0.0020828485488891602
(9,17): -0.004074134826660156
(9,18): -0.009347429275512695
(9,19): -0.09959330081939698
(9,26): -0.1475902032852173
(10,0): -0.03113440990447998
(10,3): -0.02481597900390625
(10,6): -0.01732656955718994
(10,7): -0.04109230518341064
(10,8): -0.004279708862304688
(10,11): -0.0021962213516235353
(10,12): -0.004675240516662598
(10,22): -0.023126130104064942
(10,25): 0.01046438217163086
(11,0): -0.047487707138061525
(11,2): -0.0055437183380126955
(11,6): -0.06217111110687256
(11,7): 0.08551051139831543
(11,8): -0.007991905212402345
(11,10): -0.024052977561950684
(11,23): 0.14854695796966552
(12,6): -0.008339138031005859
(12,8): 0.03222164154052734
(12,10): -0.00739222526550293
(12,22): 0.1105876874923706
(12,24): -0.04267648696899414
(12,25): -0.0370104455947876
(12,28): -0.24580710411071777
(13,1): 0.2657498025894165
(13,2): 0.08062504291534424
(13,21): -0.18154615879058839
(13,27): 0.03902608871459961
(14,4): 0.1170722484588623
(14,9): 0.004561972618103027
(14,15): 0.0009749174118041992
(14,16): 0.019197802543640136
(14,17): 0.02095101833343506
(14,18): 0.019726991653442383
(14,19): 0.011101689338684082
(14,21): -0.13572884559631349
(15,9): -0.038889350891113283
(15,14): -0.004377946853637695
(15,16): 0.011764769554138183
(15,17): -0.019000730514526366
(15,18): -0.0028331708908081055
(15,19): -0.03452173709869385
(16,9): -0.008696398735046386
(16,14): 0.0016404104232788086
(16,15): 0.0021563100814819334
(16,17): 0.01070209503173828
(16,18): -0.04807484626770019
(17,4): 0.06656236171722413
(17,9): -0.00229496955871582
(17,14): -0.005568666458129883
(17,15): 0.0013577127456665039
(17,16): 0.021632680892944334
(17,18): -0.0023097896575927732
(17,19): -0.02038072109222412
(18,9): 0.0033181142807006837
(18,14): 0.003490138053894043
(18,15): -0.017945346832275392
(18,16): -0.011582136154174805
(18,17): 0.005720438957214355
(18,19): -0.03629558086395264
(18,28): 0.023882246017456053
(19,9): 0.006783075332641601
(19,14): 0.02118924617767334
(19,15): 0.04451718807220459
(19,17): 0.016311991214752197
(19,18): 0.01943669319152832
(20,3): 0.0004179525375366211
(20,4): 0.10101122379302979
(20,6): -0.0027368831634521484
(20,22): -0.13411343574523926
(20,27): -0.00938112735748291
(21,8): 0.041861586570739746
(21,13): -0.12716570377349853
(21,14): 0.28952434539794925
(22,10): 0.04706101894378662
(22,12): 0.12609703540802003
(22,20): -0.054498419761657715
(22,27): 0.04770993709564209
(23,11): 0.12546016693115233
(24,12): -0.018941245079040527
(24,25): 0.02254054069519043
(25,10): 0.10097016334533691
(25,12): -0.008381080627441407
(25,24): 0.0031661748886108398
(26,9): 0.032887964248657225
(27,8): 0.005672240257263183
(27,13): -0.004939122200012207
(27,20): -0.1244261121749878
(27,22): 0.18177446842193604
(28,12): 0.12922989845275878
(28,18): 0.07854587078094483
