Interaction name: 5x4p

Affinity: 5.03000020980835
Predicted value: 6.147449016571045

Attributions for edges: 

(0,1): 0.6157652139663696
(0,4): 0.6988646388053894
(0,6): 0.4648706614971161
(1,0): 0.6402371525764465
(1,3): 0.5936802625656128
(1,4): 0.5611142516136169
(1,6): 0.6591266989707947
(1,7): 0.5880109667778015
(2,3): 0.4850490987300873
(2,5): 0.28645429015159607
(2,7): 0.4299151599407196
(3,1): 0.6850230693817139
(3,2): 0.6713933944702148
(3,5): 0.4219655692577362
(3,7): 0.5016350746154785
(4,0): 0.4456862807273865
(4,1): 0.6128414273262024
(4,6): 0.48137786984443665
(4,7): 0.7406288981437683
(4,8): 0.3885864317417145
(5,2): 0.6299124360084534
(5,3): 0.30883094668388367
(5,7): 0.4618312120437622
(5,8): 0.5743898749351501
(6,0): 0.5737904906272888
(6,1): 0.4224082827568054
(6,4): 0.47333502769470215
(6,9): 0.3779556155204773
(7,1): 0.4115152359008789
(7,2): 0.3990095257759094
(7,3): 0.34153613448143005
(7,4): 0.3965384066104889
(7,5): 0.4749363660812378
(7,8): 0.5433839559555054
(8,4): 0.4019782841205597
(8,5): 0.41248801350593567
(8,7): 0.47852346301078796
(9,6): 0.3820528984069824
