Interaction name: 5vp1

Affinity: 9.289999961853027
Predicted value: 8.226014137268066

Shapley values for edges: 

(0,2): -0.03250601291656494
(0,10): 0.008811917304992676
(1,3): 0.007895646095275878
(2,0): -0.041813087463378903
(2,3): 0.03065587043762207
(2,10): 0.011178512573242188
(2,11): -0.0019149351119995116
(2,24): 0.35264756679534914
(3,1): -0.022965588569641114
(3,2): -0.01434584617614746
(3,6): 0.029759993553161623
(3,7): 0.0030201148986816408
(3,8): 0.15860841751098634
(3,11): 0.001101374626159668
(3,25): -0.00931086540222168
(4,7): 0.027242889404296877
(4,22): 0.00396918773651123
(5,9): 0.012397952079772949
(5,12): 0.011928091049194336
(5,13): 0.028053231239318847
(5,14): 0.023720641136169434
(5,15): 0.008343806266784668
(5,16): 0.005798678398132324
(5,17): 0.0060609054565429685
(5,18): 0.0040062046051025394
(5,23): -0.012568240165710448
(6,3): -0.05710131645202637
(6,7): 0.0077772712707519535
(6,12): -0.0023587703704833984
(6,19): -0.011507797241210937
(6,20): -0.026170759201049804
(6,21): 0.009810614585876464
(6,22): 0.008590545654296875
(7,3): 0.0019719934463500975
(7,4): 0.26019328594207763
(7,6): -0.02447418212890625
(7,8): -0.14030023336410521
(7,12): 0.0012211370468139648
(7,18): -0.012506556510925294
(7,19): 0.005593924522399902
(7,20): -0.003589892387390137
(7,21): -0.02702277183532715
(7,22): 0.0032867479324340822
(8,3): 0.03979453563690186
(8,7): 0.005571613311767578
(8,12): 0.018116598129272462
(8,19): -0.026220202445983887
(8,20): 0.023688621520996093
(8,21): 0.007861523628234864
(8,22): -0.0034877586364746092
(9,5): -0.07866966724395752
(9,12): 0.00034044265747070314
(9,13): -0.005267906188964844
(9,14): -0.05480674266815186
(9,15): 0.006397142410278321
(9,17): -0.025109009742736818
(9,18): 0.00021099567413330079
(9,22): -0.017473840713500978
(9,23): -0.018395957946777345
(9,26): -0.19026164054870606
(9,34): -0.11765481472015381
(9,39): 0.0048287582397460935
(10,0): 0.2325747299194336
(10,2): 0.02374567985534668
(10,24): -0.24825972080230713
(10,27): -0.032773127555847166
(10,28): -0.001819758415222168
(10,31): -0.2051241111755371
(10,37): -0.06764809608459472
(10,38): -0.0375972843170166
(11,2): -0.16614626884460448
(11,3): 0.08289441585540772
(11,27): -0.08521979331970214
(11,29): 0.06525137424468994
(11,30): 0.04152958393096924
(11,31): -0.01750546932220459
(11,32): 0.06865021705627442
(11,37): -0.06815825462341309
(11,39): 0.19276479244232178
(12,5): -0.045500879287719724
(12,6): -0.0744883155822754
(12,7): -0.040518603324890136
(12,8): -0.10011512279510498
(12,9): -0.02403869152069092
(12,13): 0.00019696235656738281
(12,18): 0.00029515743255615235
(12,19): -0.020592875480651855
(12,21): 0.004040336608886719
(12,22): 0.003795452117919922
(12,23): 0.03362110614776612
(12,32): 0.22941972732543944
(12,37): -0.14936669826507568
(13,5): 0.12290416240692138
(13,9): 2.5668144226074218e-05
(13,12): -0.0004871082305908203
(13,14): -0.029241056442260743
(13,15): -0.00429595947265625
(13,16): -0.06155440807342529
(13,17): -0.009241242408752442
(13,18): 0.0019362783432006836
(13,22): 0.003079195022583008
(13,23): -0.002534189224243164
(13,35): 0.02305699348449707
(13,40): -0.02167556285858154
(14,5): -0.06395394325256348
(14,9): -0.01990264892578125
(14,13): 0.002494549751281738
(14,15): -0.00038545608520507813
(14,16): -0.021095142364501954
(14,17): -0.008636555671691894
(14,23): 0.011389493942260742
(14,33): 0.0009914493560791015
(15,5): 0.06446408748626709
(15,9): 0.0006225347518920898
(15,13): 0.02872091770172119
(15,14): -0.021559443473815918
(15,16): 0.012614016532897948
(15,17): -0.0060706472396850585
(15,26): -0.07627674579620361
(15,34): -0.02593672275543213
(15,38): -0.03350845336914063
(15,41): -0.04520462036132813
(15,42): -0.03930785655975342
(15,44): -0.017013049125671385
(16,5): -0.07552318572998047
(16,13): -0.12120183944702148
(16,14): -0.0053794002532958985
(16,15): -0.01427243709564209
(16,17): -0.010628523826599122
(16,40): -0.11859961032867432
(17,5): -0.028071346282958983
(17,9): -0.007829833030700683
(17,13): 0.0076492071151733395
(17,14): -0.0008602619171142578
(17,15): -0.0016214799880981444
(17,16): -0.008675537109375
(17,23): 0.0018146371841430665
(17,34): -0.15913928985595704
(17,35): -0.08380622386932374
(17,36): 0.15390822410583496
(18,5): 0.02260884761810303
(18,7): 0.050406084060668946
(18,9): -0.008434019088745116
(18,12): -0.0057234811782836915
(18,13): -0.10713072776794434
(18,19): 0.0005216646194458008
(18,21): 0.0019277334213256836
(18,22): 8.923053741455078e-05
(18,23): -0.0025442695617675782
(18,35): -0.01573472023010254
(19,6): -0.001841130256652832
(19,7): 0.001499028205871582
(19,8): -0.008696446418762207
(19,12): 0.0006683731079101563
(19,18): 0.07122609615325928
(19,20): -0.005304069519042969
(19,21): 0.08216032028198242
(19,22): 0.00048471927642822264
(19,26): -0.051690106391906736
(19,42): 0.021790437698364258
(20,6): 0.0005195426940917968
(20,7): -0.01115386962890625
(20,8): 0.02768028259277344
(20,19): -0.030527691841125488
(20,21): -0.021534252166748046
(20,22): 0.02211948871612549
(20,37): 0.05527986526489258
(20,38): 0.02908860206604004
(20,45): -0.1597844934463501
(21,6): 0.06142358303070068
(21,7): 0.07529069900512696
(21,8): 0.06986397266387939
(21,12): -0.052415170669555665
(21,18): 0.019116978645324707
(21,19): -0.0006712532043457031
(21,20): -0.014043254852294922
(21,22): -0.02951507568359375
(21,34): 0.1315445852279663
(21,35): -0.1349173355102539
(21,38): -0.1505182695388794
(22,4): -0.27956936836242674
(22,6): -0.1485559606552124
(22,7): -0.020395092964172364
(22,8): 0.008094334602355957
(22,9): 0.012429647445678711
(22,12): -5.6915283203125e-05
(22,13): 4.1494369506835936e-05
(22,18): -0.00385162353515625
(22,19): -0.0035485553741455077
(22,20): -0.00351804256439209
(22,21): -0.04476238250732422
(22,23): 0.003794231414794922
(22,43): 0.021043548583984373
(23,5): -0.06686307430267334
(23,9): -0.012893953323364259
(23,12): -0.005193591117858887
(23,13): -0.0019251966476440429
(23,14): -0.03723818302154541
(23,17): -0.01952625274658203
(23,18): -0.002389078140258789
(23,22): -0.0033154773712158205
(23,33): -0.06572385787963868
(23,35): -0.06261821269989014
(24,2): 0.1222891902923584
(24,10): -0.002607126235961914
(25,3): -0.22234084606170654
(25,45): -0.022511920928955077
(26,9): 0.04506843090057373
(26,15): -0.040887269973754886
(26,19): 0.1374367332458496
(26,28): -0.01383636474609375
(26,42): 0.013916049003601074
(27,10): 0.0166344690322876
(27,11): -0.035864648818969724
(27,30): 0.04161327838897705
(28,10): 0.026943049430847167
(28,26): 0.0011065816879272461
(29,11): -0.03595776081085205
(30,11): -0.016911411285400392
(30,27): -0.003322162628173828
(30,38): -0.07798621654510499
(31,10): 0.017844905853271486
(31,11): 0.047670903205871584
(32,11): 0.014982585906982421
(32,12): -0.08588386058807373
(32,45): 0.1378486156463623
(33,14): -0.007246527671813965
(33,23): 0.04267372608184814
(34,9): 0.0904798698425293
(34,15): -0.08889856338500976
(34,17): -0.01783034801483154
(34,21): -0.08171035289764404
(34,40): 0.18916668891906738
(35,13): -0.02350804328918457
(35,17): -0.019046034812927246
(35,18): -0.030677409172058107
(35,21): 0.006808409690856934
(35,23): 0.013580617904663085
(36,17): 0.007278289794921875
(36,41): -0.007433300018310547
(36,43): -0.0310183048248291
(37,10): -0.1486414623260498
(37,11): -0.10544650077819824
(37,12): -0.00024694442749023437
(37,20): -0.007419676780700684
(38,10): -0.24032201290130614
(38,15): -0.008779215812683105
(38,20): 0.03168858528137207
(38,21): -0.09887444972991943
(38,30): -0.04194769859313965
(39,9): 0.026601524353027345
(39,11): -0.10935719966888428
(39,42): -0.018595800399780274
(40,13): 0.0858110523223877
(40,16): 0.001058964729309082
(40,34): 0.06625991344451904
(41,15): 0.015482163429260254
(41,36): -0.02169952869415283
(41,43): -0.004214575290679931
(41,44): -0.014981975555419922
(42,15): -0.023188648223876954
(42,19): 0.23602150440216063
(42,26): -0.020225510597229004
(42,39): -0.025582947731018067
(43,22): -0.044093475341796876
(43,36): -0.061931729316711426
(43,41): 0.006386017799377442
(44,15): -0.00012844085693359376
(44,41): 0.0364035177230835
(45,20): -0.12099627494812011
(45,25): 0.003476715087890625
(45,32): 0.0032403373718261717
