Interaction name: 5ega

Affinity: 5.059999942779541
Predicted value: 5.9359893798828125

Attributions for edges: 

(0,1): 0.5582276582717896
(0,9): 0.5303787589073181
(0,14): 0.5933310985565186
(0,15): 0.4945398271083832
(0,16): 0.5068171620368958
(0,24): 0.5580332279205322
(0,25): 0.4893488585948944
(0,26): 0.5150452256202698
(1,0): 0.5207933187484741
(1,2): 0.3719950020313263
(1,8): 0.552722156047821
(1,10): 0.4030402898788452
(1,14): 0.481675922870636
(1,15): 0.596541702747345
(1,16): 0.5328971743583679
(1,20): 0.4594011604785919
(1,24): 0.5003198385238647
(1,26): 0.4743458926677704
(1,28): 0.4933016300201416
(2,1): 0.5099962949752808
(2,9): 0.5064488053321838
(2,15): 0.5029873847961426
(2,16): 0.42767947912216187
(2,20): 0.4941551685333252
(2,24): 0.5584189295768738
(2,25): 0.3807489573955536
(2,26): 0.4878018796443939
(2,28): 0.5499646663665771
(2,29): 0.4403093457221985
(3,4): 0.4991985261440277
(3,11): 0.48531031608581543
(3,14): 0.5150608420372009
(3,20): 0.46475476026535034
(3,25): 0.5369732975959778
(4,3): 0.36605918407440186
(4,11): 0.6050933003425598
(4,18): 0.5867860913276672
(4,21): 0.6452435851097107
(4,23): 0.5480373501777649
(4,25): 0.5496706366539001
(5,6): 0.4996397793292999
(5,7): 0.6104287505149841
(5,13): 0.5514699816703796
(5,17): 0.5450674891471863
(5,19): 0.5612959861755371
(5,21): 0.5483732223510742
(5,22): 0.41102704405784607
(5,23): 0.5170042514801025
(5,27): 0.6082203388214111
(5,30): 0.6074751615524292
(6,5): 0.45344531536102295
(6,12): 0.5138015747070312
(6,17): 0.4808635115623474
(6,18): 0.5065400004386902
(6,19): 0.44407838582992554
(6,21): 0.38490772247314453
(6,22): 0.5545519590377808
(6,27): 0.43299975991249084
(6,28): 0.34994468092918396
(7,5): 0.5466933250427246
(7,12): 0.5619112849235535
(7,17): 0.48543259501457214
(7,18): 0.4530618488788605
(7,19): 0.5484899282455444
(7,22): 0.5103055238723755
(7,23): 0.3669326901435852
(7,27): 0.4882729947566986
(7,28): 0.5063698291778564
(7,30): 0.5023836493492126
(8,1): 0.5441749691963196
(8,9): 0.5637364983558655
(8,14): 0.50364089012146
(8,15): 0.5927345752716064
(8,16): 0.3964291214942932
(8,24): 0.44231170415878296
(8,25): 0.5528218746185303
(8,26): 0.5902827382087708
(9,0): 0.42974844574928284
(9,2): 0.4460916519165039
(9,8): 0.4014681279659271
(9,10): 0.5638774037361145
(9,14): 0.6014895439147949
(9,15): 0.5833495259284973
(9,16): 0.5278254151344299
(9,20): 0.48133018612861633
(9,24): 0.4321328103542328
(9,26): 0.48385724425315857
(10,1): 0.5603694319725037
(10,9): 0.6352795362472534
(10,15): 0.5828347206115723
(10,16): 0.5571867227554321
(10,20): 0.5925567746162415
(10,24): 0.5465620160102844
(10,25): 0.5363092422485352
(10,26): 0.3922014832496643
(11,3): 0.479109525680542
(11,4): 0.4887138903141022
(11,14): 0.5300838947296143
(11,18): 0.47984981536865234
(11,20): 0.4579499363899231
(11,25): 0.5538408756256104
(12,6): 0.5141683220863342
(12,7): 0.568006694316864
(12,13): 0.32876044511795044
(12,17): 0.48790687322616577
(12,19): 0.43682271242141724
(12,21): 0.43557289242744446
(12,22): 0.4940966069698334
(12,23): 0.4546531140804291
(12,27): 0.5109826326370239
(13,5): 0.446143239736557
(13,12): 0.27975189685821533
(13,17): 0.5718080401420593
(13,18): 0.6067666411399841
(13,19): 0.4874468743801117
(13,22): 0.42929205298423767
(13,23): 0.4895203113555908
(13,27): 0.4789418876171112
(14,0): 0.5231183171272278
(14,1): 0.5797620415687561
(14,3): 0.42356446385383606
(14,8): 0.5758086442947388
(14,9): 0.579784631729126
(14,11): 0.4818696081638336
(14,15): 0.5497567653656006
(14,16): 0.41678473353385925
(14,20): 0.38429710268974304
(14,24): 0.6217865347862244
(14,25): 0.5862482190132141
(14,26): 0.5367408394813538
(15,0): 0.5370565056800842
(15,1): 0.46056967973709106
(15,2): 0.45291009545326233
(15,8): 0.487254798412323
(15,9): 0.5454321503639221
(15,10): 0.4137505292892456
(15,14): 0.5413296222686768
(15,16): 0.5082041025161743
(15,20): 0.4440607726573944
(15,24): 0.43987467885017395
(15,25): 0.4844508767127991
(15,26): 0.47433000802993774
(16,0): 0.5142906904220581
(16,1): 0.4764323830604553
(16,2): 0.49548977613449097
(16,8): 0.5063328742980957
(16,9): 0.461683452129364
(16,10): 0.47230035066604614
(16,14): 0.42926090955734253
(16,15): 0.5010699033737183
(16,20): 0.5779442191123962
(16,24): 0.4130776822566986
(16,25): 0.5142251253128052
(16,26): 0.510682225227356
(17,5): 0.4998927414417267
(17,6): 0.5640497207641602
(17,7): 0.6570124626159668
(17,12): 0.6095391511917114
(17,13): 0.5044510960578918
(17,18): 0.4442901313304901
(17,19): 0.5204557180404663
(17,21): 0.4371199309825897
(17,22): 0.5185540318489075
(17,23): 0.6343603730201721
(17,27): 0.503515362739563
(18,4): 0.6104334592819214
(18,6): 0.43857359886169434
(18,7): 0.5258458256721497
(18,11): 0.49456536769866943
(18,13): 0.5297634601593018
(18,17): 0.5453711152076721
(18,19): 0.5651645660400391
(18,21): 0.6835691928863525
(18,22): 0.6246401071548462
(18,23): 0.4559246003627777
(18,27): 0.5521098375320435
(19,5): 0.5114983320236206
(19,6): 0.5178062915802002
(19,7): 0.5031067728996277
(19,12): 0.6040803790092468
(19,13): 0.4294569790363312
(19,17): 0.6479899883270264
(19,18): 0.5167264938354492
(19,21): 0.5583257675170898
(19,22): 0.41958314180374146
(19,23): 0.5321214199066162
(19,31): 0.47003060579299927
(20,1): 0.5017601251602173
(20,2): 0.3688410520553589
(20,3): 0.4710575044155121
(20,9): 0.4236530065536499
(20,10): 0.40457645058631897
(20,11): 0.49598532915115356
(20,14): 0.5862905979156494
(20,15): 0.4524010717868805
(20,16): 0.4503251910209656
(20,24): 0.615524172782898
(20,25): 0.5703415870666504
(20,26): 0.5439817905426025
(21,4): 0.36676135659217834
(21,5): 0.4410310387611389
(21,6): 0.48924633860588074
(21,12): 0.4943787157535553
(21,17): 0.48815518617630005
(21,18): 0.5264250040054321
(21,19): 0.5244459509849548
(21,22): 0.4462609589099884
(21,23): 0.6186559200286865
(21,27): 0.5241049528121948
(22,5): 0.5359990000724792
(22,6): 0.5572159290313721
(22,7): 0.4612228274345398
(22,12): 0.4652406573295593
(22,13): 0.3853171765804291
(22,17): 0.5569983720779419
(22,18): 0.41910693049430847
(22,19): 0.4966017007827759
(22,21): 0.4523145854473114
(22,23): 0.6197107434272766
(22,27): 0.5269544124603271
(23,4): 0.49976903200149536
(23,5): 0.5372442007064819
(23,7): 0.5500520467758179
(23,12): 0.33834511041641235
(23,13): 0.4428679347038269
(23,17): 0.4561648666858673
(23,18): 0.47594550251960754
(23,19): 0.5060529708862305
(23,21): 0.5145810842514038
(23,22): 0.5077436566352844
(23,27): 0.48463174700737
(24,0): 0.5141000747680664
(24,1): 0.5976601243019104
(24,2): 0.5214117169380188
(24,8): 0.4580923914909363
(24,9): 0.4733654856681824
(24,10): 0.5519893765449524
(24,14): 0.3978395164012909
(24,15): 0.43490150570869446
(24,16): 0.46077096462249756
(24,20): 0.4847727119922638
(24,25): 0.4786617159843445
(25,0): 0.4654100239276886
(25,2): 0.5410673022270203
(25,3): 0.4799305498600006
(25,4): 0.3840557932853699
(25,8): 0.5285500288009644
(25,10): 0.5052395462989807
(25,11): 0.5587660074234009
(25,14): 0.4245733320713043
(25,15): 0.5236676335334778
(25,16): 0.42595648765563965
(25,20): 0.3611072599887848
(25,24): 0.5442255735397339
(25,26): 0.6214321255683899
(26,0): 0.5094045400619507
(26,1): 0.5523141026496887
(26,2): 0.5438539981842041
(26,8): 0.524909496307373
(26,9): 0.5088518261909485
(26,10): 0.4336748719215393
(26,14): 0.5100481510162354
(26,15): 0.4970678687095642
(26,16): 0.5856130719184875
(26,20): 0.5781461000442505
(26,25): 0.4917061924934387
(27,5): 0.46524637937545776
(27,6): 0.36402809619903564
(27,7): 0.45463231205940247
(27,12): 0.5519291758537292
(27,13): 0.3936224579811096
(27,17): 0.5699296593666077
(27,18): 0.491957426071167
(27,21): 0.5182127356529236
(27,22): 0.424022912979126
(27,23): 0.539007842540741
(28,1): 0.4005031883716583
(28,2): 0.4413091838359833
(28,6): 0.5560395121574402
(28,7): 0.5574550628662109
(28,29): 0.4708172678947449
(29,2): 0.34800103306770325
(29,28): 0.3729923963546753
(30,5): 0.47785326838493347
(30,7): 0.5097422003746033
(30,31): 0.4618782699108124
(31,19): 0.5548462271690369
(31,30): 0.3832581043243408
