Interaction name: 5x4p

Affinity: 5.03000020980835
Predicted value: 6.388721466064453

Shapley values for edges: 

(0,1): 0.008507485389709473
(0,4): 0.011633181571960449
(0,6): 0.011306843757629394
(1,0): 0.0061959981918334964
(1,3): 0.014077444076538086
(1,4): 0.006975369453430176
(1,6): 0.007337117195129394
(1,7): 0.00837916374206543
(2,3): -0.0008302402496337891
(2,5): -0.00191591739654541
(2,7): -0.0029802560806274415
(3,1): -0.005372886657714844
(3,2): 0.0022539854049682616
(3,5): 0.0020640897750854492
(3,7): -0.0012587118148803711
(4,0): -0.011265711784362793
(4,1): -0.0023610448837280275
(4,6): -0.0021422815322875975
(4,7): 0.005208334922790527
(4,8): 0.006202554702758789
(5,2): -0.0005200672149658204
(5,3): -0.00032351970672607423
(5,7): -0.002201709747314453
(5,8): -0.0011795663833618164
(6,0): -0.011741795539855958
(6,1): -0.0029102182388305664
(6,4): -0.0019910192489624025
(6,9): 0.01248732089996338
(7,1): -0.00745880126953125
(7,2): 0.003959512710571289
(7,3): 0.0032674169540405276
(7,4): -4.399776458740234e-05
(7,5): 0.0018483591079711914
(7,8): 0.002937302589416504
(8,4): -0.0022415590286254884
(8,5): 0.0008952093124389649
(8,7): 1.1682510375976563e-06
(9,6): -0.004298219680786133
