Interaction name: 1o0f

Affinity: 5.300000190734863
Predicted value: 6.413061618804932

Attributions for edges: 

(0,1): 0.0
(0,2): 0.0
(0,8): 0.0
(0,15): 0.0
(0,16): 0.45320966839790344
(0,20): 0.5402140021324158
(0,23): 0.5224854350090027
(0,25): 0.47705957293510437
(0,26): 0.5554418563842773
(0,28): 0.6417710185050964
(0,31): 0.4640977084636688
(1,0): 0.0
(1,2): 0.0
(1,8): 0.0
(1,9): 0.5692371726036072
(1,14): 0.0
(1,16): 0.44405800104141235
(1,22): 0.4947868883609772
(1,25): 0.4352523386478424
(1,26): 0.4448767602443695
(1,28): 0.46962878108024597
(2,0): 0.0
(2,1): 0.0
(2,8): 0.0
(2,14): 0.0
(2,15): 0.0
(2,25): 0.49411702156066895
(2,26): 0.47190406918525696
(2,28): 0.5270432233810425
(2,31): 0.56732577085495
(3,4): 0.0
(3,5): 0.0
(3,6): 0.0
(3,18): 0.0
(3,19): 0.0
(3,20): 0.5067746043205261
(3,25): 0.0
(3,26): 0.45984169840812683
(3,27): 0.5118492245674133
(3,31): 0.4011228382587433
(4,3): 0.0
(4,5): 0.0
(4,6): 0.0
(4,17): 0.0
(4,19): 0.0
(4,20): 0.43897294998168945
(4,25): 0.5101714134216309
(4,26): 0.5122732520103455
(4,27): 0.5190609097480774
(4,28): 0.0
(4,31): 0.4567877948284149
(5,3): 0.0
(5,4): 0.0
(5,6): 0.0
(5,17): 0.0
(5,18): 0.0
(5,20): 0.4967249929904938
(5,25): 0.4290148615837097
(5,26): 0.5280402302742004
(5,27): 0.4673701524734497
(5,28): 0.47160160541534424
(5,31): 0.5420793294906616
(6,3): 0.0
(6,4): 0.0
(6,5): 0.0
(6,7): 0.435590535402298
(6,17): 0.0
(6,18): 0.0
(6,19): 0.0
(6,20): 0.0
(6,21): 0.5779287219047546
(6,22): 0.40032634139060974
(6,23): 0.0
(6,25): 0.44472536444664
(6,26): 0.5385342240333557
(6,27): 0.4291244149208069
(6,28): 0.5222001671791077
(7,6): 0.4271166920661926
(7,8): 0.4141693413257599
(7,9): 0.5534048676490784
(7,12): 0.0
(7,20): 0.0
(7,21): 0.0
(7,22): 0.0
(7,23): 0.0
(7,25): 0.5538070797920227
(7,27): 0.5285450220108032
(7,28): 0.5239632725715637
(7,31): 0.5734000205993652
(8,0): 0.0
(8,1): 0.0
(8,2): 0.0
(8,7): 0.4949935972690582
(8,9): 0.0
(8,14): 0.0
(8,15): 0.0
(8,16): 0.5143130421638489
(8,20): 0.4690111577510834
(8,21): 0.0
(8,22): 0.0
(8,23): 0.0
(8,25): 0.49811652302742004
(8,26): 0.48646149039268494
(8,27): 0.5007695555686951
(8,31): 0.5961593389511108
(9,1): 0.4371296167373657
(9,7): 0.584778368473053
(9,8): 0.0
(9,15): 0.37714630365371704
(9,21): 0.0
(9,22): 0.0
(9,23): 0.5771743059158325
(9,25): 0.3876873254776001
(9,27): 0.47676968574523926
(9,28): 0.5310887098312378
(9,31): 0.5214843153953552
(10,11): 0.5423862934112549
(10,12): 0.5170227289199829
(10,13): 0.361431747674942
(10,21): 0.5669116973876953
(10,28): 0.5375415682792664
(11,10): 0.6348342895507812
(11,12): 0.0
(11,13): 0.0
(11,24): 0.0
(11,29): 0.5571993589401245
(12,7): 0.0
(12,10): 0.5585524439811707
(12,11): 0.0
(12,21): 0.45383989810943604
(12,24): 0.0
(12,28): 0.5300002694129944
(12,29): 0.39502668380737305
(13,10): 0.42602530121803284
(13,11): 0.0
(13,24): 0.44815561175346375
(13,30): 0.3219284117221832
(14,1): 0.0
(14,2): 0.0
(14,8): 0.0
(14,15): 0.0
(14,16): 0.560728132724762
(14,20): 0.45436713099479675
(14,23): 0.49943581223487854
(15,0): 0.0
(15,2): 0.0
(15,8): 0.0
(15,9): 0.5698885917663574
(15,14): 0.0
(15,16): 0.509692907333374
(15,22): 0.4860646724700928
(16,0): 0.0
(16,1): 0.0
(16,8): 0.0
(16,14): 0.0
(16,15): 0.0
(17,4): 0.0
(17,5): 0.0
(17,6): 0.0
(17,18): 0.0
(17,19): 0.0
(17,20): 0.5513361096382141
(18,3): 0.0
(18,5): 0.0
(18,6): 0.0
(18,17): 0.0
(18,19): 0.0
(18,20): 0.4210277497768402
(19,3): 0.0
(19,4): 0.0
(19,6): 0.0
(19,17): 0.0
(19,18): 0.0
(19,20): 0.5005031228065491
(20,0): 0.41987740993499756
(20,3): 0.5178199410438538
(20,4): 0.4941367506980896
(20,5): 0.41484978795051575
(20,6): 0.0
(20,7): 0.0
(20,8): 0.40063294768333435
(20,14): 0.5637476444244385
(20,17): 0.49148932099342346
(20,18): 0.5661712288856506
(20,19): 0.5994940996170044
(20,21): 0.5434405207633972
(20,22): 0.4383120834827423
(20,23): 0.0
(20,33): 0.4513857662677765
(21,6): 0.5083073377609253
(21,7): 0.0
(21,8): 0.0
(21,9): 0.0
(21,10): 0.45192575454711914
(21,12): 0.4756811857223511
(21,20): 0.4150840640068054
(21,22): 0.0
(21,23): 0.0
(21,33): 0.4593763053417206
(22,1): 0.45734459161758423
(22,6): 0.4444197118282318
(22,7): 0.0
(22,8): 0.0
(22,9): 0.0
(22,15): 0.5783337950706482
(22,20): 0.47330889105796814
(22,21): 0.0
(22,23): 0.0
(23,0): 0.5699060559272766
(23,6): 0.0
(23,7): 0.0
(23,8): 0.0
(23,9): 0.5529554486274719
(23,14): 0.47743600606918335
(23,20): 0.0
(23,21): 0.0
(23,22): 0.0
(24,11): 0.0
(24,12): 0.0
(24,13): 0.5404923558235168
(25,0): 0.43769240379333496
(25,1): 0.47032585740089417
(25,2): 0.5661181807518005
(25,3): 0.0
(25,4): 0.6087843179702759
(25,5): 0.545627236366272
(25,6): 0.46595498919487
(25,7): 0.5635539293289185
(25,8): 0.5779260396957397
(25,9): 0.48512473702430725
(25,26): 0.46452412009239197
(26,0): 0.41680261492729187
(26,1): 0.5099924802780151
(26,2): 0.4825078248977661
(26,3): 0.48144885897636414
(26,4): 0.5252177119255066
(26,5): 0.4493486285209656
(26,6): 0.5616849660873413
(26,8): 0.425150990486145
(26,25): 0.4561074674129486
(26,33): 0.48529312014579773
(27,3): 0.5344691276550293
(27,4): 0.484097957611084
(27,5): 0.5377252101898193
(27,6): 0.5208691358566284
(27,7): 0.4572245478630066
(27,8): 0.4178342819213867
(27,9): 0.5444412231445312
(27,28): 0.6030756235122681
(28,0): 0.5215765237808228
(28,1): 0.5003393292427063
(28,2): 0.5194457769393921
(28,4): 0.0
(28,5): 0.5623210072517395
(28,6): 0.50684654712677
(28,7): 0.5668644309043884
(28,9): 0.5654020309448242
(28,10): 0.48177385330200195
(28,12): 0.4626370072364807
(28,27): 0.4919622540473938
(28,32): 0.44310158491134644
(29,11): 0.5546886324882507
(29,12): 0.5144758224487305
(29,30): 0.46863502264022827
(30,13): 0.0
(30,29): 0.0
(31,0): 0.5898432731628418
(31,2): 0.5718123912811279
(31,3): 0.5351769924163818
(31,4): 0.5964486002922058
(31,5): 0.4678780436515808
(31,7): 0.656306803226471
(31,8): 0.4772200286388397
(31,9): 0.5332748293876648
(32,28): 0.6129680871963501
(33,20): 0.5061701536178589
(33,21): 0.46653664112091064
(33,26): 0.5796719193458557
