Interaction name: 5g3w

Affinity: 7.380000114440918
Predicted value: 6.60984992980957

Attributions for edges: 

(0,1): 0.5652806758880615
(0,5): 0.5685194134712219
(0,6): 0.4646008312702179
(0,7): 0.3862474858760834
(0,11): 0.4949681758880615
(0,12): 0.6050728559494019
(0,13): 0.5586745738983154
(0,15): 0.4628364145755768
(0,16): 0.3723337650299072
(0,17): 0.5410798788070679
(1,0): 0.42827460169792175
(1,5): 0.4810894727706909
(1,6): 0.46287551522254944
(1,7): 0.49750152230262756
(1,10): 0.494992733001709
(1,11): 0.3552972078323364
(1,15): 0.3729913830757141
(1,16): 0.544845700263977
(1,17): 0.6580681800842285
(2,3): 0.3960864245891571
(2,4): 0.45521384477615356
(2,17): 0.6141770482063293
(3,2): 0.5272977948188782
(3,4): 0.37175366282463074
(3,17): 0.4493744671344757
(4,2): 0.39447036385536194
(4,3): 0.5420808792114258
(5,0): 0.36222755908966064
(5,1): 0.3897585868835449
(5,6): 0.43529778718948364
(5,12): 0.3846196234226227
(5,13): 0.41731512546539307
(5,14): 0.40302854776382446
(5,20): 0.46894368529319763
(5,26): 0.6694880127906799
(6,0): 0.3996559679508209
(6,1): 0.5454293489456177
(6,5): 0.3948644697666168
(6,12): 0.5370143055915833
(6,13): 0.4646611213684082
(6,14): 0.3665239214897156
(6,15): 0.5191939473152161
(6,21): 0.5782688856124878
(7,0): 0.3730928897857666
(7,1): 0.43626898527145386
(7,8): 0.5099206566810608
(7,9): 0.47776132822036743
(7,10): 0.4186207950115204
(7,11): 0.393999308347702
(7,22): 0.38719767332077026
(7,23): 0.3788481056690216
(8,7): 0.540027379989624
(8,9): 0.3668716251850128
(8,10): 0.5060166716575623
(8,11): 0.5627797245979309
(8,16): 0.42937612533569336
(8,25): 0.3962065279483795
(8,26): 0.5121136903762817
(9,7): 0.385965496301651
(9,8): 0.47113490104675293
(9,10): 0.5349307656288147
(9,11): 0.4453931748867035
(9,16): 0.49369320273399353
(10,1): 0.521752655506134
(10,7): 0.5200628042221069
(10,8): 0.5323541760444641
(10,9): 0.5654127597808838
(10,11): 0.45132625102996826
(10,16): 0.5760657787322998
(10,21): 0.4172848165035248
(11,0): 0.4159732460975647
(11,1): 0.5046091675758362
(11,7): 0.40912869572639465
(11,8): 0.4612070918083191
(11,9): 0.5387208461761475
(11,10): 0.43711191415786743
(11,16): 0.4931824803352356
(11,19): 0.5294223427772522
(11,23): 0.48738083243370056
(11,24): 0.4742219150066376
(11,26): 0.42795971035957336
(12,0): 0.3802666664123535
(12,5): 0.4704812467098236
(12,6): 0.49201881885528564
(12,13): 0.39081740379333496
(12,14): 0.5166906714439392
(12,15): 0.5746952891349792
(12,18): 0.5927236080169678
(13,0): 0.572335422039032
(13,5): 0.48070356249809265
(13,6): 0.5189068913459778
(13,12): 0.5399726033210754
(13,14): 0.5708102583885193
(13,15): 0.439503937959671
(14,5): 0.41011640429496765
(14,6): 0.46578681468963623
(14,12): 0.5776824355125427
(14,13): 0.3765871226787567
(14,15): 0.541006326675415
(14,19): 0.4654638469219208
(15,0): 0.3168390691280365
(15,1): 0.4964502453804016
(15,6): 0.5286116003990173
(15,12): 0.613084077835083
(15,13): 0.5401934385299683
(15,14): 0.4647459089756012
(16,0): 0.4633309543132782
(16,1): 0.564253568649292
(16,8): 0.35527125000953674
(16,9): 0.5489949584007263
(16,10): 0.3679392635822296
(16,11): 0.49783432483673096
(17,0): 0.5169069170951843
(17,1): 0.6232576370239258
(17,2): 0.4559009373188019
(17,3): 0.5263494253158569
(18,12): 0.5128960609436035
(18,21): 0.4310808777809143
(18,24): 0.44020581245422363
(19,11): 0.3334859609603882
(19,14): 0.4966751039028168
(20,5): 0.45486414432525635
(20,23): 0.5630112886428833
(21,6): 0.43395423889160156
(21,10): 0.43130308389663696
(21,18): 0.35858380794525146
(21,24): 0.6053640842437744
(22,7): 0.5129596590995789
(23,7): 0.6317258477210999
(23,11): 0.41366487741470337
(23,20): 0.5436482429504395
(24,11): 0.5004013776779175
(24,18): 0.456165611743927
(24,21): 0.36604630947113037
(25,8): 0.44883713126182556
(26,5): 0.5030614137649536
(26,8): 0.3361275792121887
(26,11): 0.5298736691474915
