Interaction name: 5cks

Affinity: 5.510000228881836
Predicted value: 6.393307209014893

Shapley values for edges: 

(0,1): -0.006537852287292481
(0,2): 0.013419442176818848
(0,3): 0.0036392879486083986
(0,4): 0.0038696765899658204
(0,11): -0.014966073036193848
(0,12): 0.04029317855834961
(0,15): -0.03120028495788574
(0,16): -0.032587738037109376
(0,21): -0.0011496734619140625
(0,23): 0.03558336734771728
(0,25): -0.016825237274169923
(0,26): -0.019730582237243652
(0,27): -0.009634022712707519
(0,29): -0.018919315338134766
(1,0): -0.009769015312194824
(1,2): -0.007644901275634766
(1,4): 0.019469523429870607
(1,12): 0.010078821182250976
(1,16): -0.025976052284240724
(1,21): -0.023081421852111816
(1,23): 0.009386606216430664
(1,25): -0.02192974090576172
(1,26): 0.0012829399108886719
(1,27): -0.035585999488830566
(1,29): -0.0037833213806152343
(1,35): -0.011058955192565919
(2,0): -0.02326158046722412
(2,1): -0.009147825241088868
(2,15): -0.020368123054504396
(2,21): -0.05225973606109619
(2,25): -0.051444106101989746
(2,26): -0.012320623397827149
(2,27): -0.016904492378234864
(2,28): -0.033369126319885256
(2,29): -0.034673027992248535
(2,35): -0.00850008487701416
(3,0): -0.004251689910888672
(3,21): -0.04128983497619629
(3,23): 0.02696639537811279
(3,27): -0.05155579566955566
(4,0): -0.03172543048858643
(4,1): 0.00010821342468261719
(4,5): 0.015439729690551757
(4,6): -0.010211572647094727
(4,13): 0.009002299308776855
(4,14): -0.03102412223815918
(4,15): -0.03068793296813965
(4,21): -0.02574185371398926
(4,22): 0.037553415298461915
(4,23): -0.01425553798675537
(4,24): -0.0068595647811889645
(4,25): -0.010022201538085938
(4,26): -0.03076448440551758
(4,29): -0.004161248207092285
(4,33): -0.06189569473266601
(5,4): 0.007375545501708984
(5,6): -0.01524369716644287
(5,12): 0.001366128921508789
(5,14): -0.036027936935424804
(5,20): 0.016987109184265138
(5,21): 0.0003587818145751953
(5,22): -0.0379903507232666
(5,23): 0.012609281539916993
(5,24): 0.06727784633636474
(5,25): 0.005394959449768066
(5,26): -0.013498744964599609
(5,27): -0.013129582405090332
(5,34): -0.0014214277267456054
(6,4): 0.0074092626571655275
(6,5): -0.011480727195739747
(6,7): -0.013059225082397461
(6,12): -0.006127700805664062
(6,13): 0.009824914932250977
(6,20): -0.005228404998779297
(6,22): -0.032354001998901365
(6,23): 0.008837046623229981
(6,24): 0.017352380752563477
(6,26): -0.013124761581420898
(6,30): -0.01362133502960205
(6,33): -0.027985239028930665
(7,6): -0.0031143951416015623
(7,8): -0.02083014488220215
(7,9): 0.016810455322265626
(7,10): -0.006179461479187012
(7,14): 0.02349929332733154
(7,17): -0.009169511795043946
(7,18): 0.011938438415527344
(7,19): -0.023012528419494627
(7,20): -0.016126136779785156
(7,22): -0.023103652000427247
(7,24): 0.023073244094848632
(7,26): -0.001180868148803711
(7,27): -0.010790309906005859
(7,30): -0.023832411766052247
(7,31): -0.03699315071105957
(8,7): 0.0189634370803833
(8,9): 0.0063898563385009766
(8,10): 0.006331319808959961
(8,18): 0.025450501441955566
(8,19): 0.0012060785293579101
(8,20): 0.005361771583557129
(8,29): -0.005918130874633789
(8,30): -0.012277984619140625
(8,31): -0.0022548866271972657
(8,32): -0.046446213722229006
(8,38): -0.005303854942321777
(9,7): -0.020571041107177734
(9,8): 0.006363668441772461
(9,10): 0.0003728818893432617
(9,17): 0.005477628707885742
(9,19): -0.028843073844909667
(9,20): 0.015673518180847168
(9,26): -0.015276656150817872
(9,27): -0.01511723518371582
(9,29): -0.00795757293701172
(9,30): -0.04892553806304931
(9,31): -0.01416494369506836
(9,32): -0.03980677127838135
(9,35): 0.0006552886962890625
(9,38): -0.003192319869995117
(10,7): 0.005591301918029785
(10,8): -0.009381871223449707
(10,9): 0.01302562713623047
(10,17): -0.0053286409378051755
(10,18): 0.0029354238510131835
(10,20): 0.019790430068969727
(10,29): -0.00882807731628418
(10,30): -0.022263202667236328
(10,31): -0.011414918899536133
(10,32): -0.029710793495178224
(10,38): -0.008673977851867676
(11,0): 0.017873110771179198
(11,21): 0.060884952545166016
(11,23): 0.011297807693481446
(12,0): 0.04534635066986084
(12,1): 0.011031155586242675
(12,5): 0.020157780647277832
(12,6): 0.01643897533416748
(12,13): 0.026617345809936525
(12,14): 0.016191048622131346
(12,15): -0.017537951469421387
(12,21): 0.005463223457336425
(12,22): 0.007860035896301269
(12,23): 0.002984628677368164
(12,24): -0.00018930912017822265
(13,4): 0.019575443267822266
(13,6): 0.0046422815322875975
(13,12): -0.0006088399887084961
(13,14): -0.005074114799499512
(13,20): -0.007243828773498535
(13,21): -0.009974040985107423
(13,22): 0.03648176670074463
(13,23): -0.0017214727401733399
(13,24): -0.02973079204559326
(14,4): 0.06391505241394042
(14,5): 0.03466256618499756
(14,7): 0.006735196113586426
(14,12): -0.02023982048034668
(14,13): 0.018468871116638183
(14,20): -0.029728193283081055
(14,22): 0.0067403936386108395
(14,23): 0.031014776229858397
(14,24): -0.05414268970489502
(15,0): 0.027611775398254393
(15,2): 0.013007497787475586
(15,4): -0.007945103645324707
(15,12): -0.038234376907348634
(15,16): 0.05789308547973633
(15,21): -0.00537513256072998
(15,23): 0.014361710548400878
(16,0): 0.023783049583435058
(16,1): 0.011082167625427247
(16,15): 0.06913000106811523
(16,21): 0.04753954887390137
(17,7): 0.015354971885681152
(17,9): 0.021727895736694335
(17,10): 0.007993230819702149
(17,18): 0.00402407169342041
(17,19): -0.0171620512008667
(17,20): 0.030856590270996093
(18,7): 0.01618544101715088
(18,8): 0.022764034271240234
(18,10): 0.016035442352294923
(18,17): 0.010244364738464356
(18,19): 0.014783086776733399
(18,20): -0.022786865234375
(19,7): 0.0343782377243042
(19,8): 0.018632826805114747
(19,9): 0.019250597953796387
(19,17): 0.005550031661987305
(19,18): -0.012494487762451172
(19,20): -0.02054859161376953
(20,5): 0.00394559383392334
(20,6): -0.016719884872436523
(20,7): 0.004174008369445801
(20,8): 0.002991337776184082
(20,9): 0.011316633224487305
(20,10): -0.010717206001281739
(20,13): -0.0354161262512207
(20,14): -0.02115297794342041
(20,17): -0.008678197860717773
(20,18): 0.0139945650100708
(20,19): -0.025000648498535158
(20,22): -0.026966023445129394
(20,23): -0.021593732833862303
(20,24): 0.017302441596984863
(21,0): -0.023026089668273925
(21,1): -0.0033469247817993165
(21,2): 0.04390176296234131
(21,3): -0.011694259643554687
(21,4): -0.011668157577514649
(21,5): 0.01374241828918457
(21,11): -0.03714858531951904
(21,12): 0.011274213790893555
(21,13): -0.013242278099060058
(21,15): -0.0238142728805542
(21,16): 0.017881226539611817
(21,22): -0.010509133338928223
(21,23): -0.04436079502105713
(21,24): 0.008476505279541016
(21,39): -0.09531114101409913
(22,4): -0.02247283935546875
(22,5): -0.005445122718811035
(22,6): -0.038489980697631834
(22,7): -0.028078641891479492
(22,12): -0.01939401626586914
(22,13): -0.020664143562316894
(22,14): -0.03563969612121582
(22,20): -0.022901344299316406
(22,21): -0.02007890701293945
(22,23): -0.028278865814208985
(22,24): 0.030596556663513182
(22,39): -0.14959131717681884
(23,0): -0.009209957122802735
(23,1): 0.00907618522644043
(23,3): 0.011841402053833008
(23,4): 0.01040766716003418
(23,5): -0.006170454025268554
(23,6): -0.059357123374938967
(23,11): 0.004404616355895996
(23,12): -0.018073625564575195
(23,13): -0.020698442459106445
(23,14): -0.055703020095825194
(23,15): 0.030917954444885255
(23,20): 0.019696202278137207
(23,21): -0.036809716224670413
(23,22): -0.022409048080444336
(23,24): -0.004406166076660156
(24,4): -0.031460351943969726
(24,5): -0.029402880668640136
(24,6): -0.049783244132995605
(24,7): -0.02799138069152832
(24,12): -0.02294022560119629
(24,13): -0.06375353813171386
(24,14): -0.0380391788482666
(24,20): -0.02754105567932129
(24,21): -0.049212803840637205
(24,22): -0.005055770874023437
(24,23): -0.04136003971099853
(25,0): -0.040180692672729494
(25,1): -0.0017105007171630859
(25,2): -0.011168136596679687
(25,4): -0.015626802444458007
(25,5): 0.024274187088012697
(25,28): -0.059296307563781736
(26,0): -0.020720186233520507
(26,1): -0.004029569625854493
(26,2): -0.0025901174545288085
(26,4): -0.008769383430480957
(26,5): 0.018392930030822752
(26,6): 0.011479611396789552
(26,7): -0.002403984069824219
(26,9): -0.01870178699493408
(26,27): 0.005174531936645508
(26,29): -0.012241463661193847
(26,35): -0.006715292930603027
(26,36): 0.005158977508544922
(27,0): -0.016704864501953125
(27,1): -0.020223889350891113
(27,2): -0.03563220977783203
(27,3): -0.1036223030090332
(27,5): -0.02727871894836426
(27,7): -0.01830677509307861
(27,9): -0.015814695358276367
(27,26): -0.012113819122314453
(27,35): 0.00020579338073730468
(28,2): 0.007262392044067383
(28,25): -0.01761909484863281
(28,37): -0.00018507003784179688
(29,0): -0.014654650688171386
(29,1): -0.022422008514404297
(29,2): -0.03137331008911133
(29,4): 0.0016875696182250977
(29,8): -0.02009744644165039
(29,9): -0.029800615310668944
(29,10): -0.0426915454864502
(29,26): -0.014512982368469238
(30,6): -0.002791633605957031
(30,7): -0.03261404514312744
(30,8): -0.057061200141906736
(30,9): -0.02334005355834961
(30,10): -0.015884041786193848
(31,7): -0.009757146835327149
(31,8): -0.01462780475616455
(31,9): -0.008981962203979493
(31,10): -0.00803774356842041
(31,32): -0.03463987350463867
(31,38): -0.010791301727294922
(32,8): -0.009623289108276367
(32,9): 0.012433977127075195
(32,10): -0.01608242988586426
(32,31): -0.047603421211242676
(32,38): -0.021923608779907226
(33,4): 0.03444801807403564
(33,6): 0.032654099464416504
(34,5): -0.0031073570251464845
(34,39): 0.06805293560028076
(35,1): 0.0044027137756347656
(35,2): 0.012055373191833496
(35,9): -0.02506734848022461
(35,26): 0.025662474632263184
(35,27): 0.008462963104248046
(36,26): 0.00171173095703125
(37,28): -0.042209048271179196
(38,8): 0.018368763923645018
(38,9): -0.036460552215576175
(38,10): 0.011170854568481445
(38,31): -0.004657740592956543
(38,32): -0.011353597640991211
(39,21): -0.055846724510192874
(39,22): 0.02132185935974121
(39,34): -0.21713001251220704
