Interaction name: 5ei2

Affinity: 7.340000152587891
Predicted value: 7.267518520355225

Attributions for edges: 

(0,8): 0.39618390798568726
(0,10): 0.564704179763794
(0,11): 0.4191249907016754
(0,15): 0.5561761260032654
(0,16): 0.48885345458984375
(0,17): 0.5314775109291077
(1,6): 0.4891206622123718
(1,8): 0.511612594127655
(1,9): 0.4758434593677521
(1,11): 0.6032906174659729
(1,14): 0.4867405891418457
(1,15): 0.6115596294403076
(1,17): 0.44747066497802734
(2,4): 0.5628741979598999
(2,6): 0.41343966126441956
(2,12): 0.4822675883769989
(2,13): 0.5896167755126953
(2,14): 0.46654272079467773
(2,18): 0.41311702132225037
(3,4): 0.43927958607673645
(3,12): 0.4938145875930786
(3,13): 0.4957633912563324
(4,2): 0.4608002007007599
(4,3): 0.524846076965332
(4,6): 0.426258385181427
(4,12): 0.4740253686904907
(4,13): 0.4011674225330353
(4,14): 0.5517974495887756
(4,15): 0.484773725271225
(4,16): 0.4534921944141388
(4,18): 0.3908746540546417
(5,7): 0.39576560258865356
(5,18): 0.4033154547214508
(6,1): 0.46699562668800354
(6,2): 0.511500358581543
(6,4): 0.534690797328949
(6,11): 0.5276744961738586
(6,14): 0.306570827960968
(6,15): 0.4380897879600525
(6,16): 0.37715771794319153
(6,17): 0.6226714253425598
(6,19): 0.45358705520629883
(7,5): 0.5521849989891052
(7,16): 0.5023704171180725
(7,20): 0.6557295918464661
(7,21): 0.48501577973365784
(7,24): 0.4874275028705597
(8,0): 0.5363619327545166
(8,1): 0.4295068085193634
(8,10): 0.4161287546157837
(8,11): 0.5006520748138428
(8,14): 0.4230879843235016
(8,15): 0.4779331386089325
(8,16): 0.45169878005981445
(8,17): 0.402078241109848
(8,23): 0.5797919034957886
(9,1): 0.4781171679496765
(9,11): 0.590695858001709
(9,14): 0.4979865849018097
(9,17): 0.5974618196487427
(9,22): 0.47933444380760193
(9,24): 0.4624457061290741
(9,28): 0.6686564087867737
(10,0): 0.5840387940406799
(10,8): 0.43237143754959106
(10,11): 0.4214029908180237
(10,16): 0.4076274633407593
(10,20): 0.4369807243347168
(10,23): 0.5013687014579773
(10,24): 0.4457658529281616
(11,0): 0.5160344839096069
(11,1): 0.43708622455596924
(11,6): 0.5664806365966797
(11,8): 0.40919220447540283
(11,9): 0.4374154806137085
(11,10): 0.49658361077308655
(11,14): 0.5130850076675415
(11,15): 0.5010955333709717
(11,16): 0.47124215960502625
(11,17): 0.4290750324726105
(11,29): 0.3575124740600586
(12,2): 0.45456209778785706
(12,3): 0.5105490684509277
(12,4): 0.5786445140838623
(12,13): 0.467853844165802
(12,22): 0.4538871645927429
(12,25): 0.41164180636405945
(12,28): 0.5297576189041138
(12,29): 0.688949704170227
(13,2): 0.5156688690185547
(13,3): 0.44302353262901306
(13,4): 0.5374507904052734
(13,12): 0.621238112449646
(13,25): 0.5955619215965271
(13,26): 0.46672993898391724
(13,30): 0.5083629488945007
(14,1): 0.5251803994178772
(14,2): 0.5112510919570923
(14,4): 0.49714747071266174
(14,6): 0.517236053943634
(14,8): 0.4500783085823059
(14,9): 0.567974865436554
(14,11): 0.44428324699401855
(14,15): 0.4343568682670593
(14,16): 0.5301719903945923
(14,17): 0.4454519748687744
(14,20): 0.513934314250946
(14,27): 0.6023674607276917
(14,28): 0.494371235370636
(15,0): 0.4105832278728485
(15,1): 0.3106665313243866
(15,4): 0.47726336121559143
(15,6): 0.4776700437068939
(15,8): 0.3110883831977844
(15,11): 0.4862384498119354
(15,14): 0.4934401512145996
(15,16): 0.38375353813171387
(15,17): 0.4731062352657318
(15,27): 0.455887109041214
(16,0): 0.5379378199577332
(16,4): 0.39486145973205566
(16,6): 0.458657443523407
(16,7): 0.5448462963104248
(16,8): 0.3573208749294281
(16,10): 0.4752921462059021
(16,11): 0.5854102373123169
(16,14): 0.5473373532295227
(16,15): 0.5284233093261719
(16,17): 0.5059024691581726
(16,21): 0.6170867085456848
(17,0): 0.5064325928688049
(17,1): 0.5698648691177368
(17,6): 0.5896515250205994
(17,8): 0.4505588710308075
(17,9): 0.47750765085220337
(17,11): 0.42154282331466675
(17,14): 0.564453661441803
(17,15): 0.45830053091049194
(17,16): 0.5904660224914551
(17,20): 0.6158025860786438
(17,28): 0.4735511243343353
(18,2): 0.4031054377555847
(18,4): 0.5825671553611755
(18,5): 0.5504117608070374
(18,19): 0.5308618545532227
(18,25): 0.5304857492446899
(19,6): 0.45223239064216614
(19,18): 0.6103817224502563
(20,7): 0.3799252510070801
(20,10): 0.5308803915977478
(20,14): 0.35052719712257385
(20,17): 0.4665791690349579
(20,22): 0.49600985646247864
(21,7): 0.4360024929046631
(21,16): 0.4268016815185547
(22,9): 0.4180434048175812
(22,12): 0.5066236257553101
(22,20): 0.6192210912704468
(23,8): 0.42470380663871765
(23,10): 0.5050874352455139
(23,24): 0.5384091734886169
(24,7): 0.48119887709617615
(24,9): 0.5268214344978333
(24,10): 0.49222466349601746
(24,23): 0.5456376671791077
(25,12): 0.3680143654346466
(25,13): 0.4031028151512146
(25,18): 0.3936878740787506
(25,27): 0.43686643242836
(26,13): 0.570563018321991
(27,14): 0.44191303849220276
(27,15): 0.47155627608299255
(27,25): 0.6024398803710938
(28,9): 0.5270017981529236
(28,12): 0.5192445516586304
(28,14): 0.47276565432548523
(28,17): 0.5351599454879761
(29,11): 0.5155743360519409
(29,12): 0.5513560175895691
(30,13): 0.5234287977218628
