Interaction name: 6dq5

Affinity: 5.190000057220459
Predicted value: 6.1973371505737305

Attributions for edges: 

(0,1): 0.42586255073547363
(0,2): 0.5326630473136902
(0,9): 0.500603973865509
(0,10): 0.483111172914505
(0,14): 0.4256492257118225
(0,15): 0.4859061539173126
(0,18): 0.4419625401496887
(0,19): 0.6507264375686646
(0,20): 0.4664836823940277
(1,0): 0.542111337184906
(1,2): 0.37984699010849
(1,10): 0.6199063062667847
(1,11): 0.41856569051742554
(1,17): 0.5998751521110535
(1,19): 0.5326187014579773
(1,21): 0.5563286542892456
(2,0): 0.5971839427947998
(2,1): 0.5772546529769897
(2,6): 0.4292229115962982
(2,10): 0.5216570496559143
(2,13): 0.39384493231773376
(2,14): 0.3512216806411743
(2,18): 0.5006328821182251
(2,19): 0.522196352481842
(2,21): 0.44952404499053955
(3,4): 0.4966112971305847
(3,8): 0.460569828748703
(3,12): 0.45033442974090576
(3,13): 0.5081404447555542
(3,21): 0.4278334379196167
(4,3): 0.33445629477500916
(4,7): 0.4079131782054901
(4,12): 0.466511994600296
(4,13): 0.501844048500061
(4,21): 0.6440065503120422
(5,16): 0.4648858308792114
(5,20): 0.4697462320327759
(6,2): 0.6969802379608154
(6,12): 0.5303292870521545
(6,13): 0.4262577295303345
(6,14): 0.5339573621749878
(6,19): 0.5462880730628967
(7,4): 0.5200979113578796
(7,8): 0.45725569128990173
(7,12): 0.5482180118560791
(7,13): 0.5310224294662476
(8,3): 0.5354178547859192
(8,7): 0.5029445290565491
(8,12): 0.5040000081062317
(8,13): 0.5236890912055969
(9,0): 0.5860814452171326
(9,14): 0.6514177918434143
(9,15): 0.4247555732727051
(9,16): 0.420271098613739
(9,26): 0.4504029452800751
(9,27): 0.428957998752594
(9,28): 0.5485420823097229
(10,0): 0.4003802239894867
(10,1): 0.5557986497879028
(10,2): 0.5732409954071045
(10,11): 0.4901443123817444
(10,17): 0.656088650226593
(10,18): 0.4326590299606323
(10,19): 0.48022958636283875
(10,25): 0.4849807918071747
(10,26): 0.5422215461730957
(11,1): 0.5659379363059998
(11,10): 0.5075209140777588
(11,17): 0.5554086565971375
(11,18): 0.5408372282981873
(12,3): 0.5068157911300659
(12,4): 0.3919217586517334
(12,6): 0.45705318450927734
(12,7): 0.4417862892150879
(12,8): 0.36907753348350525
(12,13): 0.5041261315345764
(12,14): 0.43308088183403015
(12,22): 0.4552503228187561
(12,23): 0.47470608353614807
(12,26): 0.4425337016582489
(13,2): 0.45861557126045227
(13,3): 0.5785160660743713
(13,4): 0.48945096135139465
(13,6): 0.5199671387672424
(13,7): 0.4471106231212616
(13,8): 0.4665954113006592
(13,12): 0.43787458539009094
(13,14): 0.48550477623939514
(13,24): 0.41905292868614197
(13,27): 0.5619074702262878
(14,0): 0.580877423286438
(14,2): 0.4840693473815918
(14,6): 0.47541293501853943
(14,9): 0.5309524536132812
(14,12): 0.4948015511035919
(14,13): 0.5960818529129028
(14,15): 0.5179897546768188
(14,16): 0.38736528158187866
(14,19): 0.3727043569087982
(14,25): 0.38581427931785583
(15,0): 0.49803295731544495
(15,9): 0.5101213455200195
(15,14): 0.5119706988334656
(15,16): 0.4946118891239166
(15,26): 0.3839215636253357
(15,27): 0.48683708906173706
(16,5): 0.4158642888069153
(16,9): 0.5428483486175537
(16,14): 0.47318968176841736
(16,15): 0.5027933120727539
(16,25): 0.4608844816684723
(16,28): 0.5009430646896362
(17,1): 0.43655452132225037
(17,10): 0.5279392004013062
(17,11): 0.5342432260513306
(17,18): 0.38003212213516235
(17,19): 0.4604790210723877
(18,0): 0.5184912085533142
(18,2): 0.45753830671310425
(18,10): 0.4231061041355133
(18,11): 0.5181058049201965
(18,17): 0.4617573916912079
(18,19): 0.5071325898170471
(19,0): 0.5248337388038635
(19,1): 0.5274362564086914
(19,2): 0.5269322395324707
(19,6): 0.4655877947807312
(19,10): 0.3655322194099426
(19,14): 0.4119832217693329
(19,17): 0.6040506958961487
(19,18): 0.5738475322723389
(20,0): 0.36871466040611267
(20,5): 0.48936399817466736
(20,25): 0.4079521894454956
(21,1): 0.5431842803955078
(21,2): 0.4324629306793213
(21,3): 0.5122829079627991
(21,4): 0.5589821934700012
(22,12): 0.5217446088790894
(22,27): 0.5677815079689026
(23,12): 0.4794011414051056
(23,24): 0.5839493870735168
(23,25): 0.4874764084815979
(24,13): 0.4791724681854248
(24,23): 0.6105384230613708
(24,25): 0.4697047173976898
(25,10): 0.5973464846611023
(25,14): 0.5761343836784363
(25,16): 0.5907013416290283
(25,20): 0.4335186779499054
(25,23): 0.5918334126472473
(25,24): 0.6061579585075378
(26,9): 0.5505160093307495
(26,10): 0.4512421488761902
(26,12): 0.38054177165031433
(26,15): 0.47184258699417114
(27,9): 0.47021248936653137
(27,13): 0.5734843611717224
(27,15): 0.5338916778564453
(27,22): 0.4562423527240753
(28,9): 0.5029790997505188
(28,16): 0.5386964678764343
