Interaction name: 5k8o

Affinity: 5.960000038146973
Predicted value: 6.430481910705566

Attributions for edges: 

(0,1): 4.152166688275484e-14
(0,5): 4.2216342319720615e-14
(0,6): 5.629132278578766e-14
(0,8): 8.472228859223926e-14
(0,9): 2.285993693873587e-16
(0,10): 5.4060651354798095e-14
(0,13): 4.1264365378433296e-14
(0,14): 1.3444919561054027e-16
(0,15): 4.342190657879533e-17
(0,16): 4.494695244868088e-25
(0,17): 8.430949961584591e-28
(0,18): 4.234521522755212e-25
(0,19): 1.757335517846104e-19
(1,0): 4.423745441142768e-14
(1,5): 4.5006143587324535e-14
(1,6): 6.001125432090332e-14
(1,7): 9.032103407205505e-14
(1,9): 2.4419732229236904e-16
(1,10): 5.763327369599086e-14
(1,13): 4.399133713014168e-14
(1,14): 1.4362303888533717e-16
(1,15): 4.638470540556021e-17
(1,16): 4.80917168650605e-25
(1,17): 9.02038274699425e-28
(1,19): 1.8777519477775988e-19
(2,3): 1.4213278923497046e-14
(2,4): 1.2633814892686057e-14
(2,9): 1.6211421811015178e-16
(2,10): 3.783187616803428e-14
(2,11): 1.4161085709869915e-21
(2,12): 4.977915774949259e-22
(2,15): 3.0793207818050246e-17
(2,16): 3.2787322265707103e-25
(2,18): 3.0889436326500475e-25
(3,2): 1.5472927030347333e-14
(3,4): 1.0088436840473627e-14
(3,10): 3.020987390908898e-14
(3,11): 1.163979538000728e-21
(3,15): 2.4855710344228288e-17
(3,16): 2.700748632457248e-25
(3,18): 2.54440724787989e-25
(4,2): 1.5960011632600024e-14
(4,3): 1.1706988053668613e-14
(4,10): 3.1160871680289276e-14
(4,11): 1.2230178376603706e-21
(4,15): 2.5845059715872337e-17
(4,16): 2.84023526423746e-25
(5,0): 4.4613930063296114e-14
(5,1): 4.4642444580432483e-14
(5,7): 9.109003156794471e-14
(5,8): 9.109003156794471e-14
(5,9): 2.462027522043324e-16
(5,10): 5.812375320629615e-14
(5,11): 2.1047861102417543e-21
(5,12): 7.3997485413655465e-22
(5,13): 4.4365888323153954e-14
(5,14): 1.4480193669434775e-16
(5,15): 4.676544671535102e-17
(5,16): 4.848240515875186e-25
(6,0): 5.671680776398423e-14
(6,1): 5.6752850709955796e-14
(6,7): 1.1580054406698514e-13
(6,8): 1.1580054406698514e-13
(6,9): 3.1010003253922024e-16
(6,10): 7.389144770228798e-14
(6,11): 2.6133703146620623e-21
(6,12): 9.191552812661641e-22
(6,13): 5.640115924212402e-14
(6,14): 1.8238326655169396e-16
(7,1): 8.29672227730012e-14
(7,5): 8.43552929331165e-14
(7,6): 1.1247967347024351e-13
(7,8): 1.6928959048392173e-13
(7,9): 4.47480253314836e-16
(7,10): 1.0802240991893836e-13
(7,13): 8.245340581093316e-14
(7,14): 2.6318150116226525e-16
(8,0): 8.291438824588326e-14
(8,5): 8.43552929331165e-14
(8,6): 1.1247967347024351e-13
(8,7): 1.6928959048392173e-13
(8,9): 4.47480253314836e-16
(8,10): 1.0802240991893836e-13
(8,13): 8.245340581093316e-14
(8,14): 2.6318150116226525e-16
(9,0): 8.919904914792432e-16
(9,1): 8.970886769096484e-16
(9,2): 6.027088347176392e-16
(9,5): 9.113373592692419e-16
(9,6): 1.2033715554720672e-15
(9,7): 1.79083771466651e-15
(9,8): 1.79083771466651e-15
(9,10): 1.1623546202759881e-15
(9,11): 7.349892784591068e-23
(9,12): 2.582999763034454e-23
(9,13): 8.972289667415374e-16
(9,14): 3.555867060040398e-18
(9,23): 0.0
(10,0): 5.803822998367777e-14
(10,1): 5.807521483028669e-14
(10,2): 3.872770160118222e-14
(10,3): 2.840749282941729e-14
(10,4): 2.5250729784008497e-14
(10,5): 5.904683615968673e-14
(10,6): 7.873328454043732e-14
(10,7): 1.1849873025101404e-13
(10,8): 1.1849873025101404e-13
(10,9): 3.18226201937382e-16
(10,11): 2.6886653588823036e-21
(10,12): 9.456338456229016e-22
(10,13): 5.771555786461893e-14
(10,14): 1.871618955678577e-16
(10,20): 6.337749877856347e-14
(11,2): 3.5407455780574693e-19
(11,3): 2.667286795171514e-19
(11,4): 2.4590577761401846e-19
(11,5): 5.347013869767943e-19
(11,6): 7.001703899167488e-19
(11,9): 4.268882039755841e-21
(11,10): 6.825435329547617e-19
(11,12): 1.9668169748833902e-26
(11,13): 5.329176236846119e-19
(11,14): 2.6903067954103385e-21
(11,21): 1.6507066377622195e-19
(12,2): 1.3409556742007257e-19
(12,5): 2.0250277076805148e-19
(12,6): 2.6516939236370065e-19
(12,9): 1.6167099669506876e-21
(12,10): 2.5849370877827387e-19
(12,11): 2.119533666860774e-26
(12,13): 2.0182722270153707e-19
(12,14): 1.0188763873637282e-21
(12,22): 2.183554933371742e-19
(12,23): 0.0
(13,0): 4.743108371883277e-14
(13,1): 4.74612143748325e-14
(13,5): 4.8255168849480057e-14
(13,6): 6.43436313344653e-14
(13,7): 9.684137850353783e-14
(13,8): 9.684137850353783e-14
(13,9): 2.6264191470508466e-16
(13,10): 6.17938656515861e-14
(13,11): 2.252711287704881e-21
(13,12): 7.919835827153366e-22
(14,0): 7.04611186376627e-16
(14,1): 7.086382986452291e-16
(14,5): 7.198938842065811e-16
(14,6): 9.505808192320072e-16
(14,7): 1.4146387249344716e-15
(14,8): 1.4146387249344716e-15
(14,9): 5.003188700137187e-18
(14,10): 9.181803266918726e-16
(14,11): 6.559237694127222e-23
(14,12): 2.3051454395035178e-23
(15,0): 2.7158136808150854e-16
(15,1): 2.7313355595735204e-16
(15,2): 1.8350475140874845e-16
(15,3): 1.3636863844346752e-16
(15,4): 1.2297060215604402e-16
(15,5): 2.7747182048517215e-16
(15,16): 5.7924711971277715e-27
(15,19): 1.958205101274026e-21
(15,23): 0.0
(16,0): 2.679102698636793e-21
(16,1): 2.719175721905866e-21
(16,2): 1.8273449668094238e-21
(16,3): 1.3765611184074131e-21
(16,4): 1.2690959983061223e-21
(16,5): 2.7595427820333073e-21
(16,15): 4.5072999602345486e-24
(16,19): 2.2765659826575404e-26
(17,0): 4.3376905268770523e-23
(17,1): 4.4025888513721366e-23
(18,0): 2.1670645708726144e-21
(18,2): 1.4781026882822865e-21
(18,3): 1.113472649124193e-21
(18,20): 2.2158411659287503e-21
(19,0): 5.2518635940986975e-18
(19,1): 5.330439134846335e-18
(19,15): 8.835691271698554e-21
(19,16): 1.3201145970175125e-28
(19,23): 0.0
(20,10): 4.4564771659169264e-14
(20,18): 3.4046368922343126e-25
(21,11): 8.953969617461184e-22
(21,22): 1.8746721229946466e-14
(22,12): 7.421402457669501e-22
(22,21): 1.2788297608639244e-14
(23,9): 0.0
(23,12): 0.0
(23,15): 0.0
(23,19): 0.0
