Interaction name: 5w4w

Affinity: 8.100000381469727
Predicted value: 8.078011512756348

Attributions for edges: 

(0,5): 0.0
(0,7): 0.0
(0,9): 0.0
(0,11): 0.0
(0,12): 0.0
(0,14): 0.0
(1,4): 0.0
(1,9): 0.0
(1,10): 0.0
(1,14): 0.0
(2,4): 0.0
(2,9): 0.0
(2,14): 0.0
(3,6): 2.7418804460613655e-30
(3,7): 9.44935735752385e-34
(3,8): 0.0
(3,11): 0.0
(3,12): 0.0
(3,13): 0.0
(3,16): 0.0
(3,19): 0.0
(3,20): 0.0
(3,23): 6.408168662194123e-32
(4,1): 0.0
(4,2): 0.0
(4,9): 0.0
(4,10): 0.0
(4,21): 0.0
(5,0): 0.0
(5,15): 0.0
(5,19): 0.0
(5,27): 0.0
(6,3): 2.655738151163051e-30
(6,7): 2.6034862987944234e-31
(6,8): 0.0
(6,11): 4.9287450496157493e-39
(6,12): 0.0
(6,13): 0.0
(6,16): 0.0
(6,22): 0.0
(6,23): 1.7655914616921375e-29
(6,27): 0.0
(7,0): 0.0
(7,3): 9.483590875426664e-34
(7,6): 2.6976516247557443e-31
(7,8): 0.0
(7,11): 0.0
(7,12): 0.0
(7,13): 0.0
(7,15): 0.0
(7,23): 6.304893989697899e-33
(8,3): 0.0
(8,6): 0.0
(8,7): 0.0
(8,12): 0.0
(8,13): 0.0
(8,16): 0.0
(8,24): 0.0
(9,0): 0.0
(9,1): 0.0
(9,2): 0.0
(9,4): 0.0
(9,10): 2.0615851773584027e-25
(9,11): 5.0223958438563655e-37
(9,12): 0.0
(9,15): 0.0
(9,25): 3.9372675315704396e-38
(10,1): 0.0
(10,4): 0.0
(10,9): 2.1033612787466445e-25
(10,11): 1.3251635365506604e-38
(10,12): 0.0
(10,17): 0.0
(10,18): 0.0
(10,19): 0.0
(10,22): 0.0
(11,0): 0.0
(11,3): 0.0
(11,6): 5.524229634627509e-39
(11,7): 0.0
(11,9): 5.720722732099818e-37
(11,10): 1.4794324844881795e-38
(11,12): 0.0
(11,13): 0.0
(11,15): 0.0
(11,17): 0.0
(11,22): 0.0
(11,26): 0.0
(12,0): 0.0
(12,3): 0.0
(12,6): 0.0
(12,7): 0.0
(12,8): 0.0
(12,9): 0.0
(12,10): 0.0
(12,11): 0.0
(12,13): 0.0
(13,3): 0.0
(13,6): 0.0
(13,7): 0.0
(13,8): 0.0
(13,11): 0.0
(13,12): 0.0
(13,20): 0.0
(14,0): 0.0
(14,1): 0.0
(14,2): 0.0
(15,5): 0.0
(15,7): 0.0
(15,9): 0.0
(15,11): 0.0
(16,3): 0.0
(16,6): 0.0
(16,8): 0.0
(16,23): 0.0
(16,24): 0.0
(17,10): 0.0
(17,11): 0.0
(17,23): 0.0
(17,24): 0.0
(18,10): 0.0
(18,25): 0.0
(19,3): 0.0
(19,5): 0.0
(19,10): 0.0
(19,21): 0.0
(20,3): 0.0
(20,13): 0.0
(20,22): 0.0
(20,26): 0.0
(21,4): 0.0
(21,19): 0.0
(21,26): 0.0
(22,6): 0.0
(22,10): 0.0
(22,11): 0.0
(22,20): 0.0
(23,3): 5.34145455859693e-32
(23,6): 1.5194130776694848e-29
(23,7): 5.236360073908839e-33
(23,16): 0.0
(23,17): 0.0
(23,24): 4.803207096732253e-35
(24,8): 0.0
(24,16): 0.0
(24,17): 0.0
(24,23): 4.2035511533568215e-35
(25,9): 2.453075256588488e-38
(25,18): 0.0
(26,11): 0.0
(26,20): 0.0
(26,21): 0.0
(27,5): 0.0
(27,6): 0.0
