Interaction name: 5lwe

Affinity: 9.960000038146973
Predicted value: 8.01455020904541

Attributions for edges: 

(0,1): 0.0
(0,5): 0.0
(0,10): 0.0
(0,11): 0.5590779781341553
(0,13): 0.0
(0,21): 0.42588892579078674
(0,25): 0.479947954416275
(0,26): 0.0
(0,27): 0.5027590990066528
(0,28): 0.4342706501483917
(1,0): 0.0
(1,5): 0.0
(1,10): 0.0
(1,11): 0.3963724970817566
(1,21): 0.5181025266647339
(1,25): 0.5223926901817322
(1,27): 0.0
(1,28): 0.0
(2,5): 0.500305712223053
(2,14): 0.4388065040111542
(2,15): 0.0
(2,16): 0.0
(2,17): 0.44967687129974365
(2,24): 0.0
(2,27): 0.5221990346908569
(2,28): 0.5093822479248047
(3,4): 0.0
(3,16): 0.0
(3,17): 0.0
(3,24): 0.0
(3,29): 0.4569246172904968
(4,3): 0.0
(4,16): 0.47277748584747314
(4,17): 0.5051926374435425
(4,29): 0.43619611859321594
(5,0): 0.0
(5,1): 0.0
(5,2): 0.43939903378486633
(5,10): 0.0
(5,11): 0.5419378876686096
(5,13): 0.0
(5,14): 0.48053863644599915
(5,15): 0.0
(5,17): 0.42231813073158264
(5,21): 0.5529773831367493
(5,22): 0.4612893760204315
(5,24): 0.5422031283378601
(5,25): 0.49285146594047546
(5,26): 0.0
(6,7): 0.0
(6,8): 0.0
(6,9): 0.0
(6,12): 0.0
(6,19): 0.0
(6,20): 0.5587471127510071
(6,30): 0.40610361099243164
(7,6): 0.0
(7,8): 0.0
(7,9): 0.0
(7,12): 0.44767698645591736
(7,19): 0.0
(7,20): 0.5214099884033203
(7,31): 0.476814329624176
(7,32): 0.49465519189834595
(7,37): 0.5370959043502808
(7,43): 0.48889049887657166
(7,47): 0.5529406666755676
(8,6): 0.0
(8,7): 0.0
(8,9): 0.0
(8,12): 0.442870557308197
(8,19): 0.0
(8,20): 0.47022947669029236
(8,31): 0.43391910195350647
(8,33): 0.42666155099868774
(8,34): 0.4317600727081299
(8,35): 0.5034655332565308
(8,37): 0.47723299264907837
(8,42): 0.45879802107810974
(8,49): 0.5325212478637695
(9,6): 0.0
(9,7): 0.0
(9,8): 0.0
(9,10): 0.0
(9,11): 0.0
(9,12): 0.0
(9,19): 0.0
(9,20): 0.0
(9,21): 0.0
(9,25): 0.0
(9,34): 0.5298932790756226
(10,0): 0.0
(10,1): 0.0
(10,5): 0.0
(10,9): 0.0
(10,11): 0.0
(10,12): 0.0
(10,13): 0.5911864638328552
(10,20): 0.0
(10,21): 0.0
(10,25): 0.0
(10,26): 0.5328511595726013
(10,30): 0.4683275520801544
(10,42): 0.552586019039154
(10,44): 0.4475758969783783
(10,49): 0.49604469537734985
(11,0): 0.5357373356819153
(11,1): 0.6076530814170837
(11,5): 0.46330827474594116
(11,9): 0.0
(11,10): 0.0
(11,12): 0.0
(11,19): 0.38179343938827515
(11,20): 0.0
(11,21): 0.0
(11,25): 0.0
(11,37): 0.47991275787353516
(12,6): 0.0
(12,7): 0.40649160742759705
(12,8): 0.4272913634777069
(12,9): 0.0
(12,10): 0.0
(12,11): 0.0
(12,19): 0.0
(12,20): 0.0
(12,21): 0.0
(12,25): 0.0
(12,30): 0.4478883743286133
(12,37): 0.44939443469047546
(12,42): 0.5411816835403442
(13,0): 0.0
(13,5): 0.0
(13,10): 0.44558438658714294
(13,14): 0.0
(13,15): 0.0
(13,21): 0.43099600076675415
(13,22): 0.0
(13,23): 0.0
(13,25): 0.4551917314529419
(13,36): 0.5001615881919861
(13,37): 0.4489043951034546
(13,40): 0.49270325899124146
(13,44): 0.438775897026062
(14,2): 0.5403157472610474
(14,5): 0.42449626326560974
(14,13): 0.0
(14,15): 0.0
(14,18): 0.0
(14,22): 0.0
(14,23): 0.0
(14,24): 0.44810011982917786
(14,26): 0.0
(14,37): 0.4161399006843567
(14,38): 0.5026729106903076
(14,40): 0.4725327789783478
(14,41): 0.4972894787788391
(14,47): 0.5386497378349304
(14,48): 0.5698508024215698
(15,2): 0.0
(15,5): 0.0
(15,13): 0.0
(15,14): 0.0
(15,17): 0.0
(15,22): 0.0
(15,23): 0.0
(15,24): 0.0
(15,26): 0.0
(15,30): 0.4981965720653534
(15,49): 0.5404176712036133
(16,2): 0.0
(16,3): 0.0
(16,4): 0.4484824538230896
(16,17): 0.0
(16,24): 0.0
(16,38): 0.48879119753837585
(16,39): 0.4719386696815491
(17,2): 0.5417490005493164
(17,3): 0.0
(17,4): 0.5383794903755188
(17,5): 0.4430829584598541
(17,15): 0.38218429684638977
(17,16): 0.0
(17,24): 0.0
(17,30): 0.4056694805622101
(17,40): 0.5135979056358337
(17,47): 0.469808429479599
(18,14): 0.0
(18,22): 0.0
(18,23): 0.0
(18,41): 0.46300193667411804
(18,42): 0.41810283064842224
(18,47): 0.6021055579185486
(18,48): 0.5161778330802917
(19,6): 0.0
(19,7): 0.0
(19,8): 0.0
(19,9): 0.0
(19,11): 0.46866029500961304
(19,12): 0.0
(19,20): 0.0
(19,21): 0.4939907491207123
(19,25): 0.5008751749992371
(20,6): 0.5204392075538635
(20,7): 0.42563703656196594
(20,8): 0.48927053809165955
(20,9): 0.0
(20,10): 0.0
(20,11): 0.0
(20,12): 0.0
(20,19): 0.0
(20,21): 0.0
(20,25): 0.0
(20,31): 0.46230167150497437
(21,0): 0.532010555267334
(21,1): 0.39222952723503113
(21,5): 0.46941283345222473
(21,9): 0.0
(21,10): 0.0
(21,11): 0.0
(21,12): 0.0
(21,13): 0.5492493510246277
(21,19): 0.5400590896606445
(21,20): 0.0
(21,26): 0.506817638874054
(21,36): 0.4910183250904083
(21,40): 0.49830228090286255
(21,47): 0.5103447437286377
(22,5): 0.43173715472221375
(22,13): 0.0
(22,14): 0.0
(22,15): 0.0
(22,18): 0.0
(22,23): 0.0
(22,26): 0.0
(22,45): 0.5143146514892578
(23,13): 0.0
(23,14): 0.0
(23,15): 0.0
(23,18): 0.0
(23,22): 0.0
(23,26): 0.0
(23,46): 0.5712347626686096
(24,2): 0.0
(24,3): 0.0
(24,5): 0.5259554982185364
(24,14): 0.5269688367843628
(24,15): 0.0
(24,16): 0.0
(24,17): 0.0
(24,49): 0.4801962673664093
(25,0): 0.49424248933792114
(25,1): 0.49015116691589355
(25,5): 0.5476207733154297
(25,9): 0.0
(25,10): 0.0
(25,11): 0.0
(25,12): 0.0
(25,13): 0.5549758672714233
(25,19): 0.42857009172439575
(25,20): 0.0
(25,26): 0.4815940856933594
(26,0): 0.0
(26,5): 0.0
(26,10): 0.615818977355957
(26,14): 0.0
(26,15): 0.0
(26,21): 0.6223254203796387
(26,22): 0.0
(26,23): 0.0
(26,25): 0.3913685977458954
(27,0): 0.5284980535507202
(27,1): 0.0
(27,2): 0.47823745012283325
(27,28): 0.0
(27,37): 0.5646196007728577
(27,44): 0.0
(28,0): 0.5197839140892029
(28,1): 0.0
(28,2): 0.48767074942588806
(28,27): 0.0
(28,37): 0.0
(29,3): 0.47118523716926575
(29,4): 0.5045018792152405
(30,6): 0.5140517354011536
(30,10): 0.4810834527015686
(30,12): 0.447615385055542
(30,15): 0.5597320795059204
(30,17): 0.5186658501625061
(31,7): 0.5075057744979858
(31,8): 0.4476543366909027
(31,20): 0.394736647605896
(32,7): 0.45217326283454895
(32,40): 0.0
(32,46): 0.0
(33,8): 0.3573485314846039
(34,8): 0.5281529426574707
(34,9): 0.4777959883213043
(34,43): 0.0
(35,8): 0.4521789252758026
(35,44): 0.5279417037963867
(36,13): 0.4201655983924866
(36,21): 0.5407891273498535
(37,7): 0.5481237769126892
(37,8): 0.5260400176048279
(37,11): 0.4749720096588135
(37,12): 0.5157574415206909
(37,13): 0.4601673483848572
(37,14): 0.5547080636024475
(37,27): 0.5466760993003845
(37,28): 0.0
(37,39): 0.0
(38,14): 0.4930155873298645
(38,16): 0.5530087351799011
(39,16): 0.46171286702156067
(39,37): 0.0
(40,13): 0.42802098393440247
(40,14): 0.5226487517356873
(40,17): 0.4554879069328308
(40,21): 0.0
(40,32): 0.0
(40,46): 0.0
(41,14): 0.4675239324569702
(41,18): 0.4044545888900757
(42,8): 0.46775710582733154
(42,10): 0.3635469973087311
(42,12): 0.5224206447601318
(42,18): 0.5356802940368652
(42,45): 0.0
(43,7): 0.43534305691719055
(43,34): 0.0
(44,10): 0.5423436164855957
(44,13): 0.5101102590560913
(44,27): 0.0
(44,35): 0.49074313044548035
(45,22): 0.4394349753856659
(45,42): 0.0
(46,23): 0.5285952687263489
(46,32): 0.0
(46,40): 0.0
(47,7): 0.4695996046066284
(47,14): 0.46148091554641724
(47,17): 0.49163442850112915
(47,18): 0.5344125032424927
(47,21): 0.4616938531398773
(47,48): 0.4864225685596466
(48,14): 0.48386144638061523
(48,18): 0.3557873070240021
(48,47): 0.5196081399917603
(49,8): 0.5197230577468872
(49,10): 0.5815129280090332
(49,15): 0.5630120635032654
(49,24): 0.5278201103210449
