Interaction name: 5nw0

Affinity: 6.519999980926514
Predicted value: 7.309350490570068

Attributions for edges: 

(0,6): 8.8692142280639985e-16
(0,9): 8.8692142280639985e-16
(0,10): 7.467173530033159e-16
(0,14): 7.574203355933681e-18
(0,15): 2.7432876328650033e-19
(0,27): 0.0
(0,28): 2.4586849961414175e-32
(1,6): 5.815884916943268e-16
(1,10): 4.896513238411082e-16
(1,11): 3.8747905983952194e-16
(1,15): 1.876878109008619e-19
(1,27): 0.0
(2,4): 2.6370496421494596e-17
(2,8): 9.351221900119304e-17
(2,12): 1.2672128263977351e-23
(2,13): 9.381479670618127e-18
(2,14): 4.50336349151304e-17
(2,28): 1.3039219281764608e-31
(3,16): 1.7043275869952038e-19
(3,17): 2.191684102540395e-18
(3,27): 0.0
(3,29): 6.727649853567341e-25
(4,2): 3.284240881930746e-17
(4,8): 1.5618994725432454e-17
(4,13): 1.6791346640665591e-18
(4,17): 9.645926500037247e-17
(4,24): 6.319723469414721e-19
(4,27): 0.0
(4,28): 2.4725298216686085e-32
(5,19): 6.161224053337785e-30
(5,20): 5.979934894695213e-31
(5,21): 7.297728126409117e-32
(6,0): 3.053308399994845e-16
(6,1): 1.6987285461854396e-16
(6,9): 7.288836418109512e-14
(6,10): 6.095186746817027e-14
(6,11): 4.780627526875317e-14
(7,16): 4.3996620087868595e-18
(7,17): 5.65870617452831e-17
(8,2): 1.4226365688411243e-16
(8,4): 1.8975993090554385e-17
(8,17): 4.1783312077909023e-16
(8,22): 4.847940134050785e-19
(8,24): 2.5717293398457396e-18
(8,25): 4.627843399674792e-19
(8,30): 1.1636219739764469e-25
(9,0): 3.053308399994845e-16
(9,6): 7.288836418109512e-14
(10,0): 2.6657143289629537e-16
(10,1): 1.483076737141353e-16
(10,6): 6.324406059618481e-14
(10,11): 4.148082295403824e-14
(10,44): 1.2739984331635516e-16
(11,1): 1.2297998569291282e-16
(11,6): 5.2015012577070335e-14
(11,10): 4.3497069688496273e-14
(11,31): 5.367286515617969e-19
(11,37): 2.9923893933816217e-17
(12,2): 5.803901862765165e-21
(12,13): 3.3164749965353883e-22
(12,14): 1.4768514160470867e-21
(12,15): 5.458748963440046e-23
(13,2): 3.0075181959129715e-17
(13,4): 4.151571931518424e-18
(13,12): 2.4563513395878868e-24
(13,14): 7.584294132226215e-18
(13,15): 2.803312252508855e-19
(13,32): 2.3897617462213847e-21
(13,36): 4.410557871629903e-30
(13,37): 6.216549748598865e-19
(13,41): 4.940067697891305e-20
(13,42): 5.943438104035554e-22
(14,0): 1.1574333820134978e-17
(14,2): 8.737069412056243e-17
(14,12): 6.392763509551436e-24
(14,13): 4.4490794329420025e-18
(14,15): 7.295689058747662e-19
(14,31): 3.805219518321166e-20
(14,37): 1.6383738918169367e-18
(15,0): 1.2900032613226258e-18
(15,1): 7.376902168276001e-19
(15,12): 7.710581881348235e-25
(15,13): 5.346259584446871e-19
(15,14): 2.3807391266715334e-18
(15,33): 4.292080798147708e-23
(15,34): 9.047838259166222e-23
(15,36): 1.3844910397883179e-30
(15,44): 7.136968091847339e-19
(16,3): 4.6377913451399934e-20
(16,7): 1.731841165132366e-18
(16,17): 2.0548264911670678e-16
(16,35): 5.764796071318314e-23
(16,36): 9.218167266154001e-30
(17,3): 2.653646845364456e-19
(17,4): 6.229184849737551e-17
(17,7): 1.0200295832817018e-17
(17,8): 2.2089266658654506e-16
(17,16): 9.307127879514308e-17
(17,36): 4.9440604778409956e-29
(17,37): 8.35234042996844e-18
(17,45): 2.0507894723766545e-20
(18,19): 4.780462249541757e-22
(18,20): 4.639836559806821e-23
(18,22): 8.544756340627169e-21
(18,23): 2.7811754937561296e-21
(18,24): 4.509906314382454e-20
(18,25): 8.156823173624004e-21
(18,26): 5.811035083858084e-21
(18,39): 2.8320818365515195e-22
(18,41): 3.469147021433381e-21
(19,5): 5.034930208852313e-34
(19,18): 6.8249559606111845e-22
(19,20): 2.251085590529627e-23
(19,21): 2.7471343439375354e-24
(19,22): 4.1456155687173174e-21
(19,23): 1.3493285797301272e-21
(19,24): 2.1880479781263253e-20
(19,25): 3.957404110483444e-21
(19,26): 2.8192991091997693e-21
(19,39): 1.3740318662622063e-22
(19,40): 4.976925344305536e-23
(19,42): 2.024969656100697e-23
(20,5): 1.1448775443469152e-34
(20,18): 1.5529542285907254e-22
(20,19): 5.277376272922166e-23
(20,21): 6.250844573081394e-25
(20,23): 3.070281226782263e-22
(20,26): 6.415049192999946e-22
(20,39): 3.1264794883435905e-23
(20,40): 1.1324523490475539e-23
(20,41): 3.8297533398603193e-22
(20,42): 4.607626895730104e-24
(21,5): 2.960027936839949e-35
(21,19): 1.3644412740297637e-23
(21,20): 1.3242986669179631e-24
(21,23): 7.938010046449955e-23
(21,26): 1.658575004517384e-22
(21,39): 8.083307023366811e-24
(21,41): 9.90157508523261e-23
(21,42): 1.1912762079141648e-24
(21,43): 3.357538425204635e-23
(22,8): 3.2761180923925674e-18
(22,18): 4.345197529199527e-21
(22,19): 1.47662038708694e-21
(22,23): 8.5906761737338e-21
(22,24): 1.3930441421019849e-19
(22,25): 2.519542224194085e-20
(22,26): 1.7949436398249968e-20
(22,38): 2.1643225963889718e-20
(23,18): 2.1359671438742738e-21
(23,19): 7.258645685446261e-22
(23,20): 7.045092708031774e-23
(23,21): 8.597548092540473e-24
(23,22): 1.2974341640384877e-20
(23,24): 6.847781743042708e-20
(23,25): 1.2385306649303293e-20
(23,40): 1.557605731141143e-22
(23,41): 5.267526126519244e-21
(23,42): 6.337430833506971e-23
(23,43): 1.786165670250418e-21
(24,4): 2.51058414896582e-18
(24,8): 9.143800074948977e-18
(24,18): 1.2127697241836278e-20
(24,19): 4.121332486301344e-21
(24,22): 7.366634659675716e-20
(24,23): 2.3976981968475973e-20
(24,25): 7.032188735914335e-20
(24,26): 5.009809686404609e-20
(24,40): 8.843813837962591e-22
(25,8): 3.1813846123544725e-18
(25,18): 4.219582398365107e-21
(25,19): 1.4339221356994875e-21
(25,22): 2.5630491779162467e-20
(25,23): 8.342296615562713e-21
(25,24): 1.3527674256070708e-19
(25,26): 1.743047103675244e-20
(26,18): 3.400970456073463e-21
(26,19): 1.1557455971986483e-21
(26,20): 1.1217472067965607e-22
(26,21): 1.3689352568346268e-23
(26,22): 2.06582558027308e-20
(26,24): 1.0903346827518194e-19
(26,25): 1.9720370313002046e-20
(27,0): 0.0
(27,1): 0.0
(27,3): 0.0
(27,4): 0.0
(27,37): 0.0
(27,45): 0.0
(28,0): 2.5439677968888996e-27
(28,2): 1.845075861610762e-26
(28,4): 2.5670421709596087e-27
(28,36): 0.0
(29,3): 1.541191555187411e-23
(29,35): 1.915701099341002e-26
(30,8): 1.1523287566282102e-22
(30,37): 4.743038814415817e-24
(31,11): 2.2030683411567786e-17
(31,14): 3.5339451194465177e-19
(32,13): 2.87393014774267e-20
(32,33): 2.3072467677398003e-24
(32,35): 4.655789023361336e-25
(33,15): 7.765348336700759e-22
(33,32): 6.619788606173633e-24
(33,35): 7.642960231514624e-26
(34,15): 1.2816627418529103e-21
(35,16): 5.821307794648941e-21
(35,29): 2.2978988153167379e-26
(35,32): 2.1254624496015755e-24
(35,33): 1.2160974944298143e-25
(36,13): 4.0434440040711275e-26
(36,15): 6.65530283446682e-27
(36,16): 1.55389402028079e-25
(36,17): 1.9982339767313992e-24
(36,28): 0.0
(37,11): 1.5435211406063178e-16
(37,13): 5.114608687877161e-19
(37,14): 2.2775741946496855e-18
(37,17): 2.5465537670304432e-17
(37,27): 0.0
(37,30): 8.770483899653278e-27
(38,22): 2.3436122170139933e-20
(38,41): 9.514998809473523e-21
(39,18): 5.134031474310242e-22
(39,19): 1.7446884493265027e-22
(39,20): 1.693365348159441e-23
(39,21): 2.0665150156741617e-24
(40,19): 8.953657733413696e-23
(40,20): 8.690269225618341e-24
(40,23): 5.209035107001208e-22
(40,24): 8.44688245646882e-21
(41,13): 2.0912548894488072e-19
(41,18): 2.4596556807046313e-21
(41,20): 8.11268846332613e-23
(41,21): 9.900399209167288e-24
(41,23): 4.8628461871829316e-21
(41,38): 1.225138336163283e-20
(42,13): 1.2619278401414325e-20
(42,19): 5.0438586143917284e-23
(42,20): 4.895465673966242e-24
(42,21): 5.974207323876556e-25
(42,23): 2.9344027757572023e-22
(43,21): 5.0044712627105864e-24
(43,23): 2.458070385829499e-21
(44,10): 8.302096023724091e-16
(44,15): 3.4571152916828854e-19
(45,17): 2.218330123311354e-19
(45,27): 0.0
