Interaction name: 6dm8

Affinity: 7.28000020980835
Predicted value: 6.861929893493652

Attributions for edges: 

(0,9): 0.0
(0,16): 0.0
(0,24): 0.0
(0,27): 0.0
(0,29): 0.0
(0,30): 0.0
(0,31): 0.0
(0,35): 0.0
(0,39): 0.0
(1,20): 2.3666564672156976e-20
(1,21): 4.118034669064286e-20
(1,27): 1.684570508859734e-31
(1,38): 4.118034669064286e-20
(1,39): 4.118034669064286e-20
(2,11): 0.0
(2,12): 1.2427691486662112e-38
(2,13): 0.0
(3,4): 4.118034669064286e-20
(3,6): 4.118034669064286e-20
(3,18): 4.118034669064286e-20
(3,19): 4.118034669064286e-20
(3,20): 2.3666564672156976e-20
(3,40): 5.946048100899991e-29
(4,3): 4.118034669064286e-20
(4,5): 4.118034669064286e-20
(4,18): 4.118034669064286e-20
(4,19): 4.118034669064286e-20
(4,20): 2.3666564672156976e-20
(4,40): 5.946048100899991e-29
(5,4): 4.118034669064286e-20
(5,6): 4.118034669064286e-20
(5,18): 4.118034669064286e-20
(5,19): 4.118034669064286e-20
(5,20): 2.3666564672156976e-20
(6,3): 4.118034669064286e-20
(6,5): 4.118034669064286e-20
(6,18): 4.118034669064286e-20
(6,19): 4.118034669064286e-20
(6,20): 2.3666564672156976e-20
(7,10): 0.0
(7,25): 0.0
(7,34): 0.0
(7,57): 9.779943643514228e-39
(8,25): 0.0
(8,26): 8.236332880779788e-22
(8,32): 1.0901789456701153e-30
(8,33): 1.60784335477224e-26
(8,37): 0.0
(8,41): 0.0
(8,42): 9.01359096737132e-24
(8,43): 1.5102892252991933e-28
(8,58): 5.329696746708917e-22
(9,0): 0.0
(9,24): 0.0
(9,26): 0.0
(9,27): 0.0
(9,31): 0.0
(9,34): 0.0
(9,41): 0.0
(9,60): 0.0
(10,7): 3.17733636787477e-39
(10,12): 3.138479754029783e-21
(10,25): 0.0
(10,41): 0.0
(10,42): 1.7260385074610206e-24
(10,44): 4.929351225704447e-22
(10,45): 1.7355369397239858e-27
(10,53): 5.1643763658703254e-23
(10,61): 3.815173877667289e-21
(11,2): 0.0
(11,12): 0.0
(11,42): 0.0
(12,2): 1.7705002522786338e-38
(12,10): 3.2083997398555634e-21
(12,11): 0.0
(12,25): 0.0
(12,32): 7.846156308829041e-31
(12,37): 0.0
(12,41): 0.0
(12,42): 6.4871704383837605e-24
(12,44): 1.85266222693948e-21
(12,45): 6.522868958142953e-27
(13,2): 0.0
(13,32): 6.416926821325634e-39
(13,37): 0.0
(13,41): 0.0
(13,44): 1.5151876174641546e-29
(13,58): 3.1371128679377764e-30
(14,15): 1.1074842900301073e-26
(14,17): 1.132351067876595e-34
(14,28): 1.9960860333318818e-31
(14,29): 1.970701291600592e-32
(14,35): 9.264721908827216e-33
(14,36): 1.97798530112018e-31
(14,46): 3.4210209342715404e-29
(14,47): 0.0
(14,48): 0.0
(15,14): 1.07597268650323e-26
(15,16): 1.6358566991481323e-26
(15,28): 1.0925828500492983e-27
(15,29): 1.0786882043913922e-28
(15,31): 1.1597735865393621e-28
(15,35): 5.07112340499539e-29
(15,36): 1.082666910841129e-27
(15,49): 3.804848906419183e-24
(15,50): 0.0
(16,0): 0.0
(16,15): 1.7176950091633858e-26
(16,24): 2.2623839352888584e-27
(16,28): 3.095894534684385e-31
(16,29): 3.0565230558704013e-32
(16,30): 1.1435380777177028e-33
(16,31): 3.286283712314187e-32
(16,35): 1.4369420737972204e-32
(16,36): 3.067820673301437e-31
(16,44): 3.7954803696568753e-26
(16,49): 1.078125182846275e-27
(16,57): 2.5576026721529417e-25
(16,62): 5.427242233594449e-26
(17,14): 1.1398834152714735e-34
(17,28): 1.1574668994335111e-35
(17,29): 1.1427470146459108e-36
(17,30): 4.275396366856932e-38
(17,31): 1.228647910913997e-36
(17,35): 5.372317782810861e-37
(17,36): 1.1469708196874664e-35
(17,51): 1.0793788407387397e-37
(17,52): 0.0
(17,58): 2.938007305657079e-31
(18,3): 4.118034669064286e-20
(18,4): 4.118034669064286e-20
(18,5): 4.118034669064286e-20
(18,6): 4.118034669064286e-20
(18,19): 4.118034669064286e-20
(18,20): 2.3666564672156976e-20
(18,21): 4.118034669064286e-20
(18,22): 3.126483898391595e-20
(18,23): 1.5030820079736108e-20
(18,53): 3.639240275805824e-22
(18,56): 1.0185190232925754e-28
(18,61): 2.6884720538817334e-20
(19,3): 4.118034669064286e-20
(19,4): 4.118034669064286e-20
(19,5): 4.118034669064286e-20
(19,6): 4.118034669064286e-20
(19,18): 4.118034669064286e-20
(19,20): 2.3666564672156976e-20
(19,21): 4.118034669064286e-20
(19,22): 3.126483898391595e-20
(20,1): 2.3571417899080637e-20
(20,3): 2.3571417899080637e-20
(20,4): 2.3571417899080637e-20
(20,5): 2.3571417899080637e-20
(20,6): 2.3571417899080637e-20
(20,18): 2.3571417899080637e-20
(20,19): 2.3571417899080637e-20
(20,21): 2.3571417899080637e-20
(20,22): 1.7895836063908812e-20
(20,42): 6.962081663836272e-24
(20,44): 1.9882839005844474e-21
(20,45): 7.000367080370814e-27
(20,57): 1.3398250701685563e-20
(20,61): 1.5388734022204414e-20
(21,1): 4.118034669064286e-20
(21,18): 4.118034669064286e-20
(21,19): 4.118034669064286e-20
(21,20): 2.3666564672156976e-20
(21,22): 3.126483898391595e-20
(21,23): 1.5030820079736108e-20
(21,45): 1.2230006436480804e-26
(22,18): 3.1205265823940793e-20
(22,19): 3.1205265823940793e-20
(22,20): 1.79338314421237e-20
(22,21): 3.1205265823940793e-20
(22,23): 1.1389916758924333e-20
(22,55): 5.358852843817494e-21
(23,18): 1.483073607555204e-20
(23,21): 1.483073607555204e-20
(23,22): 1.1259754558101572e-20
(23,54): 1.4215649741936438e-20
(23,55): 2.5468592176887952e-21
(23,56): 3.6680924683059026e-29
(23,57): 8.429982607254736e-21
(24,0): 0.0
(24,9): 0.0
(24,16): 2.260279279045632e-27
(24,26): 5.9216620878406894e-24
(24,27): 8.975321811810492e-34
(24,30): 5.576166220922227e-31
(24,31): 1.602470913007061e-29
(24,34): 0.0
(24,41): 0.0
(24,50): 0.0
(24,57): 1.2471437789840238e-22
(25,7): 0.0
(25,8): 0.0
(25,10): 0.0
(25,12): 0.0
(25,26): 0.0
(25,27): 0.0
(25,32): 0.0
(25,33): 0.0
(25,34): 0.0
(25,37): 0.0
(25,44): 0.0
(26,8): 8.448489763718651e-22
(26,9): 0.0
(26,24): 5.75571770224885e-24
(26,25): 0.0
(26,27): 4.68271876506085e-33
(26,32): 4.089409076913218e-32
(26,33): 6.031191658182028e-28
(26,34): 0.0
(26,37): 0.0
(26,42): 3.3810684400956705e-25
(26,59): 1.1246871462399129e-21
(27,0): 0.0
(27,1): 1.4579965588263098e-31
(27,9): 0.0
(27,24): 7.330811643494843e-34
(27,25): 0.0
(27,26): 3.935040440432549e-33
(27,34): 0.0
(27,44): 1.2298507524406455e-32
(28,14): 2.1273530172904663e-31
(28,15): 1.1985310488884595e-27
(28,16): 3.2343118156801515e-31
(28,17): 1.2254420987600287e-35
(28,29): 2.132713727034277e-33
(28,30): 7.979068538558266e-35
(28,31): 2.2930305853352975e-33
(28,35): 1.0026301923521929e-33
(29,0): 0.0
(29,14): 2.066822052414506e-32
(29,15): 1.1644195314183318e-28
(29,16): 3.142259793462739e-32
(29,17): 1.19056487860098e-36
(29,28): 2.0987039204001034e-33
(29,30): 7.752033685914256e-36
(29,31): 2.2277684246745903e-34
(29,35): 9.741017480183273e-35
(29,36): 2.079672850531283e-33
(29,48): 0.0
(30,0): 0.0
(30,16): 1.1651674492793214e-33
(30,17): 4.4146803895363474e-38
(30,24): 5.686927411227327e-31
(30,28): 7.782111819807477e-35
(30,29): 7.68314486689393e-36
(30,31): 8.260690410118585e-36
(30,35): 3.612023871081556e-36
(30,36): 7.711542554700421e-35
(30,52): 0.0
(30,58): 1.9753245931669806e-30
(30,60): 4.981904820262253e-37
(31,0): 0.0
(31,9): 0.0
(31,15): 1.2800066244431622e-28
(31,16): 3.454178982694959e-32
(31,17): 1.3087472970151259e-36
(31,24): 1.6859092699719306e-29
(31,28): 2.3070338454604603e-33
(31,29): 2.277694562572142e-34
(31,30): 8.521612273858968e-36
(31,35): 1.0707886838496048e-34
(31,36): 2.286095719678423e-33
(31,62): 4.0443344385216155e-28
(32,8): 1.00485639351229e-30
(32,12): 7.312194582736382e-31
(32,13): 7.792493241950054e-39
(32,25): 0.0
(32,26): 3.674682914999607e-32
(32,33): 7.173423066173612e-37
(32,34): 0.0
(32,42): 4.021430459010356e-34
(32,58): 2.3778634412402496e-32
(33,8): 1.495430983927037e-26
(33,25): 0.0
(33,26): 5.46865544741071e-28
(33,32): 7.238404751184545e-37
(33,34): 0.0
(33,37): 0.0
(33,57): 1.1517375379202594e-26
(33,59): 1.9907604441008034e-26
(34,7): 0.0
(34,9): 0.0
(34,24): 0.0
(34,25): 0.0
(34,26): 0.0
(34,27): 0.0
(34,32): 0.0
(34,33): 0.0
(34,37): 0.0
(34,44): 0.0
(35,0): 0.0
(35,14): 9.968225155751615e-33
(35,15): 5.616006301155211e-29
(35,16): 1.5155147610684715e-32
(35,17): 5.742149370346484e-37
(35,28): 1.0122068897270443e-33
(35,29): 9.99334468942697e-35
(35,30): 3.738813535499869e-36
(35,31): 1.074454871650602e-34
(35,36): 1.0030281155570454e-33
(36,14): 2.1082549956715268e-31
(36,15): 1.187771359771654e-27
(36,16): 3.20527592972049e-31
(36,17): 1.2144407802921524e-35
(36,29): 2.1135513324059504e-33
(36,30): 7.907496544627535e-35
(36,31): 2.272445291529499e-33
(36,35): 9.936292117027558e-34
(37,8): 0.0
(37,12): 0.0
(37,13): 0.0
(37,25): 0.0
(37,26): 0.0
(37,33): 0.0
(37,34): 0.0
(38,1): 4.118034669064286e-20
(38,39): 4.118034669064286e-20
(38,61): 2.6884720538817334e-20
(39,0): 0.0
(39,1): 4.118034669064286e-20
(39,38): 4.118034669064286e-20
(39,55): 7.071810202579484e-21
(39,61): 2.6884720538817334e-20
(40,3): 4.4432025346505434e-29
(40,4): 4.4432025346505434e-29
(40,53): 3.926587005051725e-31
(40,54): 4.258926247379481e-29
(41,8): 0.0
(41,9): 0.0
(41,10): 0.0
(41,12): 0.0
(41,13): 0.0
(41,24): 0.0
(41,57): 0.0
(42,8): 8.076094468110375e-24
(42,10): 1.598488080733901e-24
(42,11): 0.0
(42,12): 5.876879243112198e-24
(42,20): 6.288804658448243e-24
(42,26): 2.9533658066552054e-25
(42,32): 3.909109677901883e-34
(43,8): 1.1311370545668898e-28
(43,59): 1.5058019288993926e-28
(44,10): 4.896292778848148e-22
(44,12): 1.800126766467951e-21
(44,13): 1.9183747318639924e-29
(44,16): 3.452951417931672e-26
(44,20): 1.926317046322037e-21
(44,25): 0.0
(44,27): 1.371139663279715e-32
(44,34): 0.0
(45,10): 1.5091553340444353e-27
(45,12): 5.548423902736832e-27
(45,20): 5.937350047566279e-27
(45,21): 1.0331160459715497e-26
(46,14): 2.846162142233547e-29
(46,51): 2.695068240820942e-32
(47,14): 0.0
(47,60): 0.0
(47,62): 2.183420633101008e-35
(48,14): 0.0
(48,29): 0.0
(49,15): 3.450558457679491e-24
(49,16): 9.311585280515544e-28
(49,59): 8.88065906959944e-23
(50,15): 0.0
(50,24): 0.0
(51,17): 7.828578639224268e-38
(51,46): 2.365179857194877e-32
(52,17): 0.0
(52,30): 0.0
(53,10): 5.1047160777859086e-23
(53,18): 3.494513708432315e-22
(53,40): 5.045762481130636e-31
(53,54): 3.3495829207476624e-22
(54,23): 1.4389475608433348e-20
(54,40): 5.692315256670479e-29
(54,53): 3.48394549665725e-22
(54,56): 9.750489788884326e-29
(55,22): 5.313276322976816e-21
(55,23): 2.554399970636239e-21
(55,39): 6.998331684142914e-21
(55,61): 4.56891838094601e-21
(56,18): 7.567085881350606e-29
(56,23): 2.761985461968903e-29
(56,54): 7.253250180234738e-29
(57,7): 1.2634769768526176e-38
(57,16): 2.3939083643818255e-25
(57,20): 1.3354978815891383e-20
(57,23): 8.481883343931037e-21
(57,24): 1.1684143246832633e-22
(57,33): 1.2243309990164653e-26
(57,41): 0.0
(58,8): 4.93273739536289e-22
(58,13): 3.825269642321583e-30
(58,17): 2.608735351268585e-31
(58,30): 1.6986062640568573e-30
(58,32): 2.3876251871398594e-32
(59,26): 1.0917528976445322e-21
(59,33): 2.1312491757496792e-26
(59,43): 2.0019228066503813e-28
(59,49): 9.692445534903623e-23
(60,9): 0.0
(60,30): 3.5394169251887034e-37
(60,47): 0.0
(60,62): 1.679810692432407e-29
(61,10): 3.907645238449901e-21
(61,18): 2.675029722692893e-20
(61,20): 1.537359597075984e-20
(61,38): 2.675029722692893e-20
(61,39): 2.675029722692893e-20
(61,55): 4.5937871136980196e-21
(62,16): 4.938903436895622e-26
(62,31): 3.5015219170520102e-28
(62,47): 3.2632799376047303e-35
(62,60): 2.1117180866646425e-29
