Interaction name: 5jo0

Affinity: 7.300000190734863
Predicted value: 6.847256660461426

Attributions for edges: 

(0,1): 0.0
(0,2): 0.0
(0,7): 0.0
(0,8): 0.0
(0,9): 0.0
(0,10): 0.5279676914215088
(0,20): 0.0
(0,23): 0.0
(0,24): 0.0
(0,25): 0.6154355406761169
(0,26): 0.46977895498275757
(0,27): 0.4436100721359253
(1,0): 0.0
(1,2): 0.0
(1,6): 0.0
(1,8): 0.0
(1,9): 0.0
(1,20): 0.4802468419075012
(1,23): 0.4323297441005707
(1,24): 0.4526357054710388
(1,25): 0.0
(1,26): 0.6001347303390503
(1,27): 0.5432800650596619
(1,29): 0.4259292185306549
(2,0): 0.0
(2,1): 0.0
(2,6): 0.0
(2,7): 0.0
(2,9): 0.0
(2,20): 0.548951268196106
(2,24): 0.40213996171951294
(2,25): 0.5538722276687622
(2,26): 0.0
(2,27): 0.0
(2,29): 0.4956294596195221
(3,4): 0.0
(3,19): 0.5410439968109131
(3,23): 0.5015003085136414
(3,25): 0.5403292775154114
(3,28): 0.0
(3,29): 0.412364661693573
(3,30): 0.0
(4,3): 0.0
(4,5): 0.0
(4,19): 0.0
(4,20): 0.44183412194252014
(4,23): 0.5194615721702576
(4,24): 0.48416227102279663
(4,25): 0.0
(4,27): 0.5170973539352417
(4,28): 0.4573816955089569
(4,29): 0.5918404459953308
(5,4): 0.0
(5,19): 0.4606914520263672
(6,1): 0.0
(6,2): 0.0
(6,7): 0.0
(6,8): 0.0
(6,9): 0.0
(6,10): 0.4628278315067291
(6,20): 0.0
(7,0): 0.0
(7,2): 0.0
(7,6): 0.0
(7,8): 0.0
(7,9): 0.0
(7,20): 0.5342717170715332
(8,0): 0.0
(8,1): 0.0
(8,6): 0.0
(8,7): 0.0
(8,9): 0.0
(8,20): 0.6068356037139893
(9,0): 0.0
(9,1): 0.0
(9,2): 0.0
(9,6): 0.0
(9,7): 0.0
(9,8): 0.0
(9,10): 0.0
(9,18): 0.0
(9,19): 0.0
(9,20): 0.0
(9,32): 0.48348841071128845
(9,34): 0.40455275774002075
(9,38): 0.5452154278755188
(10,0): 0.5480455160140991
(10,6): 0.5147187113761902
(10,9): 0.0
(10,11): 0.0
(10,12): 0.5099654197692871
(10,18): 0.0
(10,19): 0.0
(10,20): 0.0
(10,21): 0.36783409118652344
(10,34): 0.42148557305336
(11,10): 0.0
(11,12): 0.0
(11,13): 0.5410462021827698
(11,15): 0.4377182126045227
(11,16): 0.0
(11,18): 0.0
(11,20): 0.4816247224807739
(11,21): 0.0
(11,22): 0.575516402721405
(11,33): 0.4489651620388031
(11,37): 0.546887218952179
(11,39): 0.4724475145339966
(12,10): 0.38148659467697144
(12,11): 0.0
(12,13): 0.0
(12,14): 0.0
(12,15): 0.0
(12,16): 0.0
(12,18): 0.5010271668434143
(12,21): 0.0
(12,22): 0.0
(13,11): 0.5060210824012756
(13,12): 0.0
(13,14): 0.0
(13,15): 0.0
(13,16): 0.0
(13,17): 0.41974562406539917
(13,21): 0.0
(13,22): 0.0
(13,40): 0.5448589324951172
(14,12): 0.0
(14,13): 0.0
(14,15): 0.0
(14,16): 0.0
(14,17): 0.0
(14,21): 0.0
(14,22): 0.0
(14,38): 0.43174684047698975
(14,42): 0.5349609851837158
(15,11): 0.0
(15,12): 0.0
(15,13): 0.0
(15,14): 0.0
(15,16): 0.0
(15,17): 0.0
(15,21): 0.0
(15,38): 0.4473729431629181
(16,11): 0.0
(16,12): 0.0
(16,13): 0.0
(16,14): 0.0
(16,15): 0.0
(16,17): 0.0
(16,18): 0.4900400936603546
(16,21): 0.0
(16,22): 0.0
(16,35): 0.40485644340515137
(16,38): 0.46383416652679443
(17,13): 0.4830399453639984
(17,14): 0.0
(17,15): 0.0
(17,16): 0.0
(17,21): 0.5969108939170837
(17,22): 0.0
(17,41): 0.47225430607795715
(18,9): 0.5405957698822021
(18,10): 0.0
(18,11): 0.0
(18,12): 0.4821925461292267
(18,16): 0.5320006012916565
(18,19): 0.5122466683387756
(18,20): 0.0
(18,21): 0.0
(18,32): 0.46146756410598755
(18,33): 0.44410228729248047
(18,39): 0.45950645208358765
(18,42): 0.462902307510376
(19,3): 0.5236544609069824
(19,4): 0.0
(19,5): 0.48064276576042175
(19,9): 0.0
(19,10): 0.0
(19,18): 0.3832140564918518
(19,20): 0.0
(19,35): 0.40317201614379883
(19,36): 0.5252344608306885
(19,40): 0.4969896078109741
(20,0): 0.0
(20,1): 0.5639666318893433
(20,2): 0.5632117986679077
(20,4): 0.4440341591835022
(20,6): 0.0
(20,7): 0.4595465064048767
(20,8): 0.48827725648880005
(20,9): 0.0
(20,10): 0.0
(20,11): 0.48740100860595703
(20,18): 0.0
(20,19): 0.0
(21,10): 0.4214462637901306
(21,11): 0.0
(21,12): 0.0
(21,13): 0.0
(21,14): 0.0
(21,15): 0.0
(21,16): 0.0
(21,17): 0.4629131257534027
(21,18): 0.0
(21,22): 0.0
(21,42): 0.47204628586769104
(22,11): 0.4017777442932129
(22,12): 0.0
(22,13): 0.0
(22,14): 0.0
(22,16): 0.0
(22,17): 0.0
(22,21): 0.0
(23,0): 0.0
(23,1): 0.49887731671333313
(23,3): 0.5735710859298706
(23,4): 0.46746328473091125
(23,27): 0.47708866000175476
(23,32): 0.0
(24,0): 0.0
(24,1): 0.42550474405288696
(24,2): 0.47652068734169006
(24,4): 0.5495461225509644
(25,0): 0.47171416878700256
(25,1): 0.0
(25,2): 0.5103832483291626
(25,3): 0.46698492765426636
(25,4): 0.0
(26,0): 0.5749256014823914
(26,1): 0.4606322646141052
(26,2): 0.0
(26,27): 0.4045651853084564
(26,34): 0.0
(27,0): 0.4589536488056183
(27,1): 0.48685222864151
(27,2): 0.0
(27,4): 0.45676958560943604
(27,23): 0.5193818211555481
(27,26): 0.43044009804725647
(27,32): 0.0
(28,3): 0.0
(28,4): 0.5073038339614868
(28,29): 0.0
(28,40): 0.0
(29,1): 0.4942779242992401
(29,2): 0.4943196177482605
(29,3): 0.4218171238899231
(29,4): 0.5165808796882629
(29,28): 0.0
(29,30): 0.48427531123161316
(29,40): 0.0
(30,3): 0.0
(30,29): 0.45574042201042175
(32,9): 0.5162502527236938
(32,18): 0.46668967604637146
(32,23): 0.0
(32,27): 0.0
(32,37): 0.4461154043674469
(33,11): 0.495759516954422
(33,18): 0.4810115098953247
(33,35): 0.0
(34,9): 0.5223996639251709
(34,10): 0.510738730430603
(34,26): 0.0
(35,16): 0.48298516869544983
(35,19): 0.45738324522972107
(35,33): 0.0
(36,19): 0.5498254895210266
(37,11): 0.4960766136646271
(37,32): 0.5571045875549316
(38,9): 0.43575984239578247
(38,14): 0.6006391644477844
(38,15): 0.43501174449920654
(38,16): 0.4866500496864319
(38,41): 0.0
(39,11): 0.48788994550704956
(39,18): 0.44386544823646545
(40,13): 0.5283647179603577
(40,19): 0.5913119912147522
(40,28): 0.0
(40,29): 0.0
(41,17): 0.5164509415626526
(41,38): 0.0
(42,14): 0.4200281798839569
(42,18): 0.46067333221435547
(42,21): 0.5457091331481934
