Interaction name: 4zx6

Affinity: 5.269999980926514
Predicted value: 6.333080291748047

Shapley values for edges: 

(0,4): 0.010299367904663086
(0,5): 0.036719832420349124
(0,11): -0.04082489490509033
(0,12): -0.05040816307067871
(0,13): -0.03207929611206055
(0,14): -0.0017711162567138673
(0,21): -0.012249412536621094
(0,29): -0.08908458709716797
(0,30): -0.05780221462249756
(0,31): 0.033389043807983396
(1,2): -0.0705299711227417
(1,4): 0.013797049522399902
(1,5): 0.02377682685852051
(1,6): -0.009329605102539062
(1,14): 0.0027106761932373046
(1,15): 0.01844682216644287
(1,23): 0.011180720329284667
(1,27): 0.015550189018249512
(1,29): 0.048479986190795896
(1,30): 0.035944433212280275
(1,31): -0.03709532737731933
(2,1): -0.06957879066467285
(2,5): 0.010710077285766601
(2,29): 0.09876811504364014
(2,30): 0.09048850059509278
(2,31): 0.04197474002838135
(2,33): 0.005265836715698242
(3,7): 0.04155312538146973
(3,8): 0.013940062522888184
(3,10): 0.04054630756378174
(3,26): 0.01060786247253418
(4,0): 0.029613661766052245
(4,1): 0.021504249572753906
(4,5): 0.024394874572753907
(4,11): 0.012059893608093262
(4,12): -0.0033202552795410156
(4,13): 0.013111810684204101
(4,14): -0.004043712615966797
(4,15): 0.0008102226257324219
(4,21): 0.03223444938659668
(4,23): -0.00470822811126709
(4,27): 0.03150341510772705
(4,31): 0.004711785316467285
(5,0): 0.0042110300064086914
(5,1): 0.0066665267944335934
(5,2): -0.12234811782836914
(5,4): 0.057215609550476075
(5,6): -0.019323716163635252
(5,14): -0.01567340850830078
(5,23): -0.001811366081237793
(5,27): 0.011418919563293457
(5,32): -0.016739745140075684
(6,1): -0.026386680603027343
(6,5): 0.024322938919067384
(7,3): -0.011709198951721192
(7,8): -0.0038490056991577148
(7,9): 0.00942169189453125
(7,10): 0.002777104377746582
(7,18): 0.02578042507171631
(7,25): 0.015448813438415527
(7,26): -0.006454429626464844
(7,28): 0.0490549373626709
(8,3): 0.014439187049865722
(8,7): 0.009452619552612306
(8,9): 0.017029857635498045
(8,10): 0.04111121654510498
(8,18): 0.011746864318847656
(8,25): 0.03902328491210937
(8,26): 0.013861026763916016
(8,28): 0.03821968078613281
(8,31): 0.02920783042907715
(9,7): -0.030633287429809572
(9,8): -0.02629997730255127
(9,10): -0.043833842277526854
(9,26): -0.025373759269714354
(10,3): 0.033103532791137695
(10,7): -0.01034360408782959
(10,8): 0.04402127265930176
(10,9): -0.0010075092315673829
(10,17): 0.05243171215057373
(10,18): -0.022388114929199218
(10,20): 0.04219781398773193
(10,25): 0.0074580669403076175
(10,26): 0.015165233612060547
(10,28): 0.0514106035232544
(11,0): 0.0021986103057861327
(11,4): 0.0036083602905273436
(11,12): -0.002662010192871094
(11,13): 0.030639662742614746
(11,21): -0.009958577156066895
(11,39): 0.007487144470214844
(12,0): 0.015992865562438965
(12,4): 0.007465476989746094
(12,11): 0.015943593978881836
(12,13): 0.03511704921722412
(12,21): -0.008239078521728515
(12,34): -0.01856178283691406
(12,40): 0.01391378402709961
(13,0): -0.024953842163085938
(13,4): -0.03714244365692139
(13,11): 0.004797806739807129
(13,12): -0.0010179805755615235
(13,21): -0.00841933250427246
(14,0): 0.01680980682373047
(14,1): -0.038673725128173825
(14,4): -0.0036550378799438477
(14,5): -0.05204686641693115
(14,15): -0.00012019157409667969
(14,16): -0.01052133083343506
(14,22): 0.0007357168197631836
(14,23): 0.02028860092163086
(14,24): 0.0016449213027954102
(14,27): 0.0018540048599243165
(14,36): 0.01458681583404541
(15,1): -0.019196419715881347
(15,4): 0.004830203056335449
(15,14): 0.0077770471572875975
(15,16): -0.02871316432952881
(15,17): 0.00337862491607666
(15,22): 0.003822779655456543
(15,23): 0.01324617862701416
(15,24): 0.004918928146362305
(15,27): -0.04286677837371826
(15,38): 0.050634207725524905
(16,14): -0.010048389434814453
(16,15): 0.012744984626770019
(16,17): -0.013133955001831055
(16,18): -0.029705739021301268
(16,19): 0.005995388031005859
(16,22): 0.001723494529724121
(16,23): 0.014029855728149415
(16,24): -0.011191468238830566
(16,27): -0.029122095108032226
(16,28): -0.04416175365447998
(16,37): 0.011921024322509766
(16,38): 0.015367984771728516
(17,10): -0.03561987400054931
(17,15): -0.005402045249938965
(17,16): -0.003530459403991699
(17,18): -0.049739809036254884
(17,19): -0.028694305419921875
(17,20): 0.017072844505310058
(17,22): 0.005537400245666504
(17,23): 0.01959268569946289
(17,24): -0.006684303283691406
(17,25): 0.0004955911636352539
(17,26): -0.0024016427993774413
(17,27): -0.052181754112243656
(17,28): -0.04169294834136963
(18,7): -0.00260833740234375
(18,8): -0.040763535499572755
(18,10): -0.016206297874450683
(18,16): 0.009890475273132325
(18,17): -0.03688481330871582
(18,19): -0.00788877010345459
(18,20): 0.005181422233581543
(18,22): 0.025961422920227052
(18,24): 0.006066761016845703
(18,25): 0.002733321189880371
(18,26): -0.024624886512756346
(18,35): 0.07849885940551758
(18,37): -0.004379739761352539
(18,38): 0.011164350509643555
(18,39): -9.875297546386718e-05
(19,16): 0.009959206581115723
(19,17): -0.03579240322113037
(19,18): -0.018290448188781738
(19,20): -0.005182232856750488
(19,22): 0.006209349632263184
(19,24): 0.009069328308105468
(19,25): 0.012071619033813477
(19,26): -0.032818417549133304
(19,28): -0.0334800910949707
(19,35): 0.07693569660186768
(19,36): 0.009493837356567383
(20,10): -0.031046476364135742
(20,17): -0.012092213630676269
(20,18): -0.014501285552978516
(20,19): -0.01991692543029785
(20,24): 0.004956860542297364
(20,25): -0.0085685396194458
(20,26): -0.02802804946899414
(20,28): -0.036709227561950684
(20,35): 0.06533390998840333
(21,0): -0.0068287992477416995
(21,4): -0.006403965950012207
(21,11): -0.005295109748840332
(21,12): -0.042644829750061036
(21,13): 0.005879659652709961
(22,14): -0.013572778701782227
(22,15): -0.003977079391479493
(22,16): -0.005873312950134277
(22,17): -0.02028796195983887
(22,18): -0.0018972015380859374
(22,19): 0.007198200225830078
(22,23): -0.004005661010742187
(22,24): -0.023741025924682618
(22,27): -0.007132244110107422
(22,28): -0.04000096797943115
(23,1): -0.007957849502563476
(23,4): 0.0011686038970947265
(23,5): -0.01241710662841797
(23,14): 0.014294986724853515
(23,15): -0.004026889801025391
(23,16): 0.0005943918228149414
(23,17): 0.010015244483947755
(23,22): -0.025951728820800782
(23,24): 0.005146050453186035
(24,14): -0.021251983642578125
(24,15): -0.004639496803283691
(24,16): -0.034002890586853025
(24,17): -0.05149108409881592
(24,18): -0.038240699768066405
(24,19): -0.01277946949005127
(24,20): -0.004511694908142089
(24,22): -0.00641420841217041
(24,23): 0.023199977874755858
(24,26): -0.007376275062561035
(24,27): -0.03963867664337158
(24,28): -0.041114459037780764
(25,7): 0.004265074729919434
(25,8): -0.029080352783203124
(25,10): -0.01722776412963867
(25,17): -0.0027301883697509765
(25,18): -0.007591876983642578
(25,19): 0.012073802947998046
(25,20): -0.013286786079406738
(25,26): -0.02366016387939453
(25,28): -0.03498268127441406
(26,3): -0.016638126373291016
(26,7): 0.011827402114868164
(26,8): -0.02163539409637451
(26,9): -0.009312090873718261
(26,10): 0.01301969051361084
(26,17): -0.022083096504211426
(26,18): -0.046522421836853026
(26,19): -0.005415735244750977
(26,20): -0.007932791709899903
(26,24): 0.004347538948059082
(26,25): -0.010341243743896484
(26,28): -0.020381722450256348
(26,40): 0.00068756103515625
(27,1): 0.0419378662109375
(27,4): 0.032636046409606934
(27,5): 0.14714849948883058
(27,14): -0.011399946212768554
(27,15): -0.034710021018981935
(27,16): -0.05299535751342774
(27,17): -0.011356911659240722
(27,22): -0.04948798179626465
(27,24): -0.050682687759399415
(28,7): 0.11640498638153077
(28,8): 0.1475673484802246
(28,10): 0.11767873287200928
(28,16): -0.025341043472290038
(28,17): -0.0013631010055541993
(28,19): -0.03596572399139404
(28,20): -0.007391853332519531
(28,22): -0.03318704128265381
(28,24): -0.031310381889343264
(28,25): 0.04305375576019287
(28,26): 0.02013468265533447
(28,41): -0.0024587297439575195
(29,0): -0.0005570507049560547
(29,1): 0.006985130310058593
(29,2): 0.0004851007461547852
(29,30): -0.04288633823394775
(29,36): 0.02649097442626953
(30,0): -0.0010561895370483397
(30,1): 0.035132131576538085
(30,2): 0.012827215194702148
(30,29): -0.02036759376525879
(30,32): -0.01924271583557129
(31,0): 0.04506689071655273
(31,1): -0.051157903671264646
(31,2): -0.018995766639709474
(31,4): -0.0077381753921508785
(31,8): 0.06860647201538086
(31,34): -0.03223212242126465
(32,5): 0.027140469551086427
(32,30): -0.030492658615112304
(33,2): -0.12717520713806152
(34,12): 0.01990139961242676
(34,31): -0.1698299503326416
(35,18): -0.0038356542587280273
(35,19): -0.030625677108764647
(35,20): -0.0213238525390625
(36,14): -0.04421324729919433
(36,19): -0.0006244611740112304
(36,29): -0.10159030437469482
(36,37): 0.02264354705810547
(37,16): -0.02326751232147217
(37,18): -0.009507780075073241
(37,36): 0.022838850021362305
(37,39): 0.012743191719055176
(38,15): -0.024463205337524413
(38,16): -0.013940253257751466
(38,18): -0.05540430545806885
(38,41): -0.010707674026489257
(39,11): 0.05878779411315918
(39,18): -0.015422725677490234
(39,37): 0.032383089065551755
(39,40): -0.0603336763381958
(40,12): 0.07152061462402344
(40,26): -0.03718104362487793
(40,39): -0.025577812194824218
(41,28): 0.06636699199676514
(41,38): -0.0032580757141113283
