Interaction name: 5ung

Affinity: 9.470000267028809
Predicted value: 7.5197296142578125

Attributions for edges: 

(0,4): 0.5203031897544861
(0,5): 0.5479183793067932
(0,7): 0.4712134599685669
(0,27): 0.523485541343689
(0,40): 0.5485299229621887
(0,41): 0.5494012236595154
(1,14): 0.5284578800201416
(1,15): 0.5009689331054688
(1,16): 0.4791894555091858
(1,35): 0.39882928133010864
(1,36): 0.45856809616088867
(1,40): 0.588856041431427
(2,9): 0.5356471538543701
(2,10): 0.4534306824207306
(2,19): 0.48438552021980286
(2,20): 0.4640531539916992
(2,22): 0.509777307510376
(2,28): 0.47537511587142944
(2,30): 0.5674563646316528
(2,39): 0.4245729148387909
(3,8): 0.5180865526199341
(3,9): 0.40734416246414185
(3,10): 0.4692971706390381
(3,12): 0.4957038462162018
(3,13): 0.4954550564289093
(3,19): 0.4548685848712921
(3,20): 0.473527193069458
(3,21): 0.41888290643692017
(3,39): 0.45136287808418274
(4,0): 0.4301563501358032
(4,5): 0.4223034977912903
(4,7): 0.444180965423584
(4,23): 0.4742152690887451
(4,24): 0.48338794708251953
(4,25): 0.4454992413520813
(4,27): 0.4499669671058655
(4,31): 0.4758930206298828
(4,34): 0.43639418482780457
(4,38): 0.5014610290527344
(4,40): 0.46285852789878845
(4,41): 0.4873877465724945
(5,0): 0.5634092092514038
(5,4): 0.47704416513442993
(5,7): 0.504454493522644
(5,25): 0.44321808218955994
(5,27): 0.4563564956188202
(5,34): 0.4847695827484131
(5,40): 0.5499999523162842
(5,41): 0.6358915567398071
(6,9): 0.4197087585926056
(6,10): 0.5184447169303894
(6,19): 0.5235260128974915
(6,20): 0.4734206795692444
(6,22): 0.5338659286499023
(6,28): 0.4853379428386688
(6,30): 0.4973273277282715
(6,39): 0.4349558353424072
(7,0): 0.511648952960968
(7,4): 0.439336895942688
(7,5): 0.5643687844276428
(7,27): 0.5562101006507874
(8,3): 0.4822421371936798
(8,10): 0.4698857367038727
(8,21): 0.4406426250934601
(8,42): 0.5850478410720825
(8,43): 0.5114611387252808
(8,60): 0.46596667170524597
(9,2): 0.3808703124523163
(9,3): 0.48760753870010376
(9,6): 0.4624204635620117
(9,10): 0.4900350272655487
(9,12): 0.41380128264427185
(9,19): 0.4871300160884857
(9,20): 0.4850413501262665
(9,21): 0.5036860108375549
(9,22): 0.4407678246498108
(9,28): 0.5064750909805298
(9,39): 0.5359431505203247
(9,44): 0.4971765875816345
(9,45): 0.5324070453643799
(10,2): 0.4781758189201355
(10,3): 0.42768165469169617
(10,6): 0.4265340566635132
(10,8): 0.5182720422744751
(10,9): 0.4975354075431824
(10,20): 0.4648823142051697
(10,21): 0.4253568947315216
(10,22): 0.45344454050064087
(10,23): 0.44484105706214905
(10,24): 0.48912742733955383
(10,28): 0.4405931532382965
(10,30): 0.449834406375885
(10,38): 0.5064429044723511
(10,39): 0.4124336242675781
(10,45): 0.5333938002586365
(10,46): 0.41591334342956543
(10,47): 0.5642623901367188
(11,25): 0.47811359167099
(11,26): 0.4632817208766937
(11,27): 0.41047242283821106
(11,29): 0.4897867441177368
(11,34): 0.5299138426780701
(11,37): 0.4809878468513489
(11,56): 0.4581075608730316
(11,64): 0.4962201714515686
(12,3): 0.5339781641960144
(12,9): 0.5685641765594482
(12,13): 0.5386551022529602
(12,19): 0.5190636515617371
(12,20): 0.5182201862335205
(12,39): 0.5066105127334595
(12,42): 0.47506487369537354
(12,49): 0.4983684718608856
(13,3): 0.4752255976200104
(13,12): 0.4323303699493408
(13,15): 0.5130268335342407
(13,16): 0.578173041343689
(13,18): 0.4989249110221863
(13,19): 0.44554561376571655
(13,20): 0.48164379596710205
(13,35): 0.4971763491630554
(13,36): 0.4527251720428467
(13,39): 0.4793052673339844
(13,50): 0.4998236894607544
(13,51): 0.47879040241241455
(14,1): 0.43737637996673584
(14,35): 0.46004560589790344
(14,50): 0.5546603798866272
(14,51): 0.552846372127533
(14,55): 0.4461219608783722
(14,58): 0.44551002979278564
(15,1): 0.530958354473114
(15,13): 0.4466867446899414
(15,16): 0.5238897204399109
(15,17): 0.43203848600387573
(15,18): 0.46217894554138184
(15,32): 0.4734230637550354
(15,33): 0.4857023358345032
(15,49): 0.49761083722114563
(15,58): 0.5495666861534119
(16,1): 0.49873730540275574
(16,13): 0.5391453504562378
(16,15): 0.48631420731544495
(16,17): 0.48868656158447266
(16,18): 0.5491421222686768
(16,32): 0.48044905066490173
(16,33): 0.46168816089630127
(16,36): 0.45700061321258545
(16,51): 0.48423677682876587
(17,15): 0.4253568947315216
(17,16): 0.5478519201278687
(17,18): 0.5911141037940979
(17,32): 0.44400981068611145
(17,33): 0.4623568058013916
(17,36): 0.4125714898109436
(17,50): 0.47841495275497437
(17,52): 0.4769067168235779
(18,13): 0.4575609266757965
(18,15): 0.4363236427307129
(18,16): 0.5305371880531311
(18,17): 0.38849911093711853
(18,32): 0.5380117893218994
(18,33): 0.5539594292640686
(18,36): 0.4912993311882019
(18,52): 0.5804650783538818
(18,53): 0.5229394435882568
(19,2): 0.4516085088253021
(19,3): 0.5023024678230286
(19,6): 0.4601156711578369
(19,9): 0.5058742761611938
(19,12): 0.5474318265914917
(19,13): 0.5054383277893066
(19,20): 0.5408087968826294
(19,35): 0.49409905076026917
(19,39): 0.5033001899719238
(19,50): 0.5169497132301331
(19,51): 0.5641719102859497
(19,53): 0.5844447612762451
(19,65): 0.5194975137710571
(20,2): 0.4845394194126129
(20,3): 0.4603153169155121
(20,6): 0.44964799284935
(20,9): 0.4707797169685364
(20,10): 0.5717433094978333
(20,12): 0.5376651883125305
(20,13): 0.45784175395965576
(20,19): 0.4532923400402069
(20,35): 0.49907195568084717
(20,42): 0.5147141218185425
(21,3): 0.481211394071579
(21,8): 0.4571220278739929
(21,9): 0.4744281470775604
(21,10): 0.4744332432746887
(21,28): 0.5014379620552063
(21,51): 0.5367521643638611
(21,54): 0.4370887875556946
(21,56): 0.43272915482521057
(21,57): 0.5183253884315491
(21,61): 0.5080492496490479
(22,2): 0.48710209131240845
(22,6): 0.4990331828594208
(22,9): 0.459869384765625
(22,10): 0.4050063490867615
(22,23): 0.48620694875717163
(22,24): 0.40608760714530945
(22,25): 0.5024893283843994
(22,28): 0.5311705470085144
(22,30): 0.42149052023887634
(22,31): 0.49456968903541565
(22,38): 0.4556328058242798
(22,42): 0.5581680536270142
(22,49): 0.490246057510376
(22,50): 0.5416081547737122
(22,56): 0.4801678955554962
(23,4): 0.4582372307777405
(23,10): 0.40769657492637634
(23,22): 0.4989575445652008
(23,24): 0.422847181558609
(23,25): 0.5636875629425049
(23,27): 0.554509162902832
(23,28): 0.4699978530406952
(23,29): 0.48148882389068604
(23,30): 0.5319551229476929
(23,31): 0.5638414621353149
(23,37): 0.46418866515159607
(23,38): 0.4629376530647278
(23,48): 0.5032706260681152
(23,51): 0.526843786239624
(23,59): 0.5754858255386353
(23,61): 0.5048925280570984
(24,4): 0.41286373138427734
(24,10): 0.48640021681785583
(24,22): 0.4629928469657898
(24,23): 0.4157083034515381
(24,25): 0.5332678556442261
(24,27): 0.5281042456626892
(24,28): 0.42545267939567566
(24,29): 0.5257725715637207
(24,30): 0.4409177303314209
(24,31): 0.5279433131217957
(24,37): 0.44607704877853394
(24,58): 0.5353041887283325
(24,63): 0.5648635625839233
(25,4): 0.4373859167098999
(25,5): 0.4795260429382324
(25,11): 0.4322180151939392
(25,22): 0.43885648250579834
(25,23): 0.5243563652038574
(25,24): 0.4560103714466095
(25,26): 0.47051411867141724
(25,27): 0.37096402049064636
(25,29): 0.41571149230003357
(25,30): 0.5163670182228088
(25,31): 0.445218563079834
(25,34): 0.5106458067893982
(25,37): 0.4136562645435333
(25,38): 0.45129072666168213
(25,49): 0.5123481750488281
(26,11): 0.4244287312030792
(26,25): 0.4409947693347931
(26,27): 0.5614502429962158
(26,29): 0.425542950630188
(26,31): 0.3963733911514282
(26,34): 0.5097013711929321
(26,37): 0.4318810999393463
(26,62): 0.4457520544528961
(27,0): 0.4797326922416687
(27,4): 0.5858115553855896
(27,5): 0.5482596158981323
(27,7): 0.5300359725952148
(27,11): 0.4928891062736511
(27,23): 0.48991701006889343
(27,24): 0.44495469331741333
(27,25): 0.5214436054229736
(27,26): 0.47715163230895996
(27,29): 0.5513118505477905
(27,31): 0.4509372115135193
(27,34): 0.4367176592350006
(27,37): 0.508074939250946
(27,38): 0.4383358359336853
(27,58): 0.4794495105743408
(28,2): 0.446365624666214
(28,6): 0.48737505078315735
(28,9): 0.46376416087150574
(28,10): 0.46564775705337524
(28,21): 0.4925858974456787
(28,22): 0.5090476870536804
(28,23): 0.508222758769989
(28,24): 0.44601675868034363
(28,30): 0.4623161256313324
(28,31): 0.3918086588382721
(28,38): 0.44684267044067383
(28,49): 0.46516573429107666
(28,56): 0.5266820788383484
(28,61): 0.5132122039794922
(29,11): 0.4267180562019348
(29,23): 0.44884082674980164
(29,24): 0.45273661613464355
(29,25): 0.49845826625823975
(29,26): 0.5661972761154175
(29,27): 0.5000596046447754
(29,31): 0.47047674655914307
(29,34): 0.4669305980205536
(29,38): 0.5485479831695557
(29,61): 0.6077736020088196
(29,63): 0.5310247540473938
(30,2): 0.5435089468955994
(30,6): 0.46018487215042114
(30,10): 0.5336658358573914
(30,22): 0.4931735694408417
(30,23): 0.4996239244937897
(30,24): 0.5060129165649414
(30,25): 0.4886116683483124
(30,28): 0.48616668581962585
(30,31): 0.44980907440185547
(30,38): 0.455788254737854
(30,48): 0.5823326706886292
(31,4): 0.5262300968170166
(31,22): 0.5049636960029602
(31,23): 0.4613579511642456
(31,24): 0.5339258313179016
(31,25): 0.49008479714393616
(31,26): 0.5189037322998047
(31,27): 0.48480701446533203
(31,28): 0.5048128962516785
(31,29): 0.46718835830688477
(31,30): 0.4990568161010742
(31,34): 0.4640769064426422
(31,37): 0.50309157371521
(31,38): 0.49809160828590393
(31,61): 0.41751807928085327
(31,62): 0.5020886063575745
(32,15): 0.5240553617477417
(32,16): 0.396022766828537
(32,17): 0.4896930158138275
(32,18): 0.4347273111343384
(32,33): 0.4532378017902374
(32,36): 0.48830446600914
(32,65): 0.5351738929748535
(33,15): 0.5572350025177002
(33,16): 0.5323832631111145
(33,17): 0.4736412465572357
(33,18): 0.5650772452354431
(33,32): 0.41097259521484375
(33,36): 0.45110341906547546
(33,52): 0.5153491497039795
(34,4): 0.5794678330421448
(34,5): 0.5137269496917725
(34,11): 0.47473224997520447
(34,25): 0.5854895710945129
(34,26): 0.5661011338233948
(34,27): 0.47323882579803467
(34,29): 0.489360511302948
(34,31): 0.46410104632377625
(34,37): 0.48807933926582336
(34,58): 0.5847397446632385
(34,59): 0.4452681541442871
(35,1): 0.4714822769165039
(35,13): 0.5125166177749634
(35,14): 0.523629367351532
(35,19): 0.43872830271720886
(35,20): 0.546705424785614
(35,39): 0.48739194869995117
(36,1): 0.5171371698379517
(36,13): 0.5167058706283569
(36,16): 0.49050357937812805
(36,17): 0.5052886605262756
(36,18): 0.47251924872398376
(36,32): 0.555044412612915
(36,33): 0.5330865979194641
(37,11): 0.5148223638534546
(37,23): 0.4253003001213074
(37,24): 0.5206063389778137
(37,25): 0.5399991869926453
(37,26): 0.499299556016922
(37,27): 0.44418802857398987
(37,31): 0.5075510144233704
(37,34): 0.5502151846885681
(37,38): 0.5076133608818054
(38,4): 0.562814474105835
(38,10): 0.5656452775001526
(38,22): 0.425597220659256
(38,23): 0.4065547287464142
(38,25): 0.5046265721321106
(38,27): 0.5589485168457031
(38,28): 0.42131078243255615
(38,29): 0.3973342180252075
(38,30): 0.466618150472641
(38,31): 0.5006683468818665
(38,37): 0.4926718771457672
(39,2): 0.5890786051750183
(39,3): 0.4971874952316284
(39,6): 0.5222280621528625
(39,9): 0.42933884263038635
(39,10): 0.502021312713623
(39,12): 0.4882318377494812
(39,13): 0.48142746090888977
(39,19): 0.5143917798995972
(39,35): 0.5326083898544312
(40,0): 0.5279449820518494
(40,1): 0.5717532634735107
(40,4): 0.585608184337616
(40,5): 0.47999727725982666
(40,41): 0.47205519676208496
(41,0): 0.5544968247413635
(41,4): 0.5348457098007202
(41,5): 0.44534537196159363
(41,40): 0.5146607756614685
(42,8): 0.5763382315635681
(42,12): 0.5415967106819153
(42,20): 0.44716233015060425
(42,22): 0.5342735648155212
(42,43): 0.48770466446876526
(42,45): 0.47789469361305237
(42,53): 0.5194872617721558
(43,8): 0.6477593183517456
(43,42): 0.4834953844547272
(43,57): 0.46313178539276123
(44,9): 0.5822625160217285
(44,45): 0.49131619930267334
(44,47): 0.512615442276001
(45,9): 0.5250059962272644
(45,10): 0.546571671962738
(45,42): 0.45489737391471863
(45,44): 0.5242524147033691
(45,53): 0.5062794089317322
(46,10): 0.5517563819885254
(46,60): 0.42748865485191345
(47,10): 0.472006231546402
(47,44): 0.4958028793334961
(48,23): 0.5289337038993835
(48,30): 0.4739261269569397
(48,63): 0.4626449644565582
(49,12): 0.39155200123786926
(49,15): 0.544741153717041
(49,22): 0.4552493393421173
(49,25): 0.49841970205307007
(49,28): 0.5887880325317383
(49,55): 0.4174710810184479
(50,13): 0.5033164024353027
(50,14): 0.6114785075187683
(50,17): 0.5272818207740784
(50,19): 0.5136735439300537
(50,22): 0.5567384958267212
(51,13): 0.43454769253730774
(51,14): 0.4832509756088257
(51,16): 0.5125114917755127
(51,19): 0.5416632890701294
(51,21): 0.49319571256637573
(51,23): 0.5180798768997192
(52,17): 0.547893226146698
(52,18): 0.49099814891815186
(52,33): 0.4880947470664978
(53,18): 0.4943588972091675
(53,19): 0.6010100245475769
(53,42): 0.5128470659255981
(53,45): 0.43244606256484985
(54,21): 0.5012618899345398
(54,55): 0.5258253812789917
(55,14): 0.5279119610786438
(55,49): 0.4432518780231476
(55,54): 0.5466145873069763
(55,57): 0.556309163570404
(56,11): 0.5173870325088501
(56,21): 0.5112758874893188
(56,22): 0.4855925738811493
(56,28): 0.5510064959526062
(56,60): 0.5599665641784668
(56,62): 0.47840386629104614
(57,21): 0.47744113206863403
(57,43): 0.4634180963039398
(57,55): 0.5272685885429382
(58,14): 0.5202370882034302
(58,15): 0.5336734652519226
(58,24): 0.49123242497444153
(58,27): 0.46268630027770996
(58,34): 0.4798324704170227
(59,23): 0.4372042417526245
(59,34): 0.48479142785072327
(60,8): 0.5853099822998047
(60,46): 0.4771477282047272
(60,56): 0.46224480867385864
(61,21): 0.531669020652771
(61,23): 0.5887505412101746
(61,28): 0.5776110887527466
(61,29): 0.49103590846061707
(61,31): 0.5664582848548889
(62,26): 0.5225824117660522
(62,31): 0.5492091774940491
(62,56): 0.45896169543266296
(63,24): 0.5381050705909729
(63,29): 0.5192070603370667
(63,48): 0.47719788551330566
(64,11): 0.48678475618362427
(65,19): 0.5387243032455444
(65,32): 0.5480237007141113
