Interaction name: 6ckr

Affinity: 7.300000190734863
Predicted value: 6.5860395431518555

Attributions for edges: 

(0,4): 0.545486330986023
(0,5): 0.0
(0,6): 0.0
(0,17): 0.44926750659942627
(1,2): 0.0
(1,10): 0.0
(1,17): 0.5811284780502319
(1,18): 0.5418403744697571
(2,1): 0.0
(2,7): 0.0
(2,10): 0.0
(2,17): 0.5421161651611328
(2,18): 0.0
(3,23): 0.5004313588142395
(4,0): 0.40040311217308044
(4,5): 0.0
(4,6): 0.0
(4,7): 0.471999853849411
(4,8): 0.49978408217430115
(4,11): 0.0
(4,13): 0.0
(4,14): 0.0
(4,15): 0.5630835890769958
(4,16): 0.3363202214241028
(4,25): 0.6100998520851135
(5,0): 0.0
(5,4): 0.0
(5,6): 0.0
(5,13): 0.0
(5,14): 0.0
(5,15): 0.4530583918094635
(5,22): 0.3524758517742157
(5,25): 0.6176018714904785
(6,0): 0.0
(6,4): 0.0
(6,5): 0.0
(6,11): 0.5464807748794556
(6,13): 0.0
(6,14): 0.0
(6,15): 0.4400548040866852
(6,21): 0.45106571912765503
(7,2): 0.0
(7,4): 0.6339405179023743
(7,8): 0.0
(7,9): 0.0
(7,10): 0.4144110679626465
(7,11): 0.0
(7,12): 0.5366531014442444
(7,16): 0.0
(7,19): 0.34828341007232666
(7,20): 0.4518462121486664
(8,4): 0.6419936418533325
(8,7): 0.0
(8,9): 0.0
(8,11): 0.0
(8,12): 0.0
(8,13): 0.42919817566871643
(9,7): 0.0
(9,8): 0.0
(9,11): 0.0
(9,12): 0.0
(9,16): 0.0
(9,23): 0.43736252188682556
(10,1): 0.0
(10,2): 0.0
(10,7): 0.41151943802833557
(10,19): 0.4574136734008789
(10,25): 0.4137052893638611
(11,4): 0.0
(11,6): 0.46724456548690796
(11,7): 0.0
(11,8): 0.0
(11,9): 0.0
(11,12): 0.39005157351493835
(11,13): 0.45471954345703125
(11,16): 0.0
(11,25): 0.4530353248119354
(12,7): 0.0
(12,8): 0.0
(12,9): 0.0
(12,11): 0.0
(12,16): 0.0
(13,4): 0.0
(13,5): 0.0
(13,6): 0.0
(13,8): 0.483549565076828
(13,11): 0.5289300084114075
(13,14): 0.0
(13,15): 0.0
(13,16): 0.49188679456710815
(13,20): 0.564182698726654
(14,4): 0.0
(14,5): 0.0
(14,6): 0.0
(14,13): 0.0
(14,15): 0.0
(14,24): 0.3839963674545288
(15,4): 0.0
(15,5): 0.0
(15,6): 0.0
(15,13): 0.0
(15,14): 0.0
(16,4): 0.4255621135234833
(16,7): 0.0
(16,9): 0.0
(16,11): 0.0
(16,12): 0.39941781759262085
(16,13): 0.3798508644104004
(17,0): 0.46931618452072144
(17,1): 0.5914565324783325
(17,2): 0.5119516253471375
(17,22): 0.3363887071609497
(18,1): 0.6336601972579956
(18,2): 0.0
(19,7): 0.46651142835617065
(19,10): 0.5012697577476501
(20,7): 0.4733600318431854
(20,13): 0.5721650719642639
(20,23): 0.0
(21,6): 0.5378921031951904
(21,22): 0.0
(22,5): 0.3336784541606903
(22,17): 0.6275158524513245
(22,21): 0.0
(23,3): 0.5187196731567383
(23,9): 0.4582410752773285
(23,20): 0.0
(24,14): 0.38598617911338806
(25,4): 0.4209352433681488
(25,5): 0.5115905404090881
(25,10): 0.47001412510871887
(25,11): 0.4268288016319275
