Interaction name: 5fbo

Affinity: 9.510000228881836
Predicted value: 7.572990417480469

Attributions for edges: 

(0,5): 0.5102086067199707
(0,26): 0.4532236158847809
(1,7): 0.4916590452194214
(1,9): 0.4085759222507477
(1,10): 0.5057387351989746
(1,13): 0.48532524704933167
(1,14): 0.5070542693138123
(1,24): 0.5087966322898865
(2,6): 0.43190088868141174
(2,11): 0.5361868739128113
(2,12): 0.4394170045852661
(2,17): 0.4276517629623413
(2,25): 0.4256892204284668
(3,6): 0.4331547021865845
(3,15): 0.5076978802680969
(3,16): 0.4389868378639221
(3,17): 0.46833670139312744
(4,7): 0.5472016334533691
(4,23): 0.4741363525390625
(4,26): 0.5555788278579712
(4,27): 0.5446852445602417
(5,0): 0.3729114234447479
(5,10): 0.4073680639266968
(5,14): 0.37605372071266174
(5,24): 0.4765731394290924
(5,28): 0.5068973898887634
(6,2): 0.57831209897995
(6,3): 0.44535931944847107
(6,11): 0.5371628999710083
(6,12): 0.5685358643531799
(6,16): 0.4735527038574219
(6,17): 0.5589627027511597
(6,25): 0.508735716342926
(7,1): 0.4208081364631653
(7,4): 0.5456936359405518
(7,8): 0.44063600897789
(7,9): 0.4930279850959778
(7,22): 0.5423765778541565
(7,36): 0.37540003657341003
(7,39): 0.4952722191810608
(8,7): 0.5313223004341125
(8,9): 0.4294244945049286
(8,22): 0.4638446271419525
(9,1): 0.34524187445640564
(9,7): 0.5368750095367432
(9,8): 0.4245927631855011
(9,22): 0.48835620284080505
(9,29): 0.4780644178390503
(9,30): 0.48781856894493103
(9,35): 0.5634915828704834
(9,40): 0.4324849545955658
(10,1): 0.47115635871887207
(10,5): 0.46223512291908264
(10,11): 0.41853323578834534
(10,12): 0.507154107093811
(10,13): 0.38300827145576477
(10,14): 0.4455172121524811
(10,24): 0.48575466871261597
(10,25): 0.4882862865924835
(10,38): 0.43393009901046753
(11,2): 0.44714465737342834
(11,6): 0.4621260464191437
(11,10): 0.48179158568382263
(11,12): 0.48970457911491394
(11,13): 0.4712965488433838
(11,14): 0.41570037603378296
(11,24): 0.5473911166191101
(11,25): 0.49967965483665466
(11,31): 0.49620696902275085
(12,2): 0.4732101559638977
(12,6): 0.42829975485801697
(12,10): 0.47659435868263245
(12,11): 0.45046326518058777
(12,13): 0.4374461770057678
(12,24): 0.5425096750259399
(12,25): 0.3779004216194153
(13,1): 0.42948490381240845
(13,10): 0.413669228553772
(13,11): 0.44881781935691833
(13,12): 0.5113564729690552
(13,14): 0.49525994062423706
(13,24): 0.5079883933067322
(13,25): 0.4865243434906006
(13,29): 0.4390964210033417
(13,35): 0.5123558044433594
(13,37): 0.5300449728965759
(14,1): 0.49576419591903687
(14,5): 0.44432514905929565
(14,10): 0.5079829096794128
(14,11): 0.5223928689956665
(14,13): 0.4571939706802368
(14,24): 0.4426596760749817
(14,25): 0.5467255711555481
(14,29): 0.5408937335014343
(14,30): 0.4134986102581024
(14,38): 0.47835034132003784
(15,3): 0.434068500995636
(15,16): 0.4055900573730469
(15,17): 0.5945367813110352
(15,18): 0.40537866950035095
(15,19): 0.4357800781726837
(15,20): 0.4289770722389221
(15,21): 0.3707822263240814
(15,31): 0.4242539405822754
(15,32): 0.4646838307380676
(15,43): 0.4642757177352905
(16,3): 0.40236833691596985
(16,6): 0.4565180540084839
(16,15): 0.4358515441417694
(16,17): 0.46638837456703186
(16,18): 0.3873276710510254
(16,19): 0.5422922372817993
(16,20): 0.5404626131057739
(16,21): 0.3999607264995575
(16,40): 0.4760517179965973
(17,2): 0.3623794913291931
(17,3): 0.49966952204704285
(17,6): 0.38401785492897034
(17,15): 0.39918580651283264
(17,16): 0.5842880010604858
(17,18): 0.6056496500968933
(17,19): 0.5296799540519714
(17,20): 0.3740103840827942
(17,21): 0.5435031652450562
(17,41): 0.570814311504364
(18,15): 0.5751541256904602
(18,16): 0.5379086136817932
(18,17): 0.5145131349563599
(18,19): 0.53122878074646
(18,20): 0.43565043807029724
(18,21): 0.41890275478363037
(19,15): 0.41768723726272583
(19,16): 0.4909416437149048
(19,17): 0.5304908156394958
(19,18): 0.42305633425712585
(19,20): 0.4083690643310547
(19,21): 0.5207678079605103
(19,30): 0.598525881767273
(19,32): 0.5447563529014587
(19,36): 0.48807740211486816
(19,37): 0.5786609053611755
(19,39): 0.444831907749176
(20,15): 0.5249665975570679
(20,16): 0.4988934397697449
(20,17): 0.44030794501304626
(20,18): 0.4140724539756775
(20,19): 0.5168437361717224
(20,21): 0.42747724056243896
(20,33): 0.4961814284324646
(20,34): 0.5385661125183105
(20,36): 0.5202915668487549
(20,37): 0.5228469967842102
(20,43): 0.41901683807373047
(21,15): 0.5195181965827942
(21,16): 0.42912906408309937
(21,17): 0.43827024102211
(21,18): 0.5274332761764526
(21,19): 0.45493775606155396
(21,20): 0.47200602293014526
(21,31): 0.4844016432762146
(21,41): 0.4742404520511627
(21,42): 0.4842798411846161
(22,7): 0.4272274672985077
(22,8): 0.38399192690849304
(22,9): 0.46881139278411865
(22,30): 0.4018084406852722
(22,35): 0.4946705400943756
(22,36): 0.49484264850616455
(23,4): 0.4633094072341919
(23,35): 0.46206343173980713
(23,37): 0.4410765469074249
(24,1): 0.4013131260871887
(24,5): 0.5323171019554138
(24,10): 0.5559110045433044
(24,11): 0.5254637002944946
(24,12): 0.547135055065155
(24,13): 0.48499757051467896
(24,14): 0.509273111820221
(24,25): 0.5448961853981018
(24,32): 0.40979674458503723
(24,36): 0.462371289730072
(25,2): 0.42449951171875
(25,6): 0.3351389467716217
(25,10): 0.4146803319454193
(25,11): 0.505536675453186
(25,12): 0.504781186580658
(25,13): 0.41756725311279297
(25,14): 0.4687175452709198
(25,24): 0.5243030190467834
(25,39): 0.5025193691253662
(25,41): 0.5033954977989197
(26,0): 0.572015643119812
(26,4): 0.4967972934246063
(26,28): 0.4982225000858307
(27,4): 0.4518775939941406
(27,35): 0.46311911940574646
(28,5): 0.5749302506446838
(28,26): 0.5416797399520874
(28,38): 0.5028083920478821
(29,9): 0.525763750076294
(29,13): 0.41901522874832153
(29,14): 0.5209026336669922
(29,36): 0.5390352606773376
(29,41): 0.47483575344085693
(30,9): 0.4805576801300049
(30,14): 0.5087399482727051
(30,19): 0.4848906993865967
(30,22): 0.5141473412513733
(30,41): 0.4754505455493927
(31,11): 0.3845248520374298
(31,15): 0.5037139058113098
(31,21): 0.5268781781196594
(32,15): 0.5859891772270203
(32,19): 0.40759193897247314
(32,24): 0.5104356408119202
(33,20): 0.5250639319419861
(33,34): 0.3769661784172058
(33,43): 0.477342814207077
(34,20): 0.47237929701805115
(34,33): 0.4845687448978424
(35,9): 0.46483513712882996
(35,13): 0.5471265316009521
(35,22): 0.4787227511405945
(35,23): 0.4444739818572998
(35,27): 0.5547652840614319
(36,7): 0.4260837435722351
(36,19): 0.5246493816375732
(36,20): 0.5357262492179871
(36,22): 0.447965532541275
(36,24): 0.4877307415008545
(36,29): 0.4017825722694397
(37,13): 0.31702497601509094
(37,19): 0.44967836141586304
(37,20): 0.42707279324531555
(37,23): 0.4098184406757355
(38,10): 0.5407366752624512
(38,14): 0.5222582221031189
(38,28): 0.4502142369747162
(39,7): 0.45699894428253174
(39,19): 0.536162793636322
(39,25): 0.47331002354621887
(40,9): 0.4732982814311981
(40,16): 0.4100034236907959
(40,42): 0.4622001349925995
(41,17): 0.5479172468185425
(41,21): 0.4120830297470093
(41,25): 0.45096150040626526
(41,29): 0.6036141514778137
(41,30): 0.5385544300079346
(42,21): 0.4824109971523285
(42,40): 0.4515112638473511
(43,15): 0.5023048520088196
(43,20): 0.4603694975376129
(43,33): 0.4929778575897217
