Interaction name: 5u7o

Affinity: 7.139999866485596
Predicted value: 6.912368297576904

Attributions for edges: 

(0,2): 0.48361456394195557
(0,6): 0.46639955043792725
(0,7): 0.4278678596019745
(0,8): 0.5229778289794922
(0,10): 0.49862441420555115
(0,11): 0.40944206714630127
(1,2): 0.475037544965744
(1,13): 0.4960446357727051
(2,0): 0.4926406443119049
(2,1): 0.41688552498817444
(2,7): 0.4637364149093628
(2,11): 0.4221009612083435
(2,13): 0.4670007824897766
(3,5): 0.3709883689880371
(3,6): 0.46349844336509705
(3,8): 0.4695591330528259
(3,10): 0.43975546956062317
(3,20): 0.4772830605506897
(4,9): 0.4728280007839203
(4,14): 0.42678847908973694
(4,17): 0.40026742219924927
(4,20): 0.4722979664802551
(5,3): 0.4232962727546692
(5,8): 0.4465913772583008
(6,0): 0.5160112977027893
(6,3): 0.4561471939086914
(6,8): 0.3948884904384613
(6,10): 0.3734119236469269
(6,11): 0.5163634419441223
(6,12): 0.5377697944641113
(6,20): 0.38915881514549255
(7,0): 0.40965956449508667
(7,2): 0.44488734006881714
(7,8): 0.49988672137260437
(7,10): 0.42441877722740173
(7,11): 0.3985449969768524
(8,0): 0.4640487730503082
(8,3): 0.43046829104423523
(8,5): 0.48981255292892456
(8,6): 0.5032970309257507
(8,7): 0.5966224074363708
(8,10): 0.48485463857650757
(8,11): 0.4569762051105499
(8,12): 0.4030221700668335
(8,21): 0.5245733261108398
(8,27): 0.40212756395339966
(9,4): 0.49433931708335876
(9,14): 0.5001785755157471
(9,15): 0.4582463800907135
(9,16): 0.4097242057323456
(9,17): 0.4939267039299011
(9,18): 0.4037148654460907
(9,19): 0.5984781980514526
(9,26): 0.377567321062088
(10,0): 0.5833686590194702
(10,3): 0.38538116216659546
(10,6): 0.49214622378349304
(10,7): 0.5002333521842957
(10,8): 0.5160649418830872
(10,11): 0.4384726583957672
(10,12): 0.5248616337776184
(10,22): 0.5354841351509094
(10,25): 0.4778011739253998
(11,0): 0.49689769744873047
(11,2): 0.5417647957801819
(11,6): 0.4743348956108093
(11,7): 0.5101556777954102
(11,8): 0.4962555766105652
(11,10): 0.45399701595306396
(11,23): 0.47182008624076843
(12,6): 0.43189114332199097
(12,8): 0.5946192145347595
(12,10): 0.46798422932624817
(12,22): 0.42072683572769165
(12,24): 0.4089043140411377
(12,25): 0.41805750131607056
(12,28): 0.47098666429519653
(13,1): 0.4737400412559509
(13,2): 0.45259425044059753
(13,21): 0.5129995942115784
(13,27): 0.5320916771888733
(14,4): 0.4923158884048462
(14,9): 0.4907359480857849
(14,15): 0.510566234588623
(14,16): 0.5289425849914551
(14,17): 0.4574192464351654
(14,18): 0.45132625102996826
(14,19): 0.48813149333000183
(14,21): 0.3874197006225586
(15,9): 0.4755924344062805
(15,14): 0.4829065203666687
(15,16): 0.3666224777698517
(15,17): 0.4231448173522949
(15,18): 0.41194042563438416
(15,19): 0.3887198567390442
(16,9): 0.5511237382888794
(16,14): 0.539611279964447
(16,15): 0.5602349638938904
(16,17): 0.6067516207695007
(16,18): 0.3846166729927063
(17,4): 0.47397080063819885
(17,9): 0.5300895571708679
(17,14): 0.40470677614212036
(17,15): 0.5221450924873352
(17,16): 0.4391528367996216
(17,18): 0.4897812008857727
(17,19): 0.5508280396461487
(18,9): 0.5935431718826294
(18,14): 0.39187294244766235
(18,15): 0.398948609828949
(18,16): 0.5564674139022827
(18,17): 0.4915216863155365
(18,19): 0.35091978311538696
(18,28): 0.34424829483032227
(19,9): 0.5059453248977661
(19,14): 0.4846811890602112
(19,15): 0.4860732853412628
(19,17): 0.47453996539115906
(19,18): 0.38519981503486633
(20,3): 0.41035202145576477
(20,4): 0.418694406747818
(20,6): 0.36103686690330505
(20,22): 0.48151302337646484
(20,27): 0.5652936697006226
(21,8): 0.3998575210571289
(21,13): 0.465962290763855
(21,14): 0.5529268383979797
(22,10): 0.4305434226989746
(22,12): 0.44129693508148193
(22,20): 0.5368922352790833
(22,27): 0.48346585035324097
(23,11): 0.5742652416229248
(24,12): 0.4355786144733429
(24,25): 0.506233274936676
(25,10): 0.3276764750480652
(25,12): 0.40513426065444946
(25,24): 0.46661341190338135
(26,9): 0.40823298692703247
(27,8): 0.42289137840270996
(27,13): 0.5008400678634644
(27,20): 0.43586215376853943
(27,22): 0.49862945079803467
(28,12): 0.39373353123664856
(28,18): 0.561385989189148
