Interaction name: 5kpk

Affinity: 8.300000190734863
Predicted value: 7.711536884307861

Shapley values for edges: 

(0,5): -0.010841298103332519
(0,7): -0.006169638633728027
(0,8): 0.0009439897537231446
(0,9): 0.0380595588684082
(0,13): -0.062112975120544436
(0,14): 0.06399853706359863
(0,18): 0.06345727443695068
(1,2): 0.036374878883361814
(1,3): 0.002591552734375
(1,10): -0.010932126045227052
(1,11): 0.0007655572891235352
(1,12): -0.024665875434875487
(1,13): -0.0005522012710571289
(1,20): 0.005407609939575195
(2,1): -0.0579280424118042
(2,3): -0.0029030752182006834
(2,10): -0.003953719139099121
(2,13): -0.012641935348510743
(2,20): 0.02182694911956787
(3,1): -0.018889093399047853
(3,2): -0.011566200256347657
(3,4): -0.053979682922363284
(3,13): -0.04160476207733154
(3,20): -0.005995244979858399
(3,21): 0.0014599895477294923
(4,3): 0.03773423194885254
(4,5): -0.023461437225341795
(4,6): 0.0045414924621582035
(4,7): 0.028662090301513673
(4,13): -0.04877336025238037
(4,20): -0.00513845443725586
(4,22): 0.038638033866882325
(4,31): 0.032060708999633786
(4,33): 0.04882134437561035
(5,0): 0.028706150054931642
(5,4): -0.05723495483398437
(5,6): 0.034740204811096194
(5,7): 0.044166555404663084
(5,23): 0.0721870231628418
(5,24): 0.0885075283050537
(5,33): 0.05583555698394775
(5,34): 0.0715362024307251
(6,4): -0.04688095569610596
(6,5): -0.03260741710662842
(6,7): 0.006489720344543457
(6,23): 0.09104545593261719
(7,0): -0.0058303546905517575
(7,4): -0.05329593658447265
(7,5): -0.04472572803497314
(7,6): 0.013939900398254395
(7,13): -0.015177512168884277
(7,26): 0.060078425407409666
(8,0): 0.007758312225341797
(8,9): -0.03511399745941162
(8,10): -0.030437459945678712
(8,13): -0.11419126033782959
(8,14): 0.00022305965423583985
(8,18): 0.022625818252563476
(8,20): -0.0049129676818847655
(8,25): 0.05816068649291992
(8,26): 0.034018850326538085
(8,31): 0.040062847137451174
(8,33): 0.029076061248779296
(8,35): 0.07532349109649658
(9,0): 0.0015178918838500977
(9,8): -0.021742615699768066
(9,10): 0.015150647163391113
(9,13): -0.03732293605804443
(9,14): -0.010321993827819825
(9,15): -0.0016639423370361328
(9,16): -0.026608586311340332
(9,17): 0.02311357021331787
(9,18): -0.00875472068786621
(9,19): 0.060379648208618165
(9,24): 0.07873957633972167
(9,35): 0.051281709671020505
(10,1): 0.011026225090026855
(10,2): 0.06368834972381592
(10,8): -0.022230572700500488
(10,9): -0.035688796043396
(10,11): -0.04072850704193115
(10,12): -0.07398013114929199
(10,13): -0.0183159875869751
(10,14): -0.00040984630584716796
(10,20): 0.011037659645080567
(10,27): 0.08304819583892822
(10,36): 0.061088061332702635
(11,1): 0.010115737915039063
(11,10): -0.016562681198120117
(11,12): -0.07615196704864502
(11,26): 0.04883274555206299
(11,28): 0.03971577644348145
(11,35): 0.04698025703430176
(12,1): -0.013458714485168458
(12,10): -0.012711100578308106
(12,11): -0.04886817455291748
(12,29): 0.07802157878875732
(12,30): 0.04469229698181152
(12,31): 0.022301764488220216
(12,32): 0.06130936622619629
(13,0): -0.000802922248840332
(13,1): -0.008156375885009766
(13,2): 0.018644804954528808
(13,3): -0.014609627723693848
(13,4): -0.04648519515991211
(13,7): 0.025007691383361817
(13,8): -0.13952221870422363
(13,9): -0.004369726181030273
(13,10): -0.00825078010559082
(13,14): 0.005977106094360351
(13,15): 0.02740147113800049
(13,16): 0.017654304504394532
(13,18): 0.013125953674316406
(13,19): 0.052607674598693845
(13,20): 0.020318584442138674
(13,29): 0.08005528926849365
(13,34): 0.03457478046417237
(14,0): 0.02190432071685791
(14,8): -0.05737244129180908
(14,9): 0.006923294067382813
(14,10): 0.004608139991760254
(14,13): -0.06277037620544433
(14,15): 0.01906653881072998
(14,16): -0.024062743186950685
(14,17): 0.029648780822753906
(14,18): -0.018917174339294435
(14,19): 0.0475779914855957
(14,20): -0.022333755493164062
(14,24): 0.07658863544464112
(15,9): 0.03348175048828125
(15,13): 8.312225341796875e-05
(15,14): 0.007606844902038574
(15,16): -0.03441638946533203
(15,17): -0.015003137588500977
(15,18): 0.004800219535827637
(15,27): 0.03982078552246094
(15,36): 0.05114546298980713
(16,9): -0.02333277225494385
(16,13): -0.026604423522949217
(16,14): -0.01836479187011719
(16,15): 0.012041444778442384
(16,17): -0.0005302810668945312
(16,18): -0.056938338279724124
(16,19): 0.02254056453704834
(16,23): 0.03435955047607422
(16,29): 0.10071211814880371
(16,33): 0.015504279136657716
(16,34): 0.017642664909362792
(16,36): 0.02865631103515625
(17,9): -0.004670829772949219
(17,14): -0.009314026832580567
(17,15): -0.00673525333404541
(17,16): -0.08129319190979004
(17,18): -0.0254435396194458
(17,19): 0.03634814739227295
(17,24): 0.10384016513824462
(18,0): 0.0062009477615356445
(18,8): 0.006282148361206055
(18,9): -0.008719186782836914
(18,13): -0.061180124282836916
(18,14): -0.021675524711608888
(18,15): 0.03842942237854004
(18,16): -0.06337331771850586
(18,17): 0.015745925903320312
(18,19): 0.035778045654296875
(18,20): 0.0024088573455810546
(18,34): 0.030730957984924315
(19,9): -0.008467745780944825
(19,13): -0.022690653800964355
(19,14): -0.10284780025482178
(19,16): -0.0690968656539917
(19,17): -0.023310132026672363
(19,18): -0.04940615177154541
(20,1): 0.052798733711242676
(20,2): 0.027763800621032717
(20,3): 0.08039192676544189
(20,4): -0.05084556102752685
(20,8): 0.007886519432067871
(20,10): -0.014253287315368653
(20,13): -0.055942263603210446
(20,14): -0.0741693115234375
(20,18): -0.05786712646484375
(21,3): -0.05256011962890625
(21,22): 0.10649162769317627
(22,4): -0.019252362251281737
(22,21): -0.014099841117858886
(22,33): 0.015239472389221192
(23,5): -0.0202559232711792
(23,6): 0.06839149951934814
(23,16): -0.030708489418029786
(24,5): -0.017527503967285155
(24,9): -0.04235854148864746
(24,14): -0.04332189083099365
(24,17): 0.008649921417236328
(25,8): -0.05341348648071289
(25,27): 0.02872166633605957
(26,7): 0.07198216438293457
(26,8): -0.004126057624816894
(26,11): 0.021562862396240234
(26,35): 0.04013899326324463
(27,10): 0.005850830078125
(27,15): 0.007720327377319336
(27,25): 0.03953497409820557
(28,11): -0.019608936309814452
(28,30): 0.00736170768737793
(29,12): -0.0009401082992553711
(29,13): -0.04239319801330566
(29,16): -0.05309504985809326
(30,12): -0.05766450881958008
(30,28): 0.00044464588165283204
(31,4): -0.018194050788879396
(31,8): 0.035019330978393555
(31,12): -0.003414559364318848
(31,32): 0.06318149566650391
(31,34): 0.044542794227600095
(32,12): -0.0124940824508667
(32,31): 0.0025843191146850586
(32,36): 0.03524195671081543
(33,4): 0.005741963386535645
(33,5): -0.016003074645996093
(33,8): -0.002156219482421875
(33,16): -0.037301740646362304
(33,22): 0.03798939228057861
(34,5): -0.001895604133605957
(34,13): -0.034391317367553714
(34,16): -0.006005020141601563
(34,18): -0.01204850196838379
(34,31): 0.003932585716247558
(35,8): 0.007194910049438476
(35,9): -0.04656790256500244
(35,11): 0.005986790657043457
(35,26): 0.03141514301300049
(36,10): 0.011450729370117187
(36,15): 0.017779326438903807
(36,16): -0.01623248100280762
(36,32): 0.005141830444335938
