Interaction name: 5uhi

Affinity: 8.039999961853027
Predicted value: 7.6741251945495605

Shapley values for edges: 

(0,12): 0.018524618148803712
(0,15): 0.020838603973388672
(0,31): 0.02307570934295654
(0,34): 0.0031633710861206053
(1,9): 0.00626366138458252
(1,11): 0.01095282554626465
(1,27): 0.006947340965270996
(2,4): 0.009493532180786133
(2,8): 0.007245268821716309
(2,10): 0.0034024572372436525
(2,13): 0.007864933013916015
(2,14): 0.004879593849182129
(2,18): 0.003647150993347168
(2,21): 0.0015343141555786133
(2,22): 0.005096449851989746
(2,24): 0.003653430938720703
(2,32): 0.014717121124267579
(2,33): 0.003781137466430664
(3,12): 0.004409923553466797
(3,15): 0.005216307640075683
(3,18): 0.005153241157531738
(3,21): 0.004909982681274414
(3,23): 0.012658710479736329
(3,26): 0.0037799739837646486
(3,29): 0.007737722396850586
(3,30): 0.0052597570419311524
(3,31): -0.005531611442565918
(3,34): 0.0011990976333618164
(3,35): -0.010411558151245117
(4,2): 0.00698648452758789
(4,7): 0.005251193046569824
(4,10): 0.007631502151489258
(4,13): 0.011881179809570312
(4,14): 0.010417037010192871
(4,19): 0.005222530364990235
(4,22): 0.004624810218811035
(4,32): 0.007852706909179687
(5,12): 0.002817230224609375
(5,15): 0.0010770463943481445
(5,18): 0.0035109758377075196
(5,21): 0.0032186651229858397
(5,23): 0.004311304092407226
(5,26): -0.0035756397247314452
(5,29): 0.0005211067199707031
(5,30): 0.007234525680541992
(5,31): -0.0034116268157958984
(6,7): 0.0006720352172851562
(6,9): 0.0005895471572875976
(6,10): -0.0011255645751953125
(6,11): 0.0021672916412353517
(6,14): -0.0013092517852783202
(6,17): -2.8848648071289062e-05
(6,19): 7.344722747802734e-05
(6,27): 0.0020885419845581054
(6,36): 3.0364990234375e-05
(6,52): 0.0017126274108886718
(7,4): -0.00840123176574707
(7,6): 0.0017203426361083985
(7,9): 0.002337799072265625
(7,10): -0.0022017621994018556
(7,11): 0.0024344873428344726
(7,13): -0.0010617351531982421
(7,14): 0.002017836570739746
(7,19): 0.0013371706008911133
(7,22): -0.0006000089645385742
(7,27): 0.002518754005432129
(7,32): -0.010791015625
(7,37): 0.0006136703491210938
(7,44): 0.0027721834182739256
(8,2): -0.00970616340637207
(8,15): -0.0016711902618408202
(8,18): -0.003791770935058594
(8,21): -0.0011244535446166993
(8,22): -0.0006724309921264649
(8,24): -0.0027078819274902344
(8,26): -0.0005807590484619141
(8,32): -0.012920708656311035
(8,37): 0.002960362434387207
(8,38): 0.0047278451919555665
(9,1): -0.011902289390563965
(9,6): 0.0017595386505126953
(9,7): 0.0002580881118774414
(9,11): 0.002260589599609375
(9,14): -0.000989060401916504
(9,19): -0.00029823780059814455
(9,27): -0.00019196033477783203
(10,2): -0.007399301528930664
(10,4): -0.018011898994445802
(10,6): 0.003050107955932617
(10,7): 0.0025339508056640625
(10,13): -0.0018834495544433594
(10,14): 0.0008221578598022461
(10,17): 0.0027576303482055664
(10,19): 0.0010939979553222657
(10,21): -0.0002612924575805664
(10,22): -0.0018939590454101563
(10,24): -0.0006325292587280273
(10,32): -0.014501404762268067
(10,37): 0.00310333251953125
(10,38): 0.004729251861572265
(10,46): 0.004253683090209961
(11,1): -0.01399216651916504
(11,6): 0.0010847330093383789
(11,7): -0.00036408901214599607
(11,9): -0.0008542919158935547
(11,19): -0.0004883146286010742
(11,27): 0.0003923177719116211
(11,41): 0.004851984977722168
(11,50): 0.0011447715759277345
(12,0): -0.020326399803161622
(12,3): -0.005705523490905762
(12,5): -0.018665094375610352
(12,15): -0.00041445732116699216
(12,23): 0.002354445457458496
(12,29): 0.0036097335815429687
(12,30): 0.0033414554595947265
(12,31): -0.008376870155334473
(12,39): 0.004837465286254883
(12,42): 0.006105618476867676
(12,48): 0.006271119117736816
(12,53): 0.004461627006530761
(13,2): -0.010550470352172851
(13,4): -0.014712200164794922
(13,7): 0.002227907180786133
(13,10): -0.00016501903533935547
(13,32): -0.006502747535705566
(13,36): 0.003184375762939453
(13,37): 0.002207059860229492
(13,39): 0.0011966800689697265
(13,43): 0.005154266357421875
(13,44): 0.0028794145584106444
(13,45): 0.007268056869506836
(14,2): -0.008603167533874512
(14,4): -0.01430814266204834
(14,6): 0.002322535514831543
(14,7): 0.00024360179901123047
(14,9): 0.0018695974349975586
(14,10): -0.0028266096115112304
(14,17): 0.001939878463745117
(14,19): 0.0007292032241821289
(14,22): -0.0013898944854736329
(14,24): -0.0019233512878417968
(14,27): 0.0035535335540771485
(14,32): -0.009647393226623535
(14,44): 0.001654338836669922
(14,45): 0.005766744613647461
(14,46): 0.0044947671890258785
(14,47): 0.004708652496337891
(14,50): 0.005391483306884766
(15,0): -0.0183255672454834
(15,3): -0.013496289253234863
(15,5): -0.0029380130767822266
(15,8): 0.00035473823547363284
(15,12): 0.002187032699584961
(15,18): 0.0009324407577514649
(15,21): 0.0008901643753051758
(15,23): 0.0022641849517822266
(15,24): 0.0012283563613891602
(15,25): 0.0076271724700927735
(15,26): 0.0015402793884277343
(15,28): 0.006225352287292481
(15,29): 0.002695178985595703
(15,30): 0.0015113210678100585
(15,31): -0.004464263916015625
(15,33): -0.012702569961547852
(15,39): -0.0006644773483276367
(15,43): 0.008183531761169434
(16,20): -0.0005591058731079101
(16,23): -0.0018464136123657227
(16,25): -0.0008939886093139648
(16,28): -0.0018047475814819336
(16,30): -0.0015059661865234374
(16,48): 0.00021300792694091796
(16,49): 0.005940990447998047
(17,6): 0.0035274600982666015
(17,10): -0.0023083972930908205
(17,14): -0.00057281494140625
(17,19): -3.298759460449219e-05
(17,21): -0.0010172605514526367
(17,22): -0.00146176815032959
(17,24): -0.0012355375289916993
(17,32): -0.011852526664733886
(17,36): 0.0019711923599243166
(17,37): 0.0015680551528930663
(17,39): -0.00014348506927490236
(17,41): 0.0058300065994262695
(17,44): 0.003846111297607422
(17,47): 0.0056806993484497074
(17,50): 0.0029158926010131835
(17,51): 0.01913243770599365
(18,2): -0.005097441673278809
(18,3): -0.005516657829284668
(18,5): -0.011719508171081543
(18,8): 0.0015470361709594726
(18,15): -0.0020564794540405273
(18,21): 0.0010061788558959962
(18,23): 0.001558680534362793
(18,24): -0.00026685714721679687
(18,26): 0.00028707504272460936
(18,29): 0.001252274513244629
(18,30): 0.0011660051345825195
(18,31): -0.004687409400939941
(18,33): -0.007173709869384766
(18,40): 0.007333488464355469
(18,52): 0.0034853315353393557
(19,4): -0.01076775074005127
(19,6): 0.0007728242874145508
(19,7): 0.0005227899551391601
(19,9): 0.0055219030380249026
(19,10): -0.0016215944290161133
(19,11): 0.0020960521697998046
(19,14): 0.0002433490753173828
(19,17): 0.0005864715576171875
(19,22): -0.0028281259536743165
(19,27): 0.0009306812286376953
(19,32): -0.012307233810424804
(19,53): 0.0009711360931396484
(20,16): 7.313251495361328e-05
(20,23): -0.0018271875381469726
(20,25): 0.00012428760528564452
(20,28): -0.0005967426300048828
(20,29): -0.002667722702026367
(20,30): -0.0021049022674560548
(20,38): 0.0012488126754760741
(20,44): -0.00017202377319335937
(20,48): 0.00019706249237060546
(20,49): 0.006831679344177246
(20,52): 0.00046653270721435546
(21,2): -0.007628579139709473
(21,3): -0.0040794038772583
(21,5): -0.020108366012573244
(21,8): 0.0010329246520996093
(21,10): 0.0013707828521728515
(21,15): -0.0015678024291992188
(21,17): 0.002843317985534668
(21,18): -0.0007094812393188477
(21,22): -0.0003555870056152344
(21,24): 6.899833679199218e-05
(21,26): -0.003688502311706543
(21,29): 0.0021619367599487304
(21,30): 0.0021990489959716796
(21,31): -0.009683241844177246
(21,33): -0.013362956047058106
(21,36): 0.004314498901367187
(21,39): 0.003914918899536133
(21,40): 0.006401119232177735
(21,50): 0.005993571281433106
(22,2): -0.008113861083984375
(22,4): -0.010936212539672852
(22,7): 0.0015627384185791016
(22,8): -0.0005289506912231445
(22,10): -0.0013028287887573242
(22,14): 0.0009227228164672851
(22,17): 0.001731891632080078
(22,19): 0.001886911392211914
(22,21): -0.0012349939346313476
(22,24): -0.0016489744186401368
(22,26): -0.0002992868423461914
(22,32): -0.009533333778381347
(22,33): -0.010882759094238281
(22,53): 0.0018703222274780273
(23,3): -0.006880936622619629
(23,5): -0.009815874099731446
(23,12): -0.0006375265121459961
(23,15): -0.00091522216796875
(23,16): 0.004994883537292481
(23,18): -0.0011763858795166015
(23,20): 0.003146543502807617
(23,25): 0.0029529428482055666
(23,26): -0.0013078880310058594
(23,28): 0.004065213203430176
(23,29): 0.0013274621963500976
(23,30): 0.0002826976776123047
(23,31): -0.01095308780670166
(23,42): 0.007279553413391113
(23,48): 0.004327716827392578
(24,2): -0.008799519538879395
(24,8): -0.00021480560302734376
(24,10): 0.00036602020263671876
(24,14): 0.0007643795013427734
(24,15): -0.001334991455078125
(24,17): 0.002173175811767578
(24,18): -0.0010918235778808593
(24,21): -0.0013120317459106446
(24,22): -0.00303560733795166
(24,26): -0.0004231452941894531
(24,32): -0.00812462329864502
(24,33): -0.009943532943725585
(24,36): 0.002694668769836426
(24,38): 0.0035537242889404296
(25,15): -0.0010003519058227538
(25,16): 0.0020491361618041994
(25,20): 0.001430368423461914
(25,23): -0.0026421165466308594
(25,28): -0.0007720041275024414
(25,29): -0.0013149356842041015
(25,30): -0.000413818359375
(26,3): -0.004163966178894043
(26,5): 0.00146390438079834
(26,8): 0.00036220073699951173
(26,15): -0.0021392107009887695
(26,18): -0.001308283805847168
(26,21): 8.01706314086914e-05
(26,22): -0.0013323211669921875
(26,23): 0.0001707792282104492
(26,24): -0.0008545684814453125
(26,29): 0.0029145050048828124
(26,30): 0.0028612375259399413
(26,31): -0.011447100639343262
(26,33): -0.01971376419067383
(27,1): -0.006732397079467774
(27,6): -0.00018251895904541015
(27,7): -0.0007995796203613281
(27,9): 0.0029767656326293943
(27,11): 0.0017898941040039062
(27,14): -0.0004932117462158203
(27,19): 0.00014557838439941407
(28,15): -0.0019520092010498046
(28,16): 0.0011439752578735352
(28,20): 0.0005867862701416015
(28,23): -0.001634969711303711
(28,25): -0.0003366518020629883
(28,29): -0.0011458301544189453
(28,30): -0.00249298095703125
(28,53): 0.0014097929000854493
(29,3): -0.005547747611999511
(29,5): -0.0053185224533081055
(29,12): 8.96453857421875e-06
(29,15): -0.000511474609375
(29,18): -0.0005108070373535156
(29,20): 0.004181652069091797
(29,21): 0.0014215850830078126
(29,23): 0.0012148523330688477
(29,25): 0.004667963981628418
(29,26): -0.002554144859313965
(29,28): 0.003149261474609375
(29,30): -0.0024220800399780275
(29,31): -0.013914365768432618
(29,39): 0.0011832618713378906
(30,3): -0.006515545845031738
(30,5): -0.018845491409301758
(30,12): 0.0006271648406982422
(30,15): 0.00046368122100830077
(30,16): 0.004831781387329101
(30,18): -0.002143559455871582
(30,20): 0.00283106803894043
(30,21): 0.0002538013458251953
(30,23): 0.00015288829803466797
(30,25): 0.002193779945373535
(30,26): -0.0015732431411743164
(30,28): 0.0020100069046020508
(30,29): -0.0005170202255249023
(30,52): 0.002061619758605957
(30,53): 0.005397005081176758
(31,0): 0.006434407234191895
(31,3): -0.005014615058898926
(31,5): -0.0018305778503417969
(31,12): 0.00031768798828125
(31,15): 0.0003563642501831055
(31,18): 0.004897136688232422
(31,21): 0.0030844306945800783
(31,23): 0.0033748960494995118
(31,26): 0.0026990556716918945
(31,29): 0.012040572166442871
(32,2): 0.030617408752441407
(32,4): 0.02563776969909668
(32,7): 0.00608726978302002
(32,8): 0.0032438182830810546
(32,10): 0.006917409896850586
(32,13): 0.009627728462219239
(32,14): 0.0048349094390869145
(32,17): 0.004020605087280273
(32,19): 0.003942084312438965
(32,22): 0.007405438423156738
(32,24): 0.004521226882934571
(32,33): 0.0025655651092529297
(33,2): 0.011822996139526367
(33,15): 0.0007531404495239258
(33,18): 0.0066655826568603515
(33,21): 0.001829671859741211
(33,22): 0.005279946327209473
(33,24): 0.005323562622070312
(33,26): 0.0019483566284179688
(33,32): 0.004375205039978027
(34,0): 0.030279054641723632
(34,3): 0.025304207801818846
(35,3): 0.010302104949951173
(35,39): 0.028031463623046874
(35,51): 0.0054311370849609375
(36,6): -0.0006699037551879883
(36,13): -0.0015261268615722656
(36,17): -0.0007165098190307618
(36,21): -0.0012970781326293946
(36,24): -0.0028035449981689453
(36,46): 0.0018376541137695313
(37,7): 0.0003253173828125
(37,8): -0.0009490203857421875
(37,10): -0.002026886940002441
(37,13): -0.003375849723815918
(37,17): -0.0004616594314575195
(37,40): 0.002116546630859375
(37,52): 0.001206202507019043
(38,8): -0.00138580322265625
(38,10): -0.0023336076736450197
(38,20): -0.0005503273010253906
(38,24): -0.0026453018188476564
(39,12): 8.980751037597656e-05
(39,13): 8.946895599365234e-05
(39,15): -0.000959162712097168
(39,17): 0.0032683420181274414
(39,21): 0.0021596193313598634
(39,29): 0.0064612293243408205
(39,35): -0.06636073112487793
(40,18): -0.00398951530456543
(40,21): -0.0018573760986328124
(40,37): -0.001499028205871582
(40,52): -9.301662445068359e-05
(41,11): -0.002139101028442383
(41,17): -0.002103290557861328
(42,12): -0.000848388671875
(42,23): -0.002613415718078613
(43,13): -0.004390926361083985
(43,15): -0.0016706752777099609
(43,47): 0.002229032516479492
(44,7): -0.002131056785583496
(44,13): -0.0026180553436279297
(44,14): -0.0013399219512939453
(44,17): -0.001057429313659668
(44,20): 0.0019945621490478514
(45,13): -0.005223889350891114
(45,14): -0.002007460594177246
(46,10): -0.003271446228027344
(46,14): -0.0025603389739990235
(46,36): -0.0008185529708862305
(47,14): -0.002423858642578125
(47,17): -0.003680458068847656
(47,43): -0.003025951385498047
(47,51): 0.010222539901733399
(48,12): -0.0021548938751220705
(48,16): 0.0004752588272094727
(48,20): 4.8394203186035154e-05
(48,23): -0.0013894271850585938
(49,16): -0.0029713582992553712
(49,20): -0.0030967235565185548
(50,11): 0.0002176523208618164
(50,14): -0.0004758501052856445
(50,17): -0.0011532211303710938
(50,21): -0.002520689964294434
(51,17): 0.0011179590225219728
(51,35): -0.06958431243896485
(51,47): 0.0019858169555664064
(52,6): -0.0020827674865722657
(52,18): -0.0007670497894287109
(52,20): -0.00024939537048339843
(52,30): -0.002024412155151367
(52,37): -0.0008054208755493164
(52,40): 0.0007098960876464844
(53,12): -0.0008901786804199218
(53,19): 0.0008674335479736329
(53,22): -0.0021789073944091797
(53,28): 0.000856332778930664
(53,30): -0.001272096633911133
