Interaction name: 5nw0

Affinity: 6.519999980926514
Predicted value: 6.643536567687988

Attributions for edges: 

(0,6): 0.5582717061042786
(0,9): 0.502202570438385
(0,10): 0.4007338285446167
(0,14): 0.47156620025634766
(0,15): 0.3650128245353699
(0,27): 0.5157899856567383
(0,28): 0.5074847340583801
(1,6): 0.5636551380157471
(1,10): 0.5055984854698181
(1,11): 0.5166222453117371
(1,15): 0.3942998945713043
(1,27): 0.45398974418640137
(2,4): 0.4912044107913971
(2,8): 0.5492447018623352
(2,12): 0.5026824474334717
(2,13): 0.5422379970550537
(2,14): 0.5292924046516418
(2,28): 0.5050795674324036
(3,16): 0.5020824074745178
(3,17): 0.4658154547214508
(3,27): 0.4806510806083679
(3,29): 0.4773564636707306
(4,2): 0.47031542658805847
(4,8): 0.41437777876853943
(4,13): 0.6504805684089661
(4,17): 0.38866791129112244
(4,24): 0.49653586745262146
(4,27): 0.48969313502311707
(4,28): 0.607958972454071
(5,19): 0.42713662981987
(5,20): 0.4279322922229767
(5,21): 0.4738340973854065
(6,0): 0.41038310527801514
(6,1): 0.5502594709396362
(6,9): 0.4544309377670288
(6,10): 0.4718007445335388
(6,11): 0.4665588140487671
(7,16): 0.49372342228889465
(7,17): 0.5275993943214417
(8,2): 0.4141049385070801
(8,4): 0.5975660085678101
(8,17): 0.45915862917900085
(8,22): 0.48648151755332947
(8,24): 0.5336337685585022
(8,25): 0.5481066703796387
(8,30): 0.44440680742263794
(9,0): 0.5448061227798462
(9,6): 0.49923133850097656
(10,0): 0.44753244519233704
(10,1): 0.5315440893173218
(10,6): 0.48136448860168457
(10,11): 0.6304067969322205
(10,44): 0.5249118804931641
(11,1): 0.5117269158363342
(11,6): 0.5246548056602478
(11,10): 0.48183053731918335
(11,31): 0.43543851375579834
(11,37): 0.5063627362251282
(12,2): 0.5023027062416077
(12,13): 0.5456063151359558
(12,14): 0.44501587748527527
(12,15): 0.5439696907997131
(13,2): 0.5150626301765442
(13,4): 0.5692724585533142
(13,12): 0.5830068588256836
(13,14): 0.3972600996494293
(13,15): 0.5744630098342896
(13,32): 0.5581278204917908
(13,36): 0.5773147940635681
(13,37): 0.4814387559890747
(13,41): 0.47872301936149597
(13,42): 0.4648250341415405
(14,0): 0.4671716094017029
(14,2): 0.519507884979248
(14,12): 0.5982425212860107
(14,13): 0.4983619749546051
(14,15): 0.4300489127635956
(14,31): 0.49375370144844055
(14,37): 0.463564932346344
(15,0): 0.49592751264572144
(15,1): 0.5811999440193176
(15,12): 0.46491631865501404
(15,13): 0.5455910563468933
(15,14): 0.452980101108551
(15,33): 0.4082232117652893
(15,34): 0.4696006178855896
(15,36): 0.551572859287262
(15,44): 0.5249773859977722
(16,3): 0.5880478024482727
(16,7): 0.5439296960830688
(16,17): 0.47908368706703186
(16,35): 0.5161168575286865
(16,36): 0.43623241782188416
(17,3): 0.49156269431114197
(17,4): 0.49258220195770264
(17,7): 0.4469369053840637
(17,8): 0.4339154064655304
(17,16): 0.5031992197036743
(17,36): 0.5246147513389587
(17,37): 0.5414940118789673
(17,45): 0.4849095344543457
(18,19): 0.4575944244861603
(18,20): 0.4876192808151245
(18,22): 0.4338749349117279
(18,23): 0.5412253141403198
(18,24): 0.6309852600097656
(18,25): 0.4816828966140747
(18,26): 0.4619198143482208
(18,39): 0.4574572741985321
(18,41): 0.5151888132095337
(19,5): 0.5007436871528625
(19,18): 0.47073179483413696
(19,20): 0.44837746024131775
(19,21): 0.5516966581344604
(19,22): 0.48723307251930237
(19,23): 0.479634553194046
(19,24): 0.43834277987480164
(19,25): 0.5337446331977844
(19,26): 0.466758668422699
(19,39): 0.44059208035469055
(19,40): 0.4987037479877472
(19,42): 0.43828827142715454
(20,5): 0.5377038717269897
(20,18): 0.5186764597892761
(20,19): 0.3969098627567291
(20,21): 0.5095776915550232
(20,23): 0.5299224257469177
(20,26): 0.47052690386772156
(20,39): 0.46035513281822205
(20,40): 0.46612048149108887
(20,41): 0.5172317028045654
(20,42): 0.5937027335166931
(21,5): 0.48262837529182434
(21,19): 0.513361394405365
(21,20): 0.49017533659935
(21,23): 0.5064732432365417
(21,26): 0.5396108627319336
(21,39): 0.4932675063610077
(21,41): 0.4204137623310089
(21,42): 0.45682090520858765
(21,43): 0.5936213135719299
(22,8): 0.481519877910614
(22,18): 0.3875074088573456
(22,19): 0.5104429125785828
(22,23): 0.5860286951065063
(22,24): 0.38178014755249023
(22,25): 0.5075297355651855
(22,26): 0.5291799306869507
(22,38): 0.5085698962211609
(23,18): 0.46905380487442017
(23,19): 0.5144158601760864
(23,20): 0.4326063394546509
(23,21): 0.5329813957214355
(23,22): 0.5738256573677063
(23,24): 0.4030682444572449
(23,25): 0.5135884881019592
(23,40): 0.4721892476081848
(23,41): 0.4894588887691498
(23,42): 0.5167340636253357
(23,43): 0.5098199248313904
(24,4): 0.5959763526916504
(24,8): 0.41084200143814087
(24,18): 0.5239359736442566
(24,19): 0.4189000725746155
(24,22): 0.44528821110725403
(24,23): 0.5052305459976196
(24,25): 0.47399693727493286
(24,26): 0.36195310950279236
(24,40): 0.4709802269935608
(25,8): 0.4965587854385376
(25,18): 0.5677517056465149
(25,19): 0.4889385402202606
(25,22): 0.6013791561126709
(25,23): 0.579664409160614
(25,24): 0.4966287612915039
(25,26): 0.3747688829898834
(26,18): 0.4541761577129364
(26,19): 0.517578661441803
(26,20): 0.4550039768218994
(26,21): 0.48342862725257874
(26,22): 0.41359320282936096
(26,24): 0.4003394544124603
(26,25): 0.4044152796268463
(27,0): 0.39680618047714233
(27,1): 0.5045138001441956
(27,3): 0.560945451259613
(27,4): 0.5070980191230774
(27,37): 0.5154123306274414
(27,45): 0.47150924801826477
(28,0): 0.4309925436973572
(28,2): 0.5337629318237305
(28,4): 0.5490285754203796
(28,36): 0.529538094997406
(29,3): 0.4954056739807129
(29,35): 0.4649462103843689
(30,8): 0.42433425784111023
(30,37): 0.5046499371528625
(31,11): 0.5751516819000244
(31,14): 0.539975643157959
(32,13): 0.5846289992332458
(32,33): 0.530515193939209
(32,35): 0.5556396842002869
(33,15): 0.48904645442962646
(33,32): 0.6065688133239746
(33,35): 0.5372042655944824
(34,15): 0.5263023972511292
(35,16): 0.4407464861869812
(35,29): 0.4060523509979248
(35,32): 0.4583655297756195
(35,33): 0.5410305857658386
(36,13): 0.5384055376052856
(36,15): 0.41300418972969055
(36,16): 0.5254319906234741
(36,17): 0.5851051211357117
(36,28): 0.5779402256011963
(37,11): 0.5126327872276306
(37,13): 0.4128372371196747
(37,14): 0.5218983292579651
(37,17): 0.6033867001533508
(37,27): 0.4476763606071472
(37,30): 0.477997362613678
(38,22): 0.4173198938369751
(38,41): 0.4912658929824829
(39,18): 0.5021954774856567
(39,19): 0.42154574394226074
(39,20): 0.5543270707130432
(39,21): 0.6417073011398315
(40,19): 0.4681738615036011
(40,20): 0.42520812153816223
(40,23): 0.5003301501274109
(40,24): 0.46554088592529297
(41,13): 0.4597322642803192
(41,18): 0.3591664433479309
(41,20): 0.5458109378814697
(41,21): 0.40660974383354187
(41,23): 0.4600309729576111
(41,38): 0.5563832521438599
(42,13): 0.5746391415596008
(42,19): 0.4372762441635132
(42,20): 0.43140214681625366
(42,21): 0.5028391480445862
(42,23): 0.4318404495716095
(43,21): 0.4696851074695587
(43,23): 0.49534791707992554
(44,10): 0.5463948845863342
(44,15): 0.4120972156524658
(45,17): 0.45535776019096375
(45,27): 0.548711359500885
