Interaction name: 5lxb

Affinity: 9.770000457763672
Predicted value: 7.543399810791016

Shapley values for edges: 

(0,6): 0.016510190963745116
(0,8): 0.022973241806030272
(0,11): 0.021235332489013672
(0,14): 0.03071796417236328
(1,3): 0.016294937133789062
(1,6): 0.005371809005737305
(1,7): 0.015348281860351563
(1,16): 0.004959964752197265
(2,3): -0.005038404464721679
(2,6): -0.004945039749145508
(2,7): -0.00870255470275879
(3,1): 0.00637415885925293
(3,2): 0.02059404373168945
(3,6): 4.863739013671875e-07
(3,7): -0.0006046581268310547
(3,17): -0.0003081512451171875
(3,18): -0.0016265583038330078
(3,19): -0.0010037612915039062
(3,22): 0.0010281276702880859
(4,5): -0.0010666465759277344
(4,8): -0.0038121604919433595
(4,9): -0.0006626415252685547
(4,10): -0.0011804962158203124
(4,12): -0.002739105224609375
(4,13): -0.0006594085693359376
(4,14): -0.0020016193389892577
(4,15): -0.0011267566680908203
(4,23): -0.0016342830657958985
(4,24): -0.002775869369506836
(5,4): -0.0006592178344726563
(5,8): -0.0027082538604736328
(5,9): -0.0005205440521240235
(5,11): -0.002628955841064453
(5,12): -0.0009632587432861328
(5,13): -0.0011521339416503905
(5,14): -0.00039793014526367187
(5,15): -0.0014357948303222656
(5,23): -0.0020130157470703127
(5,24): -0.0019632434844970704
(6,0): 0.01220707893371582
(6,1): 0.008352823257446289
(6,2): 0.016735057830810546
(6,3): 0.0007868194580078125
(6,7): 0.0003929615020751953
(6,20): 0.0006531620025634765
(6,24): 0.0028517913818359377
(6,26): 0.0012672138214111328
(6,27): 0.0001422882080078125
(6,28): -0.0017100906372070313
(7,1): 0.007870063781738282
(7,2): 0.01726224899291992
(7,3): 0.00040760040283203123
(7,6): 0.0006874275207519532
(7,18): 0.0013203907012939453
(7,21): 0.0018857192993164062
(7,26): 0.0013971710205078125
(8,0): 0.0148193359375
(8,4): 0.0032053565979003906
(8,5): 0.0015158557891845703
(8,9): 0.0009554195404052735
(8,10): 0.002904033660888672
(8,11): 0.00016992568969726563
(8,12): 0.001477527618408203
(8,14): 0.00023878097534179687
(8,15): 0.0011931419372558593
(8,27): 0.00018259048461914063
(9,4): -0.00017104148864746093
(9,5): -2.4967193603515625e-05
(9,8): -0.0014827442169189453
(9,10): -0.000594320297241211
(9,11): -0.0018901443481445313
(9,12): -0.0007715892791748047
(9,13): -0.0005907249450683593
(9,14): -0.00010605812072753906
(9,15): -0.0004288673400878906
(10,4): -0.0003259086608886719
(10,8): -0.002412748336791992
(10,9): -0.0007887935638427735
(10,13): -0.0001935863494873047
(10,14): -0.0008226299285888672
(10,15): -0.0005829238891601563
(10,22): -0.0026991844177246095
(11,0): 0.01810199737548828
(11,5): 0.0019556999206542967
(11,8): 0.00020509719848632813
(11,9): 0.002858915328979492
(11,12): 0.0012629604339599609
(11,14): 0.0011374568939208985
(11,15): 0.0032021045684814454
(11,25): 0.002706937789916992
(11,28): 0.0010969066619873047
(12,4): 0.001201953887939453
(12,5): 0.00016104698181152344
(12,8): -0.0006390571594238281
(12,9): 0.00018297195434570314
(12,11): -0.0004488849639892578
(12,14): -0.0005127429962158203
(13,4): 1.2350082397460937e-05
(13,5): -0.00015686988830566407
(13,9): -0.0005844593048095703
(13,10): -0.00012402534484863282
(13,14): -0.000575399398803711
(13,15): -0.000278167724609375
(14,0): 0.01677393913269043
(14,4): 0.0015770435333251954
(14,5): 0.0013172435760498047
(14,8): 6.986618041992188e-05
(14,9): 0.00042456626892089844
(14,10): 0.0007505321502685547
(14,11): -0.00040057182312011716
(14,12): 0.0010576057434082031
(14,13): 0.0027565956115722656
(14,15): 0.0007150173187255859
(14,23): 0.002820940017700195
(14,24): 0.001873779296875
(14,27): -0.0007071876525878906
(15,4): -0.0005629730224609375
(15,5): -0.0008088397979736328
(15,8): -0.0015942478179931641
(15,9): -0.0010872268676757812
(15,10): -0.0005928421020507812
(15,11): -0.0028213214874267577
(15,13): -0.00035071372985839844
(15,14): -0.0009548282623291016
(15,21): -0.002890043258666992
(16,1): -0.010449790954589843
(17,3): -0.0009598922729492187
(18,3): -0.0003782081604003906
(18,7): -0.0006341361999511719
(18,20): -0.00037811279296875
(19,3): 7.43865966796875e-05
(20,6): 0.0037762260437011717
(20,18): 0.0004415035247802734
(21,7): -0.0014345550537109375
(21,15): 0.0006598949432373047
(22,3): -0.003907451629638672
(22,10): -0.0001958465576171875
(22,24): -0.0004852676391601562
(23,4): -0.0006729888916015625
(23,5): -0.0011839771270751953
(23,14): -0.002307748794555664
(23,25): -0.0024742507934570313
(23,26): -0.0013811016082763672
(24,4): 0.00046845436096191404
(24,5): 0.00044085502624511717
(24,6): -0.00015817642211914064
(24,14): -0.0016864013671875
(24,22): 0.00041208267211914065
(25,11): -0.0003230190277099609
(25,23): 0.001349496841430664
(25,26): -0.0004352664947509766
(26,6): 0.0044902610778808595
(26,7): -6.189346313476563e-05
(26,23): 0.0007387924194335937
(26,25): -4.8370361328125e-05
(27,6): 0.002124643325805664
(27,8): -0.0002747631072998047
(27,14): 0.0002152538299560547
(28,6): 0.004239959716796875
(28,11): 0.000980501174926758
