Interaction name: 5ung

Affinity: 9.470000267028809
Predicted value: 7.5197296142578125

Shapley values for edges: 

(0,4): -0.004391336441040039
(0,5): -0.0014652156829833985
(0,7): -0.0028095436096191406
(0,27): -0.003874397277832031
(0,40): -0.0007330703735351562
(0,41): 0.002142810821533203
(1,14): 0.008907365798950195
(1,15): 0.009197874069213867
(1,16): 0.008935604095458984
(1,35): 0.01114750862121582
(1,36): 0.011442747116088867
(1,40): 0.00870711326599121
(2,9): 0.002828216552734375
(2,10): 0.002218360900878906
(2,19): -0.0002146148681640625
(2,20): -0.004137802124023438
(2,22): 0.006012086868286133
(2,28): 0.004480810165405274
(2,30): -0.0025638389587402345
(2,39): 0.004361000061035156
(3,8): 0.005332555770874024
(3,9): 0.003538017272949219
(3,10): 0.0025890350341796877
(3,12): 0.0062935733795166015
(3,13): 0.010860815048217773
(3,19): -0.0003230190277099609
(3,20): -0.0029843616485595702
(3,21): 0.00995814323425293
(3,39): 0.006287469863891602
(4,0): 0.00298583984375
(4,5): 0.000735788345336914
(4,7): -0.0010701560974121095
(4,23): 0.010483770370483399
(4,24): 0.0086785888671875
(4,25): 0.0038995075225830077
(4,27): -0.00011270523071289063
(4,31): 0.007221765518188476
(4,34): 0.0029826641082763674
(4,38): 0.014036464691162109
(4,40): 0.008200082778930664
(4,41): 0.0130450439453125
(5,0): 0.0009383487701416015
(5,4): -0.0033802509307861326
(5,7): -0.003954629898071289
(5,25): 0.002909402847290039
(5,27): -0.0017102718353271484
(5,34): 0.0022627925872802735
(5,40): 0.003577585220336914
(5,41): 0.0063133716583251955
(6,9): 0.0032076454162597657
(6,10): 0.0009999752044677734
(6,19): 0.0008166313171386718
(6,20): -0.0024759387969970703
(6,22): 0.003700132369995117
(6,28): 0.0027016735076904295
(6,30): -0.0026428699493408203
(6,39): 0.0011342525482177734
(7,0): 0.0035260581970214845
(7,4): 0.0004883003234863281
(7,5): 0.0027558326721191405
(7,27): -0.0022649765014648438
(8,3): 0.0048731803894042965
(8,10): 0.0021460819244384765
(8,21): 7.040023803710937e-05
(8,42): 0.001499624252319336
(8,43): 0.0014387607574462891
(8,60): 0.0017285728454589843
(9,2): 0.004318408966064453
(9,3): 0.0028573417663574218
(9,6): 0.0018468475341796874
(9,10): 0.001013936996459961
(9,12): 0.00030493736267089844
(9,19): 0.0010371208190917969
(9,20): 0.001158742904663086
(9,21): 0.00037354469299316406
(9,22): 0.0030403614044189455
(9,28): 0.0021337032318115234
(9,39): 0.0008963489532470703
(9,44): 0.0010857295989990235
(9,45): 0.0008153724670410156
(10,2): 0.00484405517578125
(10,3): 0.00019703865051269533
(10,6): 0.002776155471801758
(10,8): -0.0005322360992431641
(10,9): -0.00037343978881835936
(10,20): 0.0020117855072021486
(10,21): -0.00043671607971191407
(10,22): 0.00027272224426269534
(10,23): 0.0005919170379638671
(10,24): 1.8968582153320313e-05
(10,28): -7.396697998046875e-05
(10,30): 0.00055816650390625
(10,38): 0.0026503276824951173
(10,39): 1.2216567993164063e-05
(10,45): -9.351730346679688e-05
(10,46): -0.0008971881866455078
(10,47): -0.0007342052459716797
(11,25): -0.00041502952575683594
(11,26): -0.0005327510833740234
(11,27): 0.0010511207580566407
(11,29): -0.00035861015319824216
(11,34): -0.0003250885009765625
(11,37): 0.0023741531372070313
(11,56): -0.0025762939453125
(11,64): -0.0024420452117919923
(12,3): 0.003870582580566406
(12,9): 0.0002585411071777344
(12,13): 0.0005340766906738281
(12,19): 0.0023347759246826172
(12,20): 0.0025280475616455077
(12,39): -0.0006197452545166016
(12,42): -7.721900939941406e-05
(12,49): 4.262924194335938e-05
(13,3): 0.0006630516052246094
(13,12): -0.0004164600372314453
(13,15): -0.0010763740539550782
(13,16): -0.0007842254638671875
(13,18): -0.000118560791015625
(13,19): 0.00019971847534179686
(13,20): 0.0020818233489990233
(13,35): 0.0012190818786621093
(13,36): 0.0018666934967041015
(13,39): -0.0011765766143798828
(13,50): -0.0018261432647705077
(13,51): -0.0025728416442871095
(14,1): 0.0070331192016601565
(14,35): 0.001967325210571289
(14,50): -0.00024059295654296875
(14,51): -0.00020447731018066406
(14,55): 0.0006090068817138672
(14,58): 0.00038207054138183593
(15,1): 0.006050214767456054
(15,13): 0.001357898712158203
(15,16): 0.0005936050415039063
(15,17): 0.0007594394683837891
(15,18): 0.00039545059204101565
(15,32): 0.0007956409454345703
(15,33): 0.000960845947265625
(15,49): -0.0008659172058105469
(15,58): 0.0003322505950927734
(16,1): 0.007526226043701172
(16,13): 0.0015666389465332031
(16,15): 0.0005095386505126953
(16,17): 0.00018095016479492188
(16,18): 0.0006958580017089843
(16,32): 0.0007734298706054688
(16,33): 0.000932464599609375
(16,36): 0.0014964675903320313
(16,51): 0.0009331703186035156
(17,15): -0.0009668159484863281
(17,16): -2.9478073120117188e-05
(17,18): -0.0004857635498046875
(17,32): -0.00023016929626464843
(17,33): -0.00033832550048828124
(17,36): 0.0014518356323242187
(17,50): -0.002144527435302734
(17,52): -0.000954294204711914
(18,13): 0.0001293182373046875
(18,15): -0.0005015850067138672
(18,16): 6.180763244628906e-05
(18,17): -0.00011918067932128906
(18,32): -0.0001439666748046875
(18,33): -0.0001316356658935547
(18,36): 0.0013527297973632813
(18,52): -0.0007578086853027344
(18,53): -0.0013939666748046876
(19,2): 0.002650966644287109
(19,3): 0.0014065647125244142
(19,6): 0.002362241744995117
(19,9): -0.00048215866088867186
(19,12): 0.00017079353332519532
(19,13): 0.0008073520660400391
(19,20): 0.0009110832214355469
(19,35): 0.0019511604309082032
(19,39): 0.0003396511077880859
(19,50): 0.0012172508239746095
(19,51): 0.0007798576354980469
(19,53): 0.00017240524291992188
(19,65): 0.0007016468048095703
(20,2): 0.0031577014923095705
(20,3): 0.003113565444946289
(20,6): 0.0015965747833251954
(20,9): 0.0008550071716308593
(20,10): 0.0013132858276367187
(20,12): 0.0002581787109375
(20,13): 0.001282644271850586
(20,19): 0.0007647991180419922
(20,35): 0.0018389511108398437
(20,42): 0.0007164478302001953
(21,3): 0.004962348937988281
(21,8): 0.00010165214538574219
(21,9): -0.0009370136260986328
(21,10): 0.0007958412170410156
(21,28): 0.0005201530456542968
(21,51): 0.000340423583984375
(21,54): 0.000101318359375
(21,56): -0.00011129379272460938
(21,57): 0.0002731609344482422
(21,61): 0.001013355255126953
(22,2): 0.0035735416412353517
(22,6): 0.004802103042602539
(22,9): -0.0001094818115234375
(22,10): 4.2266845703125e-05
(22,23): 0.0002612590789794922
(22,24): 0.0007636928558349609
(22,25): 0.00047258377075195314
(22,28): 0.0005792999267578126
(22,30): 0.0011223983764648438
(22,31): 0.0007121944427490234
(22,38): 0.003109273910522461
(22,42): -0.0003806495666503906
(22,49): -0.0003801536560058594
(22,50): -0.00018726348876953126
(22,56): 0.00011318206787109376
(23,4): 0.004167633056640625
(23,10): -0.001145772933959961
(23,22): -0.0003933906555175781
(23,24): -0.0010946464538574218
(23,25): -0.00030614852905273436
(23,27): -5.2232742309570315e-05
(23,28): -0.0009881877899169922
(23,29): -8.978843688964844e-05
(23,30): 0.0012296676635742188
(23,31): -0.0002900600433349609
(23,37): 0.0027468109130859373
(23,38): 0.0016206645965576173
(23,48): -0.0024637413024902344
(23,51): -0.002403545379638672
(23,59): -0.002071084976196289
(23,61): -0.0014996910095214843
(24,4): 0.00897756576538086
(24,10): 0.00037242889404296873
(24,22): 0.0008864402770996094
(24,23): 1.5687942504882812e-05
(24,25): 0.0003620052337646484
(24,27): 0.0011501216888427734
(24,28): -9.317398071289063e-05
(24,29): 0.00019565582275390625
(24,30): 0.0007505226135253906
(24,31): -6.109237670898438e-05
(24,37): 0.004216537475585937
(24,58): -0.0008720207214355469
(24,63): -0.00021817207336425782
(25,4): 0.006221513748168945
(25,5): 0.012254734039306641
(25,11): 0.0004901885986328125
(25,22): 0.0006709480285644531
(25,23): 0.0002196502685546875
(25,24): 0.00018220901489257813
(25,26): 0.0004441642761230469
(25,27): 0.0006624794006347656
(25,29): 0.0004356956481933594
(25,30): 0.0016294097900390624
(25,31): 0.00015864372253417968
(25,34): -9.660720825195313e-06
(25,37): 0.0016310596466064453
(25,38): 0.002150449752807617
(25,49): -0.0003874588012695312
(26,11): 1.5163421630859376e-06
(26,25): -0.00021153450012207031
(26,27): 0.0010645008087158203
(26,29): 2.3107528686523438e-05
(26,31): -0.000649871826171875
(26,34): 0.0006557464599609375
(26,37): 0.0016908454895019531
(26,62): -0.00021697044372558593
(27,0): 0.020236454010009765
(27,4): 0.0034782981872558596
(27,5): 0.00867319107055664
(27,7): 0.0030765438079833982
(27,11): 0.0003547096252441406
(27,23): 0.0001529979705810547
(27,24): -0.0005275535583496093
(27,25): 9.434700012207032e-05
(27,26): 0.0004816436767578125
(27,29): 0.00043946266174316406
(27,31): -2.979278564453125e-05
(27,34): 7.300376892089843e-05
(27,37): 0.0022861194610595704
(27,38): 0.0019461345672607423
(27,58): -0.00014475822448730468
(28,2): 0.0030721473693847657
(28,6): 0.003166074752807617
(28,9): -8.578300476074219e-05
(28,10): 0.00022711753845214844
(28,21): 0.00030614852905273436
(28,22): 0.0003290653228759766
(28,23): 0.00029449462890625
(28,24): 0.00017648696899414063
(28,30): 0.0006894207000732422
(28,31): 0.0003479957580566406
(28,38): 0.002271137237548828
(28,49): -3.716468811035156e-05
(28,56): 0.0006625556945800781
(28,61): 0.0008484935760498047
(29,11): -0.0005378246307373047
(29,23): -0.0009556770324707031
(29,24): -0.0006638431549072266
(29,25): -0.00033227920532226564
(29,26): -0.0003003406524658203
(29,27): 8.401870727539062e-05
(29,31): -0.0008437919616699218
(29,34): -0.000999574661254883
(29,38): 0.00243565559387207
(29,61): -0.0015583515167236328
(29,63): -0.001528167724609375
(30,2): 0.0012198925018310548
(30,6): 0.0031525993347167967
(30,10): 0.001186037063598633
(30,22): 0.0009134960174560547
(30,23): 0.0005233955383300782
(30,24): 0.00025075912475585937
(30,25): 0.0010786914825439452
(30,28): 0.0005615234375
(30,31): 0.0005458259582519532
(30,38): 0.0011938285827636718
(30,48): 0.001486825942993164
(31,4): 0.007611827850341797
(31,22): 0.0013056755065917968
(31,23): -0.00018602371215820313
(31,24): 1.987457275390625e-05
(31,25): -7.834434509277344e-05
(31,26): 0.00021286964416503907
(31,27): 0.00047791481018066406
(31,28): -2.3822784423828125e-05
(31,29): 0.0002334880828857422
(31,30): 0.001286773681640625
(31,34): 0.0015315723419189453
(31,37): 0.003382444381713867
(31,38): 0.0011101245880126953
(31,61): -0.0008435344696044922
(31,62): -0.00032921791076660154
(32,15): -0.0004166030883789062
(32,16): 0.000579061508178711
(32,17): -0.000102081298828125
(32,18): -0.0003339385986328125
(32,33): -0.00018046379089355468
(32,36): 0.0018918228149414063
(32,65): -0.0023575305938720705
(33,15): 0.0005222034454345704
(33,16): 0.00026902198791503904
(33,17): -0.0005022048950195313
(33,18): -0.0002178955078125
(33,32): -0.00027435302734375
(33,36): 0.0020452022552490236
(33,52): -0.0008161354064941406
(34,4): 0.007733535766601562
(34,5): 0.00948267936706543
(34,11): 0.0003688144683837891
(34,25): 0.000598907470703125
(34,26): 0.0005393123626708984
(34,27): 0.0005178737640380859
(34,29): 0.000905303955078125
(34,31): -3.528594970703125e-05
(34,37): 0.003204307556152344
(34,58): 4.7559738159179685e-05
(34,59): 0.0008036231994628906
(35,1): 0.005091667175292969
(35,13): -0.0058144664764404295
(35,14): -0.004588270187377929
(35,19): -0.00642425537109375
(35,20): -0.00714381217956543
(35,39): 0.002923107147216797
(36,1): 0.0028203582763671876
(36,13): -0.00652583122253418
(36,16): -0.001968669891357422
(36,17): -0.004517612457275391
(36,18): -0.0025948810577392577
(36,32): -0.005103693008422851
(36,33): -0.0046187019348144535
(37,11): -0.005543985366821289
(37,23): -0.008304805755615234
(37,24): -0.009507617950439452
(37,25): -0.00278864860534668
(37,26): -0.003916559219360352
(37,27): -0.003201751708984375
(37,31): -0.006552734375
(37,34): -0.005942096710205078
(37,38): -0.002375354766845703
(38,4): 0.0026068973541259768
(38,10): -0.007217292785644531
(38,22): -0.007077188491821289
(38,23): -0.004244089126586914
(38,25): -0.003472023010253906
(38,27): -0.003502616882324219
(38,28): -0.0060671806335449215
(38,29): -0.005094461441040039
(38,30): -0.0028787994384765624
(38,31): -0.0028015804290771485
(38,37): 0.0007761287689208985
(39,2): 0.003603353500366211
(39,3): 0.002049217224121094
(39,6): -0.0008999252319335937
(39,9): -0.0028826427459716798
(39,10): -0.008934907913208008
(39,12): -0.0054410362243652345
(39,13): -0.003703145980834961
(39,19): -0.0026941680908203125
(39,35): 0.0002109241485595703
(40,0): -0.0016460323333740234
(40,1): -0.009200277328491211
(40,4): -0.01077606201171875
(40,5): -0.0063400745391845705
(40,41): -0.00010433197021484376
(41,0): -0.0021115684509277343
(41,4): -0.017998666763305665
(41,5): -0.0088128662109375
(41,40): -0.0015038204193115233
(42,8): -0.0006676387786865235
(42,12): -0.0001532459259033203
(42,20): 0.009373779296875
(42,22): -7.481575012207032e-05
(42,43): -0.0005966472625732422
(42,45): -0.000553579330444336
(42,53): 4.205703735351563e-06
(43,8): 0.0008439445495605469
(43,42): -0.0004630756378173828
(43,57): 0.00015526771545410156
(44,9): 0.0011257171630859376
(44,45): -8.555412292480468e-05
(44,47): -8.359909057617187e-05
(45,9): 0.0020074462890625
(45,10): 0.0016270065307617187
(45,42): -0.0004967403411865234
(45,44): -0.0003286457061767578
(45,53): -8.840560913085937e-06
(46,10): 0.0016222381591796875
(46,60): 0.00018237113952636718
(47,10): 0.0030275249481201173
(47,44): 0.00012218475341796875
(48,23): 0.001543407440185547
(48,30): 0.008703022003173829
(48,63): 0.00026361465454101564
(49,12): 0.00017858505249023437
(49,15): 0.0010822486877441406
(49,22): 4.233360290527344e-05
(49,25): 0.0006519985198974609
(49,28): 0.000988330841064453
(49,55): 0.00026890754699707034
(50,13): 0.0015584754943847657
(50,14): 0.0008772754669189453
(50,17): 0.0009004116058349609
(50,19): 0.0010009288787841796
(50,22): 0.0017079353332519532
(51,13): 0.002009992599487305
(51,14): -0.001196136474609375
(51,16): -7.045745849609375e-05
(51,19): 0.0011330223083496093
(51,21): -0.0016124248504638672
(51,23): -0.0003889560699462891
(52,17): 0.0004526519775390625
(52,18): 0.00015842437744140625
(52,33): 0.0005172252655029297
(53,18): 0.0008750247955322265
(53,19): 0.0040073108673095706
(53,42): -0.0007646369934082031
(53,45): -0.00022141456604003905
(54,21): -0.0005782985687255859
(54,55): 0.0004314899444580078
(55,14): -2.838134765625e-05
(55,49): -0.0006412410736083984
(55,54): -0.0004521942138671875
(55,57): -0.0004598712921142578
(56,11): 0.0015625190734863282
(56,21): -0.0008962821960449219
(56,22): 0.000878753662109375
(56,28): -0.0003161334991455078
(56,60): -0.0011017799377441406
(56,62): -7.868766784667969e-05
(57,21): 6.198883056640625e-05
(57,43): -0.00012297630310058593
(57,55): 0.0005301856994628907
(58,14): 0.00031076431274414064
(58,15): 0.0012180328369140625
(58,24): 0.0008606910705566406
(58,27): 0.0033144378662109376
(58,34): -4.101753234863281e-05
(59,23): 0.0009264564514160157
(59,34): 0.0019962501525878904
(60,8): 0.0008842563629150391
(60,46): -0.0001235771179199219
(60,56): 0.00042944908142089844
(61,21): -0.0014051246643066407
(61,23): -0.0001605224609375
(61,28): 3.24249267578125e-07
(61,29): 0.0006083869934082032
(61,31): -8.536338806152344e-05
(62,26): 0.0006122016906738282
(62,31): 0.00033459663391113283
(62,56): -8.819580078125e-05
(63,24): 0.0006580734252929687
(63,29): 0.0010795879364013672
(63,48): -0.00019628524780273437
(64,11): 0.0012473583221435547
(65,19): 0.003506479263305664
(65,32): 0.0015197181701660156
