Interaction name: 5cks

Affinity: 5.510000228881836
Predicted value: 6.409872531890869

Attributions for edges: 

(0,1): 1.3346475921554857e-27
(0,2): 1.2424022307962441e-26
(0,3): 1.453507494972011e-26
(0,4): 6.835721929430574e-28
(0,11): 1.822133567815639e-26
(0,12): 5.923791730901633e-37
(0,15): 4.3691538866291947e-26
(0,16): 2.2257399826829417e-25
(0,21): 6.556000499864654e-26
(0,23): 1.2924855767768475e-26
(0,25): 8.16909474855587e-28
(0,26): 1.0053641273263085e-27
(0,27): 8.967175273013658e-27
(0,29): 1.0593352325298498e-27
(1,0): 1.412171568724419e-27
(1,2): 5.404089264633826e-24
(1,4): 2.9733520907270455e-25
(1,12): 4.5498757237352536e-35
(1,16): 9.681323227228731e-23
(1,21): 2.851680423098575e-23
(1,23): 5.621936359054229e-24
(1,25): 3.5533322424878157e-25
(1,26): 4.373058316701731e-25
(1,27): 3.9004754142109796e-24
(1,29): 4.607835648047148e-25
(1,35): 8.47478398074817e-25
(2,0): 1.4271788000370732e-26
(2,1): 5.8670677856035114e-24
(2,15): 1.9206588310388124e-22
(2,21): 2.881985808504525e-22
(2,25): 3.591094027944614e-24
(2,26): 4.4195143354101965e-24
(2,27): 3.941926268247999e-23
(2,28): 2.9605993949155265e-23
(2,29): 4.656803301270224e-24
(2,35): 8.564912128030575e-24
(3,0): 1.8068712663411502e-26
(3,21): 3.6487346270078297e-22
(3,23): 7.193312730146836e-23
(3,27): 4.990670772262469e-23
(4,0): 7.281391748211502e-28
(4,1): 2.9933472494840693e-25
(4,5): 2.204908138328318e-26
(4,6): 3.467812894866135e-27
(4,13): 5.237833505568072e-35
(4,14): 6.948303026672386e-34
(4,15): 9.799137867929498e-24
(4,21): 1.4703740917760915e-23
(4,22): 3.036025462621238e-24
(4,23): 2.898786344863807e-24
(4,24): 2.1212260693253124e-24
(4,25): 1.832157432286032e-25
(4,26): 2.2548132048258292e-25
(4,29): 2.375876976240736e-25
(4,33): 1.7101650483261634e-24
(5,4): 2.1306069936690227e-26
(5,6): 4.819356574127233e-28
(5,12): 1.5035179722249476e-35
(5,14): 1.008156416292374e-34
(5,20): 1.269166755973877e-24
(5,21): 2.043429198498095e-24
(5,22): 4.219252133858527e-25
(5,23): 4.0285272606509804e-25
(5,24): 2.947929322423068e-25
(5,25): 2.546211736385704e-26
(5,26): 3.133602959017114e-26
(5,27): 2.7949645090390893e-25
(5,34): 1.7023338535567114e-25
(6,4): 3.232702300603141e-27
(6,5): 4.64928588594066e-28
(6,7): 5.701625929060201e-26
(6,12): 1.621373083191068e-36
(6,13): 1.1829772397802312e-36
(6,20): 1.9256591432296155e-25
(6,22): 6.401712865350232e-26
(6,23): 6.112333417114295e-26
(6,24): 4.472799732516338e-26
(6,26): 4.7544985721340594e-27
(6,30): 3.491575403705974e-26
(6,33): 3.606053295897933e-26
(7,6): 6.262823425927175e-26
(7,8): 5.617330200228644e-23
(7,9): 5.620587880222844e-23
(7,10): 5.617330200228644e-23
(7,14): 1.3101185760341792e-32
(7,17): 1.0622641915347652e-21
(7,18): 1.1748372932824452e-21
(7,19): 7.41854387818447e-22
(7,20): 1.6493003984091367e-22
(7,22): 5.482978352827367e-23
(7,24): 3.8308912559388825e-23
(7,26): 4.072146535544271e-24
(7,27): 3.632082215060721e-23
(7,30): 2.9904745040293325e-23
(7,31): 1.7264214599874602e-23
(8,7): 5.665318817903772e-23
(8,9): 6.520642832111465e-23
(8,10): 6.51686324174237e-23
(8,18): 1.3629599951981504e-21
(8,19): 8.606482068509846e-22
(8,20): 1.9134044661544e-22
(8,29): 4.977872450708344e-24
(8,30): 3.4693547253542824e-23
(8,31): 2.002882497387595e-23
(8,32): 2.292403915934569e-23
(8,38): 1.1565337481290546e-23
(9,7): 5.650793679828119e-23
(9,8): 6.500154536681065e-23
(9,10): 6.500154536681065e-23
(9,17): 1.229210484118777e-21
(9,19): 8.584382856002112e-22
(9,20): 1.9084983824126495e-22
(9,26): 4.712128088705637e-24
(9,27): 4.202919005474198e-23
(9,29): 4.965128402784499e-24
(9,30): 3.4604598453313723e-23
(9,31): 1.9977471706667873e-23
(9,32): 2.2865349485719058e-23
(9,35): 9.131954813034301e-24
(9,38): 1.1535729164934886e-23
(10,7): 5.665318817903772e-23
(10,8): 6.51686324174237e-23
(10,9): 6.520642832111465e-23
(10,17): 1.2323702696300833e-21
(10,18): 1.3629599951981504e-21
(10,20): 1.9134044661544e-22
(10,29): 4.977872450708344e-24
(10,30): 3.4693547253542824e-23
(10,31): 2.002882497387595e-23
(10,32): 2.292403915934569e-23
(10,38): 1.1565337481290546e-23
(11,0): 2.3575573457204502e-26
(11,21): 4.760771776476461e-22
(11,23): 9.385607041765238e-23
(12,0): 1.8648001279679252e-37
(12,1): 8.60202214285824e-36
(12,5): 3.7052483791189366e-36
(12,6): 3.6136617535682095e-37
(12,13): 0.0
(12,14): 0.0
(12,15): 1.3418875047266016e-33
(12,21): 1.820702812508494e-33
(12,22): 3.660141581518905e-35
(12,23): 1.2052343578980914e-34
(12,24): 2.463121564369035e-35
(13,4): 1.3322767708209866e-35
(13,6): 3.6561471051367493e-37
(13,12): 0.0
(13,14): 0.0
(13,20): 1.3998633452866376e-33
(13,21): 1.8532164352392616e-33
(13,22): 3.951522696461564e-35
(13,23): 1.2504088124300582e-34
(13,24): 2.671450100417513e-35
(14,4): 2.7384256703683507e-34
(14,5): 6.107317633895658e-35
(14,7): 7.259269036922883e-33
(14,12): 0.0
(14,13): 0.0
(14,20): 2.5984543601268584e-32
(14,22): 9.672261392153487e-34
(14,23): 3.0607099463428395e-33
(14,24): 6.538989924408815e-34
(15,0): 6.004591657495824e-26
(15,2): 2.297824841857503e-22
(15,4): 1.2642725051457049e-23
(15,12): 8.143405357950358e-33
(15,16): 4.116524902887663e-21
(15,21): 1.2125423706842108e-21
(15,23): 2.3904716957925347e-22
(16,0): 3.315356819728826e-25
(16,1): 1.3629229376682667e-22
(16,15): 4.461717308366915e-21
(16,21): 6.69489332034555e-21
(17,7): 1.4854849117422172e-21
(17,9): 1.7097500144044304e-21
(17,10): 1.708759053646179e-21
(17,18): 2.6766118671731142e-20
(17,19): 2.1452690079666957e-20
(17,20): 5.0170753856425074e-21
(18,7): 1.6529858555841334e-21
(18,8): 1.9014359947181316e-21
(18,10): 1.9014359947181316e-21
(18,17): 2.675019706052663e-20
(18,19): 2.282277097710613e-20
(18,20): 5.582771604987879e-21
(19,7): 1.0171366019689176e-21
(19,8): 1.1700249640815584e-21
(19,9): 1.170699168787371e-21
(19,17): 2.12378105285107e-20
(19,18): 2.2712642864537205e-20
(19,20): 3.4352891618683934e-21
(20,5): 1.701406522910721e-24
(20,6): 2.6759209610986467e-25
(20,7): 2.0865184140833406e-22
(20,8): 2.4001207899497084e-22
(20,9): 2.4015220593528706e-22
(20,10): 2.4001207899497084e-22
(20,13): 5.459678653968134e-33
(20,14): 5.597753469378468e-32
(20,17): 4.5387610237112035e-21
(20,18): 5.0197362576520286e-21
(20,19): 3.1697266228380085e-21
(20,22): 2.3427250375342553e-22
(20,23): 2.236817242455841e-22
(20,24): 1.6368275608645062e-22
(21,0): 9.020356978051593e-26
(21,1): 3.7082142343905146e-23
(21,2): 3.4518914906143514e-22
(21,3): 4.038457662606956e-22
(21,4): 1.8992520490792454e-23
(21,5): 2.731501684593997e-24
(21,11): 5.062636659379609e-22
(21,12): 1.1149583019332598e-32
(21,13): 7.815260232446562e-33
(21,15): 1.2139355116646056e-21
(21,16): 6.1840454764022665e-21
(21,22): 3.7610840709116613e-22
(21,23): 3.591070283231367e-22
(21,24): 2.6278244173909224e-22
(21,39): 3.4767096857813286e-22
(22,4): 3.574788273033696e-24
(22,5): 5.141274732033109e-25
(22,6): 8.086012249277943e-26
(22,7): 6.304949959051039e-23
(22,12): 1.9586181004784516e-34
(22,13): 2.0617172202402205e-34
(22,14): 4.312803917168523e-33
(22,20): 2.129441282569502e-22
(22,21): 3.4285058668512555e-22
(22,23): 6.759168495212607e-23
(22,24): 4.9461127528919654e-23
(22,39): 6.543916753170381e-23
(23,0): 1.67434956761182e-26
(23,1): 6.883149819381668e-24
(23,3): 7.496116041982835e-23
(23,4): 3.525359037573452e-24
(23,5): 5.070166316998421e-25
(23,6): 7.974175192225727e-26
(23,11): 9.397214656669022e-23
(23,12): 7.842823003579453e-34
(23,13): 6.963799348294085e-34
(23,14): 1.1640262279356653e-32
(23,15): 2.253294716608608e-22
(23,20): 2.099997080836564e-22
(23,21): 3.3810994916330523e-22
(23,22): 6.981286482573877e-23
(23,24): 4.877722298941649e-23
(24,4): 2.4916854056088674e-24
(24,5): 3.583538219586794e-25
(24,6): 5.636103019013027e-26
(24,7): 4.39466900342808e-23
(24,12): 1.3039846077392985e-34
(24,13): 1.378428068046149e-34
(24,14): 2.8834431941869308e-33
(24,20): 1.4842549198187966e-22
(24,21): 2.38972398187213e-22
(24,22): 4.934297194253565e-23
(24,23): 4.711249613201583e-23
(25,0): 9.17796522393893e-28
(25,1): 3.773006092245678e-25
(25,2): 3.5122043875484394e-24
(25,4): 1.9324291721701255e-25
(25,5): 2.7792170581078895e-26
(25,28): 1.9039154003204594e-24
(26,0): 1.0876716323946136e-27
(26,1): 4.4713518646064665e-25
(26,2): 4.1622790215616555e-24
(26,4): 2.290102897420891e-25
(26,5): 3.293635411444049e-26
(26,6): 5.180131015773583e-27
(26,7): 4.039131523369414e-24
(26,9): 4.648922975257519e-24
(26,27): 3.00418210610586e-24
(26,29): 3.5489974518136263e-25
(26,35): 6.52740540138604e-25
(26,36): 1.3971383358167716e-24
(27,0): 1.0557776162179788e-26
(27,1): 4.340253930388568e-24
(27,2): 4.0402429494987797e-23
(27,3): 4.7267674538403663e-23
(27,5): 3.197067373509968e-25
(27,7): 3.920690763768173e-23
(27,9): 4.512618854888001e-23
(27,26): 3.269404044974085e-24
(27,35): 6.336001023116258e-24
(28,2): 3.207086873360884e-23
(28,25): 2.1087529951224104e-24
(28,37): 2.643216418938105e-22
(29,0): 1.1591949890358196e-27
(29,1): 4.765397794875336e-25
(29,2): 4.435999556177053e-24
(29,4): 2.4406957046704837e-25
(29,8): 4.951774170950465e-24
(29,9): 4.954646019075922e-24
(29,10): 4.951774170950465e-24
(29,26): 3.589654110273553e-25
(30,6): 4.088064565320273e-26
(30,7): 3.1876083198891667e-23
(30,8): 3.666718257509717e-23
(30,9): 3.668845026510193e-23
(30,10): 3.666718257509717e-23
(31,7): 1.8995563916164796e-23
(31,8): 2.1850751299303622e-23
(31,9): 2.1863510335584667e-23
(31,10): 2.1850751299303622e-23
(31,32): 7.686386925739427e-24
(31,38): 3.877821301165295e-24
(32,8): 2.5193849152321644e-23
(32,9): 2.5208462011729958e-23
(32,10): 2.5193849152321644e-23
(32,31): 7.74300820607257e-24
(32,38): 4.471098738863504e-24
(33,4): 1.9895097667653337e-24
(33,6): 4.5001827585400314e-26
(34,5): 2.0393399161287524e-25
(34,39): 2.5957220383973154e-23
(35,1): 9.4220087126923e-25
(35,2): 8.770733037950884e-24
(35,9): 9.796185161561256e-24
(35,26): 7.097388466806364e-25
(35,27): 6.33039577195421e-24
(36,26): 1.5506084639143511e-24
(37,28): 3.124716163339368e-22
(38,8): 1.238311487185334e-23
(38,9): 1.2390343993188785e-23
(38,10): 1.238311487185334e-23
(38,31): 3.805821571915321e-24
(38,32): 4.3559621231637814e-24
(39,21): 3.1708497588186515e-22
(39,22): 6.547163073567547e-23
(39,34): 2.6415619567388032e-23
