Interaction name: 5qcn

Affinity: 8.220000267028809
Predicted value: 7.528042793273926

Shapley values for edges: 

(0,1): 0.02285017490386963
(0,2): 0.015017380714416504
(0,28): 0.024140563011169434
(0,35): 0.012561097145080566
(1,0): 0.020238265991210938
(1,2): 0.020082416534423827
(1,28): 0.02369790554046631
(1,35): 0.011869707107543946
(2,0): 0.010066618919372558
(2,1): 0.019709129333496094
(2,26): 0.028144116401672362
(2,28): 0.0137481689453125
(2,29): 0.019011225700378418
(2,35): 0.008597865104675292
(3,4): 0.021688013076782225
(3,10): 0.021129488945007324
(3,39): 0.02108910083770752
(4,3): 0.0045955276489257815
(4,10): 0.003258194923400879
(4,13): 0.012774295806884765
(4,14): 0.0071111488342285156
(4,23): 0.011821722984313965
(4,32): 0.00853264331817627
(4,39): 0.0038262128829956053
(5,6): -0.007000889778137207
(5,12): -0.012577462196350097
(5,17): -0.006261420249938965
(5,33): -0.011753959655761719
(5,36): -0.007262654304504394
(5,37): -0.008540511131286621
(5,40): -0.002893948554992676
(5,41): -0.007673320770263672
(6,5): 0.0022408103942871092
(6,11): -0.015056047439575195
(6,17): -0.0033329439163208006
(6,33): -0.0147792387008667
(6,36): -0.008213443756103516
(6,37): -0.005728659629821778
(6,40): -0.0018157958984375
(6,41): -0.0008564472198486328
(7,9): 0.0021984195709228516
(7,14): 0.0030988216400146484
(7,19): 0.006706457138061523
(7,23): 0.006111788749694824
(7,30): 0.009810004234313965
(7,31): 0.004724750518798828
(7,39): 0.0017206430435180663
(8,9): 0.006144285202026367
(8,14): 0.0009419155120849609
(8,21): 0.008203167915344239
(8,22): 0.006121325492858887
(8,31): 0.006350517272949219
(8,34): 0.009449477195739747
(8,35): 0.0030680084228515625
(9,7): 0.0014252710342407228
(9,8): 0.0011002826690673828
(9,14): -0.0009992599487304687
(9,22): 0.003236217498779297
(9,31): 0.0054101371765136715
(9,34): 0.009064388275146485
(10,3): -0.002218904495239258
(10,4): 0.005436878204345703
(10,13): 0.002368192672729492
(10,15): 0.005332932472229004
(10,17): 0.0021396350860595705
(10,20): 0.00731816291809082
(10,32): -0.0005866479873657226
(10,33): -0.0019179916381835938
(10,37): -0.0005491065979003906
(10,38): -0.00516305923461914
(11,6): -0.018389816284179687
(11,12): -0.0021295976638793946
(11,17): -0.009741277694702148
(11,33): -0.001662287712097168
(11,36): -0.0060930347442626955
(11,37): -0.01086202621459961
(12,5): -0.01554631233215332
(12,11): -0.005188817977905273
(12,17): -0.0072933053970336914
(12,33): -0.006309261322021484
(12,36): -0.009689335823059081
(12,37): -0.025422778129577637
(13,4): -0.014559154510498046
(13,10): -0.000922088623046875
(13,14): 0.0023943376541137695
(13,15): 0.004014062881469727
(13,16): 0.002600412368774414
(13,19): 0.00032077312469482424
(13,23): 0.0015493488311767577
(13,30): 0.0020526456832885742
(13,38): -0.004803118705749512
(13,47): 0.005368976593017578
(13,48): 0.012764039039611817
(14,4): -0.006836032867431641
(14,7): -0.006476831436157226
(14,8): -0.0014608192443847656
(14,9): -0.004800062179565429
(14,13): 0.000521841049194336
(14,15): 0.0016417312622070313
(14,19): 0.0037344980239868166
(14,21): 0.005375337600708008
(14,22): 0.0012296485900878907
(14,23): 0.003326716423034668
(14,30): 0.004224953651428223
(14,35): -0.002420473098754883
(14,38): -0.01822582721710205
(14,42): 0.007332167625427246
(15,10): 0.0007060909271240234
(15,13): 0.0032683992385864257
(15,14): -0.00036223888397216795
(15,16): 0.00022161006927490234
(15,19): 0.00038898468017578125
(15,23): 0.0015182781219482422
(15,30): 0.0010608911514282226
(15,42): 0.004922885894775391
(15,47): 0.003643474578857422
(16,13): -0.0029221916198730468
(16,15): 0.005971393585205078
(16,19): 6.432533264160156e-06
(16,23): -1.6160011291503907e-05
(16,30): -0.00035112857818603516
(16,38): -0.005640854835510254
(17,5): 0.0014447641372680663
(17,6): -0.0017418622970581054
(17,10): -0.0127705717086792
(17,11): 0.01253183364868164
(17,12): 0.009219188690185547
(17,20): -0.000769505500793457
(17,32): -0.0033444261550903322
(17,33): 0.003305373191833496
(17,36): 0.001982264518737793
(17,37): -0.0098646879196167
(17,42): -0.0028444957733154298
(17,48): 0.00013000965118408202
(18,24): -0.004901466369628907
(18,25): -0.0027726078033447265
(18,26): -0.0032032632827758787
(18,27): -0.0026017189025878905
(18,43): 0.008519935607910156
(19,7): -0.006109757423400879
(19,13): -0.0005480241775512695
(19,14): -0.0012838125228881836
(19,15): 0.0019208574295043945
(19,16): -0.002219734191894531
(19,21): 0.0032770967483520506
(19,23): -0.0011029481887817384
(19,30): -0.0008007526397705078
(19,38): -0.012064814567565918
(20,10): -0.008920674324035644
(20,17): 0.0056556987762451175
(20,32): 0.0025366878509521483
(20,33): 0.006517257690429688
(20,36): 0.001663961410522461
(20,37): -0.0003900146484375
(20,42): -0.001492757797241211
(21,8): -0.0029703378677368164
(21,14): 0.0007645273208618164
(21,19): -0.0012374639511108399
(21,31): -0.0018517446517944335
(21,34): 0.0010628604888916016
(22,8): -0.0031383943557739256
(22,9): -0.0030880069732666018
(22,14): 0.0009521865844726563
(22,31): 0.0010563039779663086
(22,35): -0.004748845100402832
(23,4): -0.005512585639953613
(23,7): 0.0005380153656005859
(23,13): -0.0011914634704589843
(23,14): -0.0014093542098999024
(23,15): 0.004421582221984863
(23,16): 0.0008979272842407226
(23,19): 0.002897343635559082
(23,30): 0.001772303581237793
(23,38): -0.009240922927856445
(24,18): 0.004205408096313476
(24,25): -0.0009490585327148437
(24,26): -0.0015145111083984374
(24,27): -0.0022325944900512696
(24,28): -0.005714025497436524
(24,29): 0.00010888576507568359
(25,18): 0.0016879129409790039
(25,24): 0.0007116222381591797
(25,26): -0.0023201465606689452
(25,27): 0.0012485551834106445
(25,28): -0.0038387727737426757
(25,29): -0.0020455455780029295
(25,45): 0.0025346946716308595
(26,2): -0.008798170089721679
(26,18): 0.007832131385803222
(26,24): 0.003924765586853027
(26,25): 0.004919099807739258
(26,27): 0.005022382736206055
(26,28): -0.001718459129333496
(26,29): 0.0022187185287475585
(27,18): 0.0040641450881958
(27,24): 0.0004887533187866211
(27,25): 0.0008476781845092774
(27,26): 0.00023876190185546876
(27,28): -0.004263544082641601
(27,29): -0.001320343017578125
(27,45): 0.0015317487716674804
(27,46): 0.00698789119720459
(28,0): -0.016623826026916505
(28,1): -0.029279026985168457
(28,2): -0.008177480697631835
(28,24): 0.012934713363647462
(28,25): 0.010554156303405761
(28,26): 0.01116593837738037
(28,27): 0.01524446964263916
(28,29): 0.009275765419006347
(29,2): -0.011290125846862793
(29,24): 0.002741842269897461
(29,25): 0.004903597831726074
(29,26): 0.0030518531799316405
(29,27): 0.004066371917724609
(29,28): 0.0011352205276489258
(30,7): -0.0067162466049194335
(30,13): -0.0006982278823852539
(30,14): 0.0038737916946411134
(30,15): 0.002477145195007324
(30,16): 0.0005892133712768555
(30,19): -0.0008221912384033203
(30,23): 0.0018366003036499024
(30,38): -0.018616809844970703
(30,42): 0.004209237098693848
(31,7): -0.005704126358032227
(31,8): 0.0026310777664184572
(31,9): -0.004851059913635254
(31,21): 0.0021957969665527344
(31,22): 0.0001213979721069336
(31,34): 0.002260584831237793
(32,4): -0.012218527793884278
(32,10): -0.01511040210723877
(32,17): 0.0024952220916748045
(32,20): 0.0034838438034057615
(32,33): 0.006416130065917969
(32,36): 0.003832993507385254
(32,37): -0.0013828706741333009
(32,45): -0.0007044029235839844
(32,47): -0.002874469757080078
(33,5): -0.0016329479217529297
(33,6): -0.00015425682067871094
(33,10): -0.011302781105041505
(33,11): 0.005315523147583007
(33,12): 0.011150083541870116
(33,17): 0.0028598642349243163
(33,20): 0.0008815908432006836
(33,32): -0.003593497276306152
(33,36): 0.0021895265579223635
(33,48): -0.00015771865844726562
(34,8): -0.0001753711700439453
(34,9): -0.0020959281921386717
(34,21): -0.0007199621200561523
(34,31): -0.001408705711364746
(34,47): 0.004366159439086914
(35,0): -0.02703986644744873
(35,1): -0.02607947826385498
(35,2): -0.005129251480102539
(35,8): 0.006477103233337402
(35,14): 0.004598784446716309
(35,22): 0.010311312675476074
(35,44): 0.013906908035278321
(35,45): 0.011890549659729004
(36,5): 0.007468481063842774
(36,6): 0.0017204856872558593
(36,11): 0.004962739944458008
(36,12): 0.0066582679748535155
(36,17): 0.0006654644012451172
(36,20): -0.0015178537368774414
(36,32): -0.005800924301147461
(36,33): 0.006527862548828125
(36,37): -0.006769533157348633
(36,47): -0.010002851486206055
(37,5): 0.007438020706176758
(37,6): 0.020379586219787596
(37,10): -0.010745835304260255
(37,11): -0.002720041275024414
(37,12): -0.0028898239135742186
(37,17): -0.010677142143249512
(37,20): -0.006204514503479004
(37,32): -0.0013018512725830077
(37,36): -0.003602356910705566
(38,10): -0.006326007843017578
(38,13): -0.0007851171493530273
(38,14): -0.002835521697998047
(38,16): 0.0058429336547851565
(38,19): -0.00024942874908447267
(38,23): -0.00750852108001709
(38,30): -0.0012493419647216797
(39,3): 0.0058522367477416995
(39,4): 0.008086953163146973
(39,7): 0.01612905502319336
(39,47): 0.015343365669250488
(40,5): 0.006950078010559082
(40,6): 0.013998489379882812
(41,5): -0.02454725742340088
(41,6): -0.019279446601867676
(42,14): -0.002622103691101074
(42,15): 0.0011308574676513672
(42,17): 0.00694277286529541
(42,20): 0.006696519851684571
(42,30): -0.0019909477233886717
(43,18): -0.005431790351867676
(44,35): -0.001692509651184082
(44,47): 0.0016824913024902344
(45,25): 0.001437230110168457
(45,27): 0.002122654914855957
(45,32): 0.0038776445388793946
(45,35): -0.0029106760025024415
(45,46): 0.006795926094055176
(46,27): -0.002266349792480469
(46,45): -0.0022411108016967773
(47,13): 0.0030301475524902345
(47,15): 0.0017125463485717772
(47,32): 0.003957037925720215
(47,34): 0.0034649991989135743
(47,36): 0.007957706451416016
(47,39): -0.030091471672058105
(47,44): 0.0028100347518920897
(48,13): -0.006727666854858399
(48,17): 0.005849118232727051
(48,33): 0.008186254501342773
