Interaction name: 5tku

Affinity: 9.800000190734863
Predicted value: 7.800607681274414

Attributions for edges: 

(0,1): 0.5019908547401428
(0,2): 0.4935925304889679
(0,19): 0.4626396596431732
(0,29): 0.4591750204563141
(1,0): 0.48449641466140747
(1,2): 0.5049207806587219
(1,19): 0.5242944359779358
(1,29): 0.5250052213668823
(2,0): 0.5060856342315674
(2,1): 0.5925232172012329
(2,19): 0.46830928325653076
(2,25): 0.552955150604248
(2,28): 0.5612269043922424
(2,29): 0.4876552224159241
(3,4): 0.417062908411026
(3,8): 0.46360695362091064
(3,29): 0.49538490176200867
(3,30): 0.5118858814239502
(4,3): 0.5011532306671143
(4,7): 0.42930763959884644
(4,8): 0.572171151638031
(4,9): 0.35141482949256897
(4,10): 0.5453200340270996
(4,12): 0.3875913918018341
(4,13): 0.6075676083564758
(4,14): 0.46271732449531555
(4,17): 0.5939175486564636
(4,21): 0.542096734046936
(4,29): 0.6219093203544617
(4,30): 0.5322874188423157
(5,6): 0.47425374388694763
(5,11): 0.38467952609062195
(5,23): 0.5620676875114441
(6,5): 0.534385085105896
(6,11): 0.5765278935432434
(6,15): 0.4994327425956726
(6,23): 0.5341762900352478
(7,4): 0.5193257927894592
(7,10): 0.47974643111228943
(7,13): 0.47675710916519165
(7,16): 0.4564700126647949
(7,17): 0.5213212370872498
(7,20): 0.5867224335670471
(7,21): 0.5624300837516785
(7,22): 0.474646657705307
(8,3): 0.46617797017097473
(8,4): 0.5687486529350281
(8,9): 0.5016065835952759
(8,12): 0.5445793867111206
(8,21): 0.37242427468299866
(9,4): 0.4949730932712555
(9,8): 0.5767765641212463
(9,12): 0.49777501821517944
(9,13): 0.38541650772094727
(9,21): 0.5328736305236816
(10,4): 0.48980098962783813
(10,7): 0.43916165828704834
(10,13): 0.592422604560852
(10,14): 0.5879575610160828
(10,16): 0.44199448823928833
(10,17): 0.46119147539138794
(10,20): 0.5120816230773926
(10,22): 0.4550689458847046
(10,31): 0.48435789346694946
(11,5): 0.426728218793869
(11,6): 0.4272696077823639
(11,14): 0.48699796199798584
(11,15): 0.4644981324672699
(11,20): 0.49236780405044556
(11,23): 0.5070911049842834
(11,32): 0.4514608085155487
(12,4): 0.5066245794296265
(12,8): 0.38925468921661377
(12,9): 0.41623541712760925
(12,16): 0.4572579860687256
(12,17): 0.5130650997161865
(12,21): 0.4651790261268616
(12,42): 0.5644007325172424
(13,4): 0.45453140139579773
(13,7): 0.45893236994743347
(13,9): 0.4757961630821228
(13,10): 0.518520712852478
(13,14): 0.418106347322464
(13,15): 0.443303644657135
(13,20): 0.4448729455471039
(13,36): 0.49466854333877563
(14,4): 0.5246032476425171
(14,10): 0.3998759090900421
(14,11): 0.5256277322769165
(14,13): 0.48734551668167114
(14,15): 0.5214775800704956
(14,20): 0.471738338470459
(14,33): 0.4809395968914032
(14,34): 0.4418380856513977
(14,41): 0.4839717149734497
(14,42): 0.43370941281318665
(15,6): 0.40169230103492737
(15,11): 0.4593203067779541
(15,13): 0.4481778144836426
(15,14): 0.470856249332428
(15,20): 0.5925143957138062
(15,36): 0.5022021532058716
(15,39): 0.4705056846141815
(16,7): 0.5549734830856323
(16,10): 0.4507268965244293
(16,12): 0.5395607948303223
(16,17): 0.421046644449234
(16,21): 0.40790292620658875
(16,22): 0.489380419254303
(17,4): 0.5393099188804626
(17,7): 0.46734941005706787
(17,10): 0.3526768684387207
(17,12): 0.5712376236915588
(17,16): 0.4535123109817505
(17,21): 0.45996570587158203
(17,22): 0.532500684261322
(17,34): 0.516899049282074
(17,39): 0.5824116468429565
(18,24): 0.49466872215270996
(18,25): 0.5257000923156738
(18,26): 0.5582737326622009
(18,27): 0.39711323380470276
(18,35): 0.6272847652435303
(19,0): 0.4473964273929596
(19,1): 0.49940407276153564
(19,2): 0.46338239312171936
(19,24): 0.5574342608451843
(19,25): 0.4087565839290619
(19,26): 0.4680946469306946
(19,27): 0.5370814204216003
(19,28): 0.4795159697532654
(19,40): 0.48036807775497437
(20,7): 0.5093930959701538
(20,10): 0.43228232860565186
(20,11): 0.5027363896369934
(20,13): 0.49273452162742615
(20,14): 0.44145846366882324
(20,15): 0.46662235260009766
(20,34): 0.5069436430931091
(20,36): 0.5033091902732849
(20,39): 0.5028501749038696
(20,42): 0.44343602657318115
(21,4): 0.4655994772911072
(21,7): 0.4044156074523926
(21,8): 0.48657289147377014
(21,9): 0.477220356464386
(21,12): 0.47902992367744446
(21,16): 0.5298557877540588
(21,17): 0.5156588554382324
(21,22): 0.45060664415359497
(21,34): 0.48741430044174194
(22,7): 0.5423397421836853
(22,10): 0.5687078237533569
(22,16): 0.5013231635093689
(22,17): 0.43871334195137024
(22,21): 0.4549168348312378
(22,36): 0.6502931714057922
(22,39): 0.4959839880466461
(23,5): 0.5276175737380981
(23,6): 0.47131046652793884
(23,11): 0.5339420437812805
(23,33): 0.5545127391815186
(23,34): 0.46379566192626953
(23,37): 0.546825110912323
(23,38): 0.5321803689002991
(24,18): 0.39407452940940857
(24,19): 0.44313278794288635
(24,25): 0.5169124603271484
(24,26): 0.5328567624092102
(24,27): 0.4519061744213104
(24,28): 0.5303072333335876
(24,40): 0.4124325215816498
(24,41): 0.559734582901001
(25,2): 0.5212695002555847
(25,18): 0.4297736883163452
(25,19): 0.5053038597106934
(25,24): 0.514493465423584
(25,26): 0.5405353903770447
(25,27): 0.5060834288597107
(25,28): 0.5365059971809387
(26,18): 0.48685967922210693
(26,19): 0.4878087043762207
(26,24): 0.48445406556129456
(26,25): 0.5362550616264343
(26,27): 0.5810112357139587
(26,28): 0.4740743339061737
(26,41): 0.5293133854866028
(27,18): 0.39980897307395935
(27,19): 0.5899630784988403
(27,24): 0.4837750494480133
(27,25): 0.4685172438621521
(27,26): 0.5690524578094482
(27,28): 0.4732081890106201
(27,34): 0.47596463561058044
(27,42): 0.4627898335456848
(28,2): 0.370085746049881
(28,19): 0.5801966786384583
(28,24): 0.43681949377059937
(28,25): 0.494367390871048
(28,26): 0.5904722809791565
(28,27): 0.4102146327495575
(29,0): 0.466142863035202
(29,1): 0.4812832474708557
(29,2): 0.417577862739563
(29,3): 0.3909659683704376
(29,4): 0.5230785012245178
(29,42): 0.5275689959526062
(30,3): 0.5020534992218018
(30,4): 0.508271336555481
(30,33): 0.5051499009132385
(31,10): 0.5193408727645874
(31,34): 0.43076977133750916
(32,11): 0.5782818794250488
(33,14): 0.44036129117012024
(33,23): 0.4934585690498352
(33,30): 0.46696707606315613
(34,14): 0.4429590702056885
(34,17): 0.4562196433544159
(34,20): 0.45853570103645325
(34,21): 0.5056872963905334
(34,23): 0.5109744071960449
(34,27): 0.609592616558075
(34,31): 0.5037702322006226
(35,18): 0.5029511451721191
(36,13): 0.5441882610321045
(36,15): 0.44409817457199097
(36,20): 0.37703248858451843
(36,22): 0.4905332922935486
(37,23): 0.43936941027641296
(38,23): 0.5025240182876587
(38,39): 0.5199544429779053
(39,15): 0.4648095667362213
(39,17): 0.4515319764614105
(39,20): 0.5037294030189514
(39,22): 0.4390931725502014
(39,38): 0.5066224932670593
(40,19): 0.436489462852478
(40,24): 0.5008730888366699
(41,14): 0.4540814459323883
(41,24): 0.553240180015564
(41,26): 0.5544022917747498
(41,42): 0.4349837601184845
(42,12): 0.463796466588974
(42,14): 0.4284108281135559
(42,20): 0.5163790583610535
(42,27): 0.5524263381958008
(42,29): 0.5072031021118164
(42,41): 0.5109567046165466
