Interaction name: 5i88

Affinity: 6.599999904632568
Predicted value: 6.603262901306152

Shapley values for edges: 

(0,2): -0.09172011375427246
(0,11): -0.029498682022094727
(1,7): 0.09589958667755127
(1,8): 0.08444929599761963
(1,9): 0.07917397022247315
(2,0): -0.06187196254730225
(2,12): -0.05436411380767822
(3,13): -0.048367919921875
(3,14): -0.014559707641601562
(3,15): -0.010208053588867188
(4,5): -0.005132303237915039
(4,6): -0.01138108730316162
(4,7): -0.02407297134399414
(4,8): -0.022161393165588378
(4,9): -5.701541900634765e-05
(4,10): -0.018032021522521972
(5,4): -0.002534818649291992
(5,6): -0.018068318367004396
(5,7): -0.027285747528076172
(5,8): -0.013398094177246094
(5,9): -0.02265303611755371
(5,10): -0.05820727825164795
(5,14): 0.014948163032531738
(5,15): -0.005695614814758301
(5,18): -0.00782522201538086
(5,19): -0.016541914939880373
(6,4): -0.014683289527893066
(6,5): 0.029028134346008302
(6,7): 0.009651060104370118
(6,8): -0.010700469017028808
(6,9): -0.033842158317565915
(7,1): -0.02369037628173828
(7,4): -0.005270452499389649
(7,5): -0.040777039527893064
(7,6): -0.002167787551879883
(7,8): -0.014177699089050293
(7,9): -0.031678414344787596
(7,10): 0.008374900817871093
(7,16): -0.011284465789794923
(8,1): -0.02235102653503418
(8,4): 0.013080410957336426
(8,5): -0.01229292392730713
(8,6): -0.003988027572631836
(8,7): -0.020305366516113282
(8,9): -0.026641955375671388
(8,10): -0.007633767127990723
(8,17): 0.023209223747253416
(9,1): -0.03265449047088623
(9,4): 0.0014809083938598633
(9,5): -0.05483822822570801
(9,6): -0.00203399658203125
(9,7): -0.0025528621673583983
(9,8): -0.019733014106750487
(9,10): 0.007440304756164551
(10,4): -0.0032841110229492186
(10,5): 0.09450874805450439
(10,7): 0.06171745777130127
(10,8): 0.056782712936401365
(10,9): 0.02335397720336914
(11,0): 0.004278173446655273
(11,12): -0.1155651330947876
(12,2): -0.05930830478668213
(12,11): 0.001118760108947754
(13,3): 0.007702245712280274
(14,3): -0.025537295341491698
(14,5): -0.010108838081359863
(15,3): -0.02481400012969971
(15,5): -0.014906015396118164
(16,7): -0.036392955780029296
(16,19): -0.005313096046447754
(17,8): 0.012011008262634277
(17,18): 0.006631383895874024
(18,5): -0.0029651641845703123
(18,17): 0.003964562416076661
(19,5): -0.0014947795867919923
(19,16): -0.0007859134674072266
