Interaction name: 6ckr

Affinity: 7.300000190734863
Predicted value: 6.91896915435791

Attributions for edges: 

(0,4): 0.520439863204956
(0,5): 0.48514920473098755
(0,6): 0.5601212382316589
(0,17): 0.4482603967189789
(1,2): 0.49952074885368347
(1,10): 0.5193423628807068
(1,17): 0.4409081041812897
(1,18): 0.47148337960243225
(2,1): 0.4801728427410126
(2,7): 0.31721460819244385
(2,10): 0.515076220035553
(2,17): 0.3521632254123688
(2,18): 0.4348231256008148
(3,23): 0.5987204313278198
(4,0): 0.49099916219711304
(4,5): 0.4101608991622925
(4,6): 0.45467010140419006
(4,7): 0.4270131289958954
(4,8): 0.47277775406837463
(4,11): 0.46634840965270996
(4,13): 0.4594803750514984
(4,14): 0.4959576725959778
(4,15): 0.37664321064949036
(4,16): 0.4487106204032898
(4,25): 0.5189177989959717
(5,0): 0.3255581557750702
(5,4): 0.4413355588912964
(5,6): 0.5107833743095398
(5,13): 0.4308829605579376
(5,14): 0.4930717647075653
(5,15): 0.4384412169456482
(5,22): 0.4687652289867401
(5,25): 0.41026246547698975
(6,0): 0.49406930804252625
(6,4): 0.34756773710250854
(6,5): 0.5684047937393188
(6,11): 0.5463703870773315
(6,13): 0.6497239470481873
(6,14): 0.5005713701248169
(6,15): 0.5145986676216125
(6,21): 0.4487813413143158
(7,2): 0.5657224059104919
(7,4): 0.508843183517456
(7,8): 0.5000830888748169
(7,9): 0.5170302987098694
(7,10): 0.5081045627593994
(7,11): 0.3520650565624237
(7,12): 0.48041224479675293
(7,16): 0.5701515674591064
(7,19): 0.6144331097602844
(7,20): 0.39686819911003113
(8,4): 0.46309947967529297
(8,7): 0.4277709424495697
(8,9): 0.4560679793357849
(8,11): 0.4267719089984894
(8,12): 0.3265920579433441
(8,13): 0.5098101496696472
(9,7): 0.41750967502593994
(9,8): 0.3325146734714508
(9,11): 0.5004124641418457
(9,12): 0.517716646194458
(9,16): 0.4331922233104706
(9,23): 0.39901185035705566
(10,1): 0.5038045644760132
(10,2): 0.4943150281906128
(10,7): 0.30923977494239807
(10,19): 0.43730640411376953
(10,25): 0.5043627023696899
(11,4): 0.5034177303314209
(11,6): 0.5362981557846069
(11,7): 0.5460944771766663
(11,8): 0.4596547782421112
(11,9): 0.5586153268814087
(11,12): 0.3792778253555298
(11,13): 0.3905433118343353
(11,16): 0.5110266804695129
(11,25): 0.5551543831825256
(12,7): 0.4242343008518219
(12,8): 0.3893800675868988
(12,9): 0.35229578614234924
(12,11): 0.5318731665611267
(12,16): 0.5697705745697021
(13,4): 0.5473375916481018
(13,5): 0.4852922260761261
(13,6): 0.4345228970050812
(13,8): 0.3815948963165283
(13,11): 0.43764376640319824
(13,14): 0.5224153399467468
(13,15): 0.6036055684089661
(13,16): 0.5851981043815613
(13,20): 0.5171575546264648
(14,4): 0.5577365159988403
(14,5): 0.5048974752426147
(14,6): 0.49153268337249756
(14,13): 0.33936581015586853
(14,15): 0.44958847761154175
(14,24): 0.44318288564682007
(15,4): 0.4875263273715973
(15,5): 0.47451385855674744
(15,6): 0.4396090805530548
(15,13): 0.5126533508300781
(15,14): 0.4634474217891693
(16,4): 0.5170440077781677
(16,7): 0.3131294250488281
(16,9): 0.43722137808799744
(16,11): 0.38091832399368286
(16,12): 0.4215128421783447
(16,13): 0.43650853633880615
(17,0): 0.4429340660572052
(17,1): 0.46002817153930664
(17,2): 0.43611884117126465
(17,22): 0.2556911110877991
(18,1): 0.52760910987854
(18,2): 0.580441415309906
(19,7): 0.4370354115962982
(19,10): 0.41553381085395813
(20,7): 0.43867430090904236
(20,13): 0.4268300533294678
(20,23): 0.48159053921699524
(21,6): 0.5778937935829163
(21,22): 0.4046314060688019
(22,5): 0.5403763055801392
(22,17): 0.5781949758529663
(22,21): 0.43857792019844055
(23,3): 0.5123576521873474
(23,9): 0.39588019251823425
(23,20): 0.330299437046051
(24,14): 0.6057528853416443
(25,4): 0.5513361096382141
(25,5): 0.49519339203834534
(25,10): 0.4974747896194458
(25,11): 0.4126809239387512
