Interaction name: 5cj6

Affinity: 8.6899995803833
Predicted value: 7.851424694061279

Shapley values for edges: 

(0,2): -0.021243815422058106
(0,4): -0.004724621772766113
(0,5): -0.03192418098449707
(0,8): -0.015607471466064454
(0,9): -0.02456413745880127
(0,10): 0.002554912567138672
(0,11): -0.006627583503723144
(0,12): -0.004625353813171387
(0,13): -0.00940546989440918
(0,18): -0.01870779514312744
(1,7): -0.0320954704284668
(1,14): -0.005757722854614258
(1,15): 0.002870969772338867
(1,17): -0.017991952896118164
(1,19): -0.008077178001403808
(2,0): 0.015655097961425782
(2,3): 0.012245044708251954
(2,4): -0.0004211950302124023
(2,5): 0.007839202880859375
(2,6): 0.00018105030059814453
(2,7): -0.011432876586914062
(2,8): 0.012993388175964356
(2,9): 0.017522754669189452
(2,10): -0.0014533948898315429
(2,11): 0.007031016349792481
(2,12): 0.013596668243408203
(2,13): 0.01330040454864502
(2,16): 0.004714584350585938
(2,17): 0.01299598217010498
(2,18): 0.016682491302490235
(3,2): 0.016585097312927247
(3,4): 0.012547574043273925
(3,5): 0.010082712173461914
(3,8): 0.011049280166625977
(3,9): 0.014456686973571777
(3,10): 0.0019756174087524414
(3,11): 0.014301056861877442
(3,12): 0.008675179481506347
(3,13): 0.006939992904663086
(3,18): 0.008369712829589844
(4,0): -0.010330324172973632
(4,2): 0.006838812828063965
(4,3): -0.006113576889038086
(4,5): 0.008427834510803223
(4,6): 0.003131251335144043
(4,7): -0.006339139938354492
(4,8): -0.002406773567199707
(4,9): 0.0047776222229003905
(4,10): -0.008162965774536133
(4,15): 0.004843668937683105
(4,16): -0.005583672523498535
(4,17): 0.0054462051391601565
(4,21): 0.014001865386962891
(4,28): 0.002744626998901367
(4,29): 0.0019043874740600586
(4,36): 0.04315235137939453
(4,39): -0.007191109657287598
(5,0): -0.010457897186279297
(5,2): 0.006115493774414063
(5,3): -0.007833318710327148
(5,4): 0.012140207290649414
(5,6): 0.010086994171142578
(5,7): 0.005232563018798828
(5,8): 0.001417713165283203
(5,9): 0.007906408309936523
(5,10): 0.008771605491638183
(5,13): 0.0028668975830078124
(5,14): 0.010899229049682617
(5,15): 0.0019478416442871094
(5,16): -0.0009159088134765625
(5,17): 0.002607579231262207
(5,18): -0.011122193336486817
(6,2): -0.0011125612258911133
(6,4): -0.008878946304321289
(6,5): -0.004619975090026856
(6,7): -0.008864407539367675
(6,14): 0.0011293125152587891
(6,15): 0.0032076120376586916
(6,16): 0.005281171798706055
(6,18): -0.0041945743560791015
(6,20): 0.015572190284729004
(6,22): 0.021723222732543946
(6,23): 0.010719919204711914
(6,24): 0.04348655223846436
(7,1): 8.783340454101562e-05
(7,2): 0.00033069610595703124
(7,4): 0.002765188217163086
(7,5): -0.0014125299453735351
(7,6): 0.0028742027282714845
(7,14): 0.020915331840515135
(7,15): 0.010386676788330078
(7,16): -0.011634740829467773
(7,17): 0.003381242752075195
(7,18): -0.009237461090087891
(8,0): -0.007137742042541504
(8,2): 0.008662958145141602
(8,3): -0.007167725563049316
(8,4): 0.005994863510131836
(8,5): 0.006168460845947266
(8,9): 0.0002939558029174805
(8,10): 0.004988813400268554
(8,11): 0.006503181457519531
(8,12): 0.004672694206237793
(8,13): 0.0109877347946167
(8,16): -0.0059406328201293945
(8,18): 0.002780756950378418
(8,25): -0.015214519500732422
(8,27): 0.013750085830688477
(9,0): -0.00997701644897461
(9,2): 0.0008202838897705078
(9,3): -0.008555850982666015
(9,4): 0.005708322525024414
(9,5): 0.0029132080078125
(9,8): 0.008734941482543945
(9,10): 0.002780461311340332
(9,11): 0.009491605758666992
(9,12): 0.015629353523254393
(9,13): 0.005535273551940918
(9,18): -0.0021559476852416994
(9,28): 0.0059437894821166995
(9,39): -0.000742349624633789
(10,0): -0.005984940528869629
(10,2): 0.0021468305587768553
(10,3): -0.002382669448852539
(10,4): -0.002278118133544922
(10,5): 0.011238374710083009
(10,8): -0.005872621536254883
(10,9): -0.007738327980041504
(10,11): 0.009539637565612793
(10,12): 0.0118925142288208
(10,13): 0.008833718299865723
(10,18): 0.0028479528427124024
(10,25): 0.0019224166870117187
(10,26): 0.011813249588012695
(10,27): 0.03719717979431152
(10,28): 0.005501089096069336
(10,39): 0.005789608955383301
(11,0): -0.0011230993270874023
(11,2): 0.0022451972961425783
(11,3): -0.0056938457489013675
(11,8): -0.008841466903686524
(11,9): -0.0025710630416870116
(11,10): 0.0036145877838134766
(11,12): 0.00940239906311035
(11,13): 0.002421875
(11,29): -0.0076844882965087895
(11,40): 0.0161184024810791
(12,0): -0.01581451416015625
(12,2): -0.010328588485717773
(12,3): -0.0024828195571899416
(12,8): 0.0012169790267944336
(12,9): 0.007076444625854492
(12,10): 0.0053233814239501956
(12,11): 0.0032436656951904297
(12,13): 0.00855679988861084
(12,30): 0.012182960510253906
(12,33): 0.015007081031799317
(12,40): 0.03602090358734131
(12,41): 0.02615842342376709
(13,0): -0.014148564338684081
(13,2): 0.003640894889831543
(13,3): -0.011187806129455566
(13,5): 0.005058794021606445
(13,8): 0.007698917388916015
(13,9): -0.0024081945419311525
(13,10): -0.002259244918823242
(13,11): -0.0007593393325805664
(13,12): 0.0076043128967285155
(13,25): -0.009858083724975587
(13,32): 0.017375388145446778
(14,1): 0.011218838691711426
(14,5): 0.007346158027648926
(14,6): 0.003447699546813965
(14,7): -0.01598156452178955
(14,15): 0.00014176368713378907
(14,16): -0.004293150901794433
(14,17): -0.007819561958312989
(14,21): 0.014765734672546387
(14,33): 0.025642952919006347
(14,34): 0.00409902572631836
(14,35): 0.02486994743347168
(15,1): 0.0043972253799438475
(15,4): -0.01802952289581299
(15,5): -0.007510843276977539
(15,6): -0.00444582462310791
(15,7): -0.007904033660888671
(15,14): 0.009407095909118653
(15,16): 0.0008417987823486329
(15,17): -0.0031654930114746096
(15,18): -0.004064226150512695
(15,37): -0.003786320686340332
(15,38): 0.028988957405090332
(15,39): 0.00028480052947998046
(16,2): -0.0016788101196289062
(16,4): 0.00690058708190918
(16,5): 0.006397857666015625
(16,6): 0.008061246871948242
(16,7): -0.003477935791015625
(16,8): 0.010319366455078124
(16,14): 0.0016312026977539063
(16,15): 0.006400942802429199
(16,17): -0.002027006149291992
(16,18): -0.0018250083923339845
(16,28): -0.013271241188049317
(17,1): 0.006530246734619141
(17,2): -0.002980222702026367
(17,4): 0.006499004364013672
(17,5): -0.006513934135437011
(17,7): -0.008978958129882813
(17,14): 0.01527090072631836
(17,15): 0.0014194965362548829
(17,16): -0.0032179641723632814
(17,18): -0.006923208236694336
(17,34): -0.010621476173400878
(18,0): 0.03761081218719482
(18,2): 0.019596147537231445
(18,3): 0.020793137550354005
(18,5): 0.0033357048034667967
(18,6): -0.007781939506530762
(18,7): 0.023433618545532227
(18,8): 0.011559114456176758
(18,9): 0.01536691665649414
(18,10): 0.018631672859191893
(18,15): 0.014618005752563477
(18,16): 0.008202366828918457
(18,17): 0.013873529434204102
(19,1): -0.0524095869064331
(20,6): 0.042120504379272464
(20,27): -0.0834556770324707
(21,4): 0.01395275115966797
(21,14): 0.011634650230407715
(21,24): -0.014343299865722657
(22,6): 0.033614368438720704
(22,35): -0.04437753677368164
(22,36): 0.017676539421081543
(23,6): 0.0437288236618042
(23,24): -0.027084646224975587
(24,6): 0.015161261558532715
(24,21): -0.057784719467163084
(24,23): -0.05172164440155029
(25,8): 0.003138670921325684
(25,10): 0.014681949615478515
(25,13): 0.0002896499633789063
(25,31): 0.004559717178344727
(25,36): 0.02274355888366699
(26,10): 0.014873428344726563
(26,39): -0.06414178371429444
(27,8): 0.007659535408020019
(27,10): -0.0012049341201782226
(27,20): -0.06513859748840332
(28,4): 0.006361384391784668
(28,9): 0.0021265220642089845
(28,10): 0.005422582626342773
(28,16): -0.014558873176574706
(28,33): -0.006502485275268555
(28,38): 0.003961915969848633
(29,4): 0.016715283393859862
(29,11): -0.0019904232025146486
(30,12): 0.0177667760848999
(30,40): -0.04486813545227051
(31,25): -0.04985270500183105
(31,32): -0.022815632820129394
(31,36): 0.017542934417724608
(32,13): -0.006141738891601562
(32,31): -0.030526981353759766
(32,41): -0.04770767688751221
(33,12): 0.021986560821533205
(33,14): 0.02147608757019043
(33,28): -0.02274855613708496
(33,38): -0.018636984825134276
(34,14): 0.03683157920837402
(34,17): 0.001336946487426758
(35,14): 0.018682918548583984
(35,22): -0.042269744873046876
(35,36): 0.01351151466369629
(36,4): 0.007060508728027343
(36,22): 0.004042668342590332
(36,25): -0.019174489974975586
(36,31): 0.021720643043518065
(36,35): -0.0023451662063598633
(37,15): -0.0013971710205078125
(38,15): 0.006048102378845215
(38,28): -0.03246532917022705
(38,33): -0.05707988739013672
(39,4): 0.006127262115478515
(39,9): -0.006915130615234375
(39,10): -0.00265838623046875
(39,15): 0.007030096054077149
(39,26): -0.0189110803604126
(40,11): -0.01746206760406494
(40,12): 0.02717468738555908
(40,30): -0.05183436393737793
(40,41): -0.020635557174682618
(41,12): 0.012460060119628906
(41,32): -0.025294384956359862
(41,40): -0.034040637016296386
