Interaction name: 5tkd

Affinity: 8.149999618530273
Predicted value: 8.687417984008789

Shapley values for edges: 

(0,1): 0.03709712028503418
(0,4): 0.05358767032623291
(0,6): -0.008791279792785645
(0,9): 0.02116029739379883
(0,14): 0.014635906219482422
(0,16): 0.20296748161315917
(1,0): -0.00622706413269043
(1,3): 0.007142982482910156
(1,14): -0.0681887674331665
(1,15): 0.04447744846343994
(2,4): 0.016516628265380858
(2,14): -0.062158451080322266
(2,16): 0.047305970191955565
(3,1): -0.09339600086212158
(3,8): -0.029253506660461427
(4,0): 0.09168700218200683
(4,2): -0.013948702812194824
(4,6): 0.02083280563354492
(4,14): -0.020501389503479003
(5,6): 0.015169076919555664
(5,9): 0.05485218524932861
(5,11): 0.024087672233581544
(5,12): 0.04090556144714355
(5,13): 0.008714919090270995
(5,17): 0.01639082908630371
(6,0): -0.011868033409118652
(6,4): -0.02598881721496582
(6,5): 0.03736384391784668
(6,9): -0.07636618614196777
(6,10): 0.005579690933227539
(6,11): 0.02589041233062744
(6,12): 0.001729578971862793
(6,13): 0.013229618072509766
(6,18): 0.053425865173339845
(6,21): 0.046746859550476076
(6,23): 0.08083356857299805
(7,9): 0.06705925941467285
(7,10): 0.020767207145690917
(7,11): 0.005419764518737793
(7,12): 0.021432485580444336
(7,13): 0.051393041610717775
(7,19): 0.02421828269958496
(7,21): 0.11109707355499268
(7,22): 0.06755828380584716
(7,23): 0.10919039249420166
(8,3): -0.07322492599487304
(8,18): 0.11142787456512451
(8,20): 0.010120596885681152
(9,0): -0.04932533740997314
(9,5): 0.07344514846801758
(9,6): -0.04768295764923096
(9,7): 0.0014393901824951171
(9,10): -0.029662861824035644
(9,11): 0.033848843574523925
(9,12): 0.030198845863342285
(9,13): 0.04137842655181885
(10,6): -0.003703403472900391
(10,7): -0.036695971488952636
(10,9): -0.07509040355682373
(10,11): 0.02345041751861572
(10,12): 0.002396564483642578
(10,13): 0.019229621887207032
(10,23): 0.05056026935577393
(11,5): 0.003227992057800293
(11,6): -0.04181105136871338
(11,7): -0.002937145233154297
(11,9): -0.003711104393005371
(11,10): 0.01847752571105957
(11,12): -0.01709115505218506
(11,13): 0.024703798294067384
(12,5): 0.028940043449401855
(12,6): 0.007949376106262207
(12,7): -0.03048116683959961
(12,9): 0.03161384105682373
(12,10): 0.03070298194885254
(12,11): 0.0225838041305542
(12,13): 0.01765726089477539
(12,22): 0.025916924476623537
(13,5): 0.052577052116394046
(13,6): 0.025068349838256836
(13,7): -0.08449334144592285
(13,9): -0.0027127742767333986
(13,10): -0.0378978157043457
(13,11): 0.016995296478271485
(13,12): -0.025154128074645996
(14,0): 0.2085835027694702
(14,1): 0.22203178882598876
(14,2): 0.22529860496520995
(14,4): 0.2395058488845825
(15,1): -0.05095474720001221
(16,0): 0.19892943859100343
(16,2): 0.020262346267700196
(17,5): 0.021648097038269042
(17,18): 0.039743661880493164
(18,6): -0.023256540298461914
(18,8): 0.09948419094085693
(18,17): 0.017704429626464843
(19,7): -0.02542936325073242
(20,8): 0.0038494443893432617
(21,6): -0.031310806274414064
(21,7): -0.0301076078414917
(22,7): -0.012230334281921386
(22,12): -0.015435519218444825
(22,23): 0.05381526470184326
(23,6): -0.02113097667694092
(23,7): 0.015997257232666016
(23,10): -0.01659291744232178
(23,22): 0.07237814426422119
