Interaction name: 5mro

Affinity: 5.699999809265137
Predicted value: 6.190915107727051

Attributions for edges: 

(0,1): 4.734624348201465e-35
(0,2): 0.0
(0,3): 0.0
(0,4): 3.2855489154974655e-29
(0,7): 3.0632028612936665e-30
(0,8): 2.205696546640002e-28
(0,13): 2.5938276579587564e-26
(0,14): 0.0
(0,15): 0.0
(1,0): 1.780970185095739e-33
(1,2): 0.0
(1,4): 5.0344781115955643e-23
(1,8): 3.3798226729262977e-22
(1,9): 1.575414752014825e-20
(1,11): 5.2366352119462933e-20
(1,13): 3.9745773170405825e-20
(1,14): 0.0
(1,15): 0.0
(2,0): 0.0
(2,1): 0.0
(2,3): 0.0
(2,4): 0.0
(2,14): 0.0
(2,15): 0.0
(3,0): 0.0
(3,2): 0.0
(3,14): 0.0
(3,15): 0.0
(4,0): 9.700827162300074e-26
(4,1): 3.951761672418324e-21
(4,2): 2.2934033613984287e-36
(4,7): 2.556697482882181e-16
(4,8): 1.840981048704428e-14
(4,9): 8.581262328326289e-13
(4,10): 1.0766403705521864e-14
(4,11): 2.8523819591008692e-12
(4,16): 9.875714829243876e-12
(4,24): 3.400284881673195e-20
(4,27): 1.5097913622043655e-16
(5,6): 7.962904966483941e-13
(5,8): 1.2889447538813603e-12
(5,9): 6.008085695619059e-11
(5,10): 7.5380050508847e-13
(5,11): 1.9970670950275604e-10
(5,12): 2.0167582068329054e-13
(5,18): 1.6823084592054727e-10
(5,21): 1.842630768746102e-23
(6,5): 4.871591953621579e-13
(6,8): 8.983188948567464e-14
(6,9): 4.187283766249328e-12
(6,10): 5.253537879788654e-14
(6,11): 1.3918385541322742e-11
(6,12): 1.4055596117069132e-14
(6,17): 1.0306839409723878e-10
(6,23): 1.0658949268092733e-25
(6,24): 1.7558478852132156e-19
(7,0): 3.875079285369993e-27
(7,4): 1.0954227120586637e-16
(7,8): 7.353958576907557e-16
(7,11): 1.139404326097604e-13
(7,16): 3.944932217263969e-13
(7,17): 8.437529104218799e-13
(7,18): 8.270195238271189e-14
(7,19): 2.1508297314016318e-23
(7,21): 8.043644871989335e-27
(7,25): 3.3437128391620996e-13
(8,0): 1.084073659376316e-24
(8,1): 4.41610209421438e-20
(8,4): 3.0644903254535213e-14
(8,5): 1.1156760194516724e-12
(8,6): 1.2709664321420427e-13
(8,7): 2.857114975922219e-15
(8,9): 9.589579130775405e-12
(8,10): 1.2031478244245442e-13
(8,11): 3.1875425909877464e-11
(8,17): 2.3604382337616414e-10
(8,19): 7.264604677615428e-21
(8,20): 1.0764721058986737e-10
(8,27): 1.6871949749987106e-15
(9,1): 4.610418943468939e-18
(9,4): 3.1993275216579686e-12
(9,5): 1.1906305108499993e-10
(9,6): 1.3290825037759468e-11
(9,8): 2.1478213305115013e-11
(9,10): 1.2580931088579383e-11
(9,11): 3.482852228842148e-09
(9,12): 3.360606714783443e-12
(9,16): 1.3197755777127895e-08
(9,25): 1.0351769219596463e-08
(10,4): 1.2930284894554535e-14
(10,5): 4.707465428750723e-13
(10,6): 5.362695693327674e-14
(10,8): 8.6805569514143e-14
(10,9): 4.046219088948977e-12
(10,11): 1.3449492387851425e-11
(10,12): 1.3582106393619873e-14
(10,17): 9.959596342090649e-11
(10,22): 2.955493839679064e-19
(11,1): 2.1043808964316495e-17
(11,4): 1.4603046202821268e-11
(11,5): 5.633719601938481e-10
(11,6): 6.08615796648948e-11
(11,7): 1.3614800476249855e-12
(11,8): 9.812931023311933e-11
(11,9): 4.894578964353968e-09
(11,10): 5.7610825832110635e-11
(11,12): 1.5347941667576137e-11
(11,18): 1.4169257767093768e-08
(11,27): 8.039837242138081e-13
(12,5): 5.093273486344099e-14
(12,6): 5.802215075724005e-15
(12,9): 4.377825142329317e-13
(12,10): 5.492609286909507e-15
(12,11): 1.4551767993711828e-12
(12,23): 1.0233493470747709e-26
(12,26): 2.4397983869463745e-28
(13,0): 7.397695937911936e-20
(13,1): 3.882767689994664e-15
(14,0): 0.0
(14,1): 0.0
(14,2): 0.0
(14,3): 0.0
(14,15): 0.0
(14,25): 0.0
(14,27): 0.0
(15,0): 0.0
(15,1): 0.0
(15,2): 0.0
(15,3): 0.0
(15,14): 0.0
(16,4): 5.165051164546242e-10
(16,7): 4.495584807195918e-11
(16,9): 1.826340252364389e-07
(17,6): 1.0050530407923475e-09
(17,7): 2.114151388676877e-11
(17,8): 1.5987350332480332e-09
(17,10): 9.511368359582661e-10
(18,5): 2.0435081182768045e-08
(18,7): 4.372213702197314e-11
(18,11): 5.893871275475249e-07
(19,7): 7.614970456114989e-17
(19,8): 5.966494151228661e-15
(20,8): 1.392315374104669e-09
(20,22): 5.830926951537084e-15
(20,27): 1.0460660115896303e-11
(21,5): 6.222796368430682e-17
(21,7): 1.359425195562357e-19
(22,10): 2.8756500896872164e-14
(22,20): 2.9310408267146926e-11
(23,6): 9.515516637461679e-19
(23,12): 2.360301458289303e-19
(24,4): 2.0118663882746045e-14
(24,6): 8.696946700130492e-14
(25,7): 5.191604524751314e-12
(25,9): 1.932829185591345e-08
(25,14): 0.0
(25,27): 3.0657616202633964e-12
(26,12): 1.0931577920213261e-20
(27,4): 3.119555508544094e-17
(27,8): 2.0942595806308997e-16
(27,11): 3.244813136715416e-14
(27,14): 0.0
(27,20): 1.0958129613132875e-13
(27,25): 9.522259012111761e-14
