Interaction name: 5ung

Affinity: 9.470000267028809
Predicted value: 8.096816062927246

Attributions for edges: 

(0,4): 0.504086971282959
(0,5): 0.5152191519737244
(0,7): 0.5283930897712708
(0,27): 0.4679734706878662
(0,40): 0.45182809233665466
(0,41): 0.5136635303497314
(1,14): 0.44667574763298035
(1,15): 0.445678174495697
(1,16): 0.5235546827316284
(1,35): 0.5233895778656006
(1,36): 0.5127683877944946
(1,40): 0.42134329676628113
(2,9): 0.4944959878921509
(2,10): 0.4520651698112488
(2,19): 0.4887102544307709
(2,20): 0.5283898711204529
(2,22): 0.4687046706676483
(2,28): 0.528660774230957
(2,30): 0.49085143208503723
(2,39): 0.49132150411605835
(3,8): 0.5132100582122803
(3,9): 0.4646911323070526
(3,10): 0.3935239315032959
(3,12): 0.5021910071372986
(3,13): 0.4094468057155609
(3,19): 0.5091225504875183
(3,20): 0.48539599776268005
(3,21): 0.5168500542640686
(3,39): 0.4068796634674072
(4,0): 0.3797611594200134
(4,5): 0.5815339684486389
(4,7): 0.5640108585357666
(4,23): 0.4246762990951538
(4,24): 0.5202592015266418
(4,25): 0.43065163493156433
(4,27): 0.5682089328765869
(4,31): 0.5208041667938232
(4,34): 0.49054214358329773
(4,38): 0.5965977311134338
(4,40): 0.5351556539535522
(4,41): 0.5126672983169556
(5,0): 0.49486973881721497
(5,4): 0.4752393662929535
(5,7): 0.46690741181373596
(5,25): 0.49797162413597107
(5,27): 0.5179669857025146
(5,34): 0.585925281047821
(5,40): 0.6081336736679077
(5,41): 0.5197736620903015
(6,9): 0.6283294558525085
(6,10): 0.5768882632255554
(6,19): 0.519356906414032
(6,20): 0.498839408159256
(6,22): 0.5551744103431702
(6,28): 0.5659627914428711
(6,30): 0.5421888828277588
(6,39): 0.5460468530654907
(7,0): 0.5018211007118225
(7,4): 0.5638823509216309
(7,5): 0.5581050515174866
(7,27): 0.4552040696144104
(8,3): 0.4620473384857178
(8,10): 0.49278029799461365
(8,21): 0.5171389579772949
(8,42): 0.4769516885280609
(8,43): 0.46537351608276367
(8,60): 0.47032254934310913
(9,2): 0.4761427640914917
(9,3): 0.433480441570282
(9,6): 0.5024198293685913
(9,10): 0.4783719480037689
(9,12): 0.4509250819683075
(9,19): 0.49950268864631653
(9,20): 0.47063207626342773
(9,21): 0.5099525451660156
(9,22): 0.4663926362991333
(9,28): 0.4683469831943512
(9,39): 0.413948655128479
(9,44): 0.48807913064956665
(9,45): 0.45681560039520264
(10,2): 0.4819847345352173
(10,3): 0.545295238494873
(10,6): 0.5092057585716248
(10,8): 0.5341594219207764
(10,9): 0.5851289629936218
(10,20): 0.49213728308677673
(10,21): 0.4400786757469177
(10,22): 0.5383307337760925
(10,23): 0.558931827545166
(10,24): 0.45266032218933105
(10,28): 0.5571334362030029
(10,30): 0.5132498145103455
(10,38): 0.5245465636253357
(10,39): 0.509343683719635
(10,45): 0.5016035437583923
(10,46): 0.4915986657142639
(10,47): 0.41252562403678894
(11,25): 0.4317832291126251
(11,26): 0.46575552225112915
(11,27): 0.5200532078742981
(11,29): 0.48569896817207336
(11,34): 0.4611859917640686
(11,37): 0.5272166728973389
(11,56): 0.4975806176662445
(11,64): 0.4573948085308075
(12,3): 0.47283002734184265
(12,9): 0.5026202201843262
(12,13): 0.5540367364883423
(12,19): 0.4635653495788574
(12,20): 0.49415072798728943
(12,39): 0.5191957950592041
(12,42): 0.546429455280304
(12,49): 0.48636317253112793
(13,3): 0.5590025782585144
(13,12): 0.44900932908058167
(13,15): 0.5453214049339294
(13,16): 0.4571291208267212
(13,18): 0.43180346488952637
(13,19): 0.4446658492088318
(13,20): 0.4468200206756592
(13,35): 0.5295808911323547
(13,36): 0.46178391575813293
(13,39): 0.48967811465263367
(13,50): 0.4480020999908447
(13,51): 0.4491041600704193
(14,1): 0.4753916561603546
(14,35): 0.4695260524749756
(14,50): 0.5592254400253296
(14,51): 0.5387111306190491
(14,55): 0.4168752133846283
(14,58): 0.49560534954071045
(15,1): 0.4240138530731201
(15,13): 0.4803241789340973
(15,16): 0.41623446345329285
(15,17): 0.4239557981491089
(15,18): 0.45901820063591003
(15,32): 0.47926297783851624
(15,33): 0.5520384311676025
(15,49): 0.5507368445396423
(15,58): 0.5101785063743591
(16,1): 0.3974914848804474
(16,13): 0.5181066989898682
(16,15): 0.42016610503196716
(16,17): 0.5019922256469727
(16,18): 0.4866390526294708
(16,32): 0.5723757147789001
(16,33): 0.5212987661361694
(16,36): 0.5056765675544739
(16,51): 0.517915666103363
(17,15): 0.4393930733203888
(17,16): 0.4929729998111725
(17,18): 0.48905932903289795
(17,32): 0.47004419565200806
(17,33): 0.5358082056045532
(17,36): 0.4803961217403412
(17,50): 0.5273525714874268
(17,52): 0.4813019037246704
(18,13): 0.4913157820701599
(18,15): 0.4258635342121124
(18,16): 0.396453320980072
(18,17): 0.4696391522884369
(18,32): 0.4235267639160156
(18,33): 0.4684189558029175
(18,36): 0.46086663007736206
(18,52): 0.48236972093582153
(18,53): 0.47967585921287537
(19,2): 0.4408383071422577
(19,3): 0.5075641870498657
(19,6): 0.484194278717041
(19,9): 0.518200159072876
(19,12): 0.4548676013946533
(19,13): 0.4944106340408325
(19,20): 0.39639022946357727
(19,35): 0.507830023765564
(19,39): 0.4745980501174927
(19,50): 0.5312610864639282
(19,51): 0.4439045488834381
(19,53): 0.47527971863746643
(19,65): 0.45887425541877747
(20,2): 0.5178670287132263
(20,3): 0.4665813446044922
(20,6): 0.5010940432548523
(20,9): 0.432787150144577
(20,10): 0.4222460985183716
(20,12): 0.4671621322631836
(20,13): 0.4999983310699463
(20,19): 0.4665849804878235
(20,35): 0.48072880506515503
(20,42): 0.5618551969528198
(21,3): 0.48295846581459045
(21,8): 0.5443891882896423
(21,9): 0.4637655019760132
(21,10): 0.4668872356414795
(21,28): 0.5072474479675293
(21,51): 0.43687641620635986
(21,54): 0.5203388929367065
(21,56): 0.5685474872589111
(21,57): 0.5507966876029968
(21,61): 0.6169552803039551
(22,2): 0.4799499213695526
(22,6): 0.4605228900909424
(22,9): 0.5682975053787231
(22,10): 0.4832612872123718
(22,23): 0.5757224559783936
(22,24): 0.5506730675697327
(22,25): 0.5520015358924866
(22,28): 0.45198479294776917
(22,30): 0.5081011652946472
(22,31): 0.49324408173561096
(22,38): 0.5469351410865784
(22,42): 0.4719618856906891
(22,49): 0.4999115765094757
(22,50): 0.5553312301635742
(22,56): 0.5741941332817078
(23,4): 0.5636005997657776
(23,10): 0.45162463188171387
(23,22): 0.482819139957428
(23,24): 0.5046000480651855
(23,25): 0.39323461055755615
(23,27): 0.5225599408149719
(23,28): 0.5013213753700256
(23,29): 0.46379533410072327
(23,30): 0.4487594664096832
(23,31): 0.46564924716949463
(23,37): 0.519369900226593
(23,38): 0.44808489084243774
(23,48): 0.6066688299179077
(23,51): 0.42106497287750244
(23,59): 0.5614421963691711
(23,61): 0.4871691167354584
(24,4): 0.46527785062789917
(24,10): 0.5202928185462952
(24,22): 0.44390520453453064
(24,23): 0.4212915897369385
(24,25): 0.42619627714157104
(24,27): 0.46125903725624084
(24,28): 0.4591914117336273
(24,29): 0.45553168654441833
(24,30): 0.42956292629241943
(24,31): 0.48528942465782166
(24,37): 0.4754694104194641
(24,58): 0.48373571038246155
(24,63): 0.45779189467430115
(25,4): 0.4946751296520233
(25,5): 0.485848069190979
(25,11): 0.542273223400116
(25,22): 0.5587028861045837
(25,23): 0.5544992089271545
(25,24): 0.5382341742515564
(25,26): 0.5045169591903687
(25,27): 0.45046937465667725
(25,29): 0.529977560043335
(25,30): 0.4189836084842682
(25,31): 0.4345559775829315
(25,34): 0.4233417510986328
(25,37): 0.46723926067352295
(25,38): 0.5041675567626953
(25,49): 0.5271701216697693
(26,11): 0.49982357025146484
(26,25): 0.5209808945655823
(26,27): 0.43739354610443115
(26,29): 0.434247761964798
(26,31): 0.4550490975379944
(26,34): 0.5203917026519775
(26,37): 0.47527286410331726
(26,62): 0.4952141046524048
(27,0): 0.45933499932289124
(27,4): 0.4170264005661011
(27,5): 0.5079840421676636
(27,7): 0.45473000407218933
(27,11): 0.4652944803237915
(27,23): 0.5217558145523071
(27,24): 0.4276215732097626
(27,25): 0.4770489037036896
(27,26): 0.5128848552703857
(27,29): 0.4600500464439392
(27,31): 0.5611314177513123
(27,34): 0.47843819856643677
(27,37): 0.47747790813446045
(27,38): 0.43481045961380005
(27,58): 0.5787414908409119
(28,2): 0.43439409136772156
(28,6): 0.5002911686897278
(28,9): 0.49673333764076233
(28,10): 0.42652466893196106
(28,21): 0.5184584259986877
(28,22): 0.39868661761283875
(28,23): 0.4419591724872589
(28,24): 0.4642513692378998
(28,30): 0.4603552520275116
(28,31): 0.4380682408809662
(28,38): 0.4901026785373688
(28,49): 0.5252971649169922
(28,56): 0.5308545231819153
(28,61): 0.5667322278022766
(29,11): 0.46620747447013855
(29,23): 0.48045721650123596
(29,24): 0.49122679233551025
(29,25): 0.4836016297340393
(29,26): 0.5098170638084412
(29,27): 0.47976046800613403
(29,31): 0.41552734375
(29,34): 0.445597767829895
(29,38): 0.48199671506881714
(29,61): 0.5728785395622253
(29,63): 0.5008641481399536
(30,2): 0.5205276608467102
(30,6): 0.5573094487190247
(30,10): 0.46968889236450195
(30,22): 0.4662340581417084
(30,23): 0.4802280366420746
(30,24): 0.42198634147644043
(30,25): 0.49547576904296875
(30,28): 0.5008422136306763
(30,31): 0.439172625541687
(30,38): 0.4925541579723358
(30,48): 0.5704216957092285
(31,4): 0.4697647988796234
(31,22): 0.517777681350708
(31,23): 0.5013256072998047
(31,24): 0.41161030530929565
(31,25): 0.4508287310600281
(31,26): 0.40304291248321533
(31,27): 0.45183947682380676
(31,28): 0.43840447068214417
(31,29): 0.44919994473457336
(31,30): 0.5242091417312622
(31,34): 0.4708312451839447
(31,37): 0.46621036529541016
(31,38): 0.4653884470462799
(31,61): 0.5430948138237
(31,62): 0.4637901782989502
(32,15): 0.5407326221466064
(32,16): 0.4626092314720154
(32,17): 0.4904167652130127
(32,18): 0.4380788803100586
(32,33): 0.43997716903686523
(32,36): 0.47582632303237915
(32,65): 0.36832195520401
(33,15): 0.4164845943450928
(33,16): 0.4596707224845886
(33,17): 0.4658581018447876
(33,18): 0.4153711497783661
(33,32): 0.42887428402900696
(33,36): 0.4787255823612213
(33,52): 0.49558696150779724
(34,4): 0.43149784207344055
(34,5): 0.45493942499160767
(34,11): 0.45467546582221985
(34,25): 0.4781210422515869
(34,26): 0.5260827541351318
(34,27): 0.4441564083099365
(34,29): 0.4969238340854645
(34,31): 0.4762074649333954
(34,37): 0.4900380074977875
(34,58): 0.5427376627922058
(34,59): 0.5104095935821533
(35,1): 0.5250170230865479
(35,13): 0.4434935748577118
(35,14): 0.44474416971206665
(35,19): 0.536148190498352
(35,20): 0.43950653076171875
(35,39): 0.47974422574043274
(36,1): 0.4887165129184723
(36,13): 0.46537068486213684
(36,16): 0.5614680051803589
(36,17): 0.43060609698295593
(36,18): 0.4825810492038727
(36,32): 0.5009253025054932
(36,33): 0.44229069352149963
(37,11): 0.41312503814697266
(37,23): 0.4580497741699219
(37,24): 0.49022483825683594
(37,25): 0.5511025786399841
(37,26): 0.4918655753135681
(37,27): 0.4577474892139435
(37,31): 0.5046162009239197
(37,34): 0.5164195895195007
(37,38): 0.5213862061500549
(38,4): 0.5143504738807678
(38,10): 0.4376358389854431
(38,22): 0.44076278805732727
(38,23): 0.4420567750930786
(38,25): 0.527323842048645
(38,27): 0.5477935671806335
(38,28): 0.4828058183193207
(38,29): 0.5472386479377747
(38,30): 0.5213907361030579
(38,31): 0.5623400807380676
(38,37): 0.4302731156349182
(39,2): 0.4349808394908905
(39,3): 0.4883364737033844
(39,6): 0.5024985671043396
(39,9): 0.3981648087501526
(39,10): 0.35200566053390503
(39,12): 0.40232378244400024
(39,13): 0.47483983635902405
(39,19): 0.48096516728401184
(39,35): 0.540785551071167
(40,0): 0.4741426110267639
(40,1): 0.5107417702674866
(40,4): 0.48389890789985657
(40,5): 0.514373779296875
(40,41): 0.562629759311676
(41,0): 0.4813685715198517
(41,4): 0.4484679400920868
(41,5): 0.3716684877872467
(41,40): 0.5394665002822876
(42,8): 0.5698177814483643
(42,12): 0.5132740139961243
(42,20): 0.4293672442436218
(42,22): 0.45859184861183167
(42,43): 0.45722514390945435
(42,45): 0.46488675475120544
(42,53): 0.39446258544921875
(43,8): 0.4485366642475128
(43,42): 0.5017365217208862
(43,57): 0.5110094547271729
(44,9): 0.4826532006263733
(44,45): 0.5547695755958557
(44,47): 0.42822012305259705
(45,9): 0.522851288318634
(45,10): 0.4617532193660736
(45,42): 0.4984724223613739
(45,44): 0.553891658782959
(45,53): 0.489674836397171
(46,10): 0.49067023396492004
(46,60): 0.4885558784008026
(47,10): 0.5390625
(47,44): 0.5532116889953613
(48,23): 0.4892005920410156
(48,30): 0.4936009645462036
(48,63): 0.42418697476387024
(49,12): 0.4718877077102661
(49,15): 0.4592440724372864
(49,22): 0.5251696109771729
(49,25): 0.4782756268978119
(49,28): 0.5175081491470337
(49,55): 0.5198171734809875
(50,13): 0.4877758324146271
(50,14): 0.46499162912368774
(50,17): 0.5031051635742188
(50,19): 0.5100722908973694
(50,22): 0.42577746510505676
(51,13): 0.46476197242736816
(51,14): 0.5242793560028076
(51,16): 0.40939226746559143
(51,19): 0.5380987524986267
(51,21): 0.4202786386013031
(51,23): 0.5214934349060059
(52,17): 0.5473510026931763
(52,18): 0.5147984027862549
(52,33): 0.4734760820865631
(53,18): 0.5216334462165833
(53,19): 0.5319517254829407
(53,42): 0.5062757730484009
(53,45): 0.46545714139938354
(54,21): 0.5336482524871826
(54,55): 0.48859548568725586
(55,14): 0.43351808190345764
(55,49): 0.43418967723846436
(55,54): 0.519150972366333
(55,57): 0.5419968366622925
(56,11): 0.4358579218387604
(56,21): 0.5598450899124146
(56,22): 0.4792080521583557
(56,28): 0.48220324516296387
(56,60): 0.4514960050582886
(56,62): 0.42456740140914917
(57,21): 0.44619661569595337
(57,43): 0.5257093906402588
(57,55): 0.4429142475128174
(58,14): 0.46274518966674805
(58,15): 0.5196961164474487
(58,24): 0.5152630805969238
(58,27): 0.5050652027130127
(58,34): 0.5120775699615479
(59,23): 0.5319175124168396
(59,34): 0.48940345644950867
(60,8): 0.5258445739746094
(60,46): 0.5167648196220398
(60,56): 0.5732724666595459
(61,21): 0.4674869775772095
(61,23): 0.4464705288410187
(61,28): 0.47467830777168274
(61,29): 0.5498183369636536
(61,31): 0.48186230659484863
(62,26): 0.5294556617736816
(62,31): 0.4839853346347809
(62,56): 0.4600350856781006
(63,24): 0.4817246198654175
(63,29): 0.48222872614860535
(63,48): 0.49695345759391785
(64,11): 0.5389788746833801
(65,19): 0.4169572591781616
(65,32): 0.5471221208572388
