Interaction name: 6h7l

Affinity: 8.970000267028809
Predicted value: 7.5150251388549805

Attributions for edges: 

(0,8): 0.5866798758506775
(0,9): 0.5085865259170532
(0,18): 0.5104183554649353
(0,19): 0.5027487277984619
(0,23): 0.5318979024887085
(0,24): 0.5157456994056702
(0,26): 0.5192545056343079
(1,2): 0.5158910751342773
(1,6): 0.5877193212509155
(1,14): 0.510604977607727
(1,15): 0.4783308804035187
(1,16): 0.4543684124946594
(1,21): 0.4472782015800476
(1,22): 0.577606737613678
(1,27): 0.43270009756088257
(1,30): 0.4330909550189972
(1,31): 0.40398165583610535
(2,1): 0.4669361114501953
(2,5): 0.5811029672622681
(2,15): 0.47179317474365234
(2,16): 0.48522859811782837
(2,17): 0.495689332485199
(2,21): 0.65935218334198
(2,22): 0.47685706615448
(2,25): 0.42836838960647583
(2,31): 0.528900682926178
(3,8): 0.5322650671005249
(3,9): 0.48778247833251953
(3,18): 0.5577114224433899
(3,19): 0.5710651874542236
(3,23): 0.49792298674583435
(3,24): 0.3848506510257721
(4,10): 0.5368547439575195
(4,11): 0.3954257667064667
(4,12): 0.49400871992111206
(4,13): 0.62091463804245
(4,14): 0.510227620601654
(4,28): 0.5381237268447876
(4,29): 0.44834426045417786
(5,2): 0.4848578870296478
(5,6): 0.5439360737800598
(5,14): 0.5861657857894897
(5,15): 0.4589385986328125
(5,16): 0.47560742497444153
(5,21): 0.5294738411903381
(5,22): 0.5283825397491455
(6,1): 0.386107474565506
(6,5): 0.4539836347103119
(6,15): 0.519900918006897
(6,16): 0.550058126449585
(6,17): 0.505790650844574
(6,21): 0.5205217003822327
(6,22): 0.4956960082054138
(6,25): 0.5327734351158142
(7,10): 0.4869631826877594
(7,11): 0.4639994502067566
(7,12): 0.5445803999900818
(7,13): 0.4796115756034851
(7,14): 0.3536355495452881
(8,0): 0.6154723167419434
(8,3): 0.4544728100299835
(8,9): 0.5358956456184387
(8,10): 0.5404987335205078
(8,18): 0.5386804938316345
(8,19): 0.543422281742096
(8,20): 0.4749770760536194
(8,23): 0.4749804139137268
(8,24): 0.5903118252754211
(8,41): 0.527442455291748
(9,0): 0.4536572992801666
(9,3): 0.48564741015434265
(9,8): 0.46345245838165283
(9,10): 0.538551926612854
(9,11): 0.39978641271591187
(9,18): 0.5505843162536621
(9,19): 0.5272489786148071
(9,20): 0.5193616151809692
(9,23): 0.5019163489341736
(9,24): 0.4934515953063965
(9,34): 0.4017840325832367
(9,37): 0.4759867787361145
(9,41): 0.4735042154788971
(10,4): 0.4962506890296936
(10,7): 0.5673123002052307
(10,8): 0.46073663234710693
(10,9): 0.587353527545929
(10,11): 0.5272312164306641
(10,12): 0.5876626372337341
(10,19): 0.4342399835586548
(10,20): 0.475320041179657
(10,23): 0.5156548619270325
(10,34): 0.45291855931282043
(11,4): 0.48045799136161804
(11,7): 0.3857583701610565
(11,9): 0.5361499190330505
(11,10): 0.5303441286087036
(11,12): 0.4651404917240143
(11,19): 0.5463005304336548
(11,20): 0.5052019953727722
(11,36): 0.4914968013763428
(11,37): 0.46019110083580017
(11,42): 0.46420079469680786
(11,44): 0.430752158164978
(11,47): 0.5156930685043335
(12,4): 0.5659456253051758
(12,7): 0.5534564256668091
(12,10): 0.5534818172454834
(12,11): 0.4570585787296295
(12,35): 0.4934364855289459
(12,36): 0.5269097089767456
(12,37): 0.4623810648918152
(12,38): 0.44613564014434814
(12,40): 0.4991595447063446
(12,47): 0.5016229748725891
(13,4): 0.5060427188873291
(13,7): 0.5550947785377502
(13,14): 0.5043933391571045
(13,16): 0.46750080585479736
(13,17): 0.5812562108039856
(13,21): 0.5099485516548157
(13,22): 0.46235722303390503
(13,25): 0.5550025105476379
(13,37): 0.4082964062690735
(13,39): 0.5594971776008606
(13,47): 0.44874417781829834
(14,1): 0.515923798084259
(14,4): 0.39131057262420654
(14,5): 0.4144577383995056
(14,7): 0.4252028167247772
(14,13): 0.5157952904701233
(14,15): 0.501910924911499
(14,16): 0.4639168679714203
(14,17): 0.5491198897361755
(14,21): 0.5016062259674072
(14,22): 0.5358833074569702
(14,25): 0.5731311440467834
(14,47): 0.5523396730422974
(15,1): 0.5052263140678406
(15,2): 0.5598806142807007
(15,5): 0.5310558676719666
(15,6): 0.478602796792984
(15,14): 0.4788396656513214
(15,16): 0.4911183714866638
(15,17): 0.5411157011985779
(15,21): 0.5308290123939514
(15,22): 0.5302684903144836
(15,25): 0.5172344446182251
(15,40): 0.41883692145347595
(15,43): 0.4886876046657562
(16,1): 0.4639749526977539
(16,2): 0.6198365092277527
(16,5): 0.4685366451740265
(16,6): 0.5469285249710083
(16,13): 0.5578405857086182
(16,14): 0.5211799144744873
(16,15): 0.4061078429222107
(16,17): 0.5412681698799133
(16,21): 0.5878638029098511
(16,22): 0.5521012544631958
(16,25): 0.4774532914161682
(16,44): 0.5512780547142029
(17,2): 0.5148998498916626
(17,6): 0.4505801796913147
(17,13): 0.5634642839431763
(17,14): 0.555597722530365
(17,15): 0.44674867391586304
(17,16): 0.5438040494918823
(17,21): 0.4561549723148346
(17,22): 0.5824190378189087
(17,45): 0.5016291737556458
(17,46): 0.4828677177429199
(17,47): 0.44027402997016907
(18,0): 0.48771414160728455
(18,3): 0.6062895059585571
(18,8): 0.4632323682308197
(18,9): 0.5120513439178467
(18,19): 0.5105230212211609
(18,20): 0.4592491388320923
(18,23): 0.5138208866119385
(18,33): 0.5034405589103699
(18,46): 0.49065765738487244
(19,0): 0.37478262186050415
(19,3): 0.4181709885597229
(19,8): 0.5394655466079712
(19,9): 0.4964475929737091
(19,10): 0.4231284558773041
(19,11): 0.41119545698165894
(19,18): 0.4553363025188446
(19,20): 0.42684921622276306
(19,23): 0.46614131331443787
(19,24): 0.5762391090393066
(20,8): 0.510915219783783
(20,9): 0.530154287815094
(20,10): 0.5336412191390991
(20,11): 0.4706132709980011
(20,18): 0.5688959956169128
(20,19): 0.4717889726161957
(20,23): 0.42467260360717773
(20,24): 0.4968660771846771
(21,1): 0.5508756041526794
(21,2): 0.4977324903011322
(21,5): 0.47879543900489807
(21,6): 0.5008518695831299
(21,13): 0.5916593670845032
(21,14): 0.47559136152267456
(21,15): 0.4487643241882324
(21,16): 0.44635340571403503
(21,17): 0.6657211184501648
(21,22): 0.5199242830276489
(21,25): 0.4678647518157959
(22,1): 0.48772576451301575
(22,2): 0.4383721947669983
(22,5): 0.630972683429718
(22,6): 0.5757166147232056
(22,13): 0.5310019850730896
(22,14): 0.48743095993995667
(22,15): 0.4937792420387268
(22,16): 0.5226163864135742
(22,17): 0.5767643451690674
(22,21): 0.6082504987716675
(22,25): 0.5072505474090576
(23,0): 0.5788665413856506
(23,3): 0.5697200298309326
(23,8): 0.5207610726356506
(23,9): 0.5107957720756531
(23,10): 0.610268235206604
(23,18): 0.5585408210754395
(23,19): 0.5130459070205688
(23,20): 0.5150699019432068
(23,24): 0.3743950128555298
(24,0): 0.5479472875595093
(24,3): 0.5505163669586182
(24,8): 0.5752416253089905
(24,9): 0.4871935248374939
(24,19): 0.4379289448261261
(24,20): 0.5592067837715149
(24,23): 0.5872715711593628
(25,2): 0.5336992740631104
(25,6): 0.526673436164856
(25,13): 0.48307350277900696
(25,14): 0.5181328058242798
(25,15): 0.3541465401649475
(25,16): 0.5143331289291382
(25,21): 0.5740275382995605
(25,22): 0.5794248580932617
(26,0): 0.4963778555393219
(26,33): 0.5100220441818237
(26,46): 0.3793752193450928
(27,1): 0.41163307428359985
(28,4): 0.4798441231250763
(28,39): 0.5117835998535156
(29,4): 0.493643581867218
(29,37): 0.49875879287719727
(30,1): 0.513331949710846
(30,40): 0.4881924092769623
(31,1): 0.5268362164497375
(31,2): 0.5217065215110779
(31,44): 0.4264867901802063
(32,37): 0.49153321981430054
(33,18): 0.4562247395515442
(33,26): 0.4822748601436615
(34,9): 0.5482670664787292
(34,10): 0.5306404829025269
(34,46): 0.5265475511550903
(35,12): 0.6134696006774902
(35,42): 0.5273810625076294
(36,11): 0.47361403703689575
(36,12): 0.5349631309509277
(36,38): 0.49043452739715576
(37,9): 0.5065048336982727
(37,11): 0.4530923664569855
(37,12): 0.5371597409248352
(37,13): 0.5734004378318787
(37,29): 0.5362087488174438
(37,32): 0.3662245571613312
(38,12): 0.49341002106666565
(38,36): 0.45989468693733215
(39,13): 0.554792046546936
(39,28): 0.46210095286369324
(40,12): 0.5542266964912415
(40,15): 0.45349711179733276
(40,30): 0.5626939535140991
(41,8): 0.47666358947753906
(41,9): 0.3883243501186371
(42,11): 0.5528020262718201
(42,35): 0.511808454990387
(43,15): 0.5300244092941284
(43,47): 0.5119739770889282
(44,11): 0.5393384695053101
(44,16): 0.46305713057518005
(44,31): 0.42888176441192627
(45,17): 0.5580270290374756
(46,17): 0.5939428806304932
(46,18): 0.4585053324699402
(46,26): 0.42157554626464844
(46,34): 0.5786541700363159
(47,11): 0.5231954455375671
(47,12): 0.5140681266784668
(47,13): 0.47287556529045105
(47,14): 0.5784682631492615
(47,17): 0.6109269261360168
(47,43): 0.525098443031311
