Interaction name: 5y0x

Affinity: 5.110000133514404
Predicted value: 6.0802001953125

Attributions for edges: 

(0,9): 0.5279387831687927
(0,10): 0.5865148901939392
(0,11): 0.5157065987586975
(0,15): 0.577704131603241
(0,19): 0.5535383224487305
(0,21): 0.5556800961494446
(0,22): 0.5863075256347656
(1,2): 0.5517786741256714
(1,5): 0.49548718333244324
(1,11): 0.4134855568408966
(1,18): 0.45253491401672363
(1,19): 0.5982892513275146
(1,23): 0.579062283039093
(1,26): 0.45486462116241455
(1,27): 0.48673707246780396
(1,28): 0.46438661217689514
(1,30): 0.5194621086120605
(2,1): 0.5178605318069458
(2,5): 0.6255062222480774
(2,11): 0.4484814703464508
(2,16): 0.5741323232650757
(2,19): 0.4368639290332794
(2,23): 0.5065414905548096
(2,27): 0.5161886215209961
(2,28): 0.5030828714370728
(2,29): 0.4529933035373688
(2,30): 0.47530555725097656
(3,4): 0.45506706833839417
(3,7): 0.4477878212928772
(3,13): 0.4684309959411621
(3,16): 0.46030059456825256
(3,17): 0.48653969168663025
(3,24): 0.5245627760887146
(3,29): 0.48738905787467957
(3,30): 0.44172272086143494
(4,3): 0.4900660812854767
(4,6): 0.4758303165435791
(4,13): 0.47680121660232544
(4,17): 0.5555757284164429
(4,24): 0.47481608390808105
(4,29): 0.43383723497390747
(4,30): 0.5837578773498535
(4,31): 0.478008896112442
(5,1): 0.5539166331291199
(5,2): 0.48265135288238525
(5,8): 0.5019132494926453
(5,11): 0.5336229205131531
(5,12): 0.555924117565155
(5,13): 0.6568021178245544
(5,16): 0.4548129439353943
(5,17): 0.5737184286117554
(5,19): 0.5781683921813965
(5,23): 0.515133798122406
(5,25): 0.5424832701683044
(5,27): 0.5313169956207275
(6,4): 0.5345311760902405
(6,7): 0.43566474318504333
(6,13): 0.5623655319213867
(6,16): 0.47997426986694336
(6,17): 0.5758309960365295
(6,24): 0.5647932887077332
(7,3): 0.528635561466217
(7,6): 0.4742366075515747
(7,13): 0.47952505946159363
(7,17): 0.5963808298110962
(7,24): 0.5143299698829651
(8,5): 0.4517248868942261
(8,12): 0.40664586424827576
(8,13): 0.5345503091812134
(8,17): 0.507031261920929
(8,24): 0.5403496623039246
(8,32): 0.3996904194355011
(8,35): 0.5375034213066101
(8,39): 0.485965758562088
(9,0): 0.5299892425537109
(9,10): 0.47685137391090393
(9,21): 0.5105275511741638
(9,22): 0.5941808223724365
(9,33): 0.4908478856086731
(9,34): 0.48997962474823
(9,35): 0.5255723595619202
(9,36): 0.46408525109291077
(9,37): 0.4181573688983917
(9,43): 0.4990888833999634
(9,44): 0.5499562621116638
(10,0): 0.4631364941596985
(10,9): 0.4137275815010071
(10,11): 0.49585574865341187
(10,15): 0.4808643162250519
(10,19): 0.5368351936340332
(10,21): 0.47944721579551697
(10,22): 0.49042844772338867
(10,23): 0.5588433742523193
(10,27): 0.44410938024520874
(10,36): 0.49475473165512085
(10,44): 0.43440309166908264
(11,0): 0.5566286444664001
(11,1): 0.5213981866836548
(11,2): 0.5051354169845581
(11,5): 0.4400412142276764
(11,10): 0.5342687964439392
(11,12): 0.58513343334198
(11,13): 0.5265783071517944
(11,16): 0.4429587721824646
(11,18): 0.4904339015483856
(11,19): 0.5914188623428345
(11,21): 0.5855907797813416
(11,22): 0.5969794392585754
(11,23): 0.5715899467468262
(11,26): 0.5688775777816772
(11,27): 0.5593435764312744
(11,33): 0.46670252084732056
(11,36): 0.5095118284225464
(11,42): 0.4792300760746002
(11,44): 0.47077417373657227
(12,5): 0.5335161685943604
(12,8): 0.597832441329956
(12,11): 0.5055163502693176
(12,13): 0.4843568205833435
(12,16): 0.5289483070373535
(12,17): 0.5483534932136536
(12,18): 0.4924473464488983
(12,19): 0.5249454975128174
(12,23): 0.49810925126075745
(12,24): 0.4694199562072754
(12,25): 0.47223401069641113
(12,26): 0.4994172155857086
(12,27): 0.5578820705413818
(12,38): 0.566666841506958
(12,43): 0.3893372118473053
(12,44): 0.42781880497932434
(13,3): 0.5891950726509094
(13,4): 0.46703144907951355
(13,5): 0.5777459144592285
(13,6): 0.4391394257545471
(13,7): 0.46046340465545654
(13,8): 0.5199439525604248
(13,11): 0.5307385921478271
(13,12): 0.4923451542854309
(13,16): 0.5537052750587463
(13,17): 0.5497021079063416
(13,23): 0.5930798649787903
(13,24): 0.5354177355766296
(13,25): 0.5301968455314636
(13,27): 0.6027461886405945
(13,44): 0.5273202657699585
(14,15): 0.4984602928161621
(14,18): 0.48136118054389954
(14,19): 0.47527891397476196
(14,20): 0.45579415559768677
(14,21): 0.6072975397109985
(14,23): 0.609160840511322
(14,26): 0.48338839411735535
(14,27): 0.49227625131607056
(14,39): 0.40053579211235046
(15,0): 0.4269755184650421
(15,10): 0.4362015724182129
(15,14): 0.4496641159057617
(15,18): 0.4730585813522339
(15,19): 0.5726863145828247
(15,20): 0.41113507747650146
(15,21): 0.5909212231636047
(15,22): 0.6140078902244568
(15,23): 0.537487804889679
(15,26): 0.5909959077835083
(15,27): 0.5171122550964355
(15,35): 0.49401384592056274
(15,44): 0.5152450799942017
(16,2): 0.5004717707633972
(16,3): 0.5598310232162476
(16,5): 0.6049225926399231
(16,6): 0.5146864056587219
(16,11): 0.5974929332733154
(16,12): 0.542689859867096
(16,13): 0.5543646216392517
(16,17): 0.5162338614463806
(16,24): 0.575069785118103
(16,33): 0.5974933505058289
(16,39): 0.47001200914382935
(17,3): 0.5333940386772156
(17,4): 0.5072782039642334
(17,5): 0.4886654019355774
(17,6): 0.47815489768981934
(17,7): 0.5947434902191162
(17,8): 0.6000688672065735
(17,12): 0.5007402896881104
(17,13): 0.494940847158432
(17,16): 0.550999104976654
(17,24): 0.514011025428772
(17,25): 0.4933021068572998
(17,33): 0.4576221704483032
(17,35): 0.5079625248908997
(17,36): 0.4801640510559082
(18,1): 0.5393190979957581
(18,11): 0.5356888771057129
(18,12): 0.41608506441116333
(18,14): 0.4262336790561676
(18,15): 0.5513085722923279
(18,19): 0.5043184161186218
(18,20): 0.5347940921783447
(18,21): 0.548967719078064
(18,22): 0.49932482838630676
(18,23): 0.43426957726478577
(18,27): 0.5347500443458557
(18,32): 0.3912796676158905
(18,39): 0.5139333605766296
(18,43): 0.547128438949585
(19,0): 0.41119256615638733
(19,1): 0.5428071022033691
(19,2): 0.49567630887031555
(19,5): 0.5623970031738281
(19,10): 0.530029833316803
(19,11): 0.5463013052940369
(19,12): 0.5180304050445557
(19,14): 0.4993710219860077
(19,15): 0.4385850727558136
(19,18): 0.5495448112487793
(19,20): 0.4565010368824005
(19,21): 0.6264921426773071
(19,22): 0.6149726510047913
(19,23): 0.5152600407600403
(19,26): 0.521619975566864
(19,27): 0.5891584157943726
(19,32): 0.5773513317108154
(19,33): 0.5094386339187622
(20,14): 0.4852310121059418
(20,15): 0.4974291920661926
(20,18): 0.5283304452896118
(20,19): 0.5846244096755981
(20,21): 0.5384564995765686
(20,22): 0.4433119297027588
(20,26): 0.5342920422554016
(20,35): 0.47290870547294617
(20,41): 0.40475136041641235
(20,42): 0.5490648746490479
(20,43): 0.5415704846382141
(21,0): 0.416648268699646
(21,9): 0.53486567735672
(21,10): 0.48000699281692505
(21,11): 0.5847338438034058
(21,14): 0.4400983452796936
(21,15): 0.5360609292984009
(21,18): 0.5728952288627625
(21,19): 0.4757590889930725
(21,20): 0.5262846350669861
(21,22): 0.4681608974933624
(21,23): 0.480234295129776
(21,26): 0.5801929831504822
(21,27): 0.4987175166606903
(22,0): 0.47740939259529114
(22,9): 0.3504371643066406
(22,10): 0.44839856028556824
(22,11): 0.5696948766708374
(22,15): 0.48384419083595276
(22,18): 0.5642877817153931
(22,19): 0.4464910626411438
(22,20): 0.49084603786468506
(22,21): 0.5132604837417603
(22,23): 0.45947569608688354
(22,26): 0.4787837862968445
(22,27): 0.6226081252098083
(22,44): 0.46307146549224854
(23,1): 0.3965087831020355
(23,2): 0.5583599805831909
(23,5): 0.4640083312988281
(23,10): 0.42551562190055847
(23,11): 0.5265502333641052
(23,12): 0.6502527594566345
(23,13): 0.607407808303833
(23,14): 0.5382250547409058
(23,15): 0.5393683910369873
(23,18): 0.5361823439598083
(23,19): 0.48491254448890686
(23,21): 0.5769539475440979
(23,22): 0.5204689502716064
(23,26): 0.6101375818252563
(23,44): 0.4578329622745514
(24,3): 0.4315655827522278
(24,4): 0.5250082612037659
(24,6): 0.4309350848197937
(24,7): 0.427508682012558
(24,8): 0.48039883375167847
(24,12): 0.5366674661636353
(24,13): 0.5080434083938599
(24,16): 0.5125464200973511
(24,17): 0.526341438293457
(24,25): 0.5592162013053894
(24,38): 0.5177114009857178
(24,40): 0.44193896651268005
(25,5): 0.5053752064704895
(25,12): 0.41866999864578247
(25,13): 0.48678475618362427
(25,17): 0.4613151252269745
(25,24): 0.5635342597961426
(26,1): 0.4979606866836548
(26,11): 0.4596129357814789
(26,12): 0.4819217324256897
(26,14): 0.4901987314224243
(26,15): 0.5485032796859741
(26,19): 0.6290329098701477
(26,20): 0.5495257377624512
(26,21): 0.5137102603912354
(26,22): 0.508536696434021
(26,23): 0.6080795526504517
(26,27): 0.6251797080039978
(27,1): 0.5232201218605042
(27,2): 0.5985777378082275
(27,5): 0.49912557005882263
(27,10): 0.5897254943847656
(27,11): 0.5439903140068054
(27,12): 0.5484606027603149
(27,13): 0.5587445497512817
(27,14): 0.4823462963104248
(27,15): 0.5330467224121094
(27,18): 0.48913121223449707
(27,19): 0.49807244539260864
(27,21): 0.5929727554321289
(27,22): 0.5812637805938721
(27,26): 0.5571247935295105
(28,1): 0.48303738236427307
(28,2): 0.5592409372329712
(29,2): 0.5025876760482788
(29,3): 0.4914707839488983
(29,4): 0.48768237233161926
(29,31): 0.5113229155540466
(29,40): 0.4653109908103943
(30,1): 0.5471851229667664
(30,2): 0.4604530930519104
(30,3): 0.5084041953086853
(30,4): 0.5033979415893555
(31,4): 0.387483686208725
(31,29): 0.49638426303863525
(31,34): 0.48239246010780334
(31,40): 0.37167906761169434
(32,8): 0.5387304425239563
(32,18): 0.46094149351119995
(32,19): 0.4938008487224579
(32,38): 0.4888429641723633
(33,9): 0.5357919931411743
(33,11): 0.5735121369361877
(33,16): 0.5399794578552246
(33,17): 0.5120677947998047
(33,19): 0.6257907748222351
(33,38): 0.3983810544013977
(34,9): 0.4908449053764343
(34,31): 0.4700004756450653
(34,41): 0.6006450653076172
(35,8): 0.5672483444213867
(35,9): 0.5215409398078918
(35,15): 0.6505691409111023
(35,17): 0.6269886493682861
(35,20): 0.4802224338054657
(35,37): 0.49191275238990784
(36,9): 0.5041251182556152
(36,10): 0.5353477597236633
(36,11): 0.5984300374984741
(36,17): 0.43208807706832886
(37,9): 0.4582613706588745
(37,35): 0.5107495784759521
(38,12): 0.5369787216186523
(38,24): 0.43880197405815125
(38,32): 0.5105827450752258
(38,33): 0.47795531153678894
(39,8): 0.513880729675293
(39,14): 0.47031036019325256
(39,16): 0.5380330681800842
(39,18): 0.5380593538284302
(39,41): 0.47409787774086
(40,24): 0.5699076056480408
(40,29): 0.5365695953369141
(40,31): 0.5117226839065552
(41,20): 0.41642606258392334
(41,34): 0.4798826575279236
(41,39): 0.6033605337142944
(42,11): 0.5489304661750793
(42,20): 0.46202605962753296
(43,9): 0.5366830229759216
(43,12): 0.5566160678863525
(43,18): 0.5051454901695251
(43,20): 0.5287443399429321
(44,9): 0.6279810070991516
(44,10): 0.4117477536201477
(44,11): 0.4354640245437622
(44,12): 0.5509598255157471
(44,13): 0.5724840760231018
(44,15): 0.4530445337295532
(44,22): 0.40849706530570984
(44,23): 0.506892204284668
