Interaction name: 5jo0

Affinity: 7.300000190734863
Predicted value: 6.619320392608643

Attributions for edges: 

(0,1): 2.6111993290612157e-20
(0,2): 2.6111993290612157e-20
(0,7): 2.6111993290612157e-20
(0,8): 2.6111993290612157e-20
(0,9): 2.6111993290612157e-20
(0,10): 2.6111993290612157e-20
(0,20): 8.485250227518069e-21
(0,23): 0.0
(0,24): 0.0
(0,25): 0.0
(0,26): 2.193101474096624e-22
(0,27): 6.440102376827432e-31
(1,0): 2.6059153897811065e-20
(1,2): 4.118034669064286e-20
(1,6): 4.118034669064286e-20
(1,8): 4.118034669064286e-20
(1,9): 4.118034669064286e-20
(1,20): 1.3381751518080685e-20
(1,23): 0.0
(1,24): 0.0
(1,25): 0.0
(1,26): 3.4586532276406714e-22
(1,27): 1.0156391561726088e-30
(1,29): 5.895591143769476e-29
(2,0): 2.6059153897811065e-20
(2,1): 4.118034669064286e-20
(2,6): 4.118034669064286e-20
(2,7): 4.118034669064286e-20
(2,9): 4.118034669064286e-20
(2,20): 1.3381751518080685e-20
(2,24): 0.0
(2,25): 0.0
(2,26): 3.4586532276406714e-22
(2,27): 1.0156391561726088e-30
(2,29): 5.895591143769476e-29
(3,4): 0.0
(3,19): 0.0
(3,23): 0.0
(3,25): 0.0
(3,28): 0.0
(3,29): 0.0
(3,30): 0.0
(4,3): 0.0
(4,5): 0.0
(4,19): 3.1865129076361768e-24
(4,20): 3.635937662294462e-22
(4,23): 0.0
(4,24): 0.0
(4,25): 0.0
(4,27): 2.759611403015129e-32
(4,28): 0.0
(4,29): 1.6018894100576414e-30
(5,4): 0.0
(5,19): 0.0
(6,1): 4.118034669064286e-20
(6,2): 4.118034669064286e-20
(6,7): 4.118034669064286e-20
(6,8): 4.118034669064286e-20
(6,9): 4.118034669064286e-20
(6,10): 4.118034669064286e-20
(6,20): 1.3381751518080685e-20
(7,0): 2.6059153897811065e-20
(7,2): 4.118034669064286e-20
(7,6): 4.118034669064286e-20
(7,8): 4.118034669064286e-20
(7,9): 4.118034669064286e-20
(7,20): 1.3381751518080685e-20
(8,0): 2.6059153897811065e-20
(8,1): 4.118034669064286e-20
(8,6): 4.118034669064286e-20
(8,7): 4.118034669064286e-20
(8,9): 4.118034669064286e-20
(8,20): 1.3381751518080685e-20
(9,0): 2.6059153897811065e-20
(9,1): 4.118034669064286e-20
(9,2): 4.118034669064286e-20
(9,6): 4.118034669064286e-20
(9,7): 4.118034669064286e-20
(9,8): 4.118034669064286e-20
(9,10): 4.118034669064286e-20
(9,18): 3.573383219949558e-32
(9,19): 1.1727635357348002e-22
(9,20): 1.3381751518080685e-20
(9,32): 2.4802789743028168e-30
(9,34): 2.3172493268027764e-24
(9,38): 2.2988427627260512e-21
(10,0): 2.6059153897811065e-20
(10,6): 4.118034669064286e-20
(10,9): 4.118034669064286e-20
(10,11): 8.939268917934417e-35
(10,12): 1.9227993577734753e-22
(10,18): 3.573383219949558e-32
(10,19): 1.1727635357348002e-22
(10,20): 1.3381751518080685e-20
(10,21): 1.509874118038048e-21
(10,34): 2.3172493268027764e-24
(11,10): 9.620482817504059e-35
(11,12): 4.491959757766318e-37
(11,13): 1.6842511613681322e-36
(11,15): 1.1239800184637574e-35
(11,16): 8.909157159604286e-39
(11,18): 0.0
(11,20): 3.126197666461548e-35
(11,21): 3.5273285847498484e-36
(11,22): 0.0
(11,33): 9.620482817504059e-35
(11,37): 0.0
(11,39): 0.0
(12,10): 2.0247851888666203e-22
(12,11): 4.395341461793771e-37
(12,13): 3.544804853317603e-24
(12,14): 1.088836813354954e-22
(12,15): 2.3656147833323292e-23
(12,16): 1.8750967953606836e-26
(12,18): 1.7569937278410627e-34
(12,21): 7.423886359778989e-24
(12,22): 1.6127841267999326e-31
(13,11): 1.6409984363397527e-36
(13,12): 3.52970566116122e-24
(13,14): 4.0651347927198683e-22
(13,15): 8.832010333118823e-23
(13,16): 7.000637018711819e-26
(13,17): 7.559525060197734e-22
(13,21): 2.7717041268054586e-23
(13,22): 6.021274680024931e-31
(13,40): 0.0
(14,12): 1.0426598620803196e-22
(14,13): 3.909402542867695e-22
(14,15): 2.608937951360228e-21
(14,16): 2.0679580394850373e-24
(14,17): 2.2330512886518983e-20
(14,21): 8.187494691464172e-22
(14,22): 1.7786519750540673e-29
(14,38): 1.2465736029435045e-21
(14,42): 5.761281159560139e-22
(15,11): 1.0750324164763619e-35
(15,12): 2.3123407975922197e-23
(15,13): 8.670009857622636e-23
(15,14): 2.6631158581017503e-21
(15,16): 4.586178457970437e-25
(15,17): 4.95232951956141e-21
(15,21): 1.8157745356532682e-22
(15,38): 2.764577557387692e-22
(16,11): 8.596925440977287e-39
(16,12): 1.8491626849527517e-26
(16,13): 6.933344718306138e-26
(16,14): 2.129674572405003e-24
(16,15): 4.626982288292994e-25
(16,17): 3.960342462738655e-24
(16,18): 3.436534130036586e-36
(16,21): 1.4520562682403164e-25
(16,22): 3.15447251855221e-33
(16,35): 3.644474273248657e-24
(16,38): 2.210804627075812e-25
(17,13): 7.209442474412581e-22
(17,14): 2.2144818916936498e-20
(17,15): 4.811199905480219e-21
(17,16): 3.813567397143686e-24
(17,21): 1.509874118038048e-21
(17,22): 3.2800892050316815e-29
(17,41): 1.090834887587352e-25
(18,9): 3.901426959065595e-32
(18,10): 3.901426959065595e-32
(18,11): 0.0
(18,12): 1.8216674984778857e-34
(18,16): 3.6130161249189503e-36
(18,19): 1.1110849516200294e-34
(18,20): 1.2677874081563363e-32
(18,21): 1.4304712896366307e-33
(18,32): 0.0
(18,33): 3.901426959065595e-32
(18,39): 0.0
(18,42): 1.0065696596308822e-33
(19,3): 0.0
(19,4): 3.344855435114854e-24
(19,5): 0.0
(19,9): 1.1977434158329115e-22
(19,10): 1.1977434158329115e-22
(19,18): 1.0393336488830505e-34
(19,20): 3.892124217123948e-23
(19,35): 1.1022181662269094e-22
(19,36): 0.0
(19,40): 0.0
(20,0): 8.545147312713571e-21
(20,1): 1.3503591021783198e-20
(20,2): 1.3503591021783198e-20
(20,4): 3.771039874188785e-22
(20,6): 1.3503591021783198e-20
(20,7): 1.3503591021783198e-20
(20,8): 1.3503591021783198e-20
(20,9): 1.3503591021783198e-20
(20,10): 1.3503591021783198e-20
(20,11): 2.931306672402463e-35
(20,18): 1.1717515033408724e-32
(20,19): 3.8456502123868435e-23
(21,10): 1.5707752906372646e-21
(21,11): 3.409791346569453e-36
(21,12): 7.334289904746702e-24
(21,13): 2.7499665912455504e-23
(21,14): 8.4468787204235725e-22
(21,15): 1.8351819023168983e-22
(21,16): 1.4546454576426715e-25
(21,17): 1.5707752906372646e-21
(21,18): 1.363029688981102e-33
(21,22): 1.2511556559700265e-30
(21,42): 4.052607239782852e-23
(22,11): 0.0
(22,12): 1.4011255543863521e-31
(22,13): 5.2534521144181e-31
(22,14): 1.6136721516562726e-29
(22,16): 2.7789312771522674e-33
(22,17): 3.000761353694371e-29
(22,21): 1.1002392024826447e-30
(23,0): 0.0
(23,1): 0.0
(23,3): 0.0
(23,4): 0.0
(23,27): 0.0
(23,32): 0.0
(24,0): 0.0
(24,1): 0.0
(24,2): 0.0
(24,4): 0.0
(25,0): 0.0
(25,1): 0.0
(25,2): 0.0
(25,3): 0.0
(25,4): 0.0
(26,0): 2.0629414442190743e-22
(26,1): 3.2599920508505845e-22
(26,2): 3.2599920508505845e-22
(26,27): 8.040245443090133e-33
(26,34): 1.834422233455994e-26
(27,0): 5.065434143992777e-31
(27,1): 8.004693351133482e-31
(27,2): 8.004693351133482e-31
(27,4): 2.2354152725660785e-32
(27,23): 0.0
(27,26): 6.72300410597394e-33
(27,32): 0.0
(28,3): 0.0
(28,4): 0.0
(28,29): 0.0
(28,40): 0.0
(29,1): 4.4987349190376265e-29
(29,2): 4.4987349190376265e-29
(29,3): 0.0
(29,4): 1.2563208721870877e-30
(29,28): 0.0
(29,30): 0.0
(29,40): 0.0
(30,3): 0.0
(30,29): 0.0
(32,9): 2.071070206713773e-30
(32,18): 0.0
(32,23): 0.0
(32,27): 0.0
(32,37): 6.716450444439363e-38
(33,11): 8.939268917934417e-35
(33,18): 3.573383219949558e-32
(33,35): 3.7895890359181815e-20
(34,9): 2.011894483811885e-24
(34,10): 2.011894483811885e-24
(34,26): 1.6897491493727448e-26
(35,16): 3.502250146215908e-24
(35,19): 1.077022075131895e-22
(35,33): 3.7818481117248484e-20
(36,19): 0.0
(37,11): 0.0
(37,32): 6.255072925060417e-38
(38,9): 2.1977423491129264e-21
(38,14): 1.181836016746468e-21
(38,15): 2.5676756035251204e-22
(38,16): 2.0352596563560132e-25
(38,41): 5.821645569111338e-27
(39,11): 0.0
(39,18): 0.0
(40,13): 0.0
(40,19): 0.0
(40,28): 0.0
(40,29): 0.0
(41,17): 8.912308918534767e-26
(41,38): 4.9752074474589145e-27
(42,14): 5.39702835999781e-22
(42,18): 8.708876731742427e-34
(42,21): 3.6798196594236274e-23
