Interaction name: 5ywy

Affinity: 7.230000019073486
Predicted value: 7.405277729034424

Shapley values for edges: 

(0,7): -0.02032418727874756
(0,11): -0.0027486133575439454
(0,12): 0.002773127555847168
(0,29): 0.010461826324462891
(0,30): 0.030910401344299315
(1,2): -0.02198619842529297
(1,6): 0.02589805603027344
(1,14): -0.02747298240661621
(1,17): -0.015209918022155761
(1,18): 0.02734229564666748
(1,28): -0.0031976699829101562
(1,29): 0.008675909042358399
(1,31): 0.005396971702575684
(2,1): -0.020131497383117675
(2,5): 0.03481159210205078
(2,14): -0.005076422691345215
(2,18): 0.008290300369262696
(2,28): -0.024663572311401368
(2,29): -0.04560331344604492
(2,31): -0.014377517700195313
(3,4): 0.00832594871520996
(3,7): -0.0069044256210327145
(3,10): 0.009611058235168456
(3,13): 0.0056400299072265625
(3,17): 0.05564700126647949
(3,19): -0.014549975395202636
(3,24): 0.002108149528503418
(3,25): -0.00046355724334716796
(3,28): 0.016915593147277832
(3,29): 0.004914274215698242
(3,30): 0.08106941223144531
(4,3): 0.005521574020385742
(4,7): -0.004691925048828125
(4,8): 0.00491790771484375
(4,10): 0.003431100845336914
(4,11): -0.031235647201538087
(4,13): 0.025154061317443847
(4,17): -0.04841464042663574
(4,18): -0.009744162559509278
(4,19): 0.002490115165710449
(4,24): 0.0021175146102905273
(4,25): 0.007078962326049805
(5,2): -0.003443613052368164
(5,6): -0.006539120674133301
(5,14): 0.024630942344665528
(5,17): 0.0074453258514404295
(5,18): -0.0059358739852905275
(6,1): -0.017809052467346192
(6,5): 0.007046818733215332
(6,14): 0.11856216907501221
(6,18): 0.09267807483673096
(7,0): -0.0035741662979125975
(7,3): -0.010987353324890137
(7,4): 0.00546496868133545
(7,8): -0.001155571937561035
(7,11): -0.009021515846252442
(7,12): -0.01778017520904541
(7,13): -0.005404973030090332
(7,17): 0.012835326194763184
(7,32): 0.025892972946166992
(7,44): -0.00650113582611084
(8,4): -0.000855708122253418
(8,7): 0.009441981315612793
(8,11): 0.008859071731567383
(8,12): 0.0009147453308105468
(8,13): -0.001116948127746582
(8,17): -0.011732544898986817
(8,18): -0.04147992134094238
(8,32): -0.0071060085296630856
(8,39): -0.011345276832580567
(9,15): -0.006653203964233399
(9,22): -0.0027117443084716795
(9,23): -0.008650984764099121
(9,25): -0.0005876398086547851
(9,26): 0.002436656951904297
(9,27): -0.0019205427169799805
(9,40): 0.002888650894165039
(9,42): -0.008335843086242675
(10,3): 0.029604053497314452
(10,4): 0.0316483736038208
(10,16): 0.00832695484161377
(10,19): -0.006489677429199219
(10,22): -0.033443059921264645
(10,24): 0.0017249345779418944
(10,25): -0.00037906169891357424
(10,26): -0.004460382461547852
(10,27): 0.0006733417510986328
(10,39): 0.0016650581359863282
(10,42): 0.007240424156188965
(11,0): 0.01582667350769043
(11,4): -0.010211539268493653
(11,7): 0.0016505050659179688
(11,8): -0.0030986785888671873
(11,12): -0.011807951927185058
(11,13): -0.0055273199081420895
(11,38): 0.01672024726867676
(12,0): 0.0006944942474365235
(12,7): 0.00942894458770752
(12,8): 0.0007042741775512695
(12,11): -0.008703489303588868
(12,13): -0.0022921037673950197
(12,17): -0.01679474353790283
(12,34): 0.001518373489379883
(12,38): -0.0073328399658203125
(13,3): 0.003398404121398926
(13,4): -0.001943035125732422
(13,7): 0.008300428390502929
(13,8): -0.026610708236694335
(13,11): -0.010748414993286133
(13,12): -0.014417896270751953
(13,14): -0.06870549201965331
(13,17): -0.008072304725646972
(13,18): -0.038001542091369626
(13,32): -0.010208349227905273
(13,42): -0.01286928653717041
(13,44): -0.017498054504394532
(14,1): 0.00947751522064209
(14,2): 0.0028142595291137697
(14,5): -0.017844576835632325
(14,6): 0.0038030290603637694
(14,13): -0.01054734706878662
(14,17): -0.026167449951171876
(14,18): -0.0360529613494873
(14,35): 0.018462529182434084
(14,36): 0.03659668445587158
(14,45): -0.00601712703704834
(15,9): -0.001205310821533203
(15,16): -0.003500661849975586
(15,20): -0.0064557456970214845
(15,21): -0.006641058921813965
(15,22): -0.011059560775756837
(15,23): -0.00173126220703125
(15,24): -0.0031537485122680666
(15,26): 5.473136901855469e-05
(15,27): -0.0036673927307128906
(16,10): 0.0036167669296264648
(16,15): -0.0027178239822387693
(16,19): -0.0129982328414917
(16,20): -0.005593729019165039
(16,21): -0.0059348964691162106
(16,23): -0.006555490493774414
(16,24): -0.016053013801574707
(16,25): -0.01600214958190918
(16,26): -0.008295106887817382
(16,27): -0.0008286714553833007
(16,33): -0.025800132751464845
(17,1): -0.012776446342468262
(17,3): -0.007450647354125976
(17,4): 0.02811081886291504
(17,5): -0.029212374687194825
(17,7): 0.005744810104370117
(17,8): -0.00363431453704834
(17,12): -0.00937995433807373
(17,13): -0.016893882751464844
(17,14): -0.02261536121368408
(17,18): -0.0278985071182251
(17,35): -0.024313397407531738
(18,1): -0.03433436393737793
(18,2): -0.012476038932800294
(18,4): 0.013869562149047852
(18,5): -0.005354266166687011
(18,6): 0.037426848411560056
(18,8): -0.0004653120040893555
(18,13): -0.01099226474761963
(18,14): -0.024757452011108398
(18,17): 0.003138689994812012
(18,43): 0.028129010200500487
(18,44): -0.015500640869140625
(19,3): 0.0046114492416381835
(19,4): -0.003603382110595703
(19,10): -0.011039419174194336
(19,16): 0.0013602495193481446
(19,24): 0.001029200553894043
(19,25): -0.003581404685974121
(19,27): 0.004387063980102539
(19,33): -0.013600897789001466
(19,34): 0.001102280616760254
(19,35): -0.0374558687210083
(20,15): -0.0011627388000488282
(20,16): -0.002953982353210449
(20,21): -0.007384505271911621
(20,24): -0.0009886789321899413
(20,26): -0.0016157770156860353
(20,27): 8.619308471679687e-05
(20,37): -0.02389416694641113
(21,15): -0.0025035238265991213
(21,16): -0.004641504287719727
(21,20): -0.0010030460357666015
(21,23): -0.0010193252563476562
(21,26): 0.0020597314834594725
(21,27): 0.0008600711822509766
(21,42): -0.00617959976196289
(22,9): -0.004270148277282715
(22,10): -0.011511111259460449
(22,15): -0.0016435527801513673
(22,23): -0.005365204811096191
(22,24): 0.000813751220703125
(22,25): -0.0016083955764770509
(22,26): -0.0031245946884155273
(22,27): -0.0032854318618774415
(22,40): -0.00297825813293457
(22,43): -0.015535740852355958
(23,9): -0.002073826789855957
(23,15): -0.0034910345077514646
(23,16): -0.001327042579650879
(23,21): -0.0036872148513793944
(23,22): -0.003539161682128906
(23,24): -0.007535414695739746
(23,25): 0.00043738842010498046
(23,26): -0.005393357276916504
(23,27): -0.002592759132385254
(23,41): -0.009510560035705566
(24,3): 0.02359292984008789
(24,4): 0.003376951217651367
(24,10): -0.006671247482299805
(24,15): -0.008986635208129883
(24,16): 0.005330777168273926
(24,19): -0.0025154924392700195
(24,20): -0.003957710266113281
(24,22): -0.005578927993774414
(24,23): -0.002996821403503418
(24,25): -0.0012377071380615234
(24,26): -0.0048002958297729496
(24,27): 0.003515772819519043
(25,3): 0.016961631774902345
(25,4): 0.0019829463958740234
(25,9): -0.0013613700866699219
(25,10): -0.006700348854064941
(25,16): -0.001197504997253418
(25,19): -0.006543035507202148
(25,22): -0.0029524612426757814
(25,23): 0.007272334098815918
(25,24): -0.0013448190689086914
(25,26): 0.003921213150024414
(25,27): -0.0004155158996582031
(25,32): 0.0026186609268188474
(25,44): -0.02418034553527832
(26,9): -0.004044089317321777
(26,10): 0.008395133018493652
(26,15): -0.000385594367980957
(26,16): -0.002788667678833008
(26,20): -0.003717784881591797
(26,21): -0.0022139501571655272
(26,22): -0.004912409782409668
(26,23): -0.00691187858581543
(26,24): -4.251480102539062e-05
(26,25): -0.009185943603515625
(26,27): -0.0004194164276123047
(26,45): -0.017348637580871584
(27,9): -0.0026637887954711914
(27,10): 0.004463787078857422
(27,15): -0.0026128482818603515
(27,16): -0.002026166915893555
(27,19): -0.01866291046142578
(27,20): -0.0037447309494018557
(27,21): -0.0012920761108398437
(27,22): -0.0045654201507568356
(27,23): 0.0011061000823974609
(27,24): 0.00494992733001709
(27,25): -0.004167957305908203
(27,26): -0.007315430641174316
(28,1): -0.06981107711791992
(28,2): -0.02391767978668213
(28,3): -0.015892577171325684
(28,29): -0.016115880012512206
(28,31): 0.01262918472290039
(28,45): 0.010446710586547852
(29,0): -0.024702582359313965
(29,1): -0.027396459579467774
(29,2): -0.00444772720336914
(29,3): -0.04781696319580078
(29,28): -0.04168926239013672
(29,31): 0.0012467527389526368
(29,41): -0.003383288383483887
(29,44): 0.0503249454498291
(29,45): 0.043734593391418455
(30,0): -0.0740758466720581
(30,3): -0.05248116970062256
(30,35): 0.08813664913177491
(31,1): 0.028563385009765626
(31,2): 0.008261117935180664
(31,28): -0.04017633438110352
(31,29): 0.01688952922821045
(31,44): 0.05849164009094238
(31,45): 0.048109312057495114
(32,7): 0.0335338020324707
(32,8): -0.004813919067382813
(32,13): -0.00022357940673828125
(32,25): 0.00550610065460205
(33,16): -0.0009941577911376954
(33,19): -0.0053939008712768554
(33,37): -0.0028229761123657227
(34,12): 0.009543304443359374
(34,19): 0.008034653663635254
(35,14): -0.04363625049591065
(35,17): -0.05134242534637451
(35,19): -0.0099381160736084
(35,30): -0.17077259540557863
(36,14): -0.07124991416931152
(37,20): 0.007889904975891114
(37,33): 0.0051844120025634766
(38,11): 0.0126942777633667
(38,12): 0.008020763397216796
(39,8): -0.00046245098114013674
(39,10): 0.0017128038406372071
(40,9): 0.0008859729766845703
(40,22): 0.0025278139114379883
(41,23): -0.002365264892578125
(41,29): -0.023930153846740722
(41,44): -0.010597620010375976
(41,45): 0.004461269378662109
(42,9): -0.008778929710388184
(42,10): 0.003183135986328125
(42,13): -0.0016885709762573242
(42,21): 0.0022942399978637695
(43,18): -0.04621503829956055
(43,22): 0.0028624677658081053
(44,7): -0.0016626501083374023
(44,13): -0.0027037477493286133
(44,18): -0.012372708320617676
(44,25): -0.0037960577011108398
(44,29): -0.01714360237121582
(44,31): -0.03325717449188233
(44,41): 0.002803049087524414
(44,45): 0.0012930822372436523
(45,14): -0.03052596569061279
(45,26): -0.0001604938507080078
(45,28): -0.07349093437194824
(45,29): -0.019822583198547364
(45,31): -0.06604740142822266
(45,41): -0.019087815284729005
(45,44): -0.029197206497192384
