Interaction name: 4yb6

Affinity: 5.320000171661377
Predicted value: 6.400643348693848
Sum of phi edges: -0.1299800300598145

Shapley values for edges: 

(0,1): -0.0007638359069824219
(0,2): -0.00014664649963378907
(0,3): -0.0007958602905273437
(0,13): 0.014364509582519532
(0,14): 0.004418048858642578
(0,19): -0.0009204864501953125
(0,20): 0.0011351776123046874
(0,21): 0.0029604625701904297
(0,22): -0.00338597297668457
(0,23): -0.0025866413116455078
(0,24): -0.0014012527465820312
(0,25): -0.002281484603881836
(1,0): 0.00037395477294921875
(1,2): -0.0007691383361816406
(1,3): -0.00023052215576171875
(1,14): 0.004994277954101563
(1,15): 0.0076873779296875
(1,19): -0.001526012420654297
(1,20): 0.00103485107421875
(1,21): 0.0036752891540527345
(1,22): -0.0025584220886230467
(1,23): -0.0004933452606201171
(1,24): -0.001407766342163086
(1,25): -0.0021640777587890623
(2,0): -0.0004616546630859375
(2,1): -7.739067077636719e-05
(2,3): -0.00047036170959472654
(2,13): 0.010287981033325195
(2,14): 0.0027355384826660157
(2,20): 5.9919357299804686e-05
(2,21): 0.002435178756713867
(2,22): -0.0038208866119384764
(2,23): -0.003874711990356445
(2,24): -0.0015019130706787108
(2,25): -0.0008154010772705078
(3,0): 0.0006639671325683594
(3,1): 0.0008947467803955078
(3,2): 0.0007400321960449219
(3,4): 0.004052696228027344
(3,13): 0.00872152328491211
(3,14): -0.001099414825439453
(3,15): -0.0019680404663085936
(3,16): -0.020874032974243163
(3,18): 0.00705078125
(3,19): 0.0013201904296875
(3,20): 0.003202362060546875
(3,22): 0.0006928634643554687
(3,23): 0.0012033367156982422
(3,24): 0.0023923683166503906
(3,25): 0.0004734516143798828
(4,3): 0.00338714599609375
(4,5): 0.003940410614013672
(4,6): 0.005678482055664062
(4,10): 0.0015142059326171875
(4,11): 0.00027801513671875
(4,14): -0.0006553459167480468
(4,15): -0.0003003597259521484
(4,16): -0.014307470321655273
(4,17): -0.014523286819458008
(4,18): 0.0008716011047363282
(4,22): 0.0034271717071533204
(4,25): 0.006096067428588867
(5,4): 0.005161418914794922
(5,6): 0.003271970748901367
(5,11): 0.0011938858032226564
(5,14): -0.002090702056884766
(5,15): -0.004165077209472656
(5,16): -0.008422317504882813
(5,17): -0.013568315505981445
(5,18): -0.0011164379119873048
(5,19): 0.0043356895446777345
(5,24): 0.005879621505737304
(5,25): 0.005005331039428711
(6,4): 0.005389528274536133
(6,5): 0.0041033363342285155
(6,9): 0.005816526412963867
(6,10): 0.004816617965698242
(6,15): -0.0012766265869140626
(6,16): -0.018194026947021484
(6,17): -0.00884018898010254
(6,18): 0.004150114059448242
(6,19): 0.004322309494018555
(6,24): 0.003967657089233399
(7,8): 0.0027622890472412107
(7,9): 0.007063617706298828
(7,12): -0.009340276718139648
(7,18): 0.005962905883789063
(7,20): 0.0011266803741455079
(7,22): -0.0034154605865478515
(8,7): -0.003917970657348633
(8,9): 0.00717106819152832
(8,12): -0.011280622482299805
(9,6): 0.005258998870849609
(9,7): 0.0017618656158447266
(9,8): 0.005393810272216797
(9,11): -0.0010295772552490234
(9,17): -0.02935476303100586
(9,18): -0.004792642593383789
(10,4): -0.010538053512573243
(10,6): -0.012566566467285156
(10,11): 0.005169458389282226
(10,14): -0.006042757034301758
(10,15): -0.004214706420898437
(10,16): -0.009373188018798828
(10,17): -0.014233942031860352
(10,18): -0.005825567245483399
(11,4): -0.011721267700195312
(11,5): -0.005624504089355469
(11,9): -0.00922593116760254
(11,10): 0.0056432151794433595
(11,15): -0.003121986389160156
(11,16): -0.016080389022827147
(11,17): -0.006496677398681641
(11,18): -0.00788330078125
(12,7): 0.0024280357360839844
(12,8): 0.008960180282592774
(13,0): 0.003323373794555664
(13,2): 0.0027028465270996093
(13,3): -0.00040449142456054686
(13,14): -0.01889227867126465
(13,15): -0.022243099212646486
(14,0): 0.009308891296386719
(14,1): 0.007601251602172851
(14,2): 0.00751002311706543
(14,3): 0.0007132720947265625
(14,4): -0.003192758560180664
(14,5): -0.0022752189636230467
(14,10): -0.014962320327758788
(14,13): 0.006079473495483398
(14,15): 0.0005720901489257812
(14,16): 0.0010100078582763671
(14,17): 0.00034698486328125
(14,18): -0.0017433834075927734
(15,1): 0.008679361343383788
(15,3): 0.001099081039428711
(15,4): -0.002129020690917969
(15,5): -7.219314575195313e-05
(15,6): -0.003207912445068359
(15,10): -0.008854217529296875
(15,11): -0.02058248519897461
(15,13): 0.008067426681518554
(15,14): -0.001968593597412109
(15,16): -0.0004941844940185547
(15,17): -0.0007468128204345703
(15,18): -0.0020674800872802733
(16,3): 0.006691551208496094
(16,4): -0.0016355609893798828
(16,5): 0.00019361495971679688
(16,6): -0.0008949661254882813
(16,10): -0.0040140247344970705
(16,11): -0.009694833755493164
(16,14): 0.001912088394165039
(16,15): 0.003001956939697266
(16,17): 0.0034800052642822267
(16,18): 0.003221559524536133
(16,27): -0.012438135147094726
(17,4): 0.0006373119354248047
(17,5): 0.001982288360595703
(17,6): 0.0013363265991210938
(17,9): -0.0031105613708496092
(17,10): -0.008218364715576172
(17,11): -0.003373088836669922
(17,14): 0.0048497867584228515
(17,15): 0.004129676818847656
(17,16): 0.0029001426696777344
(17,18): 0.002329835891723633
(17,26): -0.010660085678100586
(18,3): 0.0036139583587646486
(18,4): -0.00010892868041992187
(18,5): -0.002797212600708008
(18,6): 0.0018852806091308593
(18,7): 0.00931875228881836
(18,9): -0.0039528942108154295
(18,10): -0.018385629653930664
(18,11): -0.013787145614624024
(18,14): -0.0013072776794433593
(18,15): 0.0008902931213378906
(18,16): 3.612518310546875e-05
(18,17): 0.0005314445495605469
(19,0): -0.0006064796447753907
(19,1): 0.00010198593139648437
(19,3): -0.0010775852203369141
(19,5): 0.0041307640075683594
(19,6): 0.0034124565124511717
(19,20): 0.00035245895385742186
(19,24): -0.002165184020996094
(19,25): -0.002320098876953125
(20,0): -0.0017790603637695313
(20,1): -0.0031967449188232424
(20,2): -0.0020218467712402343
(20,3): -0.005064630508422851
(20,7): -0.003651599884033203
(20,19): -0.0034531879425048827
(20,24): -0.0027841758728027344
(21,0): -0.003132495880126953
(21,1): -0.0036337471008300783
(21,2): -0.004848728179931641
(22,0): -0.00017647743225097657
(22,1): 0.00028898239135742186
(22,2): -0.0004087543487548828
(22,3): 0.0017923736572265626
(22,4): 0.005270118713378906
(22,7): -0.0012524986267089843
(22,23): -0.0013406753540039062
(22,27): -0.022269859313964843
(23,0): -0.001024322509765625
(23,1): -0.001589803695678711
(23,2): -0.00032700538635253905
(23,3): 0.00040741920471191404
(23,22): -0.0029035377502441406
(23,27): -0.010899066925048828
(24,0): -0.0006342411041259765
(24,1): -0.0018538761138916016
(24,2): -0.0006603431701660156
(24,3): -0.0016115856170654296
(24,5): -0.0001645946502685547
(24,6): 0.0008614444732666015
(24,19): -0.0018482208251953125
(24,20): 0.0002838420867919922
(25,0): -0.0012326908111572265
(25,1): -0.0006453800201416016
(25,2): -0.00037509918212890624
(25,3): -0.003196544647216797
(25,4): 0.014944324493408203
(25,5): 0.004024991989135742
(25,19): -0.0015276718139648439
(26,17): 0.06000761985778809
(27,16): 0.0296302604675293
(27,22): 0.019715394973754883
(27,23): 0.009787883758544922
