Interaction name: 5i88

Affinity: 6.599999904632568
Predicted value: 6.603262901306152

Attributions for edges: 

(0,2): 0.5580150485038757
(0,11): 0.6139156222343445
(1,7): 0.5167203545570374
(1,8): 0.6039302349090576
(1,9): 0.5255972743034363
(2,0): 0.5356186032295227
(2,12): 0.5775237679481506
(3,13): 0.5715265870094299
(3,14): 0.5302513241767883
(3,15): 0.38280555605888367
(4,5): 0.49451836943626404
(4,6): 0.641998827457428
(4,7): 0.5853297114372253
(4,8): 0.4379851222038269
(4,9): 0.4940278232097626
(4,10): 0.4581633508205414
(5,4): 0.5402787923812866
(5,6): 0.4742208421230316
(5,7): 0.6408568024635315
(5,8): 0.38483577966690063
(5,9): 0.5568490624427795
(5,10): 0.3566373288631439
(5,14): 0.5133697390556335
(5,15): 0.5615901350975037
(5,18): 0.5165609121322632
(5,19): 0.44134464859962463
(6,4): 0.4727957546710968
(6,5): 0.42327553033828735
(6,7): 0.43146997690200806
(6,8): 0.39360466599464417
(6,9): 0.380302757024765
(7,1): 0.4572143256664276
(7,4): 0.4740898311138153
(7,5): 0.5409205555915833
(7,6): 0.4398963153362274
(7,8): 0.4313046336174011
(7,9): 0.47829246520996094
(7,10): 0.40881583094596863
(7,16): 0.5712066888809204
(8,1): 0.44259539246559143
(8,4): 0.41415032744407654
(8,5): 0.6762663125991821
(8,6): 0.5213419198989868
(8,7): 0.5255359411239624
(8,9): 0.41945913434028625
(8,10): 0.4435494542121887
(8,17): 0.539750874042511
(9,1): 0.5727012753486633
(9,4): 0.7193911075592041
(9,5): 0.42197149991989136
(9,6): 0.5976930856704712
(9,7): 0.5625487565994263
(9,8): 0.4698793888092041
(9,10): 0.5768460035324097
(10,4): 0.5325518250465393
(10,5): 0.5394733548164368
(10,7): 0.3981650471687317
(10,8): 0.5312337875366211
(10,9): 0.4114270806312561
(11,0): 0.5602233409881592
(11,12): 0.5380685329437256
(12,2): 0.4863528311252594
(12,11): 0.4991579055786133
(13,3): 0.4134933054447174
(14,3): 0.5880826115608215
(14,5): 0.5090513229370117
(15,3): 0.3752268850803375
(15,5): 0.3512211740016937
(16,7): 0.4970429539680481
(16,19): 0.4539371728897095
(17,8): 0.5035309195518494
(17,18): 0.36513346433639526
(18,5): 0.5451276302337646
(18,17): 0.5390387177467346
(19,5): 0.5446030497550964
(19,16): 0.4631462097167969
