Interaction name: 5ung

Affinity: 9.470000267028809
Predicted value: 8.183781623840332

Attributions for edges: 

(0,4): 8.79003634970881e-29
(0,5): 4.589564483553913e-29
(0,7): 3.8057826167081147e-29
(0,27): 1.55674554445273e-28
(0,40): 3.932527163568577e-29
(0,41): 2.4162990925446229e-29
(1,14): 1.5399962324681798e-26
(1,15): 1.8987638551124784e-26
(1,16): 2.226554358308066e-26
(1,35): 2.1249577018817505e-26
(1,36): 2.2722104535697098e-26
(1,40): 7.202493620627249e-28
(2,9): 6.543932160609936e-26
(2,10): 5.1010685871057736e-26
(2,19): 6.646071158908591e-26
(2,20): 6.680666407388026e-26
(2,22): 3.5256246125275757e-26
(2,28): 3.6276455898392385e-26
(2,30): 2.8206797105458223e-26
(2,39): 6.5382677695319e-26
(3,8): 1.0521715820273059e-25
(3,9): 8.577098500598236e-26
(3,10): 6.685969031785308e-26
(3,12): 9.053866310191185e-26
(3,13): 7.997723306544157e-26
(3,19): 8.711003941474009e-26
(3,20): 8.756314756015223e-26
(3,21): 8.185573274790239e-26
(3,39): 8.569641299853568e-26
(4,0): 8.795670898502358e-29
(4,5): 1.333781597755992e-28
(4,7): 1.1060137799248444e-28
(4,23): 1.212945767853723e-27
(4,24): 1.0983790325134289e-27
(4,25): 7.80532991548487e-28
(4,27): 4.5240864765633925e-28
(4,31): 9.917275803550747e-28
(4,34): 5.229407281551691e-28
(4,38): 1.0752172212232447e-27
(4,40): 1.1428388845383652e-28
(4,41): 7.022103679428027e-29
(5,0): 4.590685434966857e-29
(5,4): 1.333262680006601e-28
(5,7): 5.772524220323131e-29
(5,25): 4.073800685188254e-28
(5,27): 2.3612360933961734e-28
(5,34): 2.729360991120023e-28
(5,40): 5.964767538106327e-29
(5,41): 3.6650148924400826e-29
(6,9): 6.543956812513225e-26
(6,10): 5.1010685871057736e-26
(6,19): 6.646071158908591e-26
(6,20): 6.680666407388026e-26
(6,22): 3.5256246125275757e-26
(6,28): 3.6276455898392385e-26
(6,30): 2.8206797105458223e-26
(6,39): 6.5382677695319e-26
(7,0): 3.8063053261320836e-29
(7,4): 1.1054486398567883e-28
(7,5): 5.771907922740927e-29
(7,27): 1.9577800108425398e-28
(8,3): 1.052239867799414e-25
(8,10): 7.47922290617227e-26
(8,21): 9.156782459740999e-26
(8,42): 1.1041270705808097e-25
(8,43): 1.3587885038589376e-25
(8,60): 1.148408298381194e-25
(9,2): 6.544606390164868e-26
(9,3): 8.576640591494658e-26
(9,6): 6.544606390164868e-26
(9,10): 6.096196281221867e-26
(9,12): 8.255219215662357e-26
(9,19): 7.942541869926365e-26
(9,20): 7.983945974093988e-26
(9,21): 7.463519643777714e-26
(9,22): 4.213379126048915e-26
(9,28): 4.3353185330686175e-26
(9,39): 7.81370855815213e-26
(9,44): 9.498401756234869e-26
(9,45): 9.018086537758754e-26
(10,2): 5.100854423695958e-26
(10,3): 6.684617491187535e-26
(10,6): 5.100854423695958e-26
(10,8): 7.477226718303511e-26
(10,9): 6.095289091180863e-26
(10,20): 6.222648835436049e-26
(10,21): 5.817075106241714e-26
(10,22): 3.283912084489618e-26
(10,23): 1.6555185949875794e-26
(10,24): 1.4991606628201394e-26
(10,28): 3.3789393168384306e-26
(10,30): 2.6272879944405624e-26
(10,38): 1.4675476783409896e-26
(10,39): 6.090013583877198e-26
(10,45): 7.028653290501227e-26
(10,46): 7.151032117697041e-26
(10,47): 6.697047597123006e-26
(11,25): 2.6610564411948716e-27
(11,26): 2.625562900470776e-27
(11,27): 1.5423884107928037e-27
(11,29): 3.1459977048788056e-27
(11,34): 1.78285877179453e-27
(11,37): 2.6712166846164864e-27
(11,56): 9.405839714214872e-27
(11,64): 3.9515236819086e-27
(12,3): 9.053625337836543e-26
(12,9): 8.255503328847753e-26
(12,13): 7.69779345999847e-26
(12,19): 8.384292883493652e-26
(12,20): 8.428000091725971e-26
(12,39): 8.248326543502988e-26
(12,42): 9.500068224897148e-26
(12,49): 5.072620598860032e-26
(13,3): 7.996960946434971e-26
(13,12): 7.69726467667294e-26
(13,15): 4.9194416836959954e-26
(13,16): 5.768725328322652e-26
(13,18): 6.938609748550906e-26
(13,19): 7.405748524719501e-26
(13,20): 7.44432690447272e-26
(13,35): 5.505479979060072e-26
(13,36): 5.886992218050002e-26
(13,39): 7.285595148093026e-26
(13,50): 5.871831297527785e-26
(13,51): 5.29949853594555e-26
(14,1): 1.5403840377217816e-26
(14,35): 3.229659716476998e-26
(14,50): 3.4445448107616196e-26
(14,51): 3.108813929516917e-26
(14,55): 4.0513024145418096e-26
(14,58): 9.835975367250362e-27
(15,1): 1.8994809173493726e-26
(15,13): 4.91850337062709e-26
(15,16): 4.172942609085352e-26
(15,17): 4.8094806364840084e-26
(15,18): 5.019225500784258e-26
(15,32): 4.8650226071873896e-26
(15,33): 4.842434376353243e-26
(15,49): 3.241149968599608e-26
(15,58): 1.2128908981096074e-26
(16,1): 2.227607764950448e-26
(16,13): 5.768196544997121e-26
(16,15): 4.173356144763011e-26
(16,17): 5.640318494475302e-26
(16,18): 5.886295801782111e-26
(16,32): 5.705433415523057e-26
(16,33): 5.678964050664981e-26
(16,36): 4.994148352164381e-26
(16,51): 4.4957734574881535e-26
(17,15): 4.810324964171628e-26
(17,16): 5.640791811018435e-26
(17,18): 6.784732568226232e-26
(17,32): 6.576289016270806e-26
(17,33): 6.545804472664672e-26
(17,36): 5.756414167820547e-26
(17,50): 5.741589129480632e-26
(17,52): 7.26112258740129e-26
(18,13): 6.93874225253108e-26
(18,15): 5.020240542902148e-26
(18,16): 5.886924425315959e-26
(18,17): 6.784913143417818e-26
(18,32): 6.863242100925607e-26
(18,33): 6.831427587137077e-26
(18,36): 6.007593026721157e-26
(18,52): 7.577987675208358e-26
(18,53): 8.633724538748714e-26
(19,2): 6.646831670125031e-26
(19,3): 8.710573149464049e-26
(19,6): 6.646831670125031e-26
(19,9): 7.942632465670949e-26
(19,12): 8.384133262419861e-26
(19,13): 7.406115221780912e-26
(19,20): 8.10862297497384e-26
(19,35): 5.996740026298546e-26
(19,39): 7.935757666141464e-26
(19,50): 6.395781001121519e-26
(19,51): 5.772400927102917e-26
(19,53): 9.215337509323775e-26
(19,65): 8.563824683272728e-26
(20,2): 6.681481769089282e-26
(20,3): 8.755980722725669e-26
(20,6): 6.681481769089282e-26
(20,9): 7.984037802433737e-26
(20,10): 6.223645388626473e-26
(20,12): 8.427807190582741e-26
(20,13): 7.444723800115659e-26
(20,19): 8.10862297497384e-26
(20,35): 6.028024524166381e-26
(20,42): 9.187711970201485e-26
(21,3): 8.184918150460356e-26
(21,8): 9.155420442084328e-26
(21,9): 7.463291613672299e-26
(21,10): 5.817740707630494e-26
(21,28): 4.1373107480726503e-26
(21,51): 5.424034404679078e-26
(21,54): 8.687244437084884e-26
(21,56): 4.610716962503468e-26
(21,57): 9.555567671067358e-26
(21,61): 2.956565623702008e-26
(22,2): 3.524710026915585e-26
(22,6): 3.524710026915585e-26
(22,9): 4.2118682725261423e-26
(22,10): 3.2831860859377816e-26
(22,23): 1.1439654091110859e-26
(22,24): 1.0359218947889286e-26
(22,25): 7.361495893126931e-27
(22,28): 2.334851247973707e-26
(22,30): 1.8154659983481705e-26
(22,31): 9.35331344165561e-27
(22,38): 1.0140810788475996e-26
(22,42): 4.846832584048641e-26
(22,49): 2.587996250235943e-26
(22,50): 3.3915687950417444e-26
(22,56): 2.6020037698330646e-26
(23,4): 1.2140799479979726e-27
(23,10): 1.6544832150494768e-26
(23,22): 1.1435028777756418e-26
(23,24): 5.220260847652802e-27
(23,25): 3.7096357401713075e-27
(23,27): 2.1501605752083974e-27
(23,28): 1.1765879660670835e-26
(23,29): 4.38564986178886e-27
(23,30): 9.14857245149967e-27
(23,31): 4.713379582635403e-27
(23,37): 3.7238136660499086e-27
(23,38): 5.1102001143068935e-27
(23,48): 8.5546449307858e-27
(23,51): 1.542518584397745e-26
(23,59): 3.384006823708102e-27
(23,61): 8.408086284249798e-27
(24,4): 1.0993388197012142e-27
(24,10): 1.49813175400665e-26
(24,22): 1.0354398730424473e-26
(24,23): 5.219942684025989e-27
(24,25): 3.359056016092577e-27
(24,27): 1.9469593660429945e-27
(24,28): 1.0654024896336529e-26
(24,29): 3.971198597034471e-27
(24,30): 8.284017106860395e-27
(24,31): 4.2679243124502794e-27
(24,37): 3.371906976239495e-27
(24,58): 4.419170287284931e-27
(24,63): 6.1099761558995624e-27
(25,4): 7.8105713338285195e-28
(25,5): 4.07810754602639e-28
(25,11): 2.66088368527886e-27
(25,22): 7.356554727261611e-27
(25,23): 3.708645041807915e-27
(25,24): 3.358376933194186e-27
(25,26): 2.354707046439955e-27
(25,27): 1.3832684639735192e-27
(25,29): 2.821452894381296e-27
(25,30): 5.885619954446027e-27
(25,31): 3.032270578697767e-27
(25,34): 1.5989369880409184e-27
(25,37): 2.3956690726481436e-27
(25,38): 3.287558178023134e-27
(25,49): 8.390111194892843e-27
(26,11): 2.625362796349554e-27
(26,25): 2.3546800834207334e-27
(26,27): 1.3648132402814285e-27
(26,29): 2.7837780454021873e-27
(26,31): 2.991803131299297e-27
(26,34): 1.5775922916532636e-27
(26,37): 2.3636884281426103e-27
(26,62): 4.452420697402799e-27
(27,0): 1.5582665476263099e-28
(27,4): 4.525639739063541e-28
(27,5): 2.3629663007099623e-28
(27,7): 1.9594460606150562e-28
(27,11): 1.541782320639305e-27
(27,23): 2.1488896540380963e-27
(27,24): 1.945927452778792e-27
(27,25): 1.3828201074824658e-27
(27,26): 1.3643707578767055e-27
(27,29): 1.634814077713439e-27
(27,31): 1.7569798585388044e-27
(27,34): 9.26463881219116e-28
(27,37): 1.3881049555463616e-27
(27,38): 1.9048932041976885e-27
(27,58): 1.8192363143630996e-27
(28,2): 3.6267602783624026e-26
(28,6): 3.6267602783624026e-26
(28,9): 4.333814150670458e-26
(28,10): 3.3782432087193313e-26
(28,21): 4.13598509197333e-26
(28,22): 2.334895775474021e-26
(28,23): 1.1770863967366909e-26
(28,24): 1.0659107040273778e-26
(28,30): 1.8680286324647824e-26
(28,31): 9.624118451135899e-27
(28,38): 1.0434415727009919e-26
(28,49): 2.662946356249299e-26
(28,56): 2.677338753686507e-26
(28,61): 1.7168303436555537e-26
(29,11): 3.1460941939690194e-27
(29,23): 4.384947282545148e-27
(29,24): 3.970789914700272e-27
(29,25): 2.8217437098028985e-27
(29,26): 2.784096979400978e-27
(29,27): 1.6355189680730846e-27
(29,31): 3.585229910227625e-27
(29,34): 1.890509203815038e-27
(29,38): 3.8870716659477035e-27
(29,61): 6.3956073592777334e-27
(29,63): 5.1326283388812606e-27
(30,2): 2.8195716074930197e-26
(30,6): 2.8195716074930197e-26
(30,10): 2.626376182167692e-26
(30,22): 1.8152236393239688e-26
(30,23): 9.151120842002083e-27
(30,24): 8.28676733482098e-27
(30,25): 5.888764227673233e-27
(30,28): 1.8677509904039996e-26
(30,31): 7.482130752239503e-27
(30,38): 8.112053133241992e-27
(30,48): 1.3579898438221595e-26
(31,4): 9.92533678333298e-28
(31,22): 9.348391535089734e-27
(31,23): 4.71280411476802e-27
(31,24): 4.267680104533331e-27
(31,25): 3.032709883318082e-27
(31,26): 2.992236850722773e-27
(31,27): 1.7577978009861857e-27
(31,28): 9.618869906851455e-27
(31,29): 3.585380517949276e-27
(31,30): 7.479162509009214e-27
(31,34): 2.031852239468645e-27
(31,37): 3.044300900095382e-27
(31,38): 4.177702583461504e-27
(31,61): 6.873798045913596e-27
(31,62): 5.7344945428258936e-27
(32,15): 4.8659134653424654e-26
(32,16): 5.705956035872766e-26
(32,17): 6.576313668174095e-26
(32,18): 6.863137946634215e-26
(32,33): 6.62139830150264e-26
(32,36): 5.822936096248473e-26
(32,65): 7.77674611065945e-26
(33,15): 4.843339101203918e-26
(33,16): 5.679462019111402e-26
(33,17): 6.545779820761384e-26
(33,18): 6.831271047551197e-26
(33,32): 6.62137303330177e-26
(33,36): 5.79589973761477e-26
(33,52): 7.310929292804682e-26
(34,4): 5.231662064034083e-28
(34,5): 2.7316210699097616e-28
(34,11): 1.782307763237441e-27
(34,25): 1.5985527650170132e-27
(34,26): 1.5772312760851882e-27
(34,27): 9.265452517592664e-28
(34,29): 1.8898601654237795e-27
(34,31): 2.0310847563858067e-27
(34,37): 1.6046622962830956e-27
(34,58): 2.1030540621056356e-27
(34,59): 1.4582331685358535e-27
(35,1): 2.1258983260665892e-26
(35,13): 5.504807598397887e-26
(35,14): 3.230250745858332e-26
(35,19): 5.995710809336265e-26
(35,20): 6.026966341217737e-26
(35,39): 5.898456585674159e-26
(36,1): 2.273294366942411e-26
(36,13): 5.886475760676115e-26
(36,16): 4.9941871789120596e-26
(36,17): 5.755997550654977e-26
(36,18): 6.00702048626729e-26
(36,32): 5.822447988563368e-26
(36,33): 5.795457852248329e-26
(37,11): 2.6710537509431913e-27
(37,23): 3.722848004775793e-27
(37,24): 3.371225197039182e-27
(37,25): 2.3956781245188823e-27
(37,26): 2.3637157763478206e-27
(37,27): 1.3885712231858978e-27
(37,31): 3.0438827807044555e-27
(37,34): 1.6050542230267784e-27
(37,38): 3.300148367255582e-27
(38,4): 1.0761445564914671e-27
(38,10): 1.466517845081127e-26
(38,22): 1.013589889674583e-26
(38,23): 5.109829950571582e-27
(38,25): 3.2881852608130264e-27
(38,27): 1.905889102571931e-27
(38,28): 1.0429162560493608e-26
(38,29): 3.887397918480283e-27
(38,30): 8.109268238542408e-27
(38,31): 4.177893635711987e-27
(38,37): 3.300777761161408e-27
(39,2): 6.538941382789249e-26
(39,3): 8.569184007047573e-26
(39,6): 6.538941382789249e-26
(39,9): 7.813738140436075e-26
(39,10): 6.090919541323037e-26
(39,12): 8.248074477791867e-26
(39,13): 7.285928565084998e-26
(39,19): 7.935696652680826e-26
(39,35): 5.89944697588876e-26
(40,0): 3.933097419388048e-29
(40,1): 7.19110030055874e-28
(40,4): 1.1422809667076005e-28
(40,5): 5.964175916501536e-29
(40,41): 3.140047616537994e-29
(41,0): 2.4159855270755523e-29
(41,4): 7.016641260623259e-29
(41,5): 3.6635891024281284e-29
(41,40): 3.1391135405149663e-29
(42,8): 1.104089106649746e-25
(42,12): 9.500576054104884e-26
(42,20): 9.188343058925661e-26
(42,22): 4.849014585638434e-26
(42,43): 1.2745904212163044e-25
(42,45): 1.0378526472618965e-25
(42,53): 1.0442464881582293e-25
(43,8): 1.3589026421711617e-25
(43,42): 1.2747459747260527e-25
(43,57): 1.4182949936491202e-25
(44,9): 9.499415565757594e-26
(44,45): 1.095413362325545e-25
(44,47): 1.0437326192341877e-25
(45,9): 9.018843351189701e-26
(45,10): 7.030288944284396e-26
(45,42): 1.0378448819123608e-25
(45,44): 1.0953799589965895e-25
(45,53): 1.0463997086509333e-25
(46,10): 7.152750355356225e-26
(46,60): 1.0982795158613425e-25
(47,10): 6.698426871111978e-26
(47,44): 1.0436729616282303e-25
(48,23): 8.556701053594428e-27
(48,30): 1.3579380748252544e-26
(48,63): 1.0015672334781468e-26
(49,12): 5.07099542213576e-26
(49,15): 3.240964771176156e-26
(49,22): 2.588193773611039e-26
(49,25): 8.396387415395613e-27
(49,28): 2.663098889900894e-26
(49,55): 4.5498095050494195e-26
(50,13): 5.871316072749063e-26
(50,14): 3.4453330553692585e-26
(50,17): 5.741173744910226e-26
(50,19): 6.394902777066879e-26
(50,22): 3.3923967908434353e-26
(51,13): 5.298730629158124e-26
(51,14): 3.1093356254202524e-26
(51,16): 4.495533409579885e-26
(51,19): 5.771255846195182e-26
(51,21): 5.42316542508817e-26
(51,23): 1.5434191492397403e-26
(52,17): 7.261621172145293e-26
(52,18): 7.578305684760775e-26
(52,33): 7.31137610855178e-26
(53,18): 8.634778407614282e-26
(53,19): 9.216075833827255e-26
(53,42): 1.0442504324627554e-25
(53,45): 1.0464037762149759e-25
(54,21): 8.688271805154418e-26
(54,55): 8.622139993096027e-26
(55,14): 4.052600645398722e-26
(55,49): 4.5509552022547366e-26
(55,54): 8.621054076756183e-26
(55,57): 9.482834079308398e-26
(56,11): 9.412264616509348e-27
(56,21): 4.6095213451939925e-26
(56,22): 2.602221939177165e-26
(56,28): 2.6775125496046883e-26
(56,60): 5.781105514153965e-26
(56,62): 1.5962563439292242e-26
(57,21): 9.557208871528767e-26
(57,43): 1.4182085887280952e-25
(57,55): 9.484462953818163e-26
(58,14): 9.830910941868601e-27
(58,15): 1.2121091246265817e-26
(58,24): 4.419001961007792e-27
(58,27): 1.82012493843944e-27
(58,34): 2.1038964638633106e-27
(59,23): 3.382935621473034e-27
(59,34): 1.4585001024261456e-27
(60,8): 1.1483907955298593e-25
(60,46): 1.0982878975084605e-25
(60,56): 5.78333281361605e-26
(61,21): 2.9550433686739644e-26
(61,23): 8.41001067345023e-27
(61,28): 1.716483368116773e-26
(61,29): 6.398071779234571e-27
(61,31): 6.876158465653437e-27
(62,26): 4.4541702121642804e-27
(62,31): 5.735872353108108e-27
(62,56): 1.5956656226966817e-26
(63,24): 6.1109314171519785e-27
(63,29): 5.133940282359377e-27
(63,48): 1.001425793183031e-26
(64,11): 3.952201994435013e-27
(65,19): 8.564151320991296e-26
(65,32): 7.777428968380532e-26
