Interaction name: 5lxb

Affinity: 9.770000457763672
Predicted value: 7.543399810791016

Attributions for edges: 

(0,6): 6.946924116697573e-34
(0,8): 4.2374476028463124e-32
(0,11): 3.124831326470272e-32
(0,14): 9.051278583340782e-33
(1,3): 2.7669362756570876e-33
(1,6): 5.519167300656381e-34
(1,7): 1.3828533175488653e-32
(1,16): 8.692923664443876e-31
(2,3): 3.584726960840184e-33
(2,6): 7.150402648002392e-34
(2,7): 1.7915671197316082e-32
(3,1): 2.7321146432368774e-33
(3,2): 3.5366977310335236e-33
(3,6): 6.341669336203093e-36
(3,7): 1.5889229460518085e-34
(3,17): 6.460716051474963e-33
(3,18): 2.8498497696923376e-33
(3,19): 6.329039378347758e-33
(3,22): 3.4669163456068816e-33
(4,5): 5.030420810484467e-33
(4,8): 4.5894502678208095e-33
(4,9): 1.680237372196374e-32
(4,10): 1.768305115086392e-32
(4,12): 4.849850478392366e-32
(4,13): 5.079847703074255e-32
(4,14): 9.803163708377088e-34
(4,15): 4.9452584488193e-33
(4,23): 1.998637649531853e-32
(4,24): 1.7261962625776484e-32
(5,4): 5.032263397879381e-33
(5,8): 5.197077256756266e-33
(5,9): 1.9026949761120887e-32
(5,11): 3.8324645993278886e-33
(5,12): 5.491954275827058e-32
(5,13): 5.752358600628843e-32
(5,14): 1.1101069265448208e-33
(5,15): 5.5999503948517576e-33
(5,23): 2.2632330525047003e-32
(5,24): 1.9547238254474216e-32
(6,0): 6.823326395838379e-34
(6,1): 5.425067600340614e-34
(6,2): 7.022701717174859e-34
(6,3): 6.312995137457387e-36
(6,7): 3.155095140257287e-35
(6,20): 7.4876712627075e-34
(6,24): 2.8890239454529558e-34
(6,26): 3.3244849093601106e-34
(6,27): 5.561139336642948e-34
(6,28): 6.28090922133082e-34
(7,1): 1.3717569447506906e-32
(7,2): 1.775727333354278e-32
(7,3): 1.5962619797272743e-34
(7,6): 3.1840646475203255e-35
(7,18): 1.4308594782788905e-32
(7,21): 2.7746639020509963e-32
(7,26): 8.406136426882801e-33
(8,0): 4.210956074409006e-32
(8,4): 4.5899403020283085e-33
(8,5): 5.195808457541347e-33
(8,9): 1.73545313365358e-32
(8,10): 1.8264287556939448e-32
(8,11): 3.4956274277837314e-33
(8,12): 5.00926396928478e-32
(8,14): 1.0125390587166478e-33
(8,15): 5.107806542334975e-33
(8,27): 3.4320085714912753e-32
(9,4): 1.6866078168938616e-32
(9,5): 1.9092241125469372e-32
(9,8): 1.7418466474277025e-32
(9,10): 6.711348638675155e-32
(9,11): 1.28450411331938e-32
(9,12): 1.8406773341432845e-31
(9,13): 1.9279684866904319e-31
(9,14): 3.720622189318902e-33
(9,15): 1.876887438450167e-32
(10,4): 1.7752666865055494e-32
(10,8): 1.833409281959509e-32
(10,9): 6.7122702262462e-32
(10,13): 2.0293151427397964e-31
(10,14): 3.9162016740926835e-33
(10,15): 1.9755337488768224e-32
(10,22): 1.64320121862181e-31
(11,0): 3.1026200668378973e-32
(11,5): 3.828256329551945e-33
(11,8): 3.4926420394746274e-33
(11,9): 1.2786767470119724e-32
(11,12): 3.690810697492889e-32
(11,14): 7.460414946625289e-34
(11,15): 3.763416795844557e-33
(11,25): 3.540627775990307e-32
(11,28): 2.8560004704146183e-32
(12,4): 4.883005884304484e-32
(12,5): 5.527516506422485e-32
(12,8): 5.042970094300258e-32
(12,9): 1.8462610498591255e-31
(12,11): 3.718821552378633e-32
(12,14): 1.0771809257021054e-32
(13,4): 5.115160141120132e-32
(13,5): 5.790313549975368e-32
(13,9): 1.9340382693203378e-31
(13,10): 2.035408670355589e-31
(13,14): 1.1284024308236143e-32
(13,15): 5.692285549577245e-32
(14,0): 8.955115063919857e-33
(14,4): 9.76114529546496e-34
(14,5): 1.104961016353104e-33
(14,8): 1.0080914656377163e-33
(14,9): 3.6907102661942904e-33
(14,10): 3.884125004652636e-33
(14,11): 7.433994792735596e-34
(14,12): 1.0652813963887314e-32
(14,13): 1.1158093598432551e-32
(14,15): 1.086237779067405e-33
(14,23): 4.3900555691946405e-33
(14,24): 3.7916606190169546e-33
(14,27): 7.298698790869309e-33
(15,4): 4.9467671223501834e-33
(15,5): 5.5996939901464845e-33
(15,8): 5.108780733278219e-33
(15,9): 1.8703691753380635e-32
(15,10): 1.9684023185239713e-32
(15,11): 3.7673815178846895e-33
(15,13): 5.654670905845283e-32
(15,14): 1.091246578863358e-33
(15,21): 7.298562727398201e-32
(16,1): 8.724084609090954e-31
(17,3): 6.559204110974639e-33
(18,3): 2.8866568855394835e-33
(18,7): 1.4426871555000705e-32
(18,20): 3.423811144086381e-31
(19,3): 6.425078736177877e-33
(20,6): 7.6252233872079e-34
(20,18): 3.4266335060227053e-31
(21,7): 2.802791130877472e-32
(21,15): 7.35238391174495e-32
(22,3): 3.5136224095848974e-33
(22,10): 1.6471676892097897e-31
(22,24): 1.6079434410632464e-31
(23,4): 2.007210382895606e-32
(23,5): 2.2721431527471393e-32
(23,14): 4.4278642429628854e-33
(23,25): 2.101413853648611e-31
(23,26): 8.972045855991544e-32
(24,4): 1.7329920892933398e-32
(24,5): 1.9617306533990856e-32
(24,6): 2.93413882170679e-34
(24,14): 3.8229445644541666e-33
(24,22): 1.6040838229117565e-31
(25,11): 3.5670364320758806e-32
(25,23): 2.1064703601481084e-31
(25,26): 2.093556614308845e-31
(26,6): 3.377739854404649e-34
(26,7): 8.463021537254969e-33
(26,23): 8.972456103519981e-32
(26,25): 2.0886270611992365e-31
(27,6): 5.658721898150506e-34
(27,8): 3.451676649095646e-32
(27,14): 7.372799016009269e-33
(28,6): 6.393315868628201e-34
(28,11): 2.8757881545691853e-32
