Interaction name: 1o0f

Affinity: 5.300000190734863
Predicted value: 6.413061618804932

Shapley values for edges: 

(0,1): 0.014981424808502198
(0,2): -0.033220138549804684
(0,8): 0.0
(0,15): 0.008384785652160644
(0,16): -0.0026579380035400392
(0,20): -0.03501594066619873
(0,23): -0.016733460426330567
(0,25): -0.015559663772583008
(0,26): -0.04726550102233887
(0,28): -0.03441503524780273
(0,31): 0.026696295738220216
(1,0): -4.76837158203125e-09
(1,2): 0.025499515533447266
(1,8): 0.02106794834136963
(1,9): 0.002942490577697754
(1,14): 0.008393726348876952
(1,16): -0.016437838077545164
(1,22): -0.0313434362411499
(1,25): -0.06679690837860107
(1,26): -0.011469249725341796
(1,28): -0.004900650978088379
(2,0): 0.030782599449157715
(2,1): -0.03352658748626709
(2,8): 4.76837158203125e-09
(2,14): 0.004423375129699707
(2,15): 0.003153090476989746
(2,25): -0.04846020698547363
(2,26): -0.010390639305114746
(2,28): 0.038134098052978516
(2,31): -0.007269902229309082
(3,4): -0.00027849674224853513
(3,5): -0.0014771604537963867
(3,6): 4.76837158203125e-09
(3,18): 0.005411152839660645
(3,19): -0.0038405561447143553
(3,20): 0.0010846376419067383
(3,25): -4.76837158203125e-09
(3,26): -0.0013430356979370118
(3,27): -0.027357940673828126
(3,31): -0.029797320365905763
(4,3): -0.01686262130737305
(4,5): 0.0
(4,6): 9.5367431640625e-09
(4,17): -0.03871771335601806
(4,19): -0.006393804550170899
(4,20): -0.004505558013916016
(4,25): 0.00391021728515625
(4,26): -0.015580992698669433
(4,27): -0.002029590606689453
(4,28): 4.76837158203125e-09
(4,31): -0.0597352933883667
(5,3): 0.0025004816055297853
(5,4): -5.626678466796875e-07
(5,6): 0.00023542881011962891
(5,17): 0.0063559961318969726
(5,18): 0.01676764488220215
(5,20): -0.001548008918762207
(5,25): -0.010537614822387695
(5,26): -0.005458745956420898
(5,27): 0.0093290376663208
(5,28): -0.0789684772491455
(5,31): 0.03504601001739502
(6,3): -0.009718732833862305
(6,4): 0.005668864250183105
(6,5): -0.003778800964355469
(6,7): 0.010729103088378907
(6,17): 0.007910590171813964
(6,18): -0.00323455810546875
(6,19): 0.004777810573577881
(6,20): 0.0
(6,21): -0.04029725551605225
(6,22): -0.024720797538757323
(6,23): 0.005153059959411621
(6,25): -0.004988255500793457
(6,26): -0.015231308937072753
(6,27): 0.003950033187866211
(6,28): -0.004786744117736817
(7,6): -0.010095233917236329
(7,8): 0.00463860034942627
(7,9): 0.0003457021713256836
(7,12): -0.023927693367004396
(7,20): 0.011230092048645019
(7,21): 2.6988983154296876e-06
(7,22): -0.002016429901123047
(7,23): 0.01167975902557373
(7,25): -0.026897449493408204
(7,27): -0.025753588676452638
(7,28): -0.03199810981750488
(7,31): -0.0926753044128418
(8,0): -2.8328895568847655e-05
(8,1): 0.0196666955947876
(8,2): 0.009840998649597168
(8,7): 0.005435256958007812
(8,9): -0.031016836166381834
(8,14): 0.00849247932434082
(8,15): 0.023757286071777343
(8,16): -0.01062016487121582
(8,20): -0.004703359603881836
(8,21): 1.430511474609375e-08
(8,22): -0.013486590385437012
(8,23): 0.001885066032409668
(8,25): -0.01627103805541992
(8,26): -0.006173105239868164
(8,27): -0.010177850723266602
(8,31): 0.008425917625427246
(9,1): -0.039863991737365725
(9,7): 0.005377020835876465
(9,8): -2.0236968994140624e-05
(9,15): 0.13771976470947267
(9,21): -2.384185791015625e-08
(9,22): 2.8858184814453126e-05
(9,23): 0.02219797134399414
(9,25): 0.01694887161254883
(9,27): -0.0636269760131836
(9,28): -0.027731637954711914
(9,31): -0.03593860149383545
(10,11): -0.03438191413879395
(10,12): -0.0022640132904052732
(10,13): -0.023307323455810547
(10,21): -0.003650932312011719
(10,28): -0.02499849796295166
(11,10): 0.06434360504150391
(11,12): 0.01764289379119873
(11,13): -0.002830610275268555
(11,24): -0.015767526626586915
(11,29): -0.052412981986999514
(12,7): 0.011026582717895507
(12,10): -0.03304677486419678
(12,11): -0.00017708778381347656
(12,21): -0.0013622713088989257
(12,24): 0.08769194602966308
(12,28): -0.06575903415679932
(12,29): -0.014105243682861328
(13,10): -0.00024577140808105467
(13,11): 0.07820609092712402
(13,24): -0.09665091991424561
(13,30): 0.022043604850769043
(14,1): -0.04495203495025635
(14,2): -0.04351761817932129
(14,8): -8.513927459716797e-05
(14,15): -0.020241479873657226
(14,16): -0.13793063640594483
(14,20): -0.05646565914154053
(14,23): -0.002131204605102539
(15,0): -0.0015625095367431641
(15,2): -0.04577835083007813
(15,8): 0.0011246871948242187
(15,9): -0.011161246299743653
(15,14): -0.03474967002868652
(15,16): -0.07915781497955322
(15,22): -0.05370006084442139
(16,0): 0.0040683126449584965
(16,1): -0.03125640869140625
(16,8): 0.0
(16,14): 0.0010355567932128905
(16,15): -0.046584367752075195
(17,4): -0.007246356010437011
(17,5): -1.430511474609375e-08
(17,6): -2.7222633361816408e-05
(17,18): -0.051169610023498534
(17,19): -0.04476211071014404
(17,20): -0.0008023643493652344
(18,3): -0.03425343036651611
(18,5): 1.9073486328125e-08
(18,6): -0.002563920021057129
(18,17): -0.027454261779785157
(18,19): -0.036432743072509766
(18,20): -0.005429611206054687
(19,3): 0.00039069175720214845
(19,4): -0.006474151611328125
(19,6): 1.430511474609375e-08
(19,17): -0.012004027366638184
(19,18): -0.00987283706665039
(19,20): -0.0649043083190918
(20,0): -0.006681299209594727
(20,3): -0.038061723709106446
(20,4): -0.002565150260925293
(20,5): 0.028899321556091307
(20,6): 0.0016155433654785156
(20,7): 6.891727447509766e-05
(20,8): 0.023524074554443358
(20,14): 0.053731651306152345
(20,17): -0.03210319042205811
(20,18): -0.018147501945495605
(20,19): 0.060311169624328614
(20,21): 0.007080559730529785
(20,22): -0.06110347747802734
(20,23): 0.0001926708221435547
(20,33): -0.05148117065429687
(21,6): 0.03586413860321045
(21,7): -0.0005113744735717774
(21,8): -3.166675567626953e-05
(21,9): -0.005948910713195801
(21,10): -0.12580116271972655
(21,12): -0.022068848609924318
(21,20): -0.00046060562133789064
(21,22): -0.00695150375366211
(21,23): 0.007268309593200684
(21,33): 0.0278339147567749
(22,1): -0.021674885749816894
(22,6): 0.0032718610763549805
(22,7): 1.430511474609375e-08
(22,8): 0.001407480239868164
(22,9): -0.0053726863861083985
(22,15): 0.0546665620803833
(22,20): 0.008054542541503906
(22,21): 0.0003632354736328125
(22,23): 0.003393583297729492
(23,0): 0.003980779647827148
(23,6): -0.006031913757324219
(23,7): -9.5367431640625e-09
(23,8): -0.01748077392578125
(23,9): -0.04431979179382324
(23,14): 0.03516630172729492
(23,20): 2.384185791015625e-08
(23,21): 0.0009087038040161133
(23,22): -0.04307211399078369
(24,11): -0.03137349128723144
(24,12): -0.005281939506530762
(24,13): 0.12508394241333007
(25,0): -0.033523421287536624
(25,1): -0.016185665130615236
(25,2): -0.057188830375671386
(25,3): -0.0026221275329589844
(25,4): -0.007992095947265625
(25,5): -0.017120280265808106
(25,6): -0.014803080558776856
(25,7): -0.036995134353637694
(25,8): 0.0212625789642334
(25,9): -0.0034750223159790037
(25,26): -0.019828948974609375
(26,0): -0.09559854984283447
(26,1): -0.029985809326171876
(26,2): -0.01657717227935791
(26,3): 0.007175774574279785
(26,4): -0.0035511064529418945
(26,5): -0.003169980049133301
(26,6): -0.01292755126953125
(26,8): 0.026316065788269043
(26,25): -0.029416007995605467
(26,33): -0.011641502380371094
(27,3): 0.02762390613555908
(27,4): -0.010920214653015136
(27,5): -0.017611722946166992
(27,6): -0.0223375940322876
(27,7): -0.021650066375732423
(27,8): -0.024730968475341796
(27,9): 0.02179069995880127
(27,28): -0.008354272842407227
(28,0): -0.033357648849487304
(28,1): -0.05057188034057617
(28,2): -0.049794087409973146
(28,4): -0.0005168962478637695
(28,5): -0.05273534774780273
(28,6): -0.03876993656158447
(28,7): 0.03892158031463623
(28,9): -0.006632270812988281
(28,10): -0.03536944389343262
(28,12): -0.0844250726699829
(28,27): -0.01873858451843262
(28,32): 0.12554648399353027
(29,11): -0.03159034729003906
(29,12): 0.05384883880615234
(29,30): -0.038501496315002444
(30,13): 0.011352925300598145
(30,29): 0.04296115398406983
(31,0): -0.023822779655456542
(31,2): -0.046312112808227536
(31,3): -0.04448526859283447
(31,4): 0.08425928592681885
(31,5): -0.004194111824035645
(31,7): 0.05138449192047119
(31,8): 0.0520850133895874
(31,9): 0.06652286529541016
(32,28): 0.01871741771697998
(33,20): 0.028219776153564455
(33,21): 0.009213380813598633
(33,26): -0.027914814949035645
