Interaction name: 5u7o

Affinity: 7.139999866485596
Predicted value: 7.371660232543945

Attributions for edges: 

(0,2): 0.48476576805114746
(0,6): 0.5004015564918518
(0,7): 0.42641350626945496
(0,8): 0.5739055275917053
(0,10): 0.5224477052688599
(0,11): 0.4193183183670044
(1,2): 0.47763174772262573
(1,13): 0.49729636311531067
(2,0): 0.5293622016906738
(2,1): 0.4634515345096588
(2,7): 0.468639612197876
(2,11): 0.4536648690700531
(2,13): 0.46765851974487305
(3,5): 0.4141629636287689
(3,6): 0.46172308921813965
(3,8): 0.5196697115898132
(3,10): 0.4430752992630005
(3,20): 0.4795365631580353
(4,9): 0.5001140236854553
(4,14): 0.4263419508934021
(4,17): 0.4340120851993561
(4,20): 0.5150516033172607
(5,3): 0.4270993173122406
(5,8): 0.49656572937965393
(6,0): 0.5384769439697266
(6,3): 0.4598461389541626
(6,8): 0.42442893981933594
(6,10): 0.37548598647117615
(6,11): 0.5154269933700562
(6,12): 0.5869050621986389
(6,20): 0.3909239172935486
(7,0): 0.4131951332092285
(7,2): 0.49423888325691223
(7,8): 0.5484133958816528
(7,10): 0.4716363847255707
(7,11): 0.4440288841724396
(8,0): 0.478176474571228
(8,3): 0.48255884647369385
(8,5): 0.545167863368988
(8,6): 0.5538715124130249
(8,7): 0.6020870804786682
(8,10): 0.4888344407081604
(8,11): 0.4614763855934143
(8,12): 0.4046558737754822
(8,21): 0.5711091756820679
(8,27): 0.40610527992248535
(9,4): 0.49637773633003235
(9,14): 0.5028700232505798
(9,15): 0.5047018527984619
(9,16): 0.41120103001594543
(9,17): 0.4952974319458008
(9,18): 0.40285876393318176
(9,19): 0.6515902280807495
(9,26): 0.3767554461956024
(10,0): 0.5977008938789368
(10,3): 0.43669405579566956
(10,6): 0.5178684592247009
(10,7): 0.5049486756324768
(10,8): 0.5205335021018982
(10,11): 0.4426638185977936
(10,12): 0.5267094969749451
(10,22): 0.580642819404602
(10,25): 0.5237832069396973
(11,0): 0.5204953551292419
(11,2): 0.5442348718643188
(11,6): 0.522114634513855
(11,7): 0.5144116282463074
(11,8): 0.5007216930389404
(11,10): 0.45778369903564453
(11,23): 0.5151140093803406
(12,6): 0.43690037727355957
(12,8): 0.600105881690979
(12,10): 0.4718501567840576
(12,22): 0.4652171730995178
(12,24): 0.41501176357269287
(12,25): 0.4625185430049896
(12,28): 0.5242339968681335
(13,1): 0.48260247707366943
(13,2): 0.454372376203537
(13,21): 0.5598556399345398
(13,27): 0.5377318859100342
(14,4): 0.4943615198135376
(14,9): 0.4934387505054474
(14,15): 0.5571650266647339
(14,16): 0.5306171774864197
(14,17): 0.45884519815444946
(14,18): 0.4502662420272827
(14,19): 0.5453004240989685
(14,21): 0.43191516399383545
(15,9): 0.4776509404182434
(15,14): 0.4850744605064392
(15,16): 0.3681941330432892
(15,17): 0.42345142364501953
(15,18): 0.4114367663860321
(15,19): 0.4417964220046997
(16,9): 0.5545624494552612
(16,14): 0.5435469746589661
(16,15): 0.6052854061126709
(16,17): 0.6084638833999634
(16,18): 0.384137898683548
(17,4): 0.47588738799095154
(17,9): 0.5330913662910461
(17,14): 0.40703463554382324
(17,15): 0.5684932470321655
(17,16): 0.4407862424850464
(17,18): 0.4887380003929138
(17,19): 0.6064985990524292
(18,9): 0.5965570211410522
(18,14): 0.39352402091026306
(18,15): 0.4060918986797333
(18,16): 0.5580187439918518
(18,17): 0.4926080107688904
(18,19): 0.3911531865596771
(18,28): 0.3933800756931305
(19,9): 0.511525571346283
(19,14): 0.4878218472003937
(19,15): 0.5343884825706482
(19,17): 0.5234933495521545
(19,18): 0.40636947751045227
(20,3): 0.41404515504837036
(20,4): 0.4175223112106323
(20,6): 0.35999730229377747
(20,22): 0.48173877596855164
(20,27): 0.5773432850837708
(21,8): 0.4034043252468109
(21,13): 0.4719407558441162
(21,14): 0.5555598139762878
(22,10): 0.4343053102493286
(22,12): 0.4434521198272705
(22,20): 0.5372040867805481
(22,27): 0.48855987191200256
(23,11): 0.5792684555053711
(24,12): 0.4370158314704895
(24,25): 0.5517838001251221
(25,10): 0.3303878903388977
(25,12): 0.40647637844085693
(25,24): 0.4739144444465637
(26,9): 0.4114455282688141
(27,8): 0.42691126465797424
(27,13): 0.5076553225517273
(27,20): 0.4346138834953308
(27,22): 0.5445465445518494
(28,12): 0.3951200842857361
(28,18): 0.559585690498352
