Interaction name: 5ehr

Affinity: 7.139999866485596
Predicted value: 7.239055156707764

Attributions for edges: 

(0,1): 0.5198761224746704
(0,2): 0.5043201446533203
(0,10): 0.503030002117157
(0,12): 0.4129751920700073
(0,14): 0.43764355778694153
(0,16): 0.5233338475227356
(1,0): 0.5184348225593567
(1,2): 0.48087286949157715
(1,5): 0.5030834078788757
(1,7): 0.43040865659713745
(1,12): 0.5289445519447327
(1,13): 0.5720165371894836
(2,0): 0.5247193574905396
(2,1): 0.5028725266456604
(2,10): 0.43093976378440857
(2,12): 0.5245670080184937
(2,14): 0.454062283039093
(2,16): 0.44711485505104065
(2,18): 0.5535054206848145
(2,21): 0.5057946443557739
(3,5): 0.4717591404914856
(3,6): 0.5251378417015076
(3,7): 0.4286424517631531
(3,11): 0.5406869649887085
(3,13): 0.516133725643158
(3,19): 0.5986494421958923
(3,20): 0.5425929427146912
(3,21): 0.598945677280426
(4,5): 0.35776758193969727
(4,6): 0.5067062973976135
(4,7): 0.49071362614631653
(4,11): 0.47508639097213745
(4,13): 0.4900555908679962
(5,1): 0.46374812722206116
(5,3): 0.5162706971168518
(5,4): 0.4912056624889374
(5,6): 0.4698456823825836
(5,7): 0.34309661388397217
(5,11): 0.44719570875167847
(5,13): 0.5203689336776733
(5,22): 0.5703081488609314
(5,31): 0.4956737458705902
(6,3): 0.4502594769001007
(6,4): 0.46505293250083923
(6,5): 0.5105980038642883
(6,7): 0.3745158016681671
(6,11): 0.4214244484901428
(6,13): 0.49245306849479675
(6,27): 0.5355159640312195
(7,1): 0.5380377173423767
(7,3): 0.4294750392436981
(7,4): 0.4639958143234253
(7,5): 0.4469713568687439
(7,6): 0.5254345536231995
(7,11): 0.5125654935836792
(7,13): 0.4601946771144867
(7,24): 0.5780300498008728
(7,25): 0.4721863269805908
(8,9): 0.48163577914237976
(8,10): 0.48770034313201904
(8,12): 0.4933513402938843
(8,15): 0.4058496057987213
(8,16): 0.4281269311904907
(8,17): 0.46285703778266907
(8,23): 0.4314102232456207
(9,8): 0.42466405034065247
(9,10): 0.4724944531917572
(9,12): 0.5124689936637878
(9,16): 0.44890764355659485
(9,17): 0.4822727143764496
(9,34): 0.3610106408596039
(9,35): 0.4476037323474884
(10,0): 0.5456362962722778
(10,2): 0.5525496602058411
(10,8): 0.5398899912834167
(10,9): 0.4411052465438843
(10,12): 0.35000935196876526
(10,16): 0.4286789894104004
(10,17): 0.3866451680660248
(10,24): 0.4758110046386719
(10,25): 0.46062156558036804
(10,29): 0.3818127512931824
(10,31): 0.426035612821579
(10,32): 0.5249926447868347
(11,3): 0.4117266535758972
(11,4): 0.502531886100769
(11,5): 0.5436081290245056
(11,6): 0.39516720175743103
(11,7): 0.522504448890686
(11,13): 0.4949566125869751
(11,22): 0.49079251289367676
(11,31): 0.4368215799331665
(11,32): 0.5724815726280212
(12,0): 0.4335217773914337
(12,1): 0.5502087473869324
(12,2): 0.3850504159927368
(12,8): 0.6043698787689209
(12,9): 0.5049739480018616
(12,10): 0.500924825668335
(12,14): 0.49547284841537476
(12,16): 0.5311567783355713
(12,17): 0.4359714090824127
(12,22): 0.500851035118103
(12,28): 0.45199668407440186
(13,1): 0.581026554107666
(13,3): 0.41834086179733276
(13,4): 0.41591987013816833
(13,5): 0.4948659837245941
(13,6): 0.5448947548866272
(13,7): 0.3998855948448181
(13,11): 0.5277183055877686
(13,24): 0.4740208089351654
(13,25): 0.545293927192688
(13,26): 0.43387091159820557
(14,0): 0.5005783438682556
(14,2): 0.4630928933620453
(14,12): 0.41514673829078674
(14,15): 0.4543280303478241
(14,16): 0.41945624351501465
(14,17): 0.5242177844047546
(14,22): 0.48636382818222046
(14,27): 0.4801633954048157
(14,28): 0.4988934397697449
(14,29): 0.4843105375766754
(14,32): 0.5974389314651489
(14,34): 0.6007751822471619
(15,8): 0.5711892247200012
(15,14): 0.3759465515613556
(15,16): 0.44916483759880066
(15,17): 0.42472872138023376
(15,27): 0.46535933017730713
(15,29): 0.5193384289741516
(15,30): 0.5525879859924316
(15,33): 0.4939291477203369
(16,0): 0.5785521268844604
(16,2): 0.35481706261634827
(16,8): 0.5229808688163757
(16,9): 0.45447659492492676
(16,10): 0.3991447389125824
(16,12): 0.4061626195907593
(16,14): 0.46793973445892334
(16,15): 0.49034520983695984
(16,17): 0.5390757918357849
(16,27): 0.5667567849159241
(16,35): 0.5097550749778748
(17,8): 0.4386899769306183
(17,9): 0.4429631233215332
(17,10): 0.5015579462051392
(17,12): 0.5487949848175049
(17,14): 0.45296189188957214
(17,15): 0.465000182390213
(17,16): 0.5110732913017273
(17,33): 0.4431499242782593
(18,2): 0.5187679529190063
(18,26): 0.42629823088645935
(18,28): 0.5154129862785339
(18,31): 0.5869598388671875
(19,3): 0.5347025394439697
(19,20): 0.45165401697158813
(20,3): 0.6061042547225952
(20,19): 0.3753213882446289
(21,2): 0.49883222579956055
(21,3): 0.4680947959423065
(21,22): 0.4902329742908478
(22,5): 0.5274145603179932
(22,11): 0.43576470017433167
(22,12): 0.5650709271430969
(22,14): 0.4547331631183624
(22,21): 0.5011014938354492
(23,8): 0.6447643637657166
(23,30): 0.4756416380405426
(24,7): 0.5275130271911621
(24,10): 0.58489990234375
(24,13): 0.5099784135818481
(24,25): 0.3894098103046417
(25,7): 0.49018749594688416
(25,10): 0.5491424798965454
(25,13): 0.5093293190002441
(25,24): 0.4172368049621582
(25,35): 0.39862143993377686
(26,13): 0.5838626623153687
(26,18): 0.5618219971656799
(27,6): 0.35014083981513977
(27,14): 0.38365012407302856
(27,15): 0.4641295075416565
(27,16): 0.42772895097732544
(27,31): 0.5582107901573181
(28,12): 0.4090926945209503
(28,14): 0.5058755278587341
(28,18): 0.39177045226097107
(28,33): 0.5374398231506348
(29,10): 0.39575693011283875
(29,14): 0.5609182119369507
(29,15): 0.5876637101173401
(30,15): 0.5684535503387451
(30,23): 0.47634679079055786
(31,5): 0.4885653853416443
(31,10): 0.47378233075141907
(31,11): 0.5990036129951477
(31,18): 0.4902184307575226
(31,27): 0.4638271927833557
(32,10): 0.5373717546463013
(32,11): 0.5034257769584656
(32,14): 0.4105703830718994
(33,15): 0.4202849268913269
(33,17): 0.5718777179718018
(33,28): 0.5251103043556213
(34,9): 0.451138973236084
(34,14): 0.5327041745185852
(35,9): 0.41762715578079224
(35,16): 0.5050201416015625
(35,25): 0.5325629115104675
