Interaction name: 5k0j

Affinity: 7.119999885559082
Predicted value: 6.927716255187988

Attributions for edges: 

(0,5): 1.3364038416532413e-29
(0,9): 1.5571732212710055e-28
(0,10): 9.71450101840876e-32
(0,16): 0.0
(1,3): 4.089764930349574e-26
(1,4): 1.6044099972293836e-21
(1,11): 3.759809322175922e-21
(2,6): 2.4203492535305905e-21
(2,7): 2.3224388167133366e-21
(2,8): 1.678760427847277e-21
(2,12): 4.072711795403629e-21
(2,13): 2.5956257153253443e-21
(2,14): 3.406072884139079e-21
(3,1): 1.5768545564843463e-24
(3,4): 2.555526735377046e-24
(3,5): 1.0484889728620442e-26
(3,9): 1.2216955718880054e-25
(4,1): 1.3810634568269843e-21
(4,3): 5.705368087979343e-26
(4,6): 2.1164042012183596e-21
(4,7): 2.030781314296318e-21
(4,11): 5.2451086433461334e-21
(4,12): 3.561250836143033e-21
(4,13): 2.269652334390879e-21
(4,17): 1.2113442613631356e-22
(4,21): 3.9486969036253296e-24
(5,0): 1.5305691115079411e-31
(5,3): 1.698103409766909e-27
(5,9): 3.184653759697797e-24
(5,15): 6.198429784902893e-28
(5,17): 3.605341644753811e-24
(5,18): 8.748343587738901e-24
(5,19): 2.0359120689765342e-25
(5,21): 1.1752607538163678e-25
(5,24): 1.9957180959264473e-26
(6,2): 2.598875670793561e-21
(6,4): 2.22105446366143e-21
(6,7): 2.0152082660159434e-21
(6,8): 1.4566697035188917e-21
(6,11): 5.204886582163959e-21
(6,12): 3.533928026534641e-21
(6,13): 2.252238930416609e-21
(6,14): 2.9554906812062173e-21
(6,22): 6.656234137767025e-22
(6,24): 6.653914038680202e-25
(6,25): 2.4182081966813993e-21
(7,2): 2.5352465793187667e-21
(7,4): 2.1666760221669132e-21
(7,6): 2.0487555289544404e-21
(7,8): 1.4210057185124077e-21
(7,11): 5.0774349326550866e-21
(7,12): 3.447406065372588e-21
(7,13): 2.1971052019369975e-21
(7,14): 2.8831198496983217e-21
(7,21): 3.822480736511778e-24
(8,2): 2.0497404312609397e-21
(8,6): 1.6564070632885428e-21
(8,7): 1.589388167084254e-21
(8,14): 2.330985878496804e-21
(8,24): 5.247959787817133e-25
(8,26): 9.721183674571952e-22
(9,0): 7.421792974029649e-31
(9,3): 8.234143225020543e-27
(9,5): 1.3253144239410483e-24
(9,10): 9.633962264267651e-27
(9,15): 3.0056330416369473e-27
(9,19): 9.872221492063246e-25
(9,20): 1.3665404328985568e-23
(9,21): 5.6988889514976335e-25
(9,22): 9.680695293948175e-23
(9,24): 9.677320956217234e-26
(9,25): 3.5169812243194785e-22
(10,0): 6.375613199211306e-33
(10,9): 1.3265833806628062e-25
(10,15): 2.581967285434259e-29
(10,19): 8.48069307278122e-27
(10,20): 1.1739211693916894e-25
(10,21): 4.895570629444491e-27
(10,23): 1.212521366079318e-25
(10,24): 8.313295864246947e-28
(11,1): 2.4257103774860214e-21
(11,4): 3.931238465159702e-21
(11,6): 3.717268085663045e-21
(11,7): 3.566879541717515e-21
(11,12): 6.255007313981016e-21
(11,13): 3.986434595692361e-21
(11,14): 5.231161683516022e-21
(11,26): 2.181621010948987e-21
(12,2): 3.616849651768814e-21
(12,4): 3.091024709249171e-21
(12,6): 2.9227972560679826e-21
(12,7): 2.8045502123060717e-21
(12,11): 7.243602044874824e-21
(12,13): 3.1344236205817537e-21
(12,14): 4.113134189390406e-21
(12,26): 1.715342167320008e-21
(13,2): 2.713942633230796e-21
(13,4): 2.3193754615590844e-21
(13,6): 2.193144388129868e-21
(13,7): 2.1044248245689375e-21
(13,11): 5.4352951568511906e-21
(13,12): 3.6903669442965986e-21
(13,14): 3.086335265644656e-21
(13,21): 4.091890935141048e-24
(14,2): 3.242951494094558e-21
(14,6): 2.6206380333838783e-21
(14,7): 2.514615329670566e-21
(14,8): 1.8176742641743342e-21
(14,11): 6.4947576173731984e-21
(14,12): 4.409720040359364e-21
(14,13): 2.8103869247240423e-21
(15,5): 5.651342517476975e-27
(15,9): 6.5849504624911e-26
(15,10): 4.108099451197225e-29
(16,0): 0.0
(16,19): 0.0
(17,4): 3.5969106307203888e-22
(17,5): 1.4757452681860377e-24
(18,5): 2.6265490659654516e-24
(18,20): 2.7082516265774633e-23
(19,5): 1.1141841843057625e-25
(19,9): 1.298238646913987e-24
(19,10): 8.099185417504557e-28
(19,16): 0.0
(20,9): 1.4688044163468827e-23
(20,10): 9.163276541439077e-27
(20,18): 4.034837043487481e-23
(21,4): 4.069555443014982e-23
(21,5): 1.6696688491047395e-25
(21,7): 3.6923906312648674e-23
(21,9): 1.9454923143301328e-24
(21,10): 1.2137093990766725e-27
(21,13): 4.1267087311426064e-23
(22,6): 1.0106157893739393e-21
(22,9): 5.1094309416442335e-23
(22,23): 4.670095370864927e-23
(22,24): 3.2019127051012553e-25
(23,10): 9.211255308213652e-27
(23,22): 9.255937872697353e-23
(24,5): 5.389775038381944e-26
(24,6): 1.2421767478487359e-23
(24,8): 8.615736858432154e-24
(24,9): 6.280147304443895e-25
(24,10): 3.917929878481648e-28
(24,22): 3.936934987528484e-24
(25,6): 2.3031349738440205e-21
(25,9): 1.1644053966718025e-22
(25,26): 1.3516673440548285e-21
(26,8): 1.0422826098627812e-21
(26,11): 3.724194511602826e-21
(26,12): 2.5286016694370663e-21
(26,25): 1.73028695415369e-21
