Interaction name: 5nu1

Affinity: 9.0
Predicted value: 7.914510726928711

Shapley values for edges: 

(0,1): -0.003728795051574707
(0,6): 0.012971782684326172
(0,7): 0.003344607353210449
(0,9): 0.008842954635620117
(0,24): 0.008307466506958008
(0,26): 0.010001897811889648
(0,32): 0.008539862632751465
(1,0): 0.008960494995117188
(1,6): 0.021207995414733886
(1,7): 0.012225580215454102
(1,9): 0.02504931926727295
(1,24): 0.01903264045715332
(1,26): 0.019505181312561036
(1,32): 0.00877692699432373
(1,33): 0.002111406326293945
(2,5): -0.0031171274185180665
(2,8): 0.0076995229721069335
(2,10): 0.010976037979125976
(2,17): 0.008447422981262206
(2,25): 0.014833130836486817
(2,28): 0.007483205795288086
(2,33): 0.0023191499710083006
(3,5): -0.010329008102416992
(3,13): 0.0076876688003540035
(3,14): 0.012957134246826173
(3,17): 0.010695405006408691
(3,29): 0.008236937522888184
(3,30): -0.0009331607818603516
(4,11): 0.013699698448181152
(4,17): 0.00116330623626709
(4,18): 0.011300358772277832
(4,21): 0.009196252822875976
(5,2): 0.01971686840057373
(5,3): 0.012958016395568848
(5,8): 0.019978718757629396
(5,10): 0.011302008628845214
(5,17): 0.004308300018310547
(5,25): 0.013108115196228027
(5,31): 0.003914895057678222
(5,34): -0.02111161231994629
(6,0): -0.005521020889282227
(6,1): -0.013383469581604003
(6,7): 0.0023492431640625
(6,9): 0.0022645044326782228
(6,26): -0.00039820194244384767
(6,35): 0.003246912956237793
(6,44): 0.0017068243026733397
(6,47): 0.007854371070861817
(6,50): 0.007380223274230957
(6,51): 0.016337342262268066
(6,53): 0.004479808807373047
(6,54): 0.004615921974182129
(7,0): -0.009589514732360839
(7,1): -0.012426519393920898
(7,6): 0.007799978256225586
(7,9): 0.001456618309020996
(7,24): -0.0009563255310058593
(7,26): -0.00025936126708984373
(7,36): 0.0064256048202514645
(8,2): -0.007252840995788574
(8,5): -0.022146077156066896
(8,9): 0.0007023048400878906
(8,10): 0.0013587236404418944
(8,24): 0.0037559032440185546
(8,25): -0.0003404521942138672
(8,26): -1.9555091857910155e-05
(8,28): 0.0024535799026489257
(8,52): 0.008894286155700683
(8,53): 0.00479642391204834
(8,56): 0.0018232250213623047
(9,0): -0.007231407165527344
(9,1): -0.012650222778320312
(9,6): 0.004882140159606934
(9,7): 0.004163479804992676
(9,8): 0.002749671936035156
(9,10): 0.002618546485900879
(9,24): 0.001261296272277832
(9,25): 0.0009296464920043945
(9,26): 0.002052483558654785
(9,28): 0.006269049644470215
(9,37): 0.00716151237487793
(9,47): 0.007217931747436524
(9,50): 0.0047702169418334965
(9,54): 0.0044954013824462895
(9,56): 0.00766416072845459
(10,2): -0.008485760688781738
(10,5): -0.017387466430664064
(10,8): 0.0021775054931640627
(10,9): 0.0035107803344726564
(10,24): 0.0010411739349365234
(10,25): 0.0024538612365722656
(10,28): -0.00015140056610107421
(10,38): 0.02440788745880127
(10,44): 0.005783252716064453
(10,53): 0.003224453926086426
(11,4): -0.0205853271484375
(11,12): 0.0015548372268676758
(11,14): -0.0013695955276489258
(11,18): -0.00026658058166503904
(11,19): 0.0031956338882446287
(11,20): 0.003340005874633789
(11,21): -0.0012814617156982422
(11,39): -0.0006235504150390625
(11,40): 0.005646476745605469
(12,11): -0.0009309911727905274
(12,18): -0.001599111557006836
(12,19): 0.0014582014083862305
(12,20): 3.425121307373047e-05
(12,21): -0.0017624187469482422
(12,22): -0.0014253997802734376
(12,39): -0.0010304021835327148
(12,41): 0.0003609132766723633
(12,46): -0.00011203289031982421
(12,47): -0.000760183334350586
(12,52): 0.00010473251342773437
(13,3): -0.018109183311462402
(13,14): 0.0005634784698486328
(13,15): 0.004586310386657715
(13,16): -0.0003131723403930664
(13,18): 0.007814044952392579
(13,21): 0.004465808868408203
(13,22): 0.00759274959564209
(13,27): 0.0013918399810791016
(13,29): 0.0028732872009277345
(13,30): -0.008964529037475586
(13,31): -0.022908458709716795
(13,35): 0.00624213695526123
(13,53): 0.0003395891189575195
(14,3): -0.013574881553649902
(14,11): 0.006826233863830566
(14,13): -0.00040688514709472654
(14,15): 0.0015087175369262696
(14,16): 0.0028276968002319334
(14,18): 0.00619288444519043
(14,21): 0.005280771255493164
(14,27): 0.0037502765655517576
(14,29): 0.0009280252456665039
(14,30): -0.006900653839111328
(14,31): -0.028540191650390626
(14,39): 0.00648951530456543
(14,43): 0.003189420700073242
(15,13): -0.0025987863540649415
(15,14): -0.0024619674682617187
(15,16): -0.00037585735321044923
(15,23): 0.0003698396682739258
(15,27): 0.0012474632263183593
(15,29): -0.00025191783905029294
(15,30): -0.009584789276123046
(15,39): 0.002386188507080078
(15,49): 0.013285017013549805
(15,57): 0.0059068059921264645
(16,13): -0.002680807113647461
(16,14): -0.00022150516510009764
(16,15): -0.0006066560745239258
(16,23): 0.0029393434524536133
(16,27): 0.0008800840377807618
(16,29): -0.003248400688171387
(16,30): -0.008336129188537598
(16,53): -0.0013884735107421876
(16,57): 0.006549601554870606
(17,2): -0.011086654663085938
(17,3): -0.01293067455291748
(17,4): -0.0006935548782348633
(17,5): -0.041207261085510254
(17,31): -0.017123422622680663
(17,35): 0.007647299766540527
(17,37): 0.003961620330810547
(17,39): 0.00730783462524414
(17,44): 0.0028301811218261717
(17,46): 0.010643210411071777
(17,53): 0.004350919723510743
(17,56): 0.006648688316345215
(17,57): 0.006076655387878418
(18,4): -0.005344319343566895
(18,11): 0.0012056922912597656
(18,12): 0.0034728574752807616
(18,13): -0.0016438961029052734
(18,14): -0.0033489656448364258
(18,19): 0.005008091926574707
(18,20): 0.003942799568176269
(18,21): 0.0008953857421875
(18,22): 0.0029616641998291018
(18,41): 0.0038376665115356446
(18,44): -0.0012566280364990235
(18,53): -0.0019436073303222656
(19,11): -0.0031685495376586915
(19,12): -0.001067967414855957
(19,18): -0.0005887937545776367
(19,20): -6.288528442382812e-05
(19,21): -0.0014736557006835938
(19,42): 0.001610584259033203
(19,45): 0.004168267250061035
(20,11): -0.0016201257705688477
(20,12): -0.0025226163864135744
(20,18): -0.002450685501098633
(20,19): -0.0009726047515869141
(20,21): -0.002948479652404785
(20,35): -0.0026702785491943357
(20,40): 0.0012128353118896484
(20,45): 0.0050239753723144535
(20,55): 0.003095669746398926
(21,4): -0.018511524200439455
(21,11): 0.0034614515304565428
(21,12): 0.0020374965667724607
(21,13): -0.0014771795272827148
(21,14): -0.0012586355209350587
(21,18): 0.0012166309356689453
(21,19): 0.006159372329711914
(21,20): 0.0031461668014526366
(21,22): 0.0027396297454833985
(21,35): -0.00017540931701660157
(21,46): 0.0019901609420776368
(22,12): 0.003222241401672363
(22,13): -0.004956917762756348
(22,18): -0.0003582954406738281
(22,21): 0.0003694486618041992
(22,29): -0.0020036983489990236
(22,30): -0.02999363899230957
(22,35): 0.0005979061126708985
(22,41): 0.004318103790283203
(22,46): 0.0036995697021484377
(22,50): 0.002084178924560547
(22,53): -0.0007485055923461914
(22,54): 0.0007391643524169922
(22,57): 0.0027584409713745117
(23,15): 0.0017798852920532227
(23,16): -0.0014248085021972656
(23,29): -0.00040247440338134763
(23,30): -0.010042724609375
(23,43): 0.0028455400466918944
(23,48): 0.004555792808532715
(23,50): -0.0012104129791259766
(24,0): -0.0035817766189575194
(24,1): -0.009984092712402344
(24,7): 0.004004669189453125
(24,8): 0.0028663587570190428
(24,9): 0.004107551574707031
(24,10): 0.006312680244445801
(24,25): 0.00043822765350341796
(24,26): 0.002297396659851074
(24,28): 0.001546015739440918
(24,37): 0.00521148681640625
(24,44): 0.006496176719665527
(24,56): 0.004915485382080078
(25,2): -0.007835173606872558
(25,5): -0.02855865478515625
(25,8): 0.005780892372131348
(25,9): 0.003338265419006348
(25,10): 0.003764681816101074
(25,24): 0.0009776735305786132
(25,26): 0.0033321523666381835
(25,28): 0.0020038604736328123
(25,35): 0.0036079025268554686
(25,54): 0.006234655380249024
(25,56): 0.004108829498291016
(26,0): -0.00788806438446045
(26,1): -0.008095030784606933
(26,6): 0.0034845781326293943
(26,7): 0.004184894561767578
(26,8): 0.004446873664855957
(26,9): 0.003632645606994629
(26,24): 0.0035947322845458984
(26,25): 0.003068075180053711
(26,28): 0.0037653827667236328
(27,13): -0.004846978187561035
(27,14): 0.0001563262939453125
(27,15): -0.0004391956329345703
(27,16): -0.002917947769165039
(27,29): -0.002356677055358887
(27,30): -0.0152694034576416
(27,42): 0.010866718292236328
(27,50): 0.0004988002777099609
(28,2): -0.010124378204345703
(28,8): 0.00037816524505615237
(28,9): 0.0006455326080322265
(28,10): 0.0027263832092285158
(28,24): -0.0014705419540405273
(28,25): -0.0018431520462036132
(28,26): -0.0006636714935302734
(29,3): -0.012244691848754883
(29,13): -0.002674980163574219
(29,14): -0.0007749128341674804
(29,15): -0.00029825210571289063
(29,16): 0.00119384765625
(29,22): 0.005359244346618652
(29,23): 0.0005534982681274414
(29,27): 0.0009662628173828125
(29,31): -0.019134702682495116
(29,43): 0.0038936567306518555
(29,54): -0.000507965087890625
(30,3): 0.00024052619934082032
(30,13): 0.019360251426696777
(30,14): 0.013380570411682129
(30,15): 0.013651604652404786
(30,16): 0.017870168685913086
(30,22): 0.013753509521484375
(30,23): 0.009098052978515625
(30,27): 0.014156322479248046
(30,31): -0.006146445274353028
(31,5): 0.004362249374389648
(31,13): 0.017941861152648925
(31,14): 0.011833715438842773
(31,17): 0.020487699508666992
(31,29): 0.012472434043884277
(31,30): 0.0062981128692626955
(32,0): 0.009906792640686035
(32,1): 0.0023636388778686523
(32,36): 0.009665303230285645
(32,37): 0.01034041404724121
(33,1): 0.07741622924804688
(33,2): 0.02170602321624756
(34,5): 0.036641139984130856
(34,38): 0.01706291675567627
(35,6): 0.0008848714828491211
(35,13): -0.0020439481735229493
(35,17): -0.0015009689331054689
(35,20): 0.005937190055847168
(35,21): -0.0004895734786987305
(35,22): -0.00017322540283203124
(35,25): -0.0022213077545166016
(35,43): 0.0018674325942993164
(35,52): 0.0032384538650512694
(36,7): -0.0017489242553710939
(36,32): -0.03288846969604492
(36,37): 0.0026464176177978514
(37,9): -0.0023079586029052736
(37,17): -0.0001436758041381836
(37,24): -0.0006387758255004882
(37,32): -0.013953256607055663
(37,36): 0.007105050086975098
(38,10): 0.0052632570266723635
(38,34): -0.11359058380126953
(38,56): 0.0015800714492797852
(39,11): 0.0007799863815307617
(39,12): 0.0026595211029052735
(39,14): -0.002928762435913086
(39,15): -0.0007607173919677734
(39,17): -0.00454887866973877
(40,11): -0.0009501552581787109
(40,20): -0.0007203197479248046
(40,46): -0.00321321964263916
(41,12): -0.0022720766067504884
(41,18): -0.0018721389770507812
(41,22): -0.0026665306091308593
(41,47): -0.0018144845962524414
(42,19): -0.0007323312759399414
(42,27): -0.002891993522644043
(43,14): -0.002821950912475586
(43,23): 0.0013541173934936523
(43,29): -0.0029392051696777344
(43,35): -0.001149759292602539
(43,52): 0.0016184663772583008
(44,6): -0.0008301401138305664
(44,10): -0.0018467903137207031
(44,17): -0.0034283876419067385
(44,18): 0.0032605791091918947
(44,24): -0.002179913520812988
(45,19): -0.0023401451110839845
(45,20): -0.0032263898849487303
(46,12): -1.4986991882324219e-05
(46,17): -0.00541679859161377
(46,21): -0.0009487009048461914
(46,22): -0.000982952117919922
(46,40): 0.002955923080444336
(47,6): -0.0027592658996582033
(47,9): -0.002557835578918457
(47,12): 0.000794076919555664
(47,41): 0.003057279586791992
(48,23): -0.0024240589141845703
(48,52): -0.0014671945571899413
(48,53): -0.0022878360748291014
(49,15): -0.0033487176895141604
(50,6): -0.002573099136352539
(50,9): -0.003434758186340332
(50,22): 0.0006146574020385742
(50,23): 0.00039120197296142577
(50,27): -0.00017987728118896485
(51,6): -0.005099701881408692
(52,8): -0.004663577079772949
(52,12): -0.001126108169555664
(52,35): -0.0028371286392211916
(52,43): -0.0005914211273193359
(52,48): 0.0031027889251708986
(53,6): -0.0013688898086547851
(53,8): -0.002043304443359375
(53,10): -0.003047633171081543
(53,13): -0.0029042434692382814
(53,16): 0.0004214191436767578
(53,17): -0.0023957300186157227
(53,18): 0.0007696866989135743
(53,22): 0.0016638565063476563
(53,48): 0.007485432624816895
(54,6): -0.0013267230987548829
(54,9): -0.0020766067504882813
(54,22): 0.0008495998382568359
(54,25): -0.0018370246887207031
(54,29): -0.00019559383392333984
(55,20): -0.0019240713119506837
(55,57): -0.002203836441040039
(56,8): -0.0001779937744140625
(56,9): -0.0005443668365478515
(56,17): -0.00017836570739746094
(56,24): -0.0022552871704101564
(56,25): 4.025936126708985e-05
(56,38): 0.013955607414245605
(57,15): 0.000609736442565918
(57,16): -0.0030452728271484373
(57,17): -0.004686074256896973
(57,22): -0.0018329477310180663
(57,55): 0.007863802909851074
