Interaction name: 6h7l

Affinity: 8.970000267028809
Predicted value: 7.931449890136719

Shapley values for edges: 

(0,8): 0.009008269309997558
(0,9): -0.005944361686706543
(0,18): 0.036605725288391115
(0,19): 0.012547502517700196
(0,23): 0.01781519889831543
(0,24): 0.06380406379699707
(0,26): 0.04530496597290039
(1,2): -0.02580681800842285
(1,6): 0.003523235321044922
(1,14): -0.19580326080322266
(1,15): -0.00019377708435058594
(1,16): -0.1042363977432251
(1,21): -0.012825708389282226
(1,22): 0.013228416442871094
(1,27): 0.1853332757949829
(1,30): -0.3628782081604004
(1,31): 0.01564964771270752
(2,1): 0.004348917007446289
(2,5): -0.011330037117004395
(2,15): 0.033791027069091796
(2,16): 0.030133047103881837
(2,17): -0.09313222885131836
(2,21): 0.0068020296096801755
(2,22): -0.04664498805999756
(2,25): -0.010978951454162597
(2,31): -0.1764684772491455
(3,8): 0.01620488166809082
(3,9): 0.07896095275878906
(3,18): 0.008834576606750489
(3,19): 0.020024418830871582
(3,23): 0.006937699317932129
(3,24): 0.06795469284057618
(4,10): 0.008129692077636719
(4,11): 0.02880650997161865
(4,12): -0.007113089561462402
(4,13): 0.003929948806762696
(4,14): 0.028019366264343263
(4,28): -0.007701096534729004
(4,29): -0.47555758953094485
(5,2): -0.03648099422454834
(5,6): 0.011478486061096192
(5,14): 0.001561279296875
(5,15): 0.04082152843475342
(5,16): -0.09822943210601806
(5,21): 0.0011723709106445312
(5,22): 0.005860376358032227
(6,1): -0.033527774810791014
(6,5): 0.005825986862182617
(6,15): 0.0021619319915771483
(6,16): 0.0013379669189453125
(6,17): -0.046469082832336424
(6,21): 0.013991003036499023
(6,22): -0.06071251392364502
(6,25): 0.046007452011108396
(7,10): 0.022595629692077637
(7,11): 0.009354214668273925
(7,12): 0.0043494653701782226
(7,13): 0.0033233165740966797
(7,14): 0.11149949550628663
(8,0): -0.02751594066619873
(8,3): 0.007104239463806152
(8,9): 0.004487824440002441
(8,10): -0.025008697509765625
(8,18): -0.0352308464050293
(8,19): -0.006844010353088379
(8,20): 0.0032009124755859376
(8,23): -0.024405994415283204
(8,24): -0.04098474502563477
(8,41): -0.03388748645782471
(9,0): -0.04535525798797607
(9,3): 0.041886520385742185
(9,8): -0.00321652889251709
(9,10): 0.008025908470153808
(9,11): -0.05334522247314453
(9,18): -0.007011609077453613
(9,19): 0.002080378532409668
(9,20): 0.0004665660858154297
(9,23): 0.004705691337585449
(9,24): -0.02540559768676758
(9,34): -0.020228333473205566
(9,37): 0.28585458755493165
(9,41): -0.06435462951660156
(10,4): -0.06996650218963624
(10,7): -0.2939112710952759
(10,8): -0.04349427223205567
(10,9): -0.005751228332519532
(10,11): -0.025269198417663574
(10,12): -0.07347999095916748
(10,19): -0.009598360061645508
(10,20): 0.05878157138824463
(10,23): 0.00567866325378418
(10,34): -0.05413164615631103
(11,4): 0.08344994068145752
(11,7): 0.069849271774292
(11,9): -0.0683447027206421
(11,10): 0.026124286651611327
(11,12): -0.039192523956298825
(11,19): 0.047334446907043456
(11,20): -0.017752695083618163
(11,36): -0.39325878143310544
(11,37): 0.07096991539001465
(11,42): 0.09248429298400879
(11,44): -0.15689205169677733
(11,47): -0.2817288112640381
(12,4): 0.03855974197387695
(12,7): 0.12411473751068115
(12,10): -0.030684413909912108
(12,11): -0.002602572441101074
(12,35): 0.15950229167938232
(12,36): -0.029483556747436523
(12,37): 0.03784513473510742
(12,38): -0.046697258949279785
(12,40): -0.2802166509628296
(12,47): -0.08389547348022461
(13,4): -0.06398663997650146
(13,7): 0.07170390129089356
(13,14): -0.019873900413513182
(13,16): -0.008868823051452637
(13,17): -0.008676557540893555
(13,21): 0.04619206428527832
(13,22): -0.004026889801025391
(13,25): 0.04471663951873779
(13,37): 0.1726598310470581
(13,39): 0.13298337936401367
(13,47): -0.1209533977508545
(14,1): 0.0023416900634765626
(14,4): -0.06928247451782227
(14,5): -0.0018762016296386718
(14,7): -0.31195099830627443
(14,13): -0.010895652770996094
(14,15): 0.0031619358062744143
(14,16): -0.04922890186309815
(14,17): -0.0021021366119384766
(14,21): -0.004254860877990723
(14,22): -0.005295405387878418
(14,25): -0.031609020233154296
(14,47): 0.029420351982116698
(15,1): -0.004754643440246582
(15,2): -0.010624051094055176
(15,5): 0.010161581039428711
(15,6): -0.009658975601196289
(15,14): 0.002302422523498535
(15,16): -0.013740568161010743
(15,17): 0.004149212837219239
(15,21): 0.00011649131774902344
(15,22): -0.002245359420776367
(15,25): 0.0007317781448364258
(15,40): -0.0993806505203247
(15,43): 0.00854787826538086
(16,1): -0.060967111587524415
(16,2): -0.0015000534057617188
(16,5): -0.004333066940307617
(16,6): 0.028570961952209473
(16,13): 0.07356297492980957
(16,14): -0.0121187162399292
(16,15): 0.004800524711608887
(16,17): -0.011371502876281738
(16,21): -0.004668502807617187
(16,22): 0.006281194686889649
(16,25): 0.03366860866546631
(16,44): -0.38515668869018554
(17,2): -0.02950864315032959
(17,6): 0.01038689136505127
(17,13): -0.0022564077377319335
(17,14): 0.00014172077178955077
(17,15): 0.0032991790771484376
(17,16): 0.0062523984909057615
(17,21): 0.010581350326538086
(17,22): -0.0008963298797607422
(17,45): 0.03369434356689453
(17,46): -0.015010161399841309
(17,47): -0.009804434776306152
(18,0): -0.007899179458618164
(18,3): -0.03701022148132324
(18,8): -0.0009700632095336914
(18,9): -0.0028735971450805664
(18,19): -0.023278338909149168
(18,20): 0.022762928009033203
(18,23): -0.014198508262634277
(18,33): 0.130833420753479
(18,46): 0.07874363899230957
(19,0): -0.10030025482177735
(19,3): -0.04833166122436523
(19,8): 0.022329258918762206
(19,9): -0.00483999252319336
(19,10): 0.002146148681640625
(19,11): -0.003668389320373535
(19,18): -0.029845075607299806
(19,20): -0.0041855287551879885
(19,23): -0.017366251945495605
(19,24): -0.14214197635650636
(20,8): 0.0022837495803833007
(20,9): -0.008790993690490722
(20,10): 0.0015727329254150392
(20,11): -0.0032727527618408203
(20,18): -0.04528236389160156
(20,19): 0.005058097839355469
(20,23): -0.007576894760131836
(20,24): -0.057682337760925295
(21,1): -0.013021340370178222
(21,2): -0.03293734550476074
(21,5): -0.0023977088928222655
(21,6): -0.01748256206512451
(21,13): 0.09111051082611084
(21,14): -0.007050056457519532
(21,15): -0.005504922866821289
(21,16): -0.0036207056045532227
(21,17): 0.0023580360412597656
(21,22): -0.01459463119506836
(21,25): -0.05815263748168945
(22,1): -0.008522086143493653
(22,2): -0.08111393451690674
(22,5): -0.010813465118408203
(22,6): -0.07960347175598144
(22,13): -0.0013564348220825196
(22,14): -0.008592472076416016
(22,15): 6.757736206054687e-05
(22,16): 0.0185227108001709
(22,17): -0.004135046005249023
(22,21): 0.0015427207946777345
(22,25): -0.061985406875610355
(23,0): 0.006751813888549805
(23,3): -0.00818577766418457
(23,8): 0.008341417312622071
(23,9): -0.00809628963470459
(23,10): -0.04511224746704102
(23,18): -0.0011394500732421875
(23,19): 0.00018860340118408202
(23,20): 0.018334999084472656
(23,24): -0.06493300437927246
(24,0): 0.07123464584350586
(24,3): 0.018272075653076172
(24,8): -0.0026364564895629884
(24,9): -0.007081332206726074
(24,19): -0.015754766464233398
(24,20): 0.037811574935913084
(24,23): -0.007938599586486817
(25,2): 0.021744182109832765
(25,6): 0.014325127601623536
(25,13): 6.574630737304687e-05
(25,14): -0.004846043586730957
(25,15): 0.003941068649291992
(25,16): 0.04272548675537109
(25,21): 0.013816208839416503
(25,22): -7.241249084472657e-05
(26,0): -0.03578924179077148
(26,33): -0.15163918018341063
(26,46): -0.014817395210266114
(27,1): -0.011316986083984374
(28,4): -0.07637577056884766
(28,39): 0.0050951290130615235
(29,4): -0.081366605758667
(29,37): -0.007245473861694336
(30,1): -0.01694279670715332
(30,40): 0.2324911880493164
(31,1): 0.0028196334838867187
(31,2): 0.02234076499938965
(31,44): 0.22105785369873046
(32,37): 0.006594958305358886
(33,18): 0.01288646697998047
(33,26): -0.03578299045562744
(34,9): 0.10856407642364502
(34,10): -0.06264621257781983
(34,46): -0.011922788619995118
(35,12): -0.12654303550720214
(35,42): -0.0028064489364624024
(36,11): -0.08910335063934326
(36,12): -0.027425704002380372
(36,38): 0.01864997386932373
(37,9): -0.3459064197540283
(37,11): -0.13432997226715088
(37,12): -0.037740559577941896
(37,13): -0.09647501945495605
(37,29): 0.29662021160125734
(37,32): 1.1463748550415038
(38,12): 0.028190999031066893
(38,36): -0.033005080223083495
(39,13): 0.02970113754272461
(39,28): -0.037295136451721195
(40,12): 0.10873894214630127
(40,15): 0.04257518291473389
(40,30): 0.43655370235443114
(41,8): -0.010999317169189454
(41,9): 0.03767613887786865
(42,11): 0.005940895080566406
(42,35): -0.08883156776428222
(43,15): 0.01108978271484375
(43,47): -0.05212561130523682
(44,11): 0.38422550678253176
(44,16): 0.08917598247528076
(44,31): 0.4998436450958252
(45,17): 0.03777146816253662
(46,17): -0.01358595848083496
(46,18): -0.03973248481750488
(46,26): -0.04971258163452148
(46,34): -0.06091991901397705
(47,11): -0.24307654857635497
(47,12): -0.25089101791381835
(47,13): -0.07036313533782959
(47,14): 0.13541497707366942
(47,17): -0.010761961936950684
(47,43): -0.05289519309997558
