Interaction name: 5zk8

Affinity: 8.890000343322754
Predicted value: 7.551847457885742

Attributions for edges: 

(0,4): 0.48343145847320557
(0,7): 0.4469446837902069
(0,8): 0.4536568522453308
(0,9): 0.45772624015808105
(0,10): 0.4371255934238434
(1,2): 0.5209457874298096
(1,3): 0.5402136445045471
(1,4): 0.516586422920227
(1,5): 0.496281236410141
(1,6): 0.46044084429740906
(1,7): 0.5817508101463318
(1,8): 0.5176382660865784
(1,9): 0.420440137386322
(1,10): 0.5678532719612122
(1,11): 0.5167887210845947
(1,12): 0.5137976408004761
(1,15): 0.41708439588546753
(1,16): 0.45219314098358154
(2,1): 0.4472503662109375
(2,3): 0.5738022923469543
(2,5): 0.4373227059841156
(2,6): 0.577552080154419
(2,10): 0.4241826832294464
(2,11): 0.5152227282524109
(2,15): 0.4132191836833954
(2,16): 0.33816224336624146
(3,1): 0.41636979579925537
(3,2): 0.5421848297119141
(3,5): 0.49388110637664795
(3,11): 0.5478997230529785
(3,16): 0.5662668347358704
(4,0): 0.3801243007183075
(4,1): 0.5485918521881104
(4,6): 0.44886210560798645
(4,7): 0.534710705280304
(4,8): 0.5182779431343079
(4,9): 0.42161503434181213
(4,10): 0.48740994930267334
(5,1): 0.5133824348449707
(5,2): 0.5354507565498352
(5,3): 0.39260005950927734
(5,11): 0.390219509601593
(5,12): 0.5264902710914612
(5,15): 0.5430169105529785
(5,16): 0.324075847864151
(5,19): 0.5916032195091248
(5,20): 0.6182976365089417
(5,21): 0.5693832039833069
(5,31): 0.4891381561756134
(6,1): 0.4802219867706299
(6,2): 0.46373623609542847
(6,4): 0.45790353417396545
(6,7): 0.5068182349205017
(6,8): 0.6046369075775146
(6,9): 0.48185107111930847
(6,10): 0.4756636917591095
(6,11): 0.5257992744445801
(6,20): 0.5649383068084717
(6,22): 0.6171920895576477
(6,27): 0.5617495179176331
(7,0): 0.3456541895866394
(7,1): 0.5928760766983032
(7,4): 0.5017584562301636
(7,6): 0.4927438795566559
(7,8): 0.4458281099796295
(7,9): 0.5741211175918579
(7,10): 0.5718140602111816
(7,12): 0.5499285459518433
(7,20): 0.569236159324646
(7,23): 0.5486361384391785
(7,24): 0.5112975835800171
(8,0): 0.4315270483493805
(8,1): 0.5212108492851257
(8,4): 0.419678270816803
(8,6): 0.5700420141220093
(8,7): 0.5803573727607727
(8,9): 0.5887213945388794
(8,10): 0.44851094484329224
(8,23): 0.5349692106246948
(8,25): 0.5797455310821533
(8,26): 0.4667139947414398
(8,27): 0.46853166818618774
(9,0): 0.31957539916038513
(9,1): 0.3478344976902008
(9,4): 0.4792930483818054
(9,6): 0.39354196190834045
(9,7): 0.5896511077880859
(9,8): 0.6094741821289062
(9,10): 0.5762735605239868
(9,25): 0.5342682600021362
(10,0): 0.5128090977668762
(10,1): 0.5486619472503662
(10,2): 0.5680243968963623
(10,4): 0.5088374614715576
(10,6): 0.5975624322891235
(10,7): 0.5575917959213257
(10,8): 0.4683551490306854
(10,9): 0.4100809097290039
(10,28): 0.5045763850212097
(10,31): 0.45288515090942383
(11,1): 0.5028989315032959
(11,2): 0.4769686460494995
(11,3): 0.39990898966789246
(11,5): 0.5009146332740784
(11,6): 0.5562403202056885
(11,12): 0.631809413433075
(11,13): 0.4856724143028259
(11,15): 0.4607113301753998
(11,16): 0.513994574546814
(11,17): 0.5511577129364014
(11,18): 0.5613967180252075
(11,22): 0.5855417251586914
(11,28): 0.6571871638298035
(12,1): 0.5311331152915955
(12,5): 0.5419132709503174
(12,7): 0.5598240494728088
(12,11): 0.5832762122154236
(12,13): 0.6630305647850037
(12,14): 0.41572001576423645
(12,15): 0.5711678266525269
(12,16): 0.41054850816726685
(12,17): 0.39389002323150635
(12,18): 0.5311300754547119
(12,19): 0.4162977635860443
(13,11): 0.4915776252746582
(13,12): 0.5230989456176758
(13,14): 0.4338538348674774
(13,15): 0.4540373980998993
(13,16): 0.6041474342346191
(13,17): 0.5012173056602478
(13,18): 0.4240529537200928
(13,23): 0.528742790222168
(14,12): 0.5393317937850952
(14,13): 0.4734588861465454
(14,15): 0.6141701340675354
(14,16): 0.46758586168289185
(14,17): 0.44756561517715454
(14,18): 0.5193899869918823
(14,23): 0.4937121570110321
(14,29): 0.5686116218566895
(15,1): 0.41784629225730896
(15,2): 0.4237155616283417
(15,5): 0.4660470485687256
(15,11): 0.45248135924339294
(15,12): 0.44508785009384155
(15,13): 0.3592178225517273
(15,14): 0.3726251721382141
(15,16): 0.5641748905181885
(15,17): 0.5527522563934326
(15,18): 0.4472804367542267
(16,1): 0.44644999504089355
(16,2): 0.5663670897483826
(16,3): 0.532943606376648
(16,5): 0.5259003639221191
(16,11): 0.46051254868507385
(16,12): 0.3795625865459442
(16,13): 0.47207891941070557
(16,14): 0.6063846945762634
(16,15): 0.41819554567337036
(16,17): 0.5132089853286743
(16,18): 0.5225088596343994
(17,11): 0.5150185823440552
(17,12): 0.6019130945205688
(17,13): 0.5427675247192383
(17,14): 0.47853121161460876
(17,15): 0.6518725752830505
(17,16): 0.4463988244533539
(17,20): 0.5338120460510254
(17,21): 0.5076054930686951
(17,30): 0.5445444583892822
(18,11): 0.5464929938316345
(18,12): 0.49956169724464417
(18,13): 0.5827211141586304
(18,14): 0.46913060545921326
(18,15): 0.5050146579742432
(18,16): 0.46877527236938477
(19,5): 0.5567503571510315
(19,12): 0.5776210427284241
(20,5): 0.5275850892066956
(20,6): 0.6186268925666809
(20,7): 0.4875923991203308
(20,17): 0.4642012119293213
(21,5): 0.6381049156188965
(21,17): 0.5631818175315857
(22,6): 0.4472760260105133
(22,11): 0.4962978661060333
(22,26): 0.42859983444213867
(23,7): 0.4540904462337494
(23,8): 0.5785322189331055
(23,13): 0.555770993232727
(23,14): 0.49115273356437683
(23,24): 0.5301284790039062
(24,7): 0.5199384093284607
(24,23): 0.5002454519271851
(24,28): 0.5696495771408081
(25,8): 0.483335018157959
(25,9): 0.5343620181083679
(26,8): 0.4825595021247864
(26,22): 0.5332181453704834
(27,6): 0.6267490983009338
(27,8): 0.47137174010276794
(28,10): 0.6039387583732605
(28,11): 0.4800302982330322
(28,24): 0.4556084871292114
(28,30): 0.597598135471344
(29,14): 0.5389958620071411
(30,17): 0.4705179035663605
(30,28): 0.5131926536560059
(31,5): 0.6717855930328369
(31,10): 0.5125829577445984
