Interaction name: 5b25

Affinity: 10.239999771118164
Predicted value: 7.515296936035156

Attributions for edges: 

(0,6): 0.44102463126182556
(0,10): 0.38484033942222595
(0,11): 0.4322943687438965
(0,16): 0.39459216594696045
(0,18): 0.45399829745292664
(0,26): 0.5221638083457947
(0,28): 0.5090419054031372
(1,4): 0.4780983328819275
(1,5): 0.5052352547645569
(1,7): 0.5826054811477661
(1,13): 0.4621858298778534
(1,14): 0.4076545536518097
(1,15): 0.47794729471206665
(1,21): 0.4633482098579407
(1,29): 0.5406238436698914
(1,30): 0.5503479838371277
(2,4): 0.4490603804588318
(2,5): 0.5294207334518433
(2,30): 0.4799828827381134
(3,5): 0.4307175576686859
(3,8): 0.4709691107273102
(3,9): 0.5519877672195435
(3,12): 0.5515038967132568
(3,13): 0.4411124885082245
(3,14): 0.48491305112838745
(4,1): 0.584488570690155
(4,2): 0.5290567278862
(4,15): 0.4530908763408661
(4,17): 0.5433366298675537
(4,19): 0.5436318516731262
(4,20): 0.38100355863571167
(4,21): 0.5361419916152954
(4,22): 0.583522379398346
(4,24): 0.4645592272281647
(4,25): 0.46271681785583496
(4,27): 0.522910475730896
(4,29): 0.5310723185539246
(4,31): 0.49008703231811523
(5,1): 0.5043714642524719
(5,2): 0.41881364583969116
(5,3): 0.41894909739494324
(5,8): 0.5125322341918945
(5,9): 0.4650990962982178
(5,12): 0.4783852696418762
(5,13): 0.42479392886161804
(5,14): 0.4455311894416809
(6,0): 0.5031927824020386
(6,10): 0.4740588665008545
(6,11): 0.5138293504714966
(6,16): 0.5619396567344666
(6,48): 0.5025870203971863
(7,1): 0.5511758923530579
(7,15): 0.5390823483467102
(7,17): 0.4467332065105438
(7,18): 0.47465938329696655
(7,21): 0.477281391620636
(7,26): 0.48973435163497925
(7,28): 0.42428842186927795
(7,29): 0.492781400680542
(7,33): 0.5124019980430603
(8,3): 0.4591728150844574
(8,5): 0.5198845267295837
(8,9): 0.5572534203529358
(8,12): 0.4751093089580536
(8,13): 0.5030248761177063
(8,14): 0.45814573764801025
(8,43): 0.5450652241706848
(8,49): 0.5000254511833191
(9,3): 0.4174916446208954
(9,5): 0.5246151685714722
(9,8): 0.5453444123268127
(9,12): 0.4187968075275421
(9,13): 0.5906936526298523
(9,14): 0.4506900906562805
(9,34): 0.5766765475273132
(9,35): 0.4755183756351471
(9,36): 0.5390754342079163
(10,0): 0.41253289580345154
(10,6): 0.39811092615127563
(10,11): 0.5498446226119995
(10,18): 0.49191969633102417
(10,26): 0.5705292224884033
(10,28): 0.5150641202926636
(10,34): 0.5311132073402405
(10,39): 0.4582551419734955
(10,44): 0.5576562285423279
(10,49): 0.5418002009391785
(11,0): 0.5084879398345947
(11,6): 0.5249257683753967
(11,10): 0.5610718131065369
(11,16): 0.5426708459854126
(11,34): 0.560106635093689
(11,40): 0.521418571472168
(12,3): 0.426067590713501
(12,5): 0.37846601009368896
(12,8): 0.42599067091941833
(12,9): 0.47582995891571045
(12,13): 0.46225276589393616
(12,14): 0.5815978646278381
(13,1): 0.44160014390945435
(13,3): 0.6020091772079468
(13,5): 0.48375311493873596
(13,8): 0.47583481669425964
(13,9): 0.4700130522251129
(13,12): 0.5691210627555847
(13,14): 0.4140641391277313
(13,32): 0.5727241635322571
(13,38): 0.5223233103752136
(13,44): 0.43476229906082153
(14,1): 0.5344034433364868
(14,3): 0.45710569620132446
(14,5): 0.5259518623352051
(14,8): 0.3678215444087982
(14,9): 0.4397600591182709
(14,12): 0.5035338997840881
(14,13): 0.5067694783210754
(14,33): 0.5456326603889465
(14,41): 0.5504813194274902
(14,43): 0.4285869896411896
(15,1): 0.5452256798744202
(15,4): 0.48914238810539246
(15,7): 0.58800208568573
(15,17): 0.4245511591434479
(15,18): 0.5917362570762634
(15,19): 0.45169535279273987
(15,20): 0.5368425250053406
(15,21): 0.49399203062057495
(15,26): 0.5544977784156799
(15,28): 0.44650799036026
(15,29): 0.4582900106906891
(15,32): 0.5125257968902588
(15,38): 0.5625655055046082
(15,42): 0.4000435769557953
(15,44): 0.4422784149646759
(15,45): 0.5794299840927124
(15,49): 0.4287368953227997
(16,0): 0.3492654263973236
(16,6): 0.506012499332428
(16,11): 0.46595773100852966
(16,34): 0.5473641753196716
(16,40): 0.5690590739250183
(16,43): 0.5892974734306335
(16,44): 0.4989256262779236
(16,48): 0.5109556317329407
(17,4): 0.46902164816856384
(17,7): 0.4861513674259186
(17,15): 0.5178291201591492
(17,18): 0.518523097038269
(17,21): 0.3999781012535095
(17,26): 0.5309446454048157
(17,28): 0.4522702991962433
(17,29): 0.4286656677722931
(17,46): 0.4546961188316345
(17,47): 0.5159977674484253
(18,0): 0.48470234870910645
(18,7): 0.44715777039527893
(18,10): 0.48673006892204285
(18,15): 0.5096361637115479
(18,17): 0.5824128985404968
(18,21): 0.4701302945613861
(18,26): 0.4720061123371124
(18,28): 0.5370195508003235
(18,46): 0.5875888466835022
(18,48): 0.5767307877540588
(18,49): 0.4846499264240265
(19,4): 0.5285694599151611
(19,15): 0.5134087204933167
(19,20): 0.43113023042678833
(19,22): 0.5549495220184326
(19,23): 0.46638739109039307
(19,24): 0.44821035861968994
(19,25): 0.4990955889225006
(19,27): 0.45436206459999084
(19,29): 0.4824344515800476
(19,34): 0.46006157994270325
(20,4): 0.4801715314388275
(20,15): 0.45738452672958374
(20,19): 0.4116566777229309
(20,22): 0.3910960257053375
(20,23): 0.434883177280426
(20,24): 0.41572898626327515
(20,25): 0.557898759841919
(20,27): 0.48885470628738403
(20,29): 0.5499418377876282
(20,32): 0.5899834632873535
(20,44): 0.5780240297317505
(21,1): 0.4141005873680115
(21,4): 0.5058987736701965
(21,7): 0.45606371760368347
(21,15): 0.48998329043388367
(21,17): 0.4434790313243866
(21,18): 0.4152810871601105
(21,26): 0.49271297454833984
(21,28): 0.4523012936115265
(21,29): 0.44366976618766785
(21,32): 0.47321775555610657
(21,34): 0.5468953847885132
(21,44): 0.35510358214378357
(21,49): 0.4514290392398834
(22,4): 0.4620756506919861
(22,19): 0.45642387866973877
(22,20): 0.5285566449165344
(22,23): 0.4602891504764557
(22,24): 0.5115035176277161
(22,25): 0.5739380121231079
(22,27): 0.47918376326560974
(23,19): 0.40752893686294556
(23,20): 0.45441681146621704
(23,22): 0.5213971138000488
(23,24): 0.44400283694267273
(23,25): 0.41933730244636536
(23,27): 0.4793882966041565
(23,38): 0.5821589827537537
(24,4): 0.47408345341682434
(24,19): 0.46378523111343384
(24,20): 0.5302642583847046
(24,22): 0.4636775851249695
(24,23): 0.4784676730632782
(24,25): 0.4683213233947754
(24,44): 0.5683051347732544
(24,47): 0.46305030584335327
(24,48): 0.5125502943992615
(24,49): 0.5782039761543274
(25,4): 0.4725795388221741
(25,19): 0.5520024299621582
(25,20): 0.4963640570640564
(25,22): 0.46509692072868347
(25,23): 0.5161251425743103
(25,24): 0.5552792549133301
(25,27): 0.44919553399086
(25,37): 0.4796588718891144
(25,45): 0.4586050808429718
(25,46): 0.5446224808692932
(26,0): 0.4483555257320404
(26,7): 0.4805595576763153
(26,10): 0.5512397289276123
(26,15): 0.4525332450866699
(26,17): 0.5177987813949585
(26,18): 0.43217167258262634
(26,21): 0.45874956250190735
(26,39): 0.5261940956115723
(27,4): 0.5383722186088562
(27,19): 0.4858713746070862
(27,20): 0.5233268737792969
(27,22): 0.5286865234375
(27,23): 0.45835936069488525
(27,25): 0.42946571111679077
(28,0): 0.5488423109054565
(28,7): 0.5530568361282349
(28,10): 0.5264730453491211
(28,15): 0.49127471446990967
(28,17): 0.5287491083145142
(28,18): 0.49072855710983276
(28,21): 0.5531612038612366
(29,1): 0.46992021799087524
(29,4): 0.5809427499771118
(29,7): 0.559619665145874
(29,15): 0.4492984116077423
(29,17): 0.5044590830802917
(29,19): 0.5278271436691284
(29,20): 0.4496974050998688
(29,21): 0.5587549209594727
(29,50): 0.5194370150566101
(30,1): 0.5183687210083008
(30,2): 0.5330162048339844
(30,31): 0.4587499499320984
(30,37): 0.5641305446624756
(30,47): 0.5245892405509949
(31,4): 0.5389671325683594
(31,30): 0.5991963744163513
(31,47): 0.48847708106040955
(31,49): 0.638770341873169
(31,50): 0.4870072305202484
(32,13): 0.5327869057655334
(32,15): 0.5964539051055908
(32,20): 0.48896628618240356
(32,21): 0.4936572015285492
(33,7): 0.5726664066314697
(33,14): 0.5930824279785156
(33,34): 0.5820971727371216
(34,9): 0.5111624598503113
(34,10): 0.5563342571258545
(34,11): 0.5629541277885437
(34,16): 0.4726543128490448
(34,19): 0.5028622150421143
(34,21): 0.5850759744644165
(34,33): 0.5660902261734009
(35,9): 0.5567837953567505
(36,9): 0.5136308073997498
(36,41): 0.43051522970199585
(36,50): 0.46432140469551086
(37,25): 0.4539998471736908
(37,30): 0.4425300359725952
(38,13): 0.47796085476875305
(38,15): 0.5119513869285583
(38,23): 0.5227375626564026
(39,10): 0.567011296749115
(39,26): 0.4157443344593048
(39,40): 0.4807162284851074
(40,11): 0.5034031867980957
(40,16): 0.4679170846939087
(40,39): 0.4930877387523651
(40,43): 0.5202861428260803
(41,14): 0.4751034080982208
(41,36): 0.5268852114677429
(41,49): 0.435125470161438
(41,50): 0.4569626748561859
(42,15): 0.5492452383041382
(43,8): 0.48041170835494995
(43,14): 0.5387405753135681
(43,16): 0.46889010071754456
(43,40): 0.5867796540260315
(44,10): 0.4810207784175873
(44,13): 0.5459710955619812
(44,15): 0.5158318877220154
(44,16): 0.559095561504364
(44,20): 0.4891398847103119
(44,21): 0.5640417337417603
(44,24): 0.5597624778747559
(45,15): 0.6118330359458923
(45,25): 0.464892715215683
(46,17): 0.45557183027267456
(46,18): 0.5202318429946899
(46,25): 0.5168802738189697
(47,17): 0.5926141738891602
(47,24): 0.584844172000885
(47,30): 0.47101718187332153
(47,31): 0.3495635390281677
(48,6): 0.5132926106452942
(48,16): 0.5480262041091919
(48,18): 0.5609967708587646
(48,24): 0.5007567405700684
(49,8): 0.4759383201599121
(49,10): 0.4772568345069885
(49,15): 0.538015604019165
(49,18): 0.5102078318595886
(49,21): 0.5522581934928894
(49,24): 0.46523723006248474
(49,31): 0.3959532380104065
(49,41): 0.4972028136253357
(49,50): 0.40015745162963867
(50,29): 0.4597724974155426
(50,31): 0.5692018866539001
(50,36): 0.5219082832336426
(50,41): 0.5417319536209106
(50,49): 0.49693024158477783
