Interaction name: 5kr2

Affinity: 8.479999542236328
Predicted value: 8.43649959564209

Shapley values for edges: 

(0,1): 0.013540439605712891
(0,3): 0.002076020240783691
(0,6): 0.0025980663299560547
(0,13): 0.01686680793762207
(0,17): 0.0006322956085205078
(0,39): 0.012810220718383789
(0,40): 0.002168898582458496
(1,0): 0.0034497547149658202
(1,6): -0.010780096054077148
(1,13): 0.009280219078063964
(1,14): 0.01591573715209961
(1,15): 0.009840259552001953
(1,16): 0.011059479713439941
(1,30): 0.010888519287109375
(1,31): 0.011335792541503907
(1,34): 0.005109543800354004
(1,37): 0.013290333747863769
(1,40): -0.003387713432312012
(2,6): -0.003819551467895508
(2,9): -0.012097249031066895
(2,17): -0.006916484832763672
(2,18): -0.0046823835372924805
(2,19): -0.008039441108703613
(2,20): 0.004033041000366211
(2,21): 0.006240653991699219
(2,39): -0.00022442340850830077
(2,40): -0.0065415906906127926
(2,41): -0.0020531654357910157
(3,0): 0.011716485023498535
(3,6): -0.0008715677261352539
(3,7): -0.024291157722473145
(3,17): 0.018155808448791503
(3,40): 0.007813854217529297
(4,9): 0.008287196159362792
(4,10): -0.008584403991699218
(4,12): 0.008035082817077637
(4,18): 0.007146768569946289
(4,19): 0.003848748207092285
(4,41): 0.011143069267272949
(4,43): -0.05849481582641602
(5,10): 4.192352294921875e-05
(5,11): 0.001567072868347168
(5,12): 0.0038260602951049804
(5,18): 0.0011976957321166992
(5,19): -0.0030078935623168946
(5,22): 0.010040154457092285
(5,26): 0.009125137329101562
(5,27): 0.012039370536804199
(5,39): -0.003904714584350586
(5,40): -0.00156036376953125
(5,41): 0.008152751922607422
(6,0): 0.013472695350646973
(6,1): 0.015446105003356934
(6,2): 0.007229771614074707
(6,3): 0.0092999267578125
(6,7): -0.011737422943115234
(6,9): -0.010689902305603027
(6,13): 0.02662269592285156
(6,17): 0.0005091285705566406
(6,29): 0.01295814037322998
(6,34): 0.023057150840759277
(6,42): -0.020438499450683593
(7,3): 0.014816660881042481
(7,6): 0.008331637382507324
(7,17): 0.037899208068847653
(7,42): 0.00011493206024169922
(8,9): -0.017117486000061036
(8,10): -0.007445745468139649
(8,12): 0.008244242668151856
(8,18): 0.003004593849182129
(8,19): -0.007345175743103028
(9,2): -0.013432259559631348
(9,4): -0.015323867797851562
(9,6): -0.004342594146728516
(9,8): -0.029382472038269044
(9,17): -0.0055178976058959965
(9,18): -0.00788048267364502
(9,19): -0.013976545333862304
(9,20): 0.004767141342163086
(9,21): -0.0019037914276123047
(9,29): -0.0067884731292724605
(9,44): -0.023573322296142576
(10,4): -0.003958745002746582
(10,5): 0.002975764274597168
(10,8): -0.005366954803466797
(10,11): -0.006356716156005859
(10,18): -0.002429242134094238
(10,22): 0.007527174949645996
(10,25): 0.015685858726501464
(10,33): 0.012441821098327636
(10,36): 0.012904744148254394
(10,42): -0.030396595001220703
(11,5): 0.0022296953201293946
(11,10): -0.003883504867553711
(11,12): 0.0009625434875488281
(11,22): 0.018671092987060548
(11,26): 0.013435616493225097
(11,27): 0.005145626068115234
(11,28): 0.01818878173828125
(12,4): 0.03154042720794678
(12,5): -0.003601722717285156
(12,8): 0.04731173515319824
(12,11): 0.019536361694335938
(12,18): 0.02268855571746826
(12,22): 0.020833420753479003
(12,25): 0.03925816535949707
(12,33): 0.036617612838745116
(12,36): 0.022343158721923828
(13,0): -0.04081923484802246
(13,1): -0.0007322406768798828
(13,6): -0.03162057876586914
(13,14): 0.00944136142730713
(13,31): 0.007453818321228028
(13,34): -0.0005277252197265625
(13,37): 0.004591703414916992
(13,48): 0.004890766143798828
(13,59): 0.0044938898086547855
(13,62): 0.0001590871810913086
(14,1): -0.00830801010131836
(14,13): -0.003133382797241211
(14,16): -0.00022399425506591797
(14,31): -0.0023031902313232423
(14,32): 0.003495006561279297
(14,37): 0.00024478435516357423
(14,57): 0.005967922210693359
(15,1): -0.008382949829101562
(15,16): -0.001055617332458496
(15,31): -0.000922703742980957
(15,32): 0.004212794303894043
(15,37): -9.113311767578125e-05
(15,45): -0.0003806114196777344
(15,59): -0.0038398265838623046
(16,1): -0.007789363861083984
(16,14): 0.0002812671661376953
(16,15): 0.0021180438995361327
(16,31): 0.00038822650909423826
(16,32): 0.004144496917724609
(16,37): 0.0008879899978637695
(16,46): -0.0013754940032958984
(16,62): -0.0018933916091918945
(17,0): -0.042701406478881834
(17,2): -0.021384024620056154
(17,3): -0.06357440948486329
(17,6): -0.024934210777282716
(17,7): -0.0889064359664917
(17,9): -0.01619208812713623
(17,45): 0.01527674674987793
(17,46): 0.007868533134460448
(17,47): 0.02394257068634033
(17,48): 0.01412480354309082
(17,54): 0.01403505802154541
(17,60): 0.01976655960083008
(18,2): -0.028938713073730468
(18,4): -0.02557952404022217
(18,5): -0.00414118766784668
(18,8): -0.057121806144714356
(18,9): -0.009535865783691406
(18,10): -0.04170482635498047
(18,12): 0.0021455907821655274
(18,19): 0.004987411499023438
(18,20): 0.004445676803588867
(18,45): 0.009027557373046875
(18,46): -0.0037840843200683595
(18,48): 0.005137262344360352
(18,50): 0.011354584693908692
(18,52): 0.005855698585510254
(18,54): 0.00926642894744873
(18,59): 0.005780682563781738
(18,60): 0.006324024200439453
(19,2): -0.011773624420166016
(19,4): -0.024052753448486328
(19,5): -0.0008031320571899414
(19,8): -0.06693892002105713
(19,9): -0.012062654495239258
(19,18): 0.002848949432373047
(19,20): 0.01036482334136963
(19,21): 0.006943573951721191
(19,29): 0.009101839065551757
(19,34): 0.0029566097259521485
(19,38): 0.005786380767822266
(19,52): 0.0020958709716796873
(19,59): 0.0035088968276977537
(20,2): 0.0012489843368530273
(20,9): -0.0012430620193481445
(20,18): 0.004667563438415527
(20,19): 0.009986133575439453
(20,21): 0.0007217979431152344
(20,29): 0.001771392822265625
(20,30): 0.0034502553939819336
(20,34): 0.001845846176147461
(20,38): 0.0030067110061645507
(20,45): 0.005754637718200684
(20,48): 0.0018915176391601563
(20,54): 0.00022061824798583985
(21,2): 0.0066079854965209964
(21,9): -0.012190608978271485
(21,19): 0.011757149696350097
(21,20): 0.0014609146118164064
(21,29): 0.007078518867492676
(21,30): 0.002384042739868164
(21,34): -0.001832270622253418
(21,38): -0.0020447492599487303
(21,54): 0.0014056253433227539
(22,5): -0.004850420951843262
(22,10): -0.009866542816162109
(22,11): -0.046619319915771486
(22,12): 0.0006870174407958984
(22,23): 0.005521721839904785
(22,24): 0.008382883071899414
(22,25): 0.0007888936996459961
(22,33): 0.0026865148544311522
(22,35): 0.010641098022460938
(22,36): 0.0032729816436767576
(22,50): 0.00940805435180664
(22,52): 0.0027362012863159178
(22,53): 0.008951497077941895
(22,59): 0.0018056917190551758
(22,62): 0.004721212387084961
(23,22): -0.0037831974029541014
(23,24): -0.0015138959884643554
(23,25): -0.0017917346954345703
(23,33): -0.004112238883972168
(23,35): -0.002804398536682129
(23,36): -0.0034375810623168946
(23,61): 0.002489943504333496
(24,22): -0.0021700572967529295
(24,23): -0.0006022024154663086
(24,25): -0.0021895790100097657
(24,33): 0.002060098648071289
(24,35): -0.0012913942337036133
(24,36): -0.0015070247650146485
(24,62): -0.00019591808319091797
(25,10): -0.01040860652923584
(25,12): 0.002215299606323242
(25,22): 0.00019404411315917969
(25,23): 0.0043640613555908205
(25,24): 0.00791353702545166
(25,33): 1.777172088623047e-05
(25,35): 0.005700011253356934
(25,36): 0.006615667343139648
(25,49): 0.008764982223510742
(25,54): 0.0016565465927124024
(26,5): -0.013490695953369141
(26,11): -0.014997634887695312
(26,27): 0.00627497673034668
(26,28): 0.0020746898651123045
(26,48): -0.00243680477142334
(26,50): -0.000198516845703125
(26,51): 0.006980457305908203
(26,52): 0.0029077911376953125
(26,53): 0.002391800880432129
(26,61): 0.002235889434814453
(27,5): -0.020066704750061035
(27,11): -0.03299656391143799
(27,26): 0.0016197872161865235
(27,28): 0.003977184295654297
(27,46): 0.002284550666809082
(27,48): -0.00037714481353759763
(27,52): -0.0004280996322631836
(27,53): 0.005568728446960449
(27,54): -7.46917724609375e-05
(27,55): 0.011348423957824707
(27,61): 0.00470754623413086
(28,11): -0.027679386138916014
(28,26): -0.00025077342987060545
(28,27): -0.0013414335250854492
(28,51): 0.003916106224060059
(28,52): -0.003333325386047363
(28,53): -0.001218094825744629
(28,55): 0.005563788414001465
(29,6): -0.027434887886047362
(29,9): -0.0030388736724853514
(29,19): 0.013229198455810547
(29,20): 0.007772054672241211
(29,21): 0.00689718246459961
(29,30): 0.0040822792053222656
(29,34): 0.0024682760238647463
(29,38): 0.0045355224609375
(29,46): 0.004750690460205078
(29,59): 0.007622151374816894
(30,1): -0.004569602012634277
(30,20): 0.0017887735366821289
(30,21): 0.00448479175567627
(30,29): -0.0007485675811767578
(30,34): -0.000647273063659668
(30,38): -0.00302060604095459
(30,45): 0.000986785888671875
(30,47): 0.002937488555908203
(31,1): -0.007240457534790039
(31,13): 0.00036068439483642577
(31,14): -0.0014614105224609376
(31,15): 0.0007720470428466796
(31,16): 0.0009713697433471679
(31,32): 0.0017462778091430664
(31,37): 0.0007962465286254882
(31,45): -0.0027438783645629882
(31,59): 0.006735115051269531
(32,14): -0.0022049045562744143
(32,15): -0.004124093055725098
(32,16): -0.00219881534576416
(32,31): -0.004934582710266113
(32,37): -0.00440640926361084
(32,56): 0.0031618356704711916
(33,10): -0.017835564613342285
(33,12): 0.003177313804626465
(33,22): 0.004335355758666992
(33,23): 0.004637093544006348
(33,24): 0.004940910339355469
(33,25): 0.002817840576171875
(33,35): 0.006994409561157227
(33,36): 0.0027170181274414062
(33,49): 0.010619192123413087
(34,1): -0.0009903240203857422
(34,6): -0.027076568603515625
(34,13): 0.0028179025650024413
(34,19): 0.007856941223144532
(34,20): 0.0023569631576538085
(34,21): 0.011852178573608398
(34,29): 0.007089323997497558
(34,30): 0.00527775764465332
(34,38): 0.002940988540649414
(34,46): 0.0026439237594604492
(34,59): 0.002859373092651367
(34,60): 0.006441159248352051
(35,22): -0.0028902149200439454
(35,23): -0.0005021524429321289
(35,24): -0.001490020751953125
(35,25): -0.0014043903350830077
(35,33): -0.004044756889343261
(35,36): -0.0019085311889648438
(35,46): 0.009637527465820313
(35,61): 0.007417073249816894
(35,62): -0.000617814064025879
(36,10): -0.026393098831176756
(36,12): 0.004441485404968261
(36,22): 0.0017657852172851562
(36,23): 0.004183254241943359
(36,24): 0.002352633476257324
(36,25): -0.002513532638549805
(36,33): -5.688667297363281e-06
(36,35): 0.00579864501953125
(36,46): -0.0027097606658935546
(36,48): 0.0035804462432861327
(36,52): 0.0043159866333007816
(36,59): 0.0004279041290283203
(36,62): 0.003566708564758301
(37,1): -0.008233771324157715
(37,13): -0.0027109956741333007
(37,14): -0.0005661869049072266
(37,15): 0.0007551860809326172
(37,16): -0.0002840900421142578
(37,31): -0.0030219125747680663
(37,32): 0.002568340301513672
(37,57): 0.005001859664916992
(38,19): 0.011411552429199218
(38,20): 0.00010014533996582032
(38,21): -0.0013979768753051758
(38,29): 0.0035877466201782227
(38,30): -0.0016848611831665038
(38,34): -0.0017090606689453124
(38,45): 0.0017008304595947266
(38,54): -0.0017169189453125
(38,58): 0.009316124916076661
(38,60): 0.0026877403259277345
(38,62): -0.0015813350677490235
(39,0): 0.006475830078125
(39,2): 0.016901440620422363
(39,5): 0.011498117446899414
(39,40): 0.003743419647216797
(39,46): 0.028657512664794924
(40,0): 0.006362466812133789
(40,1): 0.022478837966918946
(40,2): 0.025927333831787108
(40,3): 0.014469165802001954
(40,5): 0.003390846252441406
(40,39): 0.0231909704208374
(41,2): 0.0061320972442626956
(41,4): 0.011859173774719239
(41,5): 0.003269481658935547
(41,52): 0.033597159385681155
(42,6): 0.07417994022369384
(42,7): 0.023952488899230958
(42,10): 0.030737743377685547
(43,4): 0.0428154993057251
(44,9): -0.0028966712951660157
(44,46): 0.006912117004394531
(44,59): 0.008421769142150879
(45,15): -0.00010947227478027344
(45,17): -0.0013181209564208985
(45,18): 0.006690335273742676
(45,20): 0.0005883884429931641
(45,30): -0.0009170007705688476
(45,31): 0.0010314130783081056
(45,38): 0.00025217533111572267
(45,56): 0.01155672550201416
(46,16): 0.01161844253540039
(46,17): 0.005232944488525391
(46,18): 0.012450447082519531
(46,27): 0.01001345157623291
(46,29): 0.004711365699768067
(46,34): 0.0024901533126831053
(46,35): 0.00927565574645996
(46,36): 0.006972155570983887
(46,39): -0.08083078384399414
(46,44): -0.05201510429382324
(47,17): 0.003910808563232422
(47,30): -0.002347688674926758
(47,62): 0.00047210693359375
(48,13): -0.0007158756256103515
(48,17): 0.006198954582214355
(48,18): 0.0033550596237182616
(48,20): 0.0059746837615966795
(48,26): 0.005409750938415527
(48,27): 0.0019699764251708985
(48,36): -0.000723104476928711
(48,49): -0.002992539405822754
(49,25): -0.004657816886901855
(49,33): -0.005842733383178711
(49,48): -0.0017603349685668946
(50,18): 0.001173238754272461
(50,22): -0.0011619758605957032
(50,26): -0.0006524562835693359
(50,54): -0.003224472999572754
(50,58): 0.006812882423400879
(51,26): -0.0050536060333251955
(51,28): -0.0008024930953979492
(51,53): -0.0038653993606567382
(52,18): 0.004259767532348632
(52,19): 0.007837023735046387
(52,22): 0.002316446304321289
(52,26): 0.009670419692993164
(52,27): 0.009188671112060547
(52,28): 0.00856938362121582
(52,36): 0.0018317222595214844
(52,41): -0.07460700511932374
(53,22): 0.002880063056945801
(53,26): 0.0006891107559204102
(53,27): 0.0006163215637207031
(53,28): -0.0005845451354980469
(53,51): 0.0034788703918457032
(54,17): 0.0023021697998046875
(54,18): 0.0002789592742919922
(54,20): 0.002011241912841797
(54,21): 0.007339072227478027
(54,25): -0.0213257360458374
(54,27): 0.005181732177734375
(54,38): 0.0026926374435424804
(54,50): 0.00026308536529541016
(55,27): -0.0010151243209838867
(55,28): -0.0004939174652099609
(56,32): -0.001493244171142578
(56,45): -0.00770599365234375
(57,14): -0.002425360679626465
(57,37): -0.0027530431747436524
(57,60): -0.0055742645263671875
(58,38): -0.0030965709686279295
(58,50): -0.006024174690246582
(59,13): 0.00018372058868408204
(59,15): 0.008600230216979981
(59,18): 0.009528021812438964
(59,19): 0.005762205123901367
(59,22): 0.0024271631240844727
(59,29): 0.0037291765213012694
(59,31): 0.008933711051940917
(59,34): -0.001038985252380371
(59,36): 0.0032047605514526367
(59,44): -0.046602396965026854
(60,17): 0.0009558534622192383
(60,18): 0.002605738639831543
(60,34): -0.0010780954360961913
(60,38): 0.00039937973022460935
(60,57): 0.007874817848205566
(61,23): -0.015485906600952148
(61,26): -0.001976790428161621
(61,27): -0.0019189548492431641
(61,35): -0.0036494922637939453
(62,13): -0.0019299173355102539
(62,16): 0.003028006553649902
(62,22): -0.0005434513092041016
(62,24): -0.010218472480773925
(62,35): -0.0019467401504516602
(62,36): -0.004079422950744629
(62,38): -0.0017654132843017579
(62,47): 0.0038751411437988282
