Interaction name: 5ogk

Affinity: 5.110000133514404
Predicted value: 6.431591033935547

Attributions for edges: 

(0,1): 0.4785144031047821
(0,18): 0.4587564766407013
(0,30): 0.4989626407623291
(1,0): 0.42453035712242126
(1,18): 0.44206491112709045
(1,19): 0.5152103304862976
(1,31): 0.4745381772518158
(1,43): 0.43977299332618713
(1,44): 0.49677520990371704
(2,3): 0.4418627917766571
(2,4): 0.5194281339645386
(2,21): 0.5140135288238525
(2,31): 0.47742292284965515
(2,32): 0.46010637283325195
(2,33): 0.44211143255233765
(2,34): 0.5090747475624084
(2,42): 0.455300509929657
(2,44): 0.4542043209075928
(3,2): 0.5384055376052856
(3,4): 0.49799343943595886
(3,9): 0.47172287106513977
(3,20): 0.5190073847770691
(3,28): 0.439835786819458
(3,31): 0.5277727246284485
(3,32): 0.4964698553085327
(3,33): 0.5349544286727905
(3,34): 0.5258111357688904
(3,35): 0.574426531791687
(3,44): 0.3784814774990082
(4,2): 0.5044758915901184
(4,3): 0.4865216314792633
(4,5): 0.47291693091392517
(4,20): 0.44647252559661865
(4,21): 0.42680925130844116
(4,31): 0.4947839677333832
(4,32): 0.49231311678886414
(4,33): 0.4741555452346802
(4,34): 0.36713728308677673
(4,35): 0.4515248239040375
(4,43): 0.5116154551506042
(4,44): 0.550726592540741
(5,4): 0.48380276560783386
(5,6): 0.41222479939460754
(5,7): 0.4704180657863617
(5,8): 0.5033200979232788
(5,26): 0.3928013741970062
(5,27): 0.4302643835544586
(5,31): 0.45438870787620544
(5,32): 0.5264315605163574
(5,33): 0.4868394136428833
(5,34): 0.41665199398994446
(5,35): 0.4692417085170746
(5,42): 0.45152390003204346
(5,44): 0.5194064974784851
(5,45): 0.5048264265060425
(6,5): 0.46238645911216736
(6,7): 0.5593323111534119
(6,8): 0.47304558753967285
(6,27): 0.4804059863090515
(6,35): 0.48750150203704834
(6,42): 0.4901384711265564
(6,44): 0.4159907400608063
(7,5): 0.437945693731308
(7,6): 0.4627300798892975
(7,8): 0.4013405740261078
(7,9): 0.3963174819946289
(7,10): 0.4749062955379486
(7,26): 0.5056372284889221
(7,28): 0.4547322690486908
(7,29): 0.47891849279403687
(7,33): 0.3786534070968628
(7,35): 0.45394963026046753
(7,42): 0.4931642711162567
(7,43): 0.5369836091995239
(7,44): 0.49462077021598816
(7,45): 0.44740912318229675
(8,5): 0.3739256262779236
(8,6): 0.43904682993888855
(8,7): 0.3996880352497101
(8,9): 0.47520604729652405
(8,10): 0.46368762850761414
(8,11): 0.40291643142700195
(8,26): 0.43352562189102173
(8,27): 0.5151509642601013
(8,28): 0.4163464903831482
(8,29): 0.5011042356491089
(8,33): 0.5304381847381592
(8,34): 0.4128176271915436
(8,35): 0.5146868824958801
(8,36): 0.4916204512119293
(8,39): 0.4856264293193817
(8,43): 0.43904656171798706
(8,44): 0.5543939471244812
(8,45): 0.40258386731147766
(9,3): 0.4963483512401581
(9,7): 0.3992619216442108
(9,8): 0.5430329442024231
(9,10): 0.4994872212409973
(9,11): 0.4998745620250702
(9,21): 0.49008989334106445
(9,27): 0.5226524472236633
(9,29): 0.4402608573436737
(9,33): 0.49415189027786255
(9,36): 0.4549449384212494
(9,43): 0.5216047763824463
(9,44): 0.42580845952033997
(9,45): 0.4296228587627411
(10,7): 0.4903732240200043
(10,8): 0.5365015268325806
(10,9): 0.4137275815010071
(10,11): 0.51693195104599
(10,27): 0.473797470331192
(10,28): 0.5329698920249939
(10,36): 0.400831013917923
(10,43): 0.4566776752471924
(10,44): 0.46393612027168274
(10,45): 0.4278123080730438
(11,8): 0.4563409984111786
(11,9): 0.431429386138916
(11,10): 0.5121594071388245
(11,12): 0.48236051201820374
(11,14): 0.4813697338104248
(11,23): 0.49276062846183777
(11,28): 0.48717647790908813
(11,29): 0.5750643014907837
(11,36): 0.5745243430137634
(11,37): 0.5152991414070129
(11,39): 0.3920503556728363
(11,40): 0.455260694026947
(11,41): 0.43150946497917175
(11,43): 0.46858569979667664
(11,44): 0.5148281455039978
(11,45): 0.49778813123703003
(12,11): 0.48766690492630005
(12,13): 0.52041095495224
(12,14): 0.3743457794189453
(12,16): 0.47614145278930664
(12,22): 0.4581820070743561
(12,23): 0.41592827439308167
(12,25): 0.4199824333190918
(12,36): 0.4677509367465973
(12,37): 0.48538094758987427
(12,38): 0.5244843363761902
(12,39): 0.5522910952568054
(12,40): 0.5046096444129944
(12,41): 0.4074692130088806
(12,43): 0.4486654996871948
(12,45): 0.49909523129463196
(13,12): 0.5357324481010437
(13,37): 0.4551476538181305
(13,38): 0.46376943588256836
(13,41): 0.5058548450469971
(13,42): 0.44643086194992065
(14,11): 0.4697054624557495
(14,12): 0.4347379505634308
(14,15): 0.507236897945404
(14,24): 0.5257918834686279
(14,36): 0.4829935133457184
(14,37): 0.4552822411060333
(14,39): 0.5423442721366882
(14,40): 0.3926425874233246
(14,41): 0.454049676656723
(14,43): 0.4285775423049927
(14,44): 0.47949281334877014
(14,45): 0.5169512629508972
(15,14): 0.4419906735420227
(15,16): 0.548407793045044
(15,23): 0.45637714862823486
(15,25): 0.49409228563308716
(15,36): 0.5768555402755737
(15,37): 0.4748608469963074
(15,39): 0.5176418423652649
(15,40): 0.5665025115013123
(15,41): 0.46357262134552
(15,43): 0.40482792258262634
(15,45): 0.487357497215271
(16,12): 0.5371559858322144
(16,15): 0.46455299854278564
(16,24): 0.42794308066368103
(16,37): 0.41355472803115845
(16,38): 0.5244522094726562
(16,39): 0.5455288290977478
(16,40): 0.3737522065639496
(16,41): 0.3981795608997345
(17,18): 0.4315328299999237
(17,19): 0.43661680817604065
(17,30): 0.49864956736564636
(17,42): 0.4208282232284546
(18,0): 0.49814167618751526
(18,1): 0.3875179886817932
(18,17): 0.5238637924194336
(18,19): 0.4107086658477783
(18,30): 0.5422046184539795
(19,1): 0.5254358053207397
(19,17): 0.5090845823287964
(19,18): 0.4754696786403656
(19,30): 0.4847872257232666
(19,31): 0.4757741391658783
(19,42): 0.5756105780601501
(20,3): 0.472750186920166
(20,4): 0.467053085565567
(20,21): 0.5274604558944702
(20,31): 0.49704644083976746
(20,32): 0.419903039932251
(20,33): 0.3880872428417206
(20,34): 0.5528011918067932
(21,2): 0.5135467648506165
(21,4): 0.4545002281665802
(21,9): 0.5193507671356201
(21,20): 0.4271758794784546
(21,28): 0.5000184774398804
(21,31): 0.5223332643508911
(21,32): 0.4749401807785034
(21,33): 0.47887343168258667
(21,34): 0.4755021929740906
(21,35): 0.5487415194511414
(22,12): 0.44524869322776794
(22,37): 0.46472543478012085
(22,38): 0.4793436527252197
(22,41): 0.4551834166049957
(23,11): 0.47857990860939026
(23,12): 0.6130790710449219
(23,15): 0.35929977893829346
(23,24): 0.47618648409843445
(23,36): 0.4625731110572815
(23,37): 0.5048589110374451
(23,39): 0.4255596101284027
(23,40): 0.4759848117828369
(23,41): 0.4659930169582367
(24,14): 0.4703711271286011
(24,16): 0.5256420969963074
(24,23): 0.3698576092720032
(24,25): 0.4614562392234802
(24,36): 0.48473215103149414
(24,37): 0.435320109128952
(24,39): 0.5244985818862915
(24,40): 0.48489490151405334
(24,41): 0.4785560965538025
(25,12): 0.5143499374389648
(25,15): 0.488145112991333
(25,24): 0.4631735384464264
(25,37): 0.5555320382118225
(25,38): 0.5489768385887146
(25,39): 0.49646681547164917
(25,40): 0.4406975507736206
(25,41): 0.5150858163833618
(26,5): 0.4219714403152466
(26,7): 0.4503340423107147
(26,8): 0.5503371357917786
(26,27): 0.5282704830169678
(26,35): 0.5139865875244141
(27,5): 0.41048142313957214
(27,6): 0.4413807988166809
(27,8): 0.3811670243740082
(27,9): 0.5968722105026245
(27,10): 0.40839651226997375
(27,26): 0.5505627393722534
(27,28): 0.457352876663208
(27,29): 0.4604889750480652
(27,33): 0.46668142080307007
(27,35): 0.5063580870628357
(28,3): 0.43633270263671875
(28,7): 0.4488023519515991
(28,8): 0.5257021188735962
(28,10): 0.4927748143672943
(28,11): 0.46632227301597595
(28,21): 0.3824981451034546
(28,27): 0.4819498360157013
(28,29): 0.5181142091751099
(28,33): 0.47058263421058655
(28,36): 0.4769187569618225
(29,7): 0.5088253617286682
(29,8): 0.4990084767341614
(29,9): 0.48093611001968384
(29,11): 0.45034441351890564
(29,27): 0.4837603271007538
(29,28): 0.4530182480812073
(29,36): 0.4918177127838135
(30,0): 0.482724130153656
(30,17): 0.4293375015258789
(30,18): 0.5156494975090027
(30,19): 0.4263516962528229
(31,1): 0.5449080467224121
(31,2): 0.4588944613933563
(31,3): 0.41194769740104675
(31,4): 0.5858696103096008
(31,5): 0.5262501835823059
(31,19): 0.49997568130493164
(31,20): 0.4801223874092102
(31,21): 0.48011720180511475
(31,32): 0.5346974730491638
(31,33): 0.4964628219604492
(31,34): 0.54522705078125
(31,35): 0.3879079818725586
(31,49): 0.4871140122413635
(32,2): 0.40183570981025696
(32,3): 0.37619641423225403
(32,4): 0.5009482502937317
(32,5): 0.5353174209594727
(32,20): 0.5076732039451599
(32,21): 0.43590572476387024
(32,31): 0.4545499384403229
(32,33): 0.4804997146129608
(32,34): 0.4294148087501526
(32,35): 0.5216652750968933
(32,48): 0.4796382486820221
(33,2): 0.5311694741249084
(33,3): 0.472238153219223
(33,4): 0.3985200524330139
(33,5): 0.5056076049804688
(33,7): 0.4364898204803467
(33,8): 0.5107269287109375
(33,9): 0.45407721400260925
(33,20): 0.4766068160533905
(33,21): 0.42926204204559326
(33,27): 0.43360602855682373
(33,28): 0.510671079158783
(33,31): 0.454365998506546
(33,32): 0.4267979562282562
(33,34): 0.4715656638145447
(33,35): 0.46702802181243896
(33,50): 0.4766305387020111
(34,2): 0.47124531865119934
(34,3): 0.4451891779899597
(34,4): 0.44914618134498596
(34,5): 0.4881814420223236
(34,8): 0.4620024859905243
(34,20): 0.4828076958656311
(34,21): 0.42177724838256836
(34,31): 0.5492797493934631
(34,32): 0.5107229351997375
(34,33): 0.4391598403453827
(34,35): 0.40342599153518677
(34,49): 0.5031747221946716
(35,3): 0.5115012526512146
(35,4): 0.43255671858787537
(35,5): 0.42306604981422424
(35,6): 0.3554632365703583
(35,7): 0.45777231454849243
(35,8): 0.5072004795074463
(35,21): 0.46089261770248413
(35,26): 0.47054314613342285
(35,27): 0.514699399471283
(35,31): 0.5541942715644836
(35,32): 0.4958038330078125
(35,33): 0.4465997815132141
(35,34): 0.4646267890930176
(35,53): 0.5568669438362122
(36,8): 0.4968021810054779
(36,9): 0.45004478096961975
(36,10): 0.4368970990180969
(36,11): 0.5942951440811157
(36,12): 0.4539112150669098
(36,14): 0.49681276082992554
(36,15): 0.5177780985832214
(36,23): 0.4482831656932831
(36,24): 0.457859069108963
(36,28): 0.4125780463218689
(36,29): 0.5386748313903809
(36,37): 0.4541885554790497
(36,38): 0.4703644812107086
(36,39): 0.46214258670806885
(36,40): 0.43733590841293335
(36,41): 0.48902958631515503
(36,50): 0.47694599628448486
(37,11): 0.47375866770744324
(37,12): 0.4626600742340088
(37,13): 0.5357739329338074
(37,14): 0.4527150094509125
(37,15): 0.43052855134010315
(37,16): 0.42102405428886414
(37,22): 0.4401674270629883
(37,23): 0.4931160509586334
(37,24): 0.4464409649372101
(37,25): 0.5513560771942139
(37,36): 0.4103531539440155
(37,38): 0.549031674861908
(37,39): 0.41192835569381714
(37,40): 0.4018513262271881
(37,41): 0.45230042934417725
(37,50): 0.4995678961277008
(37,51): 0.4681876003742218
(37,53): 0.5144035220146179
(38,12): 0.5157179832458496
(38,13): 0.42152923345565796
(38,16): 0.3882054090499878
(38,22): 0.4794847071170807
(38,25): 0.4602263867855072
(38,36): 0.5190617442131042
(38,37): 0.4726152718067169
(38,40): 0.5491766333580017
(38,41): 0.4498640298843384
(38,51): 0.3864830434322357
(38,52): 0.40729328989982605
(39,8): 0.457369327545166
(39,11): 0.4592251479625702
(39,12): 0.4418378472328186
(39,14): 0.44757091999053955
(39,15): 0.4276072680950165
(39,16): 0.39168497920036316
(39,23): 0.5224347710609436
(39,24): 0.5100529789924622
(39,25): 0.5927196145057678
(39,36): 0.5146521329879761
(39,37): 0.5060468912124634
(39,40): 0.5883594751358032
(39,41): 0.5373654365539551
(39,53): 0.47902992367744446
(40,11): 0.5307093858718872
(40,12): 0.466496080160141
(40,14): 0.45051178336143494
(40,15): 0.4216904938220978
(40,16): 0.5337302088737488
(40,23): 0.512650191783905
(40,24): 0.4390155076980591
(40,25): 0.5169640779495239
(40,36): 0.5151467323303223
(40,37): 0.43560922145843506
(40,38): 0.501193642616272
(40,39): 0.46314769983291626
(40,41): 0.4631926715373993
(41,11): 0.46634146571159363
(41,12): 0.4219187796115875
(41,13): 0.45714887976646423
(41,14): 0.5268287658691406
(41,15): 0.5209991931915283
(41,16): 0.5811159610748291
(41,22): 0.4555727243423462
(41,23): 0.4779741168022156
(41,24): 0.4465881288051605
(41,25): 0.3945239186286926
(41,36): 0.492916464805603
(41,37): 0.4906720519065857
(41,38): 0.49719130992889404
(41,39): 0.4915386140346527
(41,40): 0.4696871042251587
(41,52): 0.47292354702949524
(42,2): 0.5378216505050659
(42,5): 0.5271987318992615
(42,6): 0.5120016932487488
(42,7): 0.4840693473815918
(42,13): 0.46782931685447693
(42,17): 0.49916699528694153
(42,19): 0.45580044388771057
(43,1): 0.4857412278652191
(43,4): 0.5463963747024536
(43,7): 0.37032046914100647
(43,8): 0.43784886598587036
(43,9): 0.49765682220458984
(43,10): 0.5385360717773438
(43,11): 0.4126676321029663
(43,12): 0.4510025680065155
(43,14): 0.4459163248538971
(43,15): 0.38112974166870117
(43,44): 0.5428553223609924
(43,47): 0.5443242192268372
(44,1): 0.4995152950286865
(44,2): 0.5653510093688965
(44,3): 0.5380425453186035
(44,4): 0.48430532217025757
(44,5): 0.4463924467563629
(44,6): 0.4624324142932892
(44,7): 0.43443626165390015
(44,8): 0.454753577709198
(44,9): 0.5043311715126038
(44,10): 0.48067691922187805
(44,11): 0.49738752841949463
(44,14): 0.5256006717681885
(44,43): 0.46205538511276245
(44,50): 0.4843219220638275
(44,52): 0.4808402359485626
(45,5): 0.5072356462478638
(45,7): 0.5089820623397827
(45,8): 0.46930503845214844
(45,9): 0.572502851486206
(45,10): 0.48228156566619873
(45,11): 0.42810675501823425
(45,12): 0.4462565779685974
(45,14): 0.5469580292701721
(45,15): 0.5243200659751892
(45,53): 0.4904821217060089
(47,43): 0.48205646872520447
(47,50): 0.42350083589553833
(47,52): 0.43186429142951965
(48,32): 0.4015335738658905
(49,31): 0.37203723192214966
(49,34): 0.5083034038543701
(50,33): 0.44041937589645386
(50,36): 0.4649720788002014
(50,37): 0.5774529576301575
(50,44): 0.5354247689247131
(50,47): 0.48587462306022644
(50,52): 0.48440679907798767
(51,37): 0.4830612540245056
(51,38): 0.4452005624771118
(52,38): 0.48249879479408264
(52,41): 0.4436819553375244
(52,44): 0.49539482593536377
(52,47): 0.4566064774990082
(52,50): 0.4736618399620056
(53,35): 0.48973315954208374
(53,37): 0.4367483854293823
(53,39): 0.45442986488342285
(53,45): 0.43967166543006897
