Interaction name: 5x33

Affinity: 8.489999771118164
Predicted value: 7.867198944091797

Attributions for edges: 

(0,8): 0.49516674876213074
(0,9): 0.4260302186012268
(0,11): 0.4447070062160492
(0,17): 0.4606826901435852
(0,18): 0.4827379584312439
(0,19): 0.44186750054359436
(0,20): 0.4376782476902008
(0,27): 0.4310009777545929
(0,28): 0.365812212228775
(0,36): 0.5405117869377136
(0,38): 0.4283079504966736
(1,10): 0.503168523311615
(1,26): 0.45136648416519165
(1,30): 0.5030472874641418
(1,31): 0.48538994789123535
(1,34): 0.5525882840156555
(2,12): 0.37040942907333374
(2,13): 0.4923648536205292
(2,19): 0.4645317792892456
(2,21): 0.5833866596221924
(2,22): 0.4545499384403229
(2,23): 0.4851751923561096
(2,25): 0.44352009892463684
(2,32): 0.48721426725387573
(2,33): 0.5252528190612793
(2,36): 0.43923377990722656
(3,10): 0.4335227608680725
(3,26): 0.4738566279411316
(3,30): 0.44382840394973755
(3,31): 0.44240567088127136
(3,34): 0.48544466495513916
(4,5): 0.4528310000896454
(4,6): 0.47094887495040894
(4,24): 0.4541504681110382
(4,25): 0.554521381855011
(4,33): 0.4150436818599701
(4,37): 0.4369370639324188
(5,4): 0.46866700053215027
(5,6): 0.45367181301116943
(5,24): 0.4626922607421875
(5,25): 0.4638369381427765
(5,33): 0.5216999053955078
(5,37): 0.42807725071907043
(5,39): 0.46882182359695435
(6,4): 0.4078093469142914
(6,5): 0.3994862735271454
(6,23): 0.5203703045845032
(6,24): 0.5475008487701416
(6,25): 0.5364896655082703
(6,32): 0.4550393223762512
(6,33): 0.5173130631446838
(6,37): 0.5642165541648865
(6,40): 0.42745572328567505
(7,15): 0.4790163040161133
(7,16): 0.4602735936641693
(7,17): 0.4311130940914154
(7,18): 0.5218046307563782
(7,27): 0.5393003225326538
(7,29): 0.47152045369148254
(7,30): 0.4451720714569092
(7,34): 0.5654661059379578
(7,35): 0.5055634379386902
(7,38): 0.4861099123954773
(7,41): 0.36127227544784546
(7,42): 0.4559780955314636
(7,43): 0.5538008809089661
(7,48): 0.5178638696670532
(7,49): 0.41841015219688416
(8,0): 0.44130128622055054
(8,9): 0.49567514657974243
(8,11): 0.4750917851924896
(8,17): 0.5808818936347961
(8,18): 0.40498244762420654
(8,27): 0.5780806541442871
(8,29): 0.46144312620162964
(8,35): 0.553979218006134
(8,38): 0.46377304196357727
(8,50): 0.4593771994113922
(9,0): 0.3531953692436218
(9,8): 0.4634043276309967
(9,11): 0.5258044600486755
(9,17): 0.45887327194213867
(9,18): 0.4478660821914673
(9,20): 0.45583754777908325
(9,27): 0.4921688735485077
(9,28): 0.4673635959625244
(9,29): 0.4392680525779724
(9,38): 0.46398040652275085
(10,1): 0.4515436887741089
(10,3): 0.527923047542572
(10,15): 0.493318110704422
(10,26): 0.4680587947368622
(10,30): 0.47053444385528564
(10,31): 0.4539339542388916
(10,34): 0.474438339471817
(10,44): 0.3882048428058624
(11,0): 0.4385485351085663
(11,8): 0.5042882561683655
(11,9): 0.40309372544288635
(11,12): 0.4666465222835541
(11,14): 0.44258782267570496
(11,18): 0.5045889019966125
(11,19): 0.4547167718410492
(11,20): 0.49407267570495605
(11,28): 0.437097430229187
(11,36): 0.3909943997859955
(11,38): 0.4182836413383484
(11,45): 0.5557435154914856
(11,46): 0.5393283367156982
(12,2): 0.4661695957183838
(12,11): 0.49151432514190674
(12,13): 0.4535007178783417
(12,14): 0.4807676374912262
(12,19): 0.5232681632041931
(12,20): 0.48390504717826843
(12,21): 0.5642325282096863
(12,22): 0.49552038311958313
(12,28): 0.5379495620727539
(12,36): 0.4638444185256958
(12,50): 0.5022093653678894
(12,53): 0.5160211324691772
(12,55): 0.4601736068725586
(12,57): 0.4520600140094757
(13,2): 0.438824325799942
(13,12): 0.43579673767089844
(13,14): 0.4530653953552246
(13,19): 0.4531760513782501
(13,21): 0.5105828642845154
(13,22): 0.4888855814933777
(13,23): 0.5257095694541931
(13,28): 0.4861011803150177
(13,32): 0.4555002450942993
(13,36): 0.4987960457801819
(13,47): 0.4805259108543396
(13,48): 0.4093030095100403
(13,51): 0.5038198828697205
(13,54): 0.46847009658813477
(14,11): 0.5219714641571045
(14,12): 0.4155472218990326
(14,13): 0.5447999238967896
(14,19): 0.5004634857177734
(14,20): 0.45737984776496887
(14,21): 0.4754307270050049
(14,28): 0.5268459320068359
(14,36): 0.48178455233573914
(14,43): 0.5043242573738098
(14,53): 0.5338660478591919
(15,7): 0.4475643038749695
(15,10): 0.5043661594390869
(15,16): 0.4304492175579071
(15,17): 0.5253027081489563
(15,26): 0.4838488698005676
(15,27): 0.5179819464683533
(15,29): 0.4807378351688385
(15,30): 0.5605167746543884
(15,31): 0.5075121521949768
(15,34): 0.507885217666626
(15,35): 0.47933298349380493
(15,50): 0.4662317633628845
(16,7): 0.5064204931259155
(16,15): 0.4250088930130005
(16,17): 0.5355769991874695
(16,27): 0.5024177432060242
(16,29): 0.5572764873504639
(16,30): 0.5075398087501526
(16,34): 0.3761390149593353
(16,35): 0.4361586570739746
(16,49): 0.491014301776886
(16,50): 0.4403669536113739
(16,57): 0.4210098087787628
(16,58): 0.46851587295532227
(17,0): 0.5126470327377319
(17,7): 0.4082200229167938
(17,8): 0.4576663076877594
(17,9): 0.4818356931209564
(17,15): 0.4848856031894684
(17,16): 0.5436358451843262
(17,18): 0.4176180064678192
(17,27): 0.4318241477012634
(17,29): 0.4283190369606018
(17,35): 0.4479132890701294
(17,38): 0.5057204365730286
(17,42): 0.5122107267379761
(17,44): 0.48452579975128174
(17,49): 0.48474639654159546
(18,0): 0.38129523396492004
(18,7): 0.49991893768310547
(18,8): 0.4279158115386963
(18,9): 0.4587028920650482
(18,11): 0.45434051752090454
(18,17): 0.49299153685569763
(18,20): 0.37711066007614136
(18,27): 0.4038704037666321
(18,28): 0.4981306493282318
(18,29): 0.5046744346618652
(18,35): 0.4861319959163666
(18,57): 0.4443587362766266
(19,0): 0.4707241356372833
(19,2): 0.5079696774482727
(19,11): 0.5607278943061829
(19,12): 0.5254560708999634
(19,13): 0.43414145708084106
(19,14): 0.5072168707847595
(19,20): 0.4002779722213745
(19,21): 0.5128383040428162
(19,28): 0.516054630279541
(19,59): 0.5003058314323425
(20,0): 0.44964078068733215
(20,9): 0.4642859101295471
(20,11): 0.511231541633606
(20,12): 0.5011488795280457
(20,14): 0.48179107904434204
(20,18): 0.4685971140861511
(20,19): 0.4954544007778168
(20,21): 0.4520002603530884
(20,28): 0.4520200490951538
(20,36): 0.44179847836494446
(20,38): 0.4521780014038086
(21,2): 0.4588540494441986
(21,12): 0.4336661994457245
(21,13): 0.4689975678920746
(21,14): 0.5398976802825928
(21,19): 0.51816725730896
(21,20): 0.4416927397251129
(21,28): 0.42426660656929016
(21,36): 0.44796884059906006
(21,43): 0.47440099716186523
(22,2): 0.47993043065071106
(22,12): 0.4148697853088379
(22,13): 0.4745197594165802
(22,23): 0.48929622769355774
(22,24): 0.5225660800933838
(22,25): 0.5184776186943054
(22,32): 0.49987539649009705
(22,33): 0.4937213361263275
(22,37): 0.4521453380584717
(22,57): 0.4183672368526459
(23,2): 0.5184670686721802
(23,6): 0.6411557197570801
(23,13): 0.43518486618995667
(23,22): 0.3901418149471283
(23,24): 0.513543963432312
(23,25): 0.4604251980781555
(23,32): 0.47966039180755615
(23,33): 0.4166760742664337
(23,37): 0.4347343444824219
(23,59): 0.4500998556613922
(24,4): 0.5337437391281128
(24,5): 0.47071465849876404
(24,6): 0.47086063027381897
(24,22): 0.47279810905456543
(24,23): 0.4573339521884918
(24,25): 0.5113634467124939
(24,32): 0.4826183617115021
(24,33): 0.482837051153183
(24,54): 0.5406315326690674
(24,56): 0.4055469036102295
(25,2): 0.4013950824737549
(25,4): 0.4767650067806244
(25,5): 0.46246153116226196
(25,6): 0.454659104347229
(25,22): 0.44009727239608765
(25,23): 0.5179377198219299
(25,24): 0.49773940443992615
(25,32): 0.529861330986023
(25,33): 0.5416745543479919
(25,37): 0.4695284366607666
(25,51): 0.4428401589393616
(25,54): 0.5487738251686096
(25,55): 0.49053558707237244
(26,1): 0.5240383148193359
(26,3): 0.5109879970550537
(26,10): 0.33111774921417236
(26,15): 0.4803285598754883
(26,30): 0.46100178360939026
(26,31): 0.3719039857387543
(26,34): 0.4728337526321411
(26,35): 0.5137074589729309
(26,52): 0.5574126243591309
(27,0): 0.5790439248085022
(27,7): 0.4956517219543457
(27,8): 0.47450968623161316
(27,9): 0.4518154561519623
(27,15): 0.5549090504646301
(27,16): 0.47288355231285095
(27,17): 0.486176997423172
(27,18): 0.4864049553871155
(27,29): 0.4967831075191498
(27,30): 0.4472676217556
(27,35): 0.5093061327934265
(27,38): 0.48082393407821655
(27,43): 0.49854952096939087
(27,44): 0.46111592650413513
(28,0): 0.4665176570415497
(28,9): 0.5049254894256592
(28,11): 0.46357616782188416
(28,12): 0.4217872619628906
(28,13): 0.4435391426086426
(28,14): 0.49775615334510803
(28,18): 0.5115512609481812
(28,19): 0.4572533965110779
(28,20): 0.46630263328552246
(28,21): 0.4086321294307709
(28,36): 0.5832818746566772
(28,38): 0.3983525335788727
(28,42): 0.4522203505039215
(28,50): 0.5427742600440979
(28,57): 0.47886741161346436
(28,59): 0.5410022735595703
(29,7): 0.39521390199661255
(29,8): 0.4256187975406647
(29,9): 0.43534332513809204
(29,15): 0.5291277170181274
(29,16): 0.4217604994773865
(29,17): 0.4528873562812805
(29,18): 0.43289902806282043
(29,27): 0.596916913986206
(29,30): 0.47484931349754333
(29,34): 0.5829911231994629
(29,35): 0.46510377526283264
(29,38): 0.49981123208999634
(29,50): 0.5509368181228638
(29,58): 0.4028172492980957
(30,1): 0.3962823450565338
(30,3): 0.4503973722457886
(30,7): 0.4881128668785095
(30,10): 0.4685322642326355
(30,15): 0.48164036870002747
(30,16): 0.47341570258140564
(30,26): 0.4574829041957855
(30,27): 0.5264139175415039
(30,29): 0.46491724252700806
(30,31): 0.5027048587799072
(30,34): 0.4568651616573334
(30,35): 0.5022033452987671
(31,1): 0.4414104223251343
(31,3): 0.496295690536499
(31,10): 0.45948413014411926
(31,15): 0.5860227346420288
(31,26): 0.41669967770576477
(31,30): 0.5341430306434631
(31,34): 0.4128730595111847
(31,35): 0.4265262186527252
(32,2): 0.467364639043808
(32,6): 0.43887993693351746
(32,13): 0.4488493800163269
(32,22): 0.3785059154033661
(32,23): 0.4594672620296478
(32,24): 0.49224644899368286
(32,25): 0.459408700466156
(32,33): 0.4886499047279358
(32,37): 0.4633956253528595
(32,43): 0.48714253306388855
(33,2): 0.4584353566169739
(33,4): 0.5668233633041382
(33,5): 0.47451677918434143
(33,6): 0.36132246255874634
(33,22): 0.47112274169921875
(33,23): 0.49524807929992676
(33,24): 0.4460539221763611
(33,25): 0.43880900740623474
(33,32): 0.40573158860206604
(33,37): 0.5290752649307251
(33,43): 0.3883262574672699
(33,56): 0.5044584274291992
(34,1): 0.440390944480896
(34,3): 0.538533627986908
(34,7): 0.4902019798755646
(34,10): 0.43328046798706055
(34,15): 0.5268343091011047
(34,16): 0.47158899903297424
(34,26): 0.46133482456207275
(34,29): 0.5226821303367615
(34,30): 0.5415999293327332
(34,31): 0.4022381901741028
(34,35): 0.45107144117355347
(34,41): 0.47235801815986633
(34,42): 0.42175257205963135
(34,58): 0.48160260915756226
(35,7): 0.48646971583366394
(35,8): 0.44084423780441284
(35,15): 0.4589747488498688
(35,16): 0.48211953043937683
(35,17): 0.4030361771583557
(35,18): 0.4827258884906769
(35,26): 0.41732722520828247
(35,27): 0.3688714802265167
(35,29): 0.4843924641609192
(35,30): 0.39447125792503357
(35,31): 0.4876437783241272
(35,34): 0.5114624500274658
(35,38): 0.544242799282074
(36,0): 0.49330395460128784
(36,2): 0.43940985202789307
(36,11): 0.4403527081012726
(36,12): 0.42394644021987915
(36,13): 0.45911988615989685
(36,14): 0.5907775163650513
(36,20): 0.433504194021225
(36,21): 0.43328288197517395
(36,28): 0.5041640996932983
(37,4): 0.5244079828262329
(37,5): 0.5422826409339905
(37,6): 0.49501848220825195
(37,22): 0.4470737874507904
(37,23): 0.4586928188800812
(37,25): 0.5321341156959534
(37,32): 0.4584164619445801
(37,33): 0.3887442648410797
(38,0): 0.4492276608943939
(38,7): 0.3754805624485016
(38,8): 0.4298129081726074
(38,9): 0.4251215159893036
(38,11): 0.5005362033843994
(38,17): 0.4795159697532654
(38,20): 0.39990708231925964
(38,27): 0.43945077061653137
(38,28): 0.4440150558948517
(38,29): 0.5162597298622131
(38,35): 0.47964635491371155
(39,5): 0.5527857542037964
(40,6): 0.4564706087112427
(41,7): 0.4717975854873657
(41,34): 0.5460882782936096
(41,43): 0.5017527937889099
(42,7): 0.544707715511322
(42,17): 0.507343053817749
(42,28): 0.4208936393260956
(42,34): 0.45708009600639343
(42,53): 0.47711628675460815
(43,7): 0.5336036682128906
(43,14): 0.5152321457862854
(43,21): 0.516741156578064
(43,27): 0.42054131627082825
(43,32): 0.4475875496864319
(43,33): 0.40088793635368347
(43,41): 0.5555732250213623
(44,10): 0.4317266345024109
(44,17): 0.5001164078712463
(44,27): 0.538059651851654
(44,52): 0.5195053219795227
(45,11): 0.5205252170562744
(45,50): 0.50471431016922
(46,11): 0.5248184204101562
(46,59): 0.5570086240768433
(47,13): 0.4582225978374481
(47,51): 0.5878753662109375
(48,7): 0.3831203281879425
(48,13): 0.5381217002868652
(49,7): 0.48145630955696106
(49,16): 0.4878003001213074
(49,17): 0.49364498257637024
(50,8): 0.5227116942405701
(50,12): 0.5227486491203308
(50,15): 0.3949553966522217
(50,16): 0.5003982186317444
(50,28): 0.41185474395751953
(50,29): 0.42453062534332275
(50,45): 0.45255371928215027
(51,13): 0.5509277582168579
(51,25): 0.41922345757484436
(51,47): 0.5727270841598511
(52,26): 0.4736858010292053
(52,44): 0.5154638886451721
(53,12): 0.48673176765441895
(53,14): 0.4104354679584503
(53,42): 0.47190749645233154
(54,13): 0.4600468873977661
(54,24): 0.48042628169059753
(54,25): 0.5002423524856567
(54,55): 0.4257187247276306
(54,57): 0.527018129825592
(55,12): 0.539924144744873
(55,25): 0.5319350361824036
(55,54): 0.4197689890861511
(56,24): 0.35831424593925476
(56,33): 0.41741853952407837
(57,12): 0.44719934463500977
(57,16): 0.4311244785785675
(57,18): 0.506725549697876
(57,22): 0.5030720829963684
(57,28): 0.5441033244132996
(57,54): 0.46923741698265076
(58,16): 0.5959042906761169
(58,29): 0.48869454860687256
(58,34): 0.456653892993927
(59,19): 0.47265154123306274
(59,23): 0.4789346754550934
(59,28): 0.4391445517539978
(59,46): 0.469035804271698
