Interaction name: 5dyy

Affinity: 7.239999771118164
Predicted value: 7.169469356536865

Shapley values for edges: 

(0,1): 0.021533403396606445
(0,2): 0.026398768424987794
(0,19): -0.013796858787536621
(0,22): -0.009137582778930665
(0,23): -0.009013533592224121
(1,0): 0.027911062240600585
(1,2): 0.0024360322952270506
(1,10): -0.0009019136428833008
(1,11): -0.0024236297607421876
(1,19): -0.031355280876159665
(1,22): -0.012868390083312989
(1,23): 0.012894167900085449
(2,0): -0.007739720344543457
(2,1): -0.024505243301391602
(2,10): -0.0196437931060791
(2,11): -0.06828275680541993
(2,19): 0.014965171813964845
(2,22): -0.026902389526367188
(2,23): -0.018125219345092772
(3,8): -0.05004000663757324
(3,10): -0.030510563850402832
(3,11): -0.058376951217651366
(3,13): -0.02700076103210449
(3,14): -0.043131079673767087
(3,20): -0.04783368587493896
(4,8): 0.13114855766296388
(4,10): 0.10105995178222656
(4,11): 0.11658790588378906
(4,13): 0.05091265678405762
(4,14): 0.06285486698150634
(4,20): 0.10387698650360107
(5,8): 0.0036307239532470705
(5,14): -0.005103845596313477
(5,17): 0.0006554031372070313
(5,20): -0.004311332702636719
(5,21): 0.011802806854248046
(5,25): 0.008754472732543945
(6,7): -0.010919694900512695
(6,9): -0.009691777229309083
(6,12): -0.010501608848571778
(6,15): 0.006266336441040039
(6,16): 0.014007611274719238
(6,18): -0.009752192497253419
(6,19): 0.006849322319030762
(6,23): 0.008715596199035645
(6,24): 0.01692512512207031
(6,26): 0.05187987804412842
(7,6): -0.006380095481872559
(7,9): 0.0026082849502563478
(7,12): -0.02319206714630127
(7,15): -0.0053037691116333005
(7,16): 0.018016819953918458
(7,18): -0.0314728307723999
(7,19): 0.0007431316375732422
(7,22): 0.015368089675903321
(7,24): 0.008877902030944825
(7,30): 0.04981207370758057
(8,3): 0.01744894504547119
(8,4): -0.014418535232543946
(8,5): 0.007820191383361817
(8,14): 0.024068799018859863
(8,17): -0.002115063667297363
(8,20): -0.0015606069564819336
(8,21): 0.023988919258117677
(8,25): -0.0011633825302124023
(9,6): -0.005213017463684082
(9,7): -0.0027432680130004884
(9,12): 0.005077571868896485
(9,15): -0.0020045042037963867
(9,16): 0.0069772577285766605
(9,18): -0.013880977630615235
(9,19): 0.010869979858398438
(9,22): 0.01197406768798828
(9,23): 0.014432764053344727
(9,24): 0.021228690147399903
(10,1): -0.015321640968322755
(10,2): -0.012575850486755372
(10,3): -0.025773487091064452
(10,4): -0.07465730190277099
(10,11): -0.03278293132781982
(10,13): 0.05375007629394531
(10,26): 0.02888650894165039
(10,27): 0.06625963687896728
(10,31): -0.00046864509582519534
(11,1): -0.04426046848297119
(11,2): -0.030504369735717775
(11,3): -0.01827622890472412
(11,4): -0.04852280616760254
(11,10): 0.015826168060302733
(11,13): 0.02922513484954834
(11,19): 0.006067852973937988
(11,22): 0.010625705718994141
(12,6): 0.00332273006439209
(12,7): -0.006912145614624023
(12,9): -0.02018155574798584
(12,16): 0.0071238851547241215
(12,18): -0.013877515792846679
(12,19): 0.009865579605102539
(12,22): 0.008320021629333495
(12,23): 0.007890000343322753
(12,24): 0.021097774505615233
(12,26): 0.03687449932098388
(13,3): -0.007950682640075684
(13,4): -0.050711016654968265
(13,10): 0.003544473648071289
(13,11): -0.028354616165161134
(13,27): 0.05498695850372314
(13,28): -0.00045792102813720705
(13,30): 0.07972470760345458
(13,31): 0.0021858978271484374
(14,3): 0.0337024736404419
(14,4): -0.02041151523590088
(14,5): -0.0070720243453979495
(14,8): 0.016652088165283203
(14,17): 0.009949808120727538
(14,20): 0.014014630317687989
(14,21): 0.04353888511657715
(14,25): 0.019670863151550293
(14,26): 0.0389891242980957
(15,6): -0.0029584884643554686
(15,7): -0.01381385326385498
(15,9): -0.020430140495300293
(15,16): 0.03456051826477051
(15,18): -0.0029486083984375
(15,19): -0.0008542966842651367
(15,24): -0.010375151634216309
(16,6): 0.0031612682342529296
(16,7): -0.006463770866394043
(16,9): -0.017400622367858887
(16,12): -0.012402396202087402
(16,15): 0.01789365291595459
(16,18): -0.015186781883239747
(16,29): 0.05136865139007568
(16,31): -0.005780234336853028
(17,5): -0.00481447696685791
(17,8): -0.011144218444824218
(17,14): 0.01184107780456543
(17,20): -0.011899776458740234
(17,21): 0.023331189155578615
(17,25): -0.00313387393951416
(18,6): -0.005213212966918945
(18,7): -0.011611499786376954
(18,9): -0.006268882751464843
(18,12): -0.020851855278015138
(18,15): -0.003156619071960449
(18,16): 0.015572147369384766
(18,19): 0.013066926002502442
(18,22): 0.012231121063232422
(18,23): 0.005344390869140625
(18,24): 0.014276356697082519
(19,0): -0.0070417261123657225
(19,1): 0.0019401836395263672
(19,2): -0.022475156784057617
(19,6): -0.004749765396118164
(19,7): -0.009332528114318847
(19,9): -0.0066845321655273435
(19,11): -0.023300604820251467
(19,12): 0.00550178050994873
(19,15): 0.016435198783874512
(19,18): -0.0053270959854125974
(19,22): 0.01218977928161621
(19,23): -0.004906258583068848
(19,31): 0.016095118522644045
(20,3): 0.017583465576171874
(20,4): -0.036724395751953125
(20,5): -0.004107265472412109
(20,8): -0.0032032489776611327
(20,14): 0.024592876434326172
(20,17): 0.017407546043395995
(20,21): 0.038197627067565916
(20,25): 0.00512610912322998
(21,5): -0.010689835548400878
(21,8): -0.018624496459960938
(21,14): 0.017871742248535157
(21,17): 0.002338390350341797
(21,20): -0.012306547164916993
(21,30): 0.03940573692321778
(21,31): 0.013569788932800293
(22,0): -0.009223804473876954
(22,1): -0.013076848983764648
(22,2): -0.014620757102966309
(22,7): 0.004043140411376953
(22,9): -0.025455565452575685
(22,11): -0.004082722663879395
(22,12): -0.0166227912902832
(22,18): -0.0021293020248413087
(22,19): 0.002279362678527832
(22,23): 0.003775267601013184
(23,0): -0.017132625579833985
(23,1): -0.019208321571350096
(23,2): -0.027298665046691893
(23,6): -0.018078312873840333
(23,9): -0.015917038917541503
(23,12): -0.007704463005065918
(23,18): -0.013888201713562011
(23,19): 0.002215266227722168
(23,22): -0.0017415523529052735
(24,6): 0.00022722244262695312
(24,7): -0.0007774639129638672
(24,9): -0.013227629661560058
(24,12): -0.00011383533477783203
(24,15): 0.021645164489746092
(24,18): 0.011460943222045899
(25,5): 0.03518794536590576
(25,8): 0.09907111167907715
(25,14): 0.10613728523254394
(25,17): 0.04131152629852295
(25,20): 0.09022457122802735
(26,6): -0.025199689865112306
(26,10): 0.006776227951049805
(26,12): -0.03776060104370117
(26,14): 0.005048213005065918
(27,10): -0.0030310249328613283
(27,13): -0.005842027664184571
(27,29): -0.02025085926055908
(28,13): -0.004120907783508301
(29,16): -0.060963835716247555
(29,27): -0.05271030426025391
(30,7): -0.027463603019714355
(30,13): 0.01063704013824463
(30,21): -0.010424461364746094
(30,31): -0.019040799140930174
(31,10): 0.02221463680267334
(31,13): 0.028571133613586427
(31,16): 0.013931398391723632
(31,19): 0.00490412712097168
(31,21): 0.007359833717346192
(31,30): 0.046353025436401366
