Interaction name: 5zk8

Affinity: 8.890000343322754
Predicted value: 7.551848411560059

Attributions for edges: 

(0,4): 3.1158699452867785e-31
(0,7): 1.6895571322200747e-32
(0,8): 3.297394999196938e-33
(0,9): 9.956867382397176e-32
(0,10): 2.8334935739530117e-32
(1,2): 2.5582862487913223e-32
(1,3): 1.6508160710264369e-31
(1,4): 1.4982355818585593e-32
(1,5): 3.7263159441629494e-34
(1,6): 4.790455393707605e-34
(1,7): 8.124070128918262e-34
(1,8): 1.5855203261247847e-34
(1,9): 4.7876992267969115e-33
(1,10): 1.3624579211820224e-33
(1,11): 5.366447166433045e-34
(1,12): 1.600475966262854e-33
(1,15): 1.3691430861248434e-32
(1,16): 1.287948605640877e-32
(2,1): 2.5774071337753853e-32
(2,3): 2.3137795094240983e-30
(2,5): 5.222794501758365e-33
(2,6): 6.714239326220621e-33
(2,10): 1.909617462344081e-32
(2,11): 7.521598968408108e-33
(2,15): 1.9189727810718941e-31
(2,16): 1.8051717623755675e-31
(3,1): 1.6720094113257171e-31
(3,2): 2.326098878299812e-30
(3,5): 3.388118845041036e-32
(3,11): 4.8793932962908194e-32
(3,16): 1.1710465623174202e-30
(4,0): 3.107703550932746e-31
(4,1): 1.5071897631391542e-32
(4,6): 3.926283374860908e-33
(4,7): 6.658533383619122e-33
(4,8): 1.2994912805832803e-33
(4,9): 3.923994687359857e-32
(4,10): 1.116677903231719e-32
(5,1): 3.7090423761018525e-34
(5,2): 5.159939349451959e-33
(5,3): 3.3296415275706795e-32
(5,11): 1.0823946242653113e-34
(5,12): 3.2280819748007017e-34
(5,15): 2.7614953898517112e-33
(5,16): 2.5977493941241512e-33
(5,19): 7.328718712537402e-33
(5,20): 2.0640237146439765e-33
(5,21): 8.953406923691318e-33
(5,31): 5.511407017560038e-33
(6,1): 4.771742533832972e-34
(6,2): 6.638395696021598e-33
(6,4): 3.8877414864913374e-33
(6,7): 2.108098737574814e-34
(6,8): 4.1142035381869354e-35
(6,9): 1.2423315820776004e-33
(6,10): 3.5354147432344484e-34
(6,11): 1.3925287197149873e-34
(6,20): 2.6554200653304542e-33
(6,22): 8.481703081225412e-33
(6,27): 7.814068575048416e-33
(7,0): 1.67109672812438e-32
(7,1): 8.104508249881649e-34
(7,4): 6.603088253826712e-33
(7,6): 2.1112535164565813e-34
(7,8): 6.987718132857174e-35
(7,9): 2.110022828972568e-33
(7,10): 6.004636365641408e-34
(7,12): 7.0535772701606565e-34
(7,20): 4.510065828231919e-33
(7,23): 2.4219231735609767e-33
(7,24): 1.4549898793757766e-32
(8,0): 3.246298463818601e-33
(8,1): 1.5743943409708739e-34
(8,4): 1.2827261597466621e-33
(8,6): 4.101385311824758e-35
(8,7): 6.955485595621272e-35
(8,9): 4.098963035819221e-34
(8,10): 1.1664787453700873e-34
(8,23): 4.704865629643319e-34
(8,25): 1.5802014437760542e-33
(8,26): 2.4721797814914528e-33
(8,27): 2.578183106983722e-33
(9,0): 9.898395942398574e-32
(9,1): 4.8005010949613354e-33
(9,4): 3.911172688854675e-32
(9,6): 1.2505478284123674e-33
(9,7): 2.1208037652085393e-33
(9,8): 4.139030403615472e-34
(9,10): 3.556721542615812e-33
(9,25): 4.8182076398361685e-32
(10,0): 2.806899483633596e-32
(10,1): 1.3612941817747083e-33
(10,2): 1.893817495837885e-32
(10,4): 1.1090958177321213e-32
(10,6): 3.5462205668898784e-34
(10,7): 6.013942974822059e-34
(10,8): 1.1737097575431973e-34
(10,9): 3.544152936611629e-33
(10,28): 1.116260602737177e-32
(10,31): 2.0227831851185059e-32
(11,1): 5.346871052894527e-34
(11,2): 7.438565720885868e-33
(11,3): 4.7999719020982746e-32
(11,5): 1.0834770203819035e-34
(11,6): 1.3928794165159407e-34
(11,12): 4.6535300464684826e-34
(11,13): 4.0998880947720205e-33
(11,15): 3.9809394540703286e-33
(11,16): 3.744856842071027e-33
(11,17): 5.0655229085099435e-34
(11,18): 1.3903857384121406e-32
(11,22): 9.50398570241343e-33
(11,28): 4.384465358872511e-33
(12,1): 1.599572672322644e-33
(12,5): 3.2413097300785583e-34
(12,7): 7.066720766370788e-34
(12,11): 4.6679670456419996e-34
(12,13): 1.2265242503646123e-32
(12,14): 6.997382119871124e-33
(12,15): 1.1909306487636981e-32
(12,16): 1.1203131195116369e-32
(12,17): 1.5153925831243829e-33
(12,18): 4.1594844093959627e-32
(12,19): 3.160604852175259e-32
(13,11): 4.13781688936924e-33
(13,12): 1.2340521896556752e-32
(13,14): 6.202722224776333e-32
(13,15): 1.0556742133025753e-31
(13,16): 9.93077023231457e-32
(13,17): 1.3432967571493445e-32
(13,18): 3.6870835575547366e-31
(13,23): 4.237221320183779e-32
(14,12): 7.028842756802944e-33
(14,13): 6.192556549630422e-32
(14,15): 6.012848148771062e-32
(14,16): 5.656310132717504e-32
(14,17): 7.651071589627521e-33
(14,18): 2.1000676775180495e-31
(14,23): 2.4133933457410286e-32
(14,29): 3.3527762555650603e-31
(15,1): 1.3767792443645788e-32
(15,2): 1.915360016734077e-31
(15,5): 2.789871639809569e-33
(15,11): 4.017767692081591e-33
(15,12): 1.1982581662679457e-32
(15,13): 1.055682206664161e-31
(15,14): 6.022719362582092e-32
(15,16): 9.642651864950625e-32
(15,17): 1.3043241235685946e-32
(15,18): 3.580111455740077e-31
(16,1): 1.2949541111613963e-32
(16,2): 1.801525849097057e-31
(16,3): 1.1625010005055863e-30
(16,5): 2.6240431823711303e-33
(16,11): 3.7790115651181375e-33
(16,12): 1.1270344492728449e-32
(16,13): 9.92948189050607e-32
(16,14): 5.664817773081581e-32
(16,15): 9.641327670564423e-32
(16,17): 1.2268051200460619e-32
(16,18): 3.367362964964414e-31
(17,11): 5.0820519202859396e-34
(17,12): 1.5156470592842367e-33
(17,13): 1.3353266115771816e-32
(17,14): 7.61810411587474e-33
(17,15): 1.296585256509956e-32
(17,16): 1.2196936730971748e-32
(17,20): 9.691064893662828e-33
(17,21): 4.203830227654321e-32
(17,30): 3.3691986757173757e-32
(18,11): 1.4081173360103256e-32
(18,12): 4.199534383549241e-32
(18,13): 3.6998766976736057e-31
(18,14): 2.1107978250512255e-31
(18,15): 3.5925333747429564e-31
(18,16): 3.3794848978089637e-31
(19,5): 7.424277587051623e-33
(19,12): 3.1887494195434095e-32
(20,5): 2.083547757456173e-33
(20,6): 2.678534692371436e-33
(20,7): 4.542492207241336e-33
(20,17): 9.741102014757487e-33
(21,5): 9.075133771822782e-33
(21,17): 4.242849587135516e-32
(22,6): 8.58325330350898e-33
(22,11): 9.615208773836327e-33
(22,26): 5.173702345878653e-31
(23,7): 2.434854897116968e-33
(23,8): 4.751942800861309e-34
(23,13): 4.2260829234625625e-32
(23,14): 2.410982553764286e-32
(23,24): 9.89454502290528e-32
(24,7): 1.4702101802302236e-32
(24,23): 9.944947869679838e-32
(24,28): 2.728888036140145e-31
(25,8): 1.601636215921314e-33
(25,9): 4.8362902694348677e-32
(26,8): 2.5087363701050797e-33
(26,22): 5.171885972007763e-31
(27,6): 7.906177373642974e-33
(27,8): 2.616766137655571e-33
(28,10): 1.1237373345555822e-32
(28,11): 4.426141776396946e-33
(28,24): 2.7228986573238353e-31
(28,30): 2.934333415613019e-31
(29,14): 3.3741006634844573e-31
(30,17): 3.398163444268812e-32
(30,28): 2.9412817627207297e-31
(31,5): 5.5792675717490394e-33
(31,10): 2.0399549535321117e-32
