Interaction name: 4j5c

Affinity: 5.519999980926514
Predicted value: 6.236118316650391

Shapley values for edges: 

(0,1): -0.02681856632232666
(0,2): 0.01866765022277832
(0,13): 0.04619950771331787
(0,25): 0.02592090129852295
(0,27): 0.01579765319824219
(1,0): -0.022929697036743163
(1,2): 0.02117988109588623
(1,3): -0.0005798530578613281
(1,25): 0.001857881546020508
(1,26): 0.03397049903869629
(1,27): 0.014392666816711426
(2,0): 0.03415771007537842
(2,1): -0.006298179626464844
(2,3): 0.011366438865661622
(2,13): 0.0591710376739502
(2,20): -0.014615955352783204
(2,28): 0.021818599700927734
(3,1): -0.016302895545959473
(3,2): -0.009403233528137206
(3,16): 0.010525970458984376
(3,21): -0.046226029396057126
(3,22): 0.0003672647476196289
(3,28): -0.01399428367614746
(4,16): 0.006114654541015625
(4,17): -0.018097529411315916
(4,18): -0.04739503860473633
(4,22): -0.012753243446350098
(4,23): -0.05515007019042969
(5,6): -0.007889561653137207
(5,7): -0.024487600326538086
(5,31): -0.03278569221496582
(5,32): -0.0008132362365722656
(6,5): 0.011556897163391113
(6,7): -0.012494072914123536
(6,8): 0.004964795112609863
(6,10): -0.010417537689208984
(6,11): -0.015136642456054688
(6,19): -0.01811091899871826
(6,24): -0.012380247116088866
(6,29): 0.01245652198791504
(6,30): -0.004711060523986816
(6,32): 0.005223908424377441
(7,5): 0.019201788902282715
(7,6): -0.014241633415222167
(7,8): 0.009461297988891601
(7,9): 0.02703000545501709
(7,10): 0.0004857206344604492
(7,11): -0.012025761604309081
(7,19): -0.010570688247680664
(7,24): -0.02140857696533203
(7,29): 0.00336519718170166
(7,31): -0.017752656936645506
(7,36): -0.0015177059173583985
(8,6): -0.006868948936462402
(8,7): -0.005648117065429687
(8,9): 0.02500260829925537
(8,10): -0.012529492378234863
(8,19): -0.007824573516845703
(8,24): -0.01955803394317627
(8,29): 0.016681118011474608
(9,7): -0.007711973190307617
(9,8): 0.007140946388244629
(9,10): -0.023707528114318848
(9,19): -0.014484825134277344
(9,24): -0.033503332138061524
(9,33): 0.002232632637023926
(10,6): -0.0028914260864257814
(10,7): -0.0037043428421020506
(10,8): -0.005455765724182129
(10,9): 0.01314366340637207
(10,11): -0.014981894493103028
(10,12): -0.006401348114013672
(10,13): -0.0009883499145507812
(10,19): -0.020582122802734373
(10,24): -0.01007181167602539
(10,35): -0.002628536224365234
(11,6): -0.018855900764465333
(11,7): -0.018368716239929198
(11,10): -0.018974528312683106
(11,12): -0.022350044250488282
(11,19): -0.008749666213989258
(11,24): -0.014280467033386231
(11,29): 0.002797574996948242
(11,34): 0.010864367485046387
(11,35): -0.003975601196289063
(12,10): -0.01544386863708496
(12,11): -0.017710542678833006
(12,19): -0.000791778564453125
(12,24): -0.023894119262695312
(12,30): -0.0010854578018188476
(12,31): -0.014588456153869628
(12,36): -0.012991352081298828
(12,38): -0.012285547256469726
(13,0): -0.00513063907623291
(13,2): 0.009536361694335938
(13,10): 0.003620162010192871
(13,14): 0.04490816593170166
(13,15): 0.002390623092651367
(13,19): -0.00361846923828125
(13,20): 0.03252203941345215
(13,24): -0.005729479789733887
(13,32): 0.01620753765106201
(13,36): 0.0024515485763549807
(13,37): -0.005163755416870117
(14,13): 0.0011168766021728517
(14,15): -0.014727139472961425
(14,20): 0.03590282917022705
(14,29): -0.002231316566467285
(14,32): 0.008930439949035645
(14,37): -0.042667994499206545
(15,13): 0.010726065635681152
(15,14): 0.006189041137695313
(15,20): -0.006852803230285645
(15,36): 0.02441789150238037
(16,3): -0.021044926643371584
(16,4): -0.03342662334442139
(16,17): 0.007458677291870117
(16,18): -0.0006382942199707031
(16,21): -0.0006405067443847656
(16,22): 0.03184025287628174
(16,23): -0.006239299774169922
(16,31): -0.010055980682373046
(16,36): -0.00753544807434082
(17,4): -0.02877103805541992
(17,16): 0.02461801528930664
(17,18): -0.0008221149444580078
(17,21): -0.01852902889251709
(17,22): 0.04103358268737793
(17,23): 0.003691096305847168
(17,37): -0.04075132846832275
(18,4): -0.052633199691772464
(18,16): 0.016292247772216797
(18,17): 0.009013991355895996
(18,21): -0.02263359069824219
(18,22): 0.029236259460449218
(18,23): -0.009814972877502442
(19,6): -0.012100329399108887
(19,7): -0.016267867088317872
(19,8): 0.0072587203979492185
(19,9): 0.006513195037841797
(19,10): -0.012639155387878418
(19,11): -0.01633310317993164
(19,12): -0.002732858657836914
(19,13): -0.021347718238830568
(19,33): -0.003136730194091797
(19,36): 0.0001246356964111328
(20,2): -0.0525606632232666
(20,13): 0.011319441795349121
(20,14): -0.006188106536865234
(20,15): -0.0322616958618164
(20,35): 0.009599137306213378
(21,3): -0.03834520816802978
(21,16): 0.02222301483154297
(21,17): 0.011640400886535644
(21,18): -0.007351069450378418
(21,22): 0.027661042213439943
(21,23): -0.006573061943054199
(22,3): -0.03538410186767578
(22,4): -0.020212769508361816
(22,16): 0.02418701648712158
(22,17): 0.028075556755065918
(22,18): 0.00463381290435791
(22,21): -0.0014591407775878906
(22,23): 0.007997903823852539
(22,38): -0.008911261558532715
(23,4): -0.04067717075347901
(23,16): 0.01635429382324219
(23,17): 0.009811029434204102
(23,18): 0.004949603080749512
(23,21): -0.026876144409179688
(23,22): 0.031334147453308106
(24,6): -0.013196158409118652
(24,7): -0.02510671615600586
(24,8): 0.00160400390625
(24,9): 0.022012176513671874
(24,10): -0.011836485862731934
(24,11): -0.003204631805419922
(24,12): -0.002764148712158203
(24,13): 0.035644607543945314
(25,0): -0.01903402328491211
(25,1): -0.041727485656738283
(25,28): -0.04911890506744385
(25,36): 0.012066340446472168
(26,1): -0.06300116539001464
(26,27): -0.011448373794555664
(26,36): 0.002430152893066406
(27,0): -0.022832283973693846
(27,1): -0.038088712692260746
(27,26): 0.0008402776718139649
(27,29): -0.011097984313964844
(28,2): -0.02262472629547119
(28,3): -0.0024486255645751955
(28,25): 0.018068418502807618
(28,38): -0.03148691177368164
(29,6): 0.011055750846862793
(29,7): -0.0006493663787841797
(29,8): -0.013305010795593262
(29,11): -0.006070451736450195
(29,14): -0.0017486286163330078
(29,27): -0.019151434898376465
(30,6): -0.029571690559387208
(30,12): -0.030952005386352538
(31,5): -0.011708674430847167
(31,7): -0.03623619556427002
(31,12): 0.002312755584716797
(31,16): 0.029973249435424804
(32,5): -0.0032803678512573244
(32,6): 0.003023233413696289
(32,13): 0.013364005088806152
(32,14): 0.012722477912902833
(32,34): -0.0075815534591674805
(33,9): -0.02789395809173584
(33,19): -0.04854945659637451
(34,11): -0.028243846893310547
(34,32): -0.05503596782684326
(35,10): -0.03890786647796631
(35,11): -0.01932720184326172
(35,20): -0.01841477394104004
(36,7): -0.00508479118347168
(36,12): -0.022263493537902832
(36,13): 0.016244053840637207
(36,15): -0.029484744071960448
(36,16): 0.020321989059448244
(36,19): -0.009845790863037109
(36,25): -0.020522451400756835
(36,26): -0.007324233055114746
(36,37): -0.02408168315887451
(37,13): 0.023204164505004884
(37,14): 0.013277335166931152
(37,17): 0.02860863208770752
(37,36): 0.025712485313415526
(38,12): -0.005332856178283691
(38,22): 0.036673994064331056
(38,28): -0.11095721244812012
