Interaction name: 5jfu

Affinity: 8.069999694824219
Predicted value: 9.5336332321167

Shapley values for edges: 

(0,4): -0.04628307342529297
(0,17): -0.016014442443847657
(0,21): -0.007919802665710449
(0,29): 0.0017723703384399413
(0,30): -0.010631923675537109
(0,33): 0.007193422317504883
(0,39): -0.02131082534790039
(0,41): 0.09209198951721191
(0,43): 0.053295927047729494
(1,9): 0.10352426528930664
(1,11): -0.02607017993927002
(1,14): 0.022333879470825196
(1,41): -0.09437134742736816
(1,43): -0.03358209609985351
(1,44): -0.022601122856140136
(2,6): -0.00859267234802246
(2,7): 0.0026837635040283204
(2,12): -0.007989630699157715
(2,13): 0.01787160873413086
(2,22): -0.02949362277984619
(2,31): -0.008879966735839843
(2,32): -0.007898073196411132
(2,40): 0.014944896697998047
(2,42): 0.018492140769958497
(2,44): 0.00941220760345459
(3,10): -0.04075882911682129
(3,15): 0.009202380180358887
(3,16): 0.0009634971618652343
(3,29): 0.012000541687011718
(3,30): -0.010762152671813964
(3,38): 0.014674696922302246
(3,41): 0.027294611930847167
(3,43): 0.0351336669921875
(4,0): -0.048569107055664064
(4,11): -0.014684514999389648
(4,14): 0.07044815063476563
(4,27): -0.007963266372680664
(4,29): 0.0123175048828125
(4,30): 0.0029262876510620117
(4,37): -0.04405585289001465
(4,39): 0.004397525787353516
(4,42): 0.024804754257202147
(5,6): -0.022772445678710937
(5,9): -0.013829865455627442
(5,11): -0.040381250381469724
(5,13): -0.010246429443359375
(5,22): 0.0011429786682128906
(5,27): -0.0034340381622314452
(5,32): 0.0032820796966552736
(5,40): -0.010194087028503418
(5,42): 0.008348712921142578
(5,44): 0.011075382232666015
(6,2): -0.0013081026077270508
(6,5): 0.005342321395874023
(6,7): 0.011649284362792969
(6,9): 0.02980404853820801
(6,12): -0.029993176460266113
(6,13): 0.003985438346862793
(6,22): -0.035425424575805664
(6,31): -0.005695085525512695
(6,32): 0.02031151294708252
(6,40): 0.010825872421264648
(6,42): -0.020923562049865722
(6,44): -0.017157793045043945
(7,2): -0.02606292724609375
(7,6): 0.0017274904251098633
(7,12): -0.02657135009765625
(7,13): 0.012124977111816405
(7,22): -0.006787519454956054
(7,31): -0.012494993209838868
(7,32): -0.007227482795715332
(7,40): 0.005614471435546875
(7,44): -0.015835466384887694
(8,9): 0.05665099620819092
(8,11): -0.055344676971435545
(8,14): 0.021008052825927735
(9,1): 0.016187925338745118
(9,5): -0.009128189086914063
(9,6): -0.016213836669921874
(9,8): 0.2494700813293457
(9,11): -0.06634671688079834
(9,14): 0.02887765407562256
(9,23): -0.014469194412231445
(9,27): -0.008502912521362305
(9,37): -0.016715307235717774
(9,40): -0.024462475776672363
(9,46): 0.09652876853942871
(10,3): -0.002786703109741211
(10,15): -0.001208953857421875
(10,16): 0.004453897476196289
(10,29): 0.0003716659545898438
(10,30): -0.005881977081298828
(10,38): -0.011075091361999512
(10,39): -0.01563845157623291
(10,49): -0.009678993225097656
(11,1): 0.016173954010009765
(11,4): -0.04565980434417725
(11,5): -0.014003682136535644
(11,8): -0.015544753074645996
(11,9): -0.033409128189086916
(11,14): 0.009166121482849121
(11,21): -0.012892441749572754
(11,37): 0.004572520256042481
(11,58): -0.06715628623962402
(11,62): -0.0023359012603759765
(11,65): 0.005213165283203125
(12,2): 0.012534246444702149
(12,6): -0.027680120468139648
(12,7): -0.029455184936523438
(12,13): -0.008484764099121094
(12,22): 0.0013020610809326171
(12,23): 0.001233510971069336
(12,31): -0.010657896995544433
(12,32): 0.004715070724487304
(12,40): 0.007656984329223633
(12,58): -0.04538486480712891
(12,68): 0.0027402973175048827
(13,2): 0.008127202987670898
(13,5): -0.014244866371154786
(13,6): -0.017054901123046876
(13,7): -0.005019741058349609
(13,12): -0.00784332275390625
(13,22): -0.028235664367675783
(13,23): -0.004124622344970703
(13,31): 0.027777204513549803
(13,32): -0.013308634757995605
(13,34): 0.006611428260803223
(13,35): 0.00199007511138916
(13,40): -0.013333263397216797
(13,57): -0.001258726119995117
(13,59): -0.0026413726806640623
(14,1): -0.026774215698242187
(14,4): 0.027547764778137206
(14,8): 0.1781204605102539
(14,9): -0.04249456405639648
(14,11): 0.03437349796295166
(14,23): 0.00011825084686279297
(14,25): 0.0003026151657104492
(14,26): -0.0017858648300170899
(14,27): -0.01611124038696289
(14,34): -0.013379158973693848
(14,36): 0.00014459609985351563
(14,37): 0.0033918333053588865
(14,48): 0.0050932693481445315
(14,57): 0.00058258056640625
(14,58): -0.03612057209014893
(15,3): 0.020079889297485352
(15,10): -0.006018581390380859
(15,16): -0.014074172973632813
(15,38): 0.0026174259185791017
(15,47): 0.026432318687438963
(15,51): 0.029490280151367187
(15,52): -0.0057999324798583985
(15,65): -0.008943986892700196
(16,3): 0.0014706993103027345
(16,10): -0.016920127868652345
(16,15): -0.007224116325378418
(16,29): -0.0018985366821289062
(16,30): -0.013558106422424316
(16,38): -0.020046067237854005
(16,39): -0.025658941268920897
(16,48): -0.008239197731018066
(16,63): -0.004994449615478516
(16,66): -0.009401226043701172
(17,0): 0.04432459354400635
(17,18): -0.004593844413757324
(17,19): -0.005529909133911133
(17,20): -0.005759739875793457
(17,21): -0.011787395477294921
(17,33): -0.015796680450439454
(17,51): -0.0037309932708740235
(17,68): -0.007452182769775391
(18,17): 0.0031031036376953126
(18,19): -0.009537858963012695
(18,20): -0.005093069076538086
(18,21): 0.002741522789001465
(18,33): 0.0003131771087646484
(18,53): -0.009319338798522949
(18,59): -0.012932744026184082
(19,17): -0.0025525665283203124
(19,18): -0.007029237747192382
(19,20): 0.0019664716720581054
(19,21): -0.0012392997741699219
(19,33): -0.00825840950012207
(19,54): -0.01002784252166748
(19,55): -0.001935853958129883
(19,67): -0.0026562976837158202
(20,17): -0.006581802368164063
(20,18): -0.005845932960510254
(20,19): -0.007334623336791992
(20,21): 0.006401562690734863
(20,33): -0.0058913564682006835
(20,56): -0.010041508674621582
(20,57): -0.0012040376663208009
(21,0): 0.00868037223815918
(21,11): 0.07932327270507812
(21,17): -0.007688436508178711
(21,18): -0.00754831314086914
(21,19): -0.0018623161315917968
(21,20): -0.010752553939819337
(21,33): -0.005854997634887695
(21,55): 0.0004438018798828125
(21,58): 0.005959243774414063
(21,59): -0.006455426216125488
(21,65): -0.01445871353149414
(22,2): -0.00709066390991211
(22,5): -0.007355690002441406
(22,6): 0.004932937622070313
(22,7): 0.004581904411315918
(22,12): -0.003984494209289551
(22,13): -0.009344587326049805
(22,31): -0.014442100524902343
(22,32): -0.03745251655578613
(22,40): 0.0178594970703125
(22,50): 0.022289538383483888
(22,57): 0.006214218139648437
(22,58): -0.011101064682006835
(22,59): -0.01099341869354248
(22,60): -0.012313308715820313
(22,61): -0.001905202865600586
(23,9): 0.027200746536254882
(23,12): -0.007903995513916016
(23,13): 0.006190915107727051
(23,14): 0.020297994613647462
(23,24): -0.0030549335479736327
(23,25): -0.0033944272994995118
(23,26): -0.0073614501953125
(23,27): 0.008914570808410644
(23,28): -0.007991681098937988
(23,34): 0.011166563034057617
(23,35): -0.00045398712158203127
(23,36): -0.008100509643554688
(23,37): -0.025961332321166992
(23,58): 0.0033218526840209962
(23,61): -0.007607145309448242
(23,64): -0.01202167510986328
(23,68): -0.006326985359191894
(24,23): 0.0058365964889526365
(24,25): 0.00041136741638183596
(24,26): 0.0013200950622558594
(24,27): 0.02367037773132324
(24,28): -0.00046291351318359373
(24,34): -0.001047048568725586
(24,35): -0.001445469856262207
(24,36): -0.013247900009155274
(24,37): -0.0027457618713378905
(24,48): -0.012169127464294433
(24,62): 0.0036879682540893553
(24,64): -0.003069629669189453
(24,70): -0.0028878927230834963
(25,14): 0.004656186103820801
(25,23): -0.022201738357543944
(25,24): -0.0023673582077026367
(25,26): -0.0040473747253417965
(25,27): 0.0012239837646484376
(25,28): -0.00646688461303711
(25,34): -0.00018857479095458986
(25,35): -0.010355558395385742
(25,36): -0.0029924392700195314
(25,37): 0.0015512609481811524
(25,62): -0.011771516799926758
(25,66): -0.006801776885986328
(25,68): -0.0073384857177734375
(26,14): 0.0075509738922119145
(26,23): -0.0020761775970458986
(26,24): -0.004400262832641602
(26,25): 0.001011648178100586
(26,27): -0.003007230758666992
(26,28): -0.005836071968078613
(26,34): 0.0021546268463134765
(26,35): 0.00034650802612304685
(26,36): -0.004219875335693359
(26,37): 0.005630598068237304
(26,58): 0.014162340164184571
(26,62): -0.004268302917480469
(26,69): -0.009531946182250976
(27,4): 0.0008128070831298828
(27,5): -0.02063196659088135
(27,9): -0.042003936767578125
(27,14): 0.010341320037841797
(27,23): 0.0011299800872802733
(27,24): 0.005266647338867187
(27,25): 0.001481332778930664
(27,26): -0.0003036022186279297
(27,28): -0.0027988767623901368
(27,34): -0.012155013084411621
(27,35): -0.0048259544372558595
(27,36): 0.0008869314193725586
(27,37): 0.007676787376403808
(27,57): 0.006722683906555176
(27,58): -0.019005708694458008
(27,59): -0.0004305887222290039
(27,63): -0.01163057804107666
(27,67): 0.0038600873947143553
(28,23): -0.002448892593383789
(28,24): -0.0029869699478149415
(28,25): 0.0045779705047607425
(28,26): -0.004625339508056641
(28,27): 0.011881256103515625
(28,34): -0.0030328655242919922
(28,35): -0.004451360702514649
(28,36): -0.0018265247344970703
(28,37): -0.0044009780883789065
(28,68): -0.008532905578613281
(28,70): 0.002191171646118164
(29,0): -0.0006769466400146485
(29,3): 0.03522871017456055
(29,4): -0.0042785930633544925
(29,10): -0.009474287033081055
(29,16): -0.004261112213134766
(29,30): -0.011809530258178711
(29,38): -0.015308036804199218
(29,39): 0.001269984245300293
(29,57): 0.0009644031524658203
(29,67): 0.009893770217895509
(30,0): 0.02063077449798584
(30,3): 0.00982661247253418
(30,4): 0.0014514923095703125
(30,10): 0.00026828765869140624
(30,16): -0.014745683670043945
(30,29): -0.025733566284179686
(30,38): -0.010801758766174317
(30,39): -0.027974276542663573
(30,48): 0.006059656143188477
(30,62): 0.004389705657958984
(30,64): -0.00411376953125
(30,65): 0.0013289546966552734
(31,2): -0.010611839294433593
(31,6): -0.0028618669509887697
(31,7): -0.0020623111724853514
(31,12): -0.0023864984512329103
(31,13): -0.007931652069091797
(31,22): 0.02261486053466797
(31,32): -0.0037484216690063478
(31,40): -0.005725712776184082
(31,50): -0.002554302215576172
(31,58): -0.030480499267578124
(31,61): -0.007937164306640624
(32,2): -0.018632917404174804
(32,5): -0.01774831295013428
(32,6): -0.011266555786132813
(32,7): -0.04693653106689453
(32,12): 0.01838408946990967
(32,13): -0.011757340431213379
(32,22): -0.019323081970214845
(32,31): 0.003110527992248535
(32,40): -0.01656935691833496
(32,56): -0.0226308536529541
(33,0): 0.016948480606079102
(33,17): -0.016751060485839842
(33,18): -0.004342870712280273
(33,19): -0.008891410827636718
(33,20): -0.013490071296691894
(33,21): 0.010510940551757813
(33,55): -0.0038747215270996094
(33,62): 0.0016608905792236328
(33,64): -0.016071434020996093
(34,13): -0.00035506248474121094
(34,14): 0.01468672752380371
(34,23): -0.0018166208267211914
(34,24): -0.001812295913696289
(34,25): -0.0024831390380859377
(34,26): -0.02216585159301758
(34,27): -0.007120084762573242
(34,28): 0.00015934944152832032
(34,35): -0.009396524429321288
(34,36): -0.003586864471435547
(34,37): 0.005693769454956055
(34,50): 0.039584169387817385
(35,13): 0.002459859848022461
(35,23): 0.007596507072448731
(35,24): -0.0016344070434570312
(35,25): -0.012115235328674317
(35,26): -0.0017481422424316406
(35,27): -0.0036314821243286135
(35,28): -0.0019577789306640626
(35,34): -0.006757316589355469
(35,36): 3.819465637207031e-05
(35,37): -0.0037479066848754884
(35,61): -0.014215497970581055
(36,14): 0.024825620651245116
(36,23): -0.0009137535095214844
(36,24): 0.0008334779739379883
(36,25): -0.00017064094543457032
(36,26): 0.0012174654006958008
(36,27): -0.01006092071533203
(36,28): -0.0006087112426757812
(36,34): -0.001007080078125
(36,35): 0.0006112098693847656
(36,37): 0.01127182960510254
(36,63): -0.005657696723937988
(37,4): -0.010425624847412109
(37,9): 0.007841548919677734
(37,11): 0.03648655414581299
(37,14): -0.00578695297241211
(37,23): -0.0014270544052124023
(37,24): -0.0003150653839111328
(37,25): -0.002923307418823242
(37,26): -0.006413965225219726
(37,27): 0.002825813293457031
(37,28): -0.006524715423583984
(37,34): -0.001441354751586914
(37,35): -0.003150186538696289
(37,36): 0.00044675827026367186
(37,50): 0.015171928405761719
(37,58): 0.0019849395751953126
(38,3): -0.011406545639038085
(38,10): -0.007145404815673828
(38,15): -0.004899797439575196
(38,16): -0.0019402217864990235
(38,29): 0.004566893577575683
(38,30): 0.0012825679779052733
(38,39): -0.012237606048583984
(38,47): 0.009676504135131835
(38,51): 0.010165548324584961
(39,0): 0.018508362770080566
(39,4): -0.01504897117614746
(39,10): -0.001859602928161621
(39,16): -0.005884819030761719
(39,29): -0.006313819885253907
(39,30): 0.0037302684783935545
(39,38): -0.0017248964309692382
(39,57): 0.003411836624145508
(40,2): -0.010623397827148438
(40,5): -0.03756638050079346
(40,6): 0.007073431015014648
(40,7): -0.004453868865966797
(40,9): -0.010746192932128907
(40,12): 0.011382999420166016
(40,13): 0.011009631156921386
(40,22): -0.018936419486999513
(40,31): 0.000933084487915039
(40,32): -0.013428707122802735
(40,56): -0.005683498382568359
(40,57): 0.0003042507171630859
(41,0): -0.09099029541015625
(41,1): -0.029761381149291992
(41,3): -0.08538662910461425
(42,2): -0.017991552352905272
(42,4): -0.00986485481262207
(42,5): -0.0115944242477417
(42,6): 0.0018424177169799804
(42,44): -0.06470044136047363
(42,50): 0.010551247596740723
(42,58): 0.05661487579345703
(43,0): -0.06843704223632813
(43,1): -0.0017493724822998046
(43,3): -0.0427584171295166
(43,47): 0.07189805030822755
(43,51): 0.034466514587402346
(44,1): -0.004398555755615235
(44,2): 0.019011216163635256
(44,5): 0.007500391006469726
(44,6): 0.0034217596054077148
(44,7): 0.016818032264709473
(44,42): -0.06221325397491455
(44,50): 0.02192713737487793
(44,61): 0.03196208000183105
(46,9): 0.00029431819915771485
(46,58): 0.045734224319458006
(47,15): -0.01488300323486328
(47,38): -0.0002556610107421875
(47,43): -0.08980807781219483
(48,14): 0.02052154541015625
(48,16): 0.0026444387435913086
(48,24): 0.0006285476684570313
(48,30): -0.002216129302978516
(48,66): -0.0015308046340942382
(48,69): -0.008909320831298828
(49,10): -0.0028469085693359373
(49,52): -0.002612905502319336
(49,64): -0.004972162246704101
(50,22): -0.010454120635986329
(50,31): 0.015714831352233886
(50,34): 0.00393381118774414
(50,37): -0.004488248825073243
(50,42): -0.08416821956634521
(50,44): -0.04790962219238281
(51,15): -0.0032625389099121094
(51,17): -0.0014852333068847657
(51,38): -0.04099355697631836
(51,43): -0.0429254674911499
(52,15): 0.005556821823120117
(52,49): -0.009242415428161621
(52,64): -0.00045501708984375
(53,18): -0.005031461715698242
(54,19): -0.001196603775024414
(54,56): 0.0103324556350708
(55,19): -0.003952512741088867
(55,21): 0.0012081813812255858
(55,33): -0.0006826877593994141
(55,57): 0.0010103178024291992
(56,20): -0.0019523334503173829
(56,32): -0.059898242950439454
(56,40): 0.031226491928100585
(56,54): 0.005303497314453125
(56,57): -0.00804293155670166
(56,60): -0.01433659553527832
(57,13): 0.004742517471313477
(57,14): 0.016487274169921875
(57,20): -0.004831161499023438
(57,22): 0.0034697532653808595
(57,27): 0.004652333259582519
(57,29): 0.0005918502807617188
(57,39): -0.012742400169372559
(57,40): 0.04107814788818359
(57,55): -0.013940467834472656
(57,56): -0.013700618743896484
(58,11): 0.020925803184509276
(58,12): 0.014663991928100585
(58,14): -0.0004720783233642578
(58,21): -0.0023469924926757812
(58,22): -0.008589029312133789
(58,23): -0.0014521217346191407
(58,26): -0.002268795967102051
(58,27): -0.01019007682800293
(58,31): -0.026359515190124513
(58,37): 0.0014110517501831055
(58,42): -0.0668269681930542
(58,46): -0.15243802547454835
(59,13): 0.015265836715698242
(59,18): -0.00849616527557373
(59,21): 0.004875974655151367
(59,22): 0.003066253662109375
(59,27): 0.002935347557067871
(59,60): -0.010068082809448242
(60,22): -0.0017438220977783203
(60,56): -0.01036879539489746
(60,59): -0.009426851272583008
(61,22): 0.0008473443984985352
(61,23): -0.00701700210571289
(61,31): -0.010570268630981445
(61,35): 0.0005725526809692383
(61,44): -0.056053085327148436
(62,11): 0.005488786697387695
(62,24): 0.002831244468688965
(62,25): 0.006930503845214844
(62,26): -0.0036986303329467774
(62,30): 0.004933195114135742
(62,33): -0.0067221450805664065
(62,63): -0.0046244049072265625
(63,16): -0.008276019096374512
(63,27): 0.0032733917236328126
(63,36): -0.00038365840911865236
(63,62): 0.0021974468231201172
(64,23): 6.511688232421875e-05
(64,24): 0.0036793994903564454
(64,30): 0.004368586540222168
(64,33): -0.003058300018310547
(64,49): -0.005618162155151367
(64,52): -0.01208296298980713
(64,66): -0.004196758270263672
(65,11): 0.052901115417480465
(65,15): 0.002653236389160156
(65,21): 0.0015215682983398438
(65,30): -0.02489573001861572
(66,16): -0.00990283489227295
(66,25): 0.0020937490463256835
(66,48): -0.00027462959289550784
(66,64): -0.009552774429321289
(67,19): 0.0021860408782958985
(67,27): -0.0022447395324707033
(67,29): -0.005949850082397461
(68,12): 0.007431445121765137
(68,17): 0.00015262126922607422
(68,23): -0.0039757490158081055
(68,25): -0.004291114807128907
(68,28): 0.0030060482025146486
(69,26): -0.00732046127319336
(69,48): -0.0023379611968994143
(70,24): 0.0008312845230102539
(70,28): 0.005569581985473633
