Interaction name: 5b25

Affinity: 10.239999771118164
Predicted value: 7.635700225830078

Attributions for edges: 

(0,6): 0.546846330165863
(0,10): 0.45930808782577515
(0,11): 0.5133338570594788
(0,16): 0.5533306002616882
(0,18): 0.3938283324241638
(0,26): 0.4755578339099884
(0,28): 0.4191914200782776
(1,4): 0.4153518080711365
(1,5): 0.39178287982940674
(1,7): 0.46043965220451355
(1,13): 0.48061543703079224
(1,14): 0.5467544198036194
(1,15): 0.42334824800491333
(1,21): 0.5008421540260315
(1,29): 0.46464231610298157
(1,30): 0.4936011731624603
(2,4): 0.5394001007080078
(2,5): 0.4696595370769501
(2,30): 0.45509976148605347
(3,5): 0.46053367853164673
(3,8): 0.4713996648788452
(3,9): 0.5395690202713013
(3,12): 0.40162962675094604
(3,13): 0.4463534653186798
(3,14): 0.42755088210105896
(4,1): 0.38376903533935547
(4,2): 0.4852733016014099
(4,15): 0.531930685043335
(4,17): 0.35756394267082214
(4,19): 0.522480309009552
(4,20): 0.5207001566886902
(4,21): 0.4909389913082123
(4,22): 0.4490836262702942
(4,24): 0.44579005241394043
(4,25): 0.4361796975135803
(4,27): 0.4175949990749359
(4,29): 0.5612361431121826
(4,31): 0.5226045846939087
(5,1): 0.4527945816516876
(5,2): 0.4461401402950287
(5,3): 0.4667558968067169
(5,8): 0.39893388748168945
(5,9): 0.4573017656803131
(5,12): 0.3519517481327057
(5,13): 0.5853750109672546
(5,14): 0.43840473890304565
(6,0): 0.5686637163162231
(6,10): 0.5267263650894165
(6,11): 0.4490892291069031
(6,16): 0.47075799107551575
(6,48): 0.4771607518196106
(7,1): 0.46985000371932983
(7,15): 0.4925500452518463
(7,17): 0.5289027690887451
(7,18): 0.5392699241638184
(7,21): 0.5085832476615906
(7,26): 0.4599291980266571
(7,28): 0.4207473397254944
(7,29): 0.45436331629753113
(7,33): 0.4556160569190979
(8,3): 0.44192901253700256
(8,5): 0.4944947063922882
(8,9): 0.561491072177887
(8,12): 0.5412251949310303
(8,13): 0.41661766171455383
(8,14): 0.43134963512420654
(8,43): 0.5273818969726562
(8,49): 0.47293612360954285
(9,3): 0.3904707431793213
(9,5): 0.4152347147464752
(9,8): 0.4651380181312561
(9,12): 0.5012910962104797
(9,13): 0.4838143289089203
(9,14): 0.4425813853740692
(9,34): 0.43277707695961
(9,35): 0.46396130323410034
(9,36): 0.5335745811462402
(10,0): 0.46094417572021484
(10,6): 0.48538532853126526
(10,11): 0.42673593759536743
(10,18): 0.49684420228004456
(10,26): 0.48949745297431946
(10,28): 0.415375292301178
(10,34): 0.5000466704368591
(10,39): 0.4838034510612488
(10,44): 0.48148053884506226
(10,49): 0.4009738862514496
(11,0): 0.5453671813011169
(11,6): 0.4245173931121826
(11,10): 0.5377896428108215
(11,16): 0.41472920775413513
(11,34): 0.460501104593277
(11,40): 0.45954254269599915
(12,3): 0.41053107380867004
(12,5): 0.4931918680667877
(12,8): 0.4500841796398163
(12,9): 0.4692913889884949
(12,13): 0.386798232793808
(12,14): 0.5079911351203918
(13,1): 0.4384988248348236
(13,3): 0.4058918058872223
(13,5): 0.5226371884346008
(13,8): 0.49658820033073425
(13,9): 0.4303116798400879
(13,12): 0.5055118799209595
(13,14): 0.5514488816261292
(13,32): 0.524210512638092
(13,38): 0.5015979409217834
(13,44): 0.3914070129394531
(14,1): 0.4520438313484192
(14,3): 0.41035130620002747
(14,5): 0.44200101494789124
(14,8): 0.3838227689266205
(14,9): 0.39808183908462524
(14,12): 0.46721068024635315
(14,13): 0.4823921322822571
(14,33): 0.4227744936943054
(14,41): 0.4675755202770233
(14,43): 0.5303424000740051
(15,1): 0.47253358364105225
(15,4): 0.5935579538345337
(15,7): 0.4776327311992645
(15,17): 0.4860619008541107
(15,18): 0.41108962893486023
(15,19): 0.42999887466430664
(15,20): 0.48600998520851135
(15,21): 0.5153351426124573
(15,26): 0.4827725887298584
(15,28): 0.4484699070453644
(15,29): 0.493644118309021
(15,32): 0.5131241679191589
(15,38): 0.41773131489753723
(15,42): 0.5770930051803589
(15,44): 0.4766206741333008
(15,45): 0.6488810777664185
(15,49): 0.38252127170562744
(16,0): 0.4878767728805542
(16,6): 0.5240882039070129
(16,11): 0.4372607171535492
(16,34): 0.5067411065101624
(16,40): 0.48141995072364807
(16,43): 0.5324884653091431
(16,44): 0.5388756990432739
(16,48): 0.5262762904167175
(17,4): 0.5126358270645142
(17,7): 0.484429270029068
(17,15): 0.4441507160663605
(17,18): 0.45320555567741394
(17,21): 0.40738433599472046
(17,26): 0.5244919061660767
(17,28): 0.4698697030544281
(17,29): 0.5705755352973938
(17,46): 0.4514180123806
(17,47): 0.4556947648525238
(18,0): 0.4632418751716614
(18,7): 0.4079677164554596
(18,10): 0.3961333632469177
(18,15): 0.47349831461906433
(18,17): 0.44688713550567627
(18,21): 0.46034836769104004
(18,26): 0.4251023232936859
(18,28): 0.43355056643486023
(18,46): 0.4459354281425476
(18,48): 0.47270575165748596
(18,49): 0.443172425031662
(19,4): 0.5043197870254517
(19,15): 0.44715049862861633
(19,20): 0.5410484075546265
(19,22): 0.5280603766441345
(19,23): 0.4768756031990051
(19,24): 0.4730554521083832
(19,25): 0.4702630043029785
(19,27): 0.473401814699173
(19,29): 0.42485520243644714
(19,34): 0.4191702902317047
(20,4): 0.5114687085151672
(20,15): 0.41142982244491577
(20,19): 0.5359870195388794
(20,22): 0.47059836983680725
(20,23): 0.502056360244751
(20,24): 0.48584073781967163
(20,25): 0.3907148838043213
(20,27): 0.517715334892273
(20,29): 0.5075638294219971
(20,32): 0.43656086921691895
(20,44): 0.5050204396247864
(21,1): 0.49775975942611694
(21,4): 0.46439239382743835
(21,7): 0.5258177518844604
(21,15): 0.3526776134967804
(21,17): 0.4862147271633148
(21,18): 0.48524293303489685
(21,26): 0.4116671085357666
(21,28): 0.4289332926273346
(21,29): 0.5199126601219177
(21,32): 0.4964108169078827
(21,34): 0.48117202520370483
(21,44): 0.572283148765564
(21,49): 0.4920555353164673
(22,4): 0.5107318162918091
(22,19): 0.5434035658836365
(22,20): 0.5466848015785217
(22,23): 0.42810574173927307
(22,24): 0.42384281754493713
(22,25): 0.5763841271400452
(22,27): 0.39579516649246216
(23,19): 0.5396082997322083
(23,20): 0.47246986627578735
(23,22): 0.46136319637298584
(23,24): 0.5787200331687927
(23,25): 0.518692135810852
(23,27): 0.5154896974563599
(23,38): 0.4547254741191864
(24,4): 0.4377824068069458
(24,19): 0.47269824147224426
(24,20): 0.49337050318717957
(24,22): 0.4763946235179901
(24,23): 0.45634496212005615
(24,25): 0.39735329151153564
(24,44): 0.4662472605705261
(24,47): 0.513384222984314
(24,48): 0.4693053662776947
(24,49): 0.4282154440879822
(25,4): 0.45173972845077515
(25,19): 0.4628320634365082
(25,20): 0.45603346824645996
(25,22): 0.3957398235797882
(25,23): 0.5295398831367493
(25,24): 0.5028269290924072
(25,27): 0.4390076696872711
(25,37): 0.5062187314033508
(25,45): 0.4835076332092285
(25,46): 0.4165647625923157
(26,0): 0.4406457245349884
(26,7): 0.4534456133842468
(26,10): 0.44146841764450073
(26,15): 0.5199864506721497
(26,17): 0.4624482989311218
(26,18): 0.5402876138687134
(26,21): 0.43203189969062805
(26,39): 0.4925650954246521
(27,4): 0.49588295817375183
(27,19): 0.42031726241111755
(27,20): 0.40937259793281555
(27,22): 0.5431454181671143
(27,23): 0.47733190655708313
(27,25): 0.5661558508872986
(28,0): 0.494421124458313
(28,7): 0.4822874963283539
(28,10): 0.4150462746620178
(28,15): 0.47000306844711304
(28,17): 0.5399564504623413
(28,18): 0.45939019322395325
(28,21): 0.5235152840614319
(29,1): 0.4353417158126831
(29,4): 0.47895917296409607
(29,7): 0.5696352124214172
(29,15): 0.5601692795753479
(29,17): 0.48358869552612305
(29,19): 0.4451998174190521
(29,20): 0.5009822249412537
(29,21): 0.4987541437149048
(29,50): 0.5116967558860779
(30,1): 0.3905758559703827
(30,2): 0.4645901322364807
(30,31): 0.4422193765640259
(30,37): 0.4585573673248291
(30,47): 0.5144535303115845
(31,4): 0.34240594506263733
(31,30): 0.4911307692527771
(31,47): 0.536818265914917
(31,49): 0.42292851209640503
(31,50): 0.5750986337661743
(32,13): 0.414527952671051
(32,15): 0.4201693832874298
(32,20): 0.527759850025177
(32,21): 0.4357551038265228
(33,7): 0.49279963970184326
(33,14): 0.42059147357940674
(33,34): 0.37468820810317993
(34,9): 0.4638248383998871
(34,10): 0.4798961579799652
(34,11): 0.41365697979927063
(34,16): 0.4548032581806183
(34,19): 0.41229447722435
(34,21): 0.446770042181015
(34,33): 0.3686426877975464
(35,9): 0.4699380099773407
(36,9): 0.6035585403442383
(36,41): 0.3576343059539795
(36,50): 0.5510884523391724
(37,25): 0.4848107695579529
(37,30): 0.4656945466995239
(38,13): 0.5263007283210754
(38,15): 0.49977168440818787
(38,23): 0.4522298574447632
(39,10): 0.4373346269130707
(39,26): 0.4506819546222687
(39,40): 0.46250098943710327
(40,11): 0.4345325827598572
(40,16): 0.45139455795288086
(40,39): 0.49452269077301025
(40,43): 0.4806249141693115
(41,14): 0.46133482456207275
(41,36): 0.3934130370616913
(41,49): 0.443997859954834
(41,50): 0.4308878779411316
(42,15): 0.49142229557037354
(43,8): 0.44521522521972656
(43,14): 0.4856983423233032
(43,16): 0.43940770626068115
(43,40): 0.4201919436454773
(44,10): 0.4149424731731415
(44,13): 0.42273151874542236
(44,15): 0.5419261455535889
(44,16): 0.48965907096862793
(44,20): 0.5263355374336243
(44,21): 0.5339176654815674
(44,24): 0.4725545048713684
(45,15): 0.4390653073787689
(45,25): 0.5242312550544739
(46,17): 0.5311075448989868
(46,18): 0.42444977164268494
(46,25): 0.5380882024765015
(47,17): 0.4351758360862732
(47,24): 0.5195475816726685
(47,30): 0.4587647020816803
(47,31): 0.43502184748649597
(48,6): 0.541671097278595
(48,16): 0.5293242335319519
(48,18): 0.5230433940887451
(48,24): 0.4612298011779785
(49,8): 0.45559409260749817
(49,10): 0.4862997233867645
(49,15): 0.4198008179664612
(49,18): 0.4760691523551941
(49,21): 0.5289190411567688
(49,24): 0.44179579615592957
(49,31): 0.5146488547325134
(49,41): 0.49937838315963745
(49,50): 0.45399346947669983
(50,29): 0.5402870178222656
(50,31): 0.4549729824066162
(50,36): 0.4615117907524109
(50,41): 0.5103020071983337
(50,49): 0.46574315428733826
