Interaction name: 2wxd

Affinity: 5.480000019073486
Predicted value: 6.490420818328857

Attributions for edges: 

(0,1): 0.3969581127166748
(0,2): 0.5286512970924377
(0,3): 0.41960015892982483
(0,4): 0.5523061156272888
(0,7): 0.48856431245803833
(0,8): 0.5296428799629211
(0,20): 0.48444610834121704
(0,25): 0.507411003112793
(1,0): 0.454426109790802
(1,2): 0.5955199003219604
(1,3): 0.4847256541252136
(1,4): 0.6050681471824646
(1,6): 0.4474504590034485
(1,8): 0.559672474861145
(1,20): 0.4121093451976776
(1,21): 0.4652615487575531
(1,25): 0.5614525675773621
(2,0): 0.46515050530433655
(2,1): 0.4128780961036682
(2,3): 0.439853310585022
(2,4): 0.474729061126709
(2,6): 0.47561195492744446
(2,7): 0.4619423449039459
(2,20): 0.5052558779716492
(2,21): 0.42375147342681885
(2,22): 0.45831599831581116
(2,25): 0.3912666440010071
(3,0): 0.5480546355247498
(3,1): 0.48328903317451477
(3,2): 0.4537048637866974
(3,4): 0.3910108804702759
(3,6): 0.3936765491962433
(3,7): 0.4019455313682556
(3,8): 0.4671276807785034
(3,10): 0.5114924311637878
(3,12): 0.5335419774055481
(3,20): 0.5203577280044556
(3,21): 0.3090135157108307
(3,22): 0.4200575351715088
(4,0): 0.37165603041648865
(4,1): 0.5899078845977783
(4,2): 0.44846540689468384
(4,3): 0.5427172780036926
(4,6): 0.4999493360519409
(4,7): 0.6146283745765686
(4,8): 0.4477064609527588
(4,10): 0.44903117418289185
(4,12): 0.510222315788269
(4,15): 0.43136852979660034
(4,16): 0.40994781255722046
(4,21): 0.5012534856796265
(4,22): 0.4247450530529022
(5,11): 0.4734554588794708
(5,23): 0.45063555240631104
(5,24): 0.4032091498374939
(6,1): 0.5404854416847229
(6,2): 0.47786813974380493
(6,3): 0.5884793400764465
(6,4): 0.49667221307754517
(6,7): 0.5901312232017517
(6,8): 0.4755133390426636
(7,0): 0.4256187975406647
(7,2): 0.6275346279144287
(7,3): 0.5507431626319885
(7,4): 0.43329963088035583
(7,6): 0.4234219491481781
(7,8): 0.4072624146938324
(8,0): 0.4032365083694458
(8,1): 0.4642423093318939
(8,3): 0.40940091013908386
(8,4): 0.4931221902370453
(8,6): 0.4386299252510071
(8,7): 0.555724561214447
(9,11): 0.4115719199180603
(10,3): 0.4320247769355774
(10,4): 0.48674046993255615
(10,11): 0.5122610926628113
(10,12): 0.49578049778938293
(10,15): 0.46976739168167114
(10,16): 0.4295233488082886
(10,28): 0.32822757959365845
(11,5): 0.4556122124195099
(11,9): 0.5087839961051941
(11,10): 0.5756953358650208
(11,12): 0.4589836001396179
(11,30): 0.45237457752227783
(12,3): 0.4101548194885254
(12,4): 0.4910631477832794
(12,10): 0.6479721069335938
(12,11): 0.5161494612693787
(12,13): 0.44513535499572754
(12,14): 0.5363293886184692
(12,15): 0.607009768486023
(12,16): 0.585126519203186
(12,17): 0.42758747935295105
(12,19): 0.470302551984787
(12,28): 0.524389386177063
(12,29): 0.5103732347488403
(13,12): 0.4963306188583374
(13,14): 0.5086607933044434
(13,15): 0.4505932927131653
(13,16): 0.5569092035293579
(13,17): 0.4462818503379822
(13,18): 0.43165650963783264
(13,19): 0.5255957841873169
(13,28): 0.44478553533554077
(13,32): 0.4761026203632355
(14,12): 0.5619943141937256
(14,13): 0.4571739137172699
(14,15): 0.3976695239543915
(14,16): 0.31544730067253113
(14,17): 0.47796714305877686
(14,18): 0.47208309173583984
(14,19): 0.3154466152191162
(15,4): 0.48631545901298523
(15,10): 0.49084416031837463
(15,12): 0.38391754031181335
(15,13): 0.47033604979515076
(15,14): 0.4203444719314575
(15,16): 0.5107979774475098
(15,17): 0.3971935212612152
(15,18): 0.452589750289917
(15,19): 0.5117947459220886
(16,4): 0.36060476303100586
(16,10): 0.4661618173122406
(16,12): 0.5810667276382446
(16,13): 0.5453572869300842
(16,14): 0.5217861533164978
(16,15): 0.5033513903617859
(16,17): 0.576518177986145
(16,18): 0.4828939139842987
(16,19): 0.5685576796531677
(17,12): 0.5777553915977478
(17,13): 0.45121023058891296
(17,14): 0.4701429307460785
(17,15): 0.4242188036441803
(17,16): 0.5621536374092102
(17,18): 0.45461586117744446
(17,31): 0.5836827754974365
(18,13): 0.5751219391822815
(18,14): 0.43743136525154114
(18,15): 0.4048856198787689
(18,16): 0.578448474407196
(18,17): 0.5105979442596436
(18,19): 0.5206534266471863
(18,32): 0.5255394577980042
(19,12): 0.45373302698135376
(19,13): 0.6002625823020935
(19,14): 0.3601546287536621
(19,15): 0.5199189186096191
(19,16): 0.3550539016723633
(19,18): 0.46692684292793274
(20,0): 0.4914076030254364
(20,1): 0.41088441014289856
(20,2): 0.4271629750728607
(20,3): 0.4141587018966675
(20,22): 0.4964890778064728
(21,1): 0.5797143578529358
(21,2): 0.4269903600215912
(21,3): 0.4955630600452423
(21,4): 0.5063925981521606
(21,25): 0.45282629132270813
(22,2): 0.5177695751190186
(22,3): 0.4826399087905884
(22,4): 0.5082393288612366
(22,20): 0.3636530935764313
(23,5): 0.3966715931892395
(23,24): 0.39632347226142883
(23,27): 0.40320533514022827
(24,5): 0.5577003955841064
(24,23): 0.4437459111213684
(24,26): 0.46782851219177246
(25,0): 0.5780231952667236
(25,1): 0.5187392830848694
(25,2): 0.5087295770645142
(25,21): 0.47423118352890015
(26,24): 0.533595621585846
(26,27): 0.515139639377594
(27,23): 0.5398808121681213
(27,26): 0.5124314427375793
(28,10): 0.5472109913825989
(28,12): 0.41377320885658264
(28,13): 0.45440444350242615
(28,29): 0.4820854663848877
(29,12): 0.5687047839164734
(29,28): 0.5331408381462097
(29,31): 0.4651975631713867
(30,11): 0.40186724066734314
(31,17): 0.5338769555091858
(31,29): 0.44170063734054565
(32,13): 0.4281942546367645
(32,18): 0.40352296829223633
