Interaction name: 5b25

Affinity: 10.239999771118164
Predicted value: 7.635700225830078

Attributions for edges: 

(0,6): 1.5282225142726353e-25
(0,10): 1.3659292974249014e-25
(0,11): 1.3603704164929386e-25
(0,16): 1.1559591763583563e-25
(0,18): 1.3759178788587132e-25
(0,26): 1.4092131092182468e-25
(0,28): 1.3774724278800643e-25
(1,4): 3.876692983551796e-26
(1,5): 3.956591573964261e-27
(1,7): 3.8640548771823317e-26
(1,13): 5.9015369950644095e-27
(1,14): 5.360737792610418e-27
(1,15): 3.914796814166718e-26
(1,21): 3.810219126335282e-26
(1,29): 3.9663562698938973e-26
(1,30): 3.0320405071066106e-26
(2,4): 3.180401207772977e-26
(2,5): 3.2459492319466255e-27
(2,30): 2.487446991550583e-26
(3,5): 5.930307595835135e-28
(3,8): 6.32483193753043e-28
(3,9): 5.554287589045513e-28
(3,12): 3.9821947903484474e-28
(3,13): 8.845508308043888e-28
(3,14): 8.034930616769966e-28
(4,1): 3.8784830198793075e-26
(4,2): 3.1822457864365133e-26
(4,15): 8.575397519271353e-26
(4,17): 1.0070846683977065e-25
(4,19): 9.363243382374475e-26
(4,20): 9.109747244564778e-26
(4,21): 8.346319091668575e-26
(4,22): 9.843487110331054e-26
(4,24): 9.603108866558568e-26
(4,25): 9.95860718460367e-26
(4,27): 9.815627378127526e-26
(4,29): 8.688305085223857e-26
(4,31): 8.777584418172245e-26
(5,1): 3.953076751815754e-27
(5,2): 3.243448989692822e-27
(5,3): 5.931733265476468e-28
(5,8): 9.421240027829176e-28
(5,9): 8.273464744102103e-28
(5,12): 5.931755895153315e-28
(5,13): 1.3175948306488977e-27
(5,14): 1.1968542379823787e-27
(6,0): 1.5282400171239699e-25
(6,10): 1.3828952303058766e-25
(6,11): 1.3772727474634303e-25
(6,16): 1.1703217449925856e-25
(6,48): 1.4828493304161022e-25
(7,1): 3.865853541675994e-26
(7,15): 8.547408364575562e-26
(7,17): 1.0037977068727801e-25
(7,18): 1.0285511143727257e-25
(7,21): 8.319109553414273e-26
(7,26): 1.0534407852680966e-25
(7,28): 1.0297132050937294e-25
(7,29): 8.659980664643347e-26
(7,33): 3.834920333430015e-26
(8,3): 6.326593200464572e-28
(8,5): 9.421599213763804e-28
(8,9): 8.824174782049911e-28
(8,12): 6.326593200464572e-28
(8,13): 1.4052929173350455e-27
(8,14): 1.27652090791094e-27
(8,43): 2.9522478043224886e-27
(8,49): 7.483557481142305e-27
(9,3): 5.555346850514926e-28
(9,5): 8.273117113747141e-28
(9,8): 8.82346796576032e-28
(9,12): 5.555346850514926e-28
(9,13): 1.2339847228627063e-27
(9,14): 1.1209101980433235e-27
(9,34): 5.816650862393564e-27
(9,35): 3.6529016958695483e-28
(9,36): 3.0679904161903283e-27
(10,0): 1.3658510276319615e-25
(10,6): 1.3828003204782172e-25
(10,11): 1.230920683876983e-25
(10,18): 1.2449885390074024e-25
(10,26): 1.2751156300158586e-25
(10,28): 1.2463950533495081e-25
(10,34): 7.351789822504802e-26
(10,39): 1.3319481278563748e-25
(10,44): 8.460792053479877e-26
(10,49): 8.305665021658494e-26
(11,0): 1.3602873395788575e-25
(11,6): 1.3771676070959063e-25
(11,10): 1.230920683876983e-25
(11,16): 1.0417041373721217e-25
(11,34): 7.321870423781548e-26
(11,40): 9.962331470892928e-26
(12,3): 3.9822101977880025e-28
(12,5): 5.9303528551888285e-28
(12,8): 6.32483193753043e-28
(12,9): 5.554308292792415e-28
(12,13): 8.845508308043888e-28
(12,14): 8.034930616769966e-28
(13,1): 5.897689372221513e-27
(13,3): 8.849693353813042e-28
(13,5): 1.3179065424103968e-27
(13,8): 1.4055769920018426e-27
(13,9): 1.2343425606463735e-27
(13,12): 8.849727057587069e-28
(13,14): 1.785615162730937e-27
(13,32): 7.981414223626295e-27
(13,38): 6.526478150858735e-27
(13,44): 1.0663662249778242e-26
(14,1): 5.3569556513856304e-27
(14,3): 8.03830388306756e-28
(14,5): 1.1970687865781835e-27
(14,8): 1.2767058934820984e-27
(14,9): 1.1211667319119159e-27
(14,12): 8.038334216464184e-28
(14,13): 1.7855130884438846e-27
(14,33): 5.314091769357359e-27
(14,41): 5.6976226140406e-27
(14,43): 3.751016270956412e-27
(15,1): 3.9166336891104765e-26
(15,4): 8.575462846815067e-26
(15,7): 8.547506355891133e-26
(15,17): 1.0169870914295261e-25
(15,18): 1.0420618364888328e-25
(15,19): 9.455309612989589e-26
(15,20): 9.199320551459877e-26
(15,21): 8.428417941486706e-26
(15,26): 1.0672824591858472e-25
(15,28): 1.0432390881303588e-25
(15,29): 8.773734407176217e-26
(15,32): 5.300448250519727e-26
(15,38): 4.334210738164606e-26
(15,42): 1.0064818061027946e-25
(15,44): 7.081726373090299e-26
(15,45): 1.0019307566070098e-25
(15,49): 6.951883565876414e-26
(16,0): 1.1557872293329214e-25
(16,6): 1.1701253925828955e-25
(16,11): 1.0416047902018704e-25
(16,34): 6.221082206982086e-26
(16,40): 8.464634052607336e-26
(16,43): 2.77260942358029e-26
(16,44): 7.159520384296735e-26
(16,48): 1.121458837706581e-25
(17,4): 1.0071845086060235e-25
(17,7): 1.0038973005620643e-25
(17,15): 1.0170879793437329e-25
(17,18): 1.2239067243534366e-25
(17,21): 9.899180690239657e-26
(17,26): 1.2535236442233444e-25
(17,28): 1.225284889006761e-25
(17,29): 1.0304756268326739e-25
(17,46): 1.2714338682597724e-25
(17,47): 1.1334105734587452e-25
(18,0): 1.3758391160277075e-25
(18,7): 1.0286688272109267e-25
(18,10): 1.2449933461285436e-25
(18,15): 1.042177084136705e-25
(18,17): 1.2239159688171696e-25
(18,21): 1.0143370734558075e-25
(18,26): 1.284445019555745e-25
(18,28): 1.2555144086733795e-25
(18,46): 1.3027921985779556e-25
(18,48): 1.3349799421822688e-25
(18,49): 8.366400532087108e-26
(19,4): 9.363814690233178e-26
(19,15): 9.455814360709414e-26
(19,20): 1.0045025664175467e-25
(19,22): 1.08541381079477e-25
(19,23): 9.945775868942184e-26
(19,24): 1.05891202868387e-25
(19,25): 1.0980994337078225e-25
(19,27): 1.082341690607e-25
(19,29): 9.580350845740524e-26
(19,34): 6.719207809286312e-26
(20,4): 9.110129965363327e-26
(20,15): 9.199671841081734e-26
(20,19): 1.0044872206077499e-25
(20,22): 1.056007664697976e-25
(20,23): 9.676323786729228e-26
(20,24): 1.03022399252986e-25
(20,25): 1.0683577752072766e-25
(20,27): 1.0530148003792773e-25
(20,29): 9.320799584185673e-26
(20,32): 5.630945224547563e-26
(20,44): 7.523290648490179e-26
(21,1): 3.811963864790501e-26
(21,4): 8.346222332948169e-26
(21,7): 8.319046074763306e-26
(21,15): 8.428289135292025e-26
(21,17): 9.898047318985984e-26
(21,18): 1.0142053706624905e-25
(21,26): 1.038751825434332e-25
(21,28): 1.0153590797363763e-25
(21,29): 8.539260910538826e-26
(21,32): 5.158796257184441e-26
(21,34): 5.989036306520997e-26
(21,44): 6.89247063005921e-26
(21,49): 6.766097578233133e-26
(22,4): 9.844351159541304e-26
(22,19): 1.0854469676046926e-25
(22,20): 1.0560559824284207e-25
(22,23): 1.045621694583159e-25
(22,24): 1.1132538214756675e-25
(22,25): 1.1544565195934267e-25
(22,27): 1.1378857567221607e-25
(23,19): 9.945547222539187e-26
(23,20): 9.676286808874296e-26
(23,22): 1.0455617904581689e-25
(23,24): 1.0200332654890854e-25
(23,25): 1.0577936950912029e-25
(23,27): 1.0426065202919847e-25
(23,38): 4.558913452933736e-26
(24,4): 9.60376953756669e-26
(24,19): 1.0589201638119552e-25
(24,20): 1.0302514794020263e-25
(24,22): 1.1132324975793232e-25
(24,23): 1.0200721538665225e-25
(24,25): 1.126251784003381e-25
(24,44): 7.930975813201144e-26
(24,47): 1.0807409192669835e-25
(24,48): 1.24230333044174e-25
(24,49): 7.785562863870459e-26
(25,4): 9.959519921322914e-26
(25,19): 1.098149600331014e-25
(25,20): 1.0684107767993462e-25
(25,22): 1.154465271019094e-25
(25,23): 1.0578543387732917e-25
(25,24): 1.1262776685018335e-25
(25,27): 1.1512022218403571e-25
(25,37): 1.024920382056446e-25
(25,45): 1.1636397233468143e-25
(25,46): 1.2572492863672835e-25
(26,0): 1.4091596145881115e-25
(26,7): 1.053581301116839e-25
(26,10): 1.2751399121405974e-25
(26,15): 1.0674166887992513e-25
(26,17): 1.2535571708118163e-25
(26,18): 1.284464617818859e-25
(26,21): 1.0388983809993801e-25
(26,39): 1.3741816453101283e-25
(27,4): 9.816413773842418e-26
(27,19): 1.0823706565933635e-25
(27,20): 1.053063118109722e-25
(27,22): 1.1378857567221607e-25
(27,23): 1.0426582892888898e-25
(27,25): 1.151184595729506e-25
(28,0): 1.3773988419487492e-25
(28,7): 1.029831102821205e-25
(28,10): 1.2464094747129317e-25
(28,15): 1.0433544590377473e-25
(28,17): 1.2253035011937435e-25
(28,18): 1.2555144086733795e-25
(28,21): 1.0154868382251671e-25
(29,1): 3.968263094613236e-26
(29,4): 8.688471485571052e-26
(29,7): 8.660145832395378e-26
(29,15): 8.773835479979698e-26
(29,17): 1.0303851543476064e-25
(29,19): 9.579948403419345e-26
(29,20): 9.320551216260045e-26
(29,21): 8.539422996802946e-26
(29,50): 7.327794276141692e-26
(30,1): 3.0330010068884754e-26
(30,2): 2.488528901956142e-26
(30,31): 6.864106150135857e-26
(30,37): 6.833903870822372e-26
(30,47): 7.472948996785434e-26
(31,4): 8.777752051114604e-26
(31,30): 6.865232125818544e-26
(31,47): 9.877867887251882e-26
(31,49): 7.115874189525054e-26
(31,50): 7.403121864424148e-26
(32,13): 7.988084874581674e-27
(32,15): 5.298932774765087e-26
(32,20): 5.629098180693698e-26
(32,21): 5.1573796971917454e-26
(33,7): 3.8331361519295346e-26
(33,14): 5.317843095703037e-27
(33,34): 2.7595359029689985e-26
(34,9): 5.823666639994978e-27
(34,10): 7.349518149616798e-26
(34,11): 7.31960861165486e-26
(34,16): 6.21982495991439e-26
(34,19): 6.717465536021422e-26
(34,21): 5.987893690803591e-26
(34,33): 2.7602939489951093e-26
(35,9): 3.6511182847410457e-28
(36,9): 3.0705195473932976e-27
(36,41): 1.560391676504845e-26
(36,50): 2.709136319291527e-26
(37,25): 1.0248461798275487e-25
(37,30): 6.834972530829913e-26
(38,13): 6.531135819836241e-27
(38,15): 4.3324586041384e-26
(38,23): 4.556913875428275e-26
(39,10): 1.332004087676839e-25
(39,26): 1.3742183766460277e-25
(39,40): 1.0780480686113017e-25
(40,11): 9.961076689015561e-26
(40,16): 8.464376440217975e-26
(40,39): 1.0778629328176076e-25
(40,43): 2.6515124953554606e-26
(41,14): 5.701883926635551e-27
(41,36): 1.5606357303473978e-26
(41,49): 3.342721664973844e-26
(41,50): 3.4776443050090453e-26
(42,15): 1.0065739425913341e-25
(43,8): 2.9541517786655098e-27
(43,14): 3.7528771044686786e-27
(43,16): 2.7707059884976534e-26
(43,40): 2.6497529657582685e-26
(44,10): 8.458856262774175e-26
(44,13): 1.0674447457466811e-26
(44,15): 7.080915941769701e-26
(44,16): 7.158619357231553e-26
(44,20): 7.522114136405751e-26
(44,21): 6.891760038946929e-26
(44,24): 7.929554014679e-26
(45,15): 1.0020148812269806e-25
(45,25): 1.1636352860042225e-25
(46,17): 1.2714725717479348e-25
(46,18): 1.3028220273809342e-25
(46,25): 1.2573069718209778e-25
(47,17): 1.1333803748772172e-25
(47,24): 1.0807409192669835e-25
(47,30): 7.474574173509706e-26
(47,31): 9.878320249677219e-26
(48,6): 1.4828209807273208e-25
(48,16): 1.1216127888426156e-25
(48,18): 1.3350308483625588e-25
(48,24): 1.2423981170098829e-25
(49,8): 7.492526922079306e-27
(49,10): 8.30370088126401e-26
(49,15): 6.95098192251365e-26
(49,18): 8.364422216848233e-26
(49,21): 6.765322892172302e-26
(49,24): 7.784048004413402e-26
(49,31): 7.114897357857261e-26
(49,41): 3.3437290033719565e-26
(49,50): 5.805370382560497e-26
(50,29): 7.326927761741114e-26
(50,31): 7.402246721857418e-26
(50,36): 2.710449033141621e-26
(50,41): 3.478785688131287e-26
(50,49): 5.805503502838253e-26
