Interaction name: 5etj

Affinity: 10.180000305175781
Predicted value: 8.338083267211914

Attributions for edges: 

(0,3): 0.3963637351989746
(0,6): 0.5332469344139099
(0,10): 0.420592337846756
(0,16): 0.5577481389045715
(1,7): 0.48759785294532776
(1,11): 0.5291768908500671
(1,12): 0.48140814900398254
(1,13): 0.5067042112350464
(1,14): 0.4530010521411896
(1,16): 0.6017880439758301
(1,17): 0.48782604932785034
(2,12): 0.6071529984474182
(2,13): 0.44472822546958923
(2,14): 0.558635413646698
(2,22): 0.411907434463501
(3,0): 0.5158255100250244
(3,4): 0.5698527693748474
(3,5): 0.5074105858802795
(3,6): 0.41343724727630615
(3,10): 0.4453352987766266
(3,18): 0.478738933801651
(3,19): 0.4787382185459137
(4,3): 0.46407318115234375
(4,5): 0.5571181178092957
(4,10): 0.42923545837402344
(4,17): 0.4595910310745239
(4,18): 0.39177215099334717
(4,19): 0.555777907371521
(5,3): 0.4859733283519745
(5,4): 0.4560326337814331
(5,6): 0.3902505040168762
(5,7): 0.3913522958755493
(5,10): 0.4040200114250183
(5,11): 0.518929660320282
(5,15): 0.5569220781326294
(5,17): 0.5371614694595337
(6,0): 0.5259286761283875
(6,3): 0.3054302930831909
(6,5): 0.41965600848197937
(6,15): 0.4157523512840271
(6,20): 0.5974307060241699
(7,1): 0.5034810900688171
(7,5): 0.5458558797836304
(7,8): 0.5467868447303772
(7,12): 0.618102490901947
(7,13): 0.4489052891731262
(7,14): 0.4487949311733246
(7,15): 0.5152010321617126
(7,18): 0.43241041898727417
(8,7): 0.41218817234039307
(8,11): 0.5544225573539734
(8,12): 0.41978898644447327
(8,13): 0.4749707281589508
(8,14): 0.45008596777915955
(9,12): 0.3986824154853821
(9,13): 0.5435165762901306
(9,14): 0.4739658534526825
(10,0): 0.5947681665420532
(10,3): 0.4997546672821045
(10,4): 0.5980268120765686
(10,5): 0.48699524998664856
(10,18): 0.42627397179603577
(10,19): 0.6347367763519287
(11,1): 0.5533173680305481
(11,5): 0.4331856071949005
(11,8): 0.4204140305519104
(11,12): 0.4004746973514557
(11,13): 0.39888647198677063
(11,14): 0.4632117450237274
(11,15): 0.4092959761619568
(12,1): 0.49076294898986816
(12,2): 0.43914979696273804
(12,7): 0.5597415566444397
(12,8): 0.4541627764701843
(12,9): 0.43362700939178467
(12,11): 0.4859062731266022
(12,13): 0.5109588503837585
(12,14): 0.4959697425365448
(12,25): 0.4716237187385559
(12,26): 0.4299483895301819
(12,27): 0.3245481252670288
(13,1): 0.45828649401664734
(13,2): 0.5122334361076355
(13,7): 0.5825434923171997
(13,8): 0.5022104978561401
(13,9): 0.5077768564224243
(13,11): 0.4080839455127716
(13,12): 0.49054041504859924
(13,14): 0.6522772312164307
(13,28): 0.5200417041778564
(14,1): 0.4466480016708374
(14,2): 0.5404154062271118
(14,7): 0.6124870777130127
(14,8): 0.58965665102005
(14,9): 0.4769550561904907
(14,11): 0.47107449173927307
(14,12): 0.5253977179527283
(14,13): 0.5093963146209717
(14,29): 0.49993598461151123
(14,30): 0.5117393136024475
(15,5): 0.4512028396129608
(15,6): 0.5614616274833679
(15,7): 0.44489455223083496
(15,11): 0.43054836988449097
(16,0): 0.5303532481193542
(16,1): 0.45052218437194824
(16,20): 0.5237960815429688
(17,1): 0.5624260902404785
(17,4): 0.4582689702510834
(17,5): 0.39586517214775085
(17,25): 0.31382954120635986
(17,27): 0.4780953824520111
(17,28): 0.473626971244812
(18,3): 0.3130027651786804
(18,4): 0.5361060500144958
(18,7): 0.49327901005744934
(18,10): 0.4270590841770172
(18,19): 0.49141907691955566
(18,23): 0.46799948811531067
(19,3): 0.513087809085846
(19,4): 0.4442589581012726
(19,10): 0.497053861618042
(19,18): 0.561562180519104
(19,24): 0.40386900305747986
(20,6): 0.5165067315101624
(20,16): 0.6309145092964172
(21,25): 0.5992725491523743
(21,27): 0.5194306969642639
(21,28): 0.5071853995323181
(22,2): 0.628689706325531
(23,18): 0.48576533794403076
(23,24): 0.618846595287323
(24,19): 0.5835270881652832
(24,23): 0.49905940890312195
(25,12): 0.4666149616241455
(25,17): 0.47674646973609924
(25,21): 0.5728998184204102
(25,26): 0.45529553294181824
(25,27): 0.5853589177131653
(26,12): 0.5748584866523743
(26,25): 0.45617711544036865
(27,12): 0.40001416206359863
(27,17): 0.5840938687324524
(27,21): 0.5139672756195068
(27,25): 0.5243157148361206
(27,28): 0.5538222193717957
(27,30): 0.5034657120704651
(28,13): 0.6065441966056824
(28,17): 0.3593727946281433
(28,21): 0.5244304537773132
(28,27): 0.3576124608516693
(28,30): 0.5173003673553467
(29,14): 0.4917912781238556
(30,14): 0.4091442823410034
(30,27): 0.4412219226360321
(30,28): 0.46392396092414856
