Interaction name: 5jnl

Affinity: 6.570000171661377
Predicted value: 6.779228687286377

Attributions for edges: 

(0,1): 0.0
(0,5): 0.0
(0,9): 0.0
(0,10): 0.4935663342475891
(0,18): 0.49364790320396423
(0,26): 0.0
(0,27): 0.48731425404548645
(0,28): 0.486311674118042
(0,30): 0.4964539408683777
(0,31): 0.3671815097332001
(0,32): 0.5172543525695801
(1,0): 0.0
(1,9): 0.4578889012336731
(1,26): 0.5610632300376892
(1,27): 0.0
(1,28): 0.42785581946372986
(1,31): 0.48262113332748413
(1,32): 0.47309786081314087
(1,33): 0.4868839979171753
(2,3): 0.0
(2,4): 0.0
(2,7): 0.0
(2,8): 0.0
(2,10): 0.0
(2,18): 0.5061655640602112
(2,26): 0.0
(2,28): 0.4687865376472473
(2,29): 0.5368143916130066
(2,30): 0.47419020533561707
(2,31): 0.4889390468597412
(2,32): 0.4590745270252228
(2,33): 0.47634539008140564
(3,2): 0.0
(3,4): 0.0
(3,6): 0.0
(3,8): 0.0
(3,10): 0.0
(3,18): 0.6405352354049683
(3,26): 0.5183433890342712
(3,28): 0.5224999189376831
(3,29): 0.0
(3,30): 0.0
(3,31): 0.5030983090400696
(3,32): 0.49458998441696167
(3,33): 0.5212326645851135
(4,2): 0.0
(4,3): 0.0
(4,6): 0.0
(4,7): 0.0
(4,10): 0.0
(4,11): 0.4161721169948578
(4,18): 0.0
(4,26): 0.4522249400615692
(4,29): 0.4745095670223236
(4,30): 0.4398125410079956
(4,31): 0.3645927906036377
(4,32): 0.0
(4,33): 0.4361020624637604
(5,0): 0.0
(5,9): 0.5300620198249817
(6,3): 0.0
(6,4): 0.0
(6,7): 0.0
(6,8): 0.0
(6,10): 0.0
(6,18): 0.3524288237094879
(7,2): 0.0
(7,4): 0.0
(7,6): 0.0
(7,8): 0.0
(7,10): 0.0
(7,18): 0.4971015155315399
(8,2): 0.0
(8,3): 0.0
(8,6): 0.0
(8,7): 0.0
(8,10): 0.0
(8,11): 0.4386526346206665
(8,18): 0.0
(9,0): 0.0
(9,1): 0.5311768054962158
(9,5): 0.5780638456344604
(9,10): 0.0
(9,11): 0.0
(9,12): 0.44559118151664734
(9,18): 0.0
(9,35): 0.44785213470458984
(9,36): 0.5105030536651611
(9,45): 0.5859192609786987
(10,0): 0.5691446661949158
(10,2): 0.0
(10,3): 0.0
(10,4): 0.0
(10,6): 0.0
(10,7): 0.0
(10,8): 0.0
(10,9): 0.0
(10,11): 0.0
(10,12): 0.4757324755191803
(10,18): 0.0
(10,35): 0.5034937858581543
(10,36): 0.5031786561012268
(10,37): 0.5055122971534729
(10,43): 0.38567379117012024
(10,45): 0.45124632120132446
(11,4): 0.4377448260784149
(11,8): 0.47043511271476746
(11,9): 0.0
(11,10): 0.0
(11,12): 0.0
(11,13): 0.0
(11,14): 0.3081209659576416
(11,18): 0.0
(11,19): 0.5536494851112366
(11,22): 0.447125643491745
(11,25): 0.4429984986782074
(11,37): 0.4644109606742859
(11,38): 0.45483553409576416
(11,46): 0.49009957909584045
(12,9): 0.5521597862243652
(12,10): 0.42364636063575745
(12,11): 0.0
(12,13): 0.0
(12,14): 0.44876712560653687
(12,18): 0.0
(12,19): 0.0
(12,22): 0.3679789900779724
(12,25): 0.5595549941062927
(12,35): 0.5338013172149658
(13,11): 0.0
(13,12): 0.0
(13,14): 0.0
(13,15): 0.44235938787460327
(13,18): 0.4598292410373688
(13,19): 0.0
(13,21): 0.41985175013542175
(13,22): 0.0
(13,25): 0.0
(13,35): 0.44075649976730347
(13,37): 0.416524738073349
(13,38): 0.4478936493396759
(13,44): 0.44111526012420654
(13,45): 0.5379728078842163
(13,47): 0.4486103057861328
(14,11): 0.0
(14,12): 0.0
(14,13): 0.0
(14,15): 0.0
(14,19): 0.0
(14,20): 0.0
(14,21): 0.0
(14,22): 0.0
(15,13): 0.4720093607902527
(15,14): 0.0
(15,16): 0.0
(15,17): 0.5099959373474121
(15,19): 0.0
(15,20): 0.0
(15,21): 0.0
(15,22): 0.0
(15,23): 0.4742366075515747
(15,24): 0.0
(15,25): 0.0
(15,39): 0.5687872767448425
(15,40): 0.46837857365608215
(16,15): 0.0
(16,17): 0.0
(16,20): 0.0
(16,21): 0.4850999712944031
(16,23): 0.0
(16,24): 0.0
(16,39): 0.5089468359947205
(16,41): 0.6098984479904175
(17,15): 0.5566152334213257
(17,16): 0.0
(17,20): 0.0
(17,21): 0.0
(17,23): 0.0
(17,24): 0.0
(18,0): 0.5402984023094177
(18,2): 0.41260361671447754
(18,3): 0.6158987283706665
(18,4): 0.0
(18,6): 0.5385633707046509
(18,7): 0.4246639609336853
(18,8): 0.0
(18,9): 0.0
(18,10): 0.0
(18,11): 0.0
(18,12): 0.0
(18,13): 0.42485374212265015
(19,11): 0.38641685247421265
(19,12): 0.4841083288192749
(19,13): 0.0
(19,14): 0.0
(19,15): 0.0
(19,20): 0.0
(19,21): 0.0
(19,22): 0.0
(19,24): 0.38124093413352966
(19,25): 0.0
(19,40): 0.44791287183761597
(19,44): 0.4859413504600525
(20,14): 0.4461580216884613
(20,15): 0.0
(20,16): 0.0
(20,17): 0.0
(20,19): 0.0
(20,21): 0.0
(20,22): 0.0
(20,23): 0.0
(20,24): 0.0
(20,25): 0.42738646268844604
(20,45): 0.4237012267112732
(21,13): 0.0
(21,14): 0.0
(21,15): 0.0
(21,16): 0.4184362292289734
(21,17): 0.0
(21,19): 0.0
(21,20): 0.0
(21,22): 0.0
(21,23): 0.4953743517398834
(21,24): 0.0
(21,25): 0.0
(21,45): 0.41927921772003174
(21,47): 0.0
(22,11): 0.4620446264743805
(22,12): 0.4678860306739807
(22,13): 0.0
(22,14): 0.0
(22,15): 0.0
(22,19): 0.0
(22,20): 0.0
(22,21): 0.0
(22,24): 0.43858063220977783
(22,25): 0.0
(22,40): 0.37863636016845703
(23,15): 0.4081341326236725
(23,16): 0.0
(23,17): 0.0
(23,20): 0.0
(23,21): 0.46065405011177063
(23,24): 0.0
(23,42): 0.43469029664993286
(23,46): 0.3915988802909851
(24,15): 0.0
(24,16): 0.0
(24,17): 0.0
(24,19): 0.4001240134239197
(24,20): 0.0
(24,21): 0.0
(24,22): 0.3498293459415436
(24,23): 0.0
(24,45): 0.5597484707832336
(24,47): 0.46949487924575806
(25,11): 0.0
(25,12): 0.0
(25,13): 0.0
(25,15): 0.0
(25,19): 0.0
(25,20): 0.0
(25,21): 0.0
(25,22): 0.0
(26,0): 0.0
(26,1): 0.481563001871109
(26,2): 0.0
(26,3): 0.34733065962791443
(26,4): 0.45650967955589294
(27,0): 0.517211377620697
(27,1): 0.0
(27,28): 0.0
(27,45): 0.0
(28,0): 0.4858901798725128
(28,1): 0.0
(28,2): 0.5273953676223755
(28,3): 0.4148425757884979
(28,27): 0.0
(28,45): 0.0
(29,2): 0.5725039839744568
(29,3): 0.0
(29,4): 0.39818325638771057
(29,30): 0.36461251974105835
(29,37): 0.0
(30,0): 0.5063848495483398
(30,2): 0.46649062633514404
(30,3): 0.0
(30,4): 0.39555981755256653
(30,29): 0.5953530669212341
(30,32): 0.4645270109176636
(30,43): 0.0
(31,0): 0.5301271677017212
(31,1): 0.5128732323646545
(31,2): 0.45657962560653687
(31,3): 0.49505168199539185
(31,4): 0.44842329621315
(31,32): 0.46250858902931213
(32,0): 0.40565088391304016
(32,1): 0.44517144560813904
(32,2): 0.48652365803718567
(32,3): 0.49369344115257263
(32,4): 0.0
(32,30): 0.4281162917613983
(32,31): 0.4475494921207428
(32,43): 0.0
(33,1): 0.4562266170978546
(33,2): 0.5018761157989502
(33,3): 0.5479813814163208
(33,4): 0.6105989813804626
(35,9): 0.49781885743141174
(35,10): 0.46351563930511475
(35,12): 0.5069068670272827
(35,13): 0.4355919063091278
(36,9): 0.4677876830101013
(36,10): 0.48935458064079285
(37,10): 0.4947664141654968
(37,11): 0.5374013781547546
(37,13): 0.5092018842697144
(37,29): 0.0
(38,11): 0.41957810521125793
(38,13): 0.0
(38,40): 0.0
(38,43): 0.50101238489151
(39,15): 0.45531415939331055
(39,16): 0.5410560369491577
(39,46): 0.0
(40,15): 0.533223569393158
(40,19): 0.46494653820991516
(40,22): 0.5533404350280762
(40,38): 0.0
(41,16): 0.41342660784721375
(42,23): 0.48829737305641174
(43,10): 0.46960264444351196
(43,30): 0.0
(43,32): 0.0
(43,38): 0.410666286945343
(44,13): 0.42575445771217346
(44,19): 0.44658955931663513
(45,9): 0.49040311574935913
(45,10): 0.49961525201797485
(45,13): 0.5196775794029236
(45,20): 0.44090911746025085
(45,21): 0.5320051312446594
(45,24): 0.49474141001701355
(45,27): 0.0
(45,28): 0.0
(45,46): 0.4079475700855255
(46,11): 0.518345832824707
(46,23): 0.44323021173477173
(46,39): 0.0
(46,45): 0.4233045279979706
(47,13): 0.5321875810623169
(47,21): 0.4392942190170288
(47,24): 0.550020158290863
