Interaction name: 5nu1

Affinity: 9.0
Predicted value: 7.914510726928711

Attributions for edges: 

(0,1): 3.192127290017277e-28
(0,6): 8.590579702060155e-28
(0,7): 3.273877719849168e-28
(0,9): 6.069598071650512e-28
(0,24): 4.841930399005396e-28
(0,26): 4.179980573399725e-28
(0,32): 2.558896691001066e-28
(1,0): 3.1921147714726385e-28
(1,6): 8.520346814778186e-28
(1,7): 3.2471116269645604e-28
(1,9): 6.019951931026584e-28
(1,24): 4.802326057111503e-28
(1,26): 4.145790502061991e-28
(1,32): 2.5379760362389165e-28
(1,33): 3.8038832886710843e-28
(2,5): 3.9235557124421976e-27
(2,8): 2.259563796071292e-27
(2,10): 2.2372723125229765e-27
(2,17): 7.082938630434494e-27
(2,25): 2.1025727722125332e-27
(2,28): 1.4758670794031603e-27
(2,33): 9.935829249670001e-28
(3,5): 2.10544726117313e-26
(3,13): 8.066972351773335e-26
(3,14): 9.104744140792447e-26
(3,17): 3.800826443033703e-26
(3,29): 7.470013571401397e-26
(3,30): 8.430025861878676e-26
(4,11): 1.6432376946967602e-25
(4,17): 5.429934837731098e-26
(4,18): 1.2340612130963776e-25
(4,21): 1.4584626816073261e-25
(5,2): 3.924947774606001e-27
(5,3): 2.1041065057830454e-26
(5,8): 4.108087919691683e-27
(5,10): 4.0675598054999645e-27
(5,17): 1.287741240951844e-26
(5,25): 3.822650079679928e-27
(5,31): 2.1041065057830454e-26
(5,34): 5.341121425754856e-27
(6,0): 8.595595786600312e-28
(6,1): 8.52535326966862e-28
(6,7): 8.74365550293497e-28
(6,9): 1.621027885985526e-27
(6,26): 1.1163614404041725e-27
(6,35): 1.0071994230075129e-26
(6,44): 3.5783709033236844e-27
(6,47): 5.5560278593432615e-27
(6,50): 6.400512702846088e-27
(6,51): 1.837271685327314e-27
(6,53): 7.65699286523822e-27
(6,54): 4.1133098861428944e-27
(7,0): 3.273902756938445e-28
(7,1): 3.2471614604018714e-28
(7,6): 8.73868660367845e-28
(7,9): 6.174217475124543e-28
(7,24): 4.9253708323634865e-28
(7,26): 4.2520291311367655e-28
(7,36): 2.6829696721021096e-28
(8,2): 2.2596327443633012e-27
(8,5): 4.1067405391025895e-27
(8,9): 1.6458332858902504e-27
(8,10): 2.3417274341727515e-27
(8,24): 1.3129387024153472e-27
(8,25): 2.200730488130151e-27
(8,26): 1.1334484834637705e-27
(8,28): 1.5447730009534468e-27
(8,52): 1.1034864446515483e-26
(8,53): 7.774161820822873e-27
(8,56): 2.1789944427777965e-27
(9,0): 6.071866817125e-28
(9,1): 6.022272195127084e-28
(9,6): 1.6206941223261638e-27
(9,7): 6.176479479844226e-28
(9,8): 1.6454879666512218e-27
(9,10): 1.6292544957429762e-27
(9,24): 9.134723281862575e-28
(9,25): 1.5311501280848181e-27
(9,26): 7.885927194762559e-28
(9,28): 1.0747743536325328e-27
(9,37): 8.942234287640849e-28
(9,47): 3.924738233428051e-27
(9,50): 4.521293878144031e-27
(9,54): 2.9056235440778013e-27
(9,56): 1.516033215061831e-27
(10,2): 2.2373235422594972e-27
(10,5): 4.066194706355383e-27
(10,8): 2.341718382302013e-27
(10,9): 1.629590185332283e-27
(10,24): 1.2999761346281517e-27
(10,25): 2.1790029168695518e-27
(10,28): 1.5295273395136774e-27
(10,38): 2.3370512762677793e-27
(10,44): 3.597271594611912e-27
(10,53): 7.697408119935198e-27
(11,4): 1.6434946907885392e-25
(11,12): 1.7291287467977075e-25
(11,14): 1.6869163067212654e-25
(11,18): 1.6004700937582688e-25
(11,19): 2.3654770778005616e-25
(11,20): 2.221863470890879e-25
(11,21): 1.8914992473622497e-25
(11,39): 1.6541937400751156e-25
(11,40): 2.350904105171768e-25
(12,11): 1.7289176032460444e-25
(12,18): 1.2984063784639596e-25
(12,19): 1.9190081829819872e-25
(12,20): 1.802521160672043e-25
(12,21): 1.5345022168567439e-25
(12,22): 1.0768355647480737e-25
(12,39): 1.3419851502801478e-25
(12,41): 1.106167385356454e-25
(12,46): 1.3673576287014172e-25
(12,47): 4.3470596183071843e-26
(12,52): 8.503568036065487e-26
(13,3): 8.068203098044997e-26
(13,14): 1.1828439257868377e-25
(13,15): 1.1907167576209434e-25
(13,16): 1.086739590153607e-25
(13,18): 1.1222377145909704e-25
(13,21): 1.3263000070345088e-25
(13,22): 9.307298353052332e-26
(13,27): 1.0842591156447527e-25
(13,29): 9.704714151151034e-26
(13,30): 1.095187674150942e-25
(13,31): 8.068203098044997e-26
(13,35): 6.811131058862355e-26
(13,53): 5.177999781697124e-26
(14,3): 9.106794562848439e-26
(14,11): 1.6866847020898732e-25
(14,13): 1.1829341517528723e-25
(14,15): 1.3439830637821365e-25
(14,16): 1.2266175708985187e-25
(14,18): 1.2666896094719666e-25
(14,21): 1.4970240515472758e-25
(14,27): 1.2238273452248487e-25
(14,29): 1.0953967222908255e-25
(14,30): 1.236172032315426e-25
(14,31): 9.106794562848439e-26
(14,39): 1.3092089657443463e-25
(14,43): 1.1495390811850216e-25
(15,13): 1.190803039282452e-25
(15,14): 1.3439934175815175e-25
(15,16): 1.23479115595274e-25
(15,23): 1.1395276967406683e-25
(15,27): 1.2319682665072131e-25
(15,29): 1.1026833318647388e-25
(15,30): 1.24439504443574e-25
(15,39): 1.317922920518644e-25
(15,49): 1.4762007120992863e-25
(15,57): 1.2297333249551088e-25
(16,13): 1.086760297752369e-25
(16,14): 1.2265660484206465e-25
(16,15): 1.234720404990303e-25
(16,23): 1.0399610012906161e-25
(16,27): 1.1243330031109473e-25
(16,29): 1.0063435089253481e-25
(16,30): 1.1356699203951047e-25
(16,53): 5.369356483185946e-26
(16,57): 1.1222891138093262e-25
(17,2): 7.08791215192288e-27
(17,3): 3.7997396022474866e-26
(17,4): 5.427221895774237e-26
(17,5): 1.2881883648477329e-26
(17,31): 3.7997396022474866e-26
(17,35): 3.207693638052086e-26
(17,37): 4.0315973008344105e-27
(17,39): 5.462573341387035e-26
(17,44): 1.139627136355557e-26
(17,46): 5.565809965679595e-26
(17,53): 2.4385818347784034e-26
(17,56): 6.835021372413303e-27
(17,57): 5.097041698703653e-26
(18,4): 1.2340423543903622e-25
(18,11): 1.6002076742477663e-25
(18,12): 1.2983420369963775e-25
(18,13): 1.1222804856431753e-25
(18,14): 1.2666510292433207e-25
(18,19): 1.7761468289011428e-25
(18,20): 1.6683318531299063e-25
(18,21): 1.420260489898285e-25
(18,22): 9.966664659193404e-26
(18,41): 1.0238183803497072e-25
(18,44): 2.5912959074910627e-26
(18,53): 5.544851533801587e-26
(19,11): 2.3656121702305807e-25
(19,12): 1.9193594726038435e-25
(19,18): 1.7765533387863646e-25
(19,20): 2.466311990415273e-25
(19,21): 2.099601370457135e-25
(19,42): 2.3870874292610254e-25
(19,45): 3.228404872969873e-25
(20,11): 2.2219228819778036e-25
(20,12): 1.8027824708468974e-25
(20,18): 1.6686501092013564e-25
(20,19): 2.4662274343869946e-25
(20,21): 1.9720695559169977e-25
(20,35): 1.0127401847905589e-25
(20,40): 2.451052462279904e-25
(20,45): 3.0323083500358364e-25
(20,55): 2.30032949298095e-25
(21,4): 1.4585739849506722e-25
(21,11): 1.8913620595204511e-25
(21,12): 1.5345783912379043e-25
(21,13): 1.3264821845998083e-25
(21,14): 1.4971155101084749e-25
(21,18): 1.4204012522660603e-25
(21,19): 2.0993289669258007e-25
(21,20): 1.971881461894909e-25
(21,22): 1.1780168366039837e-25
(21,35): 8.620790917688582e-26
(21,46): 1.4958368158849182e-25
(22,12): 1.0766671922486156e-25
(22,13): 9.306624123497401e-26
(22,18): 9.965599696971356e-26
(22,21): 1.1777741386161118e-25
(22,29): 8.617930064311992e-26
(22,30): 9.725430378079236e-26
(22,35): 6.048386379984816e-26
(22,41): 8.490117341333886e-26
(22,46): 1.049477868555009e-25
(22,50): 3.8436199901004054e-26
(22,53): 4.598123229559922e-26
(22,54): 2.4701148546462623e-26
(22,57): 9.610879146474995e-26
(23,15): 1.1394147910236086e-25
(23,16): 1.0399174906813125e-25
(23,29): 9.286587056504788e-26
(23,30): 1.0480056568906403e-25
(23,43): 9.745633229121463e-26
(23,48): 8.243733277622823e-26
(23,50): 4.141858716080524e-26
(24,0): 4.84307584583982e-28
(24,1): 4.803517244782106e-28
(24,7): 4.926517242162883e-28
(24,8): 1.3124780199726497e-27
(24,9): 9.133504168207778e-28
(24,10): 1.2995349040778925e-27
(24,25): 1.2212843704374391e-27
(24,26): 6.290039531602589e-28
(24,28): 8.572673368402215e-28
(24,37): 7.132607882217755e-28
(24,44): 2.0161863401150104e-27
(24,56): 1.2092312267699833e-27
(25,2): 2.102540609182462e-27
(25,5): 3.821236061914759e-27
(25,8): 2.200629569401065e-27
(25,9): 1.5314190842015518e-27
(25,10): 2.1789197166959543e-27
(25,24): 1.2216663786419084e-27
(25,26): 1.0546459783012557e-27
(25,28): 1.4373788139120396e-27
(25,35): 9.515188623853335e-27
(25,54): 3.885929974676671e-27
(25,56): 2.027508497072074e-27
(26,0): 4.180618056211317e-28
(26,1): 4.1464708368148455e-28
(26,6): 1.1158802468075673e-27
(26,7): 4.2526459102014555e-28
(26,8): 1.1329512083521297e-27
(26,9): 7.884181820750458e-28
(26,24): 6.289464160031703e-28
(26,25): 1.0542316144737208e-27
(26,28): 7.400064662489727e-28
(27,13): 1.0842799465030312e-25
(27,14): 1.2237665782832434e-25
(27,15): 1.2319071297870585e-25
(27,16): 1.1243288122873883e-25
(27,29): 1.0040389257464547e-25
(27,30): 1.1330778960238715e-25
(27,42): 1.5600592147741252e-25
(27,50): 4.4780410353041914e-26
(28,2): 1.4755349527842507e-27
(28,8): 1.5443901260805026e-27
(28,9): 1.0747333313247174e-27
(28,10): 1.5291540942904552e-27
(28,24): 8.573490925663607e-28
(28,25): 1.4370773095792458e-27
(28,26): 7.4014190727231175e-28
(29,3): 7.470840026459132e-26
(29,13): 9.704342523708965e-26
(29,14): 1.0952713673626052e-25
(29,15): 1.102552800036828e-25
(29,16): 1.0062706625511316e-25
(29,22): 8.618160559607736e-26
(29,23): 9.286410179098695e-26
(29,27): 1.0039815484415516e-25
(29,31): 7.470840026459132e-26
(29,43): 9.430382224682187e-26
(29,54): 2.5756655222856025e-26
(30,3): 8.431569687322096e-26
(30,13): 1.0952212007394138e-25
(30,14): 1.2361154561973797e-25
(30,15): 1.2443286075563784e-25
(30,16): 1.1356742344781801e-25
(30,22): 9.726394267497803e-26
(30,23): 1.0480616167111044e-25
(30,27): 1.1330778960238715e-25
(30,31): 8.431569687322096e-26
(31,5): 2.10544726117313e-26
(31,13): 8.066972351773335e-26
(31,14): 9.104744140792447e-26
(31,17): 3.800826443033703e-26
(31,29): 7.470070270778959e-26
(31,30): 8.430025861878676e-26
(32,0): 2.5585454495274583e-28
(32,1): 2.5376469429596693e-28
(32,36): 2.0967329674351623e-28
(32,37): 3.768052084279489e-28
(33,1): 3.804288937665621e-28
(33,2): 9.931244573437387e-28
(34,5): 5.340184653429906e-27
(34,38): 3.069277900358151e-27
(35,6): 1.0080835018891844e-26
(35,13): 6.809416518988664e-26
(35,17): 3.208317947502859e-26
(35,20): 1.0122573772646604e-25
(35,21): 8.617437642543811e-26
(35,22): 6.047278893229596e-26
(35,25): 9.523866864182744e-27
(35,43): 6.617181593445201e-26
(35,52): 4.7754221831986734e-26
(36,7): 2.6826112083912105e-28
(36,32): 2.0967647452792446e-28
(36,37): 3.8838683629677015e-28
(37,9): 8.940903470049277e-28
(37,17): 4.0274168772971236e-27
(37,24): 7.132499067175897e-28
(37,32): 3.7694320130846424e-28
(37,36): 3.8852165139287725e-28
(38,10): 2.3370689948232677e-27
(38,34): 3.068809899381665e-27
(38,56): 2.1746514707532033e-27
(39,11): 1.6539475908207834e-25
(39,12): 1.3419545819200705e-25
(39,14): 1.3091889977026829e-25
(39,15): 1.3179078828576381e-25
(39,17): 5.465303539676199e-26
(40,11): 2.351047332729872e-25
(40,20): 2.451127157546867e-25
(40,46): 1.8593845966511859e-25
(41,12): 1.10601133880864e-25
(41,18): 1.0237207588126861e-25
(41,22): 8.490279427598006e-26
(41,47): 3.4274132787203063e-26
(42,19): 2.3869599789210257e-25
(42,27): 1.5603628029631188e-25
(43,14): 1.1494425689836485e-25
(43,23): 9.74570780112891e-26
(43,29): 9.430635522988473e-26
(43,35): 6.618772257504869e-26
(43,52): 7.142199340748894e-26
(44,6): 3.579299201556879e-27
(44,10): 3.598191418753351e-27
(44,17): 1.1391534346264355e-26
(44,18): 2.588954284827479e-26
(44,24): 2.0174172019424683e-27
(45,19): 3.2287990569034505e-25
(45,20): 3.0327826526551006e-25
(46,12): 1.3673369211026552e-25
(46,17): 5.568676982032008e-26
(46,21): 1.495734140707723e-25
(46,22): 1.0496260264937708e-25
(46,40): 1.859015804177995e-25
(47,6): 5.5589325468853864e-27
(47,9): 3.927583602327889e-27
(47,12): 4.344042841642296e-26
(47,41): 3.4255311059042555e-26
(48,23): 8.242978929382205e-26
(48,52): 6.040961226714424e-26
(48,53): 4.255895647352417e-26
(49,15): 1.4762738049925357e-25
(50,6): 6.4044204147032494e-27
(50,9): 4.52498627103341e-27
(50,22): 3.84189035093595e-26
(50,23): 4.1397891887994834e-26
(50,27): 4.475615904318219e-26
(51,6): 1.837033447793193e-27
(52,8): 1.104492935640485e-26
(52,12): 8.501071414559979e-26
(52,35): 4.775640968840356e-26
(52,43): 7.140836090497059e-26
(52,48): 6.040384988475063e-26
(53,6): 7.662457113676436e-27
(53,8): 7.779649950792399e-27
(53,10): 7.702871598001435e-27
(53,13): 5.175866775765116e-26
(53,16): 5.367021947944558e-26
(53,17): 2.438646854173326e-26
(53,18): 5.542334574475866e-26
(53,22): 4.596544583303107e-26
(53,48): 4.2546134402326415e-26
(54,6): 4.114737770603663e-27
(54,9): 2.9072201400016983e-27
(54,22): 2.4683531680075324e-26
(54,25): 3.887397918480283e-27
(54,29): 2.573760238310219e-26
(55,20): 2.30032949298095e-25
(55,57): 1.5980055197270353e-25
(56,8): 2.1788865907009108e-27
(56,9): 1.5162820452106459e-27
(56,17): 6.830095613987538e-27
(56,24): 1.2095911830765893e-27
(56,25): 2.0274928970395245e-27
(56,38): 2.1745519001750785e-27
(57,15): 1.229667627632846e-25
(57,16): 1.1222846764667343e-25
(57,17): 5.09939533917009e-26
(57,22): 9.611759835719964e-26
(57,55): 1.5976764168181384e-25
