Interaction name: 5lwe

Affinity: 9.960000038146973
Predicted value: 7.624704360961914

Shapley values for edges: 

(0,1): 0.010462775230407714
(0,5): 0.004958591461181641
(0,10): 0.0070640802383422855
(0,11): 0.008776326179504395
(0,13): 0.013193926811218261
(0,21): 0.006497883796691894
(0,25): 0.0018046808242797852
(0,26): 0.0014143896102905274
(0,27): 0.00696537971496582
(0,28): 0.004392867088317871
(1,0): 0.009137382507324219
(1,5): -0.00020072460174560546
(1,10): 0.018888511657714845
(1,11): 0.007922773361206054
(1,21): 0.01438560962677002
(1,25): 0.004956235885620117
(1,27): 0.016579580307006837
(1,28): 0.009286022186279297
(2,5): 0.0036768245697021483
(2,14): 0.009906377792358399
(2,15): 0.006986527442932129
(2,16): 0.0004793787002563477
(2,17): 0.0008605813980102539
(2,24): 0.007781000137329102
(2,27): 0.0025716447830200196
(2,28): 0.002379913330078125
(3,4): 0.009669365882873536
(3,16): 0.009803996086120606
(3,17): 0.0060745620727539066
(3,24): 0.009401779174804687
(3,29): 0.0062032175064086915
(4,3): 0.013310890197753906
(4,16): 0.011916899681091308
(4,17): 0.011749134063720704
(4,29): 0.0038438987731933593
(5,0): -0.00041554450988769533
(5,1): 0.0082142972946167
(5,2): 0.0015307712554931642
(5,10): 0.0018000078201293945
(5,11): 0.0022748374938964845
(5,13): 0.0025780963897705077
(5,14): 0.004160208702087402
(5,15): 0.0010898113250732422
(5,17): -0.002857398986816406
(5,21): 0.006646513938903809
(5,22): 0.006190533638000488
(5,24): -0.004826231002807617
(5,25): -0.0002957296371459961
(5,26): -0.00694028377532959
(6,7): -7.512569427490235e-05
(6,8): -0.0003392410278320313
(6,9): -0.001401667594909668
(6,12): -0.0009973859786987305
(6,19): -0.0008677625656127929
(6,20): -0.0014609193801879883
(6,30): -0.00022350311279296876
(7,6): -0.0004506063461303711
(7,8): 0.0015483427047729493
(7,9): -0.0016061735153198242
(7,12): 0.0002149677276611328
(7,19): -0.0007702350616455078
(7,20): -0.0019245433807373047
(7,31): 0.002374744415283203
(7,32): 0.005751848220825195
(7,37): -0.002797703742980957
(7,43): 0.009397006034851075
(7,47): 0.00039168834686279294
(8,6): -0.00011402606964111328
(8,7): 0.001076674461364746
(8,9): -0.0008648252487182618
(8,12): -0.00010022163391113282
(8,19): -0.0003750514984130859
(8,20): -0.003360710144042969
(8,31): 0.003944492340087891
(8,33): 0.011989006996154785
(8,34): 0.005069966316223144
(8,35): 0.0058034610748291015
(8,37): -0.0014111328125
(8,42): 0.0017533302307128906
(8,49): 0.0005742406845092773
(9,6): 0.003495469093322754
(9,7): 0.0032571601867675782
(9,8): 0.0032726335525512695
(9,10): -0.002934222221374512
(9,11): -0.002133607864379883
(9,12): 0.0008875465393066406
(9,19): 0.0004811573028564453
(9,20): -0.0021128177642822264
(9,21): -0.0012275409698486329
(9,25): -0.008963985443115234
(9,34): 0.009216160774230956
(10,0): -0.01325026512145996
(10,1): -0.030433955192565917
(10,5): -0.008295917510986328
(10,9): 0.004081735610961914
(10,11): -5.405426025390625e-05
(10,12): 0.0050488471984863285
(10,13): 0.0027106046676635743
(10,20): 0.0030351734161376954
(10,21): 0.0015788555145263671
(10,25): -0.005389981269836426
(10,26): -0.009321942329406738
(10,30): 0.0034180355072021486
(10,42): 0.009651451110839844
(10,44): 0.004440317153930664
(10,49): 0.0037943506240844726
(11,0): -0.012966275215148926
(11,1): -0.03571285724639892
(11,5): -0.004592800140380859
(11,9): 0.00644050121307373
(11,10): -0.0009696531295776367
(11,12): 0.004498610496520996
(11,19): 0.0018458890914916993
(11,20): 0.0013053560256958009
(11,21): 0.0003994178771972656
(11,25): -0.008814530372619629
(11,37): -0.00013656139373779296
(12,6): 0.0020855951309204103
(12,7): 0.0032804393768310547
(12,8): 0.0026346826553344726
(12,9): 0.0009843301773071289
(12,10): -0.004232697486877442
(12,11): -0.002776336669921875
(12,19): 0.0026978254318237305
(12,20): 0.00010498046875
(12,21): 0.00015632152557373046
(12,25): -0.010167684555053711
(12,30): 0.003809833526611328
(12,37): -0.0016573858261108398
(12,42): 0.004887633323669434
(13,0): -0.017075676918029786
(13,5): -0.005060396194458008
(13,10): -0.00015660762786865235
(13,14): 0.0024021482467651368
(13,15): -8.408546447753906e-05
(13,21): 0.0027116632461547854
(13,22): 0.005133681297302246
(13,23): -0.0005338621139526367
(13,25): -0.012464914321899414
(13,36): 0.0079364013671875
(13,37): 0.0011032819747924805
(13,40): 0.004245600700378418
(13,44): 0.0044159221649169925
(14,2): -0.007696681022644043
(14,5): -0.008094196319580077
(14,13): 0.0002129650115966797
(14,15): 0.0003346729278564453
(14,18): 0.008321967124938965
(14,22): 0.0006223869323730469
(14,23): 0.004309220314025879
(14,24): -0.00031414031982421873
(14,26): -0.012428054809570313
(14,37): 0.00021131038665771483
(14,38): 0.006225786209106445
(14,40): 0.0018577003479003907
(14,41): 0.010810565948486329
(14,47): 0.005524845123291016
(14,48): 0.009537200927734375
(15,2): -0.009872355461120606
(15,5): -0.006106863021850586
(15,13): 0.00030890464782714846
(15,14): 0.0020412969589233398
(15,17): 0.00011984348297119141
(15,22): 0.0042123889923095705
(15,23): 0.005442342758178711
(15,24): 0.0037854671478271484
(15,26): -0.0047041988372802735
(15,30): 0.003891572952270508
(15,49): 0.0014608144760131837
(16,2): -0.005340423583984375
(16,3): -0.005441441535949707
(16,4): -0.005242557525634766
(16,17): 0.004713273048400879
(16,24): 0.005908126831054687
(16,38): 0.013898725509643555
(16,39): 0.010875215530395508
(17,2): -0.0022658538818359376
(17,3): -0.0039273262023925785
(17,4): -0.005893812179565429
(17,5): -0.007007889747619629
(17,15): 0.0034637880325317384
(17,16): 0.002253818511962891
(17,24): 0.008339977264404297
(17,30): 0.005497012138366699
(17,40): 0.009935741424560546
(17,47): 0.008628997802734375
(18,14): -0.0034351491928100585
(18,22): -0.0027008819580078124
(18,23): -0.002430386543273926
(18,41): 0.004745039939880371
(18,42): 0.0002655315399169922
(18,47): -0.0003800201416015625
(18,48): 0.0026012420654296874
(19,6): 0.0024329090118408205
(19,7): 0.0024303245544433595
(19,8): 0.001556720733642578
(19,9): 0.00022495269775390625
(19,11): -0.0008456277847290039
(19,12): -0.0007915592193603516
(19,20): -0.0010415172576904296
(19,21): -0.0002765798568725586
(19,25): -0.005557489395141601
(20,6): 0.002529721260070801
(20,7): 0.00303593635559082
(20,8): 0.0018716239929199218
(20,9): 0.0005857992172241211
(20,10): -0.004358124732971191
(20,11): -0.003076052665710449
(20,12): 5.507946014404297e-05
(20,19): 0.0005517435073852539
(20,21): -0.0036948871612548827
(20,25): -0.008876581192016602
(20,31): 0.0059236717224121094
(21,0): -0.015175814628601075
(21,1): -0.02326782703399658
(21,5): -0.00495976448059082
(21,9): 0.003030209541320801
(21,10): -0.0017059898376464843
(21,11): 0.000544271469116211
(21,12): 0.00589693546295166
(21,13): 0.0010223388671875
(21,19): 0.0033472347259521484
(21,20): 0.003774600028991699
(21,26): -0.009920649528503418
(21,36): 0.010528750419616699
(21,40): 0.004255490303039551
(21,47): 0.004186859130859375
(22,5): -0.0031739187240600584
(22,13): -0.0021262407302856446
(22,14): 0.0009760379791259766
(22,15): 0.0025604963302612305
(22,18): 0.004575996398925781
(22,23): 0.0014312171936035156
(22,26): -0.008680229187011718
(22,45): 0.010602564811706542
(23,13): -0.00039049625396728513
(23,14): -0.003180837631225586
(23,15): -0.0011413717269897461
(23,18): 0.00307861328125
(23,22): -0.0019031858444213867
(23,26): -0.008925204277038573
(23,46): 0.009433231353759765
(24,2): -0.008082308769226075
(24,3): -0.0032012081146240235
(24,5): -0.022601590156555176
(24,14): 0.003056807518005371
(24,15): 0.004143128395080567
(24,16): 0.002748537063598633
(24,17): 0.0008382368087768555
(24,49): 0.005078840255737305
(25,0): 0.0031818437576293947
(25,1): -0.004652619361877441
(25,5): -0.0025757551193237305
(25,9): 0.0045176553726196285
(25,10): 0.010548539161682129
(25,11): 0.0015712547302246093
(25,12): 0.006286854743957519
(25,13): -0.004138798713684082
(25,19): 0.010064387321472168
(25,20): 0.008270564079284668
(25,26): -0.004714083671569824
(26,0): 0.005760784149169922
(26,5): -0.0007449817657470703
(26,10): 0.0029781818389892577
(26,14): 0.004562273025512696
(26,15): 0.00032495975494384766
(26,21): -0.0015639781951904297
(26,22): 0.009203343391418458
(26,23): 0.009612774848937989
(26,25): -0.0005489492416381836
(27,0): 0.005712347030639648
(27,1): 0.007733693122863769
(27,2): 0.005158743858337402
(27,28): 0.007438569068908691
(27,37): 0.024533958435058595
(27,44): 0.013787236213684082
(28,0): 0.0077872896194458
(28,1): 0.01303849220275879
(28,2): 0.005219449996948242
(28,27): 0.012547154426574707
(28,37): 0.051152091026306155
(29,3): 0.010340757369995117
(29,4): 0.012936649322509765
(30,6): 0.0013727378845214844
(30,10): -0.0024694156646728515
(30,12): 0.0012352371215820313
(30,15): -0.0011440658569335938
(30,17): 0.0012918663024902343
(31,7): -0.0006622123718261719
(31,8): -0.0008142566680908203
(31,20): -0.005114130973815918
(32,7): -0.001732769012451172
(32,40): -0.00393345832824707
(32,46): -0.000914759635925293
(33,8): -0.003132748603820801
(34,8): -0.0025911808013916017
(34,9): -0.0030687570571899412
(34,43): 0.003062782287597656
(35,8): -0.00043779850006103515
(35,44): -0.0025143194198608398
(36,13): -0.0008916091918945312
(36,21): -0.002067971229553223
(37,7): 0.010399951934814453
(37,8): 0.01625575065612793
(37,11): 0.001386876106262207
(37,12): 0.008600106239318847
(37,13): 0.006764125823974609
(37,14): 0.013690204620361328
(37,27): -0.031885509490966794
(37,28): -0.1348585557937622
(37,39): 0.008199996948242187
(38,14): -0.0001670980453491211
(38,16): 0.0016408634185791015
(39,16): 0.002668471336364746
(39,37): -0.0009981727600097657
(40,13): -0.0023288393020629884
(40,14): -0.0006391096115112304
(40,17): -0.0006123113632202148
(40,21): -0.0008716154098510743
(40,32): 0.005055198669433594
(40,46): 0.0063037109375
(41,14): -0.004057650566101074
(41,18): -0.001974349021911621
(42,8): 0.002288517951965332
(42,10): -0.005483746528625488
(42,12): -0.002044925689697266
(42,18): 0.0016869544982910157
(42,45): 0.00441586971282959
(43,7): -0.0030574750900268554
(43,34): -0.002212734222412109
(44,10): 0.0003267097473144531
(44,13): 0.0018055963516235352
(44,27): -0.03691459655761719
(44,35): 0.008287143707275391
(45,22): -0.0034321260452270506
(45,42): -0.0034362316131591798
(46,23): -0.0029276180267333984
(46,32): 0.0008114194869995118
(46,40): -0.0032459115982055664
(47,7): 0.0023503398895263674
(47,14): -0.0012064266204833984
(47,17): -0.0011143016815185547
(47,18): 0.0027877473831176757
(47,21): -0.0019288349151611328
(47,48): 0.004466691017150879
(48,14): -0.0021224927902221678
(48,18): -0.0007811737060546875
(48,47): -0.0019141292572021483
(49,8): 0.0026530885696411134
(49,10): -0.0029038715362548827
(49,15): -0.0018784570693969726
(49,24): -0.0007105302810668945
