Interaction name: 6afr

Affinity: 7.150000095367432
Predicted value: 6.643846035003662

Attributions for edges: 

(0,2): 2.6725455731966257e-24
(0,3): 2.3517032212687567e-24
(0,4): 1.913219817482315e-24
(0,6): 7.099671154164757e-23
(0,7): 2.8361425552535603e-25
(0,8): 7.136762762839524e-23
(0,9): 7.357187539153828e-23
(0,12): 7.165214766880312e-23
(0,14): 1.8102407710664515e-23
(1,10): 1.7454265391438637e-23
(1,11): 4.1420069529053765e-23
(1,13): 1.5587579098248726e-23
(2,0): 2.5633666322683588e-24
(2,5): 2.1953220916603226e-27
(2,6): 2.559409508752544e-24
(2,7): 1.0224206636555874e-26
(2,12): 2.5830378650161762e-24
(2,14): 6.525837540336913e-25
(3,0): 2.2497194806570106e-24
(3,5): 1.9267080200847683e-27
(3,6): 2.2462376458365913e-24
(3,7): 8.973197270763768e-27
(3,12): 2.266983504352546e-24
(3,14): 5.727373239670967e-25
(4,0): 1.7862173532614844e-24
(4,5): 1.5297490140502764e-27
(4,6): 1.7834598899672844e-24
(4,7): 7.124453976315706e-27
(4,8): 1.792784423082223e-24
(4,9): 1.848148850778123e-24
(4,10): 7.548044487398432e-25
(4,14): 4.547365022319366e-25
(4,17): 1.7834598899672844e-24
(4,23): 1.7834598899672844e-24
(5,2): 1.9997485280396653e-27
(5,3): 1.7596761604609465e-27
(5,4): 1.4315838833023729e-27
(5,6): 5.312371759842626e-26
(5,7): 2.1221525945474002e-28
(5,8): 5.340125488862015e-26
(5,10): 2.248335855607108e-26
(5,12): 5.361414872541667e-26
(5,13): 2.0078825776039882e-26
(5,14): 1.3545182395416048e-26
(5,20): 8.32586756455193e-27
(6,0): 7.099616880534477e-23
(6,2): 2.668389459517469e-24
(6,3): 2.348046062112152e-24
(6,4): 1.9102444313630476e-24
(6,5): 6.080263756126732e-26
(6,7): 2.8317318367172433e-25
(6,8): 7.12571871016643e-23
(6,12): 7.154099401181386e-23
(6,14): 1.8074254842678987e-23
(6,15): 4.0092123958170965e-24
(6,21): 7.16442275053147e-23
(6,23): 7.088629625846559e-23
(7,0): 2.4050571876438943e-25
(7,2): 9.039401497788068e-27
(7,3): 7.954180803840681e-27
(7,4): 6.471119990909246e-27
(7,5): 2.059734649497268e-28
(7,6): 2.4013352432854484e-25
(7,8): 2.4138808433878242e-25
(7,9): 2.4884353479831634e-25
(7,10): 1.0163045418572353e-25
(7,12): 2.4234948391511724e-25
(7,14): 6.122764869990678e-26
(7,15): 1.358145458961666e-26
(7,19): 1.5394734580440753e-26
(8,0): 7.136871941188807e-23
(8,4): 1.920268486885691e-24
(8,5): 6.112146678946887e-26
(8,6): 7.125827257426989e-23
(8,7): 2.8465912644622455e-25
(8,9): 7.384319936672362e-23
(8,10): 3.0158379598539985e-23
(8,12): 7.191611946035179e-23
(8,13): 2.693312809843112e-23
(8,14): 1.816903016955405e-23
(8,21): 7.201990200104267e-23
(9,0): 7.35836641289059e-23
(9,4): 1.979879550049622e-24
(9,7): 2.9349355507189137e-25
(9,8): 7.385390263148565e-23
(9,14): 1.873290952232784e-23
(9,16): 7.716768641326566e-23
(10,1): 1.7470318710859885e-23
(10,4): 7.994190195764898e-25
(10,5): 2.5445224647128832e-26
(10,7): 1.1850524898024236e-25
(10,8): 2.9820217016577083e-23
(10,12): 2.993898791446716e-23
(10,13): 1.1212331692535006e-23
(10,14): 7.563843695000585e-24
(10,23): 2.966523109225012e-23
(11,1): 4.1927988666932986e-23
(11,13): 2.6909200369453956e-23
(11,17): 7.119523312161187e-23
(11,18): 7.238954328856751e-23
(12,0): 7.16548802829788e-23
(12,2): 2.6931571281434666e-24
(12,3): 2.369840513986372e-24
(12,5): 6.136630949292684e-26
(12,6): 7.154426305140509e-23
(12,7): 2.857994248847215e-25
(12,8): 7.191804428096053e-23
(12,10): 3.0279419260393476e-23
(12,14): 1.824195089391087e-23
(12,22): 7.210429118523959e-23
(13,1): 1.548954104266967e-23
(13,5): 2.2559992078930225e-26
(13,8): 2.6439009293227835e-23
(13,10): 1.1131529458874123e-23
(13,11): 2.64157205415839e-23
(14,0): 1.7793156880877963e-23
(14,2): 6.687553532869155e-25
(14,3): 5.884705630760509e-25
(14,4): 4.787462727432433e-25
(14,5): 1.523838296532353e-26
(14,6): 1.7765620902120318e-23
(14,7): 7.096925504062612e-26
(14,8): 1.7858506118266472e-23
(14,9): 1.8410006665715533e-23
(14,10): 7.518879412263892e-24
(14,12): 1.792956355316516e-23
(15,6): 4.136351924620209e-24
(15,7): 1.6523702387888907e-26
(16,9): 7.717387739364984e-23
(16,18): 7.572162864334865e-23
(16,19): 4.7743703974189326e-24
(16,21): 7.526832392365969e-23
(17,4): 1.9102444313630476e-24
(17,11): 7.119414133811904e-23
(18,11): 7.239450995682678e-23
(18,16): 7.570949280718273e-23
(18,19): 4.621092751382227e-24
(18,21): 7.285189150967392e-23
(19,7): 1.7790346452969548e-26
(19,16): 4.677598858023208e-24
(19,18): 4.5281531038336134e-24
(19,21): 4.501046265408409e-24
(20,5): 9.199562602335288e-27
(20,23): 1.0725280292181596e-23
(21,6): 7.164695380860314e-23
(21,8): 7.202154283172553e-23
(21,16): 7.525310837451978e-23
(21,18): 7.284883072936167e-23
(21,19): 4.5932364950970625e-24
(21,22): 7.220778342511735e-23
(22,12): 7.210346445901092e-23
(22,21): 7.220750574607871e-23
(23,4): 1.9102444313630476e-24
(23,6): 7.088629625846559e-23
(23,10): 3.000095136085046e-23
(23,20): 1.1109767941942696e-23
