Interaction name: 5k8o

Affinity: 5.960000038146973
Predicted value: 5.533088684082031

Shapley values for edges: 

(0,1): 9.5367431640625e-09
(0,5): 0.017927589416503905
(0,6): -0.0013334512710571288
(0,8): -0.012509851455688477
(0,9): 0.0043771457672119145
(0,10): -0.01989691734313965
(0,13): 0.006975455284118652
(0,14): 0.008050937652587891
(0,15): -0.002133240699768066
(0,16): -0.12474905967712402
(0,17): -0.022598705291748046
(0,18): 0.03839807033538818
(0,19): -0.16985759258270264
(1,0): 0.0010351133346557617
(1,5): -0.02700204849243164
(1,6): -0.05725963592529297
(1,7): 0.013555250167846679
(1,9): 0.0012607192993164063
(1,10): 0.0002736711502075195
(1,13): -0.005657954216003418
(1,14): -0.01010890007019043
(1,15): 0.19399434089660644
(1,16): 0.022123498916625975
(1,17): -0.016392855644226073
(1,19): -0.008597569465637207
(2,3): 0.5320250368118287
(2,4): -0.018357934951782225
(2,9): -0.05208095550537109
(2,10): 0.0017247867584228515
(2,11): 2.06756591796875e-05
(2,12): 0.01711282730102539
(2,15): 0.08324193477630615
(2,16): 0.033799362182617185
(2,18): -0.017240939140319825
(3,2): 0.0012366962432861328
(3,4): -0.031594576835632326
(3,10): 0.026282086372375488
(3,11): 1.9073486328125e-08
(3,15): 0.03134642124176026
(3,16): -0.04393831253051758
(3,18): -0.010312786102294922
(4,2): -0.07193208694458007
(4,3): -0.005499730110168457
(4,10): 0.011572051048278808
(4,11): -0.0412572193145752
(4,15): 0.15472942352294922
(4,16): 0.09933662414550781
(5,0): -0.000990910530090332
(5,1): 0.010469894409179687
(5,7): -0.0029959344863891603
(5,8): 0.004443821907043457
(5,9): -0.002255864143371582
(5,10): -0.032646317481994626
(5,11): -0.01853537082672119
(5,12): 0.0020214271545410155
(5,13): 0.0022217464447021485
(5,14): 0.004925622940063477
(5,15): 0.027975659370422363
(5,16): -0.05806689262390137
(6,0): -2.864360809326172e-05
(6,1): -0.08260908126831054
(6,7): -0.031193814277648925
(6,8): -0.07277919292449951
(6,9): 0.0008556938171386719
(6,10): -0.06778397560119628
(6,11): -0.029973459243774415
(6,12): 0.006449642181396484
(6,13): 0.012576327323913575
(6,14): 0.01462693214416504
(7,1): 0.0
(7,5): -0.005746493339538574
(7,6): 0.004113211631774903
(7,8): -0.06406267642974854
(7,9): 0.0004160737991333008
(7,10): -0.050716354846954345
(7,13): -0.0009604883193969726
(7,14): 0.0032525062561035156
(8,0): -5.7549476623535155e-05
(8,5): -0.07616923809051514
(8,6): -0.06185903549194336
(8,7): -0.0026578330993652344
(8,9): 5.970001220703125e-06
(8,10): 4.76837158203125e-09
(8,13): 0.0164447021484375
(8,14): -0.061221747398376464
(9,0): -0.003480987548828125
(9,1): 9.5367431640625e-09
(9,2): 0.005393514633178711
(9,5): -2.384185791015625e-08
(9,6): -0.00663851261138916
(9,7): -0.0008184003829956054
(9,8): -3.4427642822265624e-06
(9,10): 4.76837158203125e-09
(9,11): 0.00021480560302734376
(9,12): 0.002953791618347168
(9,13): 0.001870880126953125
(9,14): -3.516674041748047e-05
(9,23): -0.04732295513153076
(10,0): -0.046329770088195804
(10,1): 0.0
(10,2): 0.0024548864364624026
(10,3): -0.052503204345703124
(10,4): -0.027903971672058107
(10,5): -0.022184228897094725
(10,6): -0.04795525074005127
(10,7): 0.05523699283599853
(10,8): 0.0006388616561889648
(10,9): -0.0009945917129516601
(10,11): -5.25522232055664e-05
(10,12): 0.00014370441436767578
(10,13): -0.00014110565185546876
(10,14): 0.0007835865020751953
(10,20): -0.033520750999450684
(11,2): -0.0009129095077514648
(11,3): -0.20219950199127198
(11,4): -0.10832634925842285
(11,5): -0.04896807670593262
(11,6): -0.05324724674224854
(11,9): -0.00018958568572998046
(11,10): -1.0538101196289062e-06
(11,12): 1.86920166015625e-06
(11,13): -0.006886672973632812
(11,14): -0.0037933111190795897
(11,21): 0.08963727474212646
(12,2): -0.017281036376953125
(12,5): 0.0
(12,6): 9.5367431640625e-09
(12,9): 6.6232681274414065e-06
(12,10): 4.76837158203125e-09
(12,11): 9.66787338256836e-05
(12,13): -0.008426728248596192
(12,14): -0.0049390697479248045
(12,22): 0.017549686431884766
(12,23): -0.05114932060241699
(13,0): -4.3354034423828126e-05
(13,1): -0.07774844646453857
(13,5): 2.6011466979980467e-05
(13,6): -0.0017155122756958008
(13,7): -0.01690868377685547
(13,8): -0.004820952415466309
(13,9): -0.00010046958923339843
(13,10): -7.4005126953125e-06
(13,11): 2.7260780334472657e-05
(13,12): 0.0014533090591430664
(14,0): 9.5367431640625e-09
(14,1): 0.02498281955718994
(14,5): -4.291534423828125e-08
(14,6): -0.011604056358337403
(14,7): -0.02168126106262207
(14,8): -0.13496894359588624
(14,9): -0.0033724498748779297
(14,10): 9.5367431640625e-09
(14,11): 0.0
(14,12): 0.004367218017578125
(15,0): -0.003444952964782715
(15,1): 0.030240540504455567
(15,2): -0.08516926765441894
(15,3): 0.01570478916168213
(15,4): -0.3592043304443359
(15,5): 0.0077061128616333005
(15,16): 0.1257580327987671
(15,19): 0.10041191101074219
(15,23): -0.01917397975921631
(16,0): -0.0012074804306030273
(16,1): -0.023713951110839845
(16,2): -0.1327647113800049
(16,3): -0.02718055248260498
(16,4): -0.10370469570159913
(16,5): 0.04114134788513184
(16,15): -3.814697265625e-08
(16,19): -0.06944120407104493
(17,0): 0.037968111038208005
(17,1): -0.008610267639160157
(18,0): -0.013927903175354004
(18,2): 0.0029949378967285157
(18,3): -0.1254090642929077
(18,20): -0.03692293167114258
(19,0): -0.02866851806640625
(19,1): 0.2255694627761841
(19,15): 1.9073486328125e-08
(19,16): -0.0062709999084472655
(19,23): -0.024703898429870606
(20,10): 0.008256902694702148
(20,18): -0.0463214111328125
(21,11): -0.03265922069549561
(21,22): -0.04832817554473877
(22,12): -0.03801195621490479
(22,21): -0.06465081214904785
(23,9): 0.03521466255187988
(23,12): -0.07361897945404053
(23,15): -0.17891210556030274
(23,19): -0.242610445022583
