Interaction name: 1o0f

Affinity: 5.300000190734863
Predicted value: 6.1011576652526855

Attributions for edges: 

(0,1): 0.5260698199272156
(0,2): 0.5644717812538147
(0,8): 0.46746787428855896
(0,15): 0.3991643488407135
(0,16): 0.4931134283542633
(0,20): 0.5534777641296387
(0,23): 0.5569594502449036
(0,25): 0.46691563725471497
(0,26): 0.3861951529979706
(0,28): 0.4928804337978363
(0,31): 0.4350116550922394
(1,0): 0.48535922169685364
(1,2): 0.4670666754245758
(1,8): 0.5012809038162231
(1,9): 0.49822568893432617
(1,14): 0.3693171739578247
(1,16): 0.3847523629665375
(1,22): 0.5155942440032959
(1,25): 0.6022725701332092
(1,26): 0.4071316719055176
(1,28): 0.4588451087474823
(2,0): 0.5604559183120728
(2,1): 0.525389552116394
(2,8): 0.38479799032211304
(2,14): 0.4101821184158325
(2,15): 0.4057992398738861
(2,25): 0.5382185578346252
(2,26): 0.37694618105888367
(2,28): 0.4015059173107147
(2,31): 0.4418429732322693
(3,4): 0.3912216126918793
(3,5): 0.4264090061187744
(3,6): 0.4132247865200043
(3,18): 0.4280990660190582
(3,19): 0.6544108390808105
(3,20): 0.41088223457336426
(3,25): 0.5419092178344727
(3,26): 0.40567606687545776
(3,27): 0.49362748861312866
(3,31): 0.47027871012687683
(4,3): 0.3801707625389099
(4,5): 0.5180517435073853
(4,6): 0.5693615078926086
(4,17): 0.38650938868522644
(4,19): 0.4440779685974121
(4,20): 0.5104246139526367
(4,25): 0.47994667291641235
(4,26): 0.42686742544174194
(4,27): 0.4052589535713196
(4,28): 0.3977232277393341
(4,31): 0.39100882411003113
(5,3): 0.5372154712677002
(5,4): 0.3809226155281067
(5,6): 0.506744921207428
(5,17): 0.5560475587844849
(5,18): 0.43673473596572876
(5,20): 0.40715280175209045
(5,25): 0.5109007358551025
(5,26): 0.39800891280174255
(5,27): 0.4760756492614746
(5,28): 0.5303330421447754
(5,31): 0.45208680629730225
(6,3): 0.4961754381656647
(6,4): 0.5219470262527466
(6,5): 0.5193914175033569
(6,7): 0.5314220190048218
(6,17): 0.559617280960083
(6,18): 0.4554029405117035
(6,19): 0.5706552863121033
(6,20): 0.4244972765445709
(6,21): 0.42603644728660583
(6,22): 0.5080820918083191
(6,23): 0.4212915003299713
(6,25): 0.4654827117919922
(6,26): 0.5351918935775757
(6,27): 0.4446697235107422
(6,28): 0.4938587248325348
(7,6): 0.5246009230613708
(7,8): 0.48887625336647034
(7,9): 0.4773400127887726
(7,12): 0.4325430691242218
(7,20): 0.3948831856250763
(7,21): 0.47531428933143616
(7,22): 0.4940422475337982
(7,23): 0.4047059118747711
(7,25): 0.5146349668502808
(7,27): 0.5684775114059448
(7,28): 0.5391017198562622
(7,31): 0.5684648752212524
(8,0): 0.48420000076293945
(8,1): 0.5152596235275269
(8,2): 0.4945744574069977
(8,7): 0.5642473101615906
(8,9): 0.4469447731971741
(8,14): 0.4190574288368225
(8,15): 0.4678492844104767
(8,16): 0.5245088934898376
(8,20): 0.3893607258796692
(8,21): 0.5372400879859924
(8,22): 0.46944740414619446
(8,23): 0.337691068649292
(8,25): 0.49993908405303955
(8,26): 0.5238088965415955
(8,27): 0.56109219789505
(8,31): 0.5389906764030457
(9,1): 0.4690778851509094
(9,7): 0.47075387835502625
(9,8): 0.5627523064613342
(9,15): 0.3712957799434662
(9,21): 0.5461544394493103
(9,22): 0.3834526538848877
(9,23): 0.5005542635917664
(9,25): 0.5170146822929382
(9,27): 0.6140106320381165
(9,28): 0.4160800278186798
(9,31): 0.4816437363624573
(10,11): 0.4670543372631073
(10,12): 0.43598783016204834
(10,13): 0.44742053747177124
(10,21): 0.3481906056404114
(10,28): 0.49594247341156006
(11,10): 0.4523886740207672
(11,12): 0.5564962029457092
(11,13): 0.4423287510871887
(11,24): 0.4367979168891907
(11,29): 0.3719143271446228
(12,7): 0.5946564674377441
(12,10): 0.46337273716926575
(12,11): 0.5949404239654541
(12,21): 0.42119327187538147
(12,24): 0.5457055568695068
(12,28): 0.4985688328742981
(12,29): 0.457978755235672
(13,10): 0.3727971017360687
(13,11): 0.4561341404914856
(13,24): 0.5096330642700195
(13,30): 0.34875544905662537
(14,1): 0.5201060771942139
(14,2): 0.37696096301078796
(14,8): 0.5665941834449768
(14,15): 0.3087349534034729
(14,16): 0.5259562730789185
(14,20): 0.5736211538314819
(14,23): 0.5404838919639587
(15,0): 0.461393803358078
(15,2): 0.44436243176460266
(15,8): 0.5013750195503235
(15,9): 0.41619449853897095
(15,14): 0.4725506603717804
(15,16): 0.45605161786079407
(15,22): 0.4100264310836792
(16,0): 0.4074874222278595
(16,1): 0.4771246314048767
(16,8): 0.43256676197052
(16,14): 0.4729531407356262
(16,15): 0.47572407126426697
(17,4): 0.6232455372810364
(17,5): 0.4657383859157562
(17,6): 0.38032034039497375
(17,18): 0.4000924229621887
(17,19): 0.4991590976715088
(17,20): 0.5062988996505737
(18,3): 0.48783162236213684
(18,5): 0.4251849055290222
(18,6): 0.4791860580444336
(18,17): 0.5504305362701416
(18,19): 0.3497806191444397
(18,20): 0.4566248059272766
(19,3): 0.5072479248046875
(19,4): 0.5271618366241455
(19,6): 0.4008963108062744
(19,17): 0.4924190044403076
(19,18): 0.41627824306488037
(19,20): 0.6532715559005737
(20,0): 0.38862791657447815
(20,3): 0.522605299949646
(20,4): 0.5113505721092224
(20,5): 0.47218838334083557
(20,6): 0.3875170648097992
(20,7): 0.47995153069496155
(20,8): 0.45968541502952576
(20,14): 0.39494580030441284
(20,17): 0.42845091223716736
(20,18): 0.4560791850090027
(20,19): 0.5304343700408936
(20,21): 0.4502323269844055
(20,22): 0.4860115647315979
(20,23): 0.5193542838096619
(20,33): 0.44482699036598206
(21,6): 0.5109172463417053
(21,7): 0.45373257994651794
(21,8): 0.529205322265625
(21,9): 0.47406283020973206
(21,10): 0.44871944189071655
(21,12): 0.44989100098609924
(21,20): 0.5451479554176331
(21,22): 0.4961448013782501
(21,23): 0.5315926671028137
(21,33): 0.5303147435188293
(22,1): 0.4187304377555847
(22,6): 0.32029929757118225
(22,7): 0.2982918620109558
(22,8): 0.5321786403656006
(22,9): 0.40615954995155334
(22,15): 0.41042450070381165
(22,20): 0.429311066865921
(22,21): 0.4697902798652649
(22,23): 0.5163137316703796
(23,0): 0.43926680088043213
(23,6): 0.393228143453598
(23,7): 0.5094166398048401
(23,8): 0.483991801738739
(23,9): 0.4556525945663452
(23,14): 0.4639575779438019
(23,20): 0.42620739340782166
(23,21): 0.46444928646087646
(23,22): 0.49399638175964355
(24,11): 0.4930584728717804
(24,12): 0.5175673961639404
(24,13): 0.5116223692893982
(25,0): 0.4864695966243744
(25,1): 0.4222767949104309
(25,2): 0.45529329776763916
(25,3): 0.416599839925766
(25,4): 0.5090246200561523
(25,5): 0.4739505350589752
(25,6): 0.41443300247192383
(25,7): 0.6377434134483337
(25,8): 0.5209047794342041
(25,9): 0.5191396474838257
(25,26): 0.5180293917655945
(26,0): 0.5100565552711487
(26,1): 0.5001939535140991
(26,2): 0.4121810495853424
(26,3): 0.4848770797252655
(26,4): 0.3899632692337036
(26,5): 0.5345962643623352
(26,6): 0.5221729874610901
(26,8): 0.3552158772945404
(26,25): 0.5670880675315857
(26,33): 0.4368395507335663
(27,3): 0.4723588824272156
(27,4): 0.5069900751113892
(27,5): 0.5148987770080566
(27,6): 0.49564141035079956
(27,7): 0.4404109716415405
(27,8): 0.507474958896637
(27,9): 0.5829106569290161
(27,28): 0.44677528738975525
(28,0): 0.5523674488067627
(28,1): 0.532495379447937
(28,2): 0.49299687147140503
(28,4): 0.44710031151771545
(28,5): 0.5039968490600586
(28,6): 0.49566584825515747
(28,7): 0.40689724683761597
(28,9): 0.474107027053833
(28,10): 0.47441136837005615
(28,12): 0.4044780731201172
(28,27): 0.4862476885318756
(28,32): 0.500010073184967
(29,11): 0.5289581418037415
(29,12): 0.41714149713516235
(29,30): 0.38997331261634827
(30,13): 0.5715286731719971
(30,29): 0.48851752281188965
(31,0): 0.45944589376449585
(31,2): 0.37923663854599
(31,3): 0.5202905535697937
(31,4): 0.42528703808784485
(31,5): 0.39924657344818115
(31,7): 0.4328162968158722
(31,8): 0.5245476365089417
(31,9): 0.4008885324001312
(32,28): 0.37001654505729675
(33,20): 0.4099966585636139
(33,21): 0.5015465021133423
(33,26): 0.6207714676856995
