Interaction name: 5wei

Affinity: 5.699999809265137
Predicted value: 5.503560543060303

Attributions for edges: 

(0,1): 4.118034669064286e-20
(0,3): 4.118034669064286e-20
(0,5): 4.118034669064286e-20
(0,6): 4.118034669064286e-20
(0,7): 4.118034669064286e-20
(0,9): 4.118034669064286e-20
(0,10): 4.118034669064286e-20
(0,11): 4.118034669064286e-20
(1,0): 4.118034669064286e-20
(1,2): 4.118034669064286e-20
(1,3): 4.118034669064286e-20
(1,5): 4.118034669064286e-20
(2,1): 4.118034669064286e-20
(2,5): 4.118034669064286e-20
(2,7): 4.118034669064286e-20
(3,0): 4.118034669064286e-20
(3,1): 4.118034669064286e-20
(3,6): 4.118034669064286e-20
(3,7): 4.118034669064286e-20
(3,12): 0.0
(4,11): 4.118034669064286e-20
(4,12): 0.0
(5,0): 4.118034669064286e-20
(5,1): 4.118034669064286e-20
(5,2): 4.118034669064286e-20
(5,7): 4.118034669064286e-20
(5,10): 4.118034669064286e-20
(5,11): 4.118034669064286e-20
(6,0): 4.118034669064286e-20
(6,3): 4.118034669064286e-20
(6,8): 4.118034669064286e-20
(7,0): 4.118034669064286e-20
(7,2): 4.118034669064286e-20
(7,3): 4.118034669064286e-20
(7,5): 4.118034669064286e-20
(8,6): 4.118034669064286e-20
(8,13): 3.7889211000450045e-29
(9,0): 4.118034669064286e-20
(9,10): 4.118034669064286e-20
(10,0): 4.118034669064286e-20
(10,5): 4.118034669064286e-20
(10,9): 4.118034669064286e-20
(11,0): 4.118034669064286e-20
(11,4): 4.118034669064286e-20
(11,5): 4.118034669064286e-20
(11,14): 2.3993086141026614e-20
(12,3): 0.0
(12,4): 0.0
(13,8): 2.7826497874925167e-29
(14,11): 2.3724956837937258e-20
