Interaction name: 5ep7

Affinity: 5.400000095367432
Predicted value: 6.390986919403076

Attributions for edges: 

(0,11): 0.0
(1,4): 6.539003111251379e-30
(1,6): 6.409690457180698e-30
(1,11): 0.0
(2,3): 9.746951644927899e-30
(2,6): 2.270951266446529e-21
(2,7): 1.0261122992138457e-20
(2,9): 8.892328909851428e-21
(3,2): 8.710634471073478e-27
(3,5): 2.3871463812543994e-29
(3,6): 6.823689200620529e-27
(3,7): 3.0832326494747966e-26
(3,9): 2.6719516965204624e-26
(4,1): 1.5569427268416006e-34
(4,6): 2.0020137658934422e-21
(4,8): 3.764416168888217e-21
(4,9): 7.839314257580786e-21
(4,10): 1.4016925481517482e-23
(5,3): 2.2177243176850733e-31
(5,6): 5.1670960427271653e-23
(5,7): 2.334713744834065e-22
(5,9): 2.0232718381060443e-22
(6,1): 1.5470675411453616e-34
(6,2): 2.5395444449917046e-21
(6,3): 8.538623950135732e-30
(6,4): 2.0295575070423943e-21
(6,5): 6.959638561612802e-24
(6,7): 8.989053303764013e-21
(6,8): 3.74071065887261e-21
(6,9): 7.78994918491113e-21
(6,10): 1.3928711899652048e-23
(6,12): 8.815516198223738e-23
(6,13): 8.815516198223738e-23
(7,2): 6.6713877392377625e-21
(7,3): 2.243080953346435e-29
(7,5): 1.8282843865515717e-23
(7,6): 5.226175173827262e-21
(7,8): 9.826853978341684e-21
(7,9): 2.0464210863253222e-20
(7,10): 3.6590751419712115e-23
(8,4): 3.345740802107776e-21
(8,6): 3.279577056368296e-21
(8,7): 1.481852062123268e-20
(8,9): 1.2841788370603955e-20
(8,10): 2.296158420526878e-23
(8,12): 1.4532444820901965e-22
(8,13): 1.4532444820901965e-22
(9,2): 6.1912917885945585e-21
(9,3): 2.0816770401875704e-29
(9,4): 4.9479674342999e-21
(9,5): 1.696727788881855e-23
(9,6): 4.8501185917421254e-21
(9,7): 2.1914979028920396e-20
(9,8): 9.119714721011147e-21
(9,10): 3.3957552650746103e-23
(10,4): 9.304295046187401e-23
(10,6): 9.120296079943859e-23
(10,7): 4.120937929630989e-22
(10,8): 1.7149029548115299e-22
(10,9): 3.5712344073240208e-22
(11,0): 0.0
(11,1): 0.0
(12,6): 3.1174180008974977e-22
(12,8): 5.861705046060947e-22
(13,6): 3.1174180008974977e-22
(13,8): 5.861705046060947e-22
