Interaction name: 5oei

Affinity: 5.800000190734863
Predicted value: 6.388583183288574

Attributions for edges: 

(0,1): 0.48608043789863586
(0,4): 0.4401474893093109
(0,5): 0.4479036331176758
(0,9): 0.453605979681015
(0,10): 0.4279632568359375
(0,11): 0.5307363867759705
(0,12): 0.49484783411026
(0,15): 0.5266895294189453
(0,16): 0.5008751153945923
(0,17): 0.45730793476104736
(1,0): 0.6048802137374878
(1,4): 0.5274788737297058
(1,9): 0.4077978730201721
(1,10): 0.5894028544425964
(1,11): 0.5260429978370667
(1,12): 0.5218127965927124
(1,15): 0.4020243287086487
(1,17): 0.44607481360435486
(2,3): 0.43993788957595825
(2,7): 0.5352067947387695
(2,8): 0.42840856313705444
(2,13): 0.6001536250114441
(2,14): 0.41064488887786865
(2,15): 0.5226714015007019
(2,16): 0.3979780673980713
(3,2): 0.3077685534954071
(3,6): 0.395555317401886
(3,7): 0.5085797905921936
(3,8): 0.4988138973712921
(3,10): 0.5640780925750732
(3,12): 0.5837859511375427
(3,13): 0.3565022051334381
(3,14): 0.5168612003326416
(3,15): 0.4379926025867462
(3,16): 0.5434789657592773
(4,0): 0.5184733271598816
(4,1): 0.40714383125305176
(4,5): 0.4874309003353119
(4,8): 0.47908326983451843
(4,9): 0.5463711023330688
(4,10): 0.37371543049812317
(4,11): 0.36998286843299866
(4,12): 0.4772235155105591
(4,15): 0.49857985973358154
(4,16): 0.29078805446624756
(4,17): 0.5581832528114319
(5,0): 0.6403822898864746
(5,4): 0.575821042060852
(5,9): 0.4762379825115204
(6,3): 0.485108345746994
(6,7): 0.5069833397865295
(6,8): 0.49478158354759216
(7,2): 0.4537973701953888
(7,3): 0.6078190803527832
(7,6): 0.4233911335468292
(7,8): 0.46906131505966187
(7,9): 0.4777579605579376
(7,18): 0.5251109600067139
(8,2): 0.6386998295783997
(8,3): 0.5256234407424927
(8,4): 0.31784704327583313
(8,6): 0.6231400370597839
(8,7): 0.5030708312988281
(8,9): 0.43628695607185364
(8,19): 0.38080188632011414
(9,0): 0.555424153804779
(9,1): 0.5382979512214661
(9,4): 0.5061068534851074
(9,5): 0.5299127101898193
(9,7): 0.5045954585075378
(9,8): 0.46002790331840515
(9,20): 0.41944122314453125
(10,0): 0.5281135439872742
(10,1): 0.40407201647758484
(10,3): 0.5420339703559875
(10,4): 0.5444241762161255
(10,11): 0.5547947287559509
(11,0): 0.3941393494606018
(11,1): 0.48742616176605225
(11,4): 0.5433193445205688
(11,10): 0.40448376536369324
(11,18): 0.4063856601715088
(12,0): 0.2867510914802551
(12,1): 0.32049354910850525
(12,3): 0.47717204689979553
(12,4): 0.32219839096069336
(13,2): 0.5607385039329529
(13,3): 0.5804816484451294
(13,14): 0.5375656485557556
(13,15): 0.48539409041404724
(14,2): 0.5206469893455505
(14,3): 0.5664265751838684
(14,13): 0.5884352326393127
(14,15): 0.5136210918426514
(15,0): 0.5791222453117371
(15,1): 0.5176087617874146
(15,2): 0.4260810911655426
(15,3): 0.3543998599052429
(15,4): 0.45018601417541504
(15,13): 0.3880082368850708
(15,14): 0.5057464838027954
(15,16): 0.4761601686477661
(16,0): 0.3818700313568115
(16,2): 0.5015194416046143
(16,3): 0.5135326981544495
(16,4): 0.6094785928726196
(16,15): 0.42868494987487793
(16,19): 0.428687185049057
(17,0): 0.5216534733772278
(17,1): 0.5117264986038208
(17,4): 0.5212014317512512
(17,19): 0.5487401485443115
(18,7): 0.6414251923561096
(18,11): 0.4916608929634094
(19,8): 0.49932676553726196
(19,16): 0.5268126726150513
(19,17): 0.5971289277076721
(20,9): 0.6510323882102966
