Interaction name: 6hwz

Affinity: 5.170000076293945
Predicted value: 6.355733871459961

Shapley values for edges: 

(0,1): 0.00022414684295654297
(0,2): 0.00010336399078369141
(0,3): 0.00010571956634521485
(0,4): 1.819610595703125e-05
(0,5): -0.0012102460861206055
(0,6): -0.0027694606781005857
(1,0): -0.00041242122650146483
(1,2): 5.002021789550781e-06
(1,3): 0.00018948078155517578
(1,4): -0.001455221176147461
(1,5): -0.00038249969482421873
(1,6): -0.003006610870361328
(1,9): 0.006668086051940918
(2,0): -0.0003786182403564453
(2,1): 0.00023679256439208983
(2,3): -3.324031829833984e-05
(2,4): -0.0020595979690551758
(2,5): -0.000696573257446289
(3,0): -0.0008128261566162109
(3,1): -0.0009251880645751953
(3,2): 1.3303756713867188e-06
(3,4): -0.0018110895156860352
(3,5): -0.00042821884155273436
(3,6): -0.006194500923156738
(3,7): 0.003839850425720215
(3,8): 0.005002856254577637
(4,0): 0.0003180122375488281
(4,1): 0.0013373851776123046
(4,2): 0.00010832786560058594
(4,3): 0.0002254056930541992
(4,5): -0.0009557867050170899
(4,6): -0.004043140411376953
(5,0): -0.00024104595184326171
(5,1): 2.426624298095703e-05
(5,2): 0.00018832206726074219
(5,3): 8.270740509033203e-05
(5,4): -0.0001981210708618164
(5,6): -0.0012837028503417968
(6,0): 0.003069162368774414
(6,1): 0.002421565055847168
(6,3): 0.0026598739624023437
(6,4): 0.0039046096801757814
(6,5): 0.002429666519165039
(7,3): -0.001013784408569336
(7,8): 0.0013127374649047853
(8,3): 0.0003479146957397461
(8,7): 0.0001593017578125
(9,1): -0.0011374330520629882
