Interaction name: 5g3w

Affinity: 7.380000114440918
Predicted value: 7.418869972229004

Attributions for edges: 

(0,1): 0.5196936130523682
(0,5): 0.4849085211753845
(0,6): 0.5584765076637268
(0,7): 0.4522004723548889
(0,11): 0.500084400177002
(0,12): 0.5194410681724548
(0,13): 0.44337552785873413
(0,15): 0.4730035364627838
(0,16): 0.5116872787475586
(0,17): 0.35737934708595276
(1,0): 0.5146985054016113
(1,5): 0.356375515460968
(1,6): 0.4363750219345093
(1,7): 0.5684802532196045
(1,10): 0.49351000785827637
(1,11): 0.4121793508529663
(1,15): 0.45946890115737915
(1,16): 0.4315096139907837
(1,17): 0.5235915184020996
(2,3): 0.4692596197128296
(2,4): 0.4615504741668701
(2,17): 0.5457472801208496
(3,2): 0.380105584859848
(3,4): 0.45101672410964966
(3,17): 0.5687121748924255
(4,2): 0.3291987180709839
(4,3): 0.444130539894104
(5,0): 0.5127924084663391
(5,1): 0.433569073677063
(5,6): 0.5424375534057617
(5,12): 0.48839452862739563
(5,13): 0.4761125445365906
(5,14): 0.45279741287231445
(5,20): 0.5446723699569702
(5,26): 0.39450356364250183
(6,0): 0.5728269815444946
(6,1): 0.5469355583190918
(6,5): 0.6938858032226562
(6,12): 0.5080031156539917
(6,13): 0.5649886727333069
(6,14): 0.49641814827919006
(6,15): 0.566564679145813
(6,21): 0.5584637522697449
(7,0): 0.537459135055542
(7,1): 0.5179241895675659
(7,8): 0.509270429611206
(7,9): 0.3639755845069885
(7,10): 0.5298773646354675
(7,11): 0.6173349618911743
(7,22): 0.6616549491882324
(7,23): 0.44760212302207947
(8,7): 0.4860813319683075
(8,9): 0.4320089519023895
(8,10): 0.5058079957962036
(8,11): 0.4340745210647583
(8,16): 0.3298107087612152
(8,25): 0.5597543716430664
(8,26): 0.4683021903038025
(9,7): 0.3759203255176544
(9,8): 0.5034827589988708
(9,10): 0.5661736726760864
(9,11): 0.45000115036964417
(9,16): 0.4029799997806549
(10,1): 0.5063363909721375
(10,7): 0.543402373790741
(10,8): 0.31315362453460693
(10,9): 0.4399080276489258
(10,11): 0.5048574209213257
(10,16): 0.509219229221344
(10,21): 0.5852691531181335
(11,0): 0.5946866273880005
(11,1): 0.46114179491996765
(11,7): 0.6057767868041992
(11,8): 0.3827689290046692
(11,9): 0.40445461869239807
(11,10): 0.5185627937316895
(11,16): 0.56629878282547
(11,19): 0.4749967157840729
(11,23): 0.4393283724784851
(11,24): 0.3998730182647705
(11,26): 0.5807454586029053
(12,0): 0.6178813576698303
(12,5): 0.5966735482215881
(12,6): 0.4916747808456421
(12,13): 0.48435699939727783
(12,14): 0.38463833928108215
(12,15): 0.43968820571899414
(12,18): 0.572415292263031
(13,0): 0.652876615524292
(13,5): 0.632230818271637
(13,6): 0.5681873559951782
(13,12): 0.6069180965423584
(13,14): 0.5469480156898499
(13,15): 0.4930877387523651
(14,5): 0.3841305673122406
(14,6): 0.5010986328125
(14,12): 0.4528268873691559
(14,13): 0.5365975499153137
(14,15): 0.4780701994895935
(14,19): 0.49106597900390625
(15,0): 0.5623478889465332
(15,1): 0.5144057273864746
(15,6): 0.5661638975143433
(15,12): 0.3594842553138733
(15,13): 0.48571327328681946
(15,14): 0.4312533438205719
(16,0): 0.47147342562675476
(16,1): 0.4854075312614441
(16,8): 0.4442140758037567
(16,9): 0.5097883343696594
(16,10): 0.48654448986053467
(16,11): 0.2597656846046448
(17,0): 0.5763130187988281
(17,1): 0.6268888711929321
(17,2): 0.44393911957740784
(17,3): 0.45557400584220886
(18,12): 0.48961472511291504
(18,21): 0.4774424135684967
(18,24): 0.5369358062744141
(19,11): 0.6263588070869446
(19,14): 0.4553280174732208
(20,5): 0.589411735534668
(20,23): 0.6267753839492798
(21,6): 0.489437997341156
(21,10): 0.5597968697547913
(21,18): 0.4442780315876007
(21,24): 0.33747658133506775
(22,7): 0.6357678174972534
(23,7): 0.598834753036499
(23,11): 0.5451928973197937
(23,20): 0.54461669921875
(24,11): 0.4624301493167877
(24,18): 0.47961464524269104
(24,21): 0.48991575837135315
(25,8): 0.5543656945228577
(26,5): 0.4499654471874237
(26,8): 0.5507914423942566
(26,11): 0.5145894289016724
