Interaction name: 5j6d

Affinity: 8.220000267028809
Predicted value: 8.026200294494629

Attributions for edges: 

(0,1): 4.970377877678292e-24
(0,7): 3.03163880434253e-24
(0,10): 5.858122497368758e-24
(0,12): 3.4539825084386026e-24
(0,24): 2.42108432674385e-24
(0,41): 6.5293027104707095e-24
(0,42): 6.060540655774396e-24
(0,43): 2.4077480414954098e-24
(0,47): 6.060540655774396e-24
(1,0): 4.970301752600938e-24
(1,7): 3.043457912855004e-24
(1,9): 5.841608877609314e-24
(1,12): 3.467447969660273e-24
(1,24): 2.4305139755744093e-24
(1,41): 6.554731641750509e-24
(1,42): 6.0841212859532624e-24
(1,43): 2.4171256255062246e-24
(1,44): 5.7948893793585045e-24
(1,47): 6.0841212859532624e-24
(2,5): 5.06498313107257e-26
(2,8): 6.537120839731419e-26
(2,11): 4.4362150754415493e-26
(2,13): 5.1524835210499264e-26
(2,14): 6.882197565661453e-26
(2,31): 7.03157638993362e-26
(2,32): 6.278970422580918e-26
(3,8): 1.146617830645375e-25
(3,13): 9.037509772359493e-26
(3,15): 1.3446805893856748e-25
(3,16): 1.3886996441945895e-25
(3,18): 1.3310034669223727e-25
(3,19): 1.1336572157511432e-25
(3,23): 1.3013418038479969e-25
(3,28): 1.3413147417702264e-25
(3,33): 1.2944845071698468e-25
(3,35): 1.4166189107445584e-25
(3,37): 1.2871673292358561e-25
(3,39): 1.4045763327287775e-25
(4,15): 1.4260964582232067e-25
(4,16): 1.4727808768156368e-25
(4,17): 1.3451115046551518e-25
(4,33): 1.3728665895292216e-25
(4,34): 1.4029055499834226e-25
(4,35): 1.502396194311831e-25
(4,39): 1.489607279924001e-25
(5,2): 5.065369857805403e-26
(5,6): 6.318182356248642e-26
(5,8): 7.745069031231751e-26
(5,11): 5.255991624427447e-26
(5,13): 6.104620452873013e-26
(5,14): 8.153971999965151e-26
(5,31): 8.330986224120924e-26
(5,32): 7.439244914609866e-26
(5,43): 2.6495320847048066e-25
(5,45): 6.869712609241166e-26
(6,5): 6.318953960821561e-26
(6,8): 8.155526918765052e-26
(6,11): 5.534495885527814e-26
(6,13): 6.428067598858018e-26
(6,19): 8.063310927837462e-26
(6,20): 7.892947170891251e-26
(6,22): 9.280707577570562e-26
(6,26): 8.968479512771997e-26
(6,45): 7.233725694681998e-26
(7,0): 3.031222680215026e-24
(7,1): 3.043074920885519e-24
(7,9): 3.562617726987946e-24
(7,10): 3.586590026606255e-24
(7,24): 1.4822845306598672e-24
(7,25): 7.957708830164887e-25
(7,29): 7.957708830164887e-25
(7,30): 7.08294639578403e-25
(7,38): 8.0236718999452705e-25
(7,45): 3.8221141627098833e-25
(7,46): 2.1036912691240597e-24
(8,2): 6.538866810781802e-26
(8,3): 1.1464211084571356e-25
(8,5): 7.746575262522657e-26
(8,6): 8.156117948146385e-26
(8,11): 6.784939027916271e-26
(8,13): 7.880401201010326e-26
(8,19): 9.885066859309606e-26
(8,37): 1.1223661510071017e-25
(8,46): 4.880993527621897e-25
(9,1): 5.842790196814882e-24
(9,7): 3.5637596031482534e-24
(9,10): 6.886328139968803e-24
(9,12): 4.0602339470145285e-24
(9,24): 2.846028116383531e-24
(10,0): 5.859262401376802e-24
(10,7): 3.587766612646392e-24
(10,9): 6.886380204788548e-24
(10,12): 4.087584937889899e-24
(10,24): 2.8652001973935697e-24
(11,2): 4.436468681896626e-26
(11,5): 5.255891167921548e-26
(11,6): 5.533735990608957e-26
(11,8): 6.783490112300509e-26
(11,13): 5.346669336589856e-26
(11,19): 6.706788796707321e-26
(11,32): 6.515634857123044e-26
(11,45): 6.016766616232262e-26
(12,0): 3.45375847194152e-24
(12,1): 3.4672365549376734e-24
(12,9): 4.059211977711815e-24
(12,10): 4.086525103263734e-24
(12,24): 1.6889066274370413e-24
(12,25): 9.066935516719401e-25
(12,29): 9.066935516719401e-25
(12,30): 8.070269913616676e-25
(12,38): 9.142093253388201e-25
(13,2): 5.15344648602212e-26
(13,3): 9.035269530648182e-26
(13,5): 6.105272495714984e-26
(13,6): 6.428043563252312e-26
(13,8): 7.879740530002204e-26
(13,11): 5.347383009190048e-26
(13,19): 7.790672587124512e-26
(13,20): 7.626069363679161e-26
(13,27): 8.104880816054698e-26
(13,28): 9.217728127645144e-26
(13,37): 8.8456187408669e-26
(13,40): 8.52516803372657e-26
(13,49): 3.017260150341405e-26
(13,51): 5.611860337319454e-26
(13,52): 8.370231437858087e-26
(13,63): 7.274458034485019e-26
(14,2): 6.883642167194139e-26
(14,5): 8.155029566616213e-26
(14,24): 3.6205414659794158e-25
(14,25): 1.9436963245679774e-25
(14,29): 1.943703720138964e-25
(14,30): 1.7300392648456556e-25
(14,31): 1.1321445749653819e-25
(14,32): 1.0109607487814616e-25
(14,38): 1.959807822480985e-25
(14,51): 7.49598989819371e-26
(14,55): 1.0000903071372743e-25
(14,68): 1.044836161684882e-25
(15,3): 1.3447112810052686e-25
(15,4): 1.426058494292143e-25
(15,16): 1.420336294500896e-25
(15,23): 1.330988182742334e-25
(15,28): 1.371877062131235e-25
(15,33): 1.3239747162568535e-25
(15,34): 1.3529490842675555e-25
(15,35): 1.4488914568961829e-25
(15,37): 1.3164907681971184e-25
(15,39): 1.4365743799372883e-25
(15,50): 1.214576718515968e-25
(15,52): 1.2457343823413855e-25
(15,64): 1.1092012950941274e-25
(16,3): 1.388763246105073e-25
(16,4): 1.4727752068778805e-25
(16,15): 1.42036871175372e-25
(16,17): 1.3397142169492428e-25
(16,23): 1.3745957972853693e-25
(16,33): 1.3673524518017267e-25
(16,34): 1.3972655642896417e-25
(16,35): 1.496361901424956e-25
(16,39): 1.4836357261309944e-25
(17,4): 1.3450347139764092e-25
(17,16): 1.3396374262705002e-25
(17,33): 1.2487509124872408e-25
(17,34): 1.2760790263963597e-25
(17,39): 1.3549479838456756e-25
(17,53): 1.3249245540905461e-25
(17,54): 1.0410525875682157e-25
(17,65): 1.0320018261652437e-25
(18,3): 1.331023681483069e-25
(18,19): 1.1476856278363016e-25
(18,27): 1.1939779579069336e-25
(18,28): 1.3579128682541422e-25
(18,37): 1.3030954169884e-25
(18,40): 1.2558833244060867e-25
(18,66): 1.1166264483645202e-25
(18,67): 1.3755399651813057e-25
(19,3): 1.1335446798126327e-25
(19,6): 8.064541057811541e-26
(19,8): 9.885821823847805e-26
(19,11): 6.708758483780045e-26
(19,13): 7.791920589728475e-26
(19,18): 1.1475543564512921e-25
(19,20): 9.56749487817575e-26
(19,21): 9.394405853321034e-26
(19,22): 1.1249723502227256e-25
(19,26): 1.0871292134850764e-25
(19,27): 1.0168281482830757e-25
(19,28): 1.1564443258150672e-25
(19,37): 1.1097642213057125e-25
(19,40): 1.0695565972641797e-25
(19,55): 9.393330414040088e-26
(19,63): 9.126407617104497e-26
(20,6): 7.89400103975682e-26
(20,13): 7.627174385244053e-26
(20,19): 9.56742215506105e-26
(20,21): 9.195776840362205e-26
(20,22): 1.1011825239925558e-25
(20,26): 1.0641439021187156e-25
(20,27): 9.953327363216929e-26
(20,36): 1.0957769778990453e-25
(20,40): 1.046942666820855e-25
(20,51): 6.891681769153989e-26
(20,55): 9.194724820389383e-26
(20,56): 8.321649315750535e-26
(20,67): 1.1466922793933053e-25
(21,19): 9.394298001244148e-26
(21,20): 9.195776840362205e-26
(21,22): 1.0812563905647388e-25
(21,26): 1.044883986377261e-25
(21,36): 1.0759485892677658e-25
(21,68): 9.43221755888199e-26
(21,69): 7.019114236523875e-26
(22,6): 9.282867700596187e-26
(22,19): 1.1250666437528028e-25
(22,20): 1.1012918551836388e-25
(22,21): 1.0813678171676013e-25
(22,26): 1.2513641374953019e-25
(22,36): 1.2885673108235905e-25
(22,57): 9.176538495036128e-26
(22,58): 1.4952890505938553e-25
(22,67): 1.348440620934701e-25
(22,70): 1.699809745179037e-25
(23,3): 1.301346857488171e-25
(23,15): 1.3309627912819472e-25
(23,16): 1.3745382350911915e-25
(23,28): 1.3276362634522434e-25
(23,33): 1.2812836594780718e-25
(23,34): 1.3093189132330115e-25
(23,35): 1.4021725256391493e-25
(23,37): 1.2740410535515278e-25
(23,39): 1.3902475372020529e-25
(23,59): 1.2243083038580007e-25
(23,64): 1.0734315066825286e-25
(23,65): 1.0588877465591313e-25
(23,66): 1.0917297516767122e-25
(24,0): 2.420484200810203e-24
(24,1): 2.4299390931897295e-24
(24,7): 1.482126068225531e-24
(24,9): 2.8448124817285853e-24
(24,10): 2.8639433447563263e-24
(24,12): 1.688604099279889e-24
(24,14): 3.62257278281036e-25
(24,25): 6.35434558903672e-25
(24,29): 6.354369254863877e-25
(24,30): 5.655877296716589e-25
(24,31): 3.701215312527974e-25
(24,38): 6.407041990543549e-25
(24,57): 2.774853979374677e-25
(24,60): 2.401904357124759e-24
(24,61): 5.595766095738748e-25
(25,7): 7.954067744049226e-25
(25,12): 9.062232919648152e-25
(25,14): 1.944126253761323e-25
(25,24): 6.352164388633784e-25
(25,29): 3.410187514778674e-25
(25,30): 3.035317361351189e-25
(25,31): 1.9863240259553085e-25
(25,32): 1.7737161512369306e-25
(25,38): 3.4384551127221045e-25
(26,6): 8.970327172923444e-26
(26,19): 1.087195650364438e-25
(26,20): 1.064216995011965e-25
(26,21): 1.0449557234158296e-25
(26,22): 1.2513259270452052e-25
(26,27): 1.1310395534004903e-25
(26,36): 1.2451784819222376e-25
(26,40): 1.1896906221465738e-25
(26,57): 8.867612552683011e-26
(26,61): 1.7882414224328618e-25
(26,62): 1.6294364499004021e-25
(26,64): 1.040040380419204e-25
(26,66): 1.0577695362259805e-25
(27,13): 8.106457921567558e-26
(27,18): 1.1938823085221756e-25
(27,19): 1.0168629690964703e-25
(27,20): 9.95378342342776e-26
(27,26): 1.1310092315594458e-25
(27,28): 1.2031313328573426e-25
(27,37): 1.1545534015733491e-25
(27,56): 8.844572267572317e-26
(28,3): 1.341330025950265e-25
(28,13): 9.220155107523863e-26
(28,15): 1.3718559847539236e-25
(28,18): 1.3579076913544517e-25
(28,19): 1.1565679551100573e-25
(28,23): 1.3276463707325915e-25
(28,27): 1.203213916733358e-25
(28,33): 1.320655583998136e-25
(28,37): 1.3131803873640683e-25
(28,39): 1.4329622598079912e-25
(28,40): 1.265612567817307e-25
(28,53): 1.4012048151755727e-25
(28,61): 1.9023536036395415e-25
(28,65): 1.0914216028856102e-25
(29,7): 7.954127894693249e-25
(29,12): 9.062232919648152e-25
(29,14): 1.9441336493323093e-25
(29,24): 6.3521880544609405e-25
(29,25): 3.410187514778674e-25
(29,30): 3.0353287012267014e-25
(29,31): 1.9863240259553085e-25
(29,32): 1.7737161512369306e-25
(29,38): 3.4384551127221045e-25
(30,7): 7.07935412043688e-25
(30,12): 8.065622536808792e-25
(30,14): 1.7303163522386144e-25
(30,24): 5.653633973517367e-25
(30,25): 3.0351553983465856e-25
(30,29): 3.0351553983465856e-25
(30,31): 1.7678732803790882e-25
(30,32): 1.578653405867283e-25
(30,51): 1.1705180974022758e-25
(31,2): 7.033105424235068e-26
(31,5): 8.332130688731077e-26
(31,14): 1.1321575172146082e-25
(31,24): 3.6991682184789255e-25
(31,25): 1.9859071622707058e-25
(31,29): 1.9859071622707058e-25
(31,30): 1.7676033420380828e-25
(31,32): 1.0329234375696714e-25
(31,38): 2.0023763593004246e-25
(31,54): 1.01213756901468e-25
(31,63): 9.927769502482933e-26
(32,2): 6.280239995600258e-26
(32,5): 7.440210036623597e-26
(32,11): 6.516579641316562e-26
(32,14): 1.0109568044769355e-25
(32,25): 1.7733304722099874e-25
(32,29): 1.7733304722099874e-25
(32,30): 1.5783945608827574e-25
(32,31): 1.0329077219813252e-25
(32,38): 1.7880162272963245e-25
(32,56): 8.257864981182758e-26
(32,61): 1.5616190639546833e-25
(32,64): 9.082404586032719e-26
(32,65): 8.959349064091646e-26
(32,66): 9.237193270481473e-26
(33,3): 1.2944845071698468e-25
(33,4): 1.372793126857423e-25
(33,15): 1.323944394415809e-25
(33,16): 1.3672950128670653e-25
(33,17): 1.2487698944527727e-25
(33,23): 1.281273921976273e-25
(33,28): 1.3206356159564726e-25
(33,34): 1.302414531419581e-25
(33,35): 1.3947839804451394e-25
(33,37): 1.2673179864867817e-25
(33,54): 1.0625417749240183e-25
(33,63): 1.0422129526559892e-25
(33,66): 1.0859729159613454e-25
(33,67): 1.3377786727625732e-25
(34,4): 1.4028626556717013e-25
(34,15): 1.3529388537276909e-25
(34,16): 1.3972283399156766e-25
(34,17): 1.2761131692824138e-25
(34,23): 1.3093338276345008e-25
(34,33): 1.302439429841902e-25
(34,35): 1.4253189371934982e-25
(34,39): 1.413196856789613e-25
(34,63): 1.0650374103533948e-25
(35,3): 1.4167000155063764e-25
(35,4): 1.5024075341873434e-25
(35,15): 1.4489411304813085e-25
(35,16): 1.4963847044354975e-25
(35,23): 1.4022528908438687e-25
(35,33): 1.3948584291930697e-25
(35,34): 1.425378718058972e-25
(35,39): 1.513480799365834e-25
(35,53): 1.4799444733921423e-25
(36,20): 1.095889883616105e-25
(36,21): 1.0760553320090035e-25
(36,22): 1.2885723644637646e-25
(36,26): 1.2452212529744426e-25
(36,58): 1.4879489463898067e-25
(36,68): 1.124067255593501e-25
(37,3): 1.2871525380938832e-25
(37,8): 1.1225459866415888e-25
(37,13): 8.847744351227921e-26
(37,15): 1.3164455319545847e-25
(37,18): 1.3030605345452471e-25
(37,19): 1.1098530914170663e-25
(37,23): 1.2740217018074466e-25
(37,27): 1.1546150313315695e-25
(37,28): 1.3131503120420568e-25
(37,33): 1.2673131793656406e-25
(37,39): 1.375078358292235e-25
(37,40): 1.2144887112212292e-25
(37,50): 1.1625837590694661e-25
(37,52): 1.1924121922695863e-25
(37,67): 1.3302014172488925e-25
(38,7): 8.020061382189687e-25
(38,12): 9.137351213271692e-25
(38,14): 1.9602415727193402e-25
(38,24): 6.40484254773218e-25
(38,25): 3.4384551127221045e-25
(38,29): 3.4384551127221045e-25
(38,31): 2.0027965509919712e-25
(38,32): 1.7884255721504243e-25
(39,3): 1.404640550936843e-25
(39,4): 1.4896130731212737e-25
(39,15): 1.4366018668094546e-25
(39,16): 1.483647066006507e-25
(39,17): 1.355030567721691e-25
(39,23): 1.3903164392717433e-25
(39,28): 1.4330168637737744e-25
(39,34): 1.413250844457814e-25
(39,35): 1.513463419774016e-25
(39,37): 1.3751622980229312e-25
(40,13): 8.527053288030531e-26
(40,18): 1.25583056933305e-25
(40,19): 1.0696259923719358e-25
(40,20): 1.0470225389875086e-25
(40,26): 1.1896950594891657e-25
(40,28): 1.265559442965721e-25
(40,37): 1.2144655384321384e-25
(41,0): 6.530248949126522e-24
(41,1): 6.555757555357749e-24
(41,46): 4.5320417936659004e-24
(41,60): 6.4801708755717344e-24
(42,0): 6.0607252492262176e-24
(42,1): 6.0843764824561014e-24
(42,44): 7.066163182810227e-24
(42,47): 7.418903914301613e-24
(42,60): 6.014202571771261e-24
(43,0): 2.4071327299893374e-24
(43,1): 2.4165355575491192e-24
(43,5): 2.651342027444223e-25
(43,61): 5.564899940669713e-25
(44,1): 5.794822720612013e-24
(44,42): 7.065839749839086e-24
(44,47): 7.065786896158436e-24
(44,60): 5.727988452569426e-24
(45,5): 6.87010519080103e-26
(45,6): 7.233310926409174e-26
(45,7): 3.8192868359217646e-25
(45,11): 6.01727198024967e-26
(45,51): 6.314905502004064e-26
(45,57): 7.150486078039208e-26
(46,7): 2.103642951393615e-24
(46,8): 4.8838432876420075e-25
(46,41): 4.530658526068595e-24
(46,60): 3.4091353715463355e-24
(47,0): 6.060679495293715e-24
(47,1): 6.0843539999203026e-24
(47,42): 7.418903914301613e-24
(47,44): 7.066163182810227e-24
(47,60): 6.014202571771261e-24
(48,51): 3.4871161825499373e-26
(48,57): 3.948511989698765e-26
(49,13): 3.0160404974262237e-26
(50,15): 1.2144794667574962e-25
(50,37): 1.1625349483009556e-25
(50,54): 9.746860893905213e-26
(50,64): 9.794867394070987e-26
(51,13): 5.611046824510945e-26
(51,14): 7.49470368513965e-26
(51,20): 6.889657847894031e-26
(51,30): 1.1701253925828955e-25
(51,45): 6.314278727362963e-26
(51,48): 3.487874228576048e-26
(52,13): 8.371989118562533e-26
(52,15): 1.2456488402369756e-25
(52,37): 1.1923758307122363e-25
(52,55): 1.0092614930878089e-25
(52,59): 1.1458308186329007e-25
(53,17): 1.324985197772635e-25
(53,28): 1.4012421628090543e-25
(53,35): 1.4799107002846375e-25
(54,17): 1.040917618397713e-25
(54,31): 1.0122187354062562e-25
(54,33): 1.0623916448329934e-25
(54,50): 9.746041834418464e-26
(54,64): 8.900485249420185e-26
(55,14): 1.0001895310480091e-25
(55,19): 9.392971728847245e-26
(55,20): 9.194443788691898e-26
(55,52): 1.0091651657757105e-25
(55,56): 8.169882338347327e-26
(55,59): 1.0248538835473262e-25
(56,20): 8.320886955641349e-26
(56,27): 8.843392057702397e-26
(56,32): 8.258211956721539e-26
(56,55): 8.169383137305742e-26
(57,22): 9.173773167784779e-26
(57,24): 2.773065483791121e-25
(57,26): 8.865176944638141e-26
(57,45): 7.15037760966474e-26
(57,48): 3.949717467769556e-26
(57,69): 5.955250256766996e-26
(58,22): 1.4954373317921336e-25
(58,36): 1.4880909413527465e-25
(59,23): 1.224270956224519e-25
(59,52): 1.1458483214842353e-25
(59,55): 1.0249672823024517e-25
(60,24): 2.4022983931469167e-24
(60,41): 6.4786385132633426e-24
(60,42): 6.013514685061908e-24
(60,44): 5.727616899083067e-24
(60,46): 3.4093956956450584e-24
(60,47): 6.013514685061908e-24
(61,24): 5.594059197955076e-25
(61,26): 1.7883574096378326e-25
(61,28): 1.902382569625905e-25
(61,32): 1.5620243412447406e-25
(61,43): 5.563265519481708e-25
(62,26): 1.6297471871413493e-25
(62,70): 2.2137921912353037e-25
(63,13): 7.275180335251362e-26
(63,19): 9.125886229349952e-26
(63,31): 9.928451743906432e-26
(63,33): 1.0420618364888328e-25
(63,34): 1.0648585607950392e-25
(63,66): 8.87895181189798e-26
(64,15): 1.1090363738611296e-25
(64,23): 1.073296290992993e-25
(64,26): 1.0399491683770378e-25
(64,32): 9.083409767389294e-26
(64,50): 9.79415803555387e-26
(64,54): 8.900621451185852e-26
(65,17): 1.0318758549394412e-25
(65,23): 1.058738356025205e-25
(65,28): 1.0912593933619741e-25
(65,32): 8.960169972471141e-26
(66,18): 1.1164859325157777e-25
(66,23): 1.091600822222515e-25
(66,26): 1.0576848569381857e-25
(66,32): 9.238321711354488e-26
(66,33): 1.085844479545214e-25
(66,63): 8.879256262903589e-26
(67,18): 1.3755610425586171e-25
(67,20): 1.1468453677127248e-25
(67,22): 1.3484869665128827e-25
(67,33): 1.337814418022341e-25
(67,37): 1.330252200169666e-25
(68,14): 1.0449398229382087e-25
(68,21): 9.432038216285569e-26
(68,36): 1.123925753668627e-25
(69,21): 7.017855756861014e-26
(69,57): 5.955432680851329e-26
(70,22): 1.7001079099493073e-25
(70,62): 2.2138092010485726e-25
