Interaction name: 1o0f

Affinity: 5.300000190734863
Predicted value: 5.986778259277344

Attributions for edges: 

(0,1): 0.5681136250495911
(0,2): 0.4588676989078522
(0,8): 0.5272142291069031
(0,15): 0.6173883676528931
(0,16): 0.4234549105167389
(0,20): 0.5246052742004395
(0,23): 0.4542820155620575
(0,25): 0.4467339813709259
(0,26): 0.4197942912578583
(0,28): 0.506359875202179
(0,31): 0.4828508198261261
(1,0): 0.5641842484474182
(1,2): 0.4151912033557892
(1,8): 0.5115618109703064
(1,9): 0.5104827880859375
(1,14): 0.5492902398109436
(1,16): 0.6015604734420776
(1,22): 0.5160512924194336
(1,25): 0.4970015585422516
(1,26): 0.5050069093704224
(1,28): 0.518911600112915
(2,0): 0.5565361976623535
(2,1): 0.39548903703689575
(2,8): 0.4913972020149231
(2,14): 0.46779632568359375
(2,15): 0.4106130599975586
(2,25): 0.5337997674942017
(2,26): 0.591214656829834
(2,28): 0.3767639100551605
(2,31): 0.5762899518013
(3,4): 0.5368102192878723
(3,5): 0.4986022412776947
(3,6): 0.49703601002693176
(3,18): 0.44437819719314575
(3,19): 0.43148359656333923
(3,20): 0.45264309644699097
(3,25): 0.5834742188453674
(3,26): 0.5393290519714355
(3,27): 0.48973819613456726
(3,31): 0.48327282071113586
(4,3): 0.45450401306152344
(4,5): 0.38603582978248596
(4,6): 0.46628889441490173
(4,17): 0.3553061783313751
(4,19): 0.6363725066184998
(4,20): 0.4761132597923279
(4,25): 0.5931215286254883
(4,26): 0.5858118534088135
(4,27): 0.44708749651908875
(4,28): 0.4744318127632141
(4,31): 0.5246654152870178
(5,3): 0.5109099745750427
(5,4): 0.5147233605384827
(5,6): 0.5894021391868591
(5,17): 0.5975062847137451
(5,18): 0.5683401823043823
(5,20): 0.5060145854949951
(5,25): 0.4123207628726959
(5,26): 0.4607529938220978
(5,27): 0.49010124802589417
(5,28): 0.48369720578193665
(5,31): 0.5449382066726685
(6,3): 0.6237483620643616
(6,4): 0.5660902261734009
(6,5): 0.4084022641181946
(6,7): 0.42557597160339355
(6,17): 0.5905007719993591
(6,18): 0.5104451775550842
(6,19): 0.409507691860199
(6,20): 0.4504181742668152
(6,21): 0.5119304060935974
(6,22): 0.5555110573768616
(6,23): 0.5349096059799194
(6,25): 0.4402640461921692
(6,26): 0.4299807548522949
(6,27): 0.5051655769348145
(6,28): 0.5536395311355591
(7,6): 0.506985068321228
(7,8): 0.4946534335613251
(7,9): 0.4446362853050232
(7,12): 0.5504241585731506
(7,20): 0.5433229804039001
(7,21): 0.4494399428367615
(7,22): 0.5532637238502502
(7,23): 0.534080445766449
(7,25): 0.5294982194900513
(7,27): 0.4285016655921936
(7,28): 0.6075558662414551
(7,31): 0.4602327048778534
(8,0): 0.5994361042976379
(8,1): 0.4277491271495819
(8,2): 0.4587794542312622
(8,7): 0.5050941705703735
(8,9): 0.3985249996185303
(8,14): 0.5481366515159607
(8,15): 0.49298006296157837
(8,16): 0.5180419087409973
(8,20): 0.41488099098205566
(8,21): 0.5633833408355713
(8,22): 0.4781310260295868
(8,23): 0.4377913773059845
(8,25): 0.5794566869735718
(8,26): 0.5505363345146179
(8,27): 0.46455463767051697
(8,31): 0.5590804219245911
(9,1): 0.6164731979370117
(9,7): 0.5825939178466797
(9,8): 0.5565975308418274
(9,15): 0.41979217529296875
(9,21): 0.4948609173297882
(9,22): 0.442592978477478
(9,23): 0.4826856851577759
(9,25): 0.4076874852180481
(9,27): 0.42445889115333557
(9,28): 0.5134430527687073
(9,31): 0.5305057764053345
(10,11): 0.41234567761421204
(10,12): 0.4984967112541199
(10,13): 0.5449891686439514
(10,21): 0.5202729105949402
(10,28): 0.6635723114013672
(11,10): 0.4783487617969513
(11,12): 0.485554963350296
(11,13): 0.39914336800575256
(11,24): 0.45414045453071594
(11,29): 0.49114733934402466
(12,7): 0.5290802121162415
(12,10): 0.4861413538455963
(12,11): 0.4439425468444824
(12,21): 0.5475953221321106
(12,24): 0.5219655632972717
(12,28): 0.4520376920700073
(12,29): 0.6007176637649536
(13,10): 0.5251239538192749
(13,11): 0.7243898510932922
(13,24): 0.35849159955978394
(13,30): 0.4929991364479065
(14,1): 0.539570689201355
(14,2): 0.43410730361938477
(14,8): 0.5185132026672363
(14,15): 0.483091801404953
(14,16): 0.5444246530532837
(14,20): 0.6001054048538208
(14,23): 0.5868484973907471
(15,0): 0.5230713486671448
(15,2): 0.4912419021129608
(15,8): 0.4420168995857239
(15,9): 0.4935535490512848
(15,14): 0.41151243448257446
(15,16): 0.534607470035553
(15,22): 0.5158988833427429
(16,0): 0.5950101017951965
(16,1): 0.44934967160224915
(16,8): 0.457089364528656
(16,14): 0.48030754923820496
(16,15): 0.3946724832057953
(17,4): 0.38704338669776917
(17,5): 0.48246127367019653
(17,6): 0.4880888760089874
(17,18): 0.4593440890312195
(17,19): 0.4153387248516083
(17,20): 0.47203364968299866
(18,3): 0.4529493749141693
(18,5): 0.48103728890419006
(18,6): 0.484214186668396
(18,17): 0.5110076665878296
(18,19): 0.4420166611671448
(18,20): 0.6035434603691101
(19,3): 0.555413007736206
(19,4): 0.48615169525146484
(19,6): 0.5214645266532898
(19,17): 0.46899932622909546
(19,18): 0.4752570390701294
(19,20): 0.4616246521472931
(20,0): 0.4551820456981659
(20,3): 0.5589174628257751
(20,4): 0.4021166265010834
(20,5): 0.597482442855835
(20,6): 0.5187509059906006
(20,7): 0.5135787129402161
(20,8): 0.5028472542762756
(20,14): 0.4212765097618103
(20,17): 0.5468723177909851
(20,18): 0.5378648638725281
(20,19): 0.44399383664131165
(20,21): 0.5602056384086609
(20,22): 0.5503908395767212
(20,23): 0.5099622011184692
(20,33): 0.5406720042228699
(21,6): 0.35029464960098267
(21,7): 0.49305158853530884
(21,8): 0.4916239082813263
(21,9): 0.39955106377601624
(21,10): 0.4214692711830139
(21,12): 0.5421220660209656
(21,20): 0.5494357943534851
(21,22): 0.5291896462440491
(21,23): 0.6392414569854736
(21,33): 0.49809375405311584
(22,1): 0.5696828365325928
(22,6): 0.6017497181892395
(22,7): 0.5695575475692749
(22,8): 0.4235272705554962
(22,9): 0.4160986840724945
(22,15): 0.6347771286964417
(22,20): 0.424968421459198
(22,21): 0.602290689945221
(22,23): 0.5209344029426575
(23,0): 0.49428579211235046
(23,6): 0.6473658680915833
(23,7): 0.5340108871459961
(23,8): 0.5297709703445435
(23,9): 0.4896399676799774
(23,14): 0.47264108061790466
(23,20): 0.5220946669578552
(23,21): 0.5483116507530212
(23,22): 0.5241288542747498
(24,11): 0.4544743597507477
(24,12): 0.3800439238548279
(24,13): 0.46593526005744934
(25,0): 0.5714842677116394
(25,1): 0.5172204375267029
(25,2): 0.46640098094940186
(25,3): 0.48914945125579834
(25,4): 0.5069871544837952
(25,5): 0.49957746267318726
(25,6): 0.42409127950668335
(25,7): 0.5889735817909241
(25,8): 0.5577331781387329
(25,9): 0.47791168093681335
(25,26): 0.5629229545593262
(26,0): 0.5343661904335022
(26,1): 0.4512813985347748
(26,2): 0.4811488091945648
(26,3): 0.49036651849746704
(26,4): 0.4803682267665863
(26,5): 0.5769698023796082
(26,6): 0.5071804523468018
(26,8): 0.6015430092811584
(26,25): 0.4264416992664337
(26,33): 0.5435510873794556
(27,3): 0.5442761182785034
(27,4): 0.42826178669929504
(27,5): 0.44141489267349243
(27,6): 0.604076623916626
(27,7): 0.5258690714836121
(27,8): 0.6317310929298401
(27,9): 0.5459571480751038
(27,28): 0.5358915328979492
(28,0): 0.44951364398002625
(28,1): 0.5176505446434021
(28,2): 0.6016574501991272
(28,4): 0.5038763880729675
(28,5): 0.5807909965515137
(28,6): 0.47354355454444885
(28,7): 0.5269589424133301
(28,9): 0.6349668502807617
(28,10): 0.6260195970535278
(28,12): 0.5349259376525879
(28,27): 0.4801112115383148
(28,32): 0.5100767016410828
(29,11): 0.5055976510047913
(29,12): 0.5623003244400024
(29,30): 0.42110881209373474
(30,13): 0.5100864768028259
(30,29): 0.4846407473087311
(31,0): 0.5031975507736206
(31,2): 0.5720439553260803
(31,3): 0.35444897413253784
(31,4): 0.541586697101593
(31,5): 0.5966698527336121
(31,7): 0.4581880271434784
(31,8): 0.6445252299308777
(31,9): 0.4475115239620209
(32,28): 0.4572388827800751
(33,20): 0.5879523754119873
(33,21): 0.4749443531036377
(33,26): 0.49832335114479065
