Interaction name: 5kr2

Affinity: 8.479999542236328
Predicted value: 8.199626922607422

Attributions for edges: 

(0,1): 0.5013192296028137
(0,3): 0.5205655097961426
(0,6): 0.5674167275428772
(0,13): 0.426888644695282
(0,17): 0.40546515583992004
(0,39): 0.4668843746185303
(0,40): 0.4434601664543152
(1,0): 0.4029608368873596
(1,6): 0.47996413707733154
(1,13): 0.5728487968444824
(1,14): 0.47141629457473755
(1,15): 0.46383094787597656
(1,16): 0.5417260527610779
(1,30): 0.45664146542549133
(1,31): 0.5322036147117615
(1,34): 0.553407609462738
(1,37): 0.42622336745262146
(1,40): 0.5071404576301575
(2,6): 0.45872125029563904
(2,9): 0.46640515327453613
(2,17): 0.479896605014801
(2,18): 0.5137773752212524
(2,19): 0.44068703055381775
(2,20): 0.5517632365226746
(2,21): 0.4605548083782196
(2,39): 0.5088525414466858
(2,40): 0.4485028088092804
(2,41): 0.46699807047843933
(3,0): 0.4068329930305481
(3,6): 0.41527220606803894
(3,7): 0.5709346532821655
(3,17): 0.5594601631164551
(3,40): 0.4125843942165375
(4,9): 0.4889775812625885
(4,10): 0.4762258529663086
(4,12): 0.5289357304573059
(4,18): 0.5655144453048706
(4,19): 0.5055422186851501
(4,41): 0.5643514394760132
(4,43): 0.513283371925354
(5,10): 0.46348512172698975
(5,11): 0.51786869764328
(5,12): 0.4769458770751953
(5,18): 0.4661902189254761
(5,19): 0.5241148471832275
(5,22): 0.5299404263496399
(5,26): 0.5482372641563416
(5,27): 0.6060842871665955
(5,39): 0.4780976176261902
(5,40): 0.5869283676147461
(5,41): 0.5290355086326599
(6,0): 0.5217307209968567
(6,1): 0.5080938935279846
(6,2): 0.561696469783783
(6,3): 0.5301021337509155
(6,7): 0.4999062120914459
(6,9): 0.5898649096488953
(6,13): 0.5098240971565247
(6,17): 0.5220534205436707
(6,29): 0.5161877870559692
(6,34): 0.46203964948654175
(6,42): 0.45936477184295654
(7,3): 0.4951867461204529
(7,6): 0.561074435710907
(7,17): 0.42556387186050415
(7,42): 0.4522075355052948
(8,9): 0.47261083126068115
(8,10): 0.5261923670768738
(8,12): 0.4636772572994232
(8,18): 0.5212582945823669
(8,19): 0.5286876559257507
(9,2): 0.4973989725112915
(9,4): 0.5099849700927734
(9,6): 0.4609958231449127
(9,8): 0.551857054233551
(9,17): 0.4616023898124695
(9,18): 0.5115848183631897
(9,19): 0.4577953815460205
(9,20): 0.4909707307815552
(9,21): 0.5033935308456421
(9,29): 0.49046698212623596
(9,44): 0.5189343690872192
(10,4): 0.5334936380386353
(10,5): 0.5692322254180908
(10,8): 0.6282214522361755
(10,11): 0.5328000783920288
(10,18): 0.4855419993400574
(10,22): 0.5843495726585388
(10,25): 0.6071802973747253
(10,33): 0.5071244835853577
(10,36): 0.6020980477333069
(10,42): 0.5013406872749329
(11,5): 0.5657930374145508
(11,10): 0.5517124533653259
(11,12): 0.5528101921081543
(11,22): 0.4937365651130676
(11,26): 0.4101562798023224
(11,27): 0.47569572925567627
(11,28): 0.4615800380706787
(12,4): 0.5171443223953247
(12,5): 0.4769083559513092
(12,8): 0.496195524930954
(12,11): 0.5206831693649292
(12,18): 0.5007107853889465
(12,22): 0.5013777017593384
(12,25): 0.45795905590057373
(12,33): 0.5037090182304382
(12,36): 0.601453959941864
(13,0): 0.45808324217796326
(13,1): 0.5403062701225281
(13,6): 0.5122514367103577
(13,14): 0.4980044960975647
(13,31): 0.4935018718242645
(13,34): 0.5813164710998535
(13,37): 0.4454191327095032
(13,48): 0.5905976295471191
(13,59): 0.5023663640022278
(13,62): 0.467557817697525
(14,1): 0.4905979037284851
(14,13): 0.49378666281700134
(14,16): 0.5778154134750366
(14,31): 0.4973941445350647
(14,32): 0.5406495928764343
(14,37): 0.4102632403373718
(14,57): 0.4480765759944916
(15,1): 0.5228551626205444
(15,16): 0.5180361270904541
(15,31): 0.5692743062973022
(15,32): 0.5939034819602966
(15,37): 0.4119669497013092
(15,45): 0.5019918084144592
(15,59): 0.46666303277015686
(16,1): 0.5298663377761841
(16,14): 0.413166344165802
(16,15): 0.4707271456718445
(16,31): 0.47369542717933655
(16,32): 0.4644373059272766
(16,37): 0.5091027021408081
(16,46): 0.5559095740318298
(16,62): 0.5056306719779968
(17,0): 0.39067915081977844
(17,2): 0.5631977319717407
(17,3): 0.4166325032711029
(17,6): 0.496643990278244
(17,7): 0.4841751754283905
(17,9): 0.5850090384483337
(17,45): 0.48145410418510437
(17,46): 0.5488476753234863
(17,47): 0.5199824571609497
(17,48): 0.48909327387809753
(17,54): 0.539682149887085
(17,60): 0.48724767565727234
(18,2): 0.5182395577430725
(18,4): 0.5363367795944214
(18,5): 0.5231590270996094
(18,8): 0.5474981069564819
(18,9): 0.528508722782135
(18,10): 0.48348188400268555
(18,12): 0.47068655490875244
(18,19): 0.4409230053424835
(18,20): 0.5169925689697266
(18,45): 0.4231199324131012
(18,46): 0.512547492980957
(18,48): 0.5104992985725403
(18,50): 0.4781520664691925
(18,52): 0.5241107940673828
(18,54): 0.4921959638595581
(18,59): 0.5287057161331177
(18,60): 0.4494430422782898
(19,2): 0.5677594542503357
(19,4): 0.4580298662185669
(19,5): 0.5391413569450378
(19,8): 0.4413798749446869
(19,9): 0.5566240549087524
(19,18): 0.5205548405647278
(19,20): 0.5404729843139648
(19,21): 0.49293312430381775
(19,29): 0.5201606750488281
(19,34): 0.5064972639083862
(19,38): 0.5214794278144836
(19,52): 0.4921385645866394
(19,59): 0.514940619468689
(20,2): 0.4817362427711487
(20,9): 0.47451847791671753
(20,18): 0.5174776315689087
(20,19): 0.547832727432251
(20,21): 0.5124754905700684
(20,29): 0.4977882504463196
(20,30): 0.5287680625915527
(20,34): 0.5382573008537292
(20,38): 0.534393846988678
(20,45): 0.4682105481624603
(20,48): 0.5136234164237976
(20,54): 0.5413857698440552
(21,2): 0.4855681359767914
(21,9): 0.5276965498924255
(21,19): 0.5753491520881653
(21,20): 0.5566002726554871
(21,29): 0.6237165927886963
(21,30): 0.5003561973571777
(21,34): 0.5102508068084717
(21,38): 0.6153832674026489
(21,54): 0.49063336849212646
(22,5): 0.6196237206459045
(22,10): 0.5883280038833618
(22,11): 0.5968459844589233
(22,12): 0.4969960153102875
(22,23): 0.5489702224731445
(22,24): 0.5384612083435059
(22,25): 0.5938352346420288
(22,33): 0.47911205887794495
(22,35): 0.5050511360168457
(22,36): 0.5632551908493042
(22,50): 0.5302870869636536
(22,52): 0.6093559861183167
(22,53): 0.44876155257225037
(22,59): 0.5281931161880493
(22,62): 0.530734121799469
(23,22): 0.4383823573589325
(23,24): 0.5699703097343445
(23,25): 0.5496307611465454
(23,33): 0.5137682557106018
(23,35): 0.48901668190956116
(23,36): 0.5136086344718933
(23,61): 0.5144867300987244
(24,22): 0.49337443709373474
(24,23): 0.6134856939315796
(24,25): 0.4720075726509094
(24,33): 0.570911169052124
(24,35): 0.49065300822257996
(24,36): 0.5102854371070862
(24,62): 0.5749488472938538
(25,10): 0.4850504398345947
(25,12): 0.46652519702911377
(25,22): 0.4723532795906067
(25,23): 0.5053843855857849
(25,24): 0.5041412115097046
(25,33): 0.5056570172309875
(25,35): 0.4688264727592468
(25,36): 0.5348213315010071
(25,49): 0.4782586991786957
(25,54): 0.4498685896396637
(26,5): 0.49855437874794006
(26,11): 0.5352177619934082
(26,27): 0.4856644868850708
(26,28): 0.5412983894348145
(26,48): 0.5982207655906677
(26,50): 0.5569853782653809
(26,51): 0.5401073694229126
(26,52): 0.5208439230918884
(26,53): 0.4451638162136078
(26,61): 0.5249261856079102
(27,5): 0.4556528925895691
(27,11): 0.4783690571784973
(27,26): 0.4194642901420593
(27,28): 0.4627220332622528
(27,46): 0.5462825894355774
(27,48): 0.5280531048774719
(27,52): 0.545742928981781
(27,53): 0.5173690915107727
(27,54): 0.4846362769603729
(27,55): 0.43104809522628784
(27,61): 0.44995546340942383
(28,11): 0.5184392333030701
(28,26): 0.47180235385894775
(28,27): 0.49462124705314636
(28,51): 0.4556924104690552
(28,52): 0.4599444270133972
(28,53): 0.5067581534385681
(28,55): 0.45385268330574036
(29,6): 0.45352113246917725
(29,9): 0.5697872042655945
(29,19): 0.4772816002368927
(29,20): 0.5243201851844788
(29,21): 0.5218725204467773
(29,30): 0.46784746646881104
(29,34): 0.6014427542686462
(29,38): 0.5228325724601746
(29,46): 0.5212836861610413
(29,59): 0.4754081964492798
(30,1): 0.5879108905792236
(30,20): 0.4863278567790985
(30,21): 0.5374089479446411
(30,29): 0.5462855696678162
(30,34): 0.46385058760643005
(30,38): 0.5656289458274841
(30,45): 0.44387751817703247
(30,47): 0.4382147490978241
(31,1): 0.515231728553772
(31,13): 0.5025382041931152
(31,14): 0.43587204813957214
(31,15): 0.5306622385978699
(31,16): 0.5321822762489319
(31,32): 0.5107684135437012
(31,37): 0.5229092240333557
(31,45): 0.5133166313171387
(31,59): 0.525603175163269
(32,14): 0.4916779398918152
(32,15): 0.5280097723007202
(32,16): 0.558914065361023
(32,31): 0.510374903678894
(32,37): 0.41216304898262024
(32,56): 0.4410914182662964
(33,10): 0.522526741027832
(33,12): 0.5791785717010498
(33,22): 0.5476161241531372
(33,23): 0.5733490586280823
(33,24): 0.5772028565406799
(33,25): 0.5234766006469727
(33,35): 0.5118213295936584
(33,36): 0.5261510610580444
(33,49): 0.427359402179718
(34,1): 0.5427623391151428
(34,6): 0.4885271489620209
(34,13): 0.49201032519340515
(34,19): 0.5364464521408081
(34,20): 0.5785982608795166
(34,21): 0.5153921246528625
(34,29): 0.5647262334823608
(34,30): 0.5115890502929688
(34,38): 0.41271454095840454
(34,46): 0.4940272271633148
(34,59): 0.4474112391471863
(34,60): 0.44634681940078735
(35,22): 0.48361557722091675
(35,23): 0.49371030926704407
(35,24): 0.5644950866699219
(35,25): 0.5213541388511658
(35,33): 0.5171729922294617
(35,36): 0.5089711546897888
(35,46): 0.5468890070915222
(35,61): 0.456830769777298
(35,62): 0.5734012722969055
(36,10): 0.502407431602478
(36,12): 0.5386424660682678
(36,22): 0.48690423369407654
(36,23): 0.4839882254600525
(36,24): 0.5211640000343323
(36,25): 0.4125552475452423
(36,33): 0.46641337871551514
(36,35): 0.5059912204742432
(36,46): 0.5105710625648499
(36,48): 0.46814092993736267
(36,52): 0.4778989553451538
(36,59): 0.5225114226341248
(36,62): 0.5192399024963379
(37,1): 0.47617438435554504
(37,13): 0.5035129189491272
(37,14): 0.4224555194377899
(37,15): 0.522178590297699
(37,16): 0.5354118943214417
(37,31): 0.49246376752853394
(37,32): 0.5315143465995789
(37,57): 0.477047860622406
(38,19): 0.5367938876152039
(38,20): 0.5503137111663818
(38,21): 0.5138694643974304
(38,29): 0.5718157291412354
(38,30): 0.4484761357307434
(38,34): 0.49368032813072205
(38,45): 0.5375351309776306
(38,54): 0.4528120756149292
(38,58): 0.47228923439979553
(38,60): 0.4847278892993927
(38,62): 0.47624510526657104
(39,0): 0.5622079968452454
(39,2): 0.42480504512786865
(39,5): 0.4716852009296417
(39,40): 0.496608704328537
(39,46): 0.4490951895713806
(40,0): 0.3949833810329437
(40,1): 0.4564563035964966
(40,2): 0.4837954044342041
(40,3): 0.5496627688407898
(40,5): 0.48500046133995056
(40,39): 0.45528584718704224
(41,2): 0.506547749042511
(41,4): 0.5595611929893494
(41,5): 0.5123867988586426
(41,52): 0.5042076110839844
(42,6): 0.48603498935699463
(42,7): 0.43397676944732666
(42,10): 0.4873296618461609
(43,4): 0.5716739296913147
(44,9): 0.5482548475265503
(44,46): 0.526414692401886
(44,59): 0.5672791004180908
(45,15): 0.56559157371521
(45,17): 0.5667434334754944
(45,18): 0.47690141201019287
(45,20): 0.4836217164993286
(45,30): 0.5208913683891296
(45,31): 0.5547436475753784
(45,38): 0.437803715467453
(45,56): 0.3514111340045929
(46,16): 0.4522962272167206
(46,17): 0.4714946746826172
(46,18): 0.528104841709137
(46,27): 0.5413675904273987
(46,29): 0.5193716287612915
(46,34): 0.5263057351112366
(46,35): 0.517463743686676
(46,36): 0.5656213164329529
(46,39): 0.5544832348823547
(46,44): 0.473603218793869
(47,17): 0.4250616133213043
(47,30): 0.3953547179698944
(47,62): 0.5922155976295471
(48,13): 0.6098757386207581
(48,17): 0.5123359560966492
(48,18): 0.4734443426132202
(48,20): 0.5050858855247498
(48,26): 0.45145106315612793
(48,27): 0.477657675743103
(48,36): 0.4364999830722809
(48,49): 0.44206902384757996
(49,25): 0.5031712651252747
(49,33): 0.5178585648536682
(49,48): 0.4847106337547302
(50,18): 0.6075817346572876
(50,22): 0.47835204005241394
(50,26): 0.5238068103790283
(50,54): 0.4625523090362549
(50,58): 0.4465310275554657
(51,26): 0.5083670020103455
(51,28): 0.4877650737762451
(51,53): 0.4879394471645355
(52,18): 0.5401932597160339
(52,19): 0.5882012844085693
(52,22): 0.5595933794975281
(52,26): 0.4866248667240143
(52,27): 0.4920992851257324
(52,28): 0.41740530729293823
(52,36): 0.5195478200912476
(52,41): 0.46760544180870056
(53,22): 0.5735849142074585
(53,26): 0.4755778908729553
(53,27): 0.523777425289154
(53,28): 0.5179206728935242
(53,51): 0.4845380187034607
(54,17): 0.46001917123794556
(54,18): 0.5521590709686279
(54,20): 0.5572811961174011
(54,21): 0.47105443477630615
(54,25): 0.5132434368133545
(54,27): 0.5314337015151978
(54,38): 0.4533124566078186
(54,50): 0.5824086666107178
(55,27): 0.450409859418869
(55,28): 0.5214370489120483
(56,32): 0.5956481099128723
(56,45): 0.5457207560539246
(57,14): 0.47862130403518677
(57,37): 0.5404382944107056
(57,60): 0.5287544131278992
(58,38): 0.5060563087463379
(58,50): 0.514157235622406
(59,13): 0.582650363445282
(59,15): 0.5319663286209106
(59,18): 0.4770723879337311
(59,19): 0.4373464584350586
(59,22): 0.5240357518196106
(59,29): 0.5460593104362488
(59,31): 0.48711255192756653
(59,34): 0.610995888710022
(59,36): 0.5253637433052063
(59,44): 0.47411394119262695
(60,17): 0.4512028396129608
(60,18): 0.4695435166358948
(60,34): 0.4558055102825165
(60,38): 0.5696158409118652
(60,57): 0.4369666576385498
(61,23): 0.5073328614234924
(61,26): 0.5176982283592224
(61,27): 0.5356497764587402
(61,35): 0.551101565361023
(62,13): 0.5620642304420471
(62,16): 0.5798065066337585
(62,22): 0.5386172533035278
(62,24): 0.5646799802780151
(62,35): 0.5185321569442749
(62,36): 0.5790349841117859
(62,38): 0.5136713981628418
(62,47): 0.44324609637260437
