Interaction name: 6f8b

Affinity: 5.210000038146973
Predicted value: 6.161496162414551

Attributions for edges: 

(0,1): 3.97551154797124e-23
(0,2): 1.1765456504587918e-22
(0,4): 5.743832566078609e-23
(0,5): 5.420795287568053e-23
(0,7): 1.0686407120038477e-22
(0,11): 1.4552916076936813e-22
(0,12): 2.354619640035359e-25
(0,13): 3.5897789968156106e-24
(1,0): 3.739751000115078e-23
(1,2): 2.3008933214521955e-23
(1,3): 1.4327888139468363e-23
(1,4): 1.1232838920627132e-23
(1,5): 1.0601095441898989e-23
(1,7): 2.0898787091040924e-23
(1,10): 1.265768343194185e-23
(1,11): 2.846018610609623e-23
(2,0): 1.1420273691657274e-22
(2,1): 2.3741852837510124e-23
(2,3): 4.375398393690979e-23
(2,4): 3.430243948306511e-23
(2,6): 7.095636603951094e-23
(2,9): 4.8319238746837756e-23
(2,10): 3.865358166609799e-23
(3,1): 1.4585309230060084e-23
(3,2): 4.3164963587086604e-23
(3,4): 2.1072906047763116e-23
(3,6): 4.3590389962385054e-23
(3,8): 4.4368143706060554e-23
(3,9): 2.968379456707178e-23
(3,10): 2.3745928092946496e-23
(3,11): 5.339155756942369e-23
(4,0): 5.569216626986128e-23
(4,1): 1.1578050763639088e-23
(4,2): 3.4264908636638314e-23
(4,3): 2.1337172873290345e-23
(4,6): 3.4602746207908264e-23
(4,8): 3.522000462269474e-23
(4,10): 1.8849750866443745e-23
(4,11): 4.238291212919946e-23
(5,0): 5.259789723445531e-23
(5,1): 1.0934732328848637e-23
(5,7): 2.9393193986806466e-23
(6,2): 7.019473661273816e-23
(6,3): 4.371111723532008e-23
(6,4): 3.4268698324426995e-23
(6,8): 7.215161021777837e-23
(6,9): 4.827170514413276e-23
(6,10): 3.8615555415022716e-23
(6,11): 8.682520560490717e-23
(6,15): 2.2079666112224276e-23
(7,0): 1.0327045005653028e-22
(7,1): 2.1469196634388134e-23
(7,5): 2.927424953951724e-23
(8,3): 4.440318806291409e-23
(8,4): 3.481140307278284e-23
(8,6): 7.200918611450615e-23
(8,9): 4.9036171314720716e-23
(8,14): 7.959447499321517e-23
(9,2): 4.7693675204441114e-23
(9,3): 2.969942663476964e-23
(9,6): 4.816391519004336e-23
(9,8): 4.902327186119854e-23
(9,10): 2.6237261272161182e-23
(9,11): 5.899342925135362e-23
(9,15): 1.5001985560197823e-23
(10,1): 1.2719009478713731e-23
(10,2): 3.764168453942203e-23
(10,3): 2.3439932103254886e-23
(10,4): 1.8376538452950627e-23
(10,6): 3.801281835177955e-23
(10,9): 2.58855334380721e-23
(10,11): 4.6559712896734877e-23
(10,15): 1.1840190031304936e-23
(11,0): 1.4350375723976956e-22
(11,1): 2.983341623724324e-23
(11,3): 5.498016566035776e-23
(11,4): 4.3103426125592124e-23
(11,6): 8.916198831101458e-23
(11,9): 6.071650341674804e-23
(11,10): 4.8570942173588434e-23
(11,16): 2.1508213694760365e-23
(12,0): 1.9979738991517092e-25
(12,13): 3.750644181291156e-27
(13,0): 3.2360263539980525e-24
(13,12): 3.984551839710886e-27
(14,8): 7.97975656555425e-23
(15,6): 2.1402552087393252e-23
(15,9): 1.4574463970335106e-23
(15,10): 1.1658981581627522e-23
(15,16): 5.1628370615859676e-24
(16,11): 2.033360454005171e-23
(16,15): 5.170839661038982e-24
