Interaction name: 5l8c

Affinity: 7.0
Predicted value: 7.259512424468994

Attributions for edges: 

(0,1): 4.547484214271764e-26
(0,7): 4.096556837854252e-26
(0,8): 4.8481822757536677e-26
(0,9): 5.481631727819109e-26
(0,10): 5.239835383309972e-26
(0,21): 5.44393403731086e-26
(0,22): 5.230928650651961e-26
(0,28): 1.5208185924539494e-26
(1,0): 4.547692522854549e-26
(1,7): 4.459289873216846e-26
(1,8): 5.277468362572089e-26
(1,9): 5.966983946434577e-26
(1,11): 5.986956918478641e-26
(1,12): 5.385787593025085e-26
(1,21): 5.925971807529235e-26
(1,22): 5.69408367924919e-26
(1,23): 5.982756234158339e-26
(1,26): 5.370032561633624e-26
(1,28): 1.6554870097364914e-26
(2,11): 5.74961147510818e-26
(2,12): 5.172294714978662e-26
(2,13): 4.819048964596515e-26
(2,14): 4.9951205616003074e-26
(2,15): 5.1386846181843807e-26
(2,16): 4.3807532234238546e-26
(2,17): 3.999401221805298e-26
(2,19): 3.989847068537182e-26
(2,20): 5.699168750599954e-26
(2,26): 5.157182790114231e-26
(2,27): 3.8347742709030326e-26
(2,28): 1.5898631809602318e-26
(3,5): 1.0217379022310027e-27
(3,18): 5.096066870003002e-27
(3,24): 5.211506340497595e-27
(3,25): 5.276318505358092e-27
(4,5): 1.4065096476515364e-28
(4,6): 2.4866751305882398e-29
(4,28): 5.211841837493908e-28
(5,3): 1.0211650343690447e-27
(5,4): 1.4073897976361214e-28
(5,6): 7.118550639924294e-29
(5,18): 2.0082337901886466e-27
(5,24): 2.0537336925318006e-27
(5,25): 2.079274412489292e-27
(6,4): 2.485650475672515e-29
(6,5): 7.111222476485901e-29
(7,0): 4.0965099992380045e-26
(7,1): 4.4590005215020014e-26
(7,8): 4.753865942665927e-26
(7,29): 5.490023235698398e-26
(7,33): 3.84092276373189e-26
(7,35): 2.841230461573203e-26
(8,0): 4.8486078292341795e-26
(8,1): 5.27766989188147e-26
(8,7): 4.754319229537638e-26
(8,30): 6.68515305378647e-26
(8,32): 6.218543677240989e-26
(9,0): 5.48250995187375e-26
(9,1): 5.967666804155658e-26
(9,10): 6.876266317730322e-26
(9,11): 7.217600268443632e-26
(9,21): 7.144105549170651e-26
(9,22): 6.86455173328779e-26
(9,23): 7.21253553491308e-26
(9,31): 7.589270235045765e-26
(9,32): 7.03157638993362e-26
(10,0): 5.240555835183568e-26
(10,9): 6.876083277348408e-26
(10,21): 6.828795996461066e-26
(10,22): 6.561555189973057e-26
(11,1): 5.98761943837951e-26
(11,2): 5.750400952310983e-26
(11,9): 7.217628618132414e-26
(11,12): 6.514591465316372e-26
(11,13): 6.069650495463598e-26
(11,14): 6.291389435159909e-26
(11,20): 7.178143048338191e-26
(11,21): 7.167964893768093e-26
(11,23): 7.236622909615938e-26
(11,26): 6.495534311479463e-26
(11,32): 7.055059176708336e-26
(11,37): 6.77769629873021e-26
(12,1): 5.386076020293557e-26
(12,2): 5.172689145431273e-26
(12,11): 6.514169301472563e-26
(12,13): 5.459843759395454e-26
(12,14): 5.659349147516177e-26
(12,16): 4.9633054315141947e-26
(12,17): 4.5312068706793854e-26
(12,19): 4.520382219945556e-26
(12,20): 6.456969490273053e-26
(12,21): 6.447837808997538e-26
(12,23): 6.509573570402068e-26
(12,27): 4.344689029657237e-26
(12,30): 6.82244381728129e-26
(12,33): 4.6394576921007566e-26
(13,2): 4.819196259718662e-26
(13,11): 6.069024953417661e-26
(13,12): 5.459636067110251e-26
(13,14): 5.272598995375096e-26
(13,15): 5.424137326375306e-26
(13,16): 4.6241038704353104e-26
(13,17): 4.2215678720236586e-26
(13,19): 4.211483086537265e-26
(13,20): 6.015757120792612e-26
(13,23): 6.06474353411409e-26
(13,24): 2.310027551734511e-26
(13,25): 2.3387554931569687e-26
(13,26): 5.443664098969855e-26
(13,27): 4.0477959894478604e-26
(13,34): 6.315989569451161e-26
(13,36): 5.504345375211235e-26
(13,37): 5.680133783476004e-26
(14,2): 4.9953871103046106e-26
(14,11): 6.290861884429543e-26
(14,12): 5.659219725023914e-26
(14,13): 5.272719789701208e-26
(14,15): 5.622445248293806e-26
(14,16): 4.793143820174947e-26
(14,17): 4.375876152507084e-26
(14,19): 4.36542220476895e-26
(14,20): 6.235670587050435e-26
(14,23): 6.286447344848216e-26
(14,26): 5.642643168955375e-26
(14,27): 4.195767806339856e-26
(14,35): 3.314305416053586e-26
(14,36): 5.705564070610484e-26
(15,2): 5.1390371404014013e-26
(15,13): 5.424345018660509e-26
(15,14): 5.622509959539938e-26
(15,20): 6.414987298973322e-26
(15,34): 6.735143415869359e-26
(15,35): 3.409613063802302e-26
(15,36): 5.869658848550516e-26
(16,2): 4.3806527669179553e-26
(16,12): 4.9627935963721743e-26
(16,13): 4.623839170623754e-26
(16,14): 4.7927783557087e-26
(16,17): 3.8373787444854263e-26
(16,18): 2.0533117212809854e-26
(16,19): 3.828226109092116e-26
(16,20): 5.468285803676483e-26
(16,23): 5.512834874406093e-26
(16,24): 2.099808600519151e-26
(16,25): 2.1259225157466907e-26
(16,26): 4.9482754742281967e-26
(16,27): 3.679435232713371e-26
(16,31): 5.800788210036811e-26
(16,32): 5.374540778447446e-26
(17,2): 3.999065955920579e-26
(17,12): 4.5305329492732455e-26
(17,13): 4.2211170503422765e-26
(17,14): 4.375308234285083e-26
(17,16): 3.8371886166813164e-26
(17,18): 1.8744459851138763e-26
(17,19): 3.49477337186003e-26
(17,24): 1.9169145892803614e-26
(17,25): 1.9407466627097913e-26
(17,26): 4.5172619052868575e-26
(17,27): 3.35894230918866e-26
(17,37): 4.7134895147166286e-26
(18,3): 5.0981280002294854e-27
(18,5): 2.0101653053298726e-27
(18,16): 2.0524345757471137e-26
(18,17): 1.8737597377560922e-26
(18,19): 1.8692763269199543e-26
(18,24): 1.0253187259987035e-26
(18,25): 1.0380659170402182e-26
(18,27): 1.7966302494176677e-26
(18,33): 1.9185311378384823e-26
(19,2): 3.989512418950045e-26
(19,12): 4.519675326618768e-26
(19,13): 4.2110168574163276e-26
(19,14): 4.3648558272909046e-26
(19,16): 3.8280221145924065e-26
(19,17): 3.4947598133132214e-26
(19,18): 1.8699752083781735e-26
(19,24): 1.9123351900957952e-26
(19,25): 1.9361028604278848e-26
(19,26): 4.506453278290165e-26
(19,36): 4.556705258696699e-26
(20,2): 5.699908307698599e-26
(20,11): 7.178143048338191e-26
(20,12): 6.457387956331369e-26
(20,13): 6.016353696852186e-26
(20,14): 6.236146368783897e-26
(20,15): 6.41540329984131e-26
(20,16): 5.469162178838377e-26
(20,23): 7.173080163700386e-26
(20,26): 6.438497202841655e-26
(20,34): 7.470213251818031e-26
(20,36): 6.510269370372376e-26
(21,0): 5.444785760569466e-26
(21,1): 5.926581942135617e-26
(21,9): 7.144051931280999e-26
(21,10): 6.828952536046946e-26
(21,11): 7.167910043283277e-26
(21,12): 6.448206354951695e-26
(21,22): 6.817292185791648e-26
(21,23): 7.162853321621294e-26
(21,26): 6.429342718555598e-26
(21,34): 7.459591362988746e-26
(22,0): 5.231606577992385e-26
(22,1): 5.694561309875398e-26
(22,9): 6.864341575812259e-26
(22,10): 6.561579841876346e-26
(22,21): 6.81716153070422e-26
(22,23): 6.882460108431472e-26
(23,1): 5.983418137761626e-26
(23,9): 7.21256326830428e-26
(23,11): 7.236622909615938e-26
(23,12): 6.509995734245878e-26
(23,13): 6.065391879170569e-26
(23,14): 6.286975511876165e-26
(23,16): 5.513738982959187e-26
(23,20): 7.173107280794003e-26
(23,21): 7.162935289199727e-26
(23,22): 6.882643765110969e-26
(23,26): 6.490951522658195e-26
(23,31): 7.609272789373776e-26
(24,3): 5.21367339687102e-27
(24,5): 2.0557322300350913e-27
(24,13): 2.3089525746767517e-26
(24,16): 2.0989516387310963e-26
(24,17): 1.9162345048983994e-26
(24,18): 1.0253265837928766e-26
(24,19): 1.911642163464607e-26
(24,25): 1.0615890713065684e-26
(24,27): 1.837356734393658e-26
(25,3): 5.27853255442216e-27
(25,5): 2.0812979870818596e-27
(25,13): 2.3376763560905296e-26
(25,16): 2.1250630887683074e-26
(25,17): 1.9400654998070604e-26
(25,18): 1.0380897215343308e-26
(25,19): 1.9354235464179005e-26
(25,24): 1.0616012431838169e-26
(25,27): 1.8602139791224368e-26
(25,35): 1.46940735629529e-26
(26,1): 5.370298802189136e-26
(26,2): 5.15755719089542e-26
(26,11): 6.495112763933235e-26
(26,13): 5.443892745372852e-26
(26,14): 5.642771975150056e-26
(26,16): 4.948766663401213e-26
(26,17): 4.5179515422813436e-26
(26,19): 4.5071580145754154e-26
(26,20): 6.438104621281791e-26
(26,21): 6.428950753293316e-26
(26,23): 6.490554627015255e-26
(26,27): 4.3319794327682367e-26
(27,2): 3.834364741159658e-26
(27,12): 4.343926977696842e-26
(27,13): 4.0472554964682676e-26
(27,14): 4.1951117575636e-26
(27,16): 3.679140642469078e-26
(27,17): 3.358865580139676e-26
(27,18): 1.797260875918658e-26
(27,24): 1.8379665608512488e-26
(27,25): 1.8608100929588235e-26
(27,26): 4.331219229700588e-26
(28,0): 1.5199080127762432e-26
(28,1): 1.6544074104468657e-26
(28,2): 1.5888627759099193e-26
(28,4): 5.219163260177496e-28
(28,35): 1.0541717758303487e-26
(29,7): 5.491028417054972e-26
(29,30): 7.72099768026603e-26
(29,31): 7.751748464427677e-26
(30,8): 6.685816189984922e-26
(30,12): 6.823041625936028e-26
(30,29): 7.721144975388177e-26
(30,31): 7.975179140987138e-26
(31,9): 7.589501962936674e-26
(31,16): 5.801916650909826e-26
(31,23): 7.609505133562266e-26
(31,29): 7.751896992144988e-26
(31,30): 7.975179140987138e-26
(32,8): 6.218923316551626e-26
(32,9): 7.031495654950351e-26
(32,11): 7.054978441725067e-26
(32,16): 5.375340732709147e-26
(33,7): 3.840835249475217e-26
(33,12): 4.6388383130306417e-26
(33,18): 1.9192705408627314e-26
(33,36): 4.676844768627575e-26
(34,13): 6.316784593332204e-26
(34,15): 6.735760329749145e-26
(34,20): 7.470412315937083e-26
(34,21): 7.45981877679658e-26
(35,7): 2.8406452870189003e-26
(35,14): 3.3133067058216247e-26
(35,15): 3.4085339267358627e-26
(35,25): 1.4696820709425573e-26
(35,28): 1.0545779929742188e-26
(36,13): 5.504618395040151e-26
(36,14): 5.705738482826248e-26
(36,15): 5.869725408689394e-26
(36,19): 4.557417698701727e-26
(36,20): 6.509920545940849e-26
(36,33): 4.677504515189324e-26
(37,11): 6.777437453745685e-26
(37,13): 5.680523899845539e-26
(37,17): 4.7143172023695285e-26
