Interaction name: 6h7l

Affinity: 8.970000267028809
Predicted value: 7.931449890136719

Attributions for edges: 

(0,8): 0.0
(0,9): 0.4684065580368042
(0,18): 0.0
(0,19): 0.46519818902015686
(0,23): 0.0
(0,24): 0.48272013664245605
(0,26): 0.4320206940174103
(1,2): 0.0
(1,6): 0.0
(1,14): 0.5471075177192688
(1,15): 0.0
(1,16): 0.5077028870582581
(1,21): 0.0
(1,22): 0.0
(1,27): 0.4869881868362427
(1,30): 0.5635813474655151
(1,31): 0.3734988570213318
(2,1): 0.0
(2,5): 0.0
(2,15): 0.0
(2,16): 0.0
(2,17): 0.5252938270568848
(2,21): 0.0
(2,22): 0.5090465545654297
(2,25): 0.5685765147209167
(2,31): 0.0
(3,8): 0.0
(3,9): 0.5249701142311096
(3,18): 0.0
(3,19): 0.4514228403568268
(3,23): 0.0
(3,24): 0.46949252486228943
(4,10): 0.47011828422546387
(4,11): 0.0
(4,12): 0.0
(4,13): 0.0
(4,14): 0.4282190799713135
(4,28): 0.4685122072696686
(4,29): 0.4544553756713867
(5,2): 0.0
(5,6): 0.0
(5,14): 0.5318657755851746
(5,15): 0.0
(5,16): 0.47046029567718506
(5,21): 0.0
(5,22): 0.0
(6,1): 0.0
(6,5): 0.0
(6,15): 0.0
(6,16): 0.0
(6,17): 0.5612799525260925
(6,21): 0.0
(6,22): 0.4451597332954407
(6,25): 0.5181055068969727
(7,10): 0.45860427618026733
(7,11): 0.0
(7,12): 0.0
(7,13): 0.0
(7,14): 0.5058999061584473
(8,0): 0.0
(8,3): 0.0
(8,9): 0.0
(8,10): 0.48739516735076904
(8,18): 0.0
(8,19): 0.0
(8,20): 0.0
(8,23): 0.0
(8,24): 0.0
(8,41): 0.4429052770137787
(9,0): 0.5333763957023621
(9,3): 0.5207843780517578
(9,8): 0.0
(9,10): 0.0
(9,11): 0.5914028882980347
(9,18): 0.0
(9,19): 0.0
(9,20): 0.46232298016548157
(9,23): 0.0
(9,24): 0.3614997863769531
(9,34): 0.46135765314102173
(9,37): 0.5502387881278992
(9,41): 0.5046006441116333
(10,4): 0.44395166635513306
(10,7): 0.45314013957977295
(10,8): 0.49357643723487854
(10,9): 0.0
(10,11): 0.0
(10,12): 0.46260321140289307
(10,19): 0.0
(10,20): 0.0
(10,23): 0.49423202872276306
(10,34): 0.46843481063842773
(11,4): 0.0
(11,7): 0.0
(11,9): 0.4737892746925354
(11,10): 0.0
(11,12): 0.0
(11,19): 0.5158603191375732
(11,20): 0.0
(11,36): 0.49541401863098145
(11,37): 0.46618056297302246
(11,42): 0.5076230764389038
(11,44): 0.475368857383728
(11,47): 0.5000165104866028
(12,4): 0.0
(12,7): 0.0
(12,10): 0.4114704728126526
(12,11): 0.0
(12,35): 0.5463361144065857
(12,36): 0.46481937170028687
(12,37): 0.49450111389160156
(12,38): 0.451193630695343
(12,40): 0.4836127758026123
(12,47): 0.529925525188446
(13,4): 0.0
(13,7): 0.0
(13,14): 0.0
(13,16): 0.5750229358673096
(13,17): 0.0
(13,21): 0.5058726668357849
(13,22): 0.0
(13,25): 0.0
(13,37): 0.4615302085876465
(13,39): 0.4798431396484375
(13,47): 0.4718884527683258
(14,1): 0.48593971133232117
(14,4): 0.4753096103668213
(14,5): 0.5590693950653076
(14,7): 0.5376697778701782
(14,13): 0.0
(14,15): 0.0
(14,16): 0.0
(14,17): 0.0
(14,21): 0.0
(14,22): 0.0
(14,25): 0.0
(14,47): 0.4739074409008026
(15,1): 0.0
(15,2): 0.0
(15,5): 0.0
(15,6): 0.0
(15,14): 0.0
(15,16): 0.0
(15,17): 0.0
(15,21): 0.0
(15,22): 0.0
(15,25): 0.0
(15,40): 0.4467281699180603
(15,43): 0.554396390914917
(16,1): 0.45599520206451416
(16,2): 0.0
(16,5): 0.5295272469520569
(16,6): 0.0
(16,13): 0.48110663890838623
(16,14): 0.0
(16,15): 0.0
(16,17): 0.0
(16,21): 0.0
(16,22): 0.0
(16,25): 0.0
(16,44): 0.41782793402671814
(17,2): 0.5834856629371643
(17,6): 0.5182573795318604
(17,13): 0.0
(17,14): 0.0
(17,15): 0.0
(17,16): 0.0
(17,21): 0.0
(17,22): 0.0
(17,45): 0.4176350235939026
(17,46): 0.47843438386917114
(17,47): 0.5164541602134705
(18,0): 0.0
(18,3): 0.0
(18,8): 0.0
(18,9): 0.0
(18,19): 0.0
(18,20): 0.43538698554039
(18,23): 0.0
(18,33): 0.4210275113582611
(18,46): 0.47217053174972534
(19,0): 0.5470193028450012
(19,3): 0.5502625703811646
(19,8): 0.0
(19,9): 0.0
(19,10): 0.0
(19,11): 0.5026127099990845
(19,18): 0.0
(19,20): 0.4568280875682831
(19,23): 0.0
(19,24): 0.49442240595817566
(20,8): 0.0
(20,9): 0.0
(20,10): 0.0
(20,11): 0.0
(20,18): 0.0
(20,19): 0.0
(20,23): 0.0
(20,24): 0.5610231161117554
(21,1): 0.0
(21,2): 0.0
(21,5): 0.0
(21,6): 0.0
(21,13): 0.3925003111362457
(21,14): 0.0
(21,15): 0.0
(21,16): 0.0
(21,17): 0.0
(21,22): 0.0
(21,25): 0.0
(22,1): 0.0
(22,2): 0.5171063542366028
(22,5): 0.0
(22,6): 0.5327609777450562
(22,13): 0.0
(22,14): 0.0
(22,15): 0.0
(22,16): 0.0
(22,17): 0.0
(22,21): 0.0
(22,25): 0.0
(23,0): 0.0
(23,3): 0.0
(23,8): 0.0
(23,9): 0.0
(23,10): 0.4444267749786377
(23,18): 0.0
(23,19): 0.0
(23,20): 0.0
(23,24): 0.0
(24,0): 0.0
(24,3): 0.0
(24,8): 0.0
(24,9): 0.0
(24,19): 0.0
(24,20): 0.4828503727912903
(24,23): 0.0
(25,2): 0.5647261738777161
(25,6): 0.6842905282974243
(25,13): 0.0
(25,14): 0.0
(25,15): 0.0
(25,16): 0.0
(25,21): 0.0
(25,22): 0.0
(26,0): 0.4337995648384094
(26,33): 0.4466077387332916
(26,46): 0.5459314584732056
(27,1): 0.0
(28,4): 0.4720516502857208
(28,39): 0.47311025857925415
(29,4): 0.0
(29,37): 0.0
(30,1): 0.0
(30,40): 0.0
(31,1): 0.5485485196113586
(31,2): 0.0
(31,44): 0.0
(32,37): 0.0
(33,18): 0.46341660618782043
(33,26): 0.4586561918258667
(34,9): 0.4358874559402466
(34,10): 0.5218405723571777
(34,46): 0.0
(35,12): 0.5392362475395203
(35,42): 0.0
(36,11): 0.4692569375038147
(36,12): 0.0
(36,38): 0.555834174156189
(37,9): 0.5023549795150757
(37,11): 0.5821018218994141
(37,12): 0.5144937038421631
(37,13): 0.3222912847995758
(37,29): 0.4815543293952942
(37,32): 0.46381908655166626
(38,12): 0.35861122608184814
(38,36): 0.47277575731277466
(39,13): 0.5659915804862976
(39,28): 0.5646540522575378
(40,12): 0.5929116010665894
(40,15): 0.5440663695335388
(40,30): 0.47427746653556824
(41,8): 0.4485030770301819
(41,9): 0.5661094188690186
(42,11): 0.4739032983779907
(42,35): 0.0
(43,15): 0.48626014590263367
(43,47): 0.0
(44,11): 0.4665650427341461
(44,16): 0.5124854445457458
(44,31): 0.0
(45,17): 0.5405222773551941
(46,17): 0.4989595115184784
(46,18): 0.4654368758201599
(46,26): 0.5086924433708191
(46,34): 0.0
(47,11): 0.4262913465499878
(47,12): 0.4393709897994995
(47,13): 0.5449244379997253
(47,14): 0.517248809337616
(47,17): 0.4578806459903717
(47,43): 0.0
