Interaction name: 5fbo

Affinity: 9.510000228881836
Predicted value: 7.572990417480469

Shapley values for edges: 

(0,5): 0.03837807655334473
(0,26): 0.00908672332763672
(1,7): 0.010797176361083984
(1,9): 0.013697795867919922
(1,10): -0.0023105907440185546
(1,13): 0.005164794921875
(1,14): 0.0046809005737304685
(1,24): 0.0010662317276000977
(2,6): 0.0005102348327636719
(2,11): 0.00617250919342041
(2,12): 0.004026517868041992
(2,17): 0.015828614234924317
(2,25): 0.010167150497436524
(3,6): -0.0019573879241943357
(3,15): 0.025196847915649415
(3,16): 0.0262308931350708
(3,17): 0.02107184410095215
(4,7): 0.0378727388381958
(4,23): 0.02224213123321533
(4,26): -0.009212169647216797
(4,27): 0.014029655456542969
(5,0): 0.01973599910736084
(5,10): 0.028120832443237306
(5,14): 0.04866467475891113
(5,24): 0.05423112392425537
(5,28): -0.012756781578063965
(6,2): 0.017471976280212402
(6,3): 0.018378238677978515
(6,11): 0.004947519302368164
(6,12): 0.004941887855529785
(6,16): 0.017030749320983887
(6,17): 0.025266265869140624
(6,25): 0.014272556304931641
(7,1): -0.002337965965270996
(7,4): -0.011331090927124024
(7,8): 0.005811023712158203
(7,9): 0.009676418304443359
(7,22): 0.009125652313232422
(7,36): 0.006689643859863282
(7,39): 0.005123438835144043
(8,7): -0.003577871322631836
(8,9): -0.004315495491027832
(8,22): -0.0018858671188354491
(9,1): -0.009630913734436036
(9,7): -0.0017020082473754882
(9,8): 0.002988471984863281
(9,22): 0.0006756973266601562
(9,29): -0.0005351686477661132
(9,30): 0.0009136724472045898
(9,35): -0.0014907264709472657
(9,40): 0.006788983345031739
(10,1): 0.0025940752029418946
(10,5): -0.020649123191833495
(10,11): 0.002654223442077637
(10,12): 0.0031396770477294922
(10,13): 0.0023824214935302735
(10,14): 0.003271074295043945
(10,24): 0.0031182479858398436
(10,25): 0.001979227066040039
(10,38): 0.024331259727478027
(11,2): -0.017490696907043458
(11,6): -0.02330881595611572
(11,10): 0.002455754280090332
(11,12): -0.0001271963119506836
(11,13): 0.004122142791748047
(11,14): -0.0024310731887817382
(11,24): -0.0007752609252929687
(11,25): 0.0013968610763549804
(11,31): 0.010675597190856933
(12,2): -0.011466102600097656
(12,6): -0.056934900283813476
(12,10): 0.002232918739318848
(12,11): -0.0009388494491577149
(12,13): 0.0037756109237670897
(12,24): 0.0048385334014892575
(12,25): 0.0012041521072387695
(13,1): -0.0034836769104003907
(13,10): -0.001703338623046875
(13,11): 0.003296217918395996
(13,12): 0.003870711326599121
(13,14): 0.0004065275192260742
(13,24): 0.003194856643676758
(13,25): 0.0025961923599243163
(13,29): 0.0030148696899414064
(13,35): 0.006420240402221679
(13,37): 0.0064798307418823245
(14,1): -0.003683919906616211
(14,5): -0.020557665824890138
(14,10): 0.0002754354476928711
(14,11): 0.0034271192550659178
(14,13): 0.003307499885559082
(14,24): 0.00897045612335205
(14,25): 0.0034622955322265625
(14,29): 0.008488936424255371
(14,30): 0.01685831546783447
(14,38): 0.026623992919921874
(15,3): -0.04091470241546631
(15,16): -0.0008344841003417969
(15,17): 0.00021136283874511718
(15,18): 0.003734922409057617
(15,19): 0.004813370704650879
(15,20): 0.0036765480041503905
(15,21): 0.0008478498458862304
(15,31): 0.003435215950012207
(15,32): 0.00162567138671875
(15,43): 0.008456478118896485
(16,3): -0.02319340705871582
(16,6): -0.03203218460083008
(16,15): 0.004419021606445313
(16,17): -0.00016733646392822266
(16,18): 0.0035861587524414064
(16,19): 0.00556495189666748
(16,20): 0.006885452270507813
(16,21): 0.004369897842407227
(16,40): 0.012104930877685547
(17,2): -0.019724407196044923
(17,3): -0.015068740844726562
(17,6): -0.018718137741088867
(17,15): 0.007643828392028809
(17,16): 0.004081754684448242
(17,18): 0.011107020378112793
(17,19): 0.007251672744750977
(17,20): 0.011161131858825684
(17,21): 0.005078020095825195
(17,41): 0.0052737236022949215
(18,15): -0.002733159065246582
(18,16): -0.0012262678146362305
(18,17): 0.00037786960601806643
(18,19): -0.0025724363327026367
(18,20): 0.0038826656341552734
(18,21): -0.0004695987701416016
(19,15): -0.001851673126220703
(19,16): 0.0008146381378173828
(19,17): -0.004618282318115234
(19,18): 0.00013226985931396484
(19,20): 0.0027018880844116213
(19,21): -0.00048679351806640625
(19,30): -0.0008568954467773437
(19,32): -0.0006079816818237305
(19,36): -0.0015556192398071289
(19,37): 0.002506747245788574
(19,39): 0.0013467693328857422
(20,15): -0.0012607812881469727
(20,16): -0.0012222909927368164
(20,17): -0.0007982540130615234
(20,18): -0.00026549816131591795
(20,19): -0.000650792121887207
(20,21): 0.000931687355041504
(20,33): 0.006575460433959961
(20,34): 0.007164721488952637
(20,36): -0.0009321212768554687
(20,37): 0.0010719060897827148
(20,43): 0.0051707935333251956
(21,15): -0.0012584972381591798
(21,16): -0.0025572633743286134
(21,17): -0.000965890884399414
(21,18): -0.0009770154953002929
(21,19): -0.0011944246292114257
(21,20): -0.00045469284057617185
(21,31): 0.0005870199203491211
(21,41): 0.0003907966613769531
(21,42): 0.005971760749816895
(22,7): 0.00265963077545166
(22,8): 0.0029815340042114256
(22,9): 0.0006108474731445312
(22,30): 0.00033385276794433593
(22,35): -0.0035504674911499023
(22,36): 0.0008469295501708985
(23,4): -0.024655418395996095
(23,35): 0.0037939071655273436
(23,37): 0.0055115890502929685
(24,1): 0.002280135154724121
(24,5): -0.03540178298950195
(24,10): 0.00894371509552002
(24,11): 0.0037026119232177732
(24,12): 0.010076017379760742
(24,13): 0.0061084508895874025
(24,14): 0.007238378524780273
(24,25): 0.005862560272216797
(24,32): 0.010696282386779785
(24,36): 0.009000039100646973
(25,2): -0.01616530418395996
(25,6): -0.030219502449035644
(25,10): -0.00047385215759277344
(25,11): 0.0008887243270874023
(25,12): 0.0006078195571899414
(25,13): 0.0013512563705444336
(25,14): 0.000406494140625
(25,24): -0.0008411931991577148
(25,39): 0.011171412467956544
(25,41): 0.009178342819213868
(26,0): 0.005371441841125488
(26,4): 0.030620031356811524
(26,28): 0.013635129928588867
(27,4): 0.004667806625366211
(27,35): 0.034625515937805176
(28,5): 0.026433382034301758
(28,26): 0.031913647651672365
(28,38): 0.02299440860748291
(29,9): 0.0016225576400756836
(29,13): 0.00041043758392333984
(29,14): -0.005298304557800293
(29,36): 0.00201810359954834
(29,41): 0.002378559112548828
(30,9): -1.9140243530273438e-05
(30,14): -0.004642581939697266
(30,19): -0.0005166244506835938
(30,22): 0.0011668205261230469
(30,41): 0.00011347770690917968
(31,11): -0.0019348812103271483
(31,15): 0.00025692939758300784
(31,21): 0.0013245630264282226
(32,15): 0.0003982257843017578
(32,19): -0.00022891998291015624
(32,24): -0.003079323768615723
(33,20): -0.003176240921020508
(33,34): -0.00018177032470703124
(33,43): -0.0021570396423339845
(34,20): -0.0036243391036987305
(34,33): -0.0006788349151611328
(35,9): 0.008673825263977052
(35,13): 0.0023363971710205077
(35,22): 0.006110959053039551
(35,23): 0.007954668998718262
(35,27): -0.05013174057006836
(36,7): -0.0012447690963745116
(36,19): 0.0017577743530273438
(36,20): 0.0009248828887939453
(36,22): 9.860992431640625e-06
(36,24): -0.004178800582885742
(36,29): 0.0009972953796386719
(37,13): -0.000898127555847168
(37,19): 0.00021283626556396485
(37,20): 0.0016059827804565429
(37,23): 0.0016849994659423827
(38,10): 0.001493086814880371
(38,14): 0.01498079776763916
(38,28): -0.09781087875366211
(39,7): -0.0005382537841796875
(39,19): -0.0001287841796875
(39,25): 0.000706338882446289
(40,9): -0.0037264537811279295
(40,16): -0.00424159049987793
(40,42): 0.003956904411315918
(41,17): 0.0011875581741333007
(41,21): 0.0010359811782836915
(41,25): -0.003437309265136719
(41,29): -0.0013808917999267578
(41,30): -0.0010131454467773437
(42,21): -0.0026275444030761717
(42,40): -0.0029860687255859374
(43,15): -0.004730911254882813
(43,20): -0.002493247985839844
(43,33): 0.0018256378173828124
