Interaction name: 5ega

Affinity: 5.059999942779541
Predicted value: 5.9359893798828125

Shapley values for edges: 

(0,1): -0.010574769973754884
(0,9): 0.026984705924987792
(0,14): 0.02555337905883789
(0,15): -0.07581941127777099
(0,16): 0.050928783416748044
(0,24): 0.004139242172241211
(0,25): 0.006554508209228515
(0,26): 0.018464441299438476
(1,0): 0.014689555168151855
(1,2): -0.00020923614501953126
(1,8): 0.044211840629577635
(1,10): 0.014938936233520508
(1,14): 0.009250965118408203
(1,15): 0.014931106567382812
(1,16): 0.0029244279861450197
(1,20): 0.035354909896850584
(1,24): -0.1274954557418823
(1,26): -0.11372305870056153
(1,28): -0.02496837615966797
(2,1): -0.029398102760314942
(2,9): 0.03104124069213867
(2,15): 0.06474032878875732
(2,16): -0.0917137861251831
(2,20): 0.031158857345581055
(2,24): -0.009714980125427247
(2,25): 0.008117232322692871
(2,26): 0.013290700912475585
(2,28): -0.09514008045196533
(2,29): -0.009863958358764649
(3,4): 0.016296992301940916
(3,11): 0.01465961456298828
(3,14): 5.7315826416015626e-05
(3,20): 0.028985180854797364
(3,25): 0.0014391708374023437
(4,3): 0.03512989044189453
(4,11): 0.03249265193939209
(4,18): 0.030515608787536622
(4,21): 0.03963747501373291
(4,23): 0.02735891819000244
(4,25): 0.00835866928100586
(5,6): 0.011669435501098634
(5,7): 0.0211287260055542
(5,13): 0.013622632026672363
(5,17): -0.03860078811645508
(5,19): -0.0019232702255249023
(5,21): 0.03712479114532471
(5,22): 0.008876295089721679
(5,23): 0.030619401931762696
(5,27): 0.020941596031188964
(5,30): 0.028799729347229006
(6,5): 0.017320122718811035
(6,12): 0.03594985961914063
(6,17): 0.036745643615722655
(6,18): 0.031219034194946288
(6,19): 0.005405049324035644
(6,21): 0.02559365749359131
(6,22): 0.03976537227630615
(6,27): 0.027871971130371095
(6,28): 0.09057234287261963
(7,5): 0.030780205726623534
(7,12): 0.026074404716491698
(7,17): 0.058288922309875486
(7,18): 0.016420788764953613
(7,19): -0.0369463062286377
(7,22): 0.02370878219604492
(7,23): 0.030367751121520997
(7,27): 0.025327434539794923
(7,28): 0.07054436683654786
(7,30): -0.03591083526611328
(8,1): 0.030466289520263673
(8,9): -0.009632053375244141
(8,14): -0.012799234390258788
(8,15): -0.05233028411865234
(8,16): 0.09051785469055176
(8,24): 0.07589194774627686
(8,25): -0.026721835136413574
(8,26): 0.05199042320251465
(9,0): -0.04123894214630127
(9,2): 0.0025000858306884768
(9,8): -0.007609119415283203
(9,10): -0.00425234317779541
(9,14): -0.012428393363952637
(9,15): 0.008259472846984863
(9,16): -0.003187098503112793
(9,20): -0.021250839233398437
(9,24): -0.061836838722229004
(9,26): -0.036449041366577145
(10,1): -0.0037752342224121093
(10,9): -0.0037558555603027345
(10,15): 0.07035186767578125
(10,16): -0.041961650848388675
(10,20): -0.0214827299118042
(10,24): 0.021072449684143065
(10,25): -0.01799821376800537
(10,26): 0.029171152114868162
(11,3): 0.059084205627441405
(11,4): 0.016941418647766115
(11,14): -0.012027325630187989
(11,18): 0.01403780460357666
(11,20): 0.007063121795654297
(11,25): -0.021696300506591798
(12,6): -0.06781532764434814
(12,7): -0.029238128662109376
(12,13): -0.027022371292114256
(12,17): -0.013272786140441894
(12,19): -0.0013722658157348632
(12,21): 0.011290454864501953
(12,22): 0.0029288291931152343
(12,23): 0.018798770904541014
(12,27): 0.02088453769683838
(13,5): 0.0028599214553833006
(13,12): -0.022442407608032226
(13,17): 0.07535702705383301
(13,18): -0.05123970508575439
(13,19): -0.06442262172698975
(13,22): 0.013449597358703613
(13,23): -0.0034415721893310547
(13,27): -0.017141880989074706
(14,0): -0.008100008964538575
(14,1): -0.001960630416870117
(14,3): 0.0671979856491089
(14,8): -0.034959850311279295
(14,9): 0.02496863842010498
(14,11): 0.02764839172363281
(14,15): -0.04542593479156494
(14,16): 0.02427323818206787
(14,20): -0.013828744888305664
(14,24): 0.04609525680541992
(14,25): 0.030684123039245604
(14,26): 0.029024038314819336
(15,0): -0.002684879302978516
(15,1): -0.004495563507080078
(15,2): -0.037895851135253907
(15,8): 0.0010498476028442383
(15,9): -0.008607220649719239
(15,10): -0.014182701110839843
(15,14): 0.025056772232055664
(15,16): 0.0014135313034057617
(15,20): -0.005181021690368652
(15,24): -0.0568205738067627
(15,25): -0.03742956161499023
(15,26): -0.07931793689727783
(16,0): -0.017157177925109863
(16,1): -0.015361561775207519
(16,2): -0.020442113876342774
(16,8): -0.020646724700927734
(16,9): -0.005373435020446777
(16,10): -0.007198343276977539
(16,14): -0.002038435935974121
(16,15): 0.0036942005157470704
(16,20): 0.03490260124206543
(16,24): -0.05550205230712891
(16,25): -0.028886075019836425
(16,26): -0.06698978900909423
(17,5): 0.014726128578186035
(17,6): -0.05776938915252686
(17,7): -0.05943042278289795
(17,12): 0.0012260866165161133
(17,13): -0.02345254421234131
(17,18): -0.002852530479431152
(17,19): -0.03636816024780273
(17,21): -0.016196599006652834
(17,22): -0.029603605270385743
(17,23): -0.012812228202819824
(17,27): -0.0007627010345458984
(18,4): 0.019421539306640624
(18,6): -0.035958900451660156
(18,7): -0.062315568923950196
(18,11): 0.06091843605041504
(18,13): -0.009459056854248048
(18,17): 0.0320967960357666
(18,19): 0.034533534049987796
(18,21): 0.020896086692810057
(18,22): 0.006896185874938965
(18,23): 0.01081596851348877
(18,27): -0.0401682186126709
(19,5): -0.026126980781555176
(19,6): -0.042145910263061526
(19,7): 0.0039360570907592774
(19,12): -0.04168697834014892
(19,13): -0.0008193254470825195
(19,17): -0.01770561695098877
(19,18): -0.016179161071777345
(19,21): 0.028691916465759276
(19,22): 0.016221718788146974
(19,23): -0.005757203102111816
(19,31): -0.007380237579345703
(20,1): 0.009287915229797362
(20,2): -0.04223796367645263
(20,3): 0.04570815563201904
(20,9): 0.008242807388305663
(20,10): -0.018801312446594238
(20,11): 0.054688215255737305
(20,14): 0.013352599143981934
(20,15): 0.0417775297164917
(20,16): -0.05688793182373047
(20,24): 0.0328693151473999
(20,25): 0.04545032978057861
(20,26): 0.009648265838623047
(21,4): 0.05159075736999512
(21,5): -0.04464508056640625
(21,6): -0.06380194664001465
(21,12): -0.02502408027648926
(21,17): 0.018804240226745605
(21,18): 0.04873322486877441
(21,19): 0.04760076522827148
(21,22): 0.0034079551696777344
(21,23): 0.010778822898864747
(21,27): -0.03041135787963867
(22,5): -0.01736605167388916
(22,6): -0.037783818244934084
(22,7): -0.07027360439300537
(22,12): -0.04281874656677246
(22,13): -0.05203554153442383
(22,17): -0.03825728416442871
(22,18): -0.010608181953430176
(22,19): 0.015004291534423828
(22,21): 0.016495118141174315
(22,23): 0.019755792617797852
(22,27): -0.018252406120300293
(23,4): 0.015866103172302245
(23,5): -0.04543472290039063
(23,7): -0.05910640239715576
(23,12): -0.03620329856872559
(23,13): -0.007644176483154297
(23,17): 0.00751133918762207
(23,18): 0.02790952682495117
(23,19): -0.046882553100585936
(23,21): 0.008521714210510255
(23,22): 0.03576685428619385
(23,27): -0.03173885345458984
(24,0): -0.029001555442810058
(24,1): -0.03137376308441162
(24,2): -0.07722239971160888
(24,8): -0.045595798492431644
(24,9): -0.008826031684875488
(24,10): -0.04496860027313233
(24,14): -0.019727139472961425
(24,15): -0.05671419620513916
(24,16): -0.07171605110168457
(24,20): -0.03481614589691162
(24,25): -0.055220441818237306
(25,0): 0.0394819450378418
(25,2): -0.03413156509399414
(25,3): 0.03270958423614502
(25,4): 0.024118318557739257
(25,8): 0.0012662506103515625
(25,10): -0.006402440071105957
(25,11): 0.029102029800415038
(25,14): 0.032714853286743166
(25,15): 0.017594356536865235
(25,16): 0.012554478645324708
(25,20): 0.029439120292663573
(25,24): 0.05608802795410156
(25,26): 0.05680221557617188
(26,0): -0.003409442901611328
(26,1): 0.03435234069824219
(26,2): -0.02498215198516846
(26,8): -0.025840606689453125
(26,9): 0.027147908210754395
(26,10): -0.032624492645263674
(26,14): -0.008526878356933594
(26,15): 0.000565023422241211
(26,16): -0.0092848539352417
(26,20): -0.01876425266265869
(26,25): 0.006084160804748535
(27,5): -0.00280705451965332
(27,6): 0.01216418743133545
(27,7): 0.06264220237731934
(27,12): 0.015611386299133301
(27,13): -0.04517542839050293
(27,17): 0.08718115329742432
(27,18): -0.013610968589782715
(27,21): -0.018413395881652833
(27,22): 0.027364344596862794
(27,23): -0.007242941856384277
(28,1): 0.02430859088897705
(28,2): 0.0019220876693725585
(28,6): 0.058577966690063474
(28,7): 0.044890551567077636
(28,29): 0.03474678516387939
(29,2): -0.005047464370727539
(29,28): -0.007760477066040039
(30,5): -0.015607151985168457
(30,7): -0.061576523780822755
(30,31): 0.05800454616546631
(31,19): 0.0698274850845337
(31,30): -0.020074405670166016
