Interaction name: 5o3q

Affinity: 5.679999828338623
Predicted value: 6.333422660827637

Shapley values for edges: 

(0,1): 0.006566038131713867
(0,2): 0.005245313644409179
(0,4): 0.010107545852661133
(0,12): 0.009433460235595704
(0,13): -0.002864255905151367
(0,15): 0.0025704669952392577
(0,18): 0.001829042434692383
(1,0): 0.0037201309204101564
(1,2): 0.004414663314819336
(1,4): 0.009357471466064454
(1,11): 0.010661354064941406
(1,13): -0.003853445053100586
(1,14): -0.004210205078125
(1,15): 0.0004969882965087891
(1,18): 0.0036621952056884767
(2,0): 0.00551875114440918
(2,1): 0.005417613983154297
(2,3): 0.008965721130371094
(2,4): 0.009569301605224609
(2,11): 0.011784534454345703
(2,12): 0.01044107437133789
(2,13): -0.0018367099761962891
(2,14): -0.0025670337677001953
(2,15): 0.004605770111083984
(2,18): 0.00013512611389160156
(3,2): 0.007800559997558593
(3,4): 0.010049476623535156
(3,5): 0.004157400131225586
(3,9): -0.002476024627685547
(3,13): -0.0017305946350097657
(3,14): -0.002416954040527344
(3,15): -0.0007220840454101562
(3,16): -0.006080093383789062
(3,17): -0.01382772445678711
(3,19): 0.0050986576080322265
(4,0): 0.002194013595581055
(4,1): 0.0007514476776123047
(4,2): 0.0014198684692382812
(4,3): 0.006033782958984375
(4,5): 0.0017447280883789063
(4,9): -0.005487489700317383
(4,11): 0.009814271926879883
(4,12): 0.013410997390747071
(4,13): -0.00794048309326172
(4,14): -0.011877145767211914
(4,15): 0.0015360736846923829
(4,16): -0.020383338928222656
(4,17): -0.015062332153320312
(5,3): 0.008832502365112304
(5,4): 0.010863094329833985
(5,14): 0.0012157535552978515
(5,15): 0.00240386962890625
(5,16): -0.009293603897094726
(5,17): -0.005250005722045898
(5,18): 0.0039050102233886717
(5,19): 0.0036840152740478514
(5,20): 0.003910560607910157
(6,7): 0.0029545211791992187
(6,8): -0.0012365818023681641
(6,10): -0.010993194580078126
(6,16): -0.019100656509399416
(6,19): -0.003174877166748047
(6,20): -0.00183563232421875
(7,6): -0.007606887817382812
(7,8): -0.002736177444458008
(7,10): -0.011263742446899414
(7,18): -0.011154975891113281
(7,19): -0.004476709365844727
(7,20): -0.005136528015136719
(8,6): -0.0015832614898681641
(8,7): 0.0015559101104736328
(8,16): -0.014388399124145508
(8,17): -0.017292556762695314
(8,18): -3.491401672363281e-05
(8,19): 0.00010266304016113282
(8,20): 0.002606372833251953
(9,3): -0.01872161865234375
(9,4): -0.012730264663696289
(9,14): -0.011687068939208985
(9,15): 0.0032239246368408205
(9,16): -0.01784285545349121
(9,17): -0.006698265075683594
(10,6): 0.007904958724975587
(10,7): 0.013202610015869141
(10,22): -0.0022531700134277343
(11,1): -0.012136297225952148
(11,2): -0.015186624526977539
(11,4): -0.014661197662353515
(11,12): -0.005073833465576172
(11,13): -0.027369613647460937
(11,15): -0.022749605178833007
(12,0): -0.012140941619873048
(12,2): -0.011978683471679687
(12,4): -0.01691062927246094
(12,11): -0.004969758987426758
(12,13): -0.02008646011352539
(12,14): -0.018019924163818358
(12,15): -0.015509843826293945
(13,0): -0.014119958877563477
(13,1): -0.011443653106689454
(13,2): -0.004753923416137696
(13,3): -0.010163679122924804
(13,4): -0.01104060173034668
(13,11): 0.015857982635498046
(13,12): 0.011460256576538087
(13,14): 0.0005479049682617187
(13,15): -0.00017228126525878907
(13,16): -0.004541873931884766
(13,17): -0.0016536712646484375
(13,23): -0.018979902267456054
(14,1): -0.01986715316772461
(14,2): -0.006963605880737305
(14,3): -0.004374122619628907
(14,4): -0.010590343475341797
(14,5): -0.00131866455078125
(14,9): -0.02129044532775879
(14,12): 0.01641420364379883
(14,13): -0.00038231849670410155
(14,15): 0.0019579505920410156
(14,16): -0.0024977684020996093
(14,17): -0.0006223011016845703
(14,24): 0.0016574668884277344
(15,0): -0.0202976131439209
(15,1): -0.01151458740234375
(15,2): -0.011627483367919921
(15,3): -0.009503335952758788
(15,4): -0.007399826049804687
(15,5): -0.004324073791503906
(15,9): -0.021730985641479492
(15,11): 0.009221048355102538
(15,12): 0.008826665878295899
(15,13): -0.0011098098754882813
(15,14): 6.041526794433594e-05
(15,16): -0.0028396034240722656
(15,17): -0.0014609432220458985
(16,3): -0.0018326187133789063
(16,4): -0.005490303039550781
(16,5): 0.004587717056274414
(16,6): 0.03006631851196289
(16,8): 0.014419889450073243
(16,9): -0.010985298156738281
(16,13): 0.007683324813842774
(16,14): 0.006425046920776367
(16,15): 0.0026189231872558593
(16,17): 0.0033607006072998045
(16,23): -0.012005290985107421
(16,25): -0.00564056396484375
(17,3): -0.00773193359375
(17,4): -0.006454782485961914
(17,5): 0.00113311767578125
(17,8): 0.020203256607055665
(17,9): -0.006888322830200196
(17,13): 0.003140077590942383
(17,14): 0.0021679306030273435
(17,15): 0.0023462963104248047
(17,16): 0.0005542564392089843
(18,0): 0.008940868377685547
(18,1): 0.018836002349853515
(18,2): 0.010398530960083007
(18,5): -0.0005850124359130859
(18,7): -0.0007574653625488281
(18,8): -0.006063671112060547
(19,3): 0.011797332763671875
(19,5): -0.003940439224243164
(19,6): -0.008433170318603515
(19,7): 0.0008788776397705079
(19,8): -0.0023028087615966798
(19,22): -0.016471967697143555
(20,5): 0.0020835113525390623
(20,6): -0.004062471389770508
(20,7): 0.0022557258605957033
(20,8): -0.0014290237426757813
(20,24): -0.014730510711669921
(21,24): -0.028967180252075196
(22,10): 0.0021779918670654297
(22,19): 0.011567001342773437
(23,13): 0.03449213027954102
(23,16): 0.035052642822265626
(24,14): 0.011526250839233398
(24,20): 0.027760648727416994
(24,21): -0.02448326110839844
(25,16): 0.028560590744018555
