Interaction name: 4ura

Affinity: 5.5
Predicted value: 5.976028919219971

Attributions for edges: 

(0,1): 0.0
(0,7): 0.0
(0,8): 0.0
(0,9): 0.0
(0,10): 0.0
(0,12): 0.0
(1,0): 0.0
(1,6): 0.0
(1,8): 0.0
(1,9): 0.0
(1,10): 0.0
(1,12): 0.0
(2,3): 0.0
(2,8): 0.0
(2,9): 0.0
(2,10): 0.0
(2,12): 0.0
(3,2): 0.0
(3,4): 0.0
(3,5): 1.0526067533181212e-37
(3,10): 0.0
(3,11): 0.0
(3,12): 0.0
(4,3): 0.0
(4,5): 1.3376626017411312e-23
(4,12): 0.0
(5,3): 1.2736057583345424e-37
(5,4): 1.4521575579805468e-23
(6,1): 0.0
(6,7): 0.0
(6,8): 0.0
(6,9): 0.0
(6,10): 0.0
(7,0): 0.0
(7,6): 0.0
(7,8): 0.0
(7,9): 0.0
(7,10): 0.0
(8,0): 0.0
(8,1): 0.0
(8,2): 0.0
(8,6): 0.0
(8,7): 0.0
(8,9): 0.0
(8,10): 0.0
(8,11): 0.0
(8,13): 0.0
(9,0): 0.0
(9,1): 0.0
(9,2): 0.0
(9,6): 0.0
(9,7): 0.0
(9,8): 0.0
(9,10): 0.0
(9,11): 0.0
(10,0): 0.0
(10,1): 0.0
(10,2): 0.0
(10,3): 0.0
(10,6): 0.0
(10,7): 0.0
(10,8): 0.0
(10,9): 0.0
(10,11): 0.0
(11,3): 0.0
(11,8): 0.0
(11,9): 0.0
(11,10): 0.0
(12,0): 0.0
(12,1): 0.0
(12,2): 0.0
(12,3): 0.0
(12,4): 0.0
(13,8): 0.0
