Interaction name: 6fgy

Affinity: 7.150000095367432
Predicted value: 7.294726848602295

Attributions for edges: 

(0,1): 0.5746200680732727
(0,3): 0.0
(0,7): 0.4753400981426239
(0,13): 0.0
(0,15): 0.0
(1,0): 0.5530603528022766
(1,3): 0.0
(1,10): 0.0
(1,13): 0.0
(2,4): 0.0
(2,5): 0.4519385099411011
(2,6): 0.0
(2,8): 0.5557941794395447
(2,9): 0.45180240273475647
(2,11): 0.0
(2,14): 0.0
(2,17): 0.5203655362129211
(2,18): 0.0
(2,19): 0.0
(2,20): 0.40598851442337036
(3,0): 0.0
(3,1): 0.0
(3,8): 0.0
(3,10): 0.0
(3,13): 0.5024620294570923
(3,16): 0.4474019706249237
(3,19): 0.4736763834953308
(3,20): 0.0
(3,21): 0.44204047322273254
(3,23): 0.4542790651321411
(4,2): 0.0
(4,5): 0.0
(4,6): 0.0
(4,8): 0.0
(4,9): 0.44074857234954834
(4,11): 0.0
(4,14): 0.0
(4,17): 0.0
(4,18): 0.0
(4,19): 0.0
(4,20): 0.0
(4,22): 0.0
(4,24): 0.4748768210411072
(5,2): 0.5183225870132446
(5,4): 0.0
(5,6): 0.0
(5,11): 0.0
(5,18): 0.5150232911109924
(5,22): 0.6703006625175476
(5,23): 0.0
(5,24): 0.0
(6,2): 0.0
(6,4): 0.0
(6,5): 0.0
(6,8): 0.4868871569633484
(6,11): 0.0
(6,14): 0.0
(6,17): 0.5189189910888672
(6,18): 0.0
(6,19): 0.5330786108970642
(6,20): 0.5199765563011169
(6,22): 0.48304566740989685
(6,23): 0.5101942420005798
(6,24): 0.4310472905635834
(7,0): 0.0
(7,12): 0.0
(7,13): 0.0
(7,15): 0.0
(8,2): 0.49106016755104065
(8,3): 0.0
(8,4): 0.0
(8,6): 0.3883795738220215
(8,9): 0.0
(8,10): 0.0
(8,11): 0.4891718327999115
(8,14): 0.4284793734550476
(8,16): 0.0
(8,17): 0.5782365798950195
(8,18): 0.0
(8,19): 0.0
(8,28): 0.47744041681289673
(8,32): 0.4115189015865326
(8,35): 0.40971386432647705
(9,2): 0.5010294318199158
(9,4): 0.5067669153213501
(9,8): 0.0
(9,10): 0.0
(9,14): 0.445735901594162
(9,16): 0.0
(9,17): 0.4913721978664398
(9,18): 0.0
(9,19): 0.0
(9,20): 0.0
(9,33): 0.3895778954029083
(10,1): 0.0
(10,3): 0.0
(10,8): 0.0
(10,9): 0.0
(10,16): 0.0
(10,19): 0.0
(10,20): 0.0
(10,28): 0.548542857170105
(10,33): 0.4812380075454712
(11,2): 0.0
(11,4): 0.0
(11,5): 0.0
(11,6): 0.0
(11,8): 0.5582045912742615
(11,14): 0.0
(11,18): 0.0
(11,19): 0.5156489610671997
(11,20): 0.4126795530319214
(11,35): 0.4617727994918823
(12,7): 0.4727449119091034
(12,15): 0.0
(12,29): 0.48929455876350403
(12,30): 0.5616211295127869
(12,35): 0.4582847058773041
(13,0): 0.0
(13,1): 0.0
(13,3): 0.5042067766189575
(13,7): 0.4456390142440796
(13,15): 0.0
(14,2): 0.0
(14,4): 0.0
(14,6): 0.0
(14,8): 0.4536593556404114
(14,9): 0.5159757733345032
(14,11): 0.0
(14,17): 0.0
(14,18): 0.0
(14,19): 0.0
(14,20): 0.4354228675365448
(14,31): 0.5409058332443237
(15,0): 0.0
(15,7): 0.45687222480773926
(15,12): 0.0
(15,13): 0.0
(15,35): 0.441362589597702
(16,3): 0.5124958157539368
(16,8): 0.0
(16,9): 0.0
(16,10): 0.0
(16,18): 0.5310962796211243
(16,19): 0.0
(16,20): 0.0
(16,32): 0.4857085347175598
(17,2): 0.4534642994403839
(17,4): 0.0
(17,6): 0.3995221257209778
(17,8): 0.5698588490486145
(17,9): 0.5732446908950806
(17,14): 0.0
(17,18): 0.0
(17,19): 0.0
(17,20): 0.4181933104991913
(17,32): 0.41387325525283813
(17,33): 0.4450981914997101
(17,34): 0.4237922430038452
(18,2): 0.0
(18,4): 0.0
(18,5): 0.5565264821052551
(18,6): 0.0
(18,8): 0.0
(18,9): 0.0
(18,11): 0.0
(18,14): 0.0
(18,16): 0.5092682242393494
(18,17): 0.0
(18,19): 0.0
(18,20): 0.0
(19,2): 0.0
(19,3): 0.5673277378082275
(19,4): 0.0
(19,6): 0.5141105055809021
(19,8): 0.0
(19,9): 0.0
(19,10): 0.0
(19,11): 0.4678967297077179
(19,14): 0.0
(19,16): 0.0
(19,17): 0.0
(19,18): 0.0
(19,20): 0.0
(20,2): 0.560770571231842
(20,3): 0.0
(20,4): 0.0
(20,6): 0.5068488717079163
(20,9): 0.0
(20,10): 0.0
(20,11): 0.44910597801208496
(20,14): 0.45806747674942017
(20,16): 0.0
(20,17): 0.496644526720047
(20,18): 0.0
(20,19): 0.0
(21,3): 0.3704769015312195
(22,4): 0.0
(22,5): 0.4622286558151245
(22,6): 0.4896133244037628
(22,24): 0.0
(22,26): 0.456524133682251
(22,32): 0.37978649139404297
(23,3): 0.49044549465179443
(23,5): 0.0
(23,6): 0.5089468955993652
(24,4): 0.5593447089195251
(24,5): 0.0
(24,6): 0.5403585433959961
(24,22): 0.0
(24,27): 0.0
(26,22): 0.0
(26,27): 0.0
(27,24): 0.0
(27,26): 0.45615556836128235
(27,32): 0.3837340176105499
(28,8): 0.5065321922302246
(28,10): 0.40432488918304443
(28,33): 0.5984196066856384
(29,12): 0.584639847278595
(30,12): 0.46695587038993835
(31,14): 0.475176602602005
(31,34): 0.0
(32,8): 0.6272420883178711
(32,16): 0.4669628143310547
(32,17): 0.45764294266700745
(32,22): 0.4860251843929291
(32,27): 0.4830954670906067
(33,9): 0.5735225677490234
(33,10): 0.49302539229393005
(33,17): 0.39197030663490295
(33,28): 0.48972710967063904
(34,17): 0.4579392373561859
(34,31): 0.0
(35,8): 0.5580685138702393
(35,11): 0.5470671057701111
(35,12): 0.40728089213371277
(35,15): 0.5364749431610107
