Interaction name: 5lgt

Affinity: 6.510000228881836
Predicted value: 7.061830043792725

Shapley values for edges: 

(0,3): -0.04358229637145996
(0,5): -0.07165903091430664
(0,8): 0.004401102066040039
(0,9): -0.03934983253479004
(0,10): -0.04043264865875244
(0,11): 0.008941802978515625
(0,12): 0.018303561210632324
(0,14): 0.03337317943572998
(0,17): 0.02604236125946045
(0,18): 0.018028101921081542
(0,22): 0.03544760227203369
(0,25): -0.01415557861328125
(1,4): -0.01772796154022217
(1,8): -0.0024533939361572267
(1,13): -0.023789005279541017
(1,17): 0.00834632396697998
(1,18): 0.0004157829284667969
(1,19): 0.0017944908142089845
(1,20): 0.025222792625427246
(1,21): -0.010218749046325684
(1,22): 0.023383374214172362
(1,23): 0.029771699905395507
(1,25): -0.006638836860656738
(2,4): -0.033230552673339846
(2,6): -0.014220242500305175
(2,7): 0.03228732109069824
(3,0): 0.000879220962524414
(3,9): -0.028522014617919922
(3,10): -0.03379894733428955
(3,11): -0.043992500305175784
(3,26): 0.03040217876434326
(4,1): -0.013260574340820312
(4,2): -0.07729834079742431
(4,7): -0.006153917312622071
(4,13): 0.0038720321655273436
(4,16): 0.013351936340332032
(4,17): -0.0022434711456298826
(4,19): 0.012386822700500488
(4,20): -0.012336883544921875
(4,21): 0.03552865505218506
(4,23): -0.04559131622314453
(5,0): -0.012339324951171874
(5,9): 0.0694795560836792
(5,10): 0.01926356792449951
(5,11): 0.10656449794769288
(6,2): 0.016613903045654296
(6,24): -0.052241730690002444
(6,27): 0.044343295097351076
(6,28): 0.05046023845672607
(6,29): 0.0550808572769165
(6,34): -0.01741819381713867
(6,36): 0.021043500900268554
(7,2): -0.04342078685760498
(7,4): -0.029863295555114747
(7,13): 0.002543473243713379
(7,15): -0.006796693801879883
(7,16): 0.043323073387146
(7,20): -0.009761786460876465
(7,21): -0.03191193103790283
(7,23): 0.003514218330383301
(7,32): -0.020547404289245605
(7,33): -0.0038091087341308593
(7,36): -0.022783527374267577
(8,0): -0.011169252395629882
(8,1): -0.01672349452972412
(8,11): -0.01641049385070801
(8,12): -0.003900136947631836
(8,17): 0.010357904434204101
(8,18): -0.009682083129882812
(8,19): 0.011038703918457031
(8,22): -0.01925154209136963
(8,35): -0.037009997367858885
(9,0): -0.032266573905944826
(9,3): -0.04891715049743652
(9,5): 0.050692415237426756
(9,10): -0.01405843734741211
(9,11): -0.05381568431854248
(9,12): -0.010714917182922364
(9,22): -0.03187979221343994
(9,33): 0.00627530574798584
(10,0): -0.03390713214874268
(10,3): 0.041491241455078126
(10,5): 0.018699688911437987
(10,9): -0.009010958671569824
(10,11): -0.03949363231658935
(10,12): -0.015794219970703124
(10,34): -0.008914575576782227
(11,0): -0.012329611778259277
(11,3): -0.047575521469116214
(11,5): -0.019081106185913087
(11,8): -0.006914100646972656
(11,9): -0.037586607933044434
(11,10): -0.022932519912719728
(11,12): -0.026946802139282227
(11,14): -0.01765364646911621
(11,22): -0.01091738224029541
(11,25): 0.023229098320007323
(11,33): -0.004295463562011719
(11,35): -0.02710993766784668
(12,0): -0.03761951446533203
(12,8): -0.008006038665771485
(12,9): -0.05051967144012451
(12,10): -0.043524165153503415
(12,11): -0.04852769374847412
(12,17): 0.0022191905975341795
(12,18): -0.005130491256713867
(12,19): -0.008104243278503419
(12,22): -0.007679629325866699
(12,25): -0.09197821140289307
(12,33): -0.004175958633422852
(13,1): -0.020523905754089355
(13,4): -0.002434353828430176
(13,7): 0.014316463470458984
(13,15): -0.026170730590820312
(13,17): -0.005794868469238281
(13,18): -0.020822062492370605
(13,19): 0.00029454231262207033
(13,20): -0.0009110546112060546
(13,21): 0.0037911844253540037
(13,23): 0.016679439544677734
(13,33): -0.014181036949157715
(14,0): -0.005307507514953613
(14,11): -0.021952447891235353
(14,24): -0.03588265419006348
(14,34): -0.012496371269226075
(14,35): 0.013793435096740723
(15,7): 0.01648709774017334
(15,13): 0.0010441827774047851
(15,16): -0.019215450286865235
(15,20): -0.004808025360107422
(15,21): 0.02353903293609619
(15,23): -0.0171685791015625
(15,30): -0.00488840103149414
(15,31): 0.0074270105361938475
(15,32): 0.0032968568801879884
(16,4): -0.004479522705078125
(16,7): -0.011703648567199708
(16,15): -0.0116683292388916
(16,20): -0.030684261322021483
(16,21): 0.012977328300476074
(16,23): -0.022605929374694824
(17,0): -0.044200706481933597
(17,1): -0.02506162166595459
(17,4): -0.006963152885437012
(17,8): -0.0008600473403930664
(17,12): -0.008952956199645996
(17,13): -0.004544305801391602
(17,18): -0.030229430198669433
(17,19): -0.012745614051818848
(17,22): -0.03673425674438477
(17,25): -0.0014519071578979492
(17,33): -0.009181833267211914
(18,0): -0.012730870246887207
(18,1): -0.012704906463623046
(18,8): -0.00348294734954834
(18,12): -0.002299914360046387
(18,13): -0.007434630393981933
(18,17): -0.0016602230072021483
(18,19): 0.0012192392349243163
(18,22): -0.026128296852111817
(18,25): -0.029709830284118652
(19,1): -0.012453513145446777
(19,4): -0.008548526763916016
(19,8): -0.003689107894897461
(19,12): -0.013635849952697754
(19,13): 0.024488606452941895
(19,17): 0.006276941299438477
(19,18): -0.0074814891815185545
(19,20): 0.0033446455001831053
(19,22): -0.03872683525085449
(19,25): -0.0038929224014282227
(20,1): -0.02690110683441162
(20,4): 0.006027116775512696
(20,7): -0.008169593811035157
(20,13): -0.009124093055725098
(20,15): 0.02892944812774658
(20,16): 0.006404433250427246
(20,19): -0.0020001697540283202
(20,21): -0.002260251045227051
(20,23): 0.04024402618408203
(20,32): -0.014200692176818847
(21,1): -0.006453752517700195
(21,4): 0.014826483726501465
(21,7): -0.03073154926300049
(21,13): -0.0031270456314086916
(21,15): -0.0149110746383667
(21,16): -0.003579258918762207
(21,20): -0.003799262046813965
(21,30): -0.0013800668716430664
(22,0): -0.03971735954284668
(22,1): -0.020779633522033693
(22,8): 0.0100795841217041
(22,9): 0.005067143440246582
(22,11): -0.016039600372314455
(22,12): -0.010887236595153808
(22,17): -0.014304194450378418
(22,18): 0.0006503582000732422
(22,19): -0.00907175064086914
(22,24): 0.0036509180068969725
(22,25): -0.03000598430633545
(22,34): -0.04799055576324463
(23,1): 0.05975605487823486
(23,4): -0.029092612266540526
(23,7): -0.009886674880981446
(23,13): -0.0014284515380859374
(23,15): -0.02081268310546875
(23,16): -0.0017837715148925782
(23,20): -0.010164880752563476
(24,6): 0.06299652576446534
(24,14): -0.02906168460845947
(24,22): 0.02142727851867676
(25,0): 0.028859686851501466
(25,1): -0.013204026222229003
(25,11): 0.03594935417175293
(25,12): 0.01593109130859375
(25,17): -0.012075624465942382
(25,18): -0.005835833549499511
(25,19): 0.0012746286392211915
(25,22): 0.015336427688598633
(26,3): -0.03393210411071777
(27,6): -0.007036066055297852
(28,6): -0.037698979377746585
(29,6): -0.03274044036865234
(30,15): -0.03616925716400146
(30,21): 0.011824798583984376
(31,15): -0.002644309997558594
(32,7): -0.029993481636047363
(32,15): -0.028940343856811525
(32,20): -0.0023200511932373047
(32,36): -0.0036392927169799803
(33,7): -0.007883329391479493
(33,9): 0.0007197141647338867
(33,11): 0.0006670618057250977
(33,12): -0.004633879661560059
(33,13): 0.0033858251571655274
(33,17): 0.0024672651290893553
(34,6): -0.0037169981002807616
(34,10): -0.016167454719543457
(34,14): -0.00764033317565918
(34,22): -0.01587815284729004
(35,8): 0.004759058952331543
(35,11): -0.00833298683166504
(35,14): -0.017882447242736816
(36,6): -0.058447470664978025
(36,7): -0.004176249504089355
(36,32): 0.00804915428161621
