Interaction name: 6ckr

Affinity: 7.300000190734863
Predicted value: 7.333581924438477

Attributions for edges: 

(0,4): 2.729771772793093e-32
(0,5): 3.8194623828450463e-32
(0,6): 5.971383761040156e-32
(0,17): 2.7608145567480264e-30
(1,2): 2.8687598004947713e-28
(1,10): 2.0169379583499318e-29
(1,17): 7.63347870506471e-29
(1,18): 4.1524713604460756e-27
(2,1): 2.8631404183995355e-28
(2,7): 7.328558404495309e-31
(2,10): 9.789805090823284e-30
(2,17): 3.705134721520653e-29
(2,18): 2.0155247831791134e-27
(3,23): 1.2419970503443518e-30
(4,0): 2.703903844108898e-32
(4,5): 1.3265679664350063e-33
(4,6): 2.0739843762282645e-33
(4,7): 1.8966285436410825e-33
(4,8): 4.8307957149655366e-32
(4,11): 7.969767209918644e-33
(4,13): 4.094199069456025e-33
(4,14): 5.924707892573277e-33
(4,15): 2.842826411351365e-32
(4,16): 5.582484973255637e-32
(4,25): 6.361862854042562e-33
(5,0): 3.7871092518273645e-32
(5,4): 1.3279247440552445e-33
(5,6): 2.9048388444108273e-33
(5,13): 5.734323725488146e-33
(5,14): 8.298192250014729e-33
(5,15): 3.981685599109513e-32
(5,22): 1.8230456829522783e-32
(5,25): 8.910543256872553e-33
(6,0): 5.928169649968052e-32
(6,4): 2.0786734966620916e-33
(6,5): 2.908453673210598e-33
(6,11): 1.747343846759323e-32
(6,13): 8.976320247324722e-33
(6,14): 1.2989813548073135e-32
(6,15): 6.232797247742122e-32
(6,21): 2.379024682722068e-32
(7,2): 7.221989027045241e-31
(7,4): 1.900090190833262e-33
(7,8): 9.681426721606849e-32
(7,9): 6.358881359558496e-32
(7,10): 5.077561954309081e-32
(7,11): 1.5972258713196242e-32
(7,12): 1.8556941569256042e-31
(7,16): 1.1187806275264698e-31
(7,19): 9.139444480009094e-32
(7,20): 1.4457676559958354e-31
(8,4): 4.884906364796176e-32
(8,7): 9.771885126132851e-32
(8,9): 1.6347803062309374e-30
(8,11): 4.106246270247221e-31
(8,12): 4.7707331023037744e-30
(8,13): 2.1094293145279982e-31
(9,7): 6.410270446093393e-32
(9,8): 1.6327360745350835e-30
(9,11): 2.6936819803330175e-31
(9,12): 3.1295823690077646e-30
(9,16): 1.8867814686065465e-30
(9,23): 6.220141052715123e-31
(10,1): 1.9983737992453617e-29
(10,2): 9.71880899361554e-30
(10,7): 5.115121349806554e-32
(10,19): 1.2299270743501086e-30
(10,25): 1.7157783557314096e-31
(11,4): 8.01800949807639e-33
(11,6): 1.7539418965504884e-32
(11,7): 1.6039422052298412e-32
(11,8): 4.085310245661336e-31
(11,9): 2.683303070511867e-31
(11,12): 7.830607339754104e-31
(11,13): 3.4623848148844617e-32
(11,16): 4.720999252874156e-31
(11,25): 5.380144779659895e-32
(12,7): 1.8764374004379546e-31
(12,8): 4.7794035486354395e-30
(12,9): 3.1391956558483374e-30
(12,11): 7.885041661954243e-31
(12,16): 5.523096506604071e-30
(13,4): 4.1110699847842175e-33
(13,5): 5.7521133631199025e-33
(13,6): 8.992977002275873e-33
(13,8): 2.094674979634217e-31
(13,11): 3.4557873528404716e-32
(13,14): 2.569024389686084e-32
(13,15): 1.2326742751776413e-31
(13,16): 2.4206139373403896e-31
(13,20): 3.1280894441624463e-31
(14,4): 5.955888247570823e-33
(14,5): 8.333341000472254e-33
(14,6): 1.3028422660025893e-32
(14,13): 2.5719072895814756e-32
(14,15): 1.7858297081293973e-31
(14,24): 2.008766325993072e-31
(15,4): 2.870571016766648e-32
(15,5): 4.0164364447292846e-32
(15,6): 6.279382676612384e-32
(15,13): 1.2395966438601987e-31
(15,14): 1.7938177799904101e-31
(16,4): 5.64725529973312e-32
(16,7): 1.1296907432447567e-31
(16,9): 1.8899077193424454e-30
(16,11): 4.747075949355058e-31
(16,12): 5.515264140724768e-30
(16,13): 2.4386314445520533e-31
(17,0): 2.769654462345306e-30
(17,1): 7.590040558875272e-29
(17,2): 3.6912526786668206e-29
(17,22): 1.3332613973071655e-30
(18,1): 4.175647231024854e-27
(18,2): 2.0307673631309717e-27
(19,7): 9.223785611933417e-32
(19,10): 1.2321530844923737e-30
(20,7): 1.4609361175494111e-31
(20,13): 3.1536573866883117e-31
(20,23): 1.4176044335323375e-30
(21,6): 2.390377313288722e-32
(21,22): 1.5001637746295718e-31
(22,5): 1.8347946020519532e-32
(22,17): 1.3262409688858625e-30
(22,21): 1.5008048892485103e-31
(23,3): 1.2375891346078644e-30
(23,9): 6.21037316485753e-31
(23,20): 1.4120024976540588e-30
(24,14): 2.0183522473251576e-31
(25,4): 6.39675887321466e-33
(25,5): 8.950197089429604e-33
(25,10): 1.7093891912863852e-31
(25,11): 5.377149620054e-32
