Interaction name: 6hwz

Affinity: 5.170000076293945
Predicted value: 5.5062689781188965

Attributions for edges: 

(0,1): 4.118034669064286e-20
(0,2): 4.118034669064286e-20
(0,3): 4.118034669064286e-20
(0,4): 4.118034669064286e-20
(0,5): 4.118034669064286e-20
(0,6): 4.118034669064286e-20
(1,0): 4.118034669064286e-20
(1,2): 4.118034669064286e-20
(1,3): 4.118034669064286e-20
(1,4): 4.118034669064286e-20
(1,5): 4.118034669064286e-20
(1,6): 4.118034669064286e-20
(1,9): 3.0996111043892557e-27
(2,0): 4.118034669064286e-20
(2,1): 4.118034669064286e-20
(2,3): 4.118034669064286e-20
(2,4): 4.118034669064286e-20
(2,5): 4.118034669064286e-20
(3,0): 4.118034669064286e-20
(3,1): 4.118034669064286e-20
(3,2): 4.118034669064286e-20
(3,4): 4.118034669064286e-20
(3,5): 4.118034669064286e-20
(3,6): 4.118034669064286e-20
(3,7): 7.232237074957786e-33
(3,8): 9.786658739133986e-32
(4,0): 4.118034669064286e-20
(4,1): 4.118034669064286e-20
(4,2): 4.118034669064286e-20
(4,3): 4.118034669064286e-20
(4,5): 4.118034669064286e-20
(4,6): 4.118034669064286e-20
(5,0): 4.118034669064286e-20
(5,1): 4.118034669064286e-20
(5,2): 4.118034669064286e-20
(5,3): 4.118034669064286e-20
(5,4): 4.118034669064286e-20
(5,6): 4.118034669064286e-20
(6,0): 4.118034669064286e-20
(6,1): 4.118034669064286e-20
(6,3): 4.118034669064286e-20
(6,4): 4.118034669064286e-20
(6,5): 4.118034669064286e-20
(7,3): 4.7516372641655915e-33
(7,8): 0.0
(8,3): 6.646025829852785e-32
(8,7): 0.0
(9,1): 2.3981650778560695e-27
