Interaction name: 3vi5

Affinity: 5.679999828338623
Predicted value: 6.0588603019714355

Attributions for edges: 

(0,7): 0.5513089895248413
(0,15): 0.4540579617023468
(0,16): 0.5136334896087646
(0,24): 0.5494305491447449
(0,25): 0.488494873046875
(0,28): 0.5198662877082825
(0,30): 0.5657863616943359
(0,31): 0.4636610150337219
(1,2): 0.5955001711845398
(1,3): 0.5100151300430298
(1,7): 0.5150371789932251
(1,11): 0.4892663061618805
(1,12): 0.4395105838775635
(1,17): 0.580679178237915
(1,27): 0.48079580068588257
(1,28): 0.482575386762619
(1,32): 0.4519980251789093
(1,33): 0.4944259822368622
(1,34): 0.5362088084220886
(2,1): 0.4704325199127197
(2,3): 0.4818633198738098
(2,7): 0.4812670648097992
(2,10): 0.6579672694206238
(2,12): 0.5247036814689636
(2,17): 0.48588109016418457
(2,27): 0.5797534584999084
(2,28): 0.5373399257659912
(2,32): 0.4823969602584839
(2,33): 0.5355988144874573
(3,1): 0.6021798253059387
(3,2): 0.5009891390800476
(3,10): 0.37723687291145325
(3,11): 0.5786890387535095
(3,17): 0.4450690448284149
(3,27): 0.5435808897018433
(3,28): 0.6299192905426025
(3,32): 0.5404038429260254
(3,33): 0.5543000102043152
(4,6): 0.4918742775917053
(4,9): 0.5435981154441833
(4,21): 0.5001137256622314
(4,22): 0.5574471354484558
(4,23): 0.4523169994354248
(5,8): 0.48055464029312134
(5,13): 0.47833430767059326
(5,16): 0.533750057220459
(5,18): 0.38694119453430176
(5,19): 0.437971293926239
(5,20): 0.46632227301597595
(5,24): 0.5515642166137695
(5,25): 0.5035863518714905
(5,30): 0.46483245491981506
(5,33): 0.5522060394287109
(5,34): 0.535533607006073
(6,4): 0.48387470841407776
(6,9): 0.4199751019477844
(6,21): 0.4974440634250641
(6,22): 0.4251670837402344
(6,23): 0.3454441428184509
(6,33): 0.5799292922019958
(7,0): 0.45417138934135437
(7,1): 0.5422129034996033
(7,2): 0.5529413223266602
(7,10): 0.5463812351226807
(7,11): 0.5456903576850891
(7,16): 0.473864883184433
(7,17): 0.47576993703842163
(7,24): 0.5966651439666748
(7,27): 0.5807777643203735
(7,28): 0.5018301010131836
(7,32): 0.5365687608718872
(8,5): 0.46502941846847534
(8,16): 0.5417152643203735
(8,17): 0.44843795895576477
(8,18): 0.5545864105224609
(8,19): 0.5228168964385986
(8,20): 0.5223676562309265
(8,21): 0.4929347634315491
(8,23): 0.4441041052341461
(8,24): 0.44710418581962585
(8,27): 0.507814347743988
(8,29): 0.521468460559845
(8,32): 0.5478533506393433
(9,4): 0.6123813390731812
(9,6): 0.5039640665054321
(9,21): 0.5389490127563477
(9,22): 0.5762660503387451
(9,23): 0.5460689067840576
(10,2): 0.4632059633731842
(10,3): 0.47936227917671204
(10,7): 0.5699648261070251
(10,11): 0.49910253286361694
(10,12): 0.5306144952774048
(10,17): 0.4317323565483093
(10,27): 0.5353404879570007
(10,28): 0.5308980941772461
(10,32): 0.5141289830207825
(11,1): 0.5969222187995911
(11,3): 0.5278353691101074
(11,7): 0.5455465316772461
(11,10): 0.50626140832901
(11,12): 0.5127364993095398
(11,17): 0.48049402236938477
(11,27): 0.5673424601554871
(11,28): 0.5655537247657776
(11,32): 0.5585489869117737
(12,1): 0.5576420426368713
(12,2): 0.45953965187072754
(12,10): 0.5323418378829956
(12,11): 0.5770119428634644
(12,17): 0.45497366786003113
(12,27): 0.4932563900947571
(12,28): 0.5499581098556519
(12,32): 0.5460901856422424
(13,5): 0.5605030655860901
(13,14): 0.6071905493736267
(13,15): 0.44979429244995117
(13,24): 0.5184758305549622
(13,25): 0.5799538493156433
(13,26): 0.5187900066375732
(13,30): 0.4509446620941162
(13,31): 0.508751630783081
(13,38): 0.40573960542678833
(13,40): 0.5707665085792542
(14,13): 0.4942168891429901
(14,15): 0.5616523027420044
(14,25): 0.43734970688819885
(14,26): 0.46313178539276123
(14,30): 0.4182150363922119
(14,31): 0.5125774145126343
(14,35): 0.5018103122711182
(14,41): 0.41026291251182556
(15,0): 0.5027892589569092
(15,13): 0.4928537905216217
(15,14): 0.4941934645175934
(15,16): 0.5760582685470581
(15,25): 0.6030436754226685
(15,26): 0.5444278717041016
(15,30): 0.5595653653144836
(16,0): 0.531356692314148
(16,5): 0.4806338846683502
(16,7): 0.4796176552772522
(16,8): 0.46343350410461426
(16,15): 0.48931804299354553
(16,17): 0.53062903881073
(16,18): 0.5328445434570312
(16,24): 0.5188705921173096
(16,25): 0.4694567322731018
(16,27): 0.5429108738899231
(16,28): 0.5140843987464905
(16,30): 0.6274210214614868
(16,31): 0.47255024313926697
(16,32): 0.5499634742736816
(16,40): 0.5216996669769287
(17,1): 0.5208414793014526
(17,2): 0.397796630859375
(17,3): 0.5199690461158752
(17,7): 0.5867868661880493
(17,8): 0.5628363490104675
(17,10): 0.4366781413555145
(17,11): 0.6048398017883301
(17,12): 0.5233603119850159
(17,16): 0.49539682269096375
(17,18): 0.5667433142662048
(17,19): 0.5143444538116455
(17,24): 0.4924926161766052
(17,27): 0.5403439402580261
(17,28): 0.5075918436050415
(17,29): 0.5469949841499329
(17,38): 0.5064597725868225
(18,5): 0.534848153591156
(18,8): 0.4867056906223297
(18,16): 0.49070054292678833
(18,17): 0.6154696941375732
(18,19): 0.46857208013534546
(18,20): 0.46376556158065796
(18,24): 0.5116603970527649
(18,25): 0.4344526529312134
(18,27): 0.5174692273139954
(18,28): 0.5550351142883301
(18,29): 0.502274215221405
(18,32): 0.41698428988456726
(18,40): 0.4232037663459778
(19,5): 0.5422842502593994
(19,8): 0.4949118196964264
(19,17): 0.44741809368133545
(19,18): 0.46345973014831543
(19,20): 0.4515957534313202
(19,21): 0.38223138451576233
(19,22): 0.41819167137145996
(19,23): 0.5368309617042542
(19,24): 0.5140419006347656
(19,29): 0.5306099057197571
(19,32): 0.5463725924491882
(20,5): 0.5249128937721252
(20,8): 0.5731367468833923
(20,18): 0.42757511138916016
(20,19): 0.42124173045158386
(20,21): 0.5478330850601196
(20,22): 0.5019134283065796
(20,23): 0.44801458716392517
(20,29): 0.47511255741119385
(20,37): 0.4502747654914856
(21,4): 0.5405770540237427
(21,6): 0.419210284948349
(21,8): 0.395862340927124
(21,9): 0.38996249437332153
(21,19): 0.6466323733329773
(21,20): 0.5168507099151611
(21,22): 0.4709203541278839
(21,23): 0.46188971400260925
(21,29): 0.43508389592170715
(22,4): 0.6004946231842041
(22,6): 0.5690305233001709
(22,9): 0.4950350224971771
(22,19): 0.4852108061313629
(22,20): 0.5125612020492554
(22,21): 0.5161902904510498
(22,23): 0.5778999924659729
(22,29): 0.6073785424232483
(23,4): 0.45734792947769165
(23,6): 0.531440019607544
(23,8): 0.5295186638832092
(23,9): 0.4738386273384094
(23,19): 0.5106789469718933
(23,20): 0.570144534111023
(23,21): 0.5209730863571167
(23,22): 0.5219504237174988
(23,29): 0.5114660859107971
(24,0): 0.3280543386936188
(24,5): 0.5537059307098389
(24,7): 0.5556625723838806
(24,8): 0.5885472893714905
(24,13): 0.4642394483089447
(24,16): 0.4370673894882202
(24,17): 0.5621486902236938
(24,18): 0.5932507514953613
(24,19): 0.5390167832374573
(24,25): 0.5258687734603882
(24,27): 0.4518612027168274
(24,28): 0.5165153741836548
(24,30): 0.3381953239440918
(24,32): 0.5117061734199524
(24,39): 0.559609055519104
(24,40): 0.5452032685279846
(25,0): 0.49772751331329346
(25,5): 0.5599633455276489
(25,13): 0.42186227440834045
(25,14): 0.41131457686424255
(25,15): 0.510948657989502
(25,16): 0.5643283128738403
(25,18): 0.514317512512207
(25,24): 0.5527202486991882
(25,26): 0.5131222605705261
(25,30): 0.5361672639846802
(25,31): 0.5751728415489197
(25,39): 0.528666615486145
(26,13): 0.4704383313655853
(26,14): 0.4911656379699707
(26,15): 0.5012379884719849
(26,25): 0.534068763256073
(26,30): 0.5547316670417786
(26,31): 0.5343677997589111
(26,36): 0.4802069365978241
(26,42): 0.5713959336280823
(27,1): 0.5790442228317261
(27,2): 0.4799972176551819
(27,3): 0.5418862104415894
(27,7): 0.542681872844696
(27,8): 0.5015822052955627
(27,10): 0.4551966190338135
(27,11): 0.5412964224815369
(27,12): 0.580129861831665
(27,16): 0.5872613191604614
(27,17): 0.4099350869655609
(27,18): 0.49812936782836914
(27,24): 0.5092949867248535
(27,28): 0.5541443228721619
(27,32): 0.510418176651001
(28,0): 0.5591670870780945
(28,1): 0.5090281367301941
(28,2): 0.5688215494155884
(28,3): 0.5123202800750732
(28,7): 0.39307841658592224
(28,10): 0.5317522287368774
(28,11): 0.5686925649642944
(28,12): 0.5360561013221741
(28,16): 0.5057601928710938
(28,17): 0.5469806790351868
(28,18): 0.5186601877212524
(28,24): 0.42466697096824646
(28,27): 0.550861656665802
(28,30): 0.5447312593460083
(28,32): 0.5072187781333923
(29,8): 0.4537597894668579
(29,17): 0.633872926235199
(29,18): 0.4820735454559326
(29,19): 0.5161479115486145
(29,20): 0.4588141441345215
(29,21): 0.5878048539161682
(29,22): 0.5659590363502502
(29,23): 0.5796282291412354
(29,32): 0.5682424306869507
(29,38): 0.43577712774276733
(30,0): 0.538550615310669
(30,5): 0.4514291286468506
(30,13): 0.37511488795280457
(30,14): 0.5104315876960754
(30,15): 0.5569556951522827
(30,16): 0.6050662398338318
(30,24): 0.5591800808906555
(30,25): 0.5705880522727966
(30,26): 0.530584990978241
(30,28): 0.5549789071083069
(30,31): 0.44066914916038513
(31,0): 0.5715838670730591
(31,13): 0.5632209181785583
(31,14): 0.41881272196769714
(31,16): 0.5911179184913635
(31,25): 0.5338874459266663
(31,26): 0.508937656879425
(31,30): 0.4613124132156372
(32,1): 0.4059247076511383
(32,2): 0.5224065780639648
(32,3): 0.526692271232605
(32,7): 0.5998430848121643
(32,8): 0.5539448857307434
(32,10): 0.5301516056060791
(32,11): 0.5264900922775269
(32,12): 0.5231435894966125
(32,16): 0.5470762848854065
(32,18): 0.5387903451919556
(32,19): 0.5448241233825684
(32,24): 0.48040392994880676
(32,27): 0.5654308795928955
(32,28): 0.5221450924873352
(32,29): 0.44921958446502686
(32,43): 0.48213085532188416
(33,1): 0.5483043193817139
(33,2): 0.4877890646457672
(33,3): 0.47813472151756287
(33,5): 0.5930328369140625
(33,6): 0.533336877822876
(33,34): 0.4500962793827057
(33,37): 0.4837990999221802
(33,39): 0.4071612060070038
(34,1): 0.5464636087417603
(34,5): 0.5397817492485046
(34,33): 0.4786372482776642
(34,37): 0.5891299843788147
(35,14): 0.556801974773407
(35,40): 0.5086619257926941
(35,41): 0.46435415744781494
(35,42): 0.5117669701576233
(36,26): 0.4767042100429535
(37,20): 0.4154699742794037
(37,33): 0.5198765397071838
(37,34): 0.574634313583374
(37,39): 0.5662081241607666
(38,13): 0.4209402799606323
(38,17): 0.5402771830558777
(38,29): 0.4413173496723175
(38,43): 0.45530617237091064
(39,24): 0.5236552357673645
(39,25): 0.3835667669773102
(39,33): 0.48447465896606445
(39,37): 0.4732849895954132
(40,13): 0.4379047155380249
(40,16): 0.46467888355255127
(40,18): 0.4470754861831665
(40,24): 0.5438806414604187
(40,35): 0.4801732897758484
(40,42): 0.560492217540741
(41,14): 0.4814804196357727
(41,35): 0.5631507635116577
(42,26): 0.4142732322216034
(42,35): 0.5825416445732117
(42,40): 0.490346223115921
(43,32): 0.5133500099182129
(43,38): 0.556509792804718
