Interaction name: 5dyy

Affinity: 7.239999771118164
Predicted value: 7.169469356536865

Attributions for edges: 

(0,1): 0.0
(0,2): 0.0
(0,19): 1.4042626290742334e-29
(0,22): 3.510154554313178e-32
(0,23): 1.6933438770686533e-33
(1,0): 0.0
(1,2): 3.643151234127959e-33
(1,10): 2.403443580124889e-17
(1,11): 3.1059869646187384e-22
(1,19): 1.6944332386331695e-21
(1,22): 4.2354608588781036e-24
(1,23): 2.0432489684331554e-25
(2,0): 0.0
(2,1): 3.643151234127959e-33
(2,10): 2.403443580124889e-17
(2,11): 3.1059869646187384e-22
(2,19): 1.6944332386331695e-21
(2,22): 4.2354608588781036e-24
(2,23): 2.0432489684331554e-25
(3,8): 1.9213876771319974e-26
(3,10): 3.396150114604035e-12
(3,11): 4.388852577978139e-17
(3,13): 5.187400022607733e-15
(3,14): 1.614041723824868e-21
(3,20): 1.921380281561011e-26
(4,8): 9.829036626846723e-27
(4,10): 1.737335427430542e-12
(4,11): 2.2451579377014368e-17
(4,13): 2.653662320672946e-15
(4,14): 8.256811457443836e-22
(4,20): 9.829036626846723e-27
(5,8): 1.3694387218061315e-35
(5,14): 1.1503696166864561e-30
(5,17): 0.0
(5,20): 1.3694387218061315e-35
(5,21): 2.871347173645977e-33
(5,25): 0.0
(6,7): 6.238046807993669e-07
(6,9): 1.0073129175225404e-07
(6,12): 4.5837561524209036e-10
(6,15): 7.643682131686091e-09
(6,16): 1.5427099242515396e-06
(6,18): 1.0073129175225404e-07
(6,19): 1.5661053009985437e-10
(6,23): 1.444253177880321e-14
(6,24): 9.32312907431232e-11
(6,26): 8.249989776602961e-27
(7,6): 5.231894419921446e-07
(7,9): 1.5015100984783203e-07
(7,12): 6.832591159522394e-10
(7,15): 1.1393768595269194e-08
(7,16): 2.3504414912167704e-06
(7,18): 1.5015100984783203e-07
(7,19): 2.334456239427851e-10
(7,22): 5.011252372268127e-13
(7,24): 1.4090896505170036e-10
(7,30): 6.122633475346152e-23
(8,3): 7.633399453047499e-27
(8,4): 3.0740000879887942e-27
(8,5): 1.1198921730044045e-36
(8,14): 4.880080914162169e-25
(8,17): 1.1198921730044045e-36
(8,20): 5.809346496227046e-30
(8,21): 1.2180693192847763e-27
(8,25): 0.0
(9,6): 1.4457009456236847e-07
(9,7): 2.6135003849958593e-07
(9,12): 2.003285454188486e-10
(9,15): 3.340602461321396e-09
(9,16): 6.463361046371574e-07
(9,18): 4.40237037935276e-08
(9,19): 6.844522171256529e-11
(9,22): 1.469277038359737e-13
(9,23): 6.276611124426826e-15
(9,24): 4.0745896240368396e-11
(10,1): 5.449929246084186e-22
(10,2): 5.449929246084186e-22
(10,3): 2.672809983519107e-17
(10,4): 1.0763511531375799e-17
(10,11): 4.6463655839490414e-11
(10,13): 6.524534246210578e-09
(10,26): 1.746010031205767e-26
(10,27): 2.4052726477208353e-10
(10,31): 1.4943024912610937e-14
(11,1): 1.6799439842623728e-23
(11,2): 1.679937357830769e-23
(11,3): 8.238921043290348e-19
(11,4): 3.3178591770656417e-19
(11,10): 1.1082872219958517e-07
(11,13): 1.6928404511507011e-10
(11,19): 7.813451274873984e-12
(11,22): 1.9530833181746927e-14
(12,6): 1.7912088479121735e-09
(12,7): 3.1553051282884326e-09
(12,9): 5.454496854184754e-10
(12,16): 7.447300998109085e-09
(12,18): 5.454496854184754e-10
(12,19): 8.48031714295594e-13
(12,22): 1.82042076386584e-15
(12,23): 7.776663090045425e-17
(12,24): 5.048389007181187e-13
(12,26): 3.6303953989100606e-29
(13,3): 4.8731338421547764e-21
(13,4): 1.962430265525939e-21
(13,10): 9.01693830712702e-10
(13,11): 8.471336594717289e-15
(13,27): 4.83854018591863e-14
(13,28): 3.5105250136147886e-27
(13,30): 1.550618891669442e-26
(13,31): 2.724444044920739e-18
(14,3): 3.4813129100443466e-23
(14,4): 1.4019386727541772e-23
(14,5): 5.107378221580894e-33
(14,8): 2.649419548766296e-26
(14,17): 5.107378221580894e-33
(14,20): 2.6494294095276114e-26
(14,21): 5.5551671720363226e-24
(14,25): 2.3696546249710936e-36
(14,26): 2.27415457051819e-32
(15,6): 2.256250724030906e-07
(15,7): 4.098666011032037e-07
(15,9): 6.465889867968144e-08
(15,16): 1.0136262744708802e-06
(15,18): 6.465889867968144e-08
(15,19): 9.107957443799108e-11
(15,24): 6.076681519084914e-11
(16,6): 1.004369551083073e-06
(16,7): 1.8245170849695569e-06
(16,9): 2.8782935146409727e-07
(16,12): 1.267746574384887e-09
(16,15): 2.1473821831818896e-08
(16,18): 2.8782935146409727e-07
(16,29): 7.779194928180178e-22
(16,31): 2.0651269729650076e-14
(17,5): 0.0
(17,8): 1.3694387218061315e-35
(17,14): 1.1503696166864561e-30
(17,20): 1.3694387218061315e-35
(17,21): 2.871347173645977e-33
(17,25): 0.0
(18,6): 1.4457009456236847e-07
(18,7): 2.6134978270420106e-07
(18,9): 4.40237037935276e-08
(18,12): 2.003285454188486e-10
(18,15): 3.340602461321396e-09
(18,16): 6.463361046371574e-07
(18,19): 6.844522171256529e-11
(18,22): 1.469277038359737e-13
(18,23): 6.276611124426826e-15
(18,24): 4.0745896240368396e-11
(19,0): 3.906601650501808e-36
(19,1): 2.154842125717214e-26
(19,2): 2.1548341138486453e-26
(19,6): 3.7860159451952313e-11
(19,7): 6.669246405133222e-11
(19,9): 1.152898089495924e-11
(19,11): 1.6683531506035123e-15
(19,12): 5.246237811036038e-14
(19,15): 8.748409982550776e-13
(19,18): 1.152898089495924e-11
(19,22): 3.8477451010871856e-17
(19,23): 1.6437262673680376e-18
(19,31): 5.36554633440431e-19
(20,3): 7.633399453047499e-27
(20,4): 3.0740120287544494e-27
(20,5): 1.1198921730044045e-36
(20,8): 5.809346496227046e-30
(20,14): 4.880080914162169e-25
(20,17): 1.1198921730044045e-36
(20,21): 1.2180693192847763e-27
(20,25): 0.0
(21,5): 8.880130302239777e-35
(21,8): 4.606510500393333e-28
(21,14): 3.869666293785392e-23
(21,17): 8.880130302239777e-35
(21,20): 4.606510500393333e-28
(21,30): 1.9260363971556463e-30
(21,31): 3.384015373974239e-22
(22,0): 2.943777143569423e-36
(22,1): 1.7385659267847214e-26
(22,2): 1.7385659267847214e-26
(22,7): 4.211539450516e-11
(22,9): 6.643951881712962e-12
(22,11): 1.4822178722026166e-15
(22,12): 2.759168321066468e-14
(22,18): 6.643951881712962e-12
(22,19): 9.427090455916415e-15
(22,23): 9.750652032361768e-19
(23,0): 6.211613054487847e-36
(23,1): 3.66855973742901e-26
(23,2): 3.668545254435828e-26
(23,6): 4.892035387893401e-11
(23,9): 1.4019445326862723e-11
(23,12): 5.1270751831372294e-14
(23,18): 1.4019445326862723e-11
(23,19): 1.706247583542833e-14
(23,22): 4.2650166919618054e-17
(24,6): 2.8381782612996176e-07
(24,7): 5.155774829290749e-07
(24,9): 8.133557827250115e-08
(24,12): 2.974537560707091e-10
(24,15): 6.06813976844478e-09
(24,18): 8.133557827250115e-08
(25,5): 0.0
(25,8): 4.1142756299482504e-38
(25,14): 3.456141103171672e-33
(25,17): 0.0
(25,20): 4.1142756299482504e-38
(26,6): 1.0956000750916316e-20
(26,10): 5.4202037150954294e-20
(26,12): 1.1482429777873629e-23
(26,14): 2.576025189702717e-29
(27,10): 2.1522707527310558e-07
(27,13): 3.287455030420716e-10
(27,29): 3.369573918263411e-23
(28,13): 7.61681737464694e-20
(29,16): 2.7520542501611566e-16
(29,27): 2.0274229125417386e-20
(30,7): 8.184174611436409e-17
(30,13): 3.4044396547936843e-19
(30,21): 2.643984998167823e-28
(30,31): 9.263451615047402e-25
(31,10): 3.425716099680898e-10
(31,13): 5.232570019636507e-13
(31,16): 3.1108499110032994e-10
(31,19): 2.4151330146383355e-14
(31,21): 4.0637241832035883e-22
(31,30): 8.10342419671916e-27
