Interaction name: 5kpk

Affinity: 8.300000190734863
Predicted value: 7.558438301086426

Attributions for edges: 

(0,5): 1.0730305490229397e-32
(0,7): 5.008422903076766e-32
(0,8): 2.2380850406419867e-33
(0,9): 1.3394692006062732e-32
(0,13): 7.743648014568515e-34
(0,14): 2.3418554044122735e-32
(0,18): 2.822532970752357e-32
(1,2): 5.833571271887888e-31
(1,3): 1.7295917073973574e-31
(1,10): 7.839925042662691e-33
(1,11): 2.4286874088659897e-32
(1,12): 1.4076555136672463e-32
(1,13): 8.652912180383747e-34
(1,20): 7.714938107886016e-32
(2,1): 5.862259446618576e-31
(2,3): 9.870233918939314e-31
(2,10): 4.47399762078686e-32
(2,13): 4.9379435678793236e-33
(2,20): 4.402671150891818e-31
(3,1): 1.7321139656259168e-31
(3,2): 9.8361041457598e-31
(3,4): 1.6444106553720124e-32
(3,13): 1.459007700699788e-33
(3,20): 1.300841545230131e-31
(3,21): 3.8808409966973847e-31
(4,3): 1.63106614962789e-32
(4,5): 1.1307242709387783e-33
(4,6): 1.2931572211093706e-32
(4,7): 5.277751801395184e-33
(4,13): 8.160001685145038e-35
(4,20): 7.275459267553552e-33
(4,22): 1.0637059400850419e-32
(4,31): 4.417505566338249e-33
(4,33): 5.4640959413333334e-33
(5,0): 1.0667697926420632e-32
(5,4): 1.1313456299057833e-33
(5,6): 1.5907318527785065e-32
(5,7): 6.492290564422019e-33
(5,23): 2.0675473324289632e-32
(5,24): 1.1946981816264804e-32
(5,33): 6.721568533497998e-33
(5,34): 1.8969119847164246e-32
(6,4): 1.3028621024697594e-32
(6,5): 1.6017900220102794e-32
(6,7): 7.476547265792081e-32
(6,23): 2.380977678423883e-31
(7,0): 5.001396973341901e-32
(7,4): 5.304191975423039e-33
(7,5): 6.521182011513323e-33
(7,6): 7.457975042796264e-32
(7,13): 4.7060861233872586e-34
(7,26): 2.5020761660501145e-32
(8,0): 2.2152025737352924e-33
(8,9): 3.6055299966073727e-34
(8,10): 1.8885632289442512e-34
(8,13): 2.084404175115313e-35
(8,14): 6.30371243420433e-34
(8,18): 7.5975822803967874e-34
(8,20): 1.858455099282098e-33
(8,25): 8.476333276094062e-33
(8,26): 1.1082113500686237e-33
(8,31): 1.128414700045901e-33
(8,33): 1.3957683086774566e-33
(8,35): 1.9654974515778987e-33
(9,0): 1.332517620889098e-32
(9,8): 3.623868626835162e-34
(9,10): 1.1360336483136564e-33
(9,13): 1.2538382942397082e-34
(9,14): 3.791863024450487e-33
(9,15): 1.0661107811216335e-32
(9,16): 1.0360130380540958e-33
(9,17): 3.031487671060176e-32
(9,18): 4.5701626095757236e-33
(9,19): 7.84570362595454e-32
(9,24): 1.492314910687055e-32
(9,35): 1.1823119241834691e-32
(10,1): 7.78259471380515e-33
(10,2): 4.419513457626247e-32
(10,8): 1.8946825724363688e-34
(10,9): 1.1339380541268272e-33
(10,11): 1.840001491013119e-33
(10,12): 1.0664477806583348e-33
(10,13): 6.555495518133291e-35
(10,14): 1.9825156710419283e-33
(10,20): 5.844880805892905e-33
(10,27): 1.206680069012809e-32
(10,36): 2.12940595939946e-32
(11,1): 2.418775934373444e-32
(11,10): 1.8459774104191118e-33
(11,12): 3.3144451774136305e-33
(11,26): 1.0832218646393781e-32
(11,28): 2.4602049103370307e-32
(11,35): 1.9211913797222774e-32
(12,1): 1.3996771396346277e-32
(12,10): 1.0682148792754069e-33
(12,11): 3.309189615639501e-33
(12,29): 5.056068627851471e-32
(12,30): 1.9105500701746647e-32
(12,31): 6.382524371310172e-33
(12,32): 2.968321012750802e-32
(13,0): 7.6410636327627115e-34
(13,1): 8.535806310747962e-34
(13,2): 4.8472038528614895e-33
(13,3): 1.4371551688825054e-33
(13,4): 8.103668643858024e-35
(13,7): 4.650300651246087e-34
(13,8): 2.0780527461052487e-35
(13,9): 1.243682206719596e-34
(13,10): 6.514412908927013e-35
(13,14): 2.1743865170566136e-34
(13,15): 6.113450867506569e-34
(13,16): 5.940814713614561e-35
(13,18): 2.6206904979951424e-34
(13,19): 4.4990000182868654e-33
(13,20): 6.410557523854383e-34
(13,29): 3.0833980893396636e-33
(13,34): 1.3587207675013691e-33
(14,0): 2.3333482048585788e-32
(14,8): 6.345692276208071e-34
(14,9): 3.7977981688961854e-33
(14,10): 1.9892881715415956e-33
(14,13): 2.1955906443532726e-34
(14,15): 1.8668475411997937e-32
(14,16): 1.814130329719459e-33
(14,17): 5.308384963772422e-32
(14,18): 8.002791989021027e-33
(14,19): 1.3738471500306052e-31
(14,20): 1.9575745461849595e-32
(14,24): 2.613146276270611e-32
(15,9): 1.0709286181868756e-32
(15,13): 6.191227267557734e-34
(15,14): 1.8723537036758392e-32
(15,16): 5.1155673764442946e-33
(15,17): 1.4968940195433246e-31
(15,18): 2.2566639492619238e-32
(15,27): 1.1396199089272824e-31
(15,36): 2.011066298239891e-31
(16,9): 1.0337706907444061e-33
(16,13): 5.976410725897249e-35
(16,14): 1.8073886859465008e-33
(16,15): 5.081570243108591e-33
(16,17): 1.444956300407539e-32
(16,18): 2.178364417490445e-33
(16,19): 3.739648373539327e-32
(16,23): 1.2309867207939214e-32
(16,29): 2.5629750018831647e-32
(16,33): 4.001920558864568e-33
(16,34): 1.129392858282579e-32
(16,36): 1.9412885127646983e-32
(17,9): 3.054192050572721e-32
(17,14): 5.339743038822133e-32
(17,15): 1.5013088236767078e-31
(17,16): 1.4589136795188214e-32
(17,18): 6.435752812630519e-32
(17,19): 1.1048403694904073e-30
(17,24): 2.101478035640166e-31
(18,0): 2.8138037497031506e-32
(18,8): 7.652323123769162e-34
(18,9): 4.579830683269252e-33
(18,13): 2.6476607465068213e-34
(18,14): 8.007067115038174e-33
(18,15): 2.251246977419747e-32
(18,16): 2.1876579860306414e-33
(18,17): 6.401424851103456e-32
(18,19): 1.6567463224769002e-31
(18,20): 2.3606547916913867e-32
(18,34): 5.003458202686068e-32
(19,9): 7.925961678251282e-32
(19,13): 4.582137590932741e-33
(19,14): 1.3857215237648716e-31
(19,16): 3.7860404335888794e-32
(19,17): 1.1078537727686272e-30
(19,18): 1.6701605938107438e-31
(20,1): 7.708700934860553e-32
(20,2): 4.377551306812486e-31
(20,3): 1.2978974020790615e-31
(20,4): 7.318437545071523e-33
(20,8): 1.876693077806098e-33
(20,10): 5.883177677158726e-33
(20,13): 6.493203501089325e-34
(20,14): 1.963707394086787e-32
(20,18): 2.3667501707107818e-32
(21,3): 3.8839214971931496e-31
(21,22): 2.532913849750716e-31
(22,4): 1.0711083953541544e-32
(22,21): 2.5278366545506446e-31
(22,33): 6.363686192717482e-32
(23,5): 2.083461468823983e-32
(23,6): 2.382758552365379e-31
(23,16): 1.2423369269034768e-32
(24,5): 1.2020215114321033e-32
(24,9): 1.5005006125358e-32
(24,14): 2.623353975339564e-32
(24,17): 2.097313494254073e-31
(25,8): 8.596163904900855e-33
(25,27): 5.474700369745689e-31
(26,7): 2.500702013154003e-32
(26,8): 1.1174656130164645e-33
(26,11): 1.0852154295899758e-32
(26,35): 3.6458080717660083e-32
(27,10): 1.2170259621363805e-32
(27,15): 1.14211806952165e-31
(27,25): 5.462309248694801e-31
(28,11): 2.4703801363745423e-32
(28,30): 1.4262663222651287e-31
(29,12): 5.103426944257399e-32
(29,13): 3.137096140653164e-33
(29,16): 2.592078772641586e-32
(30,12): 1.9230975907489296e-32
(30,28): 1.4274420517148212e-31
(31,4): 4.4372994218381575e-33
(31,8): 1.137872562288724e-33
(31,12): 6.404669950195695e-33
(31,32): 9.912072819170391e-32
(31,34): 7.439902992646722e-32
(32,12): 2.991533205822902e-32
(32,31): 9.955120597791854e-32
(32,36): 5.973277835087636e-31
(33,4): 5.491972422521099e-33
(33,5): 6.752046897962912e-33
(33,8): 1.408326261764085e-33
(33,16): 4.026175415425847e-33
(33,22): 6.351898923114611e-32
(34,5): 1.9111185686300812e-32
(34,13): 1.3791913587724661e-33
(34,16): 1.1395715373347461e-32
(34,18): 5.027066243480808e-32
(34,31): 7.466344562574119e-32
(35,8): 1.985149145729755e-33
(35,9): 1.1880810300521141e-32
(35,11): 1.9278426206328176e-32
(35,26): 3.6517375591451437e-32
(36,10): 2.151139821388607e-32
(36,15): 2.018737339274487e-31
(36,16): 1.9617158127829065e-32
(36,32): 5.977517608112182e-31
