Interaction name: 5yfz

Affinity: 6.960000038146973
Predicted value: 6.968069076538086

Shapley values for edges: 

(0,1): 0.03875139236450195
(0,5): 0.07030163288116455
(0,8): 0.011888346672058105
(0,19): -0.025997271537780763
(0,28): 0.1863810110092163
(1,0): -0.2712390947341919
(1,5): -0.13696256637573243
(1,10): 0.003706235885620117
(1,18): 0.0456503438949585
(1,19): 0.0012011766433715821
(1,23): -0.0033644676208496095
(1,28): -0.00018344879150390626
(2,3): -0.00703153133392334
(2,7): -0.20291925430297852
(2,11): 0.02147815704345703
(2,12): 0.03821156978607178
(2,22): 0.005089807510375977
(3,2): 0.01876941680908203
(3,6): 0.019958996772766115
(3,11): 0.00466212272644043
(3,12): 0.0010365581512451173
(4,10): 0.00037021636962890624
(4,19): -0.022033486366271973
(4,23): 0.00035657882690429685
(4,24): -0.007627744674682618
(4,25): 0.01658440113067627
(5,0): 0.22400869369506837
(5,1): 0.022969160079956055
(5,8): 0.0004453706741333008
(5,19): 0.032640600204467775
(6,3): 0.03665742874145508
(6,7): -0.09364080905914307
(6,11): 0.008918023109436036
(6,12): 0.018046917915344237
(6,22): 0.00048486709594726564
(7,2): -0.014132390022277832
(7,6): -0.01162879467010498
(7,11): 0.0009780406951904296
(7,12): -0.025437655448913573
(8,0): 0.014067969322204589
(8,5): -0.03297271728515625
(8,9): -0.020537586212158204
(8,19): -0.046651577949523924
(8,20): -0.006950569152832031
(8,23): -0.040756125450134274
(8,24): -0.01756683349609375
(8,29): 0.019186415672302247
(8,30): 0.06003545761108398
(8,37): -0.0004778289794921875
(9,8): -0.021269278526306154
(9,10): -0.005810632705688477
(9,18): 0.00019841670989990235
(9,19): 4.76837158203125e-09
(9,23): -0.0015907955169677734
(9,24): 0.008457584381103516
(9,25): -0.0071962976455688474
(9,30): 0.0288307523727417
(10,1): 0.047226977348327634
(10,4): 0.00191497802734375
(10,9): -0.030624127388000487
(10,18): 0.015326886177062989
(10,19): -0.0036469507217407227
(10,20): -0.017347640991210937
(10,23): -0.0221429443359375
(10,24): 0.0019263315200805664
(10,25): 0.004921407699584961
(10,31): -0.01797111988067627
(10,35): -0.0019006538391113281
(11,2): 0.01860671043395996
(11,3): 0.15004079818725585
(11,6): -0.001430659294128418
(11,7): 0.12943476676940918
(11,12): 0.002220134735107422
(11,13): -0.005233235359191894
(11,14): -0.000150604248046875
(11,15): -0.02948347568511963
(11,22): 0.003502960205078125
(11,32): -0.1068858528137207
(12,2): -0.0918788480758667
(12,3): -0.1540035629272461
(12,6): -0.050164709091186525
(12,7): 0.06040989875793457
(12,11): 0.0007900238037109375
(12,13): -0.01307537078857422
(12,14): 0.015129284858703613
(12,15): -0.00034827709197998046
(12,22): -3.857612609863281e-06
(12,38): -0.06570364952087403
(12,40): -0.04637678146362305
(13,11): -0.010340943336486816
(13,12): 1.8930435180664064e-05
(13,14): -0.013458976745605469
(13,15): 0.02452208995819092
(13,21): -0.004434847831726074
(13,22): -0.009132018089294433
(13,34): 0.09288344860076904
(14,11): -0.08797209739685058
(14,12): -0.0023521089553833006
(14,13): -0.012096824645996094
(14,15): 0.000739598274230957
(14,16): 0.024607586860656738
(14,20): -0.021199584007263184
(14,21): 0.0002081441879272461
(14,22): 0.014889354705810548
(14,35): -0.03454981327056885
(14,36): -0.04600186824798584
(14,38): -0.09299085140228272
(14,39): -0.004763317108154297
(15,11): 0.045694217681884766
(15,12): -8.509159088134765e-05
(15,13): 0.016615386009216308
(15,14): -3.74603271484375e-05
(15,16): 0.01910061836242676
(15,20): -0.010477972030639649
(15,21): -0.0025035619735717775
(15,22): 9.21010971069336e-05
(15,36): 0.0033730411529541014
(15,40): -0.023614883422851562
(16,14): 0.009966130256652833
(16,15): 0.02752843379974365
(16,17): -0.0050169038772583
(16,20): 5.359172821044922e-05
(16,21): -0.002100176811218262
(16,24): -0.0008729028701782226
(16,25): 0.003021416664123535
(16,26): -0.018158683776855467
(16,27): -0.02002659797668457
(16,35): -0.048714885711669924
(17,16): 0.0017534780502319336
(17,21): -0.03333765506744385
(17,24): -0.00916900634765625
(17,25): 0.0001397705078125
(17,26): -0.010076332092285156
(17,27): -0.03384074211120605
(17,37): -0.009256086349487304
(17,38): -0.02413053035736084
(18,1): 0.04939652919769287
(18,9): -0.014151897430419922
(18,10): 0.0024471473693847656
(18,19): -0.00034520149230957034
(18,23): -0.0023506355285644533
(19,0): -0.15809619903564454
(19,1): -0.029780454635620117
(19,4): -0.01839264392852783
(19,5): -0.1503365468978882
(19,8): -0.015221123695373534
(19,9): -0.03656484127044678
(19,10): -0.01838179588317871
(19,18): 0.004488000869750977
(19,20): -1.430511474609375e-08
(19,21): -0.004372835159301758
(19,23): 0.016139974594116212
(19,24): 0.000747513771057129
(19,25): 0.0007315731048583985
(19,26): 0.044463696479797366
(19,27): 0.14390915870666504
(19,37): 0.021874189376831055
(20,8): -0.01666475772857666
(20,10): -0.05463353633880615
(20,14): 0.006703219413757324
(20,15): -0.003450927734375
(20,16): 0.001221466064453125
(20,19): -9.679794311523437e-07
(20,21): -3.5958290100097655e-05
(20,23): -0.003798947334289551
(20,24): 0.00035483360290527343
(20,25): 0.00276792049407959
(20,26): 0.03363223075866699
(20,27): -0.004721136093139649
(20,39): -0.032034912109375
(20,40): -0.014717574119567872
(21,13): -0.056862525939941407
(21,14): -0.01489412784576416
(21,15): -0.0005702066421508789
(21,16): 0.002208852767944336
(21,17): -0.005711584091186523
(21,19): -0.019362683296203612
(21,20): -0.0004701519012451172
(21,22): -0.067279372215271
(21,24): 0.00013355731964111327
(21,25): 0.0008519220352172851
(21,26): 0.0075126314163208
(21,27): -0.008432536125183106
(21,35): -0.035142560005187985
(21,38): -0.030379176139831543
(22,2): -0.12407316684722901
(22,6): -0.061036901473999025
(22,11): 0.0028427982330322264
(22,12): -5.3706169128417967e-05
(22,13): 0.0041827869415283206
(22,14): 0.013912153244018555
(22,15): -0.01333430290222168
(22,21): -0.058404698371887206
(22,32): -0.09029239654541016
(22,33): -0.08438306331634521
(22,39): -0.016915841102600096
(22,40): -0.04155809879302978
(23,1): 0.09386465072631836
(23,4): -0.09852083206176758
(23,8): -0.013153352737426759
(23,9): -0.033592786788940426
(23,10): -0.0005993461608886719
(23,18): -0.006497740745544434
(23,19): 6.618499755859376e-05
(23,20): -0.03055339813232422
(23,24): -0.002418961524963379
(23,25): 0.0010421466827392578
(23,35): -0.04708066463470459
(24,4): -0.017404589653015137
(24,8): -0.022567996978759764
(24,9): -0.002880239486694336
(24,10): -6.062030792236328e-05
(24,16): 0.002530641555786133
(24,17): 0.0038870859146118166
(24,19): -0.00016467571258544923
(24,20): -2.768993377685547e-05
(24,21): 0.011408824920654297
(24,23): 0.0007943105697631836
(24,25): 0.0048521852493286135
(24,26): 0.00017920494079589843
(24,27): 0.02195791721343994
(24,38): -0.0664903450012207
(25,4): -0.006810240745544434
(25,9): -0.021994805335998534
(25,10): -0.009550480842590333
(25,16): -0.0015641403198242186
(25,17): -0.0005297327041625977
(25,19): -0.005039515495300293
(25,20): 0.0030410099029541016
(25,21): 0.0006483221054077149
(25,23): 0.0037355852127075196
(25,24): 0.0010174942016601563
(25,26): -0.001324639320373535
(25,27): -0.042431573867797855
(25,39): -0.029470252990722656
(26,16): 0.0007836580276489258
(26,17): -0.014636797904968262
(26,19): -0.03979634284973144
(26,20): 0.0007481861114501953
(26,21): -0.003664259910583496
(26,24): 0.0077912044525146485
(26,25): 0.0003015470504760742
(26,37): -0.03519706726074219
(27,16): 0.006100950241088868
(27,17): 0.009041452407836914
(27,19): -0.0024363374710083007
(27,20): 9.5367431640625e-09
(27,21): 0.023840928077697755
(27,24): -0.002543082237243652
(27,25): 0.0007953071594238282
(28,0): 0.08617496013641357
(28,1): -0.030666518211364745
(29,8): 0.04745285511016846
(29,36): -0.024436564445495607
(30,8): -0.041129961013793945
(30,9): -0.02300966739654541
(31,10): -0.040711102485656736
(31,39): -0.0022534990310668947
(31,40): -0.009353170394897461
(32,11): 0.2678882741928101
(32,22): -0.009853715896606446
(32,33): 0.021919970512390138
(33,22): -0.02254483222961426
(33,32): -0.03684195041656494
(34,13): -0.08630013465881348
(34,35): -0.016836862564086914
(35,10): 0.1898285150527954
(35,14): 0.038494505882263184
(35,16): 0.03171440124511719
(35,21): -0.016604533195495607
(35,23): 0.0015031909942626953
(35,34): -0.10369692802429199
(35,39): -0.03050617694854736
(36,14): 0.013735222816467284
(36,15): -0.03966595649719238
(36,29): -0.02948829174041748
(37,8): -0.014042572975158691
(37,17): -0.015765647888183593
(37,19): -0.09195341110229492
(37,26): -0.013139967918395995
(38,12): -0.012395386695861816
(38,14): -0.028704724311828612
(38,17): 0.01904667854309082
(38,21): 0.014436874389648437
(38,24): -0.039690985679626464
(39,14): 0.006378302574157715
(39,20): -0.010097265243530273
(39,22): -0.07860801219940186
(39,25): 0.024121341705322267
(39,31): -0.027584915161132813
(39,35): -0.02881873607635498
(40,12): -0.041723895072937014
(40,15): -0.12484838962554931
(40,20): 0.09419621467590332
(40,22): -0.03665394783020019
(40,31): -0.019927349090576172
