Interaction name: 5jo0

Affinity: 7.300000190734863
Predicted value: 6.620102882385254

Attributions for edges: 

(0,1): 0.4730512201786041
(0,2): 0.40742239356040955
(0,7): 0.4293161630630493
(0,8): 0.3905470371246338
(0,9): 0.4557979702949524
(0,10): 0.5297830700874329
(0,20): 0.5176370739936829
(0,23): 0.47845259308815
(0,24): 0.51050865650177
(0,25): 0.6008971929550171
(0,26): 0.46475890278816223
(0,27): 0.4041298031806946
(1,0): 0.5126348733901978
(1,2): 0.4976704716682434
(1,6): 0.5499119758605957
(1,8): 0.5068058371543884
(1,9): 0.4490668475627899
(1,20): 0.4856351912021637
(1,23): 0.42708390951156616
(1,24): 0.4294498860836029
(1,25): 0.46926382184028625
(1,26): 0.5599128007888794
(1,27): 0.5073497295379639
(1,29): 0.4338551163673401
(2,0): 0.5155493021011353
(2,1): 0.5796695351600647
(2,6): 0.48675787448883057
(2,7): 0.45185038447380066
(2,9): 0.5149880647659302
(2,20): 0.5596785545349121
(2,24): 0.37604039907455444
(2,25): 0.5324040055274963
(2,26): 0.5446168184280396
(2,27): 0.46507954597473145
(2,29): 0.460590124130249
(3,4): 0.5446577668190002
(3,19): 0.5308027267456055
(3,23): 0.4597738981246948
(3,25): 0.5129759907722473
(3,28): 0.40611687302589417
(3,29): 0.42860889434814453
(3,30): 0.5184734463691711
(4,3): 0.5028509497642517
(4,5): 0.5209857821464539
(4,19): 0.41960379481315613
(4,20): 0.4438602030277252
(4,23): 0.5239999890327454
(4,24): 0.4777989983558655
(4,25): 0.529256284236908
(4,27): 0.524490475654602
(4,28): 0.45787274837493896
(4,29): 0.5909408330917358
(5,4): 0.5482503175735474
(5,19): 0.4526345431804657
(6,1): 0.45156988501548767
(6,2): 0.4823974370956421
(6,7): 0.4939776659011841
(6,8): 0.4228969216346741
(6,9): 0.4950832724571228
(6,10): 0.46648159623146057
(6,20): 0.46034735441207886
(7,0): 0.5259363055229187
(7,2): 0.5694105625152588
(7,6): 0.47862911224365234
(7,8): 0.5063754916191101
(7,9): 0.4431617558002472
(7,20): 0.5009170770645142
(8,0): 0.46152305603027344
(8,1): 0.4168427586555481
(8,6): 0.5315520763397217
(8,7): 0.5540542006492615
(8,9): 0.4084978997707367
(8,20): 0.5641934871673584
(9,0): 0.4516858160495758
(9,1): 0.5325978398323059
(9,2): 0.42249858379364014
(9,6): 0.49309563636779785
(9,7): 0.4075999855995178
(9,8): 0.39026743173599243
(9,10): 0.5282359719276428
(9,18): 0.47370731830596924
(9,19): 0.5385087132453918
(9,20): 0.5101526975631714
(9,32): 0.5263005495071411
(9,34): 0.4350228011608124
(9,38): 0.5163982510566711
(10,0): 0.5193599462509155
(10,6): 0.5110398530960083
(10,9): 0.5227300524711609
(10,11): 0.5496475100517273
(10,12): 0.5139957070350647
(10,18): 0.5211589336395264
(10,19): 0.4817550480365753
(10,20): 0.42305654287338257
(10,21): 0.3729138970375061
(10,34): 0.4525889754295349
(11,10): 0.48174193501472473
(11,12): 0.4599514901638031
(11,13): 0.5384794473648071
(11,15): 0.4736226797103882
(11,16): 0.643255352973938
(11,18): 0.4889129400253296
(11,20): 0.4779365658760071
(11,21): 0.4704562723636627
(11,22): 0.5814781785011292
(11,33): 0.43957480788230896
(11,37): 0.5372283458709717
(11,39): 0.5131858587265015
(12,10): 0.3824426829814911
(12,11): 0.5653023719787598
(12,13): 0.4535517394542694
(12,14): 0.5312228798866272
(12,15): 0.3909495770931244
(12,16): 0.4623990058898926
(12,18): 0.5073254108428955
(12,21): 0.5121108293533325
(12,22): 0.5024233460426331
(13,11): 0.5378290414810181
(13,12): 0.37144380807876587
(13,14): 0.5584278106689453
(13,15): 0.5261217355728149
(13,16): 0.612962007522583
(13,17): 0.4349169135093689
(13,21): 0.5526095628738403
(13,22): 0.45104146003723145
(13,40): 0.5831217169761658
(14,12): 0.4942197799682617
(14,13): 0.5104328393936157
(14,15): 0.47824037075042725
(14,16): 0.48427659273147583
(14,17): 0.47886228561401367
(14,21): 0.5187011361122131
(14,22): 0.38953307271003723
(14,38): 0.43462079763412476
(14,42): 0.5743029713630676
(15,11): 0.4248042106628418
(15,12): 0.3388284742832184
(15,13): 0.457999050617218
(15,14): 0.4414956569671631
(15,16): 0.5314072370529175
(15,17): 0.538543164730072
(15,21): 0.5517048239707947
(15,38): 0.4513726532459259
(16,11): 0.4892368018627167
(16,12): 0.46592092514038086
(16,13): 0.4729614555835724
(16,14): 0.5260677933692932
(16,15): 0.5586445927619934
(16,17): 0.40582990646362305
(16,18): 0.4958197772502899
(16,21): 0.4493851065635681
(16,22): 0.42709678411483765
(16,35): 0.41379672288894653
(16,38): 0.4684048295021057
(17,13): 0.4818192422389984
(17,14): 0.44030332565307617
(17,15): 0.519118070602417
(17,16): 0.5401055216789246
(17,21): 0.5942058563232422
(17,22): 0.4730563461780548
(17,41): 0.4955068528652191
(18,9): 0.5381484031677246
(18,10): 0.5650465488433838
(18,11): 0.5549767017364502
(18,12): 0.48215335607528687
(18,16): 0.5626893043518066
(18,19): 0.5218539834022522
(18,20): 0.4298405945301056
(18,21): 0.534630298614502
(18,32): 0.5038836598396301
(18,33): 0.4768335223197937
(18,39): 0.5005578398704529
(18,42): 0.49010834097862244
(19,3): 0.5228325724601746
(19,4): 0.42422911524772644
(19,5): 0.5170835256576538
(19,9): 0.450781911611557
(19,10): 0.4198014736175537
(19,18): 0.3887176215648651
(19,20): 0.43324798345565796
(19,35): 0.4169130027294159
(19,36): 0.5239049196243286
(19,40): 0.5307528972625732
(20,0): 0.5687150955200195
(20,1): 0.546409010887146
(20,2): 0.537512481212616
(20,4): 0.43606191873550415
(20,6): 0.5085404515266418
(20,7): 0.45579835772514343
(20,8): 0.49091482162475586
(20,9): 0.4382913112640381
(20,10): 0.4147524833679199
(20,11): 0.49028638005256653
(20,18): 0.45525598526000977
(20,19): 0.4509292542934418
(21,10): 0.42308539152145386
(21,11): 0.5311644673347473
(21,12): 0.3355453312397003
(21,13): 0.4400230348110199
(21,14): 0.45319339632987976
(21,15): 0.48360687494277954
(21,16): 0.564430296421051
(21,17): 0.47668763995170593
(21,18): 0.467861145734787
(21,22): 0.5355062484741211
(21,42): 0.5109614729881287
(22,11): 0.3975275158882141
(22,12): 0.4570985734462738
(22,13): 0.5236971974372864
(22,14): 0.4054886996746063
(22,16): 0.41492271423339844
(22,17): 0.4745715260505676
(22,21): 0.5424351096153259
(23,0): 0.5096220970153809
(23,1): 0.5006231665611267
(23,3): 0.5759071111679077
(23,4): 0.49712949991226196
(23,27): 0.5015261173248291
(23,32): 0.4719732403755188
(24,0): 0.5605984926223755
(24,1): 0.4572645127773285
(24,2): 0.49884122610092163
(24,4): 0.5798235535621643
(25,0): 0.5054956078529358
(25,1): 0.5917128920555115
(25,2): 0.5349758863449097
(25,3): 0.49987033009529114
(25,4): 0.5606334209442139
(26,0): 0.5976629853248596
(26,1): 0.4834919273853302
(26,2): 0.46186915040016174
(26,27): 0.42860573530197144
(26,34): 0.5038354396820068
(27,0): 0.47985905408859253
(27,1): 0.5193844437599182
(27,2): 0.5510191321372986
(27,4): 0.48912864923477173
(27,23): 0.5469139218330383
(27,26): 0.4630853533744812
(27,32): 0.4616023004055023
(28,3): 0.5171902179718018
(28,4): 0.5331798195838928
(28,29): 0.5150298476219177
(28,40): 0.5706750750541687
(29,1): 0.5178858041763306
(29,2): 0.4884841740131378
(29,3): 0.46124646067619324
(29,4): 0.543738603591919
(29,28): 0.5563198328018188
(29,30): 0.48339027166366577
(29,40): 0.5358427166938782
(30,3): 0.4885350465774536
(30,29): 0.45042237639427185
(32,9): 0.5133399963378906
(32,18): 0.4732324779033661
(32,23): 0.5403072834014893
(32,27): 0.5154004693031311
(32,37): 0.4535154402256012
(33,11): 0.47359299659729004
(33,18): 0.48669591546058655
(33,35): 0.4568985402584076
(34,9): 0.5191837549209595
(34,10): 0.49944835901260376
(34,26): 0.47269201278686523
(35,16): 0.5133978724479675
(35,19): 0.46526867151260376
(35,33): 0.6045898795127869
(36,19): 0.5376128554344177
(37,11): 0.5168072581291199
(37,32): 0.5998286604881287
(38,9): 0.4339457154273987
(38,14): 0.6091379523277283
(38,15): 0.4708361029624939
(38,16): 0.5159608721733093
(38,41): 0.5912535190582275
(39,11): 0.5049525499343872
(39,18): 0.4498036503791809
(40,13): 0.5333737730979919
(40,19): 0.5641880631446838
(40,28): 0.5619330406188965
(40,29): 0.4970890283584595
(41,17): 0.5321618914604187
(41,38): 0.5205626487731934
(42,14): 0.4206336736679077
(42,18): 0.45800715684890747
(42,21): 0.5477114915847778
