Interaction name: 6h29

Affinity: 5.619999885559082
Predicted value: 6.37429141998291

Shapley values for edges: 

(0,1): 0.016816411018371582
(0,2): 0.004607772827148438
(0,5): 0.007662582397460938
(0,7): 0.026781272888183594
(0,8): -0.0230631160736084
(0,10): -0.04529532432556152
(1,0): 0.0029802942276000977
(1,2): 0.017426562309265137
(1,5): -0.014804463386535644
(1,7): 0.014870247840881347
(1,8): 0.009603214263916016
(1,9): 0.01988726615905762
(1,10): -0.00016219615936279296
(2,0): 0.024922447204589845
(2,1): 0.0026826000213623045
(2,5): 0.0019311714172363281
(2,8): -0.009651098251342773
(2,11): -0.06943858623504638
(2,12): -0.11700783729553223
(2,13): -0.02238898754119873
(3,4): -0.006221528053283691
(3,5): 0.010635304450988769
(3,6): -0.00776193618774414
(3,7): -0.004258685111999512
(3,8): 0.0003742122650146484
(3,9): 0.0013634157180786133
(4,3): -0.0021123266220092773
(4,5): -0.012100672721862793
(4,6): -0.014621429443359375
(4,7): 0.005134272575378418
(4,8): 0.013797221183776855
(4,9): -0.0060677194595336915
(4,16): -0.014431657791137696
(4,18): -0.007482929229736328
(5,0): -0.021042284965515138
(5,1): -0.014246034622192382
(5,2): -0.03530993938446045
(5,3): 0.003508596420288086
(5,4): -0.0024247217178344728
(5,7): -0.017856183052062987
(5,8): -0.005201573371887207
(5,9): -0.003874697685241699
(5,14): 0.0071759986877441406
(5,17): 0.004523787498474121
(6,3): -0.005371975898742676
(6,4): -0.00585498332977295
(6,7): -0.009794154167175294
(6,8): 0.006760821342468261
(6,9): 0.004813051223754883
(7,0): -0.01631991386413574
(7,1): -0.023017816543579102
(7,3): 0.002032032012939453
(7,4): -0.0006219911575317383
(7,5): -0.017607131004333497
(7,6): 0.004230561256408691
(7,8): 0.008023056983947754
(7,9): 0.001101984977722168
(7,16): -0.0010938596725463866
(7,17): 0.00565521240234375
(8,0): -0.03218055248260498
(8,1): 0.0022446870803833007
(8,2): -0.06014897346496582
(8,3): 0.005374979972839355
(8,4): 0.0018560409545898438
(8,5): -0.011512570381164551
(8,6): -0.0012325668334960938
(8,7): -0.009714159965515137
(8,9): -0.0032145500183105467
(9,1): -0.02864500045776367
(9,3): 0.003819851875305176
(9,4): -0.0031102705001831055
(9,5): -0.010189223289489745
(9,6): 0.0013565301895141601
(9,7): -0.009243941307067871
(9,8): -0.009400219917297363
(9,14): -0.0010596418380737305
(9,15): -0.008924250602722167
(9,18): -0.003920192718505859
(10,0): -0.013759827613830567
(10,1): -0.02076179027557373
(10,12): -0.026093769073486327
(11,2): -0.027749028205871582
(11,12): 0.031189045906066894
(11,13): 0.03643890857696533
(12,2): -0.03598928451538086
(12,10): -0.052832932472229005
(12,11): -0.0041439104080200195
(13,2): -0.02919591426849365
(13,11): 0.012973666191101074
(14,5): 0.0029684209823608396
(14,9): 0.00047935009002685546
(15,9): -0.00195955753326416
(15,17): 0.009441628456115722
(16,4): -0.0018976306915283203
(16,7): -0.005333943367004395
(16,18): -0.0007627677917480469
(17,5): 0.0012154531478881835
(17,7): 0.003032231330871582
(17,15): -0.0005573797225952149
(18,4): 0.004210081100463867
(18,9): 0.009271526336669922
(18,16): -0.003210306167602539
