Interaction name: 5j64

Affinity: 6.849999904632568
Predicted value: 6.922719955444336

Shapley values for edges: 

(0,7): -0.04034173965454101
(0,8): -0.008031320571899415
(0,13): -0.026855368614196778
(0,14): -0.06466914176940917
(0,17): -0.0216633939743042
(0,19): 0.03553064346313477
(0,20): 0.022819099426269532
(1,2): -0.006114301681518555
(1,7): -0.01783255100250244
(1,8): -0.019904279708862306
(1,12): -0.025985569953918458
(1,13): -0.01894014358520508
(1,17): -0.020173707008361817
(1,19): 0.023776254653930663
(1,20): 0.015323395729064942
(2,1): -0.0033244991302490232
(2,3): 0.06055345058441162
(2,5): -0.08723034858703613
(2,6): -0.017844529151916505
(2,8): 0.0021814489364624023
(2,12): -0.033861088752746585
(2,13): -0.012952065467834473
(3,2): -0.010967607498168946
(3,6): -0.022663335800170898
(3,9): 0.003085474967956543
(3,11): 0.010396323204040527
(3,16): 0.0266811466217041
(3,19): 0.04176058292388916
(4,7): 0.012495975494384765
(4,8): 0.039765734672546384
(4,13): 0.03677631378173828
(4,14): -0.005862603187561035
(4,17): 0.039648118019104006
(5,2): -0.008018980026245117
(5,7): 0.04005364894866943
(5,8): 0.03226987361907959
(5,12): 0.03023849964141846
(5,13): 0.03325645923614502
(5,17): 0.024584946632385255
(6,2): -0.010235071182250977
(6,3): 0.03196332931518555
(6,12): 0.03793076038360596
(6,16): 0.031857452392578124
(6,21): 0.04406611442565918
(7,0): -0.0036760520935058593
(7,1): -0.016597094535827635
(7,4): -0.04680722713470459
(7,5): -0.037972850799560545
(7,8): 0.012007026672363282
(7,12): 0.01107804775238037
(7,13): 0.010271105766296387
(7,14): -0.019966831207275392
(7,17): 0.02392022132873535
(7,25): 0.00042047977447509763
(8,0): -0.0023822641372680665
(8,1): -0.011618027687072754
(8,2): -0.04165266513824463
(8,4): -0.04686229228973389
(8,5): -0.023429102897644043
(8,7): 0.011472864151000977
(8,12): 0.01000044345855713
(8,13): 0.021714377403259277
(8,14): 0.002063288688659668
(8,17): 0.018753180503845213
(8,23): 0.05078251838684082
(8,27): 0.02923088550567627
(8,30): 0.014069314002990723
(9,3): -0.028859963417053224
(9,10): -0.004012613296508789
(9,11): -0.01192777156829834
(9,13): 0.009483909606933594
(9,15): -0.004443440437316894
(9,16): 0.030752897262573242
(9,18): 0.023976521492004396
(9,24): -0.00577362060546875
(9,28): 0.009710702896118164
(10,9): 0.013742084503173829
(10,11): 0.006570363044738769
(10,15): -0.00624269962310791
(10,16): 0.012689733505249023
(10,18): 0.02441439628601074
(10,24): -0.006042246818542481
(10,25): -0.0012624645233154297
(11,3): -0.029496960639953614
(11,9): 0.0015058612823486328
(11,10): 0.02186485767364502
(11,12): 0.0007562685012817383
(11,13): 0.004337964057922364
(11,15): 0.017780470848083495
(11,16): 0.009074163436889649
(11,18): 0.01855301856994629
(11,22): 0.013837580680847167
(11,24): 0.01871388912200928
(11,25): 0.010049595832824706
(11,27): 0.021356019973754883
(11,28): 0.01300351619720459
(12,1): -0.01657796382904053
(12,2): -0.03743251800537109
(12,5): -0.03666823387145996
(12,6): -0.031869330406188966
(12,7): 0.014463834762573242
(12,8): 0.03002449035644531
(12,11): -0.026009864807128906
(12,13): 0.004694266319274902
(12,14): -0.022209291458129884
(12,17): 0.020848145484924318
(12,25): 0.0033558368682861327
(13,0): -0.009260821342468261
(13,1): -0.013334717750549317
(13,2): -0.038436722755432126
(13,4): -0.03913294792175293
(13,5): -0.026530370712280274
(13,7): 0.007039685249328614
(13,8): 0.019086685180664063
(13,9): -0.0031779670715332033
(13,11): -0.041904268264770506
(13,12): 0.028953943252563476
(13,14): 0.009562835693359376
(13,17): 0.013780207633972167
(13,24): 0.010455470085144043
(13,30): 0.007036538124084473
(14,0): 0.0028729629516601562
(14,4): -0.06206479072570801
(14,7): 0.0031431055068969725
(14,8): 0.023131537437438964
(14,12): 0.021080145835876463
(14,13): -0.0030432748794555664
(14,17): 0.016479172706604005
(15,9): -0.003141164779663086
(15,10): -0.0019943857192993163
(15,11): -0.009874553680419921
(15,16): 0.03325644493103028
(15,18): 0.016474199295043946
(16,3): 0.01151442050933838
(16,6): -0.01962678909301758
(16,9): -0.006928367614746094
(16,10): -0.010509543418884278
(16,11): -0.01812952995300293
(16,15): 0.0015340471267700196
(16,26): 0.043994994163513185
(17,0): -0.002948141098022461
(17,1): -0.01951280117034912
(17,4): -0.0434503698348999
(17,5): -0.03405765056610108
(17,7): 0.007533502578735351
(17,8): 0.027598938941955566
(17,12): 0.03220793724060059
(17,13): 0.021902313232421877
(17,14): -0.018484840393066405
(17,22): 0.021186261177062987
(17,28): 0.015203204154968262
(17,30): 0.011479072570800782
(18,9): -0.004215073585510254
(18,10): -0.012813334465026855
(18,11): -0.029326915740966797
(18,15): -0.004887228012084961
(18,28): -0.000547189712524414
(18,29): -0.004655938148498535
(18,30): -0.01038405418395996
(19,0): 0.007992677688598633
(19,1): 0.002410540580749512
(19,3): 0.05902829170227051
(20,0): -0.0004398393630981445
(20,1): -0.012273669242858887
(20,23): 0.0362465238571167
(21,6): 0.009594287872314453
(22,11): -0.06888104915618896
(22,17): 0.02777865409851074
(23,8): 0.022586140632629394
(23,20): -0.1006468915939331
(23,25): -0.019892492294311524
(24,9): 0.007946100234985352
(24,10): -0.01249875545501709
(24,11): -0.01731051445007324
(24,13): 0.02108497142791748
(25,7): 0.0003821039199829102
(25,10): -0.0063213777542114255
(25,11): -0.02148719787597656
(25,12): 0.01878274917602539
(25,23): -0.013051233291625976
(25,30): -0.008780817985534668
(26,16): -0.005012855529785156
(26,30): -0.029093856811523437
(27,8): 0.011122088432312011
(27,11): -0.03794775009155273
(28,9): 0.015384678840637206
(28,11): -0.02351686954498291
(28,17): 0.02028177261352539
(28,18): 0.027161383628845216
(29,18): -0.0569495677947998
(30,8): 0.026112766265869142
(30,13): 0.007233805656433105
(30,17): 0.017104148864746094
(30,18): 0.016612119674682617
(30,25): -0.015200929641723633
(30,26): 0.027253541946411133
