Interaction name: 6e9w

Affinity: 6.550000190734863
Predicted value: 6.767154693603516

Attributions for edges: 

(0,18): 1.4212897492318624e-18
(0,19): 9.422854605085524e-21
(0,20): 8.39617372324436e-17
(0,22): 8.280665610982396e-07
(0,23): 2.968346707280943e-15
(1,4): 2.4551452884602476e-11
(1,7): 4.051136054221416e-13
(1,9): 1.8160390454890346e-13
(1,10): 3.3995667338051344e-15
(1,11): 7.905247323650058e-17
(1,23): 2.774389086229599e-17
(1,24): 3.591820978216995e-16
(2,3): 3.549816922099692e-21
(2,6): 4.030904762463749e-20
(2,11): 1.057347568611321e-22
(2,12): 9.125069382618042e-22
(2,13): 2.6587307507235822e-21
(2,14): 4.6124172567325024e-21
(2,15): 4.499436926052886e-22
(2,16): 1.9595319758785088e-17
(2,24): 3.923041884810094e-22
(2,25): 9.67054233627564e-16
(3,2): 2.2571068963994194e-21
(3,5): 2.0745224473735373e-18
(3,6): 7.206366800406433e-21
(3,11): 1.8903109418072894e-23
(3,12): 1.631367002569694e-22
(3,14): 8.246046093551338e-22
(3,15): 8.044029796668038e-23
(3,16): 3.503209569425885e-18
(3,24): 7.013531329846967e-23
(3,25): 1.7288793456874464e-16
(4,1): 1.7623541515021657e-11
(4,7): 1.589772760592252e-14
(4,9): 7.126616733809515e-15
(4,10): 1.3340799359501772e-16
(4,11): 3.1022279772265168e-18
(4,13): 7.800639416408642e-17
(4,15): 1.3201269872031838e-17
(5,3): 2.7046878699656756e-17
(5,6): 3.071215999988781e-16
(5,11): 8.0561451471891e-19
(5,13): 2.0257408355962332e-17
(5,14): 3.514294368660524e-17
(5,15): 3.428212412008152e-18
(5,26): 2.3165988194602554e-36
(6,2): 5.616396092991376e-20
(6,3): 1.579163398841596e-20
(6,5): 5.162068258240452e-17
(6,11): 4.7036738979388195e-22
(6,12): 4.059341600180317e-21
(6,13): 1.1827521960152594e-20
(6,14): 2.051869169258235e-20
(6,15): 2.001601589225908e-21
(6,34): 9.040059408117145e-34
(7,1): 6.758490116295576e-14
(7,4): 3.694814890647198e-15
(7,8): 8.564403425221016e-28
(7,9): 2.7330019314611208e-17
(7,10): 5.116091409125162e-19
(7,17): 4.500221905762453e-24
(7,21): 1.1069224577467306e-26
(7,30): 1.9380705137185872e-24
(7,32): 5.851923691546033e-28
(7,36): 7.920236916854194e-20
(8,7): 3.8320887790902513e-31
(8,9): 1.7178479310854673e-31
(8,10): 3.215780793761331e-33
(8,17): 2.82866836683809e-38
(8,18): 1.370319819044142e-38
(8,19): 0.0
(8,20): 8.095071191248565e-37
(8,21): 0.0
(8,22): 7.314245898243312e-27
(8,35): 2.9249332223883635e-32
(8,36): 4.978321890665565e-34
(8,37): 5.888921768742684e-27
(9,1): 1.724734416429837e-14
(9,4): 9.428955834224506e-16
(9,7): 1.5558339225475166e-17
(9,8): 2.185594893586703e-28
(9,10): 1.30560210406718e-19
(9,17): 1.1484393844312403e-24
(9,19): 3.6884836367780914e-27
(9,21): 2.824813256948263e-27
(10,1): 1.2021366873140888e-16
(10,4): 6.571977263694019e-18
(10,7): 1.0844196951372117e-19
(10,8): 1.5233644125922033e-30
(10,9): 4.86123447745816e-20
(10,17): 8.004617827596272e-27
(10,19): 2.570881452118434e-29
(10,21): 1.9689082748024523e-29
(10,33): 7.532228516502042e-24
(10,39): 3.136665248505191e-33
(11,1): 1.0564223455886767e-18
(11,2): 2.2204506505919122e-23
(11,3): 6.243221908761857e-24
(11,4): 5.775369866966411e-20
(11,5): 2.040831316400767e-20
(11,6): 7.089304890781428e-23
(11,13): 4.676010881020998e-24
(11,14): 8.112065736527548e-24
(11,15): 7.913361042225625e-25
(11,16): 3.446290017780495e-20
(11,33): 6.619226468822953e-26
(12,2): 3.082333506801102e-22
(12,3): 8.666603871778254e-23
(12,6): 9.841066298358538e-22
(12,14): 1.1260817765896967e-22
(12,15): 1.0985027733582814e-23
(12,16): 4.78399080089431e-19
(12,30): 4.205314255888195e-28
(12,31): 3.932103129842394e-31
(12,34): 4.961330171481896e-36
(13,2): 1.6681699512620233e-21
(13,4): 4.3389097286979024e-18
(13,5): 1.5332264146619523e-18
(13,6): 5.326020882082528e-21
(13,11): 1.3970751875013086e-23
(13,14): 6.094418255794676e-22
(13,15): 5.94513598513908e-23
(13,29): 8.716387038618228e-34
(13,32): 6.872105954709429e-31
(13,33): 4.972862395099286e-24
(13,36): 9.300959111191402e-23
(13,37): 1.1002266594190165e-15
(14,2): 3.0597134189039815e-21
(14,3): 8.602970185977547e-22
(14,5): 2.8122143185623625e-18
(14,6): 9.768847130092836e-21
(14,11): 2.5624784932182157e-23
(14,12): 2.2114659035346794e-22
(14,13): 6.443425466393832e-22
(14,15): 1.0904371281417215e-22
(14,16): 4.748900972129198e-18
(14,30): 4.174468561898889e-27
(15,2): 1.5175996285203818e-22
(15,3): 4.267021211543733e-23
(15,4): 3.9472614221451233e-19
(15,5): 1.394830593731158e-19
(15,6): 4.845271022546881e-22
(15,11): 1.2709691059270808e-24
(15,12): 1.0968654925494951e-23
(15,13): 3.195887572861642e-23
(15,14): 5.544288622381144e-23
(15,16): 2.35542652104801e-19
(15,39): 1.883943788693134e-34
(16,2): 1.845725687876605e-16
(16,3): 5.189630908867454e-17
(16,11): 1.5457762955180303e-18
(16,12): 1.334033464943364e-17
(16,14): 6.743067165691425e-17
(16,15): 6.5779217971661315e-18
(16,32): 7.603556629298834e-26
(17,7): 2.1006096333016204e-26
(17,8): 2.9508930941166923e-37
(17,9): 9.416574077352909e-27
(17,10): 1.7627590205970515e-28
(17,18): 7.5115305837868265e-34
(17,19): 4.980026587062998e-36
(17,20): 4.4374200569459106e-32
(17,21): 3.8139514730478214e-36
(18,0): 3.622343001433735e-22
(18,8): 8.897783380488747e-38
(18,17): 4.675416281912855e-34
(18,19): 1.5016198652503525e-36
(18,20): 1.3380189344509462e-32
(18,21): 1.1500063236312746e-36
(18,22): 1.2089530661872296e-22
(18,27): 1.5238659480715296e-28
(18,37): 9.733647424438955e-23
(18,38): 0.0
(19,0): 7.089109371606069e-25
(19,8): 0.0
(19,9): 5.556824730913345e-30
(19,10): 1.0402197539734446e-31
(19,17): 9.149991992798733e-37
(19,18): 4.4326550130940575e-37
(19,20): 2.618560603250498e-35
(19,21): 0.0
(19,22): 2.365973320613752e-25
(19,36): 1.6103549677239583e-32
(20,0): 7.888426006187848e-20
(20,8): 1.9376824772136846e-35
(20,17): 1.0181718292811165e-31
(20,18): 4.932430132031982e-32
(20,19): 3.2700983214141654e-34
(20,21): 2.5044033418076053e-34
(20,22): 2.632753523249331e-20
(20,35): 1.0528180781910378e-25
(21,7): 9.014045023122412e-30
(21,8): 0.0
(21,9): 4.040814305019434e-30
(21,10): 7.564274996941123e-32
(21,17): 6.653746261796528e-37
(21,18): 3.2233153807226256e-37
(21,19): 0.0
(21,20): 1.904180601229324e-35
(21,28): 0.0
(21,38): 0.0
(21,39): 0.0
(22,0): 8.066905365922139e-07
(22,8): 1.8011629384224026e-22
(22,18): 4.584915310822704e-19
(22,19): 3.0397035644571543e-21
(22,20): 2.708528634985882e-17
(23,0): 7.130832729851377e-11
(23,1): 1.3300148742761975e-12
(23,27): 3.6416662863593996e-17
(24,1): 1.817991178605649e-12
(24,2): 2.969000365253317e-17
(24,3): 8.160571012657208e-18
(24,26): 1.1895750462073319e-36
(24,33): 1.3679253810851343e-19
(25,2): 1.0593857605392665e-12
(25,3): 2.9118246984601026e-13
(25,30): 2.5000237408805085e-18
(25,31): 2.3743052221630422e-21
(26,5): 2.083871125784058e-28
(26,24): 1.0601492615214383e-32
(26,33): 9.182139940933096e-34
(27,18): 2.198220159007775e-21
(27,23): 8.191728424790243e-18
(28,21): 8.779314872980125e-36
(28,37): 1.6984065732405867e-21
(29,13): 4.893236787537883e-27
(29,35): 1.2486699309849392e-25
(30,7): 9.540923489976245e-19
(30,12): 1.4285769656670038e-21
(30,14): 7.271840892388133e-21
(30,25): 2.4596631883897413e-15
(31,12): 1.8979991801895734e-23
(31,25): 3.2678944695377184e-17
(32,7): 1.7495604542771477e-22
(32,13): 7.618919695428013e-25
(32,16): 6.710873900480449e-21
(32,35): 1.944217436221205e-23
(33,10): 2.3103968764521545e-19
(33,11): 4.786030269624522e-21
(33,13): 1.3036761949566093e-19
(33,24): 3.4238175238654754e-20
(33,26): 2.578815449350511e-38
(34,6): 2.2371029077250682e-26
(34,12): 4.800513275551348e-28
(35,8): 8.999529201261012e-26
(35,20): 1.403433724466107e-20
(35,29): 1.5755766855958408e-28
(35,32): 1.2618668343721881e-25
(36,7): 2.96066655366907e-16
(36,8): 2.8194626383767662e-27
(36,13): 1.2892997442116494e-18
(36,19): 4.758220393232989e-26
(37,8): 1.7499209321563975e-22
(37,13): 6.112335437053959e-14
(37,18): 4.454477200029217e-19
(37,28): 1.3391756460477345e-28
(38,18): 2.8855398864324205e-29
(38,21): 1.2545626852865628e-31
(39,10): 8.504282941260843e-26
(39,15): 7.746600992946714e-27
(39,21): 1.1357303156698466e-33
