Interaction name: 5j6d

Affinity: 8.220000267028809
Predicted value: 8.026200294494629

Attributions for edges: 

(0,1): 0.5071447491645813
(0,7): 0.5312798619270325
(0,10): 0.46623197197914124
(0,12): 0.418907105922699
(0,24): 0.48642903566360474
(0,41): 0.5263603925704956
(0,42): 0.5276750326156616
(0,43): 0.46744316816329956
(0,47): 0.41138753294944763
(1,0): 0.48508140444755554
(1,7): 0.44257956743240356
(1,9): 0.4781591594219208
(1,12): 0.46507665514945984
(1,24): 0.48988738656044006
(1,41): 0.4881622791290283
(1,42): 0.3995932340621948
(1,43): 0.4109937250614166
(1,44): 0.49908187985420227
(1,47): 0.5609083771705627
(2,5): 0.4257432222366333
(2,8): 0.46252864599227905
(2,11): 0.5311440825462341
(2,13): 0.5073538422584534
(2,14): 0.4100314974784851
(2,31): 0.4286505877971649
(2,32): 0.4249548017978668
(3,8): 0.5166967511177063
(3,13): 0.40492329001426697
(3,15): 0.42265763878822327
(3,16): 0.44941169023513794
(3,18): 0.4150211811065674
(3,19): 0.4396977424621582
(3,23): 0.4300697147846222
(3,28): 0.44145697355270386
(3,33): 0.5982358455657959
(3,35): 0.4289707541465759
(3,37): 0.5197378396987915
(3,39): 0.42545491456985474
(4,15): 0.48539096117019653
(4,16): 0.4691307246685028
(4,17): 0.40707072615623474
(4,33): 0.5026085376739502
(4,34): 0.5370609164237976
(4,35): 0.41201022267341614
(4,39): 0.45172402262687683
(5,2): 0.4970119893550873
(5,6): 0.47666028141975403
(5,8): 0.44006845355033875
(5,11): 0.424354612827301
(5,13): 0.4201419949531555
(5,14): 0.41389626264572144
(5,31): 0.5151599049568176
(5,32): 0.4073498547077179
(5,43): 0.49359431862831116
(5,45): 0.5280451774597168
(6,5): 0.44668516516685486
(6,8): 0.4255746901035309
(6,11): 0.497883141040802
(6,13): 0.4198169708251953
(6,19): 0.47314414381980896
(6,20): 0.5116386413574219
(6,22): 0.45600947737693787
(6,26): 0.48703527450561523
(6,45): 0.5038228631019592
(7,0): 0.5021747350692749
(7,1): 0.5100775361061096
(7,9): 0.5297834873199463
(7,10): 0.4588579535484314
(7,24): 0.5375311970710754
(7,25): 0.4365694224834442
(7,29): 0.43849438428878784
(7,30): 0.49318307638168335
(7,38): 0.43370628356933594
(7,45): 0.465990275144577
(7,46): 0.5134056806564331
(8,2): 0.4516944885253906
(8,3): 0.48700305819511414
(8,5): 0.505230188369751
(8,6): 0.4814198613166809
(8,11): 0.4740504026412964
(8,13): 0.4460724890232086
(8,19): 0.4164178669452667
(8,37): 0.4729023575782776
(8,46): 0.4837649464607239
(9,1): 0.4219754636287689
(9,7): 0.4971975088119507
(9,10): 0.5350095629692078
(9,12): 0.5157922506332397
(9,24): 0.5351992249488831
(10,0): 0.477688193321228
(10,7): 0.49757635593414307
(10,9): 0.4841015338897705
(10,12): 0.5318545699119568
(10,24): 0.4527661204338074
(11,2): 0.434857040643692
(11,5): 0.4669293463230133
(11,6): 0.5087263584136963
(11,8): 0.42374128103256226
(11,13): 0.5165388584136963
(11,19): 0.4679420590400696
(11,32): 0.37574321031570435
(11,45): 0.48996761441230774
(12,0): 0.531848132610321
(12,1): 0.5325915217399597
(12,9): 0.515778660774231
(12,10): 0.4680240750312805
(12,24): 0.47081854939460754
(12,25): 0.531334638595581
(12,29): 0.40139466524124146
(12,30): 0.5205540060997009
(12,38): 0.4076751172542572
(13,2): 0.48884353041648865
(13,3): 0.5023948550224304
(13,5): 0.5677029490470886
(13,6): 0.4328819811344147
(13,8): 0.47636350989341736
(13,11): 0.4684630334377289
(13,19): 0.4464857876300812
(13,20): 0.45309892296791077
(13,27): 0.38453543186187744
(13,28): 0.48776671290397644
(13,37): 0.4619334042072296
(13,40): 0.5292251706123352
(13,49): 0.4485214948654175
(13,51): 0.44720959663391113
(13,52): 0.4027799665927887
(13,63): 0.5560040473937988
(14,2): 0.46957531571388245
(14,5): 0.5565658807754517
(14,24): 0.43546465039253235
(14,25): 0.5163368582725525
(14,29): 0.48913395404815674
(14,30): 0.46294960379600525
(14,31): 0.4051927328109741
(14,32): 0.4590584933757782
(14,38): 0.49132218956947327
(14,51): 0.3875931203365326
(14,55): 0.5070576071739197
(14,68): 0.40668031573295593
(15,3): 0.5421537160873413
(15,4): 0.3571513593196869
(15,16): 0.5106932520866394
(15,23): 0.5419610142707825
(15,28): 0.5220699310302734
(15,33): 0.46665889024734497
(15,34): 0.4535522162914276
(15,35): 0.4961898922920227
(15,37): 0.4350263476371765
(15,39): 0.4738019108772278
(15,50): 0.46229463815689087
(15,52): 0.4304369390010834
(15,64): 0.4292326867580414
(16,3): 0.4776480495929718
(16,4): 0.4480789005756378
(16,15): 0.4742523729801178
(16,17): 0.4755651652812958
(16,23): 0.5804030895233154
(16,33): 0.46933475136756897
(16,34): 0.41127336025238037
(16,35): 0.42324331402778625
(16,39): 0.49264469742774963
(17,4): 0.49971500039100647
(17,16): 0.4846886992454529
(17,33): 0.4410969018936157
(17,34): 0.4809826612472534
(17,39): 0.5277674794197083
(17,53): 0.38740888237953186
(17,54): 0.46553152799606323
(17,65): 0.49742764234542847
(18,3): 0.5123494863510132
(18,19): 0.4259941279888153
(18,27): 0.4870229661464691
(18,28): 0.43429896235466003
(18,37): 0.5934587717056274
(18,40): 0.41580730676651
(18,66): 0.5089285969734192
(18,67): 0.5013412833213806
(19,3): 0.4741004407405853
(19,6): 0.415568470954895
(19,8): 0.47971296310424805
(19,11): 0.466743528842926
(19,13): 0.419467568397522
(19,18): 0.4428952932357788
(19,20): 0.4621920883655548
(19,21): 0.513343095779419
(19,22): 0.45943698287010193
(19,26): 0.4833243191242218
(19,27): 0.5062748789787292
(19,28): 0.44240403175354004
(19,37): 0.5011698603630066
(19,40): 0.46102550625801086
(19,55): 0.5135056376457214
(19,63): 0.4752824604511261
(20,6): 0.4589311480522156
(20,13): 0.45725756883621216
(20,19): 0.526045560836792
(20,21): 0.4890478849411011
(20,22): 0.513404369354248
(20,26): 0.5010318160057068
(20,27): 0.4361569285392761
(20,36): 0.3663439452648163
(20,40): 0.34959876537323
(20,51): 0.5162800550460815
(20,55): 0.42702430486679077
(20,56): 0.4288019835948944
(20,67): 0.44526660442352295
(21,19): 0.4717823266983032
(21,20): 0.5032526254653931
(21,22): 0.45118051767349243
(21,26): 0.4195215106010437
(21,36): 0.49970823526382446
(21,68): 0.4832538366317749
(21,69): 0.4611729085445404
(22,6): 0.46737825870513916
(22,19): 0.44335052371025085
(22,20): 0.4684901237487793
(22,21): 0.4879876971244812
(22,26): 0.48433881998062134
(22,36): 0.4999951124191284
(22,57): 0.49518030881881714
(22,58): 0.47776731848716736
(22,67): 0.43536290526390076
(22,70): 0.4577709138393402
(23,3): 0.43157002329826355
(23,15): 0.49460363388061523
(23,16): 0.4711174964904785
(23,28): 0.4293352961540222
(23,33): 0.5837134718894958
(23,34): 0.5023075342178345
(23,35): 0.5018386840820312
(23,37): 0.5016690492630005
(23,39): 0.4959017038345337
(23,59): 0.48867565393447876
(23,64): 0.42872121930122375
(23,65): 0.47836926579475403
(23,66): 0.4136033058166504
(24,0): 0.512561559677124
(24,1): 0.5032912492752075
(24,7): 0.38641929626464844
(24,9): 0.5351141691207886
(24,10): 0.4366642236709595
(24,12): 0.4686577320098877
(24,14): 0.49382561445236206
(24,25): 0.49857297539711
(24,29): 0.48492851853370667
(24,30): 0.4473364055156708
(24,31): 0.4936700761318207
(24,38): 0.5452290773391724
(24,57): 0.452998548746109
(24,60): 0.524495005607605
(24,61): 0.5114197134971619
(25,7): 0.48148706555366516
(25,12): 0.4512571096420288
(25,14): 0.49178990721702576
(25,24): 0.48483139276504517
(25,29): 0.4242658317089081
(25,30): 0.47034022212028503
(25,31): 0.4731876254081726
(25,32): 0.42567184567451477
(25,38): 0.4790637791156769
(26,6): 0.4842003285884857
(26,19): 0.5107152462005615
(26,20): 0.4322657585144043
(26,21): 0.4043131172657013
(26,22): 0.542072057723999
(26,27): 0.47232046723365784
(26,36): 0.4643478989601135
(26,40): 0.4072459638118744
(26,57): 0.5054423809051514
(26,61): 0.44043704867362976
(26,62): 0.42226752638816833
(26,64): 0.44639328122138977
(26,66): 0.510185718536377
(27,13): 0.42365139722824097
(27,18): 0.40158528089523315
(27,19): 0.4323705732822418
(27,20): 0.49417904019355774
(27,26): 0.5782022476196289
(27,28): 0.5044986009597778
(27,37): 0.5355111360549927
(27,56): 0.5612427592277527
(28,3): 0.4880540668964386
(28,13): 0.44322535395622253
(28,15): 0.46990886330604553
(28,18): 0.4554043412208557
(28,19): 0.5142291188240051
(28,23): 0.4340536296367645
(28,27): 0.44073355197906494
(28,33): 0.4588336944580078
(28,37): 0.5400365591049194
(28,39): 0.45559245347976685
(28,40): 0.48190295696258545
(28,53): 0.6036866903305054
(28,61): 0.5304208397865295
(28,65): 0.5105005502700806
(29,7): 0.5004975199699402
(29,12): 0.5211843252182007
(29,14): 0.4657610058784485
(29,24): 0.5127648711204529
(29,25): 0.523417055606842
(29,30): 0.45191943645477295
(29,31): 0.4435522258281708
(29,32): 0.4421622157096863
(29,38): 0.44079723954200745
(30,7): 0.4931428134441376
(30,12): 0.44484785199165344
(30,14): 0.4970720708370209
(30,24): 0.4633239507675171
(30,25): 0.5151708126068115
(30,29): 0.5607914924621582
(30,31): 0.4353780448436737
(30,32): 0.5245141386985779
(30,51): 0.4622555077075958
(31,2): 0.4794715642929077
(31,5): 0.47067874670028687
(31,14): 0.4763917624950409
(31,24): 0.4544031322002411
(31,25): 0.44060954451560974
(31,29): 0.45507705211639404
(31,30): 0.5043278932571411
(31,32): 0.40946197509765625
(31,38): 0.516954243183136
(31,54): 0.4946463108062744
(31,63): 0.4523825943470001
(32,2): 0.4245782792568207
(32,5): 0.48586922883987427
(32,11): 0.5032627582550049
(32,14): 0.5398372411727905
(32,25): 0.4637449383735657
(32,29): 0.5333468914031982
(32,30): 0.4996184706687927
(32,31): 0.5203027725219727
(32,38): 0.3845840096473694
(32,56): 0.4922961890697479
(32,61): 0.44289806485176086
(32,64): 0.4494902789592743
(32,65): 0.4281424880027771
(32,66): 0.4508756399154663
(33,3): 0.40392017364501953
(33,4): 0.4608009159564972
(33,15): 0.4527868330478668
(33,16): 0.4575096666812897
(33,17): 0.45070651173591614
(33,23): 0.4010566174983978
(33,28): 0.48567837476730347
(33,34): 0.5052841901779175
(33,35): 0.4540199637413025
(33,37): 0.4146072268486023
(33,54): 0.46601390838623047
(33,63): 0.48556751012802124
(33,66): 0.4430670440196991
(33,67): 0.34977206587791443
(34,4): 0.4597878158092499
(34,15): 0.4287511110305786
(34,16): 0.4981933832168579
(34,17): 0.4403672218322754
(34,23): 0.43650490045547485
(34,33): 0.5018972754478455
(34,35): 0.5288906693458557
(34,39): 0.45055630803108215
(34,63): 0.4953998625278473
(35,3): 0.362056165933609
(35,4): 0.5528200268745422
(35,15): 0.5544204115867615
(35,16): 0.454292893409729
(35,23): 0.4744345247745514
(35,33): 0.5033547878265381
(35,34): 0.45326852798461914
(35,39): 0.4916249215602875
(35,53): 0.4849487841129303
(36,20): 0.4918227791786194
(36,21): 0.484276682138443
(36,22): 0.40681618452072144
(36,26): 0.46000468730926514
(36,58): 0.42804697155952454
(36,68): 0.4585009217262268
(37,3): 0.5274492502212524
(37,8): 0.48120859265327454
(37,13): 0.453667014837265
(37,15): 0.4871304929256439
(37,18): 0.4713374376296997
(37,19): 0.5018133521080017
(37,23): 0.4557413160800934
(37,27): 0.4316503703594208
(37,28): 0.469916969537735
(37,33): 0.5433028936386108
(37,39): 0.41519874334335327
(37,40): 0.42645207047462463
(37,50): 0.39648374915122986
(37,52): 0.46002745628356934
(37,67): 0.5637070536613464
(38,7): 0.5258379578590393
(38,12): 0.5189208388328552
(38,14): 0.48411718010902405
(38,24): 0.3686143457889557
(38,25): 0.46140801906585693
(38,29): 0.4203553795814514
(38,31): 0.5842334032058716
(38,32): 0.492789626121521
(39,3): 0.4769694209098816
(39,4): 0.43842223286628723
(39,15): 0.463681161403656
(39,16): 0.4418414831161499
(39,17): 0.41583195328712463
(39,23): 0.4846251308917999
(39,28): 0.42917701601982117
(39,34): 0.44686171412467957
(39,35): 0.4578564465045929
(39,37): 0.4843818247318268
(40,13): 0.49301066994667053
(40,18): 0.464374303817749
(40,19): 0.4130534827709198
(40,20): 0.4502044916152954
(40,26): 0.5072986483573914
(40,28): 0.5126516222953796
(40,37): 0.4685383141040802
(41,0): 0.5539031028747559
(41,1): 0.5097576975822449
(41,46): 0.5706629157066345
(41,60): 0.48785141110420227
(42,0): 0.5230762362480164
(42,1): 0.4817151129245758
(42,44): 0.4544542729854584
(42,47): 0.4718044102191925
(42,60): 0.4812258183956146
(43,0): 0.4651104211807251
(43,1): 0.4382272958755493
(43,5): 0.5188660621643066
(43,61): 0.5346090197563171
(44,1): 0.4590994417667389
(44,42): 0.37618404626846313
(44,47): 0.42053109407424927
(44,60): 0.5295867919921875
(45,5): 0.5041994452476501
(45,6): 0.43464937806129456
(45,7): 0.5295238494873047
(45,11): 0.4892638027667999
(45,51): 0.5223920345306396
(45,57): 0.5090886354446411
(46,7): 0.502455472946167
(46,8): 0.4591697156429291
(46,41): 0.49944499135017395
(46,60): 0.5150067806243896
(47,0): 0.4824223518371582
(47,1): 0.49273115396499634
(47,42): 0.4730561375617981
(47,44): 0.4571278691291809
(47,60): 0.44861525297164917
(48,51): 0.41931453347206116
(48,57): 0.5565201044082642
(49,13): 0.368088960647583
(50,15): 0.5352245569229126
(50,37): 0.422780841588974
(50,54): 0.4757458567619324
(50,64): 0.5206407904624939
(51,13): 0.4406079649925232
(51,14): 0.5493341088294983
(51,20): 0.5607773661613464
(51,30): 0.44874319434165955
(51,45): 0.43126988410949707
(51,48): 0.45783448219299316
(52,13): 0.4653678834438324
(52,15): 0.4740968942642212
(52,37): 0.4879244565963745
(52,55): 0.5131982564926147
(52,59): 0.48480772972106934
(53,17): 0.5229021906852722
(53,28): 0.47344058752059937
(53,35): 0.5601959824562073
(54,17): 0.5132225751876831
(54,31): 0.44078686833381653
(54,33): 0.42614343762397766
(54,50): 0.40911877155303955
(54,64): 0.4966859221458435
(55,14): 0.5177997350692749
(55,19): 0.486802339553833
(55,20): 0.5145258903503418
(55,52): 0.4727308452129364
(55,56): 0.4831908047199249
(55,59): 0.5707091689109802
(56,20): 0.3922126591205597
(56,27): 0.4203264117240906
(56,32): 0.46393582224845886
(56,55): 0.496932715177536
(57,22): 0.4868268072605133
(57,24): 0.45732221007347107
(57,26): 0.3636612296104431
(57,45): 0.47948119044303894
(57,48): 0.43656495213508606
(57,69): 0.4959031343460083
(58,22): 0.3852376341819763
(58,36): 0.5371530652046204
(59,23): 0.5300512909889221
(59,52): 0.3822266459465027
(59,55): 0.5012161135673523
(60,24): 0.4619981646537781
(60,41): 0.5393272042274475
(60,42): 0.4628603458404541
(60,44): 0.4286254048347473
(60,46): 0.5064061284065247
(60,47): 0.41778624057769775
(61,24): 0.4591670334339142
(61,26): 0.40888747572898865
(61,28): 0.45638251304626465
(61,32): 0.4326186180114746
(61,43): 0.4524131119251251
(62,26): 0.5885434150695801
(62,70): 0.5012980699539185
(63,13): 0.5151773691177368
(63,19): 0.4233623445034027
(63,31): 0.47839343547821045
(63,33): 0.4448309540748596
(63,34): 0.5269790887832642
(63,66): 0.48459774255752563
(64,15): 0.4323118329048157
(64,23): 0.45812150835990906
(64,26): 0.4274104833602905
(64,32): 0.47800329327583313
(64,50): 0.42372313141822815
(64,54): 0.47627928853034973
(65,17): 0.5045362114906311
(65,23): 0.47296565771102905
(65,28): 0.489681601524353
(65,32): 0.409114807844162
(66,18): 0.4234906733036041
(66,23): 0.3916773200035095
(66,26): 0.5007137656211853
(66,32): 0.5268837809562683
(66,33): 0.4304623007774353
(66,63): 0.41774314641952515
(67,18): 0.381084680557251
(67,20): 0.5286070108413696
(67,22): 0.505317211151123
(67,33): 0.5221594572067261
(67,37): 0.41594067215919495
(68,14): 0.46022340655326843
(68,21): 0.4862990379333496
(68,36): 0.4587547779083252
(69,21): 0.47663477063179016
(69,57): 0.5452597737312317
(70,22): 0.5146960020065308
(70,62): 0.45790523290634155
