Interaction name: 6bmi

Affinity: 5.050000190734863
Predicted value: 5.764233589172363

Shapley values for edges: 

(0,2): 0.0322796106338501
(0,3): 0.009721612930297852
(0,6): 0.014329843521118164
(0,7): -0.00851114273071289
(0,8): 0.05012232303619385
(0,9): -0.011143531799316406
(0,11): -0.0016514158248901367
(1,3): -0.008590006828308105
(1,7): 0.01934250831604004
(1,8): 0.041672258377075194
(1,10): 0.029115252494812012
(1,11): -0.043530030250549315
(2,0): 0.034849386215209964
(2,3): -0.011336660385131836
(2,5): 0.006042075157165527
(2,7): 0.03053837776184082
(2,8): 0.04923412799835205
(2,9): -0.012259979248046875
(2,11): -0.007376289367675782
(3,0): -0.021712994575500487
(3,1): -0.056649723052978516
(3,2): -0.0473708438873291
(3,4): 0.004053797721862793
(3,5): -0.009325294494628907
(3,6): -0.010070137977600098
(3,8): -0.061480927467346194
(3,12): -0.04510599136352539
(3,13): -0.06326589107513428
(3,14): -0.022769889831542968
(3,17): -0.006951727867126465
(4,3): -0.09826605796813964
(4,7): 0.006070103645324707
(4,8): 0.0037367057800292967
(5,2): -0.03573080539703369
(5,3): -0.018697848320007326
(5,6): -0.09548989295959473
(5,7): -0.0775940990447998
(5,8): -0.004963960647583008
(6,0): -0.03473128795623779
(6,3): -0.02760968208312988
(6,5): -0.07685992240905762
(6,7): -0.0810150146484375
(6,8): -0.031142892837524413
(7,0): -0.03170450687408447
(7,1): -0.05642313957214355
(7,2): -0.010278863906860352
(7,4): -0.07444087982177734
(7,5): 0.029151430130004884
(7,6): 0.020513172149658202
(7,8): 0.03745913982391357
(8,0): -0.03343060970306397
(8,1): -0.04440259456634522
(8,2): -0.059114055633544924
(8,3): -0.05562439918518067
(8,4): -0.07133461475372314
(8,5): 0.016086697578430176
(8,6): -0.048614282608032224
(8,7): -0.026420063972473144
(8,18): 0.008978123664855958
(8,19): 0.11812353134155273
(9,0): -0.008439064025878906
(9,2): 0.023443450927734377
(9,13): 0.0030934858322143556
(10,1): 0.0012070131301879883
(10,11): 0.019907379150390626
(10,19): 0.04876717567443847
(11,0): 0.005865416526794434
(11,1): -0.020412731170654296
(11,2): -0.004815216064453125
(11,10): -0.026829848289489745
(11,15): 0.038389453887939455
(11,18): -0.048921246528625485
(11,19): -0.017052965164184572
(12,3): -0.025867314338684083
(12,13): -0.027182531356811524
(12,14): -0.02181134223937988
(12,16): 0.034413533210754396
(13,3): -0.04703126430511475
(13,9): -0.09183008670806884
(13,12): -0.023472676277160643
(14,3): -0.003560514450073242
(14,12): 0.02072277545928955
(14,17): -0.08157355785369873
(15,11): -0.013158769607543945
(15,19): 0.08988605976104737
(16,12): -0.03877839088439941
(16,17): -0.03226353168487549
(17,3): -0.050045108795166014
(17,14): -0.04887316703796387
(17,16): -0.06557724952697754
(18,8): -0.050874738693237304
(18,11): -0.12342584133148193
(19,8): -0.07858621597290039
(19,10): -0.16698816299438476
(19,11): -0.06563256740570068
(19,15): -0.4406252861022949
