Interaction name: 5jo0

Affinity: 7.300000190734863
Predicted value: 7.028172969818115

Attributions for edges: 

(0,1): 1.3405641899227152e-23
(0,2): 1.334945607011369e-23
(0,7): 1.296521927812045e-23
(0,8): 1.2979273624007868e-23
(0,9): 1.1272846001435415e-23
(0,10): 8.331122154715655e-24
(0,20): 1.1205662662442268e-23
(0,23): 1.3896974447713196e-23
(0,24): 1.3620750068584628e-23
(0,25): 1.3853782735430535e-23
(0,26): 1.3389389786857788e-23
(0,27): 1.3662797932554718e-23
(1,0): 1.3406050529176056e-23
(1,2): 1.3696455471936878e-23
(1,6): 1.2929707126750116e-23
(1,8): 1.3316600013411235e-23
(1,9): 1.1565823419608163e-23
(1,20): 1.1496849366360163e-23
(1,23): 1.4258151257725016e-23
(1,24): 1.3974748244358936e-23
(1,25): 1.4213784142693575e-23
(1,26): 1.3737375264812502e-23
(1,27): 1.4017889469543662e-23
(1,29): 1.386393379755892e-23
(2,0): 1.334981263524285e-23
(2,1): 1.36962472126579e-23
(2,6): 1.287546820635074e-23
(2,7): 1.3246328283974147e-23
(2,9): 1.1517304529632544e-23
(2,20): 1.1448663375686548e-23
(2,24): 1.3916178477589897e-23
(2,25): 1.4154210944853095e-23
(2,26): 1.3679695333144552e-23
(2,27): 1.3959136687044612e-23
(2,29): 1.3805775816182406e-23
(3,4): 1.5215113688683194e-23
(3,19): 1.1934691623445887e-23
(3,23): 1.5163891372385383e-23
(3,25): 1.5116820042170845e-23
(3,28): 1.442952497849704e-23
(3,29): 1.474463073392214e-23
(3,30): 1.6018401282138887e-23
(4,3): 1.521441791336479e-23
(4,5): 1.5063056016036412e-23
(4,19): 1.1673711981310714e-23
(4,20): 1.195984918657429e-23
(4,23): 1.4832296846319352e-23
(4,24): 1.4537482171098345e-23
(4,25): 1.4786200548183667e-23
(4,27): 1.4582305247733002e-23
(4,28): 1.4113988505017686e-23
(4,29): 1.4422261147281764e-23
(5,4): 1.50636886824824e-23
(5,19): 1.1815960168601072e-23
(6,1): 1.2928621654144532e-23
(6,2): 1.2874485285662835e-23
(6,7): 1.2503919453157075e-23
(6,8): 1.2517473661230582e-23
(6,9): 1.0871719697461393e-23
(6,10): 8.034672170838125e-24
(6,20): 1.0806926607011066e-23
(7,0): 1.2964822481085124e-23
(7,2): 1.324562146460307e-23
(7,6): 1.2504159266872262e-23
(7,8): 1.2878317571940398e-23
(7,9): 1.1185120724470313e-23
(7,20): 1.1118501421024398e-23
(8,0): 1.2978877615833447e-23
(8,1): 1.3315736999580923e-23
(8,6): 1.2517760017739178e-23
(8,7): 1.2878317571940398e-23
(8,9): 1.1197287326211536e-23
(8,20): 1.113055284907346e-23
(9,0): 1.1271771572882504e-23
(9,1): 1.1564324583888243e-23
(9,2): 1.1515899568360346e-23
(9,6): 1.0871221137369294e-23
(9,7): 1.1184438359787297e-23
(9,8): 1.1196561574178733e-23
(9,10): 7.186836813203696e-24
(9,18): 5.547776334215307e-24
(9,19): 9.435286030588074e-24
(9,20): 9.666557171032623e-24
(9,32): 9.965533876389576e-24
(9,34): 1.0662986313079009e-23
(9,38): 3.6357120007439145e-24
(10,0): 8.329024573568672e-24
(10,6): 8.03313941409928e-24
(10,9): 7.185767906677121e-24
(10,11): 3.0460246690253668e-24
(10,12): 2.2989708279831266e-24
(10,18): 4.099406018554636e-24
(10,19): 6.972021311242057e-24
(10,20): 7.1429146157228e-24
(10,21): 2.1939945435274246e-24
(10,34): 7.879237384656092e-24
(11,10): 3.045292803320548e-24
(11,12): 1.3183156499899275e-24
(11,13): 1.1682213535286281e-24
(11,15): 1.1020908480211112e-24
(11,16): 1.1924084205283832e-24
(11,18): 2.350779465148743e-24
(11,20): 4.096013916662185e-24
(11,21): 1.2581183645658042e-24
(11,22): 1.037413818731464e-24
(11,33): 1.9041333231455267e-24
(11,37): 3.0950078036437077e-24
(11,39): 1.990200611703081e-24
(12,10): 2.298049832876281e-24
(12,11): 1.3181044324825546e-24
(12,13): 8.815641903208985e-25
(12,14): 7.967519794635507e-25
(12,15): 8.31660652241391e-25
(12,16): 8.99816065084997e-25
(12,18): 1.7739403109935298e-24
(12,21): 9.494095808287527e-25
(12,22): 7.828540252505933e-25
(13,11): 1.1679897242453326e-24
(13,12): 8.815305651248134e-25
(13,14): 7.060151273851538e-25
(13,15): 7.369454267065447e-25
(13,16): 7.973358351410274e-25
(13,17): 6.912195480696679e-25
(13,21): 8.412811068034007e-25
(13,22): 6.936973108691605e-25
(13,40): 2.259567225767337e-24
(14,12): 7.966821159696321e-25
(14,13): 7.059747475675678e-25
(14,15): 6.660135192994001e-25
(14,16): 7.2059120615376185e-25
(14,17): 6.246887942603645e-25
(14,21): 7.603067535537597e-25
(14,22): 6.2692802524364095e-25
(14,38): 9.309965812247627e-25
(14,42): 8.033350237176201e-25
(15,11): 1.1018260865797964e-24
(15,12): 8.31590936658892e-25
(15,13): 7.369089418896782e-25
(15,14): 6.660160830973421e-25
(15,16): 7.5216871654408e-25
(15,17): 6.52061182987789e-25
(15,21): 7.936245897086086e-25
(15,38): 9.717943964829173e-25
(16,11): 1.192167226306612e-24
(16,12): 8.997748471026992e-25
(16,13): 7.9732977077281855e-25
(16,14): 7.206214786909997e-25
(16,15): 7.5219741135950745e-25
(16,17): 7.055251461553984e-25
(16,18): 1.6044443749987722e-24
(16,21): 8.586957043242202e-25
(16,22): 7.080541356099238e-25
(16,35): 1.457289867308392e-24
(16,38): 1.0514700381635315e-24
(17,13): 6.911931705331496e-25
(17,14): 6.246983098950338e-25
(17,15): 6.520710930529108e-25
(17,16): 7.055063121012862e-25
(17,21): 7.443904001071811e-25
(17,22): 6.13801527692183e-25
(17,41): 7.3919787110998355e-25
(18,9): 5.546422254471495e-24
(18,10): 4.099062469630412e-24
(18,11): 2.3511293249602084e-24
(18,12): 1.7744952746403528e-24
(18,16): 1.6050137353571155e-24
(18,19): 5.3814805110901915e-24
(18,20): 5.513366615960019e-24
(18,21): 1.6934743292934973e-24
(18,32): 5.683932543165096e-24
(18,33): 2.563014603089404e-24
(18,39): 2.6788639546169934e-24
(18,42): 1.7893067297815562e-24
(19,3): 1.193209784878952e-23
(19,4): 1.1671708274611453e-23
(19,5): 1.1813390059771862e-23
(19,9): 9.435861899048885e-24
(19,10): 6.973564323172669e-24
(19,18): 5.383122919494862e-24
(19,20): 9.37966187043913e-24
(19,35): 4.8894001224659974e-24
(19,36): 1.1181707323333421e-23
(19,40): 7.738018660847048e-24
(20,0): 1.1204592967054788e-23
(20,1): 1.1495401806599083e-23
(20,2): 1.1447267091884307e-23
(20,4): 1.1957021909089978e-23
(20,6): 1.080651324389673e-23
(20,7): 1.1117823000645908e-23
(20,8): 1.112987442869497e-23
(20,9): 9.666557171032623e-24
(20,10): 7.144004821493815e-24
(20,11): 4.097639758987846e-24
(20,18): 5.514713201525231e-24
(20,19): 9.37908915742194e-24
(21,10): 2.1930739428510317e-24
(21,11): 1.2578976807275686e-24
(21,12): 9.493914370279326e-25
(21,13): 8.412971798443445e-25
(21,14): 7.603618259057055e-25
(21,15): 7.936730553504731e-25
(21,16): 8.587153272392376e-25
(21,17): 7.444272793545002e-25
(21,18): 1.6929122658985273e-24
(21,22): 7.4709574927783e-25
(21,42): 9.573159392513303e-25
(22,11): 1.0371486628596967e-24
(22,12): 7.827763717552356e-25
(22,13): 6.936549588993115e-25
(22,14): 6.269231934705965e-25
(22,16): 7.080163688940863e-25
(22,17): 6.137851095245931e-25
(22,21): 7.470388033812344e-25
(23,0): 1.3898564791298122e-23
(23,1): 1.425934874857914e-23
(23,3): 1.5162793278005315e-23
(23,4): 1.483190083814493e-23
(23,27): 1.453293675456246e-23
(23,32): 1.2287918293254889e-23
(24,0): 1.3621529463158986e-23
(24,1): 1.3975068521886456e-23
(24,2): 1.391654924221535e-23
(24,4): 1.4536262592138873e-23
(25,0): 1.385515693112743e-23
(25,1): 1.421475917477243e-23
(25,2): 1.4155236464029882e-23
(25,3): 1.5115436380143088e-23
(25,4): 1.4785578925790353e-23
(26,0): 1.3389695864889014e-23
(26,1): 1.3737165427811713e-23
(26,2): 1.3679643268324807e-23
(26,27): 1.4000734900298726e-23
(26,34): 1.2666570738900069e-23
(27,0): 1.3663787164129865e-23
(27,1): 1.4018422739515592e-23
(27,2): 1.395966995701654e-23
(27,4): 1.4581358614646737e-23
(27,23): 1.4532270955958455e-23
(27,26): 1.400142752017351e-23
(27,32): 1.208035084529042e-23
(28,3): 1.4428753472531733e-23
(28,4): 1.4113988505017686e-23
(28,29): 1.3677503877549848e-23
(28,40): 9.357183278944857e-24
(29,1): 1.3865202285894515e-23
(29,2): 1.380714370099206e-23
(29,3): 1.4743788230475364e-23
(29,4): 1.4421985045964936e-23
(29,28): 1.367739974791036e-23
(29,30): 1.5183283151157526e-23
(29,40): 9.561447766299165e-24
(30,3): 1.601919487620954e-23
(30,29): 1.5185077020855998e-23
(32,9): 9.966180742331857e-24
(32,18): 5.685667642726129e-24
(32,23): 1.2286184376985213e-23
(32,27): 1.2079106022781982e-23
(32,37): 7.485681778789477e-24
(33,11): 1.904184007458687e-24
(33,18): 2.56270201695571e-24
(33,35): 2.3276504578381154e-24
(34,9): 1.0663434386073174e-23
(34,10): 7.880770930255842e-24
(34,26): 1.2665556263775955e-23
(35,16): 1.4578403936126232e-24
(35,19): 4.887982933849768e-24
(35,33): 2.3279876958750974e-24
(36,19): 1.1183968198687785e-23
(37,11): 3.0959171630522012e-24
(37,32): 7.484454311220953e-24
(38,9): 3.634076297656939e-24
(38,14): 9.311706236619771e-25
(38,15): 9.719687347429711e-25
(38,16): 1.0516264298379916e-24
(38,41): 1.1018386097466668e-24
(39,11): 1.9902615512080094e-24
(39,18): 2.678536774556553e-24
(40,13): 2.2609382660206112e-24
(40,19): 7.737693650154097e-24
(40,28): 9.355184305411027e-24
(40,29): 9.559442481878093e-24
(41,17): 7.3922888320432005e-25
(41,38): 1.1017042075699398e-24
(42,14): 8.034024713250165e-25
(42,18): 1.7887472301845282e-24
(42,21): 9.573341816597635e-25
