Interaction name: 5k0j

Affinity: 7.119999885559082
Predicted value: 6.852661609649658

Attributions for edges: 

(0,5): 0.3883701264858246
(0,9): 0.5338037014007568
(0,10): 0.41380423307418823
(0,16): 0.5593729019165039
(1,3): 0.4893234074115753
(1,4): 0.534980297088623
(1,11): 0.48564812541007996
(2,6): 0.5111191868782043
(2,7): 0.45233944058418274
(2,8): 0.6082377433776855
(2,12): 0.48584210872650146
(2,13): 0.6186442971229553
(2,14): 0.44492459297180176
(3,1): 0.5684298276901245
(3,4): 0.40515202283859253
(3,5): 0.4636407792568207
(3,9): 0.5701248049736023
(4,1): 0.4637048542499542
(4,3): 0.4061104357242584
(4,6): 0.43625059723854065
(4,7): 0.47475212812423706
(4,11): 0.4759052097797394
(4,12): 0.4606485962867737
(4,13): 0.5086074471473694
(4,17): 0.41642406582832336
(4,21): 0.4566569924354553
(5,0): 0.3813285827636719
(5,3): 0.5550335049629211
(5,9): 0.4835084080696106
(5,15): 0.4508143961429596
(5,17): 0.3805901110172272
(5,18): 0.3851092457771301
(5,19): 0.39427170157432556
(5,21): 0.46639320254325867
(5,24): 0.5152469873428345
(6,2): 0.5388848185539246
(6,4): 0.5243071913719177
(6,7): 0.2933688163757324
(6,8): 0.4142828583717346
(6,11): 0.3612632751464844
(6,12): 0.6017603874206543
(6,13): 0.44582104682922363
(6,14): 0.5497373342514038
(6,22): 0.5023633241653442
(6,24): 0.6282066702842712
(6,25): 0.4446689188480377
(7,2): 0.4459441900253296
(7,4): 0.5129649043083191
(7,6): 0.4267703890800476
(7,8): 0.40303048491477966
(7,11): 0.5040814876556396
(7,12): 0.419661283493042
(7,13): 0.47334912419319153
(7,14): 0.44807034730911255
(7,21): 0.3958290219306946
(8,2): 0.546596884727478
(8,6): 0.4782004654407501
(8,7): 0.6002807021141052
(8,14): 0.4989028871059418
(8,24): 0.6017295122146606
(8,26): 0.4755590260028839
(9,0): 0.41883304715156555
(9,3): 0.6411924362182617
(9,5): 0.5576114058494568
(9,10): 0.4288402199745178
(9,15): 0.41743800044059753
(9,19): 0.4001033902168274
(9,20): 0.39574190974235535
(9,21): 0.4632178843021393
(9,22): 0.40255671739578247
(9,24): 0.49484264850616455
(9,25): 0.43466803431510925
(10,0): 0.5613967776298523
(10,9): 0.4040505886077881
(10,15): 0.42696627974510193
(10,19): 0.48778247833251953
(10,20): 0.5161997079849243
(10,21): 0.49808451533317566
(10,23): 0.469340443611145
(10,24): 0.4245455861091614
(11,1): 0.31389257311820984
(11,4): 0.45291033387184143
(11,6): 0.5125535130500793
(11,7): 0.5867373943328857
(11,12): 0.4575927257537842
(11,13): 0.4502194821834564
(11,14): 0.4034348428249359
(11,26): 0.49288541078567505
(12,2): 0.6646496057510376
(12,4): 0.5197015404701233
(12,6): 0.44200947880744934
(12,7): 0.5428991913795471
(12,11): 0.6206983327865601
(12,13): 0.5964197516441345
(12,14): 0.4225200414657593
(12,26): 0.4697641134262085
(13,2): 0.5290834307670593
(13,4): 0.5131357908248901
(13,6): 0.49896153807640076
(13,7): 0.5122525691986084
(13,11): 0.44821473956108093
(13,12): 0.565563440322876
(13,14): 0.443147748708725
(13,21): 0.42716795206069946
(14,2): 0.5300852060317993
(14,6): 0.44188156723976135
(14,7): 0.47640180587768555
(14,8): 0.5711719393730164
(14,11): 0.4552845060825348
(14,12): 0.3897348940372467
(14,13): 0.30028635263442993
(15,5): 0.4773068130016327
(15,9): 0.47075751423835754
(15,10): 0.30020207166671753
(16,0): 0.48553502559661865
(16,19): 0.49262362718582153
(17,4): 0.37413573265075684
(17,5): 0.4688909947872162
(18,5): 0.41382333636283875
(18,20): 0.5140710473060608
(19,5): 0.38854101300239563
(19,9): 0.44957512617111206
(19,10): 0.5156129002571106
(19,16): 0.3485257029533386
(20,9): 0.4644309878349304
(20,10): 0.5917348265647888
(20,18): 0.5514658689498901
(21,4): 0.5257924795150757
(21,5): 0.5052851438522339
(21,7): 0.5866685509681702
(21,9): 0.4828405976295471
(21,10): 0.5779381394386292
(21,13): 0.5884342193603516
(22,6): 0.44860613346099854
(22,9): 0.46865251660346985
(22,23): 0.41880324482917786
(22,24): 0.5704731345176697
(23,10): 0.45221519470214844
(23,22): 0.5938759446144104
(24,5): 0.5839055776596069
(24,6): 0.43343740701675415
(24,8): 0.3975349962711334
(24,9): 0.5875906944274902
(24,10): 0.5141724944114685
(24,22): 0.5252328515052795
(25,6): 0.530886709690094
(25,9): 0.4506114423274994
(25,26): 0.6129316091537476
(26,8): 0.3484782576560974
(26,11): 0.5243765115737915
(26,12): 0.34300869703292847
(26,25): 0.46560758352279663
