Interaction name: 5j64

Affinity: 6.849999904632568
Predicted value: 6.922719955444336

Attributions for edges: 

(0,7): 0.41953587532043457
(0,8): 0.4844719171524048
(0,13): 0.5069583654403687
(0,14): 0.49323827028274536
(0,17): 0.4287406802177429
(0,19): 0.48581430315971375
(0,20): 0.43979963660240173
(1,2): 0.5989224314689636
(1,7): 0.4862394630908966
(1,8): 0.538460910320282
(1,12): 0.39072296023368835
(1,13): 0.6239640712738037
(1,17): 0.4198324382305145
(1,19): 0.5622746348381042
(1,20): 0.485368937253952
(2,1): 0.602882444858551
(2,3): 0.5440227389335632
(2,5): 0.5744643211364746
(2,6): 0.48416030406951904
(2,8): 0.5273959636688232
(2,12): 0.3984000086784363
(2,13): 0.3587712347507477
(3,2): 0.45600342750549316
(3,6): 0.5218442678451538
(3,9): 0.49884313344955444
(3,11): 0.49988797307014465
(3,16): 0.512172281742096
(3,19): 0.450102835893631
(4,7): 0.5083020329475403
(4,8): 0.4332209527492523
(4,13): 0.34421512484550476
(4,14): 0.44019612669944763
(4,17): 0.4664956033229828
(5,2): 0.5017344355583191
(5,7): 0.618071436882019
(5,8): 0.4185676574707031
(5,12): 0.5157586336135864
(5,13): 0.706218421459198
(5,17): 0.5283164978027344
(6,2): 0.42911842465400696
(6,3): 0.5323473215103149
(6,12): 0.5497424602508545
(6,16): 0.532203733921051
(6,21): 0.416665643453598
(7,0): 0.5446336269378662
(7,1): 0.5306586027145386
(7,4): 0.5869744420051575
(7,5): 0.5301123857498169
(7,8): 0.49951040744781494
(7,12): 0.5304120779037476
(7,13): 0.5335512757301331
(7,14): 0.6860578656196594
(7,17): 0.4249784052371979
(7,25): 0.4241528809070587
(8,0): 0.45343199372291565
(8,1): 0.4319463074207306
(8,2): 0.5939649343490601
(8,4): 0.45130693912506104
(8,5): 0.5519561171531677
(8,7): 0.6223244071006775
(8,12): 0.5379410982131958
(8,13): 0.6251460313796997
(8,14): 0.4412252902984619
(8,17): 0.4861058294773102
(8,23): 0.48943325877189636
(8,27): 0.536666750907898
(8,30): 0.5140373110771179
(9,3): 0.506003737449646
(9,10): 0.5027490854263306
(9,11): 0.48835182189941406
(9,13): 0.5082657337188721
(9,15): 0.3947834372520447
(9,16): 0.463168203830719
(9,18): 0.48869067430496216
(9,24): 0.37036463618278503
(9,28): 0.5023674368858337
(10,9): 0.43528369069099426
(10,11): 0.4550420939922333
(10,15): 0.47342899441719055
(10,16): 0.44477784633636475
(10,18): 0.5065420269966125
(10,24): 0.5723310708999634
(10,25): 0.4910861551761627
(11,3): 0.48727890849113464
(11,9): 0.4911043345928192
(11,10): 0.4956281781196594
(11,12): 0.48570987582206726
(11,13): 0.49805566668510437
(11,15): 0.4182071387767792
(11,16): 0.5599961876869202
(11,18): 0.5732688307762146
(11,22): 0.48748472332954407
(11,24): 0.4754212200641632
(11,25): 0.5264548063278198
(11,27): 0.4888184666633606
(11,28): 0.589937686920166
(12,1): 0.5162618160247803
(12,2): 0.43690311908721924
(12,5): 0.42463600635528564
(12,6): 0.41618192195892334
(12,7): 0.546191930770874
(12,8): 0.45865875482559204
(12,11): 0.5063068866729736
(12,13): 0.4954175353050232
(12,14): 0.43465352058410645
(12,17): 0.48782026767730713
(12,25): 0.41832318902015686
(13,0): 0.4930984079837799
(13,1): 0.4287702143192291
(13,2): 0.5483068823814392
(13,4): 0.5177419185638428
(13,5): 0.5487549901008606
(13,7): 0.439691424369812
(13,8): 0.47687798738479614
(13,9): 0.5310089588165283
(13,11): 0.3357219696044922
(13,12): 0.5123504400253296
(13,14): 0.5679014325141907
(13,17): 0.46139511466026306
(13,24): 0.3961089551448822
(13,30): 0.518511950969696
(14,0): 0.4724918007850647
(14,4): 0.49985507130622864
(14,7): 0.47732114791870117
(14,8): 0.47839343547821045
(14,12): 0.47940292954444885
(14,13): 0.47036826610565186
(14,17): 0.3310931622982025
(15,9): 0.41772782802581787
(15,10): 0.580935537815094
(15,11): 0.5221197009086609
(15,16): 0.41802725195884705
(15,18): 0.5363490581512451
(16,3): 0.41222620010375977
(16,6): 0.5882904529571533
(16,9): 0.43315035104751587
(16,10): 0.5093416571617126
(16,11): 0.5555424094200134
(16,15): 0.5144012570381165
(16,26): 0.5195347666740417
(17,0): 0.477872371673584
(17,1): 0.5337828397750854
(17,4): 0.4863138198852539
(17,5): 0.5228329300880432
(17,7): 0.6128232479095459
(17,8): 0.41702574491500854
(17,12): 0.6415929794311523
(17,13): 0.5801118016242981
(17,14): 0.6036458611488342
(17,22): 0.43492016196250916
(17,28): 0.5813958048820496
(17,30): 0.5548973083496094
(18,9): 0.49714264273643494
(18,10): 0.4523809850215912
(18,11): 0.3818588852882385
(18,15): 0.4655303955078125
(18,28): 0.41916078329086304
(18,29): 0.5725160837173462
(18,30): 0.48430755734443665
(19,0): 0.5068678259849548
(19,1): 0.50155109167099
(19,3): 0.4897400736808777
(20,0): 0.6106339693069458
(20,1): 0.575963020324707
(20,23): 0.48414504528045654
(21,6): 0.598034143447876
(22,11): 0.4719542860984802
(22,17): 0.4606516361236572
(23,8): 0.40947461128234863
(23,20): 0.48478472232818604
(23,25): 0.5913766622543335
(24,9): 0.4087770879268646
(24,10): 0.47720444202423096
(24,11): 0.4524320662021637
(24,13): 0.45963847637176514
(25,7): 0.5348088145256042
(25,10): 0.5432789921760559
(25,11): 0.5199836492538452
(25,12): 0.4895027279853821
(25,23): 0.45828479528427124
(25,30): 0.4516518712043762
(26,16): 0.4958205819129944
(26,30): 0.530441164970398
(27,8): 0.46079128980636597
(27,11): 0.5682952404022217
(28,9): 0.5127525329589844
(28,11): 0.46727755665779114
(28,17): 0.47034695744514465
(28,18): 0.5130668878555298
(29,18): 0.5058664083480835
(30,8): 0.5459423661231995
(30,13): 0.4280947744846344
(30,17): 0.4274817109107971
(30,18): 0.5130601525306702
(30,25): 0.4932708740234375
(30,26): 0.5220174789428711
