Interaction name: 5q0x

Affinity: 7.349999904632568
Predicted value: 7.44534969329834

Shapley values for edges: 

(0,1): -0.004828743934631348
(0,7): -0.012537121772766113
(0,22): 0.0015031862258911132
(0,24): 0.0063087987899780274
(0,32): -0.010982556343078613
(0,33): -0.008267464637756348
(0,35): 0.007418370246887207
(1,0): -0.005246872901916504
(1,6): -0.010102515220642089
(1,24): 0.0034310102462768556
(1,32): -0.010200634002685546
(1,33): -0.004977736473083496
(1,35): 0.0172946834564209
(2,10): 0.00548184871673584
(2,11): 0.0008317804336547851
(2,13): 0.004683470726013184
(2,15): 0.004624743461608887
(2,16): -0.007542228698730469
(2,19): -0.011087284088134766
(2,23): 0.008201136589050292
(2,26): 0.0018554353713989258
(2,27): -0.0015382099151611329
(2,28): 0.005226912498474121
(2,31): -0.013360819816589355
(2,32): 0.004624323844909668
(2,33): 0.005096778869628906
(3,11): 0.011448554992675782
(3,16): 0.015533223152160644
(3,20): 0.012974424362182617
(3,26): 0.01272228240966797
(3,27): 0.011768169403076172
(3,31): 0.006031942367553711
(3,34): 0.006882305145263672
(4,5): 0.009746651649475097
(4,17): 0.014424710273742676
(4,18): 0.01584318161010742
(4,19): 0.010242023468017579
(4,26): 0.005230927467346191
(4,29): 0.012003602981567383
(5,4): 0.014064960479736328
(5,11): 0.004859228134155274
(5,16): 0.004901719093322754
(5,19): 0.010551223754882813
(5,20): 0.007720999717712403
(5,26): 0.006612615585327148
(5,27): 0.00518092155456543
(5,29): 0.006672196388244629
(6,1): -0.02310551643371582
(6,7): 0.004807672500610352
(6,22): -0.002011547088623047
(6,24): -0.002272982597351074
(7,0): -0.012007770538330078
(7,6): 0.0001976776123046875
(7,24): -0.003917837142944336
(8,9): -0.0005351924896240235
(8,12): 7.772445678710938e-05
(8,14): -0.00016571998596191407
(8,22): -0.0003715658187866211
(8,24): 0.001421055793762207
(8,25): -0.0004073715209960938
(8,30): -3.1347274780273435e-05
(8,37): 0.0004023265838623047
(9,8): 0.001406702995300293
(9,12): 0.0005761528015136719
(9,24): 0.0017905855178833008
(9,38): 0.0012636137008666991
(9,39): 0.00040647983551025393
(9,40): 0.00016792774200439454
(9,41): -0.0011574411392211914
(9,43): -0.0020758724212646485
(10,2): -0.007844405174255371
(10,12): 0.0008751153945922852
(10,13): 0.0005175876617431641
(10,14): 0.0009542131423950196
(10,15): -0.00039338111877441407
(10,21): 0.0005236482620239258
(10,23): -0.0004457235336303711
(10,25): 0.0014255428314208984
(10,28): -0.0004640817642211914
(10,30): 0.001846771240234375
(10,42): 0.000705099105834961
(10,44): -0.001152806282043457
(10,59): 0.0005025529861450196
(11,2): 0.002358255386352539
(11,3): -0.007609338760375977
(11,5): -0.0020207929611206054
(11,16): 0.003971281051635742
(11,19): 0.001188364028930664
(11,20): 0.0033499574661254882
(11,26): 0.0004539918899536133
(11,27): -0.0005723142623901367
(11,31): -0.02328570365905762
(11,42): 0.007973051071166993
(11,48): 0.006432309150695801
(11,58): 0.005153803825378418
(11,60): 0.008205137252807616
(12,8): 0.0006576156616210937
(12,9): 0.0015836477279663086
(12,10): -0.0006803607940673828
(12,14): 1.1496543884277343e-05
(12,21): -0.0015619564056396484
(12,22): 0.0011192846298217773
(12,23): -0.00016632080078125
(12,24): 0.0024601411819458008
(12,25): 0.0008087921142578125
(12,30): 0.0005995607376098632
(12,40): 0.00269505500793457
(12,41): 0.00031836986541748045
(12,43): -0.0019567537307739256
(12,58): -0.0036165475845336913
(13,2): -0.0032498788833618163
(13,10): 0.0002724027633666992
(13,14): 0.0013395357131958008
(13,15): -0.001121673583984375
(13,19): -0.0015202236175537109
(13,23): 0.00036139965057373045
(13,25): 0.0010629796981811524
(13,28): -0.00017992019653320312
(13,42): 0.0003641414642333984
(13,59): 0.0019457387924194337
(14,8): 0.0014965963363647462
(14,10): -0.0012222862243652345
(14,12): 0.0016154670715332032
(14,13): -0.00046896934509277344
(14,15): -0.001956343650817871
(14,21): -8.09335708618164e-05
(14,22): 0.001072869300842285
(14,23): -0.0014148235321044921
(14,25): -0.00015099048614501952
(14,28): -0.00017949104309082032
(14,30): 0.0008993196487426758
(15,2): -0.0024452781677246093
(15,10): 0.0007844734191894532
(15,13): 0.0015273380279541015
(15,14): 0.0019319295883178712
(15,19): -0.0009391212463378906
(15,21): 0.0021187973022460936
(15,23): 0.0014292287826538086
(15,25): 0.005255870819091797
(15,28): 0.0018920564651489257
(15,31): -0.020433883666992187
(15,57): 0.003818531036376953
(16,2): 0.0019582319259643555
(16,3): -0.007601680755615234
(16,5): -0.0002470111846923828
(16,11): -0.0010963964462280273
(16,26): -0.0026172447204589845
(16,27): 0.0004356575012207031
(16,31): -0.018270478248596192
(16,44): 0.00712738037109375
(16,45): 0.0035852241516113282
(16,46): 0.010670971870422364
(16,47): 0.005331401824951172
(16,48): 0.005285601615905761
(16,49): 0.005408287048339844
(17,4): -0.011256694793701172
(17,18): 0.002185349464416504
(17,29): 0.00012265205383300783
(17,44): -0.00010709285736083985
(17,49): 0.002272381782531738
(17,50): 0.010920968055725098
(18,4): -0.012224726676940918
(18,17): 0.0007587671279907227
(18,29): -0.0005488824844360351
(18,42): 0.0010998678207397462
(18,51): 0.0039040756225585936
(18,52): 0.0065854740142822265
(19,2): -0.006597251892089844
(19,4): -0.010911641120910644
(19,5): -0.005849013328552246
(19,11): -0.002972698211669922
(19,13): 0.0035176944732666017
(19,15): 0.001138291358947754
(19,26): -0.0018378114700317383
(19,27): -0.002329235076904297
(19,28): 0.00147646427154541
(19,29): -0.0010991764068603515
(19,39): 0.006322875022888184
(19,44): 3.373146057128906e-05
(19,45): 0.0022866249084472655
(19,47): 0.0014648914337158203
(19,53): 0.007846312522888184
(19,58): 0.0001751279830932617
(19,59): 0.005074009895324707
(20,3): -0.005199055671691894
(20,5): -0.004605064392089844
(20,11): 0.0009733343124389649
(20,26): -0.0021311473846435548
(20,27): 0.0018318557739257812
(20,43): 0.005578436851501465
(20,45): 0.004847888946533203
(20,51): 0.006731042861938477
(20,54): 0.013016443252563476
(21,10): 0.00035486221313476565
(21,12): 0.0004639148712158203
(21,14): 0.0005265045166015625
(21,15): 0.0004561185836791992
(21,23): 9.74893569946289e-05
(21,25): 0.0008235788345336914
(21,28): 9.452342987060546e-05
(21,40): 0.0018018436431884765
(21,41): 0.001920604705810547
(21,43): 0.0009078645706176758
(21,55): 0.0038565397262573242
(21,58): 0.002070436477661133
(22,0): 0.005523824691772461
(22,6): 0.006693048477172852
(22,8): -0.00020952701568603517
(22,12): -0.003002767562866211
(22,14): -0.0012826204299926757
(22,24): -0.00025713443756103516
(22,25): -0.0001862192153930664
(22,30): -0.0017389583587646485
(22,39): -0.0012043190002441406
(22,56): 0.009413104057312011
(23,2): -0.0014422845840454102
(23,10): -9.682178497314454e-05
(23,12): 0.00230377197265625
(23,13): 0.0006100797653198242
(23,14): 0.0013205766677856444
(23,15): 0.0003931236267089844
(23,21): 0.0007029390335083008
(23,25): 0.0012882184982299805
(23,28): 0.00023862838745117187
(23,30): 0.0009581995010375977
(23,58): 0.0023761701583862303
(23,60): 0.003741741180419922
(24,0): 0.0010927152633666993
(24,1): -0.004490170478820801
(24,6): 0.006934952735900879
(24,7): 0.006543974876403808
(24,8): 0.00041210174560546875
(24,9): -0.00017914772033691406
(24,12): -0.003431534767150879
(24,22): -2.4867057800292968e-05
(24,25): -0.0005625057220458985
(24,30): -0.0020706748962402346
(24,36): 0.0043945503234863285
(24,42): 0.0009799623489379883
(25,8): 0.0006623363494873047
(25,10): -0.000957326889038086
(25,12): -0.00037731647491455076
(25,13): -0.0012898635864257812
(25,14): -0.00012586593627929687
(25,15): -0.001539158821105957
(25,21): -0.0009792757034301758
(25,22): 0.0014451217651367187
(25,23): -0.0010357332229614259
(25,24): 0.0010330629348754882
(25,30): 0.0022090339660644533
(25,37): 0.0031958675384521486
(25,56): 0.008988394737243652
(25,58): -0.0019466257095336914
(25,60): -0.00025371551513671877
(26,2): 0.0019466257095336914
(26,3): -0.006983890533447266
(26,4): -0.0036073064804077147
(26,5): -0.004962420463562012
(26,11): 0.0001952648162841797
(26,16): 0.0058152532577514645
(26,19): 0.002993941307067871
(26,20): 0.0019302129745483398
(26,27): 0.002908792495727539
(26,28): 0.006100144386291504
(26,31): -0.009675707817077637
(26,43): 0.005468831062316894
(27,2): 0.004170846939086914
(27,3): -0.00624000072479248
(27,5): -0.009034204483032226
(27,11): 0.0003697776794433594
(27,16): 0.002154269218444824
(27,19): 0.005005607604980469
(27,20): 0.0009510421752929688
(27,26): 0.0015842628479003907
(27,31): -0.02173450469970703
(27,41): 0.0069786739349365235
(27,45): 0.006551351547241211
(27,47): 0.0078093624114990235
(27,58): 0.001053605079650879
(28,2): -0.006237292289733886
(28,10): 0.0008498620986938476
(28,13): 0.0015988826751708984
(28,14): 0.001811232566833496
(28,15): -0.000735011100769043
(28,19): -0.0016875267028808594
(28,21): 0.0024360322952270506
(28,23): -0.0009330463409423828
(28,26): -0.0050292348861694335
(28,53): 0.0018051767349243164
(29,4): -0.009158186912536621
(29,5): -0.006347432136535645
(29,17): 0.0045361661911010745
(29,18): 0.0034264183044433595
(29,19): 0.0008056497573852539
(29,43): 0.002207045555114746
(29,53): 0.004861273765563965
(30,8): 0.0008699703216552735
(30,10): -0.0003054618835449219
(30,12): 0.00027372360229492186
(30,14): -0.0008786678314208985
(30,22): 0.002295374870300293
(30,23): -0.0013213729858398437
(30,24): 0.004445853233337402
(30,25): 0.0004970645904541016
(30,42): -0.000836181640625
(31,2): 0.010213298797607422
(31,3): 0.018645925521850584
(31,11): 0.016176471710205077
(31,15): 0.014631843566894532
(31,16): 0.01206404685974121
(31,26): 0.014575462341308593
(31,27): 0.014740762710571289
(32,0): 0.0014081430435180665
(32,1): 0.0010434341430664061
(32,2): -0.03167426586151123
(32,33): -0.004325084686279297
(32,35): 0.0217435359954834
(33,0): -0.00427217960357666
(33,1): -6.461143493652344e-06
(33,2): -0.03328749656677246
(33,32): -0.0010016155242919922
(33,35): 0.003554205894470215
(33,56): -0.009208159446716309
(34,3): 0.010806083679199219
(34,58): 0.04752013683319092
(35,0): -0.02201819896697998
(35,1): -0.015124506950378418
(35,32): -0.08508974552154541
(35,33): -0.07806317806243897
(35,56): -0.0014989137649536132
(36,24): 0.001243257522583008
(36,37): -0.0007744026184082031
(36,40): -0.0009190940856933594
(37,8): -0.00022336006164550782
(37,25): -0.0004944038391113281
(37,36): 0.0008294534683227539
(37,40): -0.001355147361755371
(38,9): -0.000992136001586914
(38,60): -0.0013230323791503906
(39,9): 0.0017507648468017578
(39,19): -0.0022805643081665037
(39,22): 0.0019136571884155274
(39,43): -0.0012888526916503907
(40,9): -0.0004603052139282227
(40,12): -0.000193328857421875
(40,21): -0.0011382484436035156
(40,36): 0.002288670539855957
(40,37): 0.000521092414855957
(40,41): -0.0011505746841430663
(41,9): 0.002161984443664551
(41,12): 0.0010875606536865235
(41,21): -0.0007155799865722657
(41,27): -0.002459216117858887
(41,40): 0.0015539979934692382
(42,10): 0.00030457496643066407
(42,11): -0.00424168586730957
(42,13): 0.0008164501190185547
(42,18): -0.0011707019805908203
(42,24): 0.006969618797302246
(42,30): 0.0019727420806884767
(42,45): -0.001861114501953125
(43,9): 0.0030735111236572265
(43,12): 0.0014351797103881836
(43,20): -0.0009888982772827148
(43,21): -2.7337074279785155e-05
(43,26): -0.0032548999786376955
(43,29): -0.0012321710586547852
(43,39): 0.0025434970855712892
(43,57): 0.003088111877441406
(43,59): 0.0009843826293945313
(44,10): 0.0013834142684936524
(44,16): -0.003382759094238281
(44,17): 0.0004282093048095703
(44,19): -0.0017550992965698242
(44,45): -0.00041577816009521487
(44,49): 0.0023215246200561524
(45,16): -0.0012452220916748047
(45,19): 0.0012278032302856445
(45,20): -0.00010645389556884766
(45,27): -0.0004777622222900391
(45,42): 0.002700185775756836
(45,44): 0.0010250043869018555
(46,16): -0.0036116743087768553
(46,52): 0.0030652761459350588
(46,53): 0.00040666580200195314
(47,16): -0.0019063758850097656
(47,19): -0.0008875370025634765
(47,27): -6.580829620361328e-05
(47,55): 0.004035096168518066
(48,11): -0.002287163734436035
(48,16): -0.0028409242630004885
(49,16): -0.002906012535095215
(49,17): -0.0012469530105590821
(49,44): -0.00011234760284423829
(50,17): -0.0035144710540771485
(51,18): -0.0011418867111206055
(51,20): -0.0015911722183227538
(52,18): -0.0017602014541625976
(52,46): -0.001227264404296875
(53,19): -0.0008357000350952148
(53,28): -0.0004714250564575195
(53,29): -0.001978435516357422
(53,46): 0.0021266555786132813
(54,20): -0.002807884216308594
(55,21): -0.0005434083938598632
(55,47): -0.0011852407455444336
(56,22): 0.0007614469528198242
(56,25): -0.01043379783630371
(56,33): -0.0016750669479370117
(56,35): 0.009616007804870605
(57,15): -0.0009541416168212891
(57,43): -0.002501649856567383
(57,59): 0.0002610588073730469
(58,11): 0.0024756813049316407
(58,12): 0.0061906385421752926
(58,19): 0.00503908634185791
(58,21): 0.010227880477905273
(58,23): 0.006230401992797852
(58,25): 0.007897920608520508
(58,27): 0.0023609018325805664
(58,34): -0.07981453895568848
(59,10): -0.001059255599975586
(59,13): -7.448196411132812e-05
(59,19): -0.0013010787963867187
(59,43): -0.00044181346893310545
(59,57): 0.0013602304458618165
(60,11): -0.0044692325592041015
(60,23): -0.00036365509033203124
(60,25): 0.0006281566619873046
(60,38): 0.006017985343933105
