Interaction name: 5hzx

Affinity: 8.550000190734863
Predicted value: 7.5271100997924805

Attributions for edges: 

(0,1): 0.5643909573554993
(0,2): 0.492780476808548
(0,4): 0.5534690022468567
(0,9): 0.4523235857486725
(0,11): 0.4998437762260437
(0,13): 0.5175364017486572
(0,14): 0.446039617061615
(0,15): 0.5219815373420715
(1,0): 0.5298339128494263
(1,2): 0.3309188485145569
(1,3): 0.5596199631690979
(1,4): 0.3634386658668518
(1,8): 0.48422491550445557
(1,14): 0.5976155996322632
(1,15): 0.5403218269348145
(2,0): 0.46469855308532715
(2,1): 0.5060626864433289
(2,14): 0.4328639805316925
(2,16): 0.5231645107269287
(2,17): 0.5164201855659485
(3,1): 0.5104813575744629
(3,4): 0.542711615562439
(3,8): 0.3861978054046631
(3,14): 0.5007962584495544
(3,18): 0.565708339214325
(4,0): 0.3384167551994324
(4,1): 0.44569191336631775
(4,3): 0.5569427609443665
(4,7): 0.4418596923351288
(4,8): 0.5125020146369934
(4,9): 0.44897064566612244
(4,11): 0.5198984742164612
(4,13): 0.4627724587917328
(4,14): 0.5032152533531189
(4,19): 0.4032413959503174
(4,30): 0.6114110946655273
(5,6): 0.589664876461029
(5,7): 0.6833366751670837
(5,9): 0.5458694100379944
(5,10): 0.5586264729499817
(5,11): 0.5001510381698608
(5,12): 0.6070785522460938
(5,13): 0.5558584928512573
(5,22): 0.5479153990745544
(6,5): 0.5634391903877258
(6,7): 0.5539237260818481
(6,12): 0.366289883852005
(6,13): 0.5295693874359131
(6,22): 0.6109944581985474
(6,23): 0.6531278491020203
(7,4): 0.4255486726760864
(7,5): 0.51427161693573
(7,6): 0.4394513666629791
(7,9): 0.5009097456932068
(7,11): 0.4803360402584076
(7,12): 0.36431005597114563
(7,13): 0.5543760657310486
(7,19): 0.47112685441970825
(7,24): 0.3752056658267975
(7,25): 0.5480315089225769
(8,1): 0.5624081492424011
(8,3): 0.43777063488960266
(8,4): 0.40952056646347046
(8,22): 0.5519434213638306
(8,26): 0.5428845286369324
(8,27): 0.3665562570095062
(8,28): 0.4904075860977173
(8,29): 0.5517715811729431
(8,30): 0.5514779090881348
(9,0): 0.5348753333091736
(9,4): 0.5890359878540039
(9,5): 0.5108842849731445
(9,7): 0.6007221341133118
(9,10): 0.43159162998199463
(9,11): 0.39925524592399597
(9,12): 0.5573794841766357
(9,13): 0.5970696806907654
(9,14): 0.4556637704372406
(9,30): 0.44493716955184937
(10,5): 0.3649773895740509
(10,9): 0.5748850107192993
(10,11): 0.610514760017395
(10,12): 0.5913991928100586
(10,13): 0.5348207950592041
(10,21): 0.48789018392562866
(11,0): 0.39063140749931335
(11,4): 0.4823801815509796
(11,5): 0.5685955882072449
(11,7): 0.6429687142372131
(11,9): 0.6186267137527466
(11,10): 0.5583009123802185
(11,12): 0.6010148525238037
(11,13): 0.5528522729873657
(11,20): 0.5413566827774048
(11,30): 0.377227246761322
(12,5): 0.4571900963783264
(12,6): 0.4431750178337097
(12,7): 0.49663105607032776
(12,9): 0.5177002549171448
(12,10): 0.4908469021320343
(12,11): 0.560379683971405
(12,13): 0.46989357471466064
(12,19): 0.5627338886260986
(12,30): 0.36986076831817627
(13,0): 0.44172123074531555
(13,4): 0.39166027307510376
(13,5): 0.4717939496040344
(13,6): 0.4451692998409271
(13,7): 0.44645312428474426
(13,9): 0.4617762565612793
(13,10): 0.4876142740249634
(13,11): 0.2732030153274536
(13,12): 0.5494099855422974
(13,19): 0.6205458045005798
(14,0): 0.4881671667098999
(14,1): 0.4557949900627136
(14,2): 0.4444139897823334
(14,3): 0.48070523142814636
(14,4): 0.5314266681671143
(14,9): 0.6192594766616821
(15,0): 0.4600130319595337
(15,1): 0.5847887992858887
(15,16): 0.6204705238342285
(15,30): 0.4461677670478821
(16,2): 0.5574905276298523
(16,15): 0.4510209560394287
(16,30): 0.389017790555954
(17,2): 0.6296132206916809
(18,3): 0.594754159450531
(19,4): 0.5427023768424988
(19,7): 0.5447947382926941
(19,12): 0.46689239144325256
(19,13): 0.4833456575870514
(19,28): 0.4738396406173706
(20,11): 0.5525047779083252
(21,10): 0.45433568954467773
(21,22): 0.5483695268630981
(22,5): 0.515317440032959
(22,6): 0.4486950933933258
(22,8): 0.44469162821769714
(22,21): 0.4880070686340332
(23,6): 0.4806094467639923
(23,24): 0.5564310550689697
(24,7): 0.4828767776489258
(24,23): 0.4679940342903137
(25,7): 0.5174411535263062
(25,29): 0.4655025899410248
(26,8): 0.4790414571762085
(27,8): 0.4331658184528351
(27,28): 0.5080333352088928
(28,8): 0.5861135125160217
(28,19): 0.4093758165836334
(28,27): 0.5210638046264648
(29,8): 0.5175758600234985
(29,25): 0.5022273063659668
(30,4): 0.5672343969345093
(30,8): 0.6605318784713745
(30,9): 0.6132203340530396
(30,11): 0.5077682733535767
(30,12): 0.44514763355255127
(30,15): 0.47502872347831726
(30,16): 0.40948545932769775
