Interaction name: 6hwz

Affinity: 5.170000076293945
Predicted value: 6.355733871459961

Attributions for edges: 

(0,1): 1.53299278081841e-25
(0,2): 1.5318178711076965e-25
(0,3): 1.5496557418079737e-25
(0,4): 1.5312102016916434e-25
(0,5): 1.5312102016916434e-25
(0,6): 1.5318002449968455e-25
(1,0): 1.53299278081841e-25
(1,2): 1.5336069829888345e-25
(1,3): 1.5514655612878738e-25
(1,4): 1.53299278081841e-25
(1,5): 1.53299278081841e-25
(1,6): 1.5335835636807107e-25
(1,9): 1.5400792169376235e-25
(2,0): 1.5318178711076965e-25
(2,1): 1.5336010665320453e-25
(2,3): 1.5502764767327695e-25
(2,4): 1.5318178711076965e-25
(2,5): 1.5318178711076965e-25
(3,0): 1.549667574721552e-25
(3,1): 1.5514716010041794e-25
(3,2): 1.5502883096463478e-25
(3,4): 1.549667574721552e-25
(3,5): 1.549667574721552e-25
(3,6): 1.5502588506219185e-25
(3,7): 1.613712110128535e-25
(3,8): 1.613712110128535e-25
(4,0): 1.5312102016916434e-25
(4,1): 1.53299278081841e-25
(4,2): 1.5318178711076965e-25
(4,3): 1.5496557418079737e-25
(4,5): 1.5312102016916434e-25
(4,6): 1.5318002449968455e-25
(5,0): 1.5312044084943707e-25
(5,1): 1.53299278081841e-25
(5,2): 1.5318178711076965e-25
(5,3): 1.5496557418079737e-25
(5,4): 1.5312102016916434e-25
(5,6): 1.5318002449968455e-25
(6,0): 1.5317944517995727e-25
(6,1): 1.5335718540266488e-25
(6,3): 1.5502470177083402e-25
(6,4): 1.5317944517995727e-25
(6,5): 1.5317944517995727e-25
(7,3): 1.6137429250076452e-25
(7,8): 1.6604273436000753e-25
(8,3): 1.6137429250076452e-25
(8,7): 1.6604273436000753e-25
(9,1): 1.5400850101348963e-25
