Interaction name: 5t28

Affinity: 8.489999771118164
Predicted value: 8.098236083984375

Shapley values for edges: 

(0,1): 0.013201045989990234
(0,6): 0.002854337692260742
(0,23): 0.002385048866271973
(0,24): 0.011697993278503419
(0,25): -0.004640045166015625
(1,0): 0.014816088676452637
(1,2): 0.008084125518798828
(1,4): 0.015278210639953613
(1,5): 0.017451534271240233
(1,6): 0.0058622598648071286
(1,9): 0.028989949226379395
(1,16): 0.003223381042480469
(1,23): 0.01655832290649414
(1,24): 0.02250303268432617
(1,25): 0.0181003475189209
(2,1): 0.0009461927413940429
(2,4): 0.021817469596862794
(2,8): 0.013282909393310546
(2,10): 0.02277076244354248
(2,11): 0.032712087631225586
(2,12): 0.026644997596740723
(2,13): 0.016338868141174315
(2,20): 0.015824089050292967
(2,22): 0.02905329704284668
(2,23): 0.02065763473510742
(2,24): 0.008532123565673828
(2,25): -0.001665816307067871
(3,5): 0.0024406099319458007
(3,6): -0.003998370170593262
(3,7): -0.0013418006896972656
(3,9): 0.010925378799438477
(3,15): -0.05149845123291016
(3,16): -0.009156818389892579
(3,25): -0.012752809524536134
(4,1): -0.010487079620361328
(4,2): 0.014841971397399902
(4,12): 0.026430559158325196
(4,13): 0.012683711051940917
(4,23): 0.004786181449890137
(4,24): 0.008635048866271972
(4,25): -0.006766080856323242
(5,1): -0.003951067924499512
(5,3): 0.04161584854125976
(5,6): 0.00702664852142334
(5,7): 0.004423952102661133
(5,9): 0.013065142631530762
(5,16): 0.003560628890991211
(5,25): -0.01868088722229004
(6,0): -0.003090009689331055
(6,1): 0.01705798625946045
(6,3): 0.051319670677185056
(6,5): 0.03969374179840088
(6,23): 0.004825291633605957
(6,26): 0.019126973152160644
(7,3): 0.006697983741760254
(7,5): -0.005210676193237305
(7,9): 0.0025003767013549805
(7,14): 0.01655674934387207
(7,15): 0.009309353828430176
(7,16): -0.003019061088562012
(7,28): 0.010258574485778809
(7,29): -0.00018825054168701173
(7,30): 0.036500558853149415
(8,2): -0.0026965951919555664
(8,10): 0.011822280883789062
(8,11): 0.017105255126953125
(8,12): 0.007826147079467773
(8,13): -0.023547897338867186
(8,17): 0.012264347076416016
(8,18): 0.015437092781066895
(8,19): -0.0028812122344970704
(8,20): 0.0010249996185302734
(8,21): 0.007916970252990723
(8,22): 0.0014690780639648438
(8,32): 0.03628829002380371
(9,1): -0.0027196502685546877
(9,3): -0.033713364601135255
(9,5): -0.02483779430389404
(9,7): 0.011662540435791015
(9,14): 0.014227547645568848
(9,15): 0.007124786376953125
(9,16): -0.0022091245651245117
(9,29): 0.007213315963745117
(9,34): 0.0023969745635986327
(10,2): -0.01277487277984619
(10,8): -0.011409235000610352
(10,11): -0.0010653495788574218
(10,12): -0.01286893367767334
(10,19): 0.012506618499755859
(10,20): 0.002565903663635254
(10,22): -0.0052363348007202146
(10,27): 0.039402623176574704
(10,29): 0.018798141479492186
(11,2): -0.006544690132141113
(11,8): -0.00045722484588623047
(11,10): -0.007957262992858887
(11,12): 0.005903019905090332
(11,13): -0.003335065841674805
(11,19): 0.003328752517700195
(11,20): 0.0038878488540649413
(11,22): -0.009089512825012207
(12,2): -0.018265142440795898
(12,4): 0.0026502370834350585
(12,8): -0.007321410179138184
(12,10): 0.002811760902404785
(12,11): 0.014126882553100586
(12,13): -0.012503962516784668
(12,17): 0.009394426345825196
(12,19): 0.007902727127075196
(12,20): 0.010769939422607422
(12,21): 0.01741640567779541
(12,22): -0.004581022262573242
(12,24): 0.01519507884979248
(12,33): 0.03068012237548828
(13,2): -0.018341288566589356
(13,4): -0.008709797859191895
(13,8): 0.0026647377014160155
(13,11): -0.005713605880737304
(13,12): -0.01621722221374512
(13,20): -0.013432621955871582
(13,22): 0.00959284782409668
(13,24): -0.0008681011199951172
(13,29): -0.0009375858306884766
(13,31): 0.010121932029724121
(13,33): 0.04820190906524658
(14,7): 0.01629798412322998
(14,9): 0.008360958099365235
(14,15): -0.01380086898803711
(14,16): -0.013370919227600097
(14,28): -0.017027411460876465
(14,32): 0.030683836936950683
(15,3): -0.03645880699157715
(15,7): 0.0442600679397583
(15,9): 0.016638660430908205
(15,14): 0.006955623626708984
(15,16): -0.014066171646118165
(16,1): -0.0076735782623291015
(16,3): -0.030146527290344238
(16,5): -0.027094345092773437
(16,7): 0.022408576011657716
(16,9): 0.012494359016418457
(16,14): 0.005299801826477051
(16,15): -0.012700810432434081
(16,30): 0.04044460773468018
(17,8): -0.007233333587646484
(17,12): -0.007656197547912597
(17,18): 0.003878917694091797
(17,19): -0.011904311180114747
(17,20): -0.0019071435928344727
(17,21): 0.0031244516372680663
(17,22): -0.016012115478515623
(17,27): 0.024739041328430175
(18,8): 0.0015973138809204101
(18,17): -0.001160268783569336
(18,19): 0.005258007049560547
(18,20): -0.006364150047302246
(18,21): 0.007045326232910157
(18,22): -0.018085956573486328
(18,33): 0.03253546714782715
(18,35): 0.01991379737854004
(19,8): -0.0033124303817749024
(19,10): 0.002322111129760742
(19,11): -0.005661797523498535
(19,12): -0.0076586675643920896
(19,17): 0.009992733001708984
(19,18): 0.01073495864868164
(19,20): -0.004913053512573242
(19,21): 0.004231610298156738
(19,22): -0.008156852722167969
(20,2): -0.015423860549926758
(20,8): 0.0037325191497802734
(20,10): -0.0032764816284179686
(20,11): -9.459018707275391e-05
(20,12): -0.006860814094543457
(20,13): -0.010708198547363282
(20,17): 0.004869403839111328
(20,18): 0.008379426002502442
(20,19): -0.0015607833862304687
(20,21): 0.0055079984664916995
(20,29): 0.00014843940734863282
(21,8): -0.0026065731048583985
(21,12): -0.008523273468017577
(21,17): 0.005182337760925293
(21,18): -0.00336275577545166
(21,19): -0.005735392570495605
(21,20): 0.004009099006652832
(21,22): -0.0038753938674926758
(22,2): -0.004162845611572266
(22,8): 0.017442970275878905
(22,10): 0.0312968635559082
(22,11): 0.027034411430358885
(22,12): 0.006773304939270019
(22,13): -0.00775087833404541
(22,17): 0.01761673927307129
(22,18): 0.020269341468811035
(22,19): 0.006289057731628418
(22,21): 0.02981299877166748
(23,0): 0.0017380809783935547
(23,1): 0.019291844367980957
(23,2): 0.004519720077514649
(23,4): -0.0012824535369873047
(23,6): 0.011307244300842284
(23,24): -0.010763711929321289
(24,0): 0.007255463600158691
(24,1): 0.04554136753082275
(24,2): 0.01119640827178955
(24,4): 0.026869230270385742
(24,12): 0.01932148456573486
(24,13): -0.0057314872741699215
(24,23): -0.0009715986251831054
(25,0): 0.0022759437561035156
(25,1): -0.011151967048645019
(25,2): 0.015063056945800781
(25,3): 0.022490572929382325
(25,4): 0.007327017784118653
(25,5): 0.01694478988647461
(25,26): 0.0017727088928222656
(26,6): -0.023574390411376954
(26,25): -0.009138574600219726
(27,10): -0.02874159812927246
(27,17): -0.03494052886962891
(27,33): -0.021229047775268555
(28,7): 0.026878514289855958
(28,14): -0.024367837905883788
(29,7): 0.04578262805938721
(29,9): 0.040294737815856935
(29,10): -0.01164599895477295
(29,13): -0.01872128963470459
(29,20): -0.019431886672973634
(30,7): 0.044339041709899905
(30,16): 0.012828354835510253
(30,32): 0.017830095291137694
(30,34): -0.017687625885009765
(30,35): 0.007349858283996582
(31,13): -0.08012176036834717
(32,8): -0.03537670135498047
(32,14): 0.0033928442001342775
(32,30): 0.022210445404052735
(32,35): -0.003918256759643555
(33,12): -0.024222908020019532
(33,13): -0.02552370548248291
(33,18): -0.01033318519592285
(33,27): 0.007684426307678223
(34,9): 0.006583757400512695
(34,30): -0.011402521133422851
(35,18): -0.02434773921966553
(35,30): 0.00733652114868164
(35,32): -0.01919583320617676
