Interaction name: 5y0x

Affinity: 5.110000133514404
Predicted value: 6.080200672149658

Attributions for edges: 

(0,9): 3.0528448441483372e-37
(0,10): 0.0
(0,11): 1.5766955089158527e-35
(0,15): 4.216937277781922e-39
(0,19): 2.7661310620267743e-35
(0,21): 0.0
(0,22): 0.0
(1,2): 8.299980450532426e-22
(1,5): 1.1217985774187087e-22
(1,11): 4.370396447572026e-22
(1,18): 4.847729744216273e-22
(1,19): 7.667330665287493e-22
(1,23): 2.8421289078922596e-27
(1,26): 1.6044653073906052e-36
(1,27): 9.258018593516934e-31
(1,28): 7.32470704335113e-22
(1,30): 0.0
(2,1): 8.71245145784774e-22
(2,5): 3.868976160400181e-21
(2,11): 1.507313876912129e-20
(2,16): 3.429948353921171e-20
(2,19): 2.6443993215452825e-20
(2,23): 9.802231533880742e-26
(2,27): 3.1930022640651364e-29
(2,28): 2.5262407715686306e-20
(2,29): 2.812254139554039e-20
(2,30): 0.0
(3,4): 4.118034669064286e-20
(3,7): 2.781461127604965e-29
(3,13): 4.118034669064286e-20
(3,16): 4.118034669064286e-20
(3,17): 4.322119674785438e-21
(3,24): 1.9065138254696345e-20
(3,29): 3.376424275292735e-20
(3,30): 0.0
(4,3): 4.118034669064286e-20
(4,6): 2.7506116058298947e-27
(4,13): 4.118034669064286e-20
(4,17): 4.322119674785438e-21
(4,24): 1.9065138254696345e-20
(4,29): 3.376424275292735e-20
(4,30): 0.0
(4,31): 4.118034669064286e-20
(5,1): 1.1611761156701898e-22
(5,2): 3.815202554338915e-21
(5,8): 4.571358725311755e-21
(5,11): 2.008914342439081e-21
(5,12): 4.571358725311755e-21
(5,13): 4.571358725311755e-21
(5,16): 4.571358725311755e-21
(5,17): 4.797909580845839e-22
(5,19): 3.524409391038529e-21
(5,23): 1.3064196028872914e-26
(5,25): 1.2729464485281164e-35
(5,27): 4.255562640824264e-30
(6,4): 2.429036386713636e-27
(6,7): 1.6406603310462804e-36
(6,13): 2.429036386713636e-27
(6,16): 2.429036386713636e-27
(6,17): 2.5494261712407847e-28
(6,24): 1.1245591612124568e-27
(7,3): 2.40078978935106e-29
(7,6): 1.603584081233136e-36
(7,13): 2.40078978935106e-29
(7,17): 2.519760350083659e-30
(7,24): 1.1114820066121013e-29
(8,5): 4.645154302723352e-21
(8,12): 4.118034669064286e-20
(8,13): 4.118034669064286e-20
(8,17): 4.322119674785438e-21
(8,24): 1.9065138254696345e-20
(8,32): 1.732222831436877e-20
(8,35): 1.1679075351942003e-20
(8,39): 3.0066397659684746e-21
(9,0): 3.794575887337418e-37
(9,10): 2.2908746728599078e-30
(9,21): 2.3450150896054232e-36
(9,22): 5.369073973863851e-32
(9,33): 2.708067096234514e-22
(9,34): 6.84844703930009e-24
(9,35): 9.787337928737021e-23
(9,36): 0.0
(9,37): 5.321651314495962e-37
(9,43): 8.271708362290703e-33
(9,44): 5.224609505022591e-25
(10,0): 0.0
(10,9): 1.9342533847865383e-30
(10,11): 9.989792001152409e-29
(10,15): 2.671770236661232e-32
(10,19): 1.7525810826940726e-28
(10,21): 0.0
(10,22): 3.5366214468562526e-38
(10,23): 6.496424171939586e-34
(10,27): 2.1161608986550565e-37
(10,36): 0.0
(10,44): 3.4414623672583284e-31
(11,0): 1.9777398292011356e-35
(11,1): 4.568845578550789e-22
(11,2): 1.5011510582311823e-20
(11,5): 2.0289074351693942e-21
(11,10): 1.194008074636439e-28
(11,12): 1.7986793619546967e-20
(11,13): 1.7986793619546967e-20
(11,16): 1.7986793619546967e-20
(11,18): 8.767734830085629e-21
(11,19): 1.3867393779354542e-20
(11,21): 1.2222262205747237e-34
(11,22): 2.798392572076017e-30
(11,23): 5.1403313653240295e-26
(11,26): 2.901845845234979e-35
(11,27): 1.674436595571182e-29
(11,33): 1.4114494600309152e-20
(11,36): 0.0
(11,42): 9.798076147432732e-27
(11,44): 2.7230866292166876e-23
(12,5): 4.645154302723352e-21
(12,8): 4.118034669064286e-20
(12,11): 1.8096979893252713e-20
(12,13): 4.118034669064286e-20
(12,16): 4.118034669064286e-20
(12,17): 4.322119674785438e-21
(12,18): 2.0073526351361038e-20
(12,19): 3.174907568438332e-20
(12,23): 1.1768669485751077e-25
(12,24): 1.9065138254696345e-20
(12,25): 1.1467044967486083e-34
(12,26): 6.643759761434438e-35
(12,27): 3.8335545265061787e-29
(12,38): 2.448818753322964e-25
(12,43): 9.870535785888605e-31
(12,44): 6.234466814891352e-23
(13,3): 4.118034669064286e-20
(13,4): 4.118034669064286e-20
(13,5): 4.645154302723352e-21
(13,6): 2.7506116058298947e-27
(13,7): 2.781461127604965e-29
(13,8): 4.118034669064286e-20
(13,11): 1.8096979893252713e-20
(13,12): 4.118034669064286e-20
(13,16): 4.118034669064286e-20
(13,17): 4.322119674785438e-21
(13,23): 1.1768669485751077e-25
(13,24): 1.9065138254696345e-20
(13,25): 1.1467044967486083e-34
(13,27): 3.8335545265061787e-29
(13,44): 6.234466814891352e-23
(14,15): 5.24166564656781e-37
(14,18): 2.173898457312282e-33
(14,19): 3.4382835072727585e-33
(14,20): 1.188284280372211e-33
(14,21): 0.0
(14,23): 1.274504214857929e-38
(14,26): 0.0
(14,27): 0.0
(14,39): 3.256106953985755e-34
(15,0): 4.742857203129205e-39
(15,10): 2.863374934224502e-32
(15,14): 5.952287639641125e-37
(15,18): 2.1026160517102435e-24
(15,19): 3.3255673915517476e-24
(15,20): 1.1493291209247164e-24
(15,21): 2.9310452708238113e-38
(15,22): 6.710881177632612e-34
(15,23): 1.2327225315717312e-29
(15,26): 6.95908078938212e-39
(15,27): 4.015499722668473e-33
(15,35): 1.2233330499120179e-24
(15,44): 6.530313062563999e-27
(16,2): 3.436863713089085e-20
(16,3): 4.118034669064286e-20
(16,5): 4.645154302723352e-21
(16,6): 2.7506116058298947e-27
(16,11): 1.8096979893252713e-20
(16,12): 4.118034669064286e-20
(16,13): 4.118034669064286e-20
(16,17): 4.322119674785438e-21
(16,24): 1.9065138254696345e-20
(16,33): 3.2314686277610596e-20
(16,39): 3.0066397659684746e-21
(17,3): 4.351683303748539e-21
(17,4): 4.351683303748539e-21
(17,5): 4.90871058545603e-22
(17,6): 2.9066977315042833e-28
(17,7): 2.939275287903424e-30
(17,8): 4.351683303748539e-21
(17,12): 4.351683303748539e-21
(17,13): 4.351683303748539e-21
(17,16): 4.351683303748539e-21
(17,24): 2.014685623578129e-21
(17,25): 1.2117753985091294e-35
(17,33): 3.41482855861121e-21
(17,35): 1.2341767989683629e-21
(17,36): 0.0
(18,1): 5.05823569905269e-22
(18,11): 8.751094282606534e-21
(18,12): 1.9913361889668324e-20
(18,14): 2.7478974916065898e-33
(18,15): 2.3405073128714075e-24
(18,19): 1.535273227851275e-20
(18,20): 5.305924593724037e-21
(18,21): 1.3531493145793301e-34
(18,22): 3.0981054514791857e-30
(18,23): 5.690913444486333e-26
(18,27): 1.8537858123767052e-29
(18,32): 8.376417815830526e-21
(18,39): 1.4539105836167907e-21
(18,43): 4.773078824790727e-31
(19,0): 3.480853725242988e-35
(19,1): 8.041242151555604e-22
(19,2): 2.6420701295743495e-20
(19,5): 3.570936684907503e-21
(19,10): 2.1014731625107853e-28
(19,11): 1.3912006602469853e-20
(19,12): 3.16571617011619e-20
(19,14): 4.36847165620362e-33
(19,15): 3.720794988106979e-24
(19,18): 1.5431411371933322e-20
(19,20): 8.435032932635284e-21
(19,21): 2.151137672437997e-34
(19,22): 4.9252152533351665e-30
(19,23): 9.047064850073982e-26
(19,26): 5.107333543612013e-35
(19,27): 2.9470351304832587e-29
(19,32): 1.3316316200190198e-20
(19,33): 2.484173629100194e-20
(20,14): 1.499075252167031e-33
(20,15): 1.2768249190341495e-24
(20,18): 5.295449934541444e-21
(20,19): 8.375459772660127e-21
(20,21): 7.381853697465084e-35
(20,22): 1.6901261537704772e-30
(20,26): 1.7526349569060715e-35
(20,35): 3.080971112463349e-21
(20,41): 1.6295827632851523e-21
(20,42): 5.9177232806890176e-27
(20,43): 2.6038638675799075e-31
(21,0): 0.0
(21,9): 1.7801593465412862e-36
(21,10): 0.0
(21,11): 9.193946541907908e-35
(21,14): 0.0
(21,15): 2.458921473781651e-38
(21,18): 1.0198066673349768e-34
(21,19): 1.6129603131993117e-34
(21,20): 5.574411172958961e-35
(21,22): 0.0
(21,23): 0.0
(21,26): 0.0
(21,27): 0.0
(22,0): 0.0
(22,9): 4.3351232488127764e-32
(22,10): 3.382065232733547e-38
(22,11): 2.2389678515931336e-30
(22,15): 5.988166587760434e-34
(22,18): 2.4835165678636256e-30
(22,19): 3.927982269826377e-30
(22,20): 1.357515795425648e-30
(22,21): 0.0
(22,23): 1.4560259628516562e-35
(22,26): 0.0
(22,27): 4.7428936368892775e-39
(22,44): 7.713256710153958e-33
(23,1): 2.554031743813295e-27
(23,2): 8.3915879979742e-26
(23,5): 1.1341756760921722e-26
(23,10): 6.674678247514689e-34
(23,11): 4.4186499780511555e-26
(23,12): 1.0054801376424386e-25
(23,13): 1.0054801376424386e-25
(23,14): 1.3874885278290496e-38
(23,15): 1.1817771706443817e-29
(23,18): 4.9012719983774596e-26
(23,19): 7.752015321280771e-26
(23,21): 0.0
(23,22): 1.564318092935234e-35
(23,26): 0.0
(23,44): 1.5222274631713422e-28
(24,3): 1.9263766614872775e-20
(24,4): 1.9263766614872775e-20
(24,6): 1.2867191884489566e-27
(24,7): 1.3011505968008944e-29
(24,8): 1.9263766614872775e-20
(24,12): 1.9263766614872775e-20
(24,13): 1.9263766614872775e-20
(24,16): 1.9263766614872775e-20
(24,17): 2.0218455018587578e-21
(24,25): 5.364254249579163e-35
(24,38): 1.145533639938762e-25
(24,40): 1.9263766614872775e-20
(25,5): 1.0806406236858788e-35
(25,12): 9.580198029170654e-35
(25,13): 9.580198029170654e-35
(25,17): 1.0054865431796171e-35
(25,24): 4.4352638765863786e-35
(26,1): 1.2653207661356192e-36
(26,11): 2.1890916184817268e-35
(26,12): 4.981377716800222e-35
(26,14): 0.0
(26,15): 5.854815560540234e-39
(26,19): 3.8405099398043056e-35
(26,20): 1.327285368111837e-35
(26,21): 0.0
(26,22): 0.0
(26,23): 0.0
(26,27): 0.0
(27,1): 7.864074604317496e-31
(27,2): 2.5838197892995165e-29
(27,5): 3.4922342252194966e-30
(27,10): 2.0551573318285257e-37
(27,11): 1.3605390540485053e-29
(27,12): 3.0959212513199906e-29
(27,13): 3.0959212513199906e-29
(27,14): 0.0
(27,15): 3.638789782744424e-33
(27,18): 1.5091308687156105e-29
(27,19): 2.386891195536768e-29
(27,21): 0.0
(27,22): 4.816628560783585e-39
(27,26): 0.0
(28,1): 7.660138778186774e-22
(28,2): 2.516833692364114e-20
(29,2): 2.8129837387037046e-20
(29,3): 3.3704785915225833e-20
(29,4): 3.3704785915225833e-20
(29,31): 3.3704785915225833e-20
(29,40): 3.3704785915225833e-20
(30,1): 0.0
(30,2): 0.0
(30,3): 0.0
(30,4): 0.0
(31,4): 4.118034669064286e-20
(31,29): 3.376424275292735e-20
(31,34): 8.172143079595337e-22
(31,40): 4.118034669064286e-20
(32,8): 1.7118783888946205e-20
(32,18): 8.34461982986125e-21
(32,19): 1.3198179622198567e-20
(32,38): 1.0179729826717777e-25
(33,9): 2.736531469614295e-22
(33,11): 1.413324510458511e-20
(33,16): 3.216059803912845e-20
(33,17): 3.3754567001582467e-21
(33,19): 2.4795061978703783e-20
(33,38): 1.9124602676901035e-25
(34,9): 6.54591099353878e-24
(34,31): 7.6929942669093775e-22
(34,41): 1.1539915491986713e-22
(35,8): 1.1447982576103568e-20
(35,9): 9.741002132430511e-23
(35,15): 1.345527899953592e-24
(35,17): 1.2015330531344953e-21
(35,20): 3.050308682300809e-21
(35,37): 1.7653302097991746e-35
(36,9): 0.0
(36,10): 0.0
(36,11): 0.0
(36,17): 0.0
(37,9): 3.397389832739403e-37
(37,35): 1.132380742221291e-35
(38,12): 2.2445407567256544e-25
(38,24): 1.039144160475163e-25
(38,32): 9.441505163445804e-26
(38,33): 1.7613167369210536e-25
(39,8): 2.884297006873754e-21
(39,14): 3.980132495565588e-34
(39,16): 2.884297006873754e-21
(39,18): 1.4059729831541244e-21
(39,41): 4.326653416179924e-22
(40,24): 1.9065138254696345e-20
(40,29): 3.376424275292735e-20
(40,31): 4.118034669064286e-20
(41,20): 1.6024895689981646e-21
(41,34): 1.1935108299776025e-22
(41,39): 4.391118372048116e-22
(42,11): 8.201635068303242e-27
(42,20): 4.972778464613053e-27
(43,9): 6.76426616173971e-33
(43,12): 7.949614387831353e-31
(43,18): 3.875071905522419e-31
(43,20): 2.1181700554218426e-31
(44,9): 4.903051557646073e-25
(44,10): 3.8251072830418476e-31
(44,11): 2.5322671715866045e-23
(44,12): 5.762245841783916e-23
(44,13): 5.762245841783916e-23
(44,15): 6.772627405190979e-27
(44,22): 8.964890768814883e-33
(44,23): 1.6467555655923688e-28
