Interaction name: 5q0s

Affinity: 7.210000038146973
Predicted value: 7.393200874328613

Shapley values for edges: 

(0,4): -0.024900612831115724
(0,9): -0.016230430603027344
(0,18): -0.006773695945739746
(0,19): 0.018480420112609863
(0,20): -0.005461454391479492
(0,21): -0.015521922111511231
(0,22): -0.021975975036621093
(0,23): -0.0019047117233276366
(0,31): -0.0218570613861084
(0,33): -0.0035425519943237307
(1,2): -0.007201948165893555
(1,3): -0.06316900253295898
(1,6): -0.010372180938720704
(1,7): -0.035002331733703616
(1,9): -0.05007986545562744
(1,11): -0.024674229621887207
(1,13): -0.00512697696685791
(2,1): -0.01789130687713623
(2,3): 0.003660917282104492
(2,11): -0.022673807144165038
(2,27): -0.014461183547973632
(3,1): -0.023389692306518554
(3,2): 0.00582766056060791
(3,4): 0.03705606460571289
(3,6): 0.034733214378356934
(3,9): 0.02295353412628174
(3,11): 0.019083027839660646
(3,13): 0.020639514923095702
(3,20): 0.009225287437438966
(3,21): 0.0005181026458740234
(3,27): 0.04851422786712647
(3,29): 0.03716903686523437
(3,31): -0.023334760665893555
(3,32): 0.04999968528747559
(3,34): -0.012006916999816895
(4,0): -0.02043816089630127
(4,3): 0.0021950435638427735
(4,6): -0.014342908859252929
(4,9): 0.0023305273056030275
(4,16): -0.008133411407470703
(4,18): -0.011240439414978027
(4,19): 0.003426547050476074
(4,20): -0.03345318794250488
(4,22): 0.02541532039642334
(4,25): -0.0018719482421875
(4,28): 0.010118083953857422
(4,35): 0.017892355918884276
(4,51): 0.06953985691070556
(4,52): 0.058326492309570314
(5,14): -0.00875657558441162
(5,15): -0.12477283477783203
(5,21): 0.021154708862304687
(5,22): -0.0006963253021240234
(5,23): -0.0162373685836792
(5,24): -0.007672204971313477
(5,60): 0.0187985897064209
(6,1): -0.009038505554199218
(6,3): 0.01865286350250244
(6,4): 0.006334643363952636
(6,7): -0.04697138786315918
(6,8): -0.00018199920654296875
(6,9): -0.033594551086425783
(6,10): -0.003988285064697266
(6,20): 0.011951322555541993
(6,25): -0.003225727081298828
(6,26): 0.009712824821472168
(6,31): -0.007746520042419433
(6,36): 0.040367598533630374
(6,47): 0.046993227005004884
(6,48): -0.0014528656005859376
(7,1): -0.0049874019622802735
(7,6): -0.027143311500549317
(7,8): -0.023994083404541015
(7,9): -0.013023571968078613
(7,10): -0.0193210506439209
(7,25): -0.0032774686813354494
(7,26): 0.009037694931030273
(7,49): 0.04283422470092774
(7,50): 0.015070719718933106
(7,51): 0.0623409366607666
(7,60): 0.05854344367980957
(8,6): 0.019557232856750487
(8,7): -0.024145708084106446
(8,10): -0.03320352554321289
(8,25): 0.0037871646881103517
(8,26): -0.0246284818649292
(8,50): 0.053202877044677736
(8,51): 0.030609955787658693
(8,52): 0.030363001823425294
(9,0): -0.012903823852539062
(9,1): 0.004713368415832519
(9,3): -0.027722992897033692
(9,4): 0.00398134708404541
(9,6): -0.02762641429901123
(9,7): -0.018301687240600585
(9,10): 0.013460125923156738
(9,20): -0.009363155364990234
(9,21): 0.002969207763671875
(9,22): 0.01206519603729248
(9,23): 0.013958802223205566
(9,25): -0.002006778717041016
(9,26): 0.01773705005645752
(9,31): 0.008425607681274414
(9,35): 0.008496885299682616
(9,48): -0.008658590316772461
(10,6): 0.009895858764648437
(10,7): -0.04448527336120606
(10,8): -0.042099647521972657
(10,9): 0.024039468765258788
(10,25): 0.015290765762329102
(10,26): 0.014165620803833007
(10,36): 0.05224363803863526
(10,49): 0.032499747276306154
(11,1): -0.009946680068969727
(11,2): -0.016513237953186034
(11,3): -0.03982635021209717
(11,12): -0.005708503723144531
(11,13): -0.03844886302947998
(11,27): -0.001660747528076172
(11,29): -0.021138639450073243
(11,32): -0.04175677299499512
(11,37): 0.004733734130859375
(11,48): -0.01206928253173828
(11,55): 0.018673410415649416
(12,11): -0.031489510536193845
(12,13): -0.01228302001953125
(12,27): -0.03964527130126953
(12,29): -0.0727054738998413
(12,32): -0.02509671688079834
(12,63): 0.026887097358703614
(13,1): -0.0030937099456787107
(13,3): -0.01670726776123047
(13,11): 0.0033355331420898437
(13,12): 0.002335348129272461
(13,27): 0.008586602210998535
(13,29): -0.054239845275878905
(13,32): -0.009529581069946289
(13,35): 0.00499669075012207
(13,49): 0.07819388389587402
(13,62): 0.03515599727630615
(13,63): 0.007492551803588867
(14,5): -0.003969335556030273
(14,15): -0.046009273529052735
(14,21): 0.0053001785278320316
(14,22): -0.011472964286804199
(14,23): -0.015465350151062011
(14,24): 0.002215900421142578
(14,30): 0.0017743730545043946
(14,47): 0.009031953811645508
(14,48): -0.005904364585876465
(15,5): -0.0027115869522094725
(15,14): 0.006013226509094238
(15,21): -0.007378973960876465
(15,24): -0.001782526969909668
(15,30): 0.012337260246276856
(15,39): 0.046306614875793455
(15,40): 0.02331409454345703
(15,41): 0.017754278182983398
(15,42): 0.03543349266052246
(15,43): 0.025584297180175783
(16,4): 0.010621738433837891
(16,17): -0.011884899139404296
(16,18): 0.003782176971435547
(16,19): 0.013150067329406738
(16,20): -0.012259750366210938
(16,28): 0.009317250251770019
(16,31): -0.0057222843170166016
(16,36): 0.022602386474609375
(16,44): 0.010191469192504883
(16,45): 0.01857605457305908
(16,61): 0.009427351951599121
(16,62): 0.01354520320892334
(17,16): -0.029568963050842285
(17,18): -0.026090254783630373
(17,19): -0.013381986618041993
(17,20): 0.002789287567138672
(17,28): 0.014331755638122558
(17,38): 0.04865329265594483
(17,46): 0.011298232078552246
(17,59): -0.008857498168945313
(17,63): 0.011925663948059082
(18,0): -0.013075180053710937
(18,4): -0.0199139928817749
(18,16): -0.012584667205810546
(18,17): -0.029271445274353027
(18,19): -0.023562703132629394
(18,20): -0.013447422981262207
(18,28): 0.019013099670410157
(18,31): 0.01346548080444336
(18,35): 0.01809980869293213
(18,54): 0.04065734386444092
(18,63): 0.003219866752624512
(19,0): -0.017576904296875
(19,4): 0.012751774787902832
(19,16): -0.024993648529052736
(19,17): -0.05717635631561279
(19,18): -0.02105179786682129
(19,20): -0.016222743988037108
(19,28): -0.012486100196838379
(19,31): -0.007094402313232422
(19,54): 0.030657949447631835
(19,63): -0.0018359708786010742
(20,0): -0.024846091270446777
(20,3): 0.02425150394439697
(20,4): -0.030090389251708986
(20,6): -0.0051120901107788086
(20,9): 0.00010774612426757813
(20,16): -0.028401093482971193
(20,17): 0.0016607522964477539
(20,18): -0.009096355438232421
(20,19): 0.0038355445861816407
(20,25): 0.005287609100341797
(20,28): -0.002358541488647461
(20,31): 0.017023448944091798
(20,36): 0.030335211753845216
(20,48): -0.02200949192047119
(20,62): 0.02537111759185791
(20,63): 0.030263156890869142
(21,0): -0.017819962501525878
(21,3): -0.0032340431213378905
(21,5): 0.0035189199447631836
(21,9): -0.006166667938232422
(21,14): -0.0036496543884277344
(21,15): -0.003704948425292969
(21,22): -0.03732920169830322
(21,23): -0.006633243560791016
(21,24): 0.003934063911437988
(21,30): 0.0007191514968872071
(21,35): 0.013086428642272949
(21,48): -0.0068108558654785155
(21,63): 0.020215320587158202
(22,0): -0.026192340850830078
(22,4): -0.0021464061737060548
(22,5): 0.007189607620239258
(22,9): 0.01378690242767334
(22,14): 0.010622458457946777
(22,21): -0.010659055709838867
(22,23): -0.027401185035705565
(22,24): -0.0012362098693847656
(22,30): -0.01338381290435791
(22,31): -0.014219098091125489
(22,60): 0.036546273231506346
(23,0): -0.008576493263244628
(23,5): -0.0013450098037719727
(23,9): 0.0073783016204833985
(23,14): 0.010669198036193848
(23,21): -2.6330947875976562e-05
(23,22): -0.023880820274353027
(23,24): -0.004778261184692383
(23,30): 0.005166254043579102
(23,52): 0.06127934455871582
(23,60): 0.009421811103820801
(24,5): -0.0019183969497680664
(24,14): 0.0007893514633178711
(24,15): -0.042935328483581545
(24,21): 0.007957954406738282
(24,22): -0.024645380973815918
(24,23): -0.02638136863708496
(24,30): 0.01619725227355957
(24,39): 0.012336320877075195
(25,4): 0.010386576652526855
(25,6): -0.026607551574707032
(25,7): -0.01714909076690674
(25,8): -0.020352692604064943
(25,9): -0.015009059906005859
(25,10): -0.00827092170715332
(25,20): -0.003827424049377441
(25,26): -0.013274731636047364
(25,31): -0.007424778938293457
(25,39): 0.08329736709594726
(25,53): 0.033301982879638675
(25,63): 0.004241371154785156
(26,6): 0.021283192634582518
(26,7): -0.012471113204956055
(26,8): -0.03945253849029541
(26,9): 0.019544076919555665
(26,10): 0.009101605415344239
(26,25): 0.00930673599243164
(26,36): 0.028939275741577147
(26,53): 0.03060554027557373
(27,2): -0.016972670555114745
(27,3): -0.013290052413940429
(27,11): -0.024678001403808592
(27,12): -0.02624018669128418
(27,13): -0.008921093940734863
(27,29): -0.028196473121643067
(27,32): -0.021931400299072267
(27,56): -0.0023726320266723635
(28,4): 0.009809789657592773
(28,16): -0.058462181091308595
(28,17): -0.03660566329956055
(28,18): -0.017382864952087403
(28,19): -0.01836191177368164
(28,20): -0.011306834220886231
(28,31): -0.011334037780761719
(28,54): 0.029654030799865724
(29,3): 0.009155678749084472
(29,11): 0.003256187438964844
(29,12): -0.03499710083007813
(29,13): -0.0007879924774169922
(29,27): 0.009642562866210937
(29,35): 0.024468293190002443
(29,38): 0.009420914649963379
(29,57): 0.016091256141662597
(29,58): 0.0039281749725341795
(30,14): -0.015047283172607421
(30,15): -0.07690439701080322
(30,21): -0.009211254119873048
(30,22): -0.05228926181793213
(30,23): -0.00496708869934082
(30,24): -0.00500307559967041
(31,0): 0.01730616569519043
(31,3): -0.058434786796569826
(31,6): -0.05287106990814209
(31,9): -0.06088778972625732
(31,16): -0.0247968053817749
(31,18): -0.002695174217224121
(31,19): -0.00023736953735351563
(31,20): -0.024969654083251955
(31,22): -0.00863950252532959
(31,25): -0.028854942321777342
(31,28): 0.026562833786010744
(32,3): 0.027872323989868164
(32,11): -0.046422815322875975
(32,12): -0.022137622833251953
(32,13): -0.02408107280731201
(32,27): 0.03308801651000977
(33,0): -0.06925535678863526
(33,35): 0.02099830150604248
(33,60): 0.019562392234802245
(34,3): 0.0677128028869629
(34,35): -0.07849719047546387
(35,4): -0.02093165397644043
(35,9): -0.02840461254119873
(35,13): -0.0028140783309936524
(35,18): -0.01073525905609131
(35,21): 0.007753114700317382
(35,29): 0.0168068265914917
(35,33): -0.009187164306640625
(35,34): -0.056428756713867184
(36,6): -0.014250330924987793
(36,10): -0.008707866668701172
(36,16): -0.015116934776306152
(36,20): 0.0084228515625
(36,26): 0.023343944549560548
(36,62): 0.02394184112548828
(37,11): -0.012889275550842285
(37,63): -0.00989887237548828
(38,17): -0.0024767255783081053
(38,29): 0.01869467258453369
(38,58): 0.03851139545440674
(38,62): 0.04693887233734131
(38,63): 0.011120843887329101
(39,15): -0.023984947204589845
(39,24): -0.009670662879943847
(39,25): -0.037875280380249024
(40,15): -0.019235119819641114
(40,43): 0.0309628963470459
(40,48): -0.005466923713684082
(40,50): 0.030465707778930665
(41,15): -0.04206395626068115
(41,42): 0.022514338493347167
(42,15): -0.045507559776306154
(42,41): 0.016352758407592774
(43,15): -0.02897739887237549
(43,40): 0.014187026023864745
(44,16): -0.03823904514312744
(44,45): 0.04291163921356201
(44,46): 0.03555366992950439
(44,61): 0.04999971866607666
(45,16): -0.018672795295715333
(45,44): 0.0568719482421875
(45,46): 0.018863420486450195
(45,54): 0.05761587142944336
(46,17): -0.014989557266235352
(46,44): 0.03335002899169922
(46,45): 0.02442645072937012
(47,6): -0.051739497184753416
(47,14): -0.015935325622558595
(47,55): -0.007402858734130859
(48,6): -0.015839176177978517
(48,9): 0.004307322502136231
(48,11): 0.041805539131164554
(48,14): 0.017526955604553224
(48,20): -0.023769221305847167
(48,21): 0.009994378089904785
(48,40): -0.007475600242614746
(48,50): 0.022800517082214356
(49,7): -0.036135139465332033
(49,10): -0.003022003173828125
(49,13): -0.02775092124938965
(50,7): -0.009133234024047851
(50,8): 0.013342723846435547
(50,40): 0.009151320457458496
(50,48): 0.007151746749877929
(51,4): -0.05674966335296631
(51,7): -0.046502718925476076
(51,8): 0.010752263069152833
(52,4): -0.0612876558303833
(52,8): 0.007980318069458007
(52,23): 0.021852402687072753
(53,25): 0.0002770853042602539
(53,26): -0.016628971099853517
(53,54): -0.004827299118041992
(54,18): -0.01284095287322998
(54,19): -0.012879242897033691
(54,28): -0.01137362003326416
(54,45): 0.03192211627960205
(54,53): 0.0026555633544921874
(55,11): -0.03006746768951416
(55,47): -0.018278799057006835
(56,27): -0.056750516891479495
(57,29): -0.018639092445373536
(57,58): 0.03463572502136231
(58,29): -0.0034578800201416015
(58,38): 0.046565465927124024
(58,57): 0.03022625923156738
(58,61): 0.04453739166259765
(59,17): -0.030860953330993653
(60,5): 0.009481992721557617
(60,7): -0.05203193187713623
(60,22): -0.015949320793151856
(60,23): 0.004549698829650879
(60,33): -0.01430994987487793
(61,16): -0.0473674488067627
(61,44): 0.03455119132995606
(61,58): 0.029550490379333497
(62,13): 0.010128660202026367
(62,16): 0.0011247587203979492
(62,20): -0.009896326065063476
(62,36): 0.05953988552093506
(62,38): 0.020377507209777834
(62,63): 0.011485772132873535
(63,12): 0.03612722396850586
(63,13): 0.010019993782043457
(63,17): 0.03889237403869629
(63,18): -0.031613101959228514
(63,19): 0.032303686141967776
(63,20): -0.04812235832214355
(63,21): -0.0016102218627929688
(63,25): -0.050924129486083984
(63,37): 0.027630829811096193
(63,38): 0.03350772857666016
(63,62): 0.026310343742370606
