Interaction name: 5eyk

Affinity: 8.520000457763672
Predicted value: 8.646446228027344

Attributions for edges: 

(0,3): 0.5662333965301514
(0,13): 0.4740704298019409
(0,26): 0.4608919024467468
(0,28): 0.5215799808502197
(1,2): 0.49222323298454285
(1,4): 0.5168132781982422
(1,8): 0.5200052857398987
(1,18): 0.5209968090057373
(1,24): 0.5416147708892822
(1,29): 0.45620986819267273
(2,1): 0.5049002766609192
(2,8): 0.4465314745903015
(2,11): 0.4425051808357239
(2,12): 0.5764304399490356
(2,18): 0.4799957275390625
(2,20): 0.4805567264556885
(2,21): 0.45132216811180115
(2,23): 0.4644555449485779
(2,24): 0.5846194624900818
(2,25): 0.46554484963417053
(3,0): 0.4221222698688507
(3,13): 0.4358513653278351
(3,14): 0.6568512320518494
(3,26): 0.47551533579826355
(3,30): 0.4813048243522644
(4,1): 0.5758036375045776
(4,7): 0.5323411822319031
(4,8): 0.4746033251285553
(4,15): 0.5596153140068054
(4,16): 0.5707618594169617
(4,30): 0.44343775510787964
(5,11): 0.383949339389801
(5,22): 0.580258309841156
(5,25): 0.44170111417770386
(5,27): 0.5434179306030273
(6,11): 0.5861989259719849
(6,22): 0.49041280150413513
(6,25): 0.5845162868499756
(6,27): 0.4880884289741516
(7,4): 0.5425874590873718
(7,8): 0.4983343183994293
(7,10): 0.6032445430755615
(7,15): 0.4995223581790924
(7,16): 0.4769939184188843
(7,19): 0.5264816880226135
(7,20): 0.5316631197929382
(7,21): 0.43322086334228516
(7,23): 0.434908926486969
(7,26): 0.46347299218177795
(7,39): 0.49843764305114746
(8,1): 0.49996131658554077
(8,2): 0.514241635799408
(8,4): 0.5519864559173584
(8,7): 0.5863425135612488
(8,15): 0.5341503024101257
(8,16): 0.418220579624176
(8,19): 0.544347882270813
(8,21): 0.4738086760044098
(8,23): 0.3463115692138672
(8,31): 0.5699051022529602
(8,38): 0.4067296087741852
(9,10): 0.5407496094703674
(9,17): 0.5451352596282959
(9,20): 0.5411819815635681
(9,21): 0.5408666729927063
(9,23): 0.42356377840042114
(9,41): 0.42515867948532104
(10,7): 0.586905300617218
(10,9): 0.577578604221344
(10,17): 0.5017074942588806
(10,20): 0.5347924828529358
(10,21): 0.46477681398391724
(10,23): 0.4895046651363373
(10,32): 0.4004634916782379
(10,40): 0.505843997001648
(11,2): 0.5231179594993591
(11,5): 0.4715553820133209
(11,6): 0.48919612169265747
(11,12): 0.49208253622055054
(11,18): 0.4480265974998474
(11,22): 0.5246633887290955
(11,24): 0.522858738899231
(11,25): 0.5466272830963135
(11,27): 0.6138850450515747
(12,2): 0.5077791213989258
(12,11): 0.5841799378395081
(12,18): 0.5780168175697327
(12,20): 0.5913974046707153
(12,21): 0.46228718757629395
(12,22): 0.47674062848091125
(12,23): 0.5139052271842957
(12,24): 0.5012611746788025
(12,25): 0.5302714109420776
(12,27): 0.4324013292789459
(12,31): 0.4818728268146515
(12,32): 0.4808003306388855
(13,0): 0.4557444751262665
(13,3): 0.5362864136695862
(13,15): 0.5224921107292175
(13,16): 0.4913327097892761
(13,19): 0.4990837574005127
(13,26): 0.4610587954521179
(13,33): 0.431077778339386
(14,3): 0.5069113373756409
(14,34): 0.5136520266532898
(14,35): 0.5563046932220459
(14,36): 0.5556477308273315
(14,37): 0.40857887268066406
(15,4): 0.5317119359970093
(15,7): 0.5748164653778076
(15,8): 0.40601029992103577
(15,13): 0.43681174516677856
(15,16): 0.4992722272872925
(15,19): 0.5436207056045532
(15,26): 0.5053462982177734
(15,33): 0.555223822593689
(16,4): 0.49953699111938477
(16,7): 0.5149479508399963
(16,8): 0.530440092086792
(16,13): 0.5074352025985718
(16,15): 0.4971301555633545
(16,19): 0.5564033389091492
(16,26): 0.40361887216567993
(16,31): 0.5590390563011169
(16,43): 0.4451228082180023
(16,44): 0.5161190629005432
(17,9): 0.43811237812042236
(17,10): 0.46740612387657166
(17,20): 0.46916213631629944
(17,21): 0.5175492763519287
(17,23): 0.5016458034515381
(17,39): 0.4096468389034271
(18,1): 0.5371695756912231
(18,2): 0.4939684569835663
(18,11): 0.534290611743927
(18,12): 0.5741310119628906
(18,20): 0.6006179451942444
(18,21): 0.5446194410324097
(18,22): 0.5607523322105408
(18,24): 0.5324571132659912
(18,25): 0.4792466163635254
(18,27): 0.47867509722709656
(18,40): 0.4375610947608948
(18,41): 0.48799973726272583
(19,7): 0.47739410400390625
(19,8): 0.47962018847465515
(19,13): 0.4597298502922058
(19,15): 0.46366843581199646
(19,16): 0.48899781703948975
(19,26): 0.46128785610198975
(19,43): 0.5717872977256775
(20,2): 0.5217469334602356
(20,7): 0.5479574799537659
(20,9): 0.5584282279014587
(20,10): 0.516545295715332
(20,12): 0.3998351991176605
(20,17): 0.5418983697891235
(20,18): 0.5841604471206665
(20,21): 0.5538076758384705
(20,23): 0.4265895485877991
(20,40): 0.5528704524040222
(21,2): 0.5668236017227173
(21,7): 0.49456489086151123
(21,8): 0.5161378979682922
(21,9): 0.5530548095703125
(21,10): 0.49143218994140625
(21,12): 0.5406175851821899
(21,17): 0.5062170624732971
(21,18): 0.5849112868309021
(21,20): 0.5521065592765808
(21,23): 0.4811103343963623
(21,31): 0.4357624351978302
(21,40): 0.44050079584121704
(22,5): 0.5630728006362915
(22,6): 0.41496413946151733
(22,11): 0.5117669105529785
(22,12): 0.5108756422996521
(22,18): 0.47415339946746826
(22,24): 0.516612708568573
(22,25): 0.5520099401473999
(22,31): 0.4879334270954132
(23,2): 0.41876983642578125
(23,7): 0.4631160497665405
(23,8): 0.4896674156188965
(23,9): 0.49513331055641174
(23,10): 0.4467504024505615
(23,12): 0.45955905318260193
(23,17): 0.4538872539997101
(23,20): 0.42631471157073975
(23,21): 0.4667445719242096
(23,32): 0.5308113098144531
(23,42): 0.46120861172676086
(24,1): 0.5321305990219116
(24,2): 0.5459913015365601
(24,11): 0.5207894444465637
(24,12): 0.5678247809410095
(24,18): 0.4739904999732971
(24,22): 0.424710214138031
(24,25): 0.5438839197158813
(24,27): 0.5482839345932007
(25,2): 0.49551141262054443
(25,5): 0.4303990304470062
(25,6): 0.44989943504333496
(25,11): 0.5921851992607117
(25,12): 0.46972334384918213
(25,18): 0.44387543201446533
(25,22): 0.4398748576641083
(25,24): 0.665318489074707
(25,27): 0.5184440016746521
(25,41): 0.42014944553375244
(25,45): 0.45198163390159607
(26,0): 0.43029722571372986
(26,3): 0.5824876427650452
(26,7): 0.5716754198074341
(26,13): 0.4772528111934662
(26,15): 0.4406481683254242
(26,16): 0.4662475883960724
(26,19): 0.5125634074211121
(26,34): 0.5256633758544922
(26,37): 0.5580577254295349
(26,39): 0.45685523748397827
(26,43): 0.5317309498786926
(26,44): 0.5242710113525391
(27,5): 0.4733257293701172
(27,6): 0.45984649658203125
(27,11): 0.5677191019058228
(27,12): 0.5129111409187317
(27,18): 0.4639754891395569
(27,24): 0.4634079039096832
(27,25): 0.33283162117004395
(28,0): 0.49437499046325684
(28,33): 0.5033419728279114
(29,1): 0.5771644711494446
(29,30): 0.4371979534626007
(30,3): 0.3845333755016327
(30,4): 0.5575392246246338
(30,29): 0.5421956181526184
(30,44): 0.5279446244239807
(31,8): 0.4733346998691559
(31,12): 0.4803217351436615
(31,16): 0.4633566439151764
(31,21): 0.384622722864151
(31,22): 0.5098414421081543
(31,39): 0.5507186055183411
(31,42): 0.5285716652870178
(32,10): 0.5456789135932922
(32,12): 0.5565569400787354
(32,23): 0.3780699074268341
(32,45): 0.40644505620002747
(33,13): 0.4605434834957123
(33,15): 0.5599346160888672
(33,28): 0.5009721517562866
(34,14): 0.54890376329422
(34,26): 0.5070241689682007
(35,14): 0.5359467267990112
(35,37): 0.5272512435913086
(36,14): 0.5750661492347717
(37,14): 0.47186005115509033
(37,26): 0.44022542238235474
(37,35): 0.4519539177417755
(38,8): 0.4813382029533386
(38,40): 0.5549995303153992
(38,44): 0.5378122329711914
(39,7): 0.47713539004325867
(39,17): 0.6165157556533813
(39,26): 0.5243561863899231
(39,31): 0.4254039227962494
(39,42): 0.4858334958553314
(40,10): 0.5411019325256348
(40,18): 0.5276907682418823
(40,20): 0.45553213357925415
(40,21): 0.5392590165138245
(40,38): 0.524404764175415
(40,41): 0.5352427959442139
(41,9): 0.40921175479888916
(41,18): 0.49535053968429565
(41,25): 0.5070842504501343
(41,40): 0.5533615350723267
(42,23): 0.46128085255622864
(42,31): 0.5061429738998413
(42,39): 0.4527430534362793
(43,16): 0.5118560791015625
(43,19): 0.4701986014842987
(43,26): 0.3450169265270233
(44,16): 0.5061348080635071
(44,26): 0.5094096064567566
(44,30): 0.5804061889648438
(44,38): 0.4548189640045166
(45,25): 0.542573094367981
(45,32): 0.47391408681869507
