Interaction name: 5jjs

Affinity: 7.320000171661377
Predicted value: 7.134436130523682

Attributions for edges: 

(0,9): 0.4964450001716614
(0,10): 0.5350818634033203
(0,11): 0.5113657116889954
(0,12): 0.5088646411895752
(0,15): 0.5234224796295166
(0,24): 0.5103108286857605
(0,25): 0.518426775932312
(0,31): 0.5188953280448914
(1,2): 0.545945405960083
(1,3): 0.5750336647033691
(1,7): 0.5124431848526001
(1,13): 0.5175621509552002
(1,24): 0.5916540026664734
(1,30): 0.5418633818626404
(1,31): 0.420226126909256
(2,1): 0.46861836314201355
(2,7): 0.5074353814125061
(2,11): 0.5202608704566956
(2,13): 0.4914742410182953
(2,24): 0.4821430742740631
(2,30): 0.5635168552398682
(2,31): 0.3593694865703583
(3,1): 0.5309239625930786
(3,4): 0.37795406579971313
(3,7): 0.6085877418518066
(3,11): 0.5057390928268433
(3,14): 0.564831554889679
(3,24): 0.5520309209823608
(3,26): 0.6152046918869019
(3,27): 0.5420121550559998
(3,29): 0.5064041018486023
(3,31): 0.3607015013694763
(4,3): 0.5935999751091003
(4,7): 0.561237096786499
(4,14): 0.5785257816314697
(4,15): 0.47195950150489807
(4,16): 0.5593385100364685
(4,17): 0.5577850341796875
(4,26): 0.5237944722175598
(4,27): 0.499912828207016
(4,29): 0.5035145878791809
(4,30): 0.5728896856307983
(4,31): 0.5540813207626343
(5,14): 0.569011390209198
(5,16): 0.49164503812789917
(5,17): 0.46590209007263184
(5,18): 0.5289559960365295
(5,19): 0.5405572652816772
(5,20): 0.5261920690536499
(5,27): 0.4304001033306122
(5,29): 0.5073308348655701
(5,33): 0.5609617233276367
(5,34): 0.5142916440963745
(6,21): 0.3958227336406708
(6,22): 0.5088958144187927
(6,23): 0.45539262890815735
(6,32): 0.444065660238266
(6,33): 0.5797231793403625
(6,34): 0.5469342470169067
(7,1): 0.459940642118454
(7,2): 0.47533658146858215
(7,3): 0.5238621830940247
(7,4): 0.49862560629844666
(7,11): 0.5254635810852051
(7,14): 0.47855687141418457
(7,24): 0.47913721203804016
(7,26): 0.5174968838691711
(7,27): 0.48100709915161133
(7,29): 0.5064602494239807
(7,34): 0.4664929211139679
(8,21): 0.49407052993774414
(8,22): 0.5478068590164185
(8,23): 0.4369755685329437
(9,0): 0.4657258689403534
(9,10): 0.4666053056716919
(9,11): 0.5549955368041992
(9,12): 0.46206963062286377
(9,15): 0.5964078903198242
(9,35): 0.4532858729362488
(9,38): 0.5091153979301453
(9,44): 0.5182740688323975
(10,0): 0.559441864490509
(10,9): 0.42074185609817505
(10,11): 0.4856112599372864
(10,12): 0.49200958013534546
(10,13): 0.45870789885520935
(10,24): 0.5658542513847351
(10,25): 0.4540513753890991
(10,36): 0.49074864387512207
(10,50): 0.5312093496322632
(11,0): 0.5624374151229858
(11,2): 0.46928903460502625
(11,3): 0.5160642862319946
(11,7): 0.45445960760116577
(11,9): 0.4486939609050751
(11,10): 0.4769330322742462
(11,12): 0.43048056960105896
(11,13): 0.432260125875473
(11,24): 0.49348992109298706
(11,25): 0.4681914150714874
(11,37): 0.5773952007293701
(11,43): 0.4976012706756592
(11,44): 0.4877532720565796
(12,0): 0.5988107323646545
(12,9): 0.4550206661224365
(12,10): 0.574179470539093
(12,11): 0.4216970205307007
(12,13): 0.41045618057250977
(12,24): 0.46623867750167847
(12,25): 0.5770266652107239
(12,38): 0.5171078443527222
(13,1): 0.3645058572292328
(13,2): 0.5555660724639893
(13,10): 0.5070205330848694
(13,11): 0.4546816945075989
(13,12): 0.5443578362464905
(13,24): 0.5218673944473267
(13,25): 0.5871615409851074
(14,3): 0.5350671410560608
(14,4): 0.5614630579948425
(14,5): 0.5648693442344666
(14,7): 0.42065635323524475
(14,15): 0.5787814855575562
(14,16): 0.49380865693092346
(14,17): 0.5451942086219788
(14,19): 0.5118868350982666
(14,26): 0.5744922757148743
(14,27): 0.45624157786369324
(14,29): 0.4814645051956177
(14,38): 0.5427615642547607
(15,0): 0.523311972618103
(15,4): 0.48946940898895264
(15,9): 0.5582549571990967
(15,14): 0.4852027893066406
(15,16): 0.5151069760322571
(15,26): 0.5380826592445374
(15,38): 0.48422619700431824
(15,41): 0.5076672434806824
(15,42): 0.5106703639030457
(15,44): 0.5121783018112183
(16,4): 0.517229437828064
(16,5): 0.46607521176338196
(16,14): 0.509220540523529
(16,15): 0.4114542305469513
(16,17): 0.47736015915870667
(16,18): 0.47285887598991394
(16,19): 0.5212730765342712
(16,26): 0.5775548219680786
(16,27): 0.5553034543991089
(16,29): 0.47047072649002075
(16,44): 0.49213889241218567
(17,4): 0.5871588587760925
(17,5): 0.5685574412345886
(17,14): 0.5490993857383728
(17,16): 0.48157966136932373
(17,18): 0.4537407457828522
(17,19): 0.6458384990692139
(17,20): 0.46487540006637573
(17,26): 0.5699901580810547
(17,27): 0.5196216106414795
(17,28): 0.5459953546524048
(17,29): 0.5870357155799866
(17,39): 0.4279204308986664
(17,42): 0.5030714273452759
(18,5): 0.5423303246498108
(18,16): 0.4394093453884125
(18,17): 0.48891523480415344
(18,19): 0.5544722080230713
(18,38): 0.5426638722419739
(18,39): 0.42589861154556274
(18,40): 0.5362266898155212
(18,41): 0.42514708638191223
(18,42): 0.5621005892753601
(18,44): 0.5627337694168091
(19,5): 0.47359615564346313
(19,14): 0.5462625026702881
(19,16): 0.5422400832176208
(19,17): 0.5470055341720581
(19,18): 0.5172796845436096
(19,20): 0.5261790156364441
(19,26): 0.5270111560821533
(19,27): 0.5303609371185303
(19,28): 0.5192399621009827
(19,29): 0.5711499452590942
(19,38): 0.5849432349205017
(19,43): 0.5158316493034363
(19,44): 0.5403281450271606
(19,45): 0.4372691512107849
(19,46): 0.6192781925201416
(19,50): 0.5315943956375122
(20,5): 0.5098660588264465
(20,17): 0.5767924189567566
(20,19): 0.515261709690094
(20,21): 0.4929218888282776
(20,22): 0.505376935005188
(20,27): 0.42476406693458557
(20,28): 0.6080988645553589
(20,29): 0.47140225768089294
(20,38): 0.5306956768035889
(20,40): 0.575324296951294
(20,42): 0.42845669388771057
(20,43): 0.5108715891838074
(20,44): 0.5242502093315125
(20,45): 0.43481582403182983
(21,6): 0.4471539556980133
(21,8): 0.5142837166786194
(21,20): 0.5371082425117493
(21,22): 0.53626948595047
(21,23): 0.548803985118866
(21,28): 0.5172033905982971
(21,38): 0.554843008518219
(21,40): 0.47148963809013367
(21,42): 0.6107141375541687
(21,43): 0.48891517519950867
(21,45): 0.5299361944198608
(21,46): 0.5129778385162354
(21,47): 0.4931831955909729
(22,6): 0.4599801301956177
(22,8): 0.4568692445755005
(22,20): 0.5026637315750122
(22,21): 0.5037127733230591
(22,23): 0.5605944991111755
(22,48): 0.4970638155937195
(22,51): 0.4944537580013275
(23,6): 0.5351394414901733
(23,8): 0.4433448612689972
(23,21): 0.3850117623806
(23,22): 0.45808908343315125
(23,43): 0.43473362922668457
(23,45): 0.4912509322166443
(23,49): 0.510905385017395
(24,0): 0.5111984014511108
(24,1): 0.44782644510269165
(24,2): 0.49420708417892456
(24,3): 0.4082503318786621
(24,7): 0.5420545935630798
(24,10): 0.4836982786655426
(24,11): 0.5454286932945251
(24,12): 0.5026934146881104
(24,13): 0.5681787133216858
(24,25): 0.5611798763275146
(24,50): 0.48185965418815613
(25,0): 0.5112061500549316
(25,10): 0.478143572807312
(25,11): 0.5079942941665649
(25,12): 0.5609447360038757
(25,13): 0.547881007194519
(25,24): 0.5192504525184631
(26,3): 0.5204839706420898
(26,4): 0.5429631471633911
(26,7): 0.5433006882667542
(26,14): 0.45826733112335205
(26,15): 0.45864179730415344
(26,16): 0.5614898204803467
(26,17): 0.5494603514671326
(26,19): 0.5815300345420837
(26,27): 0.47741013765335083
(26,29): 0.6596866250038147
(26,41): 0.4952224791049957
(27,3): 0.39667707681655884
(27,4): 0.472842812538147
(27,5): 0.548011064529419
(27,7): 0.5493506193161011
(27,14): 0.4924522638320923
(27,16): 0.5383942127227783
(27,17): 0.5892876386642456
(27,19): 0.5768921375274658
(27,20): 0.41909345984458923
(27,26): 0.5584890246391296
(27,28): 0.4673091173171997
(27,46): 0.4971145987510681
(27,50): 0.571525514125824
(28,17): 0.561289370059967
(28,19): 0.45764753222465515
(28,20): 0.5495680570602417
(28,21): 0.576960027217865
(28,27): 0.515180766582489
(28,29): 0.4711225926876068
(29,3): 0.5079626441001892
(29,4): 0.4755726456642151
(29,5): 0.5144931674003601
(29,7): 0.5229911208152771
(29,14): 0.5047829151153564
(29,16): 0.4405210614204407
(29,17): 0.4486018121242523
(29,19): 0.5605154633522034
(29,20): 0.4562123417854309
(29,26): 0.560666024684906
(29,28): 0.4949474036693573
(30,1): 0.5909023284912109
(30,2): 0.6081127524375916
(30,4): 0.4711149036884308
(30,34): 0.44573622941970825
(30,50): 0.5617315769195557
(31,0): 0.5193428993225098
(31,1): 0.5839830636978149
(31,2): 0.5418624877929688
(31,3): 0.5035955309867859
(31,4): 0.5311059951782227
(32,6): 0.5182233452796936
(32,45): 0.42634496092796326
(33,5): 0.5414860248565674
(33,6): 0.48980236053466797
(34,5): 0.5225027799606323
(34,6): 0.5432936549186707
(34,7): 0.49380946159362793
(34,30): 0.4678877592086792
(34,44): 0.49003419280052185
(34,50): 0.4202735424041748
(35,9): 0.4805554151535034
(35,36): 0.5159087181091309
(35,37): 0.6174807548522949
(36,10): 0.46629053354263306
(36,35): 0.4681061804294586
(36,37): 0.48921987414360046
(37,11): 0.46775516867637634
(37,35): 0.6310321092605591
(37,36): 0.4222073554992676
(38,9): 0.5245801210403442
(38,12): 0.4441462457180023
(38,14): 0.48788800835609436
(38,15): 0.4829425513744354
(38,18): 0.5501703023910522
(38,19): 0.5297995209693909
(38,20): 0.49599742889404297
(38,21): 0.5562793016433716
(39,17): 0.4950794279575348
(39,18): 0.5303462147712708
(39,43): 0.5083634853363037
(40,18): 0.5562657117843628
(40,20): 0.5437772274017334
(40,21): 0.5177080035209656
(41,15): 0.5173119306564331
(41,18): 0.5590102672576904
(41,26): 0.5051870346069336
(42,15): 0.5272767543792725
(42,17): 0.5506151914596558
(42,18): 0.5613136887550354
(42,20): 0.49797961115837097
(42,21): 0.5805525183677673
(43,11): 0.5344039797782898
(43,19): 0.45200398564338684
(43,20): 0.6101319789886475
(43,21): 0.5910419821739197
(43,23): 0.40702784061431885
(43,39): 0.4430082142353058
(44,9): 0.5235750675201416
(44,11): 0.5451775789260864
(44,15): 0.553163468837738
(44,16): 0.4786713421344757
(44,18): 0.6318520903587341
(44,19): 0.5017287135124207
(44,20): 0.5856487154960632
(44,34): 0.5461077690124512
(45,19): 0.5649071931838989
(45,20): 0.5222848057746887
(45,21): 0.4677528142929077
(45,23): 0.5306990146636963
(45,32): 0.40202638506889343
(46,19): 0.5539723038673401
(46,21): 0.573796272277832
(46,27): 0.655063807964325
(46,48): 0.42430704832077026
(46,49): 0.48996880650520325
(47,21): 0.5438076257705688
(47,51): 0.5365182757377625
(48,22): 0.48043739795684814
(48,46): 0.43318766355514526
(48,49): 0.4988342225551605
(49,23): 0.49254149198532104
(49,46): 0.46818044781684875
(49,48): 0.532547652721405
(50,10): 0.5309785008430481
(50,19): 0.5787898898124695
(50,24): 0.4579291343688965
(50,27): 0.4849039912223816
(50,30): 0.38669353723526
(50,34): 0.4990445673465729
(51,22): 0.5694460868835449
(51,47): 0.5162591338157654
