Interaction name: 6dnp

Affinity: 5.179999828338623
Predicted value: 6.399264812469482

Attributions for edges: 

(0,1): 0.4147404730319977
(0,4): 0.48488733172416687
(0,7): 0.49554771184921265
(0,9): 0.4481249749660492
(0,10): 0.42866092920303345
(0,11): 0.4865989685058594
(0,13): 0.4430526793003082
(0,14): 0.5958214402198792
(0,16): 0.46966123580932617
(0,18): 0.537073016166687
(0,19): 0.3897210657596588
(0,20): 0.5690361261367798
(0,21): 0.4216367304325104
(1,0): 0.5572003722190857
(1,2): 0.48257195949554443
(1,3): 0.552579939365387
(1,5): 0.5422781705856323
(1,6): 0.5245174169540405
(1,7): 0.4366648495197296
(1,9): 0.5253544449806213
(1,18): 0.40148675441741943
(1,19): 0.3603092133998871
(1,20): 0.4588930010795593
(2,1): 0.47193199396133423
(2,3): 0.4511006474494934
(2,4): 0.498951256275177
(2,6): 0.46465930342674255
(2,7): 0.4499512314796448
(2,9): 0.506847083568573
(2,19): 0.4355582594871521
(2,20): 0.34600830078125
(3,1): 0.41408106684684753
(3,2): 0.4642826020717621
(3,4): 0.500734806060791
(3,5): 0.6131820678710938
(3,7): 0.420929878950119
(3,9): 0.46842697262763977
(3,18): 0.6606460809707642
(3,19): 0.526445209980011
(3,20): 0.43188056349754333
(3,21): 0.533180832862854
(4,0): 0.5181296467781067
(4,2): 0.48614922165870667
(4,3): 0.4209126830101013
(4,5): 0.5400967001914978
(4,6): 0.527931809425354
(4,7): 0.5344777703285217
(4,9): 0.4807513952255249
(5,1): 0.5026367902755737
(5,3): 0.5256732702255249
(5,4): 0.5308281779289246
(5,6): 0.6393020153045654
(5,7): 0.4262654781341553
(5,9): 0.42505523562431335
(6,1): 0.45639920234680176
(6,2): 0.4347122311592102
(6,4): 0.5456574559211731
(6,5): 0.40526556968688965
(6,7): 0.5032294988632202
(6,9): 0.569085419178009
(7,0): 0.488888680934906
(7,1): 0.6028997302055359
(7,2): 0.396346777677536
(7,3): 0.48454758524894714
(7,4): 0.4869309067726135
(7,5): 0.5386556386947632
(7,6): 0.511579692363739
(7,9): 0.5042339563369751
(7,10): 0.5053314566612244
(7,13): 0.5004218816757202
(7,14): 0.5068439245223999
(7,16): 0.4009328782558441
(7,24): 0.4702737629413605
(7,25): 0.4441436529159546
(7,29): 0.3748184144496918
(8,11): 0.5038068890571594
(8,12): 0.43640953302383423
(8,13): 0.46298035979270935
(8,14): 0.47401514649391174
(8,15): 0.44514036178588867
(8,17): 0.4601364731788635
(8,28): 0.5793707966804504
(9,0): 0.4889243543148041
(9,1): 0.48595762252807617
(9,2): 0.4489322006702423
(9,3): 0.4667782485485077
(9,4): 0.43927550315856934
(9,5): 0.4860766530036926
(9,6): 0.4205348789691925
(9,7): 0.5562658309936523
(9,14): 0.572223961353302
(10,0): 0.4864254295825958
(10,7): 0.47849681973457336
(10,12): 0.5221112370491028
(10,13): 0.5014672875404358
(10,14): 0.5896561741828918
(10,16): 0.5208341479301453
(10,17): 0.39320215582847595
(10,23): 0.37988489866256714
(10,25): 0.39230450987815857
(10,26): 0.4966656267642975
(10,27): 0.47334176301956177
(11,0): 0.506141722202301
(11,8): 0.48912742733955383
(11,12): 0.3899839520454407
(11,13): 0.49496373534202576
(11,14): 0.41884544491767883
(11,15): 0.49265772104263306
(11,16): 0.43084967136383057
(11,28): 0.5056169629096985
(11,29): 0.46463626623153687
(12,8): 0.4975767731666565
(12,10): 0.3905770778656006
(12,11): 0.4756722152233124
(12,13): 0.4851944148540497
(12,14): 0.34023287892341614
(12,15): 0.4627785384654999
(12,16): 0.5198989510536194
(12,17): 0.4613562524318695
(12,22): 0.40187588334083557
(12,25): 0.5154346823692322
(12,31): 0.42479225993156433
(13,0): 0.4617388844490051
(13,7): 0.47361817955970764
(13,8): 0.47576507925987244
(13,10): 0.4793585538864136
(13,11): 0.4686970114707947
(13,12): 0.33411526679992676
(13,14): 0.4198489785194397
(13,15): 0.5803979635238647
(13,16): 0.5264483690261841
(13,17): 0.3762736916542053
(13,28): 0.49431538581848145
(13,30): 0.4229374825954437
(13,32): 0.5416924357414246
(14,0): 0.4346391260623932
(14,7): 0.5097361207008362
(14,8): 0.5536584258079529
(14,9): 0.5131195783615112
(14,10): 0.5179169774055481
(14,11): 0.47624510526657104
(14,12): 0.5291687846183777
(14,13): 0.4435749053955078
(14,15): 0.4748072624206543
(14,16): 0.5670838952064514
(14,17): 0.41917604207992554
(14,24): 0.5980242490768433
(15,8): 0.5757002830505371
(15,11): 0.5555395483970642
(15,12): 0.43497511744499207
(15,13): 0.5974828600883484
(15,14): 0.5507861375808716
(15,16): 0.5000274181365967
(15,17): 0.4547598659992218
(15,32): 0.38598039746284485
(16,0): 0.46641314029693604
(16,7): 0.4220081865787506
(16,10): 0.5680789947509766
(16,11): 0.48376214504241943
(16,12): 0.4579530358314514
(16,13): 0.45838916301727295
(16,14): 0.49030405282974243
(16,15): 0.5621315240859985
(16,17): 0.5268104672431946
(16,24): 0.4887767732143402
(16,30): 0.5585591197013855
(17,8): 0.47094109654426575
(17,10): 0.460347980260849
(17,12): 0.40926554799079895
(17,13): 0.49171605706214905
(17,14): 0.5821331739425659
(17,15): 0.41157975792884827
(17,16): 0.48106706142425537
(17,23): 0.4524933695793152
(17,31): 0.45878106355667114
(18,0): 0.5287643671035767
(18,1): 0.5415348410606384
(18,3): 0.5201667547225952
(18,19): 0.4879058301448822
(19,0): 0.45565110445022583
(19,1): 0.4331609010696411
(19,2): 0.44715437293052673
(19,3): 0.4807155728340149
(19,18): 0.45792898535728455
(19,29): 0.5653653144836426
(20,0): 0.5103983879089355
(20,1): 0.466620534658432
(20,2): 0.46829333901405334
(20,3): 0.4642603099346161
(20,21): 0.45689237117767334
(20,25): 0.542993426322937
(21,0): 0.42758607864379883
(21,3): 0.4270015358924866
(21,20): 0.4644320607185364
(21,26): 0.49080750346183777
(22,12): 0.5192124247550964
(23,10): 0.39819347858428955
(23,17): 0.5477811694145203
(23,31): 0.5144691467285156
(24,7): 0.45279622077941895
(24,14): 0.49903661012649536
(24,16): 0.4340812563896179
(24,26): 0.46318334341049194
(24,27): 0.4905911982059479
(25,7): 0.5174950957298279
(25,10): 0.38720113039016724
(25,12): 0.4768996834754944
(25,20): 0.4071750044822693
(26,10): 0.401295930147171
(26,21): 0.47128137946128845
(26,24): 0.5927296876907349
(27,10): 0.49247080087661743
(27,24): 0.46626409888267517
(28,8): 0.4135160446166992
(28,11): 0.5277830362319946
(28,13): 0.4866436719894409
(29,7): 0.453132688999176
(29,11): 0.5163347125053406
(29,19): 0.4396917521953583
(30,13): 0.473400741815567
(30,16): 0.38112685084342957
(31,12): 0.37062299251556396
(31,17): 0.5354171395301819
(31,23): 0.46335557103157043
(31,32): 0.5677408576011658
(32,13): 0.5015172362327576
(32,15): 0.4813648760318756
(32,31): 0.5487448573112488
