Interaction name: 5eyk

Affinity: 8.520000457763672
Predicted value: 8.390049934387207

Shapley values for edges: 

(0,3): -0.0835249662399292
(0,13): -0.04774182319641113
(0,26): -0.07794814586639404
(0,28): -0.025376758575439452
(1,2): -0.06737042427062988
(1,4): 0.041665592193603516
(1,8): -0.05686656475067139
(1,18): 0.006368556022644043
(1,24): -0.032199554443359375
(1,29): -0.04037806987762451
(2,1): 0.09129443645477295
(2,8): -0.0040076541900634765
(2,11): 0.038625783920288086
(2,12): 0.04408546447753906
(2,18): 0.026587300300598145
(2,20): 0.044381232261657716
(2,21): 0.028137688636779786
(2,23): 0.04006475448608399
(2,24): 0.020885186195373537
(2,25): 0.0812771224975586
(3,0): 0.005403566360473633
(3,13): 0.023405232429504395
(3,14): -0.03328897476196289
(3,26): -0.011903162002563477
(3,30): 0.04799891948699951
(4,1): 0.017098894119262697
(4,7): 0.05624363422393799
(4,8): -0.009869003295898437
(4,15): 0.06466642379760743
(4,16): 0.026635403633117675
(4,30): -0.09601601600646972
(5,11): -0.014425253868103028
(5,22): -0.008081321716308593
(5,25): -0.006722316741943359
(5,27): -0.06681779861450195
(6,11): -0.04672542095184326
(6,22): -0.04637185573577881
(6,25): -0.032187671661376954
(6,27): -0.02413271427154541
(7,4): 0.0834263801574707
(7,8): -0.036222243309021
(7,10): 0.04390194892883301
(7,15): 0.020822281837463378
(7,16): 0.05028682708740234
(7,19): -0.04243143558502197
(7,20): 0.021467199325561525
(7,21): 0.0316588544845581
(7,23): 0.04300766944885254
(7,26): 0.09267251014709472
(7,39): 0.024054198265075682
(8,1): 0.08415941715240478
(8,2): 0.05967552185058594
(8,4): 0.07334953784942627
(8,7): -0.016207427978515626
(8,15): 0.043619694709777834
(8,16): 0.026194548606872557
(8,19): 0.0079410982131958
(8,21): 0.02201620101928711
(8,23): 0.03696291923522949
(8,31): 0.017621006965637207
(8,38): -0.012189531326293945
(9,10): -0.010981860160827637
(9,17): -0.05339571475982666
(9,20): -0.04278498649597168
(9,21): -0.006813321113586426
(9,23): 0.01747722625732422
(9,41): -0.0031881046295166014
(10,7): 0.009784131050109864
(10,9): 0.01899956226348877
(10,17): -0.031048235893249513
(10,20): 0.01000805377960205
(10,21): 0.009980673789978028
(10,23): -0.07501526355743408
(10,32): 0.042547717094421386
(10,40): -0.032032504081726074
(11,2): 0.038911294937133786
(11,5): 0.011043496131896972
(11,6): -0.024544906616210938
(11,12): 0.0244952917098999
(11,18): -0.0047902345657348635
(11,22): -0.08201871871948242
(11,24): -0.01668306827545166
(11,25): -0.013401389122009277
(11,27): -0.0490369701385498
(12,2): 0.03008272647857666
(12,11): 0.018182802200317382
(12,18): 0.004893412590026855
(12,20): 0.021479387283325196
(12,21): 0.019333624839782716
(12,22): 0.02626786708831787
(12,23): 0.014670062065124511
(12,24): 0.006145868301391601
(12,25): -0.03836291313171387
(12,27): -0.03627694606781006
(12,31): 0.006534833908081055
(12,32): 0.021862950325012207
(13,0): -0.009464750289916992
(13,3): 0.007055706977844238
(13,15): -0.009901432991027833
(13,16): 0.05621958732604981
(13,19): 0.037696738243103024
(13,26): -0.17358344554901123
(13,33): 0.029262309074401856
(14,3): 0.0039285564422607425
(14,34): 0.06908588409423828
(14,35): 0.07493765830993653
(14,36): 0.02060124397277832
(14,37): 0.0539162015914917
(15,4): 0.04216710567474365
(15,7): -0.0188330078125
(15,8): -0.015555438995361328
(15,13): 0.037745304107666015
(15,16): -0.06563888549804688
(15,19): -0.06392367839813233
(15,26): -0.1060703945159912
(15,33): 0.033842735290527344
(16,4): 0.03309473991394043
(16,7): 0.016703610420227052
(16,8): 0.008867831230163574
(16,13): 0.0909337854385376
(16,15): -0.015885353088378906
(16,19): 0.014818744659423828
(16,26): -0.01917022228240967
(16,31): 0.01841325283050537
(16,43): 0.03999495506286621
(16,44): 0.0029884958267211914
(17,9): -0.036721625328063966
(17,10): -0.06230396747589111
(17,20): -0.010312261581420899
(17,21): 0.010903968811035156
(17,23): -0.03968269348144531
(17,39): 0.02075981616973877
(18,1): 0.05099575042724609
(18,2): -0.06326549530029296
(18,11): 0.005565719604492187
(18,12): -0.05619149208068848
(18,20): 0.01618894100189209
(18,21): 0.016235718727111815
(18,22): 0.006889667510986328
(18,24): -0.00022049427032470704
(18,25): -0.004561805725097656
(18,27): -0.03686229228973389
(18,40): -0.016572747230529785
(18,41): 0.02065769672393799
(19,7): -0.019657282829284667
(19,8): -0.020495481491088867
(19,13): 0.05481094360351563
(19,15): -0.07677308082580567
(19,16): 0.004689874649047851
(19,26): -0.027460031509399414
(19,43): 0.026680312156677245
(20,2): 0.045993995666503903
(20,7): 0.0213788366317749
(20,9): -0.006670475006103516
(20,10): 0.031691393852233886
(20,12): 0.04046060562133789
(20,17): 0.026712021827697753
(20,18): 0.044584069252014163
(20,21): -0.034219493865966795
(20,23): -0.004029679298400879
(20,40): 0.0012861204147338867
(21,2): 0.04098467826843262
(21,7): 0.03377846717834473
(21,8): 0.041531524658203124
(21,9): 0.034152674674987796
(21,10): 0.009182686805725098
(21,12): 0.06723494052886964
(21,17): 0.02660266876220703
(21,18): 0.0495880126953125
(21,20): -0.04313648223876953
(21,23): -0.05732490062713623
(21,31): 0.03231921195983887
(21,40): -0.005360431671142578
(22,5): 0.02551525115966797
(22,6): 0.013972253799438476
(22,11): -0.057199225425720215
(22,12): 0.007301707267761231
(22,18): 0.012726445198059082
(22,24): -0.034659895896911624
(22,25): -0.07805299758911133
(22,31): 0.005961103439331055
(23,2): 0.04927966594696045
(23,7): 0.02246257781982422
(23,8): 0.04979735851287842
(23,9): 0.034606943130493166
(23,10): -0.05513526439666748
(23,12): 0.06727178573608399
(23,17): 0.03270548343658447
(23,20): 0.0006885719299316406
(23,21): -0.05617176532745361
(23,32): 0.03626996994018555
(23,42): 0.030449481010437013
(24,1): -7.886409759521484e-05
(24,2): -0.012263922691345215
(24,11): -0.06698487281799316
(24,12): -0.0011366891860961914
(24,18): -0.01479255199432373
(24,22): -0.011193809509277343
(24,25): 0.0005190467834472656
(24,27): -0.07138223171234132
(25,2): 0.025172719955444334
(25,5): 0.028164844512939453
(25,6): -0.02064027786254883
(25,11): -0.013641595840454102
(25,12): -0.04278674125671387
(25,18): 0.0076426172256469724
(25,22): -0.056960158348083496
(25,24): -0.017038087844848632
(25,27): -0.026513876914978026
(25,41): 0.0468601655960083
(25,45): 0.009698991775512695
(26,0): -0.018206672668457033
(26,3): 0.021551179885864257
(26,7): 0.0034271574020385744
(26,13): 0.053585023880004884
(26,15): -0.04044655323028565
(26,16): 0.0010277748107910157
(26,19): 0.0015888643264770509
(26,34): 0.07686309337615967
(26,37): 0.040715198516845706
(26,39): 0.017824783325195312
(26,43): 0.031593031883239746
(26,44): -0.01511744499206543
(27,5): 0.03727673053741455
(27,6): 0.02415231227874756
(27,11): -0.05838104248046875
(27,12): 0.014957342147827148
(27,18): 0.046444120407104494
(27,24): 0.009040069580078126
(27,25): -0.04374195098876953
(28,0): -0.02996884822845459
(28,33): -0.0745238733291626
(29,1): 0.05917388439178467
(29,30): -0.07017984867095947
(30,3): 0.09686587333679199
(30,4): 0.050274314880371096
(30,29): 0.04327056884765625
(30,44): 0.007602119445800781
(31,8): -0.0015764474868774415
(31,12): 0.06548214435577393
(31,16): 0.01505009651184082
(31,21): 0.013402295112609864
(31,22): -0.027036871910095215
(31,39): -0.0031501579284667967
(31,42): -0.01565621852874756
(32,10): 0.0005698442459106445
(32,12): 0.009008870124816895
(32,23): 0.012007722854614258
(32,45): 0.02835472583770752
(33,13): 0.04653090953826904
(33,15): 0.04195134162902832
(33,28): -0.09123091220855713
(34,14): -0.006798276901245117
(34,26): 0.006922626495361328
(35,14): 0.009556040763854981
(35,37): 0.04301987648010254
(36,14): -0.010455384254455566
(37,14): 0.009212899208068847
(37,26): -0.02712554931640625
(37,35): 0.04813445091247558
(38,8): 0.01568345069885254
(38,40): -0.02682392120361328
(38,44): -0.02903071403503418
(39,7): -0.006336312294006347
(39,17): 0.023924131393432618
(39,26): 0.0009088277816772461
(39,31): -0.00693483829498291
(39,42): -0.017959647178649903
(40,10): -0.005356502532958984
(40,18): 0.05079976558685303
(40,20): 0.001446843147277832
(40,21): -0.0017195367813110352
(40,38): -0.006364374160766601
(40,41): 0.004908442497253418
(41,9): 0.04012319564819336
(41,18): 0.05560905933380127
(41,25): -0.0007930707931518555
(41,40): -0.016411032676696777
(42,23): 0.03535850048065185
(42,31): -0.0035968112945556643
(42,39): -0.023551759719848634
(43,16): 0.05654265880584717
(43,19): 0.03428075790405274
(43,26): -0.020448737144470215
(44,16): 0.052269392013549805
(44,26): -0.01877854347229004
(44,30): -0.14001441478729248
(44,38): 0.022786259651184082
(45,25): -0.009559202194213866
(45,32): 0.007558836936950684
