Interaction name: 6afr

Affinity: 7.150000095367432
Predicted value: 6.643846035003662

Attributions for edges: 

(0,2): 0.0
(0,3): 0.0
(0,4): 0.0
(0,6): 0.0
(0,7): 0.0
(0,8): 0.5871719121932983
(0,9): 0.0
(0,12): 0.4220426678657532
(0,14): 0.0
(1,10): 0.4629974365234375
(1,11): 0.0
(1,13): 0.0
(2,0): 0.0
(2,5): 0.45177778601646423
(2,6): 0.0
(2,7): 0.5449920892715454
(2,12): 0.0
(2,14): 0.0
(3,0): 0.0
(3,5): 0.5054375529289246
(3,6): 0.0
(3,7): 0.5393314957618713
(3,12): 0.0
(3,14): 0.0
(4,0): 0.0
(4,5): 0.5575504302978516
(4,6): 0.5432097911834717
(4,7): 0.0
(4,8): 0.0
(4,9): 0.0
(4,10): 0.0
(4,14): 0.0
(4,17): 0.48348182439804077
(4,23): 0.4034103751182556
(5,2): 0.5023836493492126
(5,3): 0.4991143047809601
(5,4): 0.4729905128479004
(5,6): 0.0
(5,7): 0.0
(5,8): 0.0
(5,10): 0.0
(5,12): 0.0
(5,13): 0.38156649470329285
(5,14): 0.0
(5,20): 0.5159005522727966
(6,0): 0.0
(6,2): 0.0
(6,3): 0.0
(6,4): 0.5436238646507263
(6,5): 0.0
(6,7): 0.0
(6,8): 0.0
(6,12): 0.0
(6,14): 0.0
(6,15): 0.5185321569442749
(6,21): 0.45629024505615234
(6,23): 0.6488510966300964
(7,0): 0.0
(7,2): 0.48040229082107544
(7,3): 0.49274590611457825
(7,4): 0.0
(7,5): 0.0
(7,6): 0.0
(7,8): 0.0
(7,9): 0.0
(7,10): 0.0
(7,12): 0.0
(7,14): 0.0
(7,15): 0.44279491901397705
(7,19): 0.47969332337379456
(8,0): 0.33364570140838623
(8,4): 0.0
(8,5): 0.0
(8,6): 0.0
(8,7): 0.0
(8,9): 0.4336637556552887
(8,10): 0.0
(8,12): 0.0
(8,13): 0.3637353777885437
(8,14): 0.0
(8,21): 0.4586314558982849
(9,0): 0.0
(9,4): 0.0
(9,7): 0.0
(9,8): 0.38807302713394165
(9,14): 0.0
(9,16): 0.6131811738014221
(10,1): 0.3834533989429474
(10,4): 0.0
(10,5): 0.0
(10,7): 0.0
(10,8): 0.0
(10,12): 0.5886439085006714
(10,13): 0.0
(10,14): 0.5079253911972046
(10,23): 0.3626406788825989
(11,1): 0.0
(11,13): 0.5128781795501709
(11,17): 0.5110774636268616
(11,18): 0.4998736083507538
(12,0): 0.5475992560386658
(12,2): 0.0
(12,3): 0.0
(12,5): 0.0
(12,6): 0.0
(12,7): 0.0
(12,8): 0.0
(12,10): 0.4993738532066345
(12,14): 0.0
(12,22): 0.38380831480026245
(13,1): 0.0
(13,5): 0.4725976288318634
(13,8): 0.6159202456474304
(13,10): 0.0
(13,11): 0.44799739122390747
(14,0): 0.0
(14,2): 0.0
(14,3): 0.0
(14,4): 0.0
(14,5): 0.0
(14,6): 0.0
(14,7): 0.0
(14,8): 0.0
(14,9): 0.0
(14,10): 0.6653832793235779
(14,12): 0.0
(15,6): 0.0
(15,7): 0.351421058177948
(16,9): 0.4446372389793396
(16,18): 0.0
(16,19): 0.0
(16,21): 0.5323755741119385
(17,4): 0.5543755292892456
(17,11): 0.49404340982437134
(18,11): 0.5471873879432678
(18,16): 0.0
(18,19): 0.0
(18,21): 0.0
(19,7): 0.3867948055267334
(19,16): 0.0
(19,18): 0.0
(19,21): 0.0
(20,5): 0.6044216752052307
(20,23): 0.6414390802383423
(21,6): 0.5183511972427368
(21,8): 0.3762127757072449
(21,16): 0.43552786111831665
(21,18): 0.0
(21,19): 0.0
(21,22): 0.4459652304649353
(22,12): 0.45769158005714417
(22,21): 0.5190563201904297
(23,4): 0.43219858407974243
(23,6): 0.5161716341972351
(23,10): 0.4153496325016022
(23,20): 0.5716297030448914
