Interaction name: 5ega

Affinity: 5.059999942779541
Predicted value: 5.878046989440918

Attributions for edges: 

(0,1): 0.0
(0,9): 0.0
(0,14): 0.0
(0,15): 0.0
(0,16): 0.5332779884338379
(0,24): 0.0
(0,25): 0.5417791604995728
(0,26): 0.47037434577941895
(1,0): 0.0
(1,2): 0.0
(1,8): 0.0
(1,10): 0.0
(1,14): 0.37676677107810974
(1,15): 0.0
(1,16): 0.0
(1,20): 0.4666318893432617
(1,24): 0.43252938985824585
(1,26): 0.46215710043907166
(1,28): 0.551044225692749
(2,1): 0.0
(2,9): 0.0
(2,15): 0.47976815700531006
(2,16): 0.0
(2,20): 0.0
(2,24): 0.47227099537849426
(2,25): 0.5426051020622253
(2,26): 0.4857693910598755
(2,28): 0.0
(2,29): 0.5641947388648987
(3,4): 0.0
(3,11): 0.0
(3,14): 0.3128502666950226
(3,20): 0.5394858717918396
(3,25): 0.0
(4,3): 0.0
(4,11): 0.0
(4,18): 0.0
(4,21): 0.596229612827301
(4,23): 0.0
(4,25): 0.5458949208259583
(5,6): 0.0
(5,7): 0.0
(5,13): 0.0
(5,17): 0.0
(5,19): 0.0
(5,21): 0.48370200395584106
(5,22): 0.0
(5,23): 0.44773781299591064
(5,27): 0.0
(5,30): 0.5079780220985413
(6,5): 0.0
(6,12): 0.0
(6,17): 0.5054071545600891
(6,18): 0.5931863188743591
(6,19): 0.5040314197540283
(6,21): 0.0
(6,22): 0.0
(6,27): 0.46249812841415405
(6,28): 0.3335239291191101
(7,5): 0.0
(7,12): 0.0
(7,17): 0.4894649088382721
(7,18): 0.5202914476394653
(7,19): 0.0
(7,22): 0.5375975966453552
(7,23): 0.0
(7,27): 0.0
(7,28): 0.5625024437904358
(7,30): 0.0
(8,1): 0.0
(8,9): 0.0
(8,14): 0.0
(8,15): 0.0
(8,16): 0.43091142177581787
(8,24): 0.550462543964386
(8,25): 0.5138121843338013
(8,26): 0.5184231996536255
(9,0): 0.0
(9,2): 0.0
(9,8): 0.0
(9,10): 0.0
(9,14): 0.47393298149108887
(9,15): 0.0
(9,16): 0.0
(9,20): 0.4507358968257904
(9,24): 0.0
(9,26): 0.0
(10,1): 0.0
(10,9): 0.0
(10,15): 0.46200600266456604
(10,16): 0.0
(10,20): 0.0
(10,24): 0.0
(10,25): 0.366859495639801
(10,26): 0.0
(11,3): 0.0
(11,4): 0.0
(11,14): 0.5553696155548096
(11,18): 0.5175246000289917
(11,20): 0.5409361720085144
(11,25): 0.0
(12,6): 0.0
(12,7): 0.0
(12,13): 0.0
(12,17): 0.0
(12,19): 0.0
(12,21): 0.5371193289756775
(12,22): 0.0
(12,23): 0.5322796702384949
(12,27): 0.0
(13,5): 0.0
(13,12): 0.0
(13,17): 0.5083426237106323
(13,18): 0.5061904191970825
(13,19): 0.0
(13,22): 0.6196142435073853
(13,23): 0.0
(13,27): 0.0
(14,0): 0.0
(14,1): 0.5690847039222717
(14,3): 0.4436270594596863
(14,8): 0.0
(14,9): 0.39453011751174927
(14,11): 0.5725612044334412
(14,15): 0.0
(14,16): 0.0
(14,20): 0.0
(14,24): 0.40074586868286133
(14,25): 0.0
(14,26): 0.4679931104183197
(15,0): 0.0
(15,1): 0.0
(15,2): 0.5077341794967651
(15,8): 0.0
(15,9): 0.0
(15,10): 0.553511917591095
(15,14): 0.0
(15,16): 0.0
(15,20): 0.0
(15,24): 0.0
(15,25): 0.0
(15,26): 0.0
(16,0): 0.43351057171821594
(16,1): 0.0
(16,2): 0.0
(16,8): 0.488682359457016
(16,9): 0.0
(16,10): 0.0
(16,14): 0.0
(16,15): 0.0
(16,20): 0.0
(16,24): 0.0
(16,25): 0.0
(16,26): 0.0
(17,5): 0.0
(17,6): 0.0
(17,7): 0.0
(17,12): 0.0
(17,13): 0.0
(17,18): 0.0
(17,19): 0.0
(17,21): 0.0
(17,22): 0.0
(17,23): 0.0
(17,27): 0.0
(18,4): 0.0
(18,6): 0.5193042159080505
(18,7): 0.4766741394996643
(18,11): 0.5561884641647339
(18,13): 0.5470826029777527
(18,17): 0.48120594024658203
(18,19): 0.0
(18,21): 0.0
(18,22): 0.0
(18,23): 0.0
(18,27): 0.0
(19,5): 0.0
(19,6): 0.44295352697372437
(19,7): 0.0
(19,12): 0.0
(19,13): 0.0
(19,17): 0.35120972990989685
(19,18): 0.0
(19,21): 0.0
(19,22): 0.0
(19,23): 0.0
(19,31): 0.4462209641933441
(20,1): 0.39128193259239197
(20,2): 0.0
(20,3): 0.40565451979637146
(20,9): 0.556208610534668
(20,10): 0.0
(20,11): 0.5079684257507324
(20,14): 0.0
(20,15): 0.0
(20,16): 0.0
(20,24): 0.0
(20,25): 0.0
(20,26): 0.0
(21,4): 0.5055876970291138
(21,5): 0.4906406104564667
(21,6): 0.0
(21,12): 0.4897940158843994
(21,17): 0.0
(21,18): 0.0
(21,19): 0.0
(21,22): 0.0
(21,23): 0.0
(21,27): 0.0
(22,5): 0.0
(22,6): 0.0
(22,7): 0.46126043796539307
(22,12): 0.0
(22,13): 0.5586381554603577
(22,17): 0.0
(22,18): 0.0
(22,19): 0.0
(22,21): 0.0
(22,23): 0.0
(22,27): 0.0
(23,4): 0.0
(23,5): 0.539852499961853
(23,7): 0.0
(23,12): 0.5175894498825073
(23,13): 0.0
(23,17): 0.0
(23,18): 0.0
(23,19): 0.0
(23,21): 0.0
(23,22): 0.0
(23,27): 0.0
(24,0): 0.0
(24,1): 0.0
(24,2): 0.0
(24,8): 0.0
(24,9): 0.0
(24,10): 0.0
(24,14): 0.0
(24,15): 0.0
(24,16): 0.0
(24,20): 0.0
(24,25): 0.0
(25,0): 0.49745094776153564
(25,2): 0.6107618808746338
(25,3): 0.0
(25,4): 0.5480672717094421
(25,8): 0.5631288886070251
(25,10): 0.3994302749633789
(25,11): 0.0
(25,14): 0.0
(25,15): 0.0
(25,16): 0.0
(25,20): 0.0
(25,24): 0.5664322376251221
(25,26): 0.4897201359272003
(26,0): 0.0
(26,1): 0.0
(26,2): 0.0
(26,8): 0.0
(26,9): 0.0
(26,10): 0.0
(26,14): 0.0
(26,15): 0.0
(26,16): 0.0
(26,20): 0.0
(26,25): 0.0
(27,5): 0.0
(27,6): 0.5214224457740784
(27,7): 0.0
(27,12): 0.0
(27,13): 0.0
(27,17): 0.0
(27,18): 0.0
(27,21): 0.0
(27,22): 0.0
(27,23): 0.0
(28,1): 0.5023542046546936
(28,2): 0.0
(28,6): 0.47661423683166504
(28,7): 0.5321087837219238
(28,29): 0.4985085129737854
(29,2): 0.5224682688713074
(29,28): 0.47660475969314575
(30,5): 0.3224948048591614
(30,7): 0.0
(30,31): 0.5658469200134277
(31,19): 0.5844519138336182
(31,30): 0.4997422695159912
