Interaction name: 5l8c

Affinity: 7.0
Predicted value: 6.943108558654785

Attributions for edges: 

(0,1): 0.49319326877593994
(0,7): 0.6185813546180725
(0,8): 0.0
(0,9): 0.5629698038101196
(0,10): 0.6258947849273682
(0,21): 0.4283546209335327
(0,22): 0.0
(0,28): 0.5610775947570801
(1,0): 0.4115806221961975
(1,7): 0.0
(1,8): 0.5966273546218872
(1,9): 0.4614410996437073
(1,11): 0.5872108936309814
(1,12): 0.0
(1,21): 0.0
(1,22): 0.0
(1,23): 0.0
(1,26): 0.0
(1,28): 0.5811113715171814
(2,11): 0.401469349861145
(2,12): 0.37300413846969604
(2,13): 0.0
(2,14): 0.0
(2,15): 0.0
(2,16): 0.0
(2,17): 0.5305233597755432
(2,19): 0.40322399139404297
(2,20): 0.0
(2,26): 0.4199325442314148
(2,27): 0.5154897570610046
(2,28): 0.4217158555984497
(3,5): 0.0
(3,18): 0.0
(3,24): 0.0
(3,25): 0.5756194591522217
(4,5): 0.5336575508117676
(4,6): 0.47872695326805115
(4,28): 0.45701858401298523
(5,3): 0.0
(5,4): 0.5113272070884705
(5,6): 0.44353392720222473
(5,18): 0.0
(5,24): 0.5530506372451782
(5,25): 0.0
(6,4): 0.0
(6,5): 0.0
(7,0): 0.46032068133354187
(7,1): 0.0
(7,8): 0.0
(7,29): 0.4947454035282135
(7,33): 0.4220225512981415
(7,35): 0.5611352324485779
(8,0): 0.0
(8,1): 0.4439834952354431
(8,7): 0.0
(8,30): 0.47220614552497864
(8,32): 0.5961388945579529
(9,0): 0.4779229164123535
(9,1): 0.43627914786338806
(9,10): 0.4798524081707001
(9,11): 0.5715731978416443
(9,21): 0.0
(9,22): 0.0
(9,23): 0.4612284302711487
(9,31): 0.4904126226902008
(9,32): 0.41929739713668823
(10,0): 0.0
(10,9): 0.0
(10,21): 0.0
(10,22): 0.0
(11,1): 0.5196865797042847
(11,2): 0.5048877596855164
(11,9): 0.42881590127944946
(11,12): 0.0
(11,13): 0.0
(11,14): 0.0
(11,20): 0.0
(11,21): 0.4861335754394531
(11,23): 0.0
(11,26): 0.0
(11,32): 0.4917532503604889
(11,37): 0.4667166471481323
(12,1): 0.0
(12,2): 0.5393143892288208
(12,11): 0.0
(12,13): 0.0
(12,14): 0.0
(12,16): 0.0
(12,17): 0.432605117559433
(12,19): 0.5058594346046448
(12,20): 0.0
(12,21): 0.41983991861343384
(12,23): 0.0
(12,27): 0.4678894281387329
(12,30): 0.3557159900665283
(12,33): 0.5131505727767944
(13,2): 0.0
(13,11): 0.0
(13,12): 0.0
(13,14): 0.0
(13,15): 0.5223116278648376
(13,16): 0.0
(13,17): 0.0
(13,19): 0.0
(13,20): 0.0
(13,23): 0.0
(13,24): 0.4456579089164734
(13,25): 0.4733007252216339
(13,26): 0.0
(13,27): 0.0
(13,34): 0.5478065013885498
(13,36): 0.4634722173213959
(13,37): 0.5384873747825623
(14,2): 0.0
(14,11): 0.0
(14,12): 0.0
(14,13): 0.0
(14,15): 0.0
(14,16): 0.0
(14,17): 0.4401909112930298
(14,19): 0.4539083242416382
(14,20): 0.0
(14,23): 0.0
(14,26): 0.0
(14,27): 0.5427370667457581
(14,35): 0.4525042176246643
(14,36): 0.44032976031303406
(15,2): 0.0
(15,13): 0.49820250272750854
(15,14): 0.0
(15,20): 0.0
(15,34): 0.48230913281440735
(15,35): 0.5024002194404602
(15,36): 0.4658714532852173
(16,2): 0.0
(16,12): 0.0
(16,13): 0.0
(16,14): 0.0
(16,17): 0.0
(16,18): 0.0
(16,19): 0.0
(16,20): 0.504449188709259
(16,23): 0.44294849038124084
(16,24): 0.0
(16,25): 0.0
(16,26): 0.0
(16,27): 0.0
(16,31): 0.5961811542510986
(16,32): 0.4768975079059601
(17,2): 0.4506417512893677
(17,12): 0.4388178884983063
(17,13): 0.0
(17,14): 0.44199392199516296
(17,16): 0.0
(17,18): 0.0
(17,19): 0.0
(17,24): 0.0
(17,25): 0.0
(17,26): 0.5112295746803284
(17,27): 0.0
(17,37): 0.5426257252693176
(18,3): 0.0
(18,5): 0.0
(18,16): 0.0
(18,17): 0.0
(18,19): 0.0
(18,24): 0.0
(18,25): 0.0
(18,27): 0.0
(18,33): 0.5017008781433105
(19,2): 0.5888234376907349
(19,12): 0.5079126954078674
(19,13): 0.0
(19,14): 0.49154335260391235
(19,16): 0.0
(19,17): 0.0
(19,18): 0.0
(19,24): 0.0
(19,25): 0.0
(19,26): 0.5247299075126648
(19,36): 0.4463651478290558
(20,2): 0.0
(20,11): 0.0
(20,12): 0.0
(20,13): 0.0
(20,14): 0.0
(20,15): 0.0
(20,16): 0.43637266755104065
(20,23): 0.0
(20,26): 0.0
(20,34): 0.49105304479599
(20,36): 0.42000171542167664
(21,0): 0.5759114623069763
(21,1): 0.0
(21,9): 0.0
(21,10): 0.45430827140808105
(21,11): 0.40170931816101074
(21,12): 0.5759236812591553
(21,22): 0.0
(21,23): 0.0
(21,26): 0.5207822918891907
(21,34): 0.3661094903945923
(22,0): 0.0
(22,1): 0.0
(22,9): 0.0
(22,10): 0.5621964931488037
(22,21): 0.0
(22,23): 0.41641804575920105
(23,1): 0.0
(23,9): 0.4986301064491272
(23,11): 0.0
(23,12): 0.0
(23,13): 0.0
(23,14): 0.0
(23,16): 0.54271000623703
(23,20): 0.0
(23,21): 0.0
(23,22): 0.46124085783958435
(23,26): 0.0
(23,31): 0.5294948816299438
(24,3): 0.0
(24,5): 0.4780348837375641
(24,13): 0.5061694979667664
(24,16): 0.0
(24,17): 0.0
(24,18): 0.0
(24,19): 0.0
(24,25): 0.0
(24,27): 0.0
(25,3): 0.5344081521034241
(25,5): 0.0
(25,13): 0.403425931930542
(25,16): 0.0
(25,17): 0.0
(25,18): 0.0
(25,19): 0.0
(25,24): 0.0
(25,27): 0.0
(25,35): 0.5183121562004089
(26,1): 0.0
(26,2): 0.49973180890083313
(26,11): 0.0
(26,13): 0.0
(26,14): 0.0
(26,16): 0.0
(26,17): 0.3320271074771881
(26,19): 0.6062369346618652
(26,20): 0.0
(26,21): 0.41599181294441223
(26,23): 0.0
(26,27): 0.4987579584121704
(27,2): 0.529602587223053
(27,12): 0.5332673788070679
(27,13): 0.0
(27,14): 0.484175443649292
(27,16): 0.0
(27,17): 0.0
(27,18): 0.0
(27,24): 0.0
(27,25): 0.0
(27,26): 0.3901924192905426
(28,0): 0.5215267539024353
(28,1): 0.5546470284461975
(28,2): 0.5044345259666443
(28,4): 0.5189123749732971
(28,35): 0.4886188209056854
(29,7): 0.4603973925113678
(29,30): 0.5343195199966431
(29,31): 0.0
(30,8): 0.45107513666152954
(30,12): 0.544885516166687
(30,29): 0.49778905510902405
(30,31): 0.0
(31,9): 0.6112571954727173
(31,16): 0.41678836941719055
(31,23): 0.4835551977157593
(31,29): 0.0
(31,30): 0.0
(32,8): 0.4596256911754608
(32,9): 0.41389790177345276
(32,11): 0.5127952098846436
(32,16): 0.47841036319732666
(33,7): 0.36201757192611694
(33,12): 0.5107515454292297
(33,18): 0.4480898678302765
(33,36): 0.0
(34,13): 0.5429499745368958
(34,15): 0.5433347821235657
(34,20): 0.4507130980491638
(34,21): 0.5363317728042603
(35,7): 0.5336308479309082
(35,14): 0.5655449032783508
(35,15): 0.47625407576560974
(35,25): 0.5160714983940125
(35,28): 0.41670432686805725
(36,13): 0.6257448196411133
(36,14): 0.44147831201553345
(36,15): 0.5146263837814331
(36,19): 0.5039845108985901
(36,20): 0.5260360240936279
(36,33): 0.0
(37,11): 0.5225780010223389
(37,13): 0.6041597127914429
(37,17): 0.46686941385269165
