Interaction name: 5w4w

Affinity: 8.100000381469727
Predicted value: 8.078011512756348

Attributions for edges: 

(0,5): 0.4125460088253021
(0,7): 0.48501190543174744
(0,9): 0.49793434143066406
(0,11): 0.44611987471580505
(0,12): 0.42559969425201416
(0,14): 0.4866776764392853
(1,4): 0.43691912293434143
(1,9): 0.6070446372032166
(1,10): 0.4665147066116333
(1,14): 0.5405175089836121
(2,4): 0.3831918239593506
(2,9): 0.6196196675300598
(2,14): 0.41727593541145325
(3,6): 0.5753533244132996
(3,7): 0.5370312333106995
(3,8): 0.5589514374732971
(3,11): 0.5465824007987976
(3,12): 0.5284464359283447
(3,13): 0.43551936745643616
(3,16): 0.5301254987716675
(3,19): 0.3955209255218506
(3,20): 0.3507610857486725
(3,23): 0.4560277760028839
(4,1): 0.4748546779155731
(4,2): 0.4481774568557739
(4,9): 0.5016254186630249
(4,10): 0.46424129605293274
(4,21): 0.44906169176101685
(5,0): 0.5078104734420776
(5,15): 0.4290601909160614
(5,19): 0.33480069041252136
(5,27): 0.41002973914146423
(6,3): 0.4618181884288788
(6,7): 0.5398547053337097
(6,8): 0.6229848265647888
(6,11): 0.4161756634712219
(6,12): 0.5056624412536621
(6,13): 0.7094820141792297
(6,16): 0.5298096537590027
(6,22): 0.42725250124931335
(6,23): 0.5345319509506226
(6,27): 0.5192883014678955
(7,0): 0.4842720627784729
(7,3): 0.4093644618988037
(7,6): 0.5475873351097107
(7,8): 0.5328483581542969
(7,11): 0.5375704765319824
(7,12): 0.48494192957878113
(7,13): 0.4991213083267212
(7,15): 0.5247576832771301
(7,23): 0.5327771902084351
(8,3): 0.6489841341972351
(8,6): 0.4230431020259857
(8,7): 0.4723939895629883
(8,12): 0.5053772330284119
(8,13): 0.4663628339767456
(8,16): 0.5497223734855652
(8,24): 0.3979218900203705
(9,0): 0.5055083632469177
(9,1): 0.5770905613899231
(9,2): 0.4907357096672058
(9,4): 0.6151012778282166
(9,10): 0.3904798924922943
(9,11): 0.534565806388855
(9,12): 0.5104345083236694
(9,15): 0.5442584156990051
(9,25): 0.5163294672966003
(10,1): 0.5086324214935303
(10,4): 0.509209394454956
(10,9): 0.4900844097137451
(10,11): 0.5589213371276855
(10,12): 0.4443023204803467
(10,17): 0.4627375304698944
(10,18): 0.44288814067840576
(10,19): 0.3690347373485565
(10,22): 0.506169855594635
(11,0): 0.4340064227581024
(11,3): 0.45203104615211487
(11,6): 0.4830435812473297
(11,7): 0.47755277156829834
(11,9): 0.4608990550041199
(11,10): 0.5826030969619751
(11,12): 0.48989468812942505
(11,13): 0.4862581789493561
(11,15): 0.4472312331199646
(11,17): 0.467682421207428
(11,22): 0.43564367294311523
(11,26): 0.48895010352134705
(12,0): 0.4155045449733734
(12,3): 0.5596020817756653
(12,6): 0.5783655643463135
(12,7): 0.4843394458293915
(12,8): 0.4794117212295532
(12,9): 0.5281509757041931
(12,10): 0.49466317892074585
(12,11): 0.5975934267044067
(12,13): 0.5160021781921387
(13,3): 0.3829041123390198
(13,6): 0.37606048583984375
(13,7): 0.4253145456314087
(13,8): 0.49737587571144104
(13,11): 0.4574553072452545
(13,12): 0.5600033402442932
(13,20): 0.4925534725189209
(14,0): 0.3824375867843628
(14,1): 0.48850011825561523
(14,2): 0.4150235950946808
(15,5): 0.49374064803123474
(15,7): 0.4369277358055115
(15,9): 0.5500820875167847
(15,11): 0.5151532292366028
(16,3): 0.5491278171539307
(16,6): 0.38582077622413635
(16,8): 0.478524386882782
(16,23): 0.48199987411499023
(16,24): 0.3307536542415619
(17,10): 0.5135779976844788
(17,11): 0.5719956159591675
(17,23): 0.5007215738296509
(17,24): 0.39300644397735596
(18,10): 0.5693190693855286
(18,25): 0.42195114493370056
(19,3): 0.5116245150566101
(19,5): 0.47499534487724304
(19,10): 0.5282841920852661
(19,21): 0.4813351035118103
(20,3): 0.5202752947807312
(20,13): 0.3203619420528412
(20,22): 0.41279488801956177
(20,26): 0.5893543362617493
(21,4): 0.5267339944839478
(21,19): 0.3691888749599457
(21,26): 0.48992758989334106
(22,6): 0.46387824416160583
(22,10): 0.5597229599952698
(22,11): 0.4816570281982422
(22,20): 0.5139228701591492
(23,3): 0.6075634360313416
(23,6): 0.5710550546646118
(23,7): 0.5733461976051331
(23,16): 0.4749000668525696
(23,17): 0.534621000289917
(23,24): 0.4334031343460083
(24,8): 0.5011075735092163
(24,16): 0.6053676605224609
(24,17): 0.41226986050605774
(24,23): 0.6471827626228333
(25,9): 0.6291878819465637
(25,18): 0.5613678693771362
(26,11): 0.4829098582267761
(26,20): 0.5913381576538086
(26,21): 0.5581479072570801
(27,5): 0.4996181130409241
(27,6): 0.5077439546585083
