Interaction name: 5wei

Affinity: 5.699999809265137
Predicted value: 6.460240840911865

Attributions for edges: 

(0,1): 5.81917942015875e-20
(0,3): 1.3710340902982965e-26
(0,5): 1.878887027761611e-16
(0,6): 0.0
(0,7): 9.017845565404113e-26
(0,9): 7.212094979256446e-34
(0,10): 6.7792757562350146e-18
(0,11): 9.392728499768235e-17
(1,0): 9.98473238423994e-20
(1,2): 5.193513032918288e-17
(1,3): 8.682834057512237e-27
(1,5): 1.117249427620427e-16
(2,1): 3.817552264266449e-18
(2,5): 2.057558225361522e-14
(2,7): 5.198746798852533e-24
(3,0): 3.326633142634701e-24
(3,1): 1.227840108086385e-24
(3,6): 0.0
(3,7): 1.9027695083314026e-30
(3,12): 0.0
(4,11): 1.5750903421183393e-20
(4,12): 0.0
(5,0): 2.2701070284650162e-17
(5,1): 7.584583645440609e-18
(5,2): 1.874493399042776e-14
(5,7): 9.711574307449965e-24
(5,10): 1.2179234756267776e-15
(5,11): 1.993082585636293e-14
(6,0): 2.1055247966823014e-36
(6,3): 0.0
(6,8): 0.0
(7,0): 1.619523076493142e-23
(7,2): 8.423843376145944e-21
(7,3): 1.408344453273848e-30
(7,5): 1.8121780771345098e-20
(8,6): 0.0
(8,13): 5.120765137358268e-24
(9,0): 5.501503747430314e-29
(9,10): 2.3656099284481254e-27
(10,0): 1.7374525516127727e-18
(10,5): 2.7721488892249032e-15
(10,9): 7.761189696360645e-33
(11,0): 1.556641416261491e-17
(11,4): 3.883004038426507e-23
(11,5): 2.789696574331639e-14
(11,14): 1.5221896280340902e-13
(12,3): 0.0
(12,4): 0.0
(13,8): 1.3149823849202405e-29
(14,11): 6.972269712534479e-14
