Interaction name: 4ura

Affinity: 5.5
Predicted value: 5.976028919219971

Shapley values for edges: 

(0,1): 0.004139475822448731
(0,7): -0.0040966224670410155
(0,8): 0.010883474349975586
(0,9): 0.008823394775390625
(0,10): 0.012665143013000488
(0,12): -0.11755254745483398
(1,0): -0.0015373849868774415
(1,6): -0.011930112838745116
(1,8): 0.0172007417678833
(1,9): 0.012157950401306152
(1,10): 0.004707551002502442
(1,12): -0.13865700244903564
(2,3): -0.028526344299316407
(2,8): 0.020133895874023436
(2,9): 0.012899298667907715
(2,10): 0.01490142822265625
(2,12): 0.03981519222259521
(3,2): 0.001912965774536133
(3,4): -0.029519433975219726
(3,5): -0.009104466438293457
(3,10): 0.026126747131347657
(3,11): -0.020698323249816894
(3,12): 0.054911870956420895
(4,3): -0.035762510299682616
(4,5): -0.026172146797180176
(4,12): 0.0640961456298828
(5,3): -0.009856367111206054
(5,4): -0.07704695224761964
(6,1): -0.014767355918884277
(6,7): -0.014254202842712402
(6,8): 0.008011088371276856
(6,9): -0.004026012420654297
(6,10): 0.0007091522216796875
(7,0): -0.00920989990234375
(7,6): -0.009450016021728515
(7,8): 0.0015395212173461915
(7,9): -0.02008634090423584
(7,10): -0.009575691223144531
(8,0): 0.012112727165222168
(8,1): 0.009829049110412597
(8,2): -0.023827896118164063
(8,6): 0.01107480525970459
(8,7): 0.015640506744384764
(8,9): 0.02210494041442871
(8,10): 0.043004016876220706
(8,11): -0.054866089820861816
(8,13): -0.027842693328857422
(9,0): 0.011621470451354981
(9,1): 0.01266573429107666
(9,2): -0.0160284423828125
(9,6): 0.02037890911102295
(9,7): 0.0331356143951416
(9,8): 0.01014892578125
(9,10): 0.015888051986694338
(9,11): -0.06756168365478515
(10,0): 0.010925235748291016
(10,1): -0.003725872039794922
(10,2): -0.016526188850402832
(10,3): -0.052917256355285644
(10,6): 0.02610857963562012
(10,7): 0.030449156761169435
(10,8): 0.014156150817871093
(10,9): 0.02350412368774414
(10,11): -0.046988720893859866
(11,3): 0.07272522926330566
(11,8): 0.05546736240386963
(11,9): 0.021659479141235352
(11,10): 0.01756584644317627
(12,0): 0.012305960655212403
(12,1): 0.015486149787902833
(12,2): 0.03869349956512451
(12,3): 0.03956765651702881
(12,4): 0.04686138153076172
(13,8): 0.030937385559082032
