Interaction name: 5q0p

Affinity: 7.409999847412109
Predicted value: 7.494028568267822

Attributions for edges: 

(0,6): 0.5092927813529968
(0,17): 0.5361887216567993
(0,21): 0.47165200114250183
(0,24): 0.42152300477027893
(0,25): 0.4875272214412689
(0,26): 0.5274586081504822
(0,27): 0.5298416614532471
(0,28): 0.46998366713523865
(0,35): 0.41264528036117554
(1,6): 0.48687857389450073
(1,7): 0.44680553674697876
(1,8): 0.47970128059387207
(1,9): 0.4665201008319855
(1,21): 0.49565014243125916
(1,23): 0.48840296268463135
(1,24): 0.40036913752555847
(1,26): 0.4097912609577179
(1,27): 0.5005165934562683
(1,30): 0.5679411292076111
(1,32): 0.4264048933982849
(1,33): 0.46571677923202515
(2,3): 0.5320632457733154
(2,5): 0.5081008076667786
(2,8): 0.4087938964366913
(2,9): 0.4275621175765991
(2,11): 0.4246600866317749
(2,36): 0.5464853048324585
(3,2): 0.4033373296260834
(3,4): 0.4213962256908417
(3,8): 0.44869333505630493
(3,9): 0.4140205681324005
(3,11): 0.43937015533447266
(4,3): 0.4287795126438141
(4,5): 0.44186800718307495
(4,8): 0.6004083156585693
(4,9): 0.42774081230163574
(4,11): 0.5221729278564453
(5,2): 0.42486414313316345
(5,4): 0.4859306812286377
(5,8): 0.46860742568969727
(5,9): 0.40525391697883606
(5,11): 0.5041053891181946
(6,0): 0.5383979082107544
(6,1): 0.4107080399990082
(6,7): 0.45390114188194275
(6,15): 0.49931323528289795
(6,20): 0.47607773542404175
(6,21): 0.4433961510658264
(6,22): 0.44355204701423645
(6,23): 0.41998666524887085
(6,24): 0.41552475094795227
(6,25): 0.518275797367096
(6,27): 0.40766850113868713
(6,28): 0.49755311012268066
(6,37): 0.5313557386398315
(6,61): 0.4725036025047302
(6,67): 0.42436614632606506
(7,1): 0.49855685234069824
(7,6): 0.4207770824432373
(7,15): 0.4737938940525055
(7,21): 0.5168112516403198
(7,23): 0.4568595290184021
(7,24): 0.49014580249786377
(7,29): 0.5059877634048462
(7,30): 0.5113835334777832
(7,32): 0.5138670206069946
(7,33): 0.5397136807441711
(7,38): 0.45916980504989624
(7,39): 0.5443306565284729
(7,45): 0.4414537250995636
(7,47): 0.4673391580581665
(7,59): 0.5052646994590759
(7,67): 0.43355438113212585
(8,1): 0.4665476977825165
(8,2): 0.5155051350593567
(8,3): 0.4509087800979614
(8,4): 0.4868646562099457
(8,5): 0.5059755444526672
(8,9): 0.48089250922203064
(8,11): 0.4740763306617737
(8,30): 0.4587574899196625
(8,32): 0.4171158969402313
(8,33): 0.4866240322589874
(8,41): 0.5113787055015564
(8,42): 0.44871047139167786
(8,59): 0.5178038477897644
(9,1): 0.5378548502922058
(9,2): 0.5191218852996826
(9,3): 0.5370336174964905
(9,4): 0.47872668504714966
(9,5): 0.5006623864173889
(9,8): 0.4859425127506256
(9,11): 0.5354341268539429
(9,30): 0.4668714106082916
(9,32): 0.43622922897338867
(9,33): 0.48179665207862854
(9,43): 0.5388760566711426
(9,44): 0.420879989862442
(9,64): 0.5438022017478943
(10,16): 0.46757474541664124
(10,17): 0.3739425539970398
(10,18): 0.49366891384124756
(10,26): 0.5083518028259277
(10,27): 0.5350406169891357
(10,31): 0.5172448754310608
(11,2): 0.4691632091999054
(11,3): 0.4692997932434082
(11,4): 0.5336224436759949
(11,5): 0.3994341790676117
(11,8): 0.5225712060928345
(11,9): 0.4062495529651642
(11,30): 0.5030879378318787
(11,32): 0.5051446557044983
(11,33): 0.5860977172851562
(11,39): 0.4359816610813141
(11,46): 0.4816393256187439
(11,64): 0.49430131912231445
(12,13): 0.44930851459503174
(12,14): 0.4580163061618805
(12,15): 0.38291695713996887
(12,23): 0.4891975522041321
(12,24): 0.4644645154476166
(12,29): 0.5312036871910095
(12,40): 0.4525831937789917
(12,58): 0.4523659944534302
(12,60): 0.4067338705062866
(13,12): 0.5569369196891785
(13,14): 0.47529980540275574
(13,15): 0.5600193738937378
(13,23): 0.43639934062957764
(13,29): 0.5193952918052673
(13,47): 0.5202370882034302
(13,48): 0.471988707780838
(14,12): 0.40313905477523804
(14,13): 0.4628044366836548
(14,15): 0.4931163787841797
(14,23): 0.38705873489379883
(14,24): 0.5116140246391296
(14,29): 0.40586209297180176
(14,43): 0.5693799257278442
(14,49): 0.3557682931423187
(14,61): 0.5348749756813049
(15,6): 0.5468252897262573
(15,7): 0.5263802409172058
(15,12): 0.46577170491218567
(15,13): 0.45697009563446045
(15,14): 0.5026254057884216
(15,17): 0.4345179796218872
(15,23): 0.4751984477043152
(15,24): 0.46507248282432556
(15,27): 0.43180543184280396
(15,29): 0.4291820228099823
(15,40): 0.48465126752853394
(15,49): 0.4496772587299347
(15,51): 0.4760294556617737
(15,56): 0.480752170085907
(15,59): 0.5948922038078308
(15,67): 0.4690236449241638
(16,10): 0.41138914227485657
(16,17): 0.421916663646698
(16,18): 0.4960022270679474
(16,26): 0.500899076461792
(16,27): 0.48659512400627136
(16,31): 0.44051235914230347
(16,34): 0.4828282594680786
(16,39): 0.5335474014282227
(16,51): 0.38637804985046387
(16,59): 0.47112923860549927
(17,0): 0.4987577199935913
(17,10): 0.5156493186950684
(17,15): 0.42554566264152527
(17,16): 0.48744112253189087
(17,18): 0.4367733597755432
(17,24): 0.600183367729187
(17,26): 0.4154433608055115
(17,27): 0.5120416879653931
(17,31): 0.5024501085281372
(17,34): 0.4756632149219513
(17,40): 0.42171207070350647
(17,50): 0.4820398688316345
(17,51): 0.46860072016716003
(17,61): 0.44070786237716675
(17,62): 0.4418850541114807
(18,10): 0.4639473557472229
(18,16): 0.5142344236373901
(18,17): 0.45940327644348145
(18,26): 0.48426172137260437
(18,31): 0.507137656211853
(18,34): 0.44313082098960876
(18,52): 0.5084660649299622
(18,53): 0.4860811233520508
(18,54): 0.532676100730896
(18,55): 0.4881078600883484
(18,65): 0.46454918384552
(19,20): 0.45596975088119507
(19,21): 0.5322953462600708
(19,22): 0.5092787146568298
(19,25): 0.5167101621627808
(19,28): 0.5049744248390198
(19,56): 0.4403060972690582
(19,63): 0.36467206478118896
(19,66): 0.354121595621109
(20,6): 0.5200755000114441
(20,19): 0.4325188994407654
(20,21): 0.43255066871643066
(20,22): 0.45921826362609863
(20,25): 0.4736332893371582
(20,28): 0.5068093538284302
(20,40): 0.45543530583381653
(20,45): 0.42253682017326355
(20,57): 0.5152732729911804
(20,58): 0.48887282609939575
(20,66): 0.47004756331443787
(21,0): 0.46753618121147156
(21,1): 0.44293493032455444
(21,6): 0.47095954418182373
(21,7): 0.4912715554237366
(21,19): 0.49784743785858154
(21,20): 0.5002231001853943
(21,22): 0.5189065933227539
(21,23): 0.48044610023498535
(21,24): 0.4376847445964813
(21,25): 0.4594511091709137
(21,28): 0.43369707465171814
(21,40): 0.5075846910476685
(21,42): 0.4975918233394623
(21,59): 0.44049200415611267
(22,6): 0.5894606113433838
(22,19): 0.5130321383476257
(22,20): 0.5011738538742065
(22,21): 0.5072279572486877
(22,25): 0.49860072135925293
(22,28): 0.49341025948524475
(23,1): 0.4278649091720581
(23,6): 0.48139411211013794
(23,7): 0.4143403172492981
(23,12): 0.5145512819290161
(23,13): 0.5078405737876892
(23,14): 0.3911935091018677
(23,15): 0.5393264293670654
(23,21): 0.4404739439487457
(23,24): 0.4728950262069702
(23,29): 0.4948161840438843
(23,38): 0.4989717900753021
(23,40): 0.49563953280448914
(24,0): 0.44784557819366455
(24,1): 0.4944591224193573
(24,6): 0.5507739186286926
(24,7): 0.4562535881996155
(24,12): 0.5259084701538086
(24,14): 0.5185657143592834
(24,15): 0.48555222153663635
(24,17): 0.45232734084129333
(24,21): 0.49731123447418213
(24,23): 0.4872252643108368
(24,26): 0.42505815625190735
(24,27): 0.4733758270740509
(24,29): 0.4744265377521515
(24,30): 0.4333896338939667
(24,37): 0.4814510643482208
(24,42): 0.5108469128608704
(24,43): 0.5391127467155457
(24,54): 0.4486151337623596
(24,63): 0.4034714102745056
(25,0): 0.5432854294776917
(25,6): 0.4746166467666626
(25,19): 0.4748114049434662
(25,20): 0.40505748987197876
(25,21): 0.5108692646026611
(25,22): 0.45815202593803406
(25,28): 0.4235633611679077
(25,37): 0.4467097520828247
(25,67): 0.5108098387718201
(26,0): 0.4226990342140198
(26,1): 0.3999556005001068
(26,10): 0.43336963653564453
(26,16): 0.4942949116230011
(26,17): 0.5800121426582336
(26,18): 0.507416844367981
(26,24): 0.540356457233429
(26,27): 0.5663222670555115
(26,31): 0.4917828142642975
(26,34): 0.44313764572143555
(26,37): 0.47100919485092163
(26,39): 0.4592958986759186
(26,41): 0.5373631715774536
(26,54): 0.4497741460800171
(27,0): 0.44026997685432434
(27,1): 0.4586881399154663
(27,6): 0.5449845790863037
(27,10): 0.45753562450408936
(27,15): 0.48316603899002075
(27,16): 0.6059958338737488
(27,17): 0.5315659642219543
(27,24): 0.5157778859138489
(27,26): 0.5048485398292542
(27,31): 0.5273953080177307
(27,34): 0.46695035696029663
(27,37): 0.5162555575370789
(27,57): 0.5488572120666504
(27,60): 0.4677152633666992
(27,62): 0.443156361579895
(28,0): 0.44194525480270386
(28,6): 0.4437849521636963
(28,19): 0.5102591514587402
(28,20): 0.44503849744796753
(28,21): 0.5030878186225891
(28,22): 0.48603278398513794
(28,25): 0.519747793674469
(28,40): 0.5777748823165894
(28,67): 0.4348236918449402
(29,7): 0.5288515090942383
(29,12): 0.4614223837852478
(29,13): 0.4832424223423004
(29,14): 0.47676578164100647
(29,15): 0.477080374956131
(29,23): 0.45570307970046997
(29,24): 0.443734735250473
(29,38): 0.4555600583553314
(29,51): 0.507587194442749
(29,59): 0.4156349003314972
(29,60): 0.5271324515342712
(30,1): 0.49519702792167664
(30,7): 0.4548870325088501
(30,8): 0.4235675632953644
(30,9): 0.4864000082015991
(30,11): 0.5039917826652527
(30,24): 0.5457512140274048
(30,32): 0.4673387408256531
(30,33): 0.5453612804412842
(30,37): 0.5028278827667236
(30,39): 0.5273173451423645
(30,62): 0.383314311504364
(31,10): 0.49543648958206177
(31,16): 0.44203659892082214
(31,17): 0.4488067924976349
(31,18): 0.43086883425712585
(31,26): 0.45094865560531616
(31,27): 0.4041093587875366
(31,34): 0.4622064530849457
(31,51): 0.4536919593811035
(31,62): 0.4568803310394287
(31,65): 0.4555569291114807
(32,1): 0.3998968005180359
(32,7): 0.48875683546066284
(32,8): 0.5059847831726074
(32,9): 0.4530472159385681
(32,11): 0.4131525754928589
(32,30): 0.4728377163410187
(32,33): 0.4921172559261322
(32,38): 0.44188812375068665
(32,45): 0.3513332009315491
(32,57): 0.4775124192237854
(33,1): 0.42800989747047424
(33,7): 0.5021224617958069
(33,8): 0.4396977722644806
(33,9): 0.43549567461013794
(33,11): 0.5024884939193726
(33,30): 0.5402643084526062
(33,32): 0.4525708556175232
(33,37): 0.4970729351043701
(34,16): 0.3642016649246216
(34,17): 0.572549045085907
(34,18): 0.5587767958641052
(34,26): 0.4616406559944153
(34,27): 0.4801759719848633
(34,31): 0.5066326856613159
(35,0): 0.45296600461006165
(35,37): 0.49215102195739746
(35,62): 0.4855376183986664
(36,2): 0.49200981855392456
(36,44): 0.48864707350730896
(37,6): 0.4061688184738159
(37,24): 0.4623278081417084
(37,25): 0.43038833141326904
(37,26): 0.4591160714626312
(37,27): 0.5305982232093811
(37,30): 0.4897363781929016
(37,33): 0.4602021872997284
(37,35): 0.4903683662414551
(38,7): 0.474063903093338
(38,23): 0.5037828087806702
(38,29): 0.45642879605293274
(38,32): 0.4330981969833374
(38,42): 0.49366334080696106
(38,60): 0.5583305954933167
(39,7): 0.4162755310535431
(39,11): 0.4249555766582489
(39,16): 0.3945607542991638
(39,26): 0.4609431326389313
(39,30): 0.5726741552352905
(39,43): 0.5548893213272095
(39,59): 0.531758725643158
(40,12): 0.4838069677352905
(40,15): 0.3671937882900238
(40,17): 0.4623467028141022
(40,20): 0.41925331950187683
(40,21): 0.5915831923484802
(40,23): 0.49467188119888306
(40,28): 0.4800240099430084
(41,8): 0.43793559074401855
(41,26): 0.464455246925354
(41,45): 0.445681095123291
(41,46): 0.4159957766532898
(42,8): 0.4848955571651459
(42,21): 0.4326173663139343
(42,24): 0.44925737380981445
(42,38): 0.4579205811023712
(43,9): 0.4841282367706299
(43,14): 0.49922865629196167
(43,24): 0.46798643469810486
(43,39): 0.4158481955528259
(44,9): 0.4492219090461731
(44,36): 0.521860659122467
(44,64): 0.5409762859344482
(45,7): 0.4718945622444153
(45,20): 0.5556807518005371
(45,32): 0.5144630074501038
(45,41): 0.5995098352432251
(45,46): 0.48839470744132996
(46,11): 0.5248380303382874
(46,41): 0.5001501441001892
(46,45): 0.4593137204647064
(46,64): 0.4917180836200714
(47,7): 0.4846682548522949
(47,13): 0.46962422132492065
(48,13): 0.4417130947113037
(48,61): 0.5457057952880859
(49,14): 0.5419641137123108
(49,15): 0.4599906802177429
(49,50): 0.3759249150753021
(49,67): 0.419498473405838
(50,17): 0.5311598181724548
(50,49): 0.507912814617157
(50,67): 0.4334893226623535
(51,15): 0.5336304903030396
(51,16): 0.4892479479312897
(51,17): 0.5237171053886414
(51,29): 0.5116469860076904
(51,31): 0.5070297718048096
(51,65): 0.464431494474411
(52,18): 0.5030496120452881
(52,54): 0.5308467745780945
(52,59): 0.49176597595214844
(53,18): 0.4963065981864929
(53,65): 0.4780650734901428
(54,18): 0.45972558856010437
(54,24): 0.45113906264305115
(54,26): 0.40493595600128174
(54,52): 0.5651112198829651
(55,18): 0.36844557523727417
(56,15): 0.5372993350028992
(56,19): 0.42831066250801086
(56,57): 0.491237610578537
(56,58): 0.5280537605285645
(57,20): 0.43919214606285095
(57,27): 0.5536894798278809
(57,32): 0.5654259324073792
(57,56): 0.4538596570491791
(57,58): 0.4367311894893646
(57,66): 0.46815770864486694
(58,12): 0.46459218859672546
(58,20): 0.4734097123146057
(58,56): 0.49356701970100403
(58,57): 0.5352275967597961
(59,7): 0.48911112546920776
(59,8): 0.5242868065834045
(59,15): 0.4741244614124298
(59,16): 0.5619170665740967
(59,21): 0.5190951824188232
(59,29): 0.44127899408340454
(59,39): 0.42974644899368286
(59,52): 0.41341397166252136
(60,12): 0.4963276982307434
(60,27): 0.5216242671012878
(60,29): 0.48843929171562195
(60,38): 0.5160827040672302
(61,6): 0.4759639799594879
(61,14): 0.4906434714794159
(61,17): 0.573635995388031
(61,48): 0.3980030417442322
(62,17): 0.41977429389953613
(62,27): 0.4661877751350403
(62,30): 0.511612057685852
(62,31): 0.4962209463119507
(62,35): 0.45975667238235474
(63,19): 0.3690343201160431
(63,24): 0.4835974872112274
(64,9): 0.43777620792388916
(64,11): 0.4981785714626312
(64,44): 0.39208534359931946
(64,46): 0.5397177338600159
(64,66): 0.5399754047393799
(65,18): 0.3828975260257721
(65,31): 0.505455732345581
(65,51): 0.46412014961242676
(65,53): 0.5684382915496826
(66,19): 0.47321540117263794
(66,20): 0.4269261062145233
(66,57): 0.5290277004241943
(66,64): 0.4376274645328522
(67,6): 0.4620598554611206
(67,7): 0.40985575318336487
(67,15): 0.45668748021125793
(67,25): 0.43384844064712524
(67,28): 0.45528075098991394
(67,49): 0.595207691192627
(67,50): 0.5036513805389404
