Interaction name: 6f29

Affinity: 5.489999771118164
Predicted value: 6.100948810577393

Attributions for edges: 

(0,1): 7.398717801901719e-26
(0,4): 1.186040254096287e-22
(0,7): 4.606544193604019e-21
(0,8): 2.356051864340442e-22
(0,11): 3.462136332527148e-23
(0,12): 1.429729039432233e-26
(0,13): 1.7907973061277985e-22
(0,16): 3.541493609667938e-24
(0,20): 1.4745882813950907e-21
(1,0): 5.726518804702999e-26
(1,4): 1.1947062675747031e-26
(1,6): 3.730059025451249e-25
(1,8): 2.373257834775886e-26
(1,11): 3.487420017257964e-27
(1,12): 1.4401702575257509e-30
(1,13): 1.8038823771418568e-26
(1,14): 3.497652483052493e-27
(1,15): 2.69457002963964e-28
(1,16): 3.5673569433059713e-28
(1,20): 1.4853572917971228e-25
(2,5): 1.3027331819214837e-24
(2,10): 1.3699863422788323e-29
(2,11): 3.597028480623172e-25
(2,12): 1.485434377143147e-28
(2,14): 3.6075824534588976e-25
(2,15): 2.7792595826410615e-26
(2,16): 3.679491315793352e-26
(3,5): 3.820206450522026e-24
(3,12): 4.356002866596941e-28
(3,16): 1.0790024670471027e-25
(4,0): 1.1916046895950988e-22
(4,1): 1.550814103928605e-26
(4,6): 7.76170619745579e-22
(4,7): 9.655547418031688e-22
(4,17): 5.372745454286679e-23
(4,18): 1.9473170112336672e-26
(4,19): 3.383201017084561e-23
(4,22): 4.0953716359739157e-25
(5,2): 1.3097741599310339e-24
(5,3): 3.643362373802748e-24
(5,10): 2.6539078707237923e-28
(6,1): 5.389386770905156e-25
(6,4): 8.639343110813222e-22
(6,7): 3.215949297752887e-20
(6,8): 1.7161996401913215e-21
(7,0): 5.082977204317905e-21
(7,4): 1.0604462521123526e-21
(7,6): 3.1952710749087684e-20
(7,8): 2.106553360617841e-21
(8,0): 2.3441820951806347e-22
(8,1): 3.0508477522739364e-26
(8,6): 1.5269262363395012e-21
(8,7): 1.8995003193833365e-21
(9,10): 4.872465536791169e-28
(9,23): 8.40768646982151e-23
(9,24): 8.073203135120559e-23
(10,2): 1.1943764388309584e-29
(10,5): 2.3012912831358776e-28
(10,9): 4.160238347022298e-28
(11,0): 3.257168496789745e-23
(11,1): 4.239026118820738e-27
(11,2): 3.7284941226305167e-25
(11,12): 8.191530869443009e-28
(11,14): 1.989418850546007e-24
(11,20): 8.448549464711958e-23
(12,0): 1.165073909450361e-26
(12,1): 1.5162681882951593e-30
(12,2): 1.3336595419457664e-28
(12,3): 3.709817981292295e-28
(12,11): 7.095212581970074e-28
(12,18): 1.9039312729082072e-30
(12,19): 3.307874427820486e-27
(13,0): 1.6558186614056693e-22
(13,1): 2.1549653852336547e-26
(13,16): 1.0314985452336643e-24
(14,1): 4.25193408649401e-27
(14,2): 3.7398327655479043e-25
(14,11): 1.9896312513447378e-24
(14,20): 8.474242348850644e-23
(15,1): 3.525069540258304e-28
(15,2): 3.100488057330133e-26
(16,0): 3.4118806074965046e-24
(16,1): 4.440392301935129e-28
(16,2): 3.9055933342228756e-26
(16,3): 1.086412089618424e-25
(16,13): 1.0747595786683714e-24
(17,4): 5.060065919461675e-23
(17,19): 6.88625209377754e-23
(17,22): 8.335823174065093e-25
(18,4): 1.5518615016695607e-26
(18,12): 1.8706993893336247e-30
(18,24): 2.858668601661663e-26
(19,4): 3.134038037993056e-23
(19,12): 3.777985067967666e-27
(19,17): 6.773313086787582e-23
(19,21): 5.511918188451943e-23
(19,22): 5.162933401224018e-25
(20,0): 1.651045030565349e-21
(20,1): 2.1487609633992123e-25
(20,11): 1.0054817311414671e-22
(20,14): 1.0084316922737592e-22
(21,19): 5.4851953675154e-23
(21,22): 6.6398668911485445e-25
(22,4): 3.4065336096733034e-25
(22,17): 7.362177025214783e-25
(22,19): 4.635939803871778e-25
(22,21): 5.991118036494165e-25
(23,9): 8.407557727721778e-23
(24,9): 8.070216823277754e-23
(24,18): 3.3076238258161224e-26
