Interaction name: 5ml4

Affinity: 8.699999809265137
Predicted value: 8.722504615783691

Shapley values for edges: 

(0,1): 0.0010767650604248046
(0,26): 0.028773097991943358
(0,27): 0.023748912811279298
(0,28): 0.027662763595581053
(0,36): 0.0052726221084594726
(1,0): 0.005271592140197754
(1,8): 0.0216593074798584
(1,26): 0.01584282875061035
(1,27): 0.01030221462249756
(1,28): 0.01360349178314209
(1,36): 0.004508056640625
(2,3): 0.002357010841369629
(2,10): 0.012910938262939453
(2,11): 0.016438775062561035
(2,14): 0.009049525260925293
(2,15): 0.005294580459594727
(2,30): 0.007498502731323242
(2,37): 0.006710400581359863
(3,2): 0.011720356941223144
(3,12): 0.010195879936218262
(3,14): 0.006286544799804688
(3,15): 0.006001148223876953
(3,29): 0.01969988822937012
(3,30): 0.004378805160522461
(3,37): 0.003355088233947754
(3,38): 0.0017386484146118164
(4,5): 0.006367273330688476
(4,16): 0.011225242614746094
(4,25): 0.044089837074279783
(4,31): 0.008766589164733886
(4,32): 0.007297987937927246
(4,35): -0.001139988899230957
(4,37): 0.00617919921875
(4,38): 0.008037919998168946
(4,39): 0.007486257553100586
(5,4): 0.00576286792755127
(5,16): 0.01896435260772705
(5,20): 0.053304290771484374
(5,25): 0.049290761947631836
(5,31): 0.013484983444213868
(5,32): 0.014230985641479493
(5,35): -0.0002624988555908203
(5,37): 0.007680583000183106
(5,39): 0.0037343597412109377
(6,12): 0.04424647331237793
(6,13): 0.012964811325073242
(6,29): 0.014171061515808105
(6,40): -0.05139091968536377
(7,12): 0.0011494493484497071
(7,13): -0.0013121414184570314
(7,29): 0.01938235282897949
(8,1): -0.005585346221923828
(8,9): 0.0007600450515747071
(8,26): 0.0017047548294067383
(8,27): 0.0011942720413208009
(8,41): 0.012955474853515624
(8,42): -0.0005585813522338867
(8,43): -8.206844329833985e-05
(8,44): 0.009486823081970215
(8,61): 0.006889662742614746
(8,63): 0.003643031120300293
(9,8): 0.0009420967102050781
(9,10): 0.0016997623443603515
(9,11): -0.0020847845077514647
(9,26): -6.515979766845703e-05
(9,27): -0.0009583282470703125
(9,28): 6.313800811767578e-05
(9,42): -0.0006437158584594727
(9,43): 0.0005478525161743164
(10,2): -0.005727930068969727
(10,9): 0.0006800556182861328
(10,11): 0.0008507776260375977
(10,12): 0.0032077884674072267
(10,26): 0.0007159423828125
(10,27): 0.001712942123413086
(10,28): 0.002901945114135742
(10,46): 0.002873330116271973
(10,48): 0.00951162338256836
(11,2): -0.013588252067565918
(11,9): 0.00038644790649414065
(11,10): -0.0021526145935058592
(11,12): 0.003408193588256836
(11,26): 0.0012573671340942382
(11,27): -0.00118255615234375
(11,28): 0.002078518867492676
(11,61): 0.011071729660034179
(11,67): 0.00859635829925537
(12,3): 0.00045328140258789064
(12,6): -0.030199618339538575
(12,7): 0.027751870155334472
(12,10): 0.00594139575958252
(12,11): 0.0038399648666381835
(12,13): 0.008243794441223145
(12,29): 0.017684779167175292
(12,42): 0.011446971893310547
(12,43): 0.006234135627746582
(12,46): 0.00972367763519287
(12,47): 0.013160319328308105
(13,6): -0.0204362154006958
(13,7): 0.008329653739929199
(13,12): -0.0022272253036499023
(13,29): 0.0063618898391723635
(13,48): 0.008445806503295898
(13,49): 0.0034325313568115234
(14,2): -0.005880002975463867
(14,3): -0.007670669555664062
(14,15): -0.0021270799636840822
(14,16): -0.0015227460861206054
(14,30): -0.0021850013732910155
(14,31): 0.0012724018096923828
(14,32): 0.0004348611831665039
(14,35): -0.020137252807617186
(14,43): 0.006331653594970703
(14,47): 0.005803771018981933
(14,49): 0.008468189239501954
(15,2): -0.00888545036315918
(15,3): -0.007150659561157227
(15,14): 0.002020740509033203
(15,16): -0.0026272439956665037
(15,30): -6.745338439941407e-05
(15,31): -0.0010137367248535156
(15,32): -0.0015638351440429687
(15,35): -0.008520984649658203
(15,50): 0.009911518096923828
(15,65): 0.004084305763244629
(16,4): -0.014434747695922852
(16,5): -0.010015211105346679
(16,14): 0.0017703914642333985
(16,15): 0.0034867191314697267
(16,19): 0.00479344367980957
(16,30): -0.0008657264709472656
(16,31): 0.001512603759765625
(16,32): 7.586479187011719e-06
(16,35): -0.013973965644836425
(16,64): 0.010920395851135254
(16,65): 0.006558499336242676
(16,68): 0.009927434921264649
(17,18): 5.475997924804688e-05
(17,19): -0.005356988906860352
(17,33): -0.0019396543502807617
(17,53): 0.004624381065368653
(17,64): -0.001332535743713379
(17,68): -0.0036879634857177736
(18,17): -0.0017198657989501954
(18,19): -0.007028064727783203
(18,33): -0.0013188505172729492
(18,66): -0.001698613166809082
(18,67): -0.0014510107040405272
(19,16): -0.0033513307571411133
(19,17): 0.005141711235046387
(19,18): 0.008645806312561035
(19,31): -0.0018723678588867187
(19,32): -0.004750318527221679
(19,33): 0.005426554679870605
(19,35): -0.02118778705596924
(19,50): 0.004183411598205566
(19,64): 0.0036565971374511717
(19,68): 0.0009004068374633789
(20,5): -0.014949994087219238
(20,21): 0.0071788978576660155
(20,22): 0.0057747125625610355
(20,24): 0.008058457374572755
(20,25): 0.003945350646972656
(20,33): 0.007053203582763672
(20,34): 0.011593084335327148
(20,50): 0.0023905372619628905
(20,68): 0.002754988670349121
(21,20): -0.0042380809783935545
(21,22): -0.001430354118347168
(21,23): 0.0002654552459716797
(21,24): -0.0010837316513061523
(21,25): -0.004075608253479004
(21,34): -0.0038384008407592774
(21,55): 0.004198679924011231
(21,56): 0.004933876991271973
(22,20): -0.003443427085876465
(22,21): -0.00039220809936523437
(22,23): -0.0006809759140014648
(22,24): -0.003295145034790039
(22,25): -0.004739274978637695
(22,34): -0.002856435775756836
(22,51): 0.004403896331787109
(22,70): 0.0018410444259643554
(23,21): -0.0017018938064575196
(23,22): -0.0012003231048583985
(23,24): -0.0013959169387817382
(23,25): -0.006474518775939941
(23,34): -0.0022089624404907225
(23,57): 0.004409375190734863
(23,58): -0.00036749839782714846
(23,59): 0.002978510856628418
(23,70): 0.0004221582412719727
(24,20): -0.0044411420822143555
(24,21): 0.0003809499740600586
(24,22): -0.001105208396911621
(24,23): -7.812023162841797e-05
(24,25): -0.008296303749084473
(24,34): -0.001063551902770996
(24,58): -0.000221099853515625
(24,69): 0.002459716796875
(24,70): 0.002123432159423828
(24,71): 0.006603250503540039
(25,4): -0.0184389066696167
(25,5): -0.020018982887268066
(25,20): 0.00592803955078125
(25,21): 0.009655218124389648
(25,22): 0.008835129737854004
(25,23): 0.011668996810913086
(25,24): 0.0172294807434082
(25,33): 0.008015708923339844
(25,34): 0.007824783325195312
(25,58): 0.012222943305969238
(25,67): 0.006829915046691895
(25,72): 0.0034345722198486327
(26,0): -0.020245299339294434
(26,1): -0.006062836647033692
(26,8): 0.006748137474060059
(26,9): 0.0066495990753173825
(26,10): 0.004608249664306641
(26,11): 0.005275759696960449
(26,27): 0.0011638879776000976
(26,28): 0.004598278999328614
(26,60): 0.01925812244415283
(27,0): -0.012730093002319335
(27,1): -0.01165712833404541
(27,8): 0.00498021125793457
(27,9): 0.003796291351318359
(27,10): 0.004210782051086426
(27,11): 0.006922130584716797
(27,26): 0.004785146713256836
(27,28): 0.00475489616394043
(27,47): 0.007147159576416016
(28,0): -0.014938898086547851
(28,1): -0.012830739021301269
(28,9): 0.003859138488769531
(28,10): 0.0056658172607421875
(28,11): 0.0071734619140625
(28,26): 0.003161482810974121
(28,27): 0.0026410770416259765
(28,45): 0.014471120834350586
(28,46): 0.0074208927154541015
(29,3): -0.011041460037231445
(29,6): -0.020522069931030274
(29,7): 0.015957140922546388
(29,12): 0.0019135856628417968
(29,13): 0.0047642230987548825
(29,68): 0.00789132595062256
(30,2): -0.004205183982849121
(30,3): -0.0047033166885375975
(30,14): -0.0016441488265991212
(30,15): 0.0014518260955810546
(30,16): -0.0002242469787597656
(30,31): 0.004102773666381836
(30,32): 0.0025243902206420897
(30,35): -0.010408225059509278
(30,63): 0.005157384872436523
(31,4): -0.01874039649963379
(31,5): -0.011363887786865234
(31,14): 0.002640514373779297
(31,15): 0.0011967086791992187
(31,16): 0.0015027523040771484
(31,19): 0.006160573959350586
(31,30): -0.00041833877563476565
(31,32): -0.0008753299713134766
(31,62): 0.01322300910949707
(32,4): -0.015387163162231446
(32,5): -0.011374640464782714
(32,14): 0.0005940818786621094
(32,15): 0.003497757911682129
(32,16): 0.0039663553237915036
(32,19): 0.005171308517456055
(32,30): 0.0003671360015869141
(32,31): 0.0034138298034667967
(32,35): -0.024489054679870604
(32,64): 0.013066768646240234
(32,66): 0.01671823501586914
(33,17): -5.376815795898438e-05
(33,18): -0.0005163860321044922
(33,19): -0.004663867950439453
(33,20): -0.004233899116516113
(33,25): -0.003330812454223633
(33,51): 0.0054217529296875
(33,52): 0.007047886848449707
(33,53): 0.004708976745605469
(33,54): 0.006649923324584961
(33,59): 0.005812854766845703
(33,70): 0.004452109336853027
(33,72): -0.0011545896530151367
(34,20): -0.005451655387878418
(34,21): 6.833076477050782e-05
(34,22): 0.0012985467910766602
(34,23): 0.0011557435989379883
(34,24): 0.0008115291595458985
(34,25): -0.004666991233825683
(34,54): 0.004084258079528808
(34,67): -0.0007059717178344726
(34,68): -0.00343937873840332
(34,69): 0.005006275177001953
(35,4): 0.0016678810119628907
(35,5): 0.0020053863525390627
(35,14): -0.0023056364059448244
(35,15): -0.005354018211364746
(35,16): 0.005921311378479004
(35,19): 0.024275360107421876
(35,30): 0.005597586631774902
(35,32): 0.007596702575683594
(36,0): 0.04903213500976562
(36,1): 0.03196528434753418
(37,2): 0.031440200805664065
(37,3): 0.008771634101867676
(37,4): 0.0059783411026000976
(37,5): 0.005806913375854492
(37,63): 0.0329784345626831
(38,3): 0.01170431137084961
(38,4): 0.006375727653503418
(38,39): 0.0017577600479125976
(38,65): 0.014377360343933105
(38,72): 0.034864859580993654
(39,4): 0.017875356674194334
(39,5): 0.08319918632507324
(39,38): 0.02599921226501465
(40,6): 0.060921702384948734
(41,8): -0.004680004119873047
(41,60): -0.002763352394104004
(42,8): -0.0007422828674316407
(42,9): -0.001240682601928711
(42,12): -0.0018228960037231445
(43,8): -0.0006433248519897461
(43,9): 0.00046929359436035154
(43,12): -0.0027147006988525392
(43,14): -0.0016189050674438477
(44,8): -0.004682350158691406
(44,47): -0.007030940055847168
(45,28): -0.0027420616149902346
(45,46): -0.004533848762512207
(46,10): 0.0024631357192993163
(46,12): 0.0014101266860961914
(46,28): -0.0001845407485961914
(46,45): 0.004250478744506836
(47,12): -5.816459655761719e-05
(47,14): -0.0037226104736328126
(47,27): -0.0016504240036010742
(47,44): 0.002679266929626465
(48,10): -0.0012882280349731446
(48,13): 0.0033644533157348635
(49,13): 0.011405367851257325
(49,14): -0.0016058826446533204
(49,65): 0.0038000297546386718
(50,15): -0.0033810806274414064
(50,19): 0.0007996368408203125
(50,20): -0.002411341667175293
(50,64): 0.0001626873016357422
(51,22): -0.002686495780944824
(51,33): -0.0040161371231079105
(51,54): -0.0011231279373168945
(51,57): 0.0005866718292236328
(51,71): -0.00018414974212646484
(52,33): -0.003992815017700196
(52,53): -0.0023777008056640623
(53,17): -0.003887438774108887
(53,33): -0.003521738052368164
(53,52): 0.0004026508331298828
(54,33): -0.003146915435791016
(54,34): -0.003694305419921875
(54,51): 0.00013799667358398436
(54,55): 0.00023261547088623046
(55,21): -0.003997206687927246
(55,54): -0.002675924301147461
(56,21): -0.0034211921691894532
(56,70): -0.0025801610946655272
(57,23): -0.0035593366622924806
(57,51): -0.002173337936401367
(58,23): 0.0003892374038696289
(58,24): 0.00049346923828125
(58,25): -0.003777041435241699
(59,23): -0.0019331645965576171
(59,33): -0.0028571653366088866
(59,70): -0.0004005861282348633
(60,26): -0.002614283561706543
(60,41): 6.047248840332031e-05
(61,8): -0.003367571830749512
(61,11): -0.00407679557800293
(62,31): -0.0016627788543701171
(62,63): -0.0005152559280395508
(63,8): 0.003808574676513672
(63,30): -0.00018703937530517578
(63,37): -0.08017760753631592
(63,62): 0.0068897676467895505
(63,68): 0.005266990661621094
(64,16): -0.0038454341888427735
(64,17): 0.004891390800476074
(64,19): -0.0010617733001708984
(64,32): -0.004365105628967286
(64,50): 0.0036636686325073244
(65,15): 0.0014546489715576171
(65,16): -0.0014410686492919921
(65,38): -0.024830942153930665
(65,49): 0.005250864028930664
(66,18): 0.0038753414154052736
(66,32): -0.0054061031341552735
(67,11): -0.0019395112991333007
(67,18): 0.0016179752349853515
(67,25): -0.0026657247543334962
(67,34): 0.0016255521774291993
(68,16): -0.002985219955444336
(68,17): 0.00741058349609375
(68,19): 0.0010732889175415039
(68,20): -0.0009189796447753906
(68,29): 0.008765411376953126
(68,34): 0.006045894622802734
(68,63): -0.00021759033203125
(69,24): -0.0020813608169555665
(69,34): -0.003168473243713379
(70,22): -0.0020514345169067383
(70,23): -0.002466564178466797
(70,24): -0.002764730453491211
(70,33): -0.00273834228515625
(70,56): 0.0012638330459594726
(70,59): 0.0002245950698852539
(71,24): -0.0037779951095581053
(71,51): -0.0016123247146606445
(72,25): 0.0028003501892089845
(72,33): 0.017207040786743164
(72,38): -0.02530560493469238
