Interaction name: 5o4f

Affinity: 6.679999828338623
Predicted value: 6.608546257019043

Shapley values for edges: 

(0,1): 0.0017545604705810547
(0,3): 0.0029686832427978514
(0,5): -0.005966882705688476
(0,6): 0.008985681533813477
(0,8): 0.013377037048339844
(0,10): 0.008031826019287109
(0,11): 0.0017883777618408203
(0,12): -0.00134979248046875
(0,13): -0.00984187126159668
(0,14): 0.0055541515350341795
(0,15): 0.0014145660400390625
(0,16): 0.0023446941375732423
(0,18): 0.007720823287963867
(1,0): -0.0014028549194335938
(1,3): 0.0005587482452392578
(1,8): 0.009404277801513672
(1,11): 0.0065708160400390625
(1,16): -0.0003701305389404297
(1,17): 0.00025873184204101564
(2,4): 0.0008388233184814454
(2,5): -0.003994998931884766
(2,9): 0.009045553207397462
(2,10): 0.008250322341918945
(2,11): 0.0012102317810058594
(2,14): 0.0012170600891113282
(2,15): -0.001985645294189453
(2,16): 0.0010804271697998048
(2,17): 0.0038345813751220702
(2,18): 0.003936767578125
(2,21): 0.005879449844360352
(3,0): 0.0007514762878417969
(3,1): 0.00045520782470703124
(3,4): 0.0007955455780029297
(3,6): 0.005908660888671875
(3,9): 0.01927530288696289
(3,11): -0.0029812240600585937
(3,15): 0.002012052536010742
(3,16): 0.002024688720703125
(3,17): 0.003046903610229492
(3,21): 0.010837345123291016
(4,2): -3.15093994140625e-05
(4,3): 0.0005263233184814453
(4,5): -0.003361959457397461
(4,7): 0.0074713706970214845
(4,8): 0.021319198608398437
(4,10): 0.006350412368774414
(4,11): -0.0015179538726806641
(4,14): 0.0028822994232177734
(4,15): -0.00041215896606445313
(4,16): 0.0013550376892089843
(4,17): 0.004116630554199219
(4,18): 0.002971172332763672
(4,21): 0.004408369064331055
(5,0): 0.0012104415893554688
(5,2): 0.0012314987182617187
(5,4): 0.0013124275207519532
(5,7): 0.01667795181274414
(5,9): 0.018581457138061523
(5,11): 0.006566848754882813
(5,13): -0.009424514770507812
(5,19): -0.0010398197174072265
(5,20): -0.00813741683959961
(5,22): 0.014866218566894532
(6,0): -0.003293600082397461
(6,3): -0.004487533569335938
(6,8): -0.008474855422973633
(6,11): -0.03333780288696289
(7,4): -0.004704771041870118
(7,5): -0.01873241424560547
(7,9): -0.006548986434936523
(7,10): -0.019670591354370118
(7,11): -0.02416982650756836
(8,0): -0.004967470169067383
(8,1): -0.0024814701080322268
(8,4): -0.0009219932556152343
(8,6): -0.0003805255889892578
(8,9): -0.013498153686523438
(8,11): -0.01695596694946289
(9,2): 0.0005663776397705078
(9,3): -0.0028398323059082033
(9,5): -0.018518524169921877
(9,7): -0.0019346237182617187
(9,8): -0.008009986877441406
(9,10): -0.024019832611083983
(9,11): -0.01624079704284668
(10,0): 0.00473318099975586
(10,2): 0.0038843345642089844
(10,4): 0.004498338699340821
(10,7): 0.013512563705444337
(10,9): 0.01645188331604004
(10,11): 0.0031081485748291017
(10,13): -0.01305856704711914
(11,0): 0.0031902027130126954
(11,1): 0.013709135055541992
(11,2): 0.008849287033081054
(11,3): 0.005233516693115234
(11,4): 0.0026008224487304686
(11,5): -0.00454732894897461
(11,6): 0.011341552734375
(11,7): 0.012778701782226563
(11,8): 0.005136594772338867
(11,9): 0.006992301940917969
(11,10): -0.0037299251556396486
(11,12): -0.01883111000061035
(11,13): -0.006127223968505859
(11,24): -0.01610260009765625
(12,0): 0.008816976547241211
(12,11): 0.017936458587646486
(12,13): 0.006874265670776367
(12,25): 0.002289447784423828
(13,0): 0.011544475555419922
(13,5): 0.0007752132415771484
(13,10): 0.015925207138061524
(13,11): 0.005624475479125976
(13,12): 0.0014248561859130859
(13,26): 0.00225102424621582
(14,0): -0.0027277660369873047
(14,2): -0.003304004669189453
(14,4): -0.0009650325775146484
(14,16): -0.0026657962799072265
(14,21): 0.004640560150146484
(15,0): -0.0015154838562011718
(15,2): -0.0016372013092041016
(15,3): -0.0004400062561035156
(15,4): -0.0005060005187988282
(15,16): -0.0020433330535888673
(15,19): -0.016714372634887696
(16,0): -0.002953033447265625
(16,1): -0.0034984683990478514
(16,2): -0.0021538448333740232
(16,3): -7.151603698730468e-05
(16,4): -0.0003469562530517578
(16,14): -0.0019678783416748045
(16,15): -0.0038022518157958983
(16,21): 0.001546945571899414
(17,1): 0.0007904815673828125
(17,2): -0.008882160186767579
(17,3): -0.0032834625244140625
(17,4): -0.0028618907928466795
(17,18): -0.002391510009765625
(18,0): -0.0073042488098144535
(18,2): -0.005702247619628906
(18,4): -0.0005875778198242188
(18,17): -0.001307535171508789
(19,5): 0.01382939338684082
(19,15): 0.01367356300354004
(20,5): 0.012732963562011718
(20,22): 0.02491694450378418
(21,2): 0.003118276596069336
(21,3): 0.00730377197265625
(21,4): 0.0027042293548583986
(21,14): 0.004859123229980469
(21,16): 0.0046694278717041016
(22,5): -0.013096723556518555
(22,20): -0.014533758163452148
(22,23): 0.003753538131713867
(23,22): -0.011062002182006836
(24,11): 0.03276262283325195
(24,26): -0.0008626461029052734
(25,12): 0.0033107089996337893
(26,13): 0.014377527236938477
(26,24): 0.001007843017578125
