Interaction name: 6gi6

Affinity: 6.710000038146973
Predicted value: 6.657364845275879

Attributions for edges: 

(0,8): 2.068489925794939e-21
(0,9): 8.848908995886105e-22
(0,13): 2.4237125020465715e-21
(0,15): 3.040294869348159e-21
(0,16): 3.358771522084579e-21
(0,17): 3.415714304257367e-21
(1,2): 7.724861731364904e-17
(1,4): 1.8382526841232566e-20
(1,6): 2.340086094696696e-18
(1,10): 2.7245480628827676e-18
(1,12): 4.632738344347151e-18
(1,18): 0.0
(2,1): 7.831555788111179e-18
(2,3): 5.875561352692649e-15
(2,6): 4.436440675665009e-16
(2,10): 5.191673515584868e-16
(2,12): 9.137393329494183e-16
(2,19): 1.3822901986434754e-23
(3,2): 9.10983341848937e-15
(3,5): 5.140254181998449e-18
(3,6): 2.1704536353077722e-16
(3,10): 2.539947935745819e-16
(3,11): 2.708134524783031e-18
(3,12): 4.470332316769225e-16
(4,1): 3.806511664910853e-20
(4,6): 1.819931971261354e-18
(4,10): 2.1189358424130407e-18
(4,11): 2.8126189391288717e-20
(4,12): 3.602973755154374e-18
(4,14): 5.5154993645261564e-21
(4,15): 9.047743545370498e-21
(4,16): 9.995512389390839e-21
(4,17): 1.0164971323864837e-20
(4,20): 7.45212991521418e-21
(4,23): 3.1154803060787853e-22
(4,25): 5.372906381911344e-24
(4,26): 4.870661589943137e-21
(5,3): 4.6495785835658733e-17
(5,6): 4.124940851697279e-18
(5,10): 4.802625525733905e-18
(5,11): 6.374901973891749e-20
(5,12): 8.166269459897086e-18
(5,14): 1.2501124051964221e-20
(5,16): 2.2655186123707448e-20
(6,1): 7.6581342707621395e-19
(6,2): 1.5538368372335727e-15
(6,3): 4.964921207418116e-16
(6,4): 2.8725289167097025e-19
(6,5): 1.0535168736870842e-18
(6,10): 4.501148301832623e-17
(6,11): 5.651279333398503e-19
(6,12): 7.885279183663028e-17
(6,14): 1.1082108312709146e-19
(6,16): 2.0083645419815461e-19
(6,25): 1.079555896359465e-22
(6,30): 1.2596617772377563e-21
(7,8): 3.2135437692898775e-21
(7,10): 1.1061714691694534e-18
(7,11): 1.468302455948737e-20
(7,13): 3.76540733159486e-21
(7,14): 2.879327864746684e-21
(7,15): 4.7232929822476364e-21
(7,16): 5.218087544634996e-21
(7,17): 5.306531650589597e-21
(7,26): 2.542685146379992e-21
(8,0): 1.4425191797099096e-21
(8,7): 2.941644695571974e-21
(8,13): 4.294836447061826e-21
(8,15): 5.387383708705254e-21
(8,16): 5.95174545307803e-21
(8,17): 6.052671181332303e-21
(8,20): 4.437309421844849e-21
(8,21): 4.499284959888104e-21
(8,25): 3.1992528140402698e-24
(8,29): 4.831246514534342e-21
(9,0): 8.268789016557732e-22
(9,15): 3.0881608791059547e-21
(9,16): 3.41165150651241e-21
(9,17): 3.469477812899046e-21
(9,23): 1.0633704900682472e-22
(9,24): 1.8573112808656478e-21
(9,25): 1.8338714544697542e-24
(9,27): 1.9958113848914655e-24
(10,1): 8.625590756531324e-19
(10,2): 1.7663585683699791e-15
(10,3): 5.643962639639063e-16
(10,4): 3.2311499693547706e-19
(10,5): 1.1850385910830156e-18
(10,6): 4.3703578120981885e-17
(10,7): 1.1165490703393906e-19
(10,11): 6.35678891567534e-19
(10,12): 8.958536102283231e-17
(10,14): 1.2465654482674462e-19
(10,15): 2.0448769404544903e-19
(10,16): 2.2590816931766617e-19
(10,17): 2.2973897198136995e-19
(11,3): 3.169285606970782e-17
(11,4): 2.2087111760100987e-20
(11,5): 8.100548073223976e-20
(11,6): 2.811677891935122e-18
(11,7): 7.632373701600479e-21
(11,10): 3.273619593352351e-18
(11,12): 5.5663634532556465e-18
(11,14): 8.521124339826155e-21
(11,15): 1.397812935268581e-20
(11,16): 1.5442482990561888e-20
(11,22): 6.208343502999228e-21
(12,1): 1.1921663030238085e-18
(12,2): 2.5392713681792e-15
(12,3): 8.113615311092248e-16
(12,4): 4.421920405094896e-19
(12,5): 1.62865296865579e-18
(12,6): 6.253088384206864e-17
(12,10): 7.314561618692881e-17
(12,11): 8.710603726998578e-19
(12,14): 1.7056086829688953e-19
(12,20): 2.304490806878526e-19
(12,27): 1.808226335858879e-22
(13,0): 1.6106773645927325e-21
(13,7): 3.2845597290376125e-21
(13,8): 4.092678028997841e-21
(13,14): 3.6670160556568814e-21
(13,15): 6.015427858928243e-21
(13,16): 6.645581562051312e-21
(14,4): 7.947865557107032e-21
(14,5): 2.9149263175000494e-20
(14,6): 1.0117629677145153e-18
(14,7): 2.7464575359907356e-21
(14,10): 1.1779894613004152e-18
(14,11): 1.5636259742575238e-20
(14,12): 2.0030176465020034e-18
(14,13): 4.009861013030587e-21
(14,15): 5.0299334397443754e-21
(14,16): 5.556829314585398e-21
(14,17): 5.6510576263761185e-21
(14,21): 4.200743844590352e-21
(15,0): 1.8499787367100844e-21
(15,4): 1.0917242815574232e-20
(15,7): 3.772552669591284e-21
(15,8): 4.7007345390970936e-21
(15,9): 2.0109386731178486e-21
(15,10): 1.6180883212698394e-18
(15,11): 2.1478074184714678e-20
(15,13): 5.5079517453333935e-21
(15,14): 4.2118308112966904e-21
(15,16): 7.632927040193837e-21
(15,17): 7.762302450082392e-21
(15,20): 5.690688786564072e-21
(15,21): 5.770170422893404e-21
(15,23): 2.3790820589340813e-22
(16,0): 1.9750247769765906e-21
(16,4): 1.1655175163676763e-20
(16,5): 4.2745873241604694e-20
(16,6): 1.4836976313168444e-18
(16,7): 4.027552096043495e-21
(16,8): 5.018453481467718e-21
(16,9): 2.1468725589764408e-21
(16,10): 1.7274601064155555e-18
(16,11): 2.2929847245579133e-20
(16,13): 5.88025208733223e-21
(16,14): 4.496539673450837e-21
(16,15): 7.376163392591415e-21
(16,17): 8.28698133547893e-21
(16,28): 7.26330251438551e-21
(17,0): 1.9953959170962345e-21
(17,4): 1.1775390194516146e-20
(17,7): 4.069093688017276e-21
(17,8): 5.070235068592894e-21
(17,9): 2.169024480014418e-21
(17,10): 1.7452778870026775e-18
(17,14): 4.542901369638587e-21
(17,15): 7.45224381410712e-21
(17,16): 8.232912480868946e-21
(17,22): 3.3098917314002655e-21
(18,1): 0.0
(18,19): 0.0
(19,2): 1.0566510157916079e-20
(19,18): 0.0
(20,4): 9.658866843746662e-21
(20,8): 4.158904580687151e-21
(20,12): 2.4342142853215553e-18
(20,15): 6.112768599332408e-21
(20,24): 3.676400193524097e-21
(20,29): 5.481750153195923e-21
(21,8): 4.212120001393657e-21
(21,14): 3.774049914967619e-21
(21,15): 6.19100825305256e-21
(22,11): 1.2559774711685925e-20
(22,17): 4.539194001063087e-21
(22,27): 2.6111441902082957e-24
(22,28): 3.978443497831344e-21
(23,4): 1.295312130727798e-21
(23,9): 2.3859531005274287e-22
(23,15): 8.197589586696105e-22
(24,9): 1.4712565368282206e-21
(24,20): 4.1634605364047285e-21
(25,4): 9.480678664796301e-23
(25,6): 1.206889956368539e-20
(25,8): 4.082180372942139e-23
(25,9): 1.7463323092352385e-23
(26,4): 7.233716267202535e-21
(26,7): 2.499676803237028e-21
(26,29): 4.105406028335431e-21
(26,30): 3.172130237840006e-23
(27,9): 1.8184353003777063e-23
(27,12): 2.4879671892492874e-20
(27,22): 2.7749201549438636e-23
(28,16): 7.624080892842208e-21
(28,22): 3.065133915686583e-21
(29,8): 4.412950810730366e-21
(29,20): 5.3423197328828035e-21
(29,26): 3.49170384899679e-21
(30,6): 5.645954228958222e-20
(30,26): 1.511025577280632e-22
