Interaction name: 5q0p

Affinity: 7.409999847412109
Predicted value: 7.405077934265137

Shapley values for edges: 

(0,6): 0.007293214797973633
(0,17): 0.013026971817016602
(0,21): 0.0027620220184326172
(0,24): 0.011741456985473632
(0,25): 0.007372674942016602
(0,26): 0.0065887451171875
(0,27): 0.006593179702758789
(0,28): 0.008713102340698243
(0,35): 0.002465190887451172
(1,6): 0.007724533081054688
(1,7): 0.006192197799682617
(1,8): -0.0004235935211181641
(1,9): -0.003020133972167969
(1,21): 0.007422161102294922
(1,23): 0.010397539138793946
(1,24): 0.008047981262207031
(1,26): 0.006537275314331055
(1,27): 0.0073172378540039065
(1,30): 0.005014677047729493
(1,32): 0.006039018630981445
(1,33): 0.004002981185913086
(2,3): 0.003535642623901367
(2,5): 0.0010924434661865234
(2,8): -0.0062278079986572265
(2,9): -0.005478096008300781
(2,11): -0.003885049819946289
(2,36): 0.005124740600585938
(3,2): 0.0013805389404296874
(3,4): -5.750656127929687e-05
(3,8): -0.005521621704101563
(3,9): -0.008614444732666015
(3,11): -0.0047219467163085935
(4,3): -0.008934860229492187
(4,5): -0.0016669464111328126
(4,8): -0.02339219093322754
(4,9): -0.017072992324829103
(4,11): -0.01480961799621582
(5,2): -0.007543649673461914
(5,4): -0.0013496971130371094
(5,8): -0.01649608612060547
(5,9): -0.02172798156738281
(5,11): -0.014707040786743165
(6,0): 0.0016994094848632813
(6,1): 0.002387838363647461
(6,7): 0.00040262222290039063
(6,15): 0.001388692855834961
(6,20): 0.0012844753265380858
(6,21): 0.0003723907470703125
(6,22): -8.382797241210938e-05
(6,23): 0.0005287551879882813
(6,24): -9.979248046875e-05
(6,25): -0.0002971553802490234
(6,27): 0.0006391716003417969
(6,28): 0.00017822265625
(6,37): -2.6397705078125e-05
(6,61): 0.0013302898406982423
(6,67): 0.0007093334197998047
(7,1): 0.0010088634490966796
(7,6): -0.0013680171966552735
(7,15): -0.0001224994659423828
(7,21): -0.00031133651733398436
(7,23): -0.0004316520690917969
(7,24): -0.0002998256683349609
(7,29): -2.352714538574219e-05
(7,30): -0.0012149238586425782
(7,32): -0.0011493778228759766
(7,33): -0.001697559356689453
(7,38): -0.0006587600708007812
(7,39): -0.0006228256225585938
(7,45): -0.0005251789093017579
(7,47): -0.0011088180541992188
(7,59): -0.00043718338012695314
(7,67): -0.0009792041778564453
(8,1): -0.001791219711303711
(8,2): -0.002315683364868164
(8,3): -0.0010654067993164063
(8,4): 0.011355981826782227
(8,5): 0.01175225257873535
(8,9): 0.00024692535400390627
(8,11): 0.0003638744354248047
(8,30): -0.00164031982421875
(8,32): -0.0006526088714599609
(8,33): -0.0023628997802734373
(8,41): -0.001762247085571289
(8,42): -0.0018189716339111327
(8,59): -0.000960855484008789
(9,1): -0.0024101924896240234
(9,2): 0.00023563385009765626
(9,3): -0.0036045646667480467
(9,4): 0.011134166717529297
(9,5): 0.012306547164916993
(9,8): 0.0022756195068359374
(9,11): 0.00030922889709472656
(9,30): -0.0020552539825439455
(9,32): -0.0021665287017822265
(9,33): -0.0011386203765869141
(9,43): -0.002055501937866211
(9,44): 6.649971008300782e-05
(9,64): -0.0034027957916259767
(10,16): 0.00043155670166015623
(10,17): 0.00038887977600097655
(10,18): 0.0005646800994873047
(10,26): 0.00025543212890625
(10,27): -5.305290222167969e-05
(10,31): 0.00025532722473144533
(11,2): 0.0023263072967529296
(11,3): 0.0013327884674072265
(11,4): 0.010589418411254882
(11,5): 0.010746793746948242
(11,8): 0.001895589828491211
(11,9): 0.0011153316497802734
(11,30): -0.0016110038757324219
(11,32): -0.0014517593383789062
(11,33): -0.0007866287231445313
(11,39): -0.0009177017211914062
(11,46): -0.0020456695556640625
(11,64): -0.0019379425048828124
(12,13): -0.00018907546997070312
(12,14): -0.0003405284881591797
(12,15): -0.0003240013122558594
(12,23): -0.0007616424560546875
(12,24): -0.0017864704132080078
(12,29): -2.429962158203125e-05
(12,40): -0.0007739639282226562
(12,58): -0.00039081573486328126
(12,60): -0.0005342388153076172
(13,12): -2.621650695800781e-05
(13,14): -0.00013734817504882813
(13,15): -0.0002077770233154297
(13,23): -0.00036046028137207034
(13,29): -6.758689880371094e-05
(13,47): -0.0006766605377197265
(13,48): -0.0007538604736328125
(14,12): -0.00012778282165527345
(14,13): -0.0001250457763671875
(14,15): -6.242752075195312e-05
(14,23): -0.000604410171508789
(14,24): -0.0010264396667480468
(14,29): -0.00012795448303222655
(14,43): -0.0013838863372802733
(14,49): -0.00014739990234375
(14,61): -0.0004370689392089844
(15,6): -0.0022667884826660157
(15,7): -0.001630992889404297
(15,12): -0.0006911087036132812
(15,13): -0.0008805084228515625
(15,14): -0.00039493560791015625
(15,17): -0.0014103317260742187
(15,23): -0.00046790122985839843
(15,24): -0.001639537811279297
(15,27): -0.001631002426147461
(15,29): -0.0005028057098388672
(15,40): -0.0015458011627197267
(15,49): -0.0012305831909179687
(15,51): -0.000756082534790039
(15,56): -0.0012923908233642579
(15,59): -0.001325521469116211
(15,67): -0.0017771720886230469
(16,10): -0.0005658817291259766
(16,17): -0.0006829547882080078
(16,18): -0.00027497291564941405
(16,26): -0.000502471923828125
(16,27): -0.0008761119842529296
(16,31): -0.0001943206787109375
(16,34): 0.0013260841369628906
(16,39): -0.001475515365600586
(16,51): -0.0005331802368164063
(16,59): -0.0008746147155761719
(17,0): 0.001607980728149414
(17,10): -0.0005521106719970703
(17,15): -4.075050354003906e-05
(17,16): 0.000107269287109375
(17,18): -4.9285888671875e-05
(17,24): -0.0015085506439208984
(17,26): -0.0006307125091552735
(17,27): -0.00016379356384277344
(17,31): -2.9306411743164063e-05
(17,34): 0.002405366897583008
(17,40): -0.0007252788543701172
(17,50): -0.0010038566589355468
(17,51): -6.114959716796875e-05
(17,61): -0.000990457534790039
(17,62): 0.0010109615325927734
(18,10): -0.0009779548645019532
(18,16): -0.0007281684875488281
(18,17): -0.0015953826904296876
(18,26): -0.002464447021484375
(18,31): -0.0006121349334716797
(18,34): 0.0017092037200927735
(18,52): -0.002340822219848633
(18,53): -0.0020087528228759765
(18,54): -0.0020438194274902343
(18,55): -0.002758951187133789
(18,65): -0.0012683582305908203
(19,20): -0.0004747772216796875
(19,21): -0.0012621116638183594
(19,22): -0.0006852340698242187
(19,25): -0.0007236289978027343
(19,28): -0.00034173011779785155
(19,56): 0.00028600692749023435
(19,63): -0.0005007457733154297
(19,66): -7.648468017578125e-06
(20,6): -0.0011277580261230468
(20,19): -0.0007201957702636718
(20,21): -0.0006555843353271484
(20,22): -0.0003928089141845703
(20,25): -0.001933727264404297
(20,28): -0.00014429092407226564
(20,40): -0.0005498504638671874
(20,45): -0.0005795478820800782
(20,57): -0.0003984832763671875
(20,58): -6.984710693359375e-05
(20,66): -0.0002576541900634766
(21,0): 0.002301807403564453
(21,1): 0.0029902076721191407
(21,6): 0.0002068328857421875
(21,7): 0.00055938720703125
(21,19): 0.0015210247039794923
(21,20): 0.0009137916564941406
(21,22): 0.00012304306030273438
(21,23): 0.00037302970886230467
(21,24): 0.00033217430114746094
(21,25): -3.421783447265625e-05
(21,28): 0.0008393192291259766
(21,40): 0.0013865280151367189
(21,42): 0.0011350631713867188
(21,59): 0.0017932701110839845
(22,6): -0.00011751174926757812
(22,19): 0.00029928207397460937
(22,20): 0.00016352653503417969
(22,21): 0.0005905437469482422
(22,25): -0.00020893096923828126
(22,28): 0.0013204669952392577
(23,1): 0.0019894695281982423
(23,6): -0.00023077964782714845
(23,7): 0.0002891159057617188
(23,12): 0.0011578083038330078
(23,13): 0.0009504604339599609
(23,14): 0.0007643795013427734
(23,15): 0.0002760791778564453
(23,21): -0.0001460742950439453
(23,24): -1.4028549194335938e-05
(23,29): 0.0003946971893310547
(23,38): 0.0012592697143554688
(23,40): 0.0008721923828125
(24,0): 0.0012072181701660155
(24,1): 0.0014851951599121093
(24,6): -0.0006721782684326172
(24,7): 1.9207000732421876e-05
(24,12): 0.0009223365783691406
(24,14): 0.0008331108093261719
(24,15): 0.0004816532135009766
(24,17): 0.0002571010589599609
(24,21): -0.0007370948791503906
(24,23): -7.97271728515625e-05
(24,26): 0.00042424201965332033
(24,27): -0.00015325546264648436
(24,29): 0.00029236793518066406
(24,30): -0.0019430160522460938
(24,37): -0.0008098793029785157
(24,42): -0.0007920169830322266
(24,43): 0.00033519744873046877
(24,54): 0.000542144775390625
(24,63): 4.380226135253906e-05
(25,0): 0.0017972087860107422
(25,6): 0.00028746604919433594
(25,19): 0.0009671211242675781
(25,20): 0.0014357280731201172
(25,21): 0.0004406452178955078
(25,22): 0.0006968307495117187
(25,28): 0.00022161483764648437
(25,37): 0.0035132884979248045
(25,67): 0.001184234619140625
(26,0): 0.000745391845703125
(26,1): -0.0005228900909423828
(26,10): 0.00041978836059570313
(26,16): 0.0006244850158691407
(26,17): 0.00018813133239746095
(26,18): 0.00034343719482421875
(26,24): -0.00036912918090820313
(26,27): -2.9649734497070312e-05
(26,31): 0.0005366897583007812
(26,34): 0.0026986885070800783
(26,37): -0.0006221961975097656
(26,39): 0.00016026496887207032
(26,41): -0.00025768280029296874
(26,54): 0.0008938312530517578
(27,0): 0.0015596675872802735
(27,1): -0.0002997398376464844
(27,6): -0.0003788852691650391
(27,10): 9.296417236328125e-05
(27,15): 0.0007809829711914062
(27,16): 0.0007312488555908203
(27,17): 2.1800994873046874e-05
(27,24): -0.00033539772033691406
(27,26): 6.092071533203125e-05
(27,31): 0.0005914115905761719
(27,34): 0.0031302833557128908
(27,37): -0.00012661933898925782
(27,57): 0.001338205337524414
(27,60): 0.0004586219787597656
(27,62): 0.0034557533264160155
(28,0): 0.0005583572387695313
(28,6): 0.000846700668334961
(28,19): 0.0004108428955078125
(28,20): 0.0009024620056152343
(28,21): 0.00020583152770996095
(28,22): 0.00034967422485351565
(28,25): 0.0001519775390625
(28,40): 0.0020588111877441408
(28,67): 0.0013414764404296876
(29,7): -0.000885629653930664
(29,12): -0.00018602371215820313
(29,13): -0.00047567367553710935
(29,14): -0.0007433891296386719
(29,15): -0.0001369476318359375
(29,23): -0.0004300117492675781
(29,24): -0.0008352375030517578
(29,38): -0.0010547256469726563
(29,51): 7.756233215332031e-05
(29,59): -0.0007784461975097656
(29,60): -0.0013384342193603516
(30,1): 0.0017433738708496093
(30,7): 0.0003535366058349609
(30,8): 0.004218416213989258
(30,9): 0.005373706817626953
(30,11): 0.0024877548217773437
(30,24): -0.0002728748321533203
(30,32): 4.55474853515625e-05
(30,33): 0.0007775020599365234
(30,37): 0.00010596275329589844
(30,39): 0.0009788990020751954
(30,62): 0.002216606140136719
(31,10): -0.0004553508758544922
(31,16): -3.317832946777344e-05
(31,17): -0.0002926826477050781
(31,18): 0.0001256084442138672
(31,26): 0.0001085186004638672
(31,27): -0.00031706809997558596
(31,34): 0.0018052387237548829
(31,51): -0.00011218070983886718
(31,62): 0.0005514240264892578
(31,65): -0.0005585956573486328
(32,1): 0.0019454002380371095
(32,7): -0.00012091636657714844
(32,8): 0.002767467498779297
(32,9): 0.005466623306274414
(32,11): 0.002308826446533203
(32,30): -0.0001693248748779297
(32,33): 7.776260375976563e-05
(32,38): 0.0006555557250976562
(32,45): 0.0012250709533691406
(32,57): 0.0013267898559570313
(33,1): 0.0024317264556884765
(33,7): 0.0008537387847900391
(33,8): 0.0038379669189453126
(33,9): 0.0033324050903320314
(33,11): 0.003270282745361328
(33,30): 8.88824462890625e-05
(33,32): 0.0004273033142089844
(33,37): 0.0025609302520751952
(34,16): -0.0042542839050292965
(34,17): -0.006323823928833008
(34,18): -0.004776182174682617
(34,26): -0.0066842460632324215
(34,27): -0.007088146209716797
(34,31): -0.004297513961791993
(35,0): -0.0036162185668945314
(35,37): 0.007532510757446289
(35,62): -0.0011856937408447265
(36,2): 0.011831541061401368
(36,44): -0.008487110137939452
(37,6): 8.90350341796875e-05
(37,24): -0.0002071380615234375
(37,25): -0.00012912750244140626
(37,26): 0.001499309539794922
(37,27): 0.0006669235229492188
(37,30): 0.00010578155517578125
(37,33): -0.00025725364685058594
(37,35): 0.009855632781982421
(38,7): -0.0005993747711181641
(38,23): -0.0008697509765625
(38,29): 0.0006020355224609375
(38,32): -0.001031036376953125
(38,42): -0.00021582603454589844
(38,60): -0.0003915214538574219
(39,7): -0.0007727527618408203
(39,11): 0.004325265884399414
(39,16): 0.0008090782165527344
(39,26): -0.0002256298065185547
(39,30): -0.002090282440185547
(39,43): -0.0004984283447265625
(39,59): -0.00015954971313476564
(40,12): 5.771636962890625e-05
(40,15): 0.00047252655029296877
(40,17): -0.00010859489440917969
(40,20): -0.00016223907470703125
(40,21): -0.0005598831176757813
(40,23): -0.0007518672943115234
(40,28): -0.0012522315979003906
(41,8): 0.0058658218383789065
(41,26): 0.0011240482330322266
(41,45): 0.0005770111083984375
(41,46): 0.00023568153381347656
(42,8): 0.007574815750122071
(42,21): 0.0001855754852294922
(42,24): -0.0003611850738525391
(42,38): 0.0004710102081298828
(43,9): 0.011650924682617187
(43,14): 0.0006056785583496094
(43,24): -0.0014738845825195313
(43,39): 0.0003217315673828125
(44,9): 0.008911609649658203
(44,36): 0.016261796951293945
(44,64): 0.0007292461395263671
(45,7): -0.0006691360473632812
(45,20): -0.00033147811889648436
(45,32): -0.001054983139038086
(45,41): -0.00080322265625
(45,46): -0.0005781650543212891
(46,11): 0.005507030487060547
(46,41): 2.76947021484375e-05
(46,45): 1.8682479858398437e-05
(46,64): -0.0004666233062744141
(47,7): -0.0003217887878417969
(47,13): 0.0007933235168457031
(48,13): 0.000633687973022461
(48,61): 0.00011506080627441407
(49,14): 0.0003760337829589844
(49,15): 0.00027768135070800783
(49,50): -0.00014848709106445311
(49,67): -0.00013935089111328125
(50,17): 0.0005773067474365235
(50,49): 0.0005080604553222656
(50,67): 0.00016228675842285155
(51,15): -0.0008478069305419922
(51,16): -0.00011960983276367188
(51,17): -0.0006651020050048828
(51,29): -8.280754089355469e-05
(51,31): -0.0003521728515625
(51,65): -0.0003892040252685547
(52,18): 0.0009063529968261719
(52,54): 0.00019288063049316406
(52,59): -9.654045104980469e-05
(53,18): 0.00118743896484375
(53,65): 0.0007854747772216797
(54,18): 0.001110677719116211
(54,24): -0.0003241062164306641
(54,26): 0.0008431148529052735
(54,52): 0.0003582286834716797
(55,18): 0.0014791107177734375
(56,15): -0.00017415046691894533
(56,19): -0.0007616996765136719
(56,57): -0.0002627086639404297
(56,58): 5.781173706054687e-05
(57,20): -0.0005473518371582032
(57,27): -0.0005684280395507812
(57,32): -0.001399526596069336
(57,56): 7.78961181640625e-05
(57,58): 5.6180953979492184e-05
(57,66): -0.00033908843994140625
(58,12): 9.34600830078125e-07
(58,20): -0.0006571483612060547
(58,56): 6.850242614746094e-05
(58,57): -0.00020305633544921874
(59,7): -0.0009763622283935547
(59,8): 0.0064233016967773435
(59,15): -0.00032237052917480466
(59,16): 0.0004303264617919922
(59,21): -0.0016707611083984376
(59,29): 0.00010033607482910156
(59,39): -0.0004565906524658203
(59,52): -0.000296783447265625
(60,12): 0.00016345024108886717
(60,27): -0.000825033187866211
(60,29): 0.0003872966766357422
(60,38): 2.269744873046875e-05
(61,6): -0.0005910968780517578
(61,14): 0.00010178565979003907
(61,17): 0.0021181488037109375
(61,48): 0.00044310569763183593
(62,17): 0.0017331790924072265
(62,27): 0.0009909343719482421
(62,30): 0.00044292449951171875
(62,31): 0.002120723724365234
(62,35): 0.006678581237792969
(63,19): 0.00026432991027832033
(63,24): -0.0005538177490234375
(64,9): 0.012654590606689452
(64,11): 0.005625238418579101
(64,44): 0.011089038848876954
(64,46): -3.71551513671875e-05
(64,66): 0.0003375244140625
(65,18): 0.00039647102355957033
(65,31): 7.832527160644531e-05
(65,51): 0.00043442726135253904
(65,53): -0.000728616714477539
(66,19): -0.00047606468200683594
(66,20): -0.00025149345397949217
(66,57): -0.00027372360229492186
(66,64): -0.0010003948211669922
(67,6): -0.0013262367248535157
(67,7): -0.0005695343017578125
(67,15): 9.775161743164062e-05
(67,25): -0.0010334300994873048
(67,28): -0.000432586669921875
(67,49): 5.5446624755859376e-05
(67,50): -0.00019367218017578126
