Interaction name: 5q0x

Affinity: 7.349999904632568
Predicted value: 7.44534969329834

Attributions for edges: 

(0,1): 0.49438825249671936
(0,7): 0.42632371187210083
(0,22): 0.4448659121990204
(0,24): 0.4608873128890991
(0,32): 0.4819406569004059
(0,33): 0.44039180874824524
(0,35): 0.4372781813144684
(1,0): 0.4308340549468994
(1,6): 0.3667546212673187
(1,24): 0.5402234792709351
(1,32): 0.42813438177108765
(1,33): 0.5008177757263184
(1,35): 0.4507066607475281
(2,10): 0.502693772315979
(2,11): 0.4851020574569702
(2,13): 0.551943838596344
(2,15): 0.37148740887641907
(2,16): 0.49207955598831177
(2,19): 0.46489080786705017
(2,23): 0.5824929475784302
(2,26): 0.4546922743320465
(2,27): 0.48510897159576416
(2,28): 0.44440075755119324
(2,31): 0.4870589077472687
(2,32): 0.5245707631111145
(2,33): 0.4381485879421234
(3,11): 0.4334622621536255
(3,16): 0.473650187253952
(3,20): 0.4439677894115448
(3,26): 0.4425331950187683
(3,27): 0.4851561486721039
(3,31): 0.45287397503852844
(3,34): 0.4710480272769928
(4,5): 0.45452648401260376
(4,17): 0.5535796880722046
(4,18): 0.41577771306037903
(4,19): 0.4372766315937042
(4,26): 0.4688696563243866
(4,29): 0.45400741696357727
(5,4): 0.4626454710960388
(5,11): 0.46406465768814087
(5,16): 0.5215170979499817
(5,19): 0.42849206924438477
(5,20): 0.4694255292415619
(5,26): 0.4064585268497467
(5,27): 0.35440051555633545
(5,29): 0.5199174880981445
(6,1): 0.4986448287963867
(6,7): 0.5346287488937378
(6,22): 0.4550729990005493
(6,24): 0.5136091113090515
(7,0): 0.5160958766937256
(7,6): 0.42731139063835144
(7,24): 0.4791455566883087
(8,9): 0.4601818025112152
(8,12): 0.43075141310691833
(8,14): 0.5211532711982727
(8,22): 0.5387979745864868
(8,24): 0.47095251083374023
(8,25): 0.44489338994026184
(8,30): 0.5642738342285156
(8,37): 0.5052623748779297
(9,8): 0.4856550097465515
(9,12): 0.3617348372936249
(9,24): 0.4558291733264923
(9,38): 0.5532047748565674
(9,39): 0.5169878005981445
(9,40): 0.4183448851108551
(9,41): 0.4411277174949646
(9,43): 0.49518370628356934
(10,2): 0.4748108685016632
(10,12): 0.5796077847480774
(10,13): 0.4055509567260742
(10,14): 0.5767155885696411
(10,15): 0.46141907572746277
(10,21): 0.5531265139579773
(10,23): 0.46362704038619995
(10,25): 0.4592103064060211
(10,28): 0.35400819778442383
(10,30): 0.463302344083786
(10,42): 0.5249682068824768
(10,44): 0.45830461382865906
(10,59): 0.4481382369995117
(11,2): 0.4558499753475189
(11,3): 0.4919886887073517
(11,5): 0.4673744738101959
(11,16): 0.4392762780189514
(11,19): 0.4640631675720215
(11,20): 0.4517051875591278
(11,26): 0.5272637605667114
(11,27): 0.4930155277252197
(11,31): 0.4679844379425049
(11,42): 0.4701779782772064
(11,48): 0.45392948389053345
(11,58): 0.4741358160972595
(11,60): 0.38875001668930054
(12,8): 0.4382561445236206
(12,9): 0.503771960735321
(12,10): 0.40335896611213684
(12,14): 0.46634867787361145
(12,21): 0.4425148367881775
(12,22): 0.5043094754219055
(12,23): 0.4545079469680786
(12,24): 0.4936046600341797
(12,25): 0.43688544631004333
(12,30): 0.39133238792419434
(12,40): 0.41848495602607727
(12,41): 0.5553735494613647
(12,43): 0.5384068489074707
(12,58): 0.4661678373813629
(13,2): 0.4910697042942047
(13,10): 0.45321404933929443
(13,14): 0.48046165704727173
(13,15): 0.5228474140167236
(13,19): 0.483783483505249
(13,23): 0.5632264614105225
(13,25): 0.4951881468296051
(13,28): 0.537320077419281
(13,42): 0.46362417936325073
(13,59): 0.5018594861030579
(14,8): 0.5153620839118958
(14,10): 0.4607082009315491
(14,12): 0.45191776752471924
(14,13): 0.43951159715652466
(14,15): 0.43626856803894043
(14,21): 0.4529856741428375
(14,22): 0.4532873332500458
(14,23): 0.5096654295921326
(14,25): 0.4882849156856537
(14,28): 0.5250351428985596
(14,30): 0.4858303964138031
(15,2): 0.4554380476474762
(15,10): 0.49831080436706543
(15,13): 0.4820761978626251
(15,14): 0.4095104932785034
(15,19): 0.5065003633499146
(15,21): 0.46831437945365906
(15,23): 0.5210543870925903
(15,25): 0.4159323275089264
(15,28): 0.5440346002578735
(15,31): 0.5000760555267334
(15,57): 0.45771166682243347
(16,2): 0.47523146867752075
(16,3): 0.5264642238616943
(16,5): 0.48155367374420166
(16,11): 0.5039706230163574
(16,26): 0.5332865118980408
(16,27): 0.44776391983032227
(16,31): 0.5041041970252991
(16,44): 0.4306319057941437
(16,45): 0.5244615077972412
(16,46): 0.4839870035648346
(16,47): 0.5176907777786255
(16,48): 0.4805929660797119
(16,49): 0.5587440729141235
(17,4): 0.5069044232368469
(17,18): 0.5068871974945068
(17,29): 0.47901371121406555
(17,44): 0.4661811292171478
(17,49): 0.5056478381156921
(17,50): 0.4248572289943695
(18,4): 0.5346360206604004
(18,17): 0.500977635383606
(18,29): 0.5561570525169373
(18,42): 0.5068293213844299
(18,51): 0.3767559230327606
(18,52): 0.4365854263305664
(19,2): 0.49053725600242615
(19,4): 0.4412091076374054
(19,5): 0.4213773310184479
(19,11): 0.46838894486427307
(19,13): 0.5122668743133545
(19,15): 0.40871623158454895
(19,26): 0.4577447772026062
(19,27): 0.48176053166389465
(19,28): 0.48481759428977966
(19,29): 0.5428440570831299
(19,39): 0.41844528913497925
(19,44): 0.43189167976379395
(19,45): 0.42851999402046204
(19,47): 0.4482324719429016
(19,53): 0.50581294298172
(19,58): 0.5117015838623047
(19,59): 0.48431774973869324
(20,3): 0.4844573140144348
(20,5): 0.3819102346897125
(20,11): 0.4995332658290863
(20,26): 0.4281589388847351
(20,27): 0.45881950855255127
(20,43): 0.45428919792175293
(20,45): 0.4921809434890747
(20,51): 0.3778908848762512
(20,54): 0.4038291871547699
(21,10): 0.4976038634777069
(21,12): 0.5040768384933472
(21,14): 0.4856559932231903
(21,15): 0.4443534314632416
(21,23): 0.47012126445770264
(21,25): 0.5075156092643738
(21,28): 0.5595759749412537
(21,40): 0.5249539613723755
(21,41): 0.43415960669517517
(21,43): 0.50662761926651
(21,55): 0.40074965357780457
(21,58): 0.5120274424552917
(22,0): 0.5158109664916992
(22,6): 0.4999430775642395
(22,8): 0.4496213495731354
(22,12): 0.4641745984554291
(22,14): 0.5105709433555603
(22,24): 0.5006941556930542
(22,25): 0.4815113842487335
(22,30): 0.4684069752693176
(22,39): 0.495196670293808
(22,56): 0.45165354013442993
(23,2): 0.45208582282066345
(23,10): 0.44163304567337036
(23,12): 0.45211803913116455
(23,13): 0.45896580815315247
(23,14): 0.43370726704597473
(23,15): 0.46888259053230286
(23,21): 0.5389488935470581
(23,25): 0.5174527764320374
(23,28): 0.4418562054634094
(23,30): 0.42452797293663025
(23,58): 0.447884202003479
(23,60): 0.47439730167388916
(24,0): 0.48027852177619934
(24,1): 0.41545191407203674
(24,6): 0.47450247406959534
(24,7): 0.4894300699234009
(24,8): 0.5222073197364807
(24,9): 0.5183345675468445
(24,12): 0.499661386013031
(24,22): 0.4940735995769501
(24,25): 0.4522140622138977
(24,30): 0.4186452031135559
(24,36): 0.5183948278427124
(24,42): 0.6397620439529419
(25,8): 0.43529796600341797
(25,10): 0.3907543420791626
(25,12): 0.5130195617675781
(25,13): 0.46071159839630127
(25,14): 0.4791003465652466
(25,15): 0.4172167181968689
(25,21): 0.4348147511482239
(25,22): 0.4502173364162445
(25,23): 0.5329940319061279
(25,24): 0.4704100489616394
(25,30): 0.4704775810241699
(25,37): 0.4725472629070282
(25,56): 0.45690974593162537
(25,58): 0.5111109614372253
(25,60): 0.4824501574039459
(26,2): 0.4830332100391388
(26,3): 0.5401308536529541
(26,4): 0.4093672037124634
(26,5): 0.40218305587768555
(26,11): 0.4766934812068939
(26,16): 0.46244102716445923
(26,19): 0.4547407329082489
(26,20): 0.4403545558452606
(26,27): 0.5174837112426758
(26,28): 0.4977877736091614
(26,31): 0.5293433666229248
(26,43): 0.5413915514945984
(27,2): 0.46944716572761536
(27,3): 0.44585084915161133
(27,5): 0.5480027794837952
(27,11): 0.4913063645362854
(27,16): 0.5234745144844055
(27,19): 0.5106064081192017
(27,20): 0.3322976529598236
(27,26): 0.48005741834640503
(27,31): 0.4608161151409149
(27,41): 0.37264159321784973
(27,45): 0.4722503125667572
(27,47): 0.5134221315383911
(27,58): 0.5566468834877014
(28,2): 0.5777679085731506
(28,10): 0.4952719807624817
(28,13): 0.4746379554271698
(28,14): 0.4518283009529114
(28,15): 0.5542786121368408
(28,19): 0.4729263186454773
(28,21): 0.48574206233024597
(28,23): 0.48616501688957214
(28,26): 0.49645310640335083
(28,53): 0.4473629295825958
(29,4): 0.5088093280792236
(29,5): 0.4806731641292572
(29,17): 0.4972914159297943
(29,18): 0.460858553647995
(29,19): 0.46646997332572937
(29,43): 0.5045446157455444
(29,53): 0.4635232985019684
(30,8): 0.4220453202724457
(30,10): 0.4434935748577118
(30,12): 0.49723175168037415
(30,14): 0.510927140712738
(30,22): 0.45752963423728943
(30,23): 0.466310977935791
(30,24): 0.4088616669178009
(30,25): 0.581541895866394
(30,42): 0.3987719416618347
(31,2): 0.452254980802536
(31,3): 0.5414161682128906
(31,11): 0.4783414900302887
(31,15): 0.5404662489891052
(31,16): 0.3958990275859833
(31,26): 0.42601126432418823
(31,27): 0.43572738766670227
(32,0): 0.5284166932106018
(32,1): 0.42201313376426697
(32,2): 0.45310625433921814
(32,33): 0.4319835901260376
(32,35): 0.5953194499015808
(33,0): 0.47434207797050476
(33,1): 0.5817278623580933
(33,2): 0.46569913625717163
(33,32): 0.4992413818836212
(33,35): 0.5497182607650757
(33,56): 0.4031919240951538
(34,3): 0.39685124158859253
(34,58): 0.4506705105304718
(35,0): 0.4875698387622833
(35,1): 0.4681932032108307
(35,32): 0.4807167947292328
(35,33): 0.47141769528388977
(35,56): 0.45744699239730835
(36,24): 0.525348424911499
(36,37): 0.46424612402915955
(36,40): 0.5018309354782104
(37,8): 0.45601552724838257
(37,25): 0.501239001750946
(37,36): 0.4410335123538971
(37,40): 0.49501124024391174
(38,9): 0.4588340222835541
(38,60): 0.5842239856719971
(39,9): 0.41675037145614624
(39,19): 0.5326703786849976
(39,22): 0.41285640001296997
(39,43): 0.42646047472953796
(40,9): 0.46705859899520874
(40,12): 0.43866947293281555
(40,21): 0.448533296585083
(40,36): 0.3788642883300781
(40,37): 0.45839038491249084
(40,41): 0.49166470766067505
(41,9): 0.4592655301094055
(41,12): 0.48845380544662476
(41,21): 0.462973415851593
(41,27): 0.4867325723171234
(41,40): 0.4583473801612854
(42,10): 0.565654456615448
(42,11): 0.47404247522354126
(42,13): 0.361961305141449
(42,18): 0.4708259403705597
(42,24): 0.49462181329727173
(42,30): 0.4463030695915222
(42,45): 0.4388381838798523
(43,9): 0.4060896933078766
(43,12): 0.5282649993896484
(43,20): 0.38882267475128174
(43,21): 0.5075162649154663
(43,26): 0.4402022361755371
(43,29): 0.5372759699821472
(43,39): 0.4899043142795563
(43,57): 0.43342912197113037
(43,59): 0.5263724327087402
(44,10): 0.47129732370376587
(44,16): 0.46161356568336487
(44,17): 0.520878255367279
(44,19): 0.5404607057571411
(44,45): 0.402383953332901
(44,49): 0.4505477547645569
(45,16): 0.4718697667121887
(45,19): 0.42198994755744934
(45,20): 0.4811078608036041
(45,27): 0.4862082898616791
(45,42): 0.44049304723739624
(45,44): 0.45844027400016785
(46,16): 0.4814815819263458
(46,52): 0.40299326181411743
(46,53): 0.4821816086769104
(47,16): 0.4175002872943878
(47,19): 0.3694957196712494
(47,27): 0.4840264916419983
(47,55): 0.3948000967502594
(48,11): 0.48719561100006104
(48,16): 0.5104637742042542
(49,16): 0.5432600975036621
(49,17): 0.49154195189476013
(49,44): 0.43892061710357666
(50,17): 0.43819716572761536
(51,18): 0.42415115237236023
(51,20): 0.45877042412757874
(52,18): 0.5887910723686218
(52,46): 0.43313008546829224
(53,19): 0.43315589427948
(53,28): 0.5033432841300964
(53,29): 0.5234761238098145
(53,46): 0.541412353515625
(54,20): 0.4943057596683502
(55,21): 0.44659823179244995
(55,47): 0.4582085907459259
(56,22): 0.5322484970092773
(56,25): 0.4585633873939514
(56,33): 0.38822686672210693
(56,35): 0.4494316577911377
(57,15): 0.3757702112197876
(57,43): 0.4292016327381134
(57,59): 0.4253998100757599
(58,11): 0.4998694360256195
(58,12): 0.478814959526062
(58,19): 0.40035340189933777
(58,21): 0.43934959173202515
(58,23): 0.4439828395843506
(58,25): 0.5152691006660461
(58,27): 0.47932252287864685
(58,34): 0.5518686771392822
(59,10): 0.45663824677467346
(59,13): 0.4717700779438019
(59,19): 0.5453923940658569
(59,43): 0.5017165541648865
(59,57): 0.5440383553504944
(60,11): 0.5063889622688293
(60,23): 0.4210239052772522
(60,25): 0.45692065358161926
(60,38): 0.47727063298225403
