Interaction name: 5qcn

Affinity: 8.220000267028809
Predicted value: 8.349658012390137

Shapley values for edges: 

(0,1): 0.04869926929473877
(0,2): -0.037275652885437015
(0,28): 0.06228520393371582
(0,35): -0.008132729530334473
(1,0): 0.021333155632019044
(1,2): 0.061619739532470706
(1,28): 0.049497432708740234
(1,35): -0.07699621677398681
(2,0): 0.015822353363037108
(2,1): 0.08384339809417725
(2,26): -0.011671662330627441
(2,28): 0.026366233825683594
(2,29): 0.028465018272399903
(2,35): -0.049600234031677244
(3,4): -0.09119285106658935
(3,10): 0.03652186393737793
(3,39): 0.00295741081237793
(4,3): -0.012801780700683593
(4,10): -0.002797846794128418
(4,13): 0.018751354217529298
(4,14): -0.021254281997680664
(4,23): 0.024496755599975585
(4,32): -0.0016731357574462891
(4,39): -0.04847829341888428
(5,6): 0.0024970197677612305
(5,12): 0.013512725830078126
(5,17): 0.010794215202331543
(5,33): -0.03927408695220947
(5,36): 0.06855876445770263
(5,37): 0.07426009178161622
(5,40): -0.10337067604064941
(5,41): 0.0854545259475708
(6,5): -0.006445825099945068
(6,11): -0.024340267181396483
(6,17): -0.025734291076660157
(6,33): 0.024926819801330567
(6,36): 0.0015872335433959961
(6,37): 0.020407605171203613
(6,40): 0.37506354331970215
(6,41): 0.3196518850326538
(7,9): -0.04693731784820557
(7,14): -0.02646491527557373
(7,19): 0.004005575180053711
(7,23): 0.00994666576385498
(7,30): 0.00561910629272461
(7,31): -0.060809993743896486
(7,39): 0.10112696647644043
(8,9): 0.001703200340270996
(8,14): 0.016848063468933104
(8,21): 0.049804253578186033
(8,22): -0.007989063262939453
(8,31): 0.009327449798583985
(8,34): 0.01035717248916626
(8,35): 0.01611341953277588
(9,7): -0.01439521312713623
(9,8): 0.05351658344268799
(9,14): -0.10607494831085205
(9,22): 0.020768895149230956
(9,31): 0.013325161933898926
(9,34): -0.006925325393676757
(10,3): 0.0040195417404174805
(10,4): 0.08019529819488526
(10,13): 0.012071118354797364
(10,15): 0.02240466117858887
(10,17): -0.06626585006713867
(10,20): 0.006742563247680664
(10,32): 0.007308864593505859
(10,33): 0.0285036039352417
(10,37): -0.07387069702148437
(10,38): 0.09993338108062744
(11,6): 0.023019089698791503
(11,12): 0.02803314208984375
(11,17): 0.0023924779891967775
(11,33): 0.015771498680114748
(11,36): 0.022111692428588868
(11,37): -0.08039252758026123
(12,5): -0.001486377716064453
(12,11): 0.00512575626373291
(12,17): -0.08385206222534179
(12,33): 0.004629158973693847
(12,36): 0.03963717460632324
(12,37): 0.001333780288696289
(13,4): -0.06288896083831787
(13,10): -0.007792143821716308
(13,14): 9.5367431640625e-09
(13,15): 0.025290536880493163
(13,16): 0.09360020160675049
(13,19): -0.029870996475219725
(13,23): 0.03718652248382568
(13,30): 0.0029856300354003905
(13,38): 0.08433749198913575
(13,47): -0.1636937952041626
(13,48): -0.13012669563293458
(14,4): -0.04840268135070801
(14,7): -0.05153315544128418
(14,8): -0.05684957027435303
(14,9): -0.012624053955078126
(14,13): -0.05908036231994629
(14,15): 0.03178928852081299
(14,19): 0.003393583297729492
(14,21): -0.124928879737854
(14,22): -0.035857715606689454
(14,23): -0.02512052059173584
(14,30): 0.03513297080993652
(14,35): -0.06087962627410889
(14,38): -0.03496907234191895
(14,42): 0.002513427734375
(15,10): 0.00520904541015625
(15,13): 0.03214206218719482
(15,14): -0.035325121879577634
(15,16): -0.0045870447158813474
(15,19): -0.018090786933898925
(15,23): 0.002119283676147461
(15,30): -0.0012978363037109376
(15,42): 0.0008017206192016601
(15,47): -0.038936824798583985
(16,13): 0.00013835906982421876
(16,15): -0.02143651485443115
(16,19): 0.0089186429977417
(16,23): 0.008709216117858886
(16,30): -0.005404253005981446
(16,38): -0.0074167346954345705
(17,5): -0.04252946853637695
(17,6): 0.027437477111816405
(17,10): -0.027111783027648925
(17,11): -0.01595707893371582
(17,12): 0.08318530082702637
(17,20): 0.04367576122283936
(17,32): 0.011457762718200683
(17,33): 0.0058222198486328125
(17,36): -0.030818586349487306
(17,37): -0.029177374839782715
(17,42): -0.21255282878875734
(17,48): -0.012474961280822754
(18,24): -0.001417055130004883
(18,25): -0.001613178253173828
(18,26): 0.03593907356262207
(18,27): 0.005664100646972656
(18,43): -0.03253672599792481
(19,7): 0.003113861083984375
(19,13): -0.0014710617065429687
(19,14): -0.010254435539245606
(19,15): 0.007331066131591797
(19,16): 0.0073314523696899414
(19,21): 0.008128187656402587
(19,23): 0.01587693691253662
(19,30): -0.011320533752441407
(19,38): -0.009533376693725585
(20,10): 0.0683652925491333
(20,17): -0.00017134666442871093
(20,32): -0.003300180435180664
(20,33): 0.0038163185119628905
(20,36): -0.008955187797546386
(20,37): -0.004554476737976074
(20,42): -0.0013717985153198242
(21,8): -0.0790796422958374
(21,14): -0.01785043239593506
(21,19): 0.12438271999359131
(21,31): -0.008173866271972656
(21,34): -0.018315191268920897
(22,8): -0.025588483810424806
(22,9): 0.01352874755859375
(22,14): -0.044523248672485354
(22,31): 0.09064804553985596
(22,35): 0.0010094404220581054
(23,4): -0.14861207246780395
(23,7): -0.05193729877471924
(23,13): -0.012528653144836427
(23,14): -0.0020517349243164063
(23,15): 0.0220055627822876
(23,16): 0.015306806564331055
(23,19): -0.012918939590454101
(23,30): -0.0054596376419067385
(23,38): 0.00012900352478027345
(24,18): -0.030960850715637207
(24,25): -0.004125065803527832
(24,26): 0.009685854911804199
(24,27): -0.011463909149169922
(24,28): 0.01778961658477783
(24,29): 0.004604997634887695
(25,18): 0.00407114028930664
(25,24): -0.010057454109191894
(25,26): 0.0028632450103759765
(25,27): -0.004156146049499512
(25,28): 0.001914529800415039
(25,29): 0.017579500675201417
(25,45): 0.007325429916381836
(26,2): 0.06366496086120606
(26,18): -0.14428452968597413
(26,24): 0.009357571601867676
(26,25): -0.04666830062866211
(26,27): -0.00045879364013671873
(26,28): -0.0036601686477661134
(26,29): -0.0013187837600708008
(27,18): -0.010889477729797363
(27,24): -0.006526627540588379
(27,25): -0.005627298355102539
(27,26): 0.05978093147277832
(27,28): 0.009563326835632324
(27,29): -0.022962913513183594
(27,45): -0.045229220390319826
(27,46): -0.010459918975830079
(28,0): 0.09748718738555909
(28,1): -0.16308897495269775
(28,2): -0.00580690860748291
(28,24): 0.03614856243133545
(28,25): -0.00588043212890625
(28,26): -0.009202527999877929
(28,27): -0.0002923774719238281
(28,29): -0.005691146850585938
(29,2): -0.02637080192565918
(29,24): 0.014045872688293458
(29,25): 0.015729055404663086
(29,26): 0.008283143043518066
(29,27): -0.013400974273681641
(29,28): -0.013066210746765138
(30,7): -0.03112389087677002
(30,13): 0.004416565895080566
(30,14): -0.02564840793609619
(30,15): -0.29187551498413083
(30,16): 0.02488675355911255
(30,19): -0.05143807888031006
(30,23): 0.004606599807739258
(30,38): -0.05801065444946289
(30,42): -0.009655656814575196
(31,7): -0.01768538951873779
(31,8): 0.012649147510528565
(31,9): 0.027269120216369628
(31,21): 0.03965948104858399
(31,22): 0.03628713130950928
(31,34): -0.023354358673095703
(32,4): 0.03084071397781372
(32,10): 0.020755884647369386
(32,17): -0.01687886714935303
(32,20): -0.041396961212158204
(32,33): 0.018564295768737794
(32,36): -0.03430382251739502
(32,37): -0.007931599617004395
(32,45): -0.11591963291168213
(32,47): -0.04865041017532348
(33,5): 0.058617472648620605
(33,6): -0.03828784942626953
(33,10): -0.01832261085510254
(33,11): 0.04078000068664551
(33,12): -0.041970710754394534
(33,17): 0.0006772851943969726
(33,20): -0.013473291397094727
(33,32): 0.013567686080932617
(33,36): 0.0004832553863525391
(33,48): -0.012232532501220703
(34,8): -0.052230610847473144
(34,9): 0.014557251930236817
(34,21): -0.04964452743530273
(34,31): -0.017460079193115235
(34,47): -0.061325364112854004
(35,0): -0.0390829610824585
(35,1): -0.09061647415161132
(35,2): 0.1786869716644287
(35,8): 0.05880201816558838
(35,14): -0.010818862915039062
(35,22): -0.03875595569610596
(35,44): 0.17182910919189454
(35,45): -0.0971378469467163
(36,5): -0.009234223365783691
(36,6): 0.019577889442443847
(36,11): 0.020298099517822264
(36,12): -0.008037514686584472
(36,17): -0.006497163772583008
(36,20): 0.004455118179321289
(36,32): -0.0021683454513549806
(36,33): 0.03052219867706299
(36,37): -0.008611092567443848
(36,47): -0.18721660137176513
(37,5): 0.09604162693023682
(37,6): -0.08465752124786377
(37,10): 0.026501560211181642
(37,11): -0.006842265129089356
(37,12): -0.017054471969604492
(37,17): 0.003331151008605957
(37,20): 0.024070496559143065
(37,32): 0.003850526809692383
(37,36): -0.0022478342056274415
(38,10): 0.08805481433868408
(38,13): 0.00271359920501709
(38,14): 0.02161038398742676
(38,16): -0.07268240451812744
(38,19): 0.014295158386230468
(38,23): 0.006385021209716797
(38,30): 0.011057329177856446
(39,3): 0.01223470687866211
(39,4): 0.06301340579986572
(39,7): 0.16703882694244385
(39,47): -0.027215418815612794
(40,5): 0.37820623874664305
(40,6): -0.0018109893798828125
(41,5): -0.20951040267944335
(41,6): 0.035994138717651364
(42,14): 0.005275311470031738
(42,15): -0.017368712425231934
(42,17): -0.05621392726898193
(42,20): -0.013228735923767089
(42,30): 0.027034611701965333
(43,18): 0.030111780166625978
(44,35): -0.020911307334899903
(44,47): -0.11081631183624267
(45,25): -0.043869547843933106
(45,27): -0.04728544950485229
(45,32): 0.09987785816192626
(45,35): -0.054496326446533204
(45,46): -0.03426882266998291
(46,27): 0.025919919013977052
(46,45): -0.03251045703887939
(47,13): 0.06635783672332764
(47,15): 0.02902482509613037
(47,32): -0.005618007183074951
(47,34): 0.17846060276031495
(47,36): 0.013281264305114747
(47,39): -0.030002593994140625
(47,44): -0.03304832935333252
(48,13): 0.024709057807922364
(48,17): 0.018318538665771485
(48,33): -0.08839405059814454
