Interaction name: 5j6d

Affinity: 8.220000267028809
Predicted value: 7.671070098876953

Attributions for edges: 

(0,1): 4.405422494572679e-18
(0,7): 6.686024790649768e-17
(0,10): 1.0590578670973625e-17
(0,12): 1.859030524070051e-17
(0,24): 2.430853760685482e-19
(0,41): 1.0723809806736234e-15
(0,42): 4.005804360720594e-16
(0,43): 9.997241031139287e-26
(0,47): 4.005804360720594e-16
(1,0): 3.593311044828836e-18
(1,7): 1.0469195540909634e-16
(1,9): 1.3553095842739936e-18
(1,12): 2.825829959599169e-17
(1,24): 3.671274678718337e-19
(1,41): 1.7170431455105313e-15
(1,42): 6.413893883473948e-16
(1,43): 1.5098708979078329e-25
(1,44): 3.001193109728248e-16
(1,47): 6.413893883473948e-16
(2,5): 4.468858768954217e-19
(2,8): 2.5755596823902277e-17
(2,11): 1.9121167010370198e-18
(2,13): 9.40648337598165e-20
(2,14): 1.8940033326278809e-19
(2,31): 1.5749290095871488e-19
(2,32): 1.0568290211820201e-19
(3,8): 3.865825284044125e-18
(3,13): 1.4118856685570663e-20
(3,15): 4.516860124524155e-21
(3,16): 3.5531072672462558e-22
(3,18): 1.0030752951728723e-23
(3,19): 8.200627395378802e-21
(3,23): 5.7418451414684315e-21
(3,28): 3.7253861585753656e-22
(3,33): 2.883273734372825e-21
(3,35): 1.9976872487924267e-22
(3,37): 8.057366821868007e-21
(3,39): 4.1650371394210803e-19
(4,15): 9.034878625023311e-21
(4,16): 7.107125826610223e-22
(4,17): 3.0745725796195672e-21
(4,33): 5.767287407652973e-21
(4,34): 1.7816753073704768e-20
(4,35): 3.9959020877582653e-22
(4,39): 8.331143409783885e-19
(5,2): 2.5476687237781034e-19
(5,6): 1.7247537782464352e-18
(5,8): 5.43922604126043e-17
(5,11): 4.013218115853111e-18
(5,13): 1.974258463609307e-19
(5,14): 3.97515550336406e-19
(5,31): 3.305503942147455e-19
(5,32): 2.218101614667136e-19
(5,43): 7.10933527217787e-26
(5,45): 5.55182003521547e-24
(6,5): 1.4073058473863472e-18
(6,8): 8.24751414704531e-17
(6,11): 6.0215444007313265e-18
(6,13): 2.962232001250133e-19
(6,19): 1.7205473063376616e-19
(6,20): 6.986119299439106e-20
(6,22): 1.0988947096220362e-19
(6,26): 1.1091963394225891e-19
(6,45): 8.330136867445034e-24
(7,0): 1.9105357520912778e-17
(7,1): 3.6358915730670444e-17
(7,9): 6.937235820369366e-18
(7,10): 9.164722450490649e-17
(7,24): 1.844189663109931e-18
(7,25): 1.4804135795284017e-17
(7,29): 1.4804135795284017e-17
(7,30): 1.9589638682338074e-17
(7,38): 2.036588316713131e-17
(7,45): 5.846516381300694e-23
(7,46): 1.784382223613314e-20
(8,2): 3.052408543293673e-18
(8,3): 1.4024444035287965e-19
(8,5): 1.1592759268279597e-17
(8,6): 2.1799701497318478e-17
(8,11): 5.312314366854379e-17
(8,13): 2.3576388672950713e-18
(8,19): 1.3602144551137033e-18
(8,37): 1.3362687137536354e-18
(8,46): 1.9924152396135593e-20
(9,1): 2.5080666247715147e-18
(9,7): 3.76662151318064e-17
(9,10): 6.0290829112438286e-18
(9,12): 1.0568542579455213e-17
(9,24): 1.3839181427470229e-19
(10,0): 6.320932497277544e-18
(10,7): 1.9573959970135499e-16
(10,9): 2.375178611798799e-18
(10,12): 5.074347408640429e-17
(10,24): 6.431769736275975e-19
(11,2): 6.343901958719646e-19
(11,5): 2.3355200577154033e-18
(11,6): 4.296252024508543e-18
(11,8): 1.4446759690819872e-16
(11,13): 4.916045015809572e-19
(11,19): 2.855365952974993e-19
(11,32): 5.523253488066373e-19
(11,45): 1.3824482863688817e-23
(12,0): 9.100614629528809e-18
(12,1): 1.6979048397314593e-17
(12,9): 3.401274034589444e-18
(12,10): 4.181662032507082e-17
(12,24): 9.180808342349753e-19
(12,25): 7.160396328336678e-18
(12,29): 7.160396328336678e-18
(12,30): 9.395554975921329e-18
(12,38): 9.751325357380386e-18
(13,2): 1.0497732998039135e-19
(13,3): 4.914502162408448e-21
(13,5): 3.8647615297763814e-19
(13,6): 7.10683907201086e-19
(13,8): 2.2273884437825726e-17
(13,11): 1.6536507803574489e-18
(13,19): 4.7249891064001536e-20
(13,20): 1.9185444566208794e-20
(13,27): 3.9772596763589844e-21
(13,28): 2.1464712875220602e-21
(13,37): 4.6424642693660644e-20
(13,40): 2.86317389172264e-20
(13,49): 1.3958254399764664e-20
(13,51): 1.1060045723542254e-22
(13,52): 5.3145336536637676e-21
(13,63): 1.0000012607352297e-20
(14,2): 1.6161876153185574e-19
(14,5): 5.9500259513796855e-19
(14,24): 1.0966167317632476e-19
(14,25): 8.482344787928219e-19
(14,29): 8.482344787928219e-19
(14,30): 1.1104541967909467e-18
(14,31): 2.0969345183297495e-19
(14,32): 1.407111770135127e-19
(14,38): 1.152111322631847e-18
(14,51): 1.7027653515971821e-22
(14,55): 5.156431650506181e-20
(14,68): 9.961258549419334e-20
(15,3): 2.449057025209512e-21
(15,4): 7.232198423090242e-21
(15,16): 1.0201947064649846e-21
(15,23): 1.6486291219550043e-20
(15,28): 1.0696567143626745e-21
(15,33): 8.278577051208421e-21
(15,34): 2.5574920428517962e-20
(15,35): 5.735887663912202e-22
(15,37): 2.3134826478778894e-20
(15,39): 1.1958875818045314e-18
(15,50): 2.0215381364065347e-20
(15,52): 2.6484053314024827e-21
(15,64): 2.0680570292224124e-20
(16,3): 4.999095112532633e-22
(16,4): 1.4762544566011134e-21
(16,15): 2.6472845178283447e-21
(16,17): 9.008753167429525e-22
(16,23): 3.3652350823104998e-21
(16,33): 1.6898502218310996e-21
(16,34): 5.220416413488502e-21
(16,35): 1.170832530456564e-22
(16,39): 2.441075645105106e-19
(17,4): 3.71695587344942e-21
(17,16): 5.24322547459319e-22
(17,33): 4.25475373026995e-21
(17,34): 1.3144166505344702e-20
(17,39): 6.146210962198301e-19
(17,53): 1.598758017102754e-22
(17,54): 7.868255885497339e-21
(17,65): 7.6777496876881625e-22
(18,3): 5.291042499244215e-23
(18,19): 5.086990625681082e-22
(18,27): 4.28195781946755e-23
(18,28): 2.3109299987493224e-23
(18,37): 4.998141916123636e-22
(18,40): 3.082533435708921e-22
(18,66): 1.9312015468294205e-22
(18,67): 1.915141285432207e-23
(19,3): 3.532108067628311e-21
(19,6): 5.10776480228405e-19
(19,8): 1.600849256918775e-17
(19,11): 1.188492897321037e-18
(19,13): 5.846659264836557e-20
(19,18): 4.1537316347674953e-23
(19,20): 1.3788742150915247e-20
(19,21): 1.853780253625812e-20
(19,22): 2.1689097329382332e-20
(19,26): 2.1892502980713682e-20
(19,27): 2.8584797225257582e-21
(19,28): 1.5426931550759429e-21
(19,37): 3.336565801995043e-20
(19,40): 2.0577873880471105e-20
(19,55): 2.407146796641455e-20
(19,63): 7.187094461486228e-21
(20,6): 2.9760275644099273e-19
(20,13): 3.4065552984572594e-20
(20,19): 1.9786152174332753e-20
(20,21): 1.0800966586167278e-20
(20,22): 1.2637150026289445e-20
(20,26): 1.275561618405639e-20
(20,27): 1.665493125329555e-21
(20,36): 1.1255589574470397e-20
(20,40): 1.1989697020033437e-20
(20,51): 4.631454754916667e-23
(20,55): 1.4025238257922986e-20
(20,56): 1.0774546889766732e-20
(20,67): 7.448999715142263e-22
(21,19): 2.3648605805576626e-20
(21,20): 9.602327756408956e-21
(21,22): 1.5104048182166925e-20
(21,26): 1.5245638238581276e-20
(21,36): 1.345268952574921e-20
(21,68): 3.238329703201275e-20
(21,69): 2.311699403189177e-21
(22,6): 3.9068888043979414e-19
(22,19): 2.597489133525576e-20
(22,20): 1.0546898545697756e-20
(22,21): 1.4179416969284628e-20
(22,26): 1.6745399084083743e-20
(22,36): 1.4776072684876784e-20
(22,57): 6.781223783945139e-23
(22,58): 4.227654679479602e-21
(22,67): 9.778983323770879e-22
(22,70): 2.956561815475988e-21
(23,3): 2.839753250108417e-21
(23,15): 1.5037990055436323e-20
(23,16): 1.1829410783460506e-21
(23,28): 1.240298258618682e-21
(23,33): 9.599251678506024e-21
(23,34): 2.9654754539801356e-20
(23,35): 6.650928953516105e-22
(23,37): 2.6825402641609332e-20
(23,39): 1.3866613838509784e-18
(23,59): 1.4615350845622877e-20
(23,64): 2.3979634762549824e-20
(23,65): 1.7321955684039924e-21
(23,66): 1.0364943044743098e-20
(24,0): 6.113870785186892e-19
(24,1): 1.1320537437410845e-18
(24,7): 1.696855974714742e-17
(24,9): 2.306003254929791e-19
(24,10): 2.7213175090004417e-18
(24,12): 4.770270769664199e-18
(24,14): 1.4364363568258974e-19
(24,25): 4.83171188440826e-19
(24,29): 4.83171188440826e-19
(24,30): 6.325343127701254e-19
(24,31): 1.1944508724781033e-19
(24,38): 6.562629192193981e-19
(24,57): 1.0817697556038772e-22
(24,60): 1.1855237242404718e-16
(24,61): 9.24800607193286e-21
(25,7): 6.277609988029876e-17
(25,12): 1.750853497921591e-17
(25,14): 5.269722113330988e-19
(25,24): 2.291604108416774e-19
(25,29): 1.772559130785289e-18
(25,30): 2.320520584872826e-18
(25,31): 4.381971717411647e-19
(25,32): 2.940458022588323e-19
(25,38): 2.4075716249718348e-18
(26,6): 3.951404304544307e-19
(26,19): 2.6270852357900686e-20
(26,20): 1.0667111960950006e-20
(26,21): 1.4340977298261025e-20
(26,22): 1.677884173775532e-20
(26,27): 2.2113575077354148e-21
(26,36): 1.494448956564942e-20
(26,40): 1.591925406288354e-20
(26,57): 6.858489869712278e-23
(26,61): 5.863317906891551e-21
(26,62): 1.2408525867591598e-20
(26,64): 2.307374759159495e-20
(26,66): 9.973383692417911e-21
(27,13): 1.2752210526378144e-20
(27,18): 9.059818216417271e-24
(27,19): 7.406840968883335e-21
(27,20): 3.0074772459490062e-21
(27,26): 4.774997021190386e-21
(27,28): 3.36477171172566e-22
(27,37): 7.27744697974274e-21
(27,56): 4.033379114938662e-21
(28,3): 5.18854895727247e-22
(28,13): 8.588513710355084e-21
(28,15): 2.747610257410768e-21
(28,18): 6.1017164340137644e-24
(28,19): 4.9884681842626706e-21
(28,23): 3.492756404014521e-21
(28,27): 4.1990270813121996e-22
(28,33): 1.7538846237281093e-21
(28,37): 4.901321798673368e-21
(28,39): 2.5335960551131036e-19
(28,40): 3.0228210828047597e-21
(28,53): 6.590362358914898e-23
(28,61): 1.1133537015214602e-21
(28,65): 3.1649283795374453e-22
(29,7): 6.277609988029876e-17
(29,12): 1.750853497921591e-17
(29,14): 5.269701950803557e-19
(29,24): 2.2915953196227656e-19
(29,25): 1.772559130785289e-18
(29,30): 2.320511692681241e-18
(29,31): 4.381971717411647e-19
(29,32): 2.940447165842783e-19
(29,38): 2.4075716249718348e-18
(30,7): 7.446944927414848e-17
(30,12): 2.0683757096006864e-17
(30,14): 6.216028107825074e-19
(30,24): 2.703117157380014e-19
(30,25): 2.0908727061564136e-18
(30,29): 2.0908727061564136e-18
(30,31): 5.168881041842531e-19
(30,32): 3.468488766611548e-19
(30,51): 4.197249683029428e-22
(31,2): 1.4396235871236408e-19
(31,5): 5.30000261061714e-19
(31,14): 2.2462521218759643e-19
(31,24): 9.76810606027452e-20
(31,25): 7.5556729592488445e-19
(31,29): 7.5556729592488445e-19
(31,30): 9.891363726363163e-19
(31,32): 1.2533887835922137e-19
(31,38): 1.026246383252436e-18
(31,54): 4.213038301120562e-20
(31,63): 1.3713677125913194e-20
(32,2): 1.1358120388542192e-19
(32,5): 4.181530086859622e-19
(32,11): 1.7891893902055143e-18
(32,14): 1.7722268368235898e-19
(32,25): 5.961180998927846e-19
(32,29): 5.961180998927846e-19
(32,30): 7.8039956810645605e-19
(32,31): 1.4736788714363904e-19
(32,38): 8.096721458162123e-19
(32,56): 2.783894446123114e-20
(32,61): 1.1409921766609759e-20
(32,64): 4.4901140795225624e-20
(32,65): 3.243483628106784e-21
(32,66): 1.9408041777103655e-20
(33,3): 1.864851024071133e-21
(33,4): 5.506985220330542e-21
(33,15): 9.875369252178913e-21
(33,16): 7.7682826468326915e-22
(33,17): 3.360591279042517e-21
(33,23): 1.2553643558512803e-20
(33,28): 8.144941640970378e-22
(33,34): 1.9474120906466997e-20
(33,35): 4.367629754605235e-22
(33,37): 1.761610038284957e-20
(33,54): 1.1657486261071796e-20
(33,63): 3.7945775650908585e-21
(33,66): 6.806629346009482e-21
(33,67): 6.749972522759393e-22
(34,4): 1.0940547659980633e-20
(34,15): 1.961899868269882e-20
(34,16): 1.5432993031737402e-21
(34,17): 6.6763524385002146e-21
(34,23): 2.4939724881846797e-20
(34,33): 1.2523510435085004e-20
(34,35): 8.67699436896859e-22
(34,39): 1.8090787412391988e-18
(34,63): 7.538535554102593e-21
(35,3): 3.4732896897672696e-22
(35,4): 1.025681240371684e-21
(35,15): 1.839289810283859e-21
(35,16): 1.4468555922821202e-22
(35,23): 2.338119301538115e-21
(35,33): 1.1740847326006388e-21
(35,34): 3.627073894945654e-21
(35,39): 1.6960257955724685e-19
(35,53): 4.411717865311716e-23
(36,20): 9.867347862059136e-21
(36,21): 1.3265765286564265e-20
(36,22): 1.5520851891252752e-20
(36,26): 1.566647122197903e-20
(36,58): 3.9552456860725634e-21
(36,68): 3.3277062452702027e-20
(37,3): 3.487377710549009e-21
(37,8): 1.580570097021425e-17
(37,13): 5.772594934505237e-20
(37,15): 1.8467501877713917e-20
(37,18): 4.101144589103652e-23
(37,19): 3.352884524517066e-20
(37,23): 2.347585268893662e-20
(37,27): 2.8222903687781715e-21
(37,28): 1.5231506092075941e-21
(37,33): 1.1788423943718825e-20
(37,39): 1.7028922218372712e-18
(37,40): 2.0317276444599955e-20
(37,50): 2.8785823924534275e-20
(37,52): 3.771243236219264e-21
(37,67): 1.2622834712592806e-21
(38,7): 7.613836887803547e-17
(38,12): 2.1129154151197267e-17
(38,14): 6.348428704621843e-19
(38,24): 2.760703662168366e-19
(38,25): 2.1354000453252962e-18
(38,29): 2.1354000453252962e-18
(38,31): 5.27897723040969e-19
(38,32): 3.542353410373119e-19
(39,3): 3.8575128426710027e-20
(39,4): 1.139140148350038e-19
(39,15): 2.0427561269120868e-19
(39,16): 1.6068976984929907e-20
(39,17): 6.95150696068259e-20
(39,23): 2.5967574987361214e-19
(39,28): 1.68481116517081e-20
(39,34): 4.028309095550952e-19
(39,35): 9.034603167416982e-21
(39,37): 3.64396918820402e-19
(40,13): 4.28899351463339e-20
(40,18): 3.047107143959511e-23
(40,19): 2.4911676673615287e-20
(40,20): 1.0115188621921069e-20
(40,26): 1.6059908694347367e-20
(40,28): 1.1316892018523994e-21
(40,37): 2.447648273618436e-20
(41,0): 1.065554278930558e-16
(41,1): 2.0398936973536685e-16
(41,46): 8.383071611441462e-20
(41,60): 3.273663756525255e-14
(42,0): 6.755554284218525e-17
(42,1): 1.2932713443893431e-16
(42,44): 6.756643753877151e-15
(42,47): 1.5037030323163114e-14
(42,60): 1.9816767787817456e-14
(43,0): 4.9303834975305826e-23
(43,1): 9.12917297393813e-23
(43,5): 2.733181208904258e-23
(43,61): 7.4578308473154225e-25
(44,1): 7.908354214030807e-17
(44,42): 8.89184779544758e-15
(44,47): 8.89184779544758e-15
(44,60): 1.1718203616923207e-14
(45,5): 4.561584019254921e-22
(45,6): 8.388245024366774e-22
(45,7): 2.2838012426127274e-20
(45,11): 1.95179909633975e-21
(45,51): 1.3054188588733087e-25
(45,57): 1.4559612529806769e-25
(46,7): 5.378374354741359e-19
(46,8): 6.191298509437035e-19
(46,41): 7.433912696864075e-18
(46,60): 3.752478792657515e-18
(47,0): 6.755554284218525e-17
(47,1): 1.2932713443893431e-16
(47,42): 1.5037030323163114e-14
(47,44): 6.756643753877151e-15
(47,60): 1.9816767787817456e-14
(48,51): 1.1083275370380247e-37
(48,57): 1.2361362705411454e-37
(49,13): 2.7492572273247365e-20
(50,15): 1.7237918899786582e-20
(50,37): 3.074984473559353e-20
(50,54): 2.0348765853426657e-20
(50,64): 2.748775136123983e-20
(51,13): 1.140395499942751e-21
(51,14): 2.2961869394263235e-21
(51,20): 2.6895156120986126e-22
(51,30): 1.0111253051662907e-20
(51,45): 3.2069352838771844e-26
(51,48): 0.0
(52,13): 1.5262047757100223e-20
(52,15): 4.882586642475182e-21
(52,37): 8.709764332547293e-21
(52,55): 6.2836347102000266e-21
(52,59): 4.745344131038137e-21
(53,17): 4.399015563906975e-22
(53,28): 1.0661771940601511e-22
(53,35): 5.717250477927558e-23
(54,17): 4.93245779781453e-21
(54,31): 7.585732831955992e-20
(54,33): 9.252240525810793e-21
(54,50): 2.2592874543540343e-20
(54,64): 2.311277371440126e-20
(55,14): 9.618500106736648e-20
(55,19): 2.774606758807792e-20
(55,20): 1.1266113509060574e-20
(55,52): 3.120822396398295e-21
(55,56): 1.510911789459308e-20
(55,59): 1.4852872850460638e-20
(56,20): 9.630501172643342e-21
(56,27): 1.9964618007078202e-21
(56,32): 4.587852577479092e-20
(56,55): 1.6812350630499388e-20
(57,22): 4.466091712480321e-22
(57,24): 1.0541382931222646e-21
(57,26): 4.50795864331319e-22
(57,45): 3.385532468372848e-26
(57,48): 0.0
(57,69): 6.835452606924928e-23
(58,22): 7.14633239030455e-21
(58,36): 6.3650324328701556e-21
(59,23): 1.630385588921662e-20
(59,52): 2.6190886853224753e-21
(59,55): 1.650573481070644e-20
(60,24): 6.097477099421857e-18
(60,41): 4.39386720096132e-14
(60,42): 1.5360014150346546e-14
(60,44): 6.901796401916332e-15
(60,46): 5.609843917811161e-20
(60,47): 1.5360014150346546e-14
(61,24): 1.902938854259757e-20
(61,26): 8.137834370245797e-21
(61,28): 5.734465442363398e-22
(61,32): 2.441735547825816e-20
(61,43): 7.826174255272973e-27
(62,26): 1.381712317009634e-20
(62,70): 2.439546265700678e-21
(63,13): 2.2590373614657077e-20
(63,19): 1.3121122578260424e-20
(63,31): 3.78232438681192e-20
(63,33): 4.613262208803528e-21
(63,34): 1.4251648254453834e-20
(63,66): 4.981242066909552e-21
(64,15): 1.7493086347300718e-20
(64,23): 2.22372611971507e-20
(64,26): 2.0474752569301872e-20
(64,32): 6.143395446188324e-20
(64,50): 2.7267181712198004e-20
(64,54): 2.0649982381018135e-20
(65,17): 1.1693200632202018e-21
(65,23): 4.36801527408506e-21
(65,28): 2.834037959160978e-22
(65,32): 1.2067334059752648e-20
(66,18): 2.2924477766008993e-23
(66,23): 1.312252329230551e-20
(66,26): 1.2082443030628811e-20
(66,32): 3.625305150151468e-20
(66,33): 6.589464950749118e-21
(66,63): 3.966547929764493e-21
(67,18): 5.4860511238253836e-24
(67,20): 1.8211376790926166e-21
(67,22): 2.8645817951304707e-21
(67,33): 1.5769232055269013e-21
(67,37): 4.4067437249619505e-21
(68,14): 1.4437647893122051e-19
(68,21): 2.2734921811113585e-20
(68,36): 2.3691766215858567e-20
(69,21): 4.411133275204737e-21
(69,57): 2.1096068581662216e-23
(70,22): 5.705317524164686e-21
(70,62): 4.21924433675734e-21
