Interaction name: 6das

Affinity: 8.3100004196167
Predicted value: 7.649515628814697

Shapley values for edges: 

(0,3): -0.0017503786087036133
(0,14): 0.008850531578063965
(0,18): 0.0123753023147583
(0,19): 0.00038531303405761716
(0,21): 0.0032586240768432617
(0,22): 0.004176449775695801
(0,25): 0.028227667808532714
(0,26): 0.09461246490478516
(1,4): 0.05775269508361816
(1,9): 0.017854595184326173
(1,10): 0.0026769447326660156
(1,15): 0.021176548004150392
(1,16): 0.12080924510955811
(1,21): -0.07723227977752685
(1,22): 0.024279537200927733
(1,23): -0.0018300628662109375
(2,7): 0.023678045272827148
(2,8): 0.009643011093139649
(2,12): 0.012613558769226074
(2,13): 0.0133754825592041
(2,19): -0.027162928581237793
(2,20): 0.014396133422851563
(2,24): 0.09509701251983643
(3,0): 0.032420501708984376
(3,6): -0.01090181827545166
(3,11): 0.014070777893066407
(3,14): 0.015472402572631836
(3,17): -0.03591772556304931
(3,18): 0.007839508056640625
(3,19): -0.019180431365966796
(3,21): 0.011625962257385254
(3,22): 0.02460716724395752
(3,25): -0.00957106113433838
(4,1): 0.03462481498718262
(4,9): 0.001772937774658203
(4,10): 0.024308080673217772
(4,14): -0.0023468875885009764
(4,15): 0.0458908748626709
(4,16): -0.005934319496154785
(4,21): 0.0027466678619384767
(4,22): -0.004038982391357422
(4,23): 0.010981411933898925
(4,28): -0.16596884727478028
(4,37): 0.05410519599914551
(5,6): -0.028797402381896972
(5,7): -0.015611567497253419
(5,11): 0.013518462181091309
(5,17): -0.014482126235961915
(5,18): -0.12304321765899658
(5,19): 0.0032124233245849607
(5,20): 0.0037765407562255857
(5,25): -0.02685976982116699
(5,45): -0.007780447006225586
(6,3): 0.03669971942901611
(6,5): -0.00817631721496582
(6,7): 0.018885188102722168
(6,11): -0.01242262840270996
(6,17): -0.01437070369720459
(6,18): -0.002296619415283203
(6,19): -0.04986736297607422
(6,25): 0.01784636974334717
(6,46): 0.06010847091674805
(7,2): -0.0692681884765625
(7,5): 0.0027933692932128906
(7,6): -0.2380395269393921
(7,17): -0.00228118896484375
(7,18): 0.008951129913330079
(7,19): -0.0008512020111083984
(7,20): -0.08919263839721679
(7,25): -0.0041587924957275394
(7,28): -0.02485722064971924
(7,37): -0.057553615570068356
(8,2): -0.08711128711700439
(8,12): 0.00027606487274169924
(8,13): 0.010818943977355958
(8,24): 0.0485285758972168
(8,28): -0.02193680763244629
(8,30): -0.0950868272781372
(8,31): -0.01864950656890869
(8,32): 0.04964221954345703
(8,47): -0.0183356237411499
(9,1): -0.02473897933959961
(9,4): -0.0075049734115600585
(9,14): -0.05331956386566162
(9,15): -0.07259898185729981
(9,16): 0.01359290599822998
(9,22): 0.01472315788269043
(9,23): -0.06318024158477784
(9,33): 0.058012442588806154
(9,34): 0.019129710197448732
(9,35): 0.05637106418609619
(10,1): 0.006828651428222656
(10,4): -0.0056537771224975586
(10,16): -0.03469546794891357
(10,22): 0.007267241477966309
(10,28): -0.0065293550491333004
(10,29): -0.014656968116760254
(10,31): -0.08365174770355224
(10,36): 0.10065817832946777
(10,37): 0.0033834695816040037
(10,38): -0.021446893215179442
(10,39): -0.007133746147155761
(10,43): -0.06421831607818604
(11,3): -5.150794982910156e-05
(11,5): -0.005864157676696778
(11,6): -0.009189419746398926
(11,17): 0.023351058959960938
(11,18): -0.0009183788299560547
(11,19): -0.024696969985961915
(11,25): 0.03743795871734619
(11,29): 0.012500662803649903
(11,40): 0.06187307357788086
(11,41): -0.01550489902496338
(12,2): 0.0835179328918457
(12,8): -0.015232172012329102
(12,13): 0.013579998016357422
(12,24): 0.07767451286315918
(12,31): -0.0568701171875
(12,32): 0.06406457424163818
(12,38): -0.07542041778564453
(12,41): -0.023926444053649902
(12,42): -0.10753457546234131
(12,48): 0.031599907875061034
(13,2): -0.08078181266784668
(13,8): -0.03334465503692627
(13,12): -0.008999514579772949
(13,24): -0.10113096714019776
(13,41): -0.12416316509246826
(13,43): 0.005234880447387695
(13,44): 0.1109442663192749
(14,0): 0.05145267486572266
(14,3): -0.07562855720520019
(14,4): -0.005362324714660645
(14,9): -0.10039732933044433
(14,15): 0.059019651412963864
(14,16): 0.00987480640411377
(14,21): -0.014218926429748535
(14,22): 0.005283288955688477
(14,23): -0.06137201309204102
(14,27): 0.13148382186889648
(15,1): 0.0038722753524780273
(15,4): -0.04043501377105713
(15,9): -0.05631056308746338
(15,14): 0.015016241073608399
(15,16): -0.07278122425079346
(15,21): -0.02093116760253906
(15,22): 0.0004014873504638672
(16,1): -0.018877239227294923
(16,4): -0.03788373470306396
(16,9): -0.003928985595703125
(16,10): 3.337860107421875e-08
(16,14): 0.024515471458435058
(16,15): 0.002705411911010742
(16,21): 0.007540469169616699
(16,22): -0.024838523864746095
(16,23): 0.07945792675018311
(16,28): -0.03809970855712891
(16,29): -0.023934831619262697
(16,37): -0.016683621406555174
(17,3): 0.03783360004425049
(17,5): 0.005954704284667969
(17,6): 0.022305078506469726
(17,7): 0.0027375555038452147
(17,11): 0.0011363983154296874
(17,18): 0.031074209213256834
(17,19): 0.0006149721145629883
(17,20): 0.0037259769439697264
(17,25): 0.0564369535446167
(17,27): -0.036802206039428714
(17,38): -0.03146310806274414
(18,0): -0.09857886791229248
(18,3): -0.02228682518005371
(18,5): 0.004910740852355957
(18,6): -0.014377636909484863
(18,7): 0.004084944725036621
(18,11): -0.010410881042480469
(18,17): -0.0005865859985351563
(18,19): 0.0003673410415649414
(18,20): 0.005571532249450684
(18,28): -0.048293113708496094
(18,41): -0.05035913944244385
(18,42): 0.008485255241394042
(18,45): -0.0059464979171752926
(19,0): -0.05133132934570313
(19,2): 0.08955581188201904
(19,3): -0.010354857444763183
(19,5): 0.004871902465820313
(19,6): -0.09684410572052002
(19,7): -0.0017079401016235351
(19,11): -0.05163580894470215
(19,17): -0.010852890014648437
(19,18): -0.00014066219329833985
(19,20): -0.029783868789672853
(19,25): 0.041946616172790524
(19,30): 0.0220979642868042
(19,38): -0.17131729125976564
(19,41): -0.08542527198791504
(19,42): 0.06465190410614013
(20,2): -0.10039491653442383
(20,5): -0.017914695739746092
(20,7): -0.0007138586044311523
(20,17): 0.0011759090423583984
(20,18): 0.04473522186279297
(20,19): -0.0002496623992919922
(20,24): -0.15490718364715575
(20,25): -0.008669829368591309
(20,27): 0.0054311370849609375
(21,0): -0.011777515411376954
(21,1): -0.007276353836059571
(21,3): 0.0007235002517700195
(21,4): 0.015191493034362792
(21,14): 0.09078148365020752
(21,15): 0.0103969144821167
(21,16): -0.012659049034118653
(21,22): -0.0558536958694458
(21,23): 0.05690114498138428
(21,45): -0.06835662841796875
(22,0): -0.002014298439025879
(22,1): 0.027436327934265137
(22,3): 0.023768215179443358
(22,4): -0.011662659645080566
(22,9): -0.05828563213348389
(22,10): -0.015072197914123535
(22,14): -0.00507225513458252
(22,15): 0.02255599021911621
(22,16): -0.11081404685974121
(22,21): -0.01014749050140381
(22,23): -0.08675825595855713
(22,29): 0.03524969577789307
(22,30): -0.052518906593322756
(22,43): 0.006169719696044922
(23,1): -0.027984228134155274
(23,4): -0.02875495910644531
(23,9): 0.024211406707763672
(23,14): -0.06489455699920654
(23,16): 0.02828105926513672
(23,21): 0.037529125213623046
(23,22): 0.004366025924682617
(24,2): 0.02538585662841797
(24,8): 0.004499297142028808
(24,12): -0.1393674659729004
(24,13): -0.043904385566711425
(24,20): 0.0174806022644043
(24,49): -0.003703246116638184
(25,0): 0.01493354320526123
(25,3): -0.061854681968688964
(25,5): -0.00717864990234375
(25,6): 0.021572928428649902
(25,7): 0.007889180183410645
(25,11): -0.00028644084930419924
(25,17): 0.01666884422302246
(25,19): -0.006499686241149902
(25,20): 0.007245287895202636
(26,0): -0.010101380348205567
(26,29): 0.01243624210357666
(26,42): 0.02429530143737793
(27,14): 0.012690296173095703
(27,17): 0.02585130214691162
(27,20): -0.006663274765014648
(27,41): -0.030099105834960938
(28,4): 0.0678232717514038
(28,7): -0.04569328784942627
(28,8): -0.051191124916076663
(28,10): -0.13215049743652343
(28,16): 0.09816933631896972
(28,18): -0.012047114372253418
(29,10): -0.15357907772064208
(29,11): -0.052080903053283695
(29,16): 0.019430618286132812
(29,22): -0.01940523624420166
(29,26): -0.196380877494812
(29,31): -0.004288849830627442
(29,38): -0.01109727382659912
(29,39): 0.023492817878723146
(29,42): -0.055532708168029785
(30,8): -0.020057148933410644
(30,19): -0.06774960041046142
(30,22): 0.08397984981536866
(31,8): -0.0034285831451416017
(31,10): -0.03944894790649414
(31,12): -0.06151650428771973
(31,29): -0.006100358963012695
(31,42): 0.03181433200836182
(31,49): 0.0008571910858154297
(32,8): -0.01529707908630371
(32,12): -0.0034029388427734373
(32,44): -0.05370180606842041
(33,9): -0.053627090454101564
(33,36): -0.023458776473999025
(34,9): -0.09987482070922851
(34,37): -0.0027553510665893556
(35,9): 0.004270234107971191
(35,39): -0.018754124641418457
(36,10): -0.0485827112197876
(36,33): -0.03301512241363525
(37,4): 0.004714593887329101
(37,7): 0.014790229797363282
(37,10): -0.00667849063873291
(37,16): -0.004917998313903809
(37,34): -0.04268415451049805
(38,10): -0.072583909034729
(38,12): -0.058541173934936526
(38,17): 0.02566230297088623
(38,19): 0.10390222072601318
(38,29): -0.022202720642089845
(39,10): -0.04139981746673584
(39,29): -0.0010179901123046876
(39,35): -0.061001005172729494
(40,11): -0.010917887687683106
(41,11): -0.08512943744659424
(41,12): -0.13587639331817628
(41,13): 0.01446758270263672
(41,18): 0.001790447235107422
(41,19): -0.09833050727844238
(41,27): -0.035897564888000486
(42,12): -0.014918198585510254
(42,18): -0.006184215545654297
(42,19): -0.003926706314086914
(42,26): 0.056818675994873044
(42,29): -0.08043511390686035
(42,31): 0.005360684394836426
(43,10): -0.061859145164489746
(43,13): 0.03903081893920898
(43,22): 0.04885588169097901
(44,13): 0.019776062965393068
(44,32): -0.050612754821777343
(45,5): -0.024376816749572754
(45,18): -0.013156027793884277
(45,21): 0.1863153123855591
(46,6): -0.03216588973999023
(47,8): 0.01911590576171875
(48,12): 0.03712243556976318
(49,24): -0.20621517658233643
(49,31): 0.09798644542694092
