Interaction name: 5jjs

Affinity: 7.320000171661377
Predicted value: 7.134436130523682

Attributions for edges: 

(0,9): 5.910176357940015e-31
(0,10): 1.1858945370911877e-31
(0,11): 2.1871723265076536e-27
(0,12): 5.315360887977603e-30
(0,15): 1.0961652915981524e-26
(0,24): 0.0
(0,25): 2.581487608507485e-27
(0,31): 0.0
(1,2): 0.0
(1,3): 0.0
(1,7): 0.0
(1,13): 0.0
(1,24): 0.0
(1,30): 0.0
(1,31): 0.0
(2,1): 0.0
(2,7): 0.0
(2,11): 1.1018356015125007e-37
(2,13): 0.0
(2,24): 0.0
(2,30): 0.0
(2,31): 0.0
(3,1): 0.0
(3,4): 6.2807798014403946e-37
(3,7): 0.0
(3,11): 5.757346284036271e-38
(3,14): 0.0
(3,24): 0.0
(3,26): 0.0
(3,27): 2.966400199234542e-37
(3,29): 0.0
(3,31): 0.0
(4,3): 7.525257945687727e-37
(4,7): 0.0
(4,14): 0.0
(4,15): 1.8918504335249982e-20
(4,16): 0.0
(4,17): 1.3926331719389495e-29
(4,26): 7.070597085266432e-36
(4,27): 1.9449324875136013e-20
(4,29): 0.0
(4,30): 0.0
(4,31): 0.0
(5,14): 0.0
(5,16): 0.0
(5,17): 3.068807584264459e-36
(5,18): 5.0415403266034996e-27
(5,19): 3.884551779208467e-27
(5,20): 2.542318623077521e-27
(5,27): 4.285854335046536e-27
(5,29): 0.0
(5,33): 0.0
(5,34): 8.767239863254952e-27
(6,21): 2.0252761147630122e-33
(6,22): 3.1917503874265896e-20
(6,23): 4.118034669064286e-20
(6,32): 3.0495686476199444e-33
(6,33): 9.275218889709066e-34
(6,34): 3.9785820344280755e-20
(7,1): 0.0
(7,2): 0.0
(7,3): 0.0
(7,4): 0.0
(7,11): 0.0
(7,14): 0.0
(7,24): 0.0
(7,26): 0.0
(7,27): 0.0
(7,29): 0.0
(7,34): 0.0
(8,21): 1.2152206415858075e-33
(8,22): 1.915144291938889e-20
(8,23): 2.470942132032327e-20
(9,0): 6.002606889338393e-31
(9,10): 4.7772891634367285e-30
(9,11): 8.810897151383113e-26
(9,12): 2.1412623936793395e-28
(9,15): 4.415838243591867e-25
(9,35): 9.612020652856753e-25
(9,38): 5.735810107052306e-26
(9,44): 5.597485774072914e-36
(10,0): 1.1993151560945258e-31
(10,9): 4.756994300489556e-30
(10,11): 1.760408899767588e-26
(10,12): 4.2782057089024584e-29
(10,13): 0.0
(10,24): 0.0
(10,25): 2.077784898270303e-26
(10,36): 1.9204727525563366e-25
(10,50): 6.688586177986736e-29
(11,0): 2.3989886055002895e-27
(11,2): 1.4257831842361489e-37
(11,3): 7.019955997269318e-38
(11,7): 0.0
(11,9): 9.515447314763465e-26
(11,10): 1.9092809733527882e-26
(11,12): 8.557689317582371e-25
(11,13): 3.895512873073137e-37
(11,24): 0.0
(11,25): 4.1562064491993547e-22
(11,37): 3.841504716775471e-21
(11,43): 7.594361609546527e-35
(11,44): 2.2370705155488302e-32
(12,0): 5.478066609408252e-30
(12,9): 2.1728346447401656e-28
(12,10): 4.359823911606605e-29
(12,11): 8.040953377188334e-25
(12,13): 0.0
(12,24): 0.0
(12,25): 9.490618903847765e-25
(12,38): 5.234584158131045e-25
(13,1): 0.0
(13,2): 0.0
(13,10): 0.0
(13,11): 3.2119249541813306e-37
(13,12): 0.0
(13,24): 0.0
(13,25): 3.790987666437729e-37
(14,3): 0.0
(14,4): 0.0
(14,5): 0.0
(14,7): 0.0
(14,15): 0.0
(14,16): 0.0
(14,17): 0.0
(14,19): 0.0
(14,26): 0.0
(14,27): 0.0
(14,29): 0.0
(14,38): 0.0
(15,0): 1.1719428541528148e-26
(15,4): 1.8766411346878196e-20
(15,9): 4.648424020734967e-25
(15,14): 0.0
(15,16): 0.0
(15,26): 3.2221488277770445e-36
(15,38): 1.1198538144062855e-21
(15,41): 0.0
(15,42): 0.0
(15,44): 1.0928473413563689e-31
(16,4): 0.0
(16,5): 0.0
(16,14): 0.0
(16,15): 0.0
(16,17): 0.0
(16,18): 0.0
(16,19): 0.0
(16,26): 0.0
(16,27): 0.0
(16,29): 0.0
(16,44): 0.0
(17,4): 1.2981165048221e-29
(17,5): 3.183856654470824e-36
(17,14): 0.0
(17,16): 0.0
(17,18): 7.211999017775117e-30
(17,19): 5.5568668606308785e-30
(17,20): 3.636783166867796e-30
(17,26): 0.0
(17,27): 6.1309324102730276e-30
(17,28): 0.0
(17,29): 0.0
(17,39): 0.0
(17,42): 0.0
(18,5): 5.558211478714208e-27
(18,16): 0.0
(18,17): 7.663673224084226e-30
(18,19): 9.700889072892777e-21
(18,38): 1.3522966152434797e-21
(18,39): 4.370330189971484e-37
(18,40): 0.0
(18,41): 0.0
(18,42): 0.0
(18,44): 1.3196746104223952e-31
(19,5): 4.326724879582366e-27
(19,14): 0.0
(19,16): 0.0
(19,17): 5.965742540140673e-30
(19,18): 9.800760630542184e-21
(19,20): 4.942270874065794e-21
(19,26): 3.0288928642819786e-36
(19,27): 8.331706441900047e-21
(19,28): 0.0
(19,29): 0.0
(19,38): 1.0526835578823902e-21
(19,43): 3.4874612317943705e-34
(19,44): 1.0273011886073427e-31
(19,45): 2.7750569873619113e-31
(19,46): 1.565936102300277e-20
(19,50): 6.143921281303994e-24
(20,5): 2.8557136473479894e-27
(20,17): 3.937493805875943e-30
(20,19): 4.9841505276473425e-21
(20,21): 5.726211345099533e-34
(20,22): 9.024235136985226e-21
(20,27): 5.499049860225645e-21
(20,28): 0.0
(20,29): 0.0
(20,38): 6.947868315144798e-22
(20,40): 0.0
(20,42): 0.0
(20,43): 2.3017669420025553e-34
(20,44): 6.780364850747809e-32
(20,45): 1.83157183735238e-31
(21,6): 2.1021653839212904e-33
(21,8): 1.2664380324770885e-33
(21,20): 5.889484296186384e-34
(21,22): 1.6293178221862327e-33
(21,23): 2.1021653839212904e-33
(21,28): 0.0
(21,38): 1.2544411942719854e-34
(21,40): 0.0
(21,42): 0.0
(21,43): 0.0
(21,45): 0.0
(21,46): 1.8660565069700873e-33
(21,47): 2.1021653839212904e-33
(22,6): 3.1819886868461835e-20
(22,8): 1.9169644124039324e-20
(22,20): 8.914711254004377e-21
(22,21): 1.5649165274665105e-33
(22,23): 3.1819886868461835e-20
(22,48): 3.1819886868461835e-20
(22,51): 3.1819886868461835e-20
(23,6): 4.118034669064286e-20
(23,8): 2.4808684609416766e-20
(23,21): 2.0252761147630122e-33
(23,22): 3.1917503874265896e-20
(23,43): 8.141009186184604e-34
(23,45): 6.477998433906981e-31
(23,49): 4.118034669064286e-20
(24,0): 0.0
(24,1): 0.0
(24,2): 0.0
(24,3): 0.0
(24,7): 0.0
(24,10): 0.0
(24,11): 0.0
(24,12): 0.0
(24,13): 0.0
(24,25): 0.0
(24,50): 0.0
(25,0): 2.736190242406323e-27
(25,10): 2.1776492962674387e-26
(25,11): 4.0163036715979635e-22
(25,12): 9.760558230929212e-25
(25,13): 4.443082915746177e-37
(25,24): 0.0
(26,3): 0.0
(26,4): 5.98304562525522e-36
(26,7): 0.0
(26,14): 0.0
(26,15): 2.7486586414179027e-36
(26,16): 0.0
(26,17): 0.0
(26,19): 2.5611910046738418e-36
(26,27): 2.825780907274441e-36
(26,29): 0.0
(26,41): 0.0
(27,3): 3.590220832856984e-37
(27,4): 1.9646783550227505e-20
(27,5): 4.818752602496673e-27
(27,7): 0.0
(27,14): 0.0
(27,16): 0.0
(27,17): 6.644106224068005e-30
(27,19): 8.410293446853986e-21
(27,20): 5.504254878074264e-21
(27,26): 3.373306825861436e-36
(27,28): 0.0
(27,46): 1.744011609194178e-20
(27,50): 6.842571603278004e-24
(28,17): 0.0
(28,19): 0.0
(28,20): 0.0
(28,21): 0.0
(28,27): 0.0
(28,29): 0.0
(29,3): 0.0
(29,4): 0.0
(29,5): 0.0
(29,7): 0.0
(29,14): 0.0
(29,16): 0.0
(29,17): 0.0
(29,19): 0.0
(29,20): 0.0
(29,26): 0.0
(29,28): 0.0
(30,1): 0.0
(30,2): 0.0
(30,4): 0.0
(30,34): 0.0
(30,50): 0.0
(31,0): 0.0
(31,1): 0.0
(31,2): 0.0
(31,3): 0.0
(31,4): 0.0
(32,6): 2.073288263167387e-33
(32,45): 0.0
(33,5): 0.0
(33,6): 6.00001061169993e-34
(34,5): 9.75585745193583e-27
(34,6): 3.9776411164812965e-20
(34,7): 0.0
(34,30): 0.0
(34,44): 2.3163485288179334e-31
(34,50): 1.3853254198624037e-23
(35,9): 1.0200374809645477e-24
(35,36): 4.118034669064286e-20
(35,37): 4.118034669064286e-20
(36,10): 2.0467046722360892e-25
(36,35): 4.118034669064286e-20
(36,37): 4.118034669064286e-20
(37,11): 3.7748128759915995e-21
(37,35): 4.118034669064286e-20
(37,36): 4.118034669064286e-20
(38,9): 5.837660061784907e-26
(38,12): 5.2501025312509395e-25
(38,14): 0.0
(38,15): 1.0827114661980939e-21
(38,18): 1.3093514819471292e-21
(38,19): 1.0088631802562534e-21
(38,20): 6.602721348053687e-22
(38,21): 1.1590712942499837e-34
(39,17): 0.0
(39,18): 2.890926712361516e-37
(39,43): 0.0
(40,18): 0.0
(40,20): 0.0
(40,21): 0.0
(41,15): 0.0
(41,18): 0.0
(41,26): 0.0
(42,15): 0.0
(42,17): 0.0
(42,18): 0.0
(42,20): 0.0
(42,21): 0.0
(43,11): 6.098378022316528e-35
(43,19): 2.8479250354461103e-34
(43,20): 1.8638716486809925e-34
(43,21): 0.0
(43,23): 6.652867317177166e-34
(43,39): 0.0
(44,9): 5.048002073375441e-36
(44,11): 1.8681014997985334e-32
(44,15): 9.362535675379901e-32
(44,16): 0.0
(44,18): 1.1322361587120273e-31
(44,19): 8.723981283137517e-32
(44,20): 5.709552973843649e-32
(44,34): 1.968936463156985e-31
(45,19): 2.2640717089492944e-31
(45,20): 1.4817703443245152e-31
(45,21): 0.0
(45,23): 5.289003295366629e-31
(45,32): 0.0
(46,19): 1.5624632361972613e-20
(46,21): 1.7950893416170534e-33
(46,27): 1.723877354538041e-20
(46,48): 3.649977750625423e-20
(46,49): 3.649977750625423e-20
(47,21): 2.0252761147630122e-33
(47,51): 4.118034669064286e-20
(48,22): 3.1917503874265896e-20
(48,46): 3.655495303805093e-20
(48,49): 4.118034669064286e-20
(49,23): 4.118034669064286e-20
(49,46): 3.655495303805093e-20
(49,48): 4.118034669064286e-20
(50,10): 6.671309382679367e-29
(50,19): 5.7459559429771925e-24
(50,24): 0.0
(50,27): 6.3395307812366694e-24
(50,30): 0.0
(50,34): 1.2968235882222016e-23
(51,22): 3.1917503874265896e-20
(51,47): 4.118034669064286e-20
