Interaction name: 5o4f

Affinity: 6.679999828338623
Predicted value: 6.544536113739014

Attributions for edges: 

(0,1): 1.6909511182451026e-23
(0,3): 1.8367427109495324e-23
(0,5): 7.746084605830752e-23
(0,6): 1.945634388179163e-23
(0,8): 2.165657160976166e-23
(0,10): 3.8371068487833e-23
(0,11): 3.8085829006279565e-23
(0,12): 4.3113457280862914e-23
(0,13): 7.753653252899804e-23
(0,14): 1.705644283693568e-23
(0,15): 2.731471905094825e-23
(0,16): 1.6477399999841733e-23
(0,18): 2.0254716871807798e-23
(1,0): 1.6902868973629065e-23
(1,3): 1.1951093619387242e-23
(1,8): 1.4091179380804126e-23
(1,11): 2.478121967862769e-23
(1,16): 1.072131311068924e-23
(1,17): 1.0763109328030565e-23
(2,4): 2.348620668395515e-23
(2,5): 7.569187912089095e-23
(2,9): 3.754201985265641e-23
(2,10): 3.7494792327982637e-23
(2,11): 3.7216201366138405e-23
(2,14): 1.6666925410042892e-23
(2,15): 2.6691032997506033e-23
(2,16): 1.6101166990592865e-23
(2,17): 1.6163876699392505e-23
(2,18): 1.9792310274994397e-23
(2,21): 1.4937286344195216e-23
(3,0): 1.8361122533140798e-23
(3,1): 1.1951731807859566e-23
(3,4): 1.6988065951392934e-23
(3,6): 1.3751846129257876e-23
(3,9): 2.715493369687392e-23
(3,11): 2.691946818299631e-23
(3,15): 1.9306187363926432e-23
(3,16): 1.1646312475489673e-23
(3,17): 1.1691716942611479e-23
(3,21): 1.0804493759979364e-23
(4,2): 2.348513067768043e-23
(4,3): 1.6992149095438358e-23
(4,5): 7.166144360571024e-23
(4,7): 4.8815195597950206e-23
(4,8): 2.0034938645891414e-23
(4,10): 3.5497996050251e-23
(4,11): 3.523438397927511e-23
(4,14): 1.5779385894187783e-23
(4,15): 2.5269597154162776e-23
(4,16): 1.5243637321294175e-23
(4,17): 1.5303066946449905e-23
(4,18): 1.873819804583644e-23
(4,21): 1.4141799007370348e-23
(5,0): 7.7503406681866e-23
(5,2): 7.57383777380883e-23
(5,4): 7.17079296011331e-23
(5,7): 1.5742597839189345e-22
(5,9): 1.146230420068745e-22
(5,11): 1.136286986130615e-22
(5,13): 2.313277175486717e-22
(5,19): 3.2534946137819498e-22
(5,20): 8.507446577202228e-22
(5,22): 6.483540494928386e-22
(6,0): 1.945070510404111e-23
(6,3): 1.3752581347621542e-23
(6,8): 1.6215384583338005e-23
(6,11): 2.8516917826956104e-23
(7,4): 4.884872849730934e-23
(7,5): 1.574319863565476e-22
(7,9): 7.808327624518862e-23
(7,10): 7.798533758608362e-23
(7,11): 7.740620008568105e-23
(8,0): 2.1651945729413444e-23
(8,1): 1.409386781876912e-23
(8,4): 2.0032799255116454e-23
(8,6): 1.6216621517237392e-23
(8,9): 3.2021968823816e-23
(8,11): 3.1744185655538714e-23
(9,2): 3.755591327091916e-23
(9,3): 2.7172752487001055e-23
(9,5): 1.1459594305705834e-22
(9,7): 7.806183185034109e-23
(9,8): 3.203870845222479e-23
(9,10): 5.67659006251757e-23
(9,11): 5.634434597920008e-23
(10,0): 3.8382194582040236e-23
(10,2): 3.750809252284466e-23
(10,4): 3.551208510601825e-23
(10,7): 7.796243537628324e-23
(10,9): 5.676503603362358e-23
(10,11): 5.627217467270322e-23
(10,13): 1.1456096811996446e-22
(11,0): 3.809919862090125e-23
(11,1): 2.4799754754456762e-23
(11,2): 3.723139798261658e-23
(11,3): 2.6937959082614693e-23
(11,4): 3.5250110710281594e-23
(11,5): 1.1360528522139455e-22
(11,6): 2.8534979586242044e-23
(11,7): 7.738730528927919e-23
(11,8): 3.1761745699288933e-23
(11,9): 5.63462834215833e-23
(11,10): 5.627560779536274e-23
(11,12): 6.323086817895156e-23
(11,13): 1.1371629372797725e-22
(11,24): 2.4961972324474066e-22
(12,0): 4.313632162533984e-23
(12,11): 6.324268215986815e-23
(12,13): 1.2875080875646277e-22
(12,25): 6.341227463271619e-23
(13,0): 7.761761480828028e-23
(13,5): 2.314433330029409e-22
(13,10): 1.1464752824937255e-22
(13,11): 1.1379569731125318e-22
(13,12): 1.2881714880314823e-22
(13,26): 6.863649272467913e-22
(14,0): 1.7049286290803516e-23
(14,2): 1.6660948999824937e-23
(14,4): 1.5774330873507127e-23
(14,16): 1.0814224359245265e-23
(14,21): 1.0032550765731722e-23
(15,0): 2.731461492130876e-23
(15,2): 2.669245925802267e-23
(15,3): 1.931274279804882e-23
(15,4): 2.527200633536732e-23
(15,16): 1.7325438094728804e-23
(15,19): 1.1466283846182108e-22
(16,0): 1.6469984707332656e-23
(16,1): 1.0720780629578216e-23
(16,2): 1.6094964966156018e-23
(16,3): 1.164506844184214e-23
(16,4): 1.523840717349256e-23
(16,14): 1.081393642501486e-23
(16,15): 1.7317773522173677e-23
(16,21): 9.691665035923998e-24
(17,1): 1.0762535826152469e-23
(17,2): 1.6157587900256083e-23
(17,3): 1.1690423210726916e-23
(17,4): 1.529769638140716e-23
(17,18): 1.2891637488325055e-23
(18,0): 2.0248538513198107e-23
(18,2): 1.9787329407238832e-23
(18,4): 1.873441151349138e-23
(18,17): 1.2893555209185648e-23
(19,5): 3.255953083015853e-22
(19,15): 1.1481340360963518e-22
(20,5): 8.508420978192357e-22
(20,22): 2.3870104013323656e-21
(21,2): 1.4930677267531274e-23
(21,3): 1.0802721189525332e-23
(21,4): 1.4136079765807495e-23
(21,14): 1.0031709051145851e-23
(21,16): 9.691109677846722e-24
(22,5): 6.474692631015427e-22
(22,20): 2.383479737599635e-21
(22,23): 1.2106289096725067e-21
(23,22): 1.2076585517526492e-21
(24,11): 2.5000663111975897e-22
(24,26): 1.5079284462578619e-21
(25,12): 6.341300038474899e-23
(26,13): 6.871692372039802e-22
(26,24): 1.5084118097334834e-21
