Interaction name: 1epq

Affinity: 8.1899995803833
Predicted value: 8.09788703918457

Shapley values for edges: 

(0,1): 0.02573993682861328
(0,6): 0.022671027183532713
(0,11): 0.07838961124420166
(0,27): -0.02543135166168213
(0,28): 0.03486514091491699
(0,34): -0.002099475860595703
(1,0): -0.0598399019241333
(1,2): 0.009667296409606934
(1,6): 0.02323679447174072
(1,7): -0.02883114814758301
(1,34): -0.028539566993713378
(2,1): 0.03192199230194092
(2,6): 0.013456416130065919
(2,7): -0.0683299207687378
(2,11): 0.03313086986541748
(2,24): 0.02568664073944092
(2,25): -0.0040986394882202145
(2,34): 3.862857818603516e-05
(2,35): -0.034429497718811035
(2,36): 0.015246076583862305
(3,5): -0.0351167631149292
(3,7): -0.040732903480529783
(3,8): -0.0032616281509399415
(3,10): -0.019499216079711914
(3,15): -0.04237240791320801
(3,20): -0.011766963005065918
(3,24): -0.017835845947265627
(3,31): -0.0010731315612792969
(4,5): -0.046147880554199217
(4,8): -0.02566476345062256
(4,10): -0.05079648494720459
(4,14): 0.007615227699279786
(4,15): 0.011578812599182128
(4,16): -0.06559401988983155
(4,31): -0.0024712276458740234
(4,35): -0.013635573387145996
(4,36): -0.020574278831481933
(4,40): -0.03142055034637451
(4,41): 0.03226446628570557
(5,3): 0.014170784950256348
(5,4): 0.049161882400512696
(5,8): -0.04849677562713623
(5,9): -0.19794055938720703
(5,15): 0.02317469596862793
(5,16): -0.003747367858886719
(5,18): -0.07920453071594238
(5,31): 0.018356313705444337
(5,32): -0.036343016624450684
(5,35): -0.010976052284240723
(5,36): -0.06779550075531006
(5,37): 0.005211496353149414
(6,0): 0.012124781608581542
(6,1): -0.0613737154006958
(6,2): -0.02432919979095459
(6,7): 0.057126245498657226
(6,11): -0.016661205291748048
(6,27): -0.008398847579956055
(6,28): 0.015016131401062012
(6,30): 0.006804146766662598
(6,38): 0.1899185848236084
(7,1): -0.09489342212677002
(7,2): -0.025444369316101074
(7,3): -0.02872596263885498
(7,6): -0.07884845733642579
(7,8): -0.14470059871673585
(7,11): -0.07463274478912353
(7,24): -0.030550212860107423
(7,25): -0.06777522563934327
(8,3): -0.04097620010375977
(8,4): 0.0026213693618774413
(8,5): -0.010649714469909668
(8,7): 0.051556239128112795
(8,9): 0.07078139305114746
(8,10): -0.03824453830718994
(8,14): 0.0030654954910278322
(8,15): -0.10395777225494385
(8,19): 0.005715270042419434
(8,20): 0.004705748558044434
(8,24): -0.06127099990844727
(8,31): -0.05267009258270264
(8,39): 0.03344799995422363
(9,5): 0.00132936954498291
(9,8): -0.1256946039199829
(9,10): -0.06515431880950928
(9,14): 0.01891263008117676
(9,15): -0.05583746910095215
(9,16): 0.007535943984985352
(9,31): -0.07622133731842042
(10,3): -0.038792695999145504
(10,4): -0.05846144676208496
(10,8): -0.0969014549255371
(10,9): 0.006497683525085449
(10,15): -0.062368245124816896
(10,16): -0.06452786922454834
(10,18): -0.05007827758789062
(10,31): -0.07714111804962158
(10,32): -0.01321265697479248
(11,0): -0.02027331829071045
(11,2): 0.009237856864929199
(11,6): -0.016081056594848632
(11,7): -0.06861212730407715
(11,12): 0.00947739601135254
(11,27): 0.008382945060729981
(11,28): -0.015371127128601074
(11,29): -0.009095115661621094
(11,30): 0.012418217658996582
(11,42): 0.2249132537841797
(11,47): -0.014496936798095703
(11,50): -0.00528376579284668
(11,53): -0.01484541893005371
(12,11): 0.004803009033203125
(12,13): -0.02211538314819336
(12,27): -0.008742814064025878
(12,28): 0.003156280517578125
(12,29): -0.011178812980651855
(12,30): 0.00040694713592529294
(12,51): 0.0019094610214233398
(12,59): 0.0004114580154418945
(13,12): 0.010140471458435059
(13,27): 0.0011376571655273438
(13,28): -0.01685821533203125
(13,29): -0.011987700462341308
(13,30): -0.008063993453979491
(13,44): -0.007761693000793457
(14,4): -0.05612477302551269
(14,8): 0.02215390682220459
(14,9): -0.09058269023895264
(14,15): 0.020957159996032714
(14,19): 0.007685742378234863
(14,20): -0.009204325675964355
(14,21): -0.02221843719482422
(14,22): -0.00954535961151123
(14,23): -0.010318875312805176
(14,31): 0.013495464324951172
(14,47): -0.012647771835327148
(14,52): -0.002460746765136719
(14,53): -0.0030988788604736327
(14,56): -0.002319493293762207
(14,59): -0.012384977340698242
(14,60): -0.00659886360168457
(15,3): -0.019109153747558595
(15,4): -0.002315487861633301
(15,5): 0.030560870170593262
(15,8): 0.011654367446899414
(15,9): -0.051867341995239256
(15,10): -0.003383598327636719
(15,14): -0.04617613792419434
(15,16): -0.03981777191162109
(15,17): 0.006598219871520996
(15,18): -0.010225496292114257
(15,31): -0.013607206344604493
(15,32): -0.010203695297241211
(15,51): -0.0006506538391113281
(15,53): 0.015547366142272949
(15,59): -0.012330102920532226
(16,4): -0.014994492530822754
(16,5): 0.012230334281921386
(16,9): -0.050821542739868164
(16,10): -0.05336850166320801
(16,15): 0.02638700485229492
(16,17): 0.02182161808013916
(16,18): -0.030591874122619628
(16,31): 0.0338213586807251
(16,32): -0.0014292192459106445
(16,46): -0.0021541547775268555
(17,15): 0.009935517311096192
(17,16): 0.008799710273742677
(17,18): -0.0009822797775268554
(17,32): -0.015023913383483887
(17,46): 0.003069453239440918
(18,5): -0.001972346305847168
(18,10): -0.04068269729614258
(18,15): 0.01748709201812744
(18,16): -0.007980132102966308
(18,17): -0.001581110954284668
(18,32): 0.0036503076553344727
(18,46): -0.006123113632202149
(18,47): -0.009945335388183594
(18,52): -4.3921470642089843e-05
(19,8): 0.1064065933227539
(19,14): -0.012955293655395508
(19,20): -0.0036153078079223635
(19,21): -0.002569899559020996
(19,22): -0.010488619804382324
(19,23): -0.004466619491577149
(19,31): 0.02025228500366211
(19,33): -0.002309231758117676
(19,46): -0.012248268127441406
(19,51): -0.010818147659301757
(20,3): 0.022789907455444337
(20,8): 0.002876882553100586
(20,14): 0.005359439849853515
(20,19): 0.014070897102355958
(20,21): -0.006714015007019043
(20,22): -0.008483357429504394
(20,23): -0.005669894218444824
(20,33): 0.010886654853820801
(20,47): -0.00019957542419433595
(20,48): -0.011074862480163573
(20,52): 0.0008583307266235351
(20,57): -0.0008776569366455078
(20,59): 0.003260231018066406
(21,14): -0.0033022594451904298
(21,19): -0.003814239501953125
(21,20): -0.018206729888916015
(21,22): -0.0048998832702636715
(21,23): -0.005180916786193848
(21,28): 0.008089480400085449
(21,33): -0.006979255676269531
(21,49): -0.014224677085876465
(21,51): 0.0016668081283569337
(21,54): -0.008222932815551759
(21,57): -0.0028581857681274415
(22,14): 0.008258085250854492
(22,19): 0.0033924198150634766
(22,20): 0.00041412353515625
(22,21): -0.004270029067993164
(22,23): 0.0017078161239624024
(22,33): -0.004030485153198243
(22,44): -0.0035809040069580077
(22,55): -0.01074284553527832
(23,14): -0.00715198040008545
(23,19): -0.005053219795227051
(23,20): 0.0010503625869750976
(23,21): -0.008704123497009277
(23,22): -0.007791023254394531
(23,33): -0.012711496353149413
(23,52): 0.003584022521972656
(23,59): -0.018553643226623534
(24,2): 0.024033656120300294
(24,3): -0.01568105220794678
(24,7): -0.0676811933517456
(24,8): -0.03527129173278808
(24,25): 0.06881845951080322
(24,26): -0.0207108736038208
(24,51): 0.0009713268280029297
(24,52): -0.018884902000427247
(24,55): 0.010866270065307618
(24,59): -0.0012608051300048828
(25,2): 0.03586435794830322
(25,7): -0.04165802001953125
(25,24): -0.010373868942260743
(25,26): -0.001774907112121582
(26,24): 0.006691269874572754
(26,25): 0.03334178924560547
(26,47): -0.002309279441833496
(26,53): -0.022275729179382323
(26,59): -0.02356376647949219
(26,60): 0.0068458843231201175
(27,0): -0.03062704563140869
(27,6): 0.041152844429016115
(27,11): 0.008284225463867187
(27,12): 0.00598412036895752
(27,13): -0.0035900449752807617
(27,28): -0.012274498939514161
(27,29): 0.0010562562942504883
(27,30): 0.004934482574462891
(27,59): 0.01181070327758789
(28,0): -0.033433966636657715
(28,6): -0.006091685295104981
(28,11): 0.0015143537521362304
(28,12): 0.0033193016052246093
(28,13): -0.014792437553405762
(28,21): -0.009698796272277831
(28,27): 0.007914171218872071
(28,29): -0.010980730056762695
(28,30): -0.017513751983642578
(29,11): -0.010487957000732422
(29,12): -0.012501087188720703
(29,13): -0.01634422779083252
(29,27): -0.008099927902221679
(29,28): -0.0036862945556640626
(29,30): -0.01290555477142334
(29,43): -0.016080288887023925
(30,6): 0.005007271766662598
(30,11): -0.009084296226501466
(30,12): -0.0040910768508911136
(30,13): -0.0068269014358520504
(30,27): 0.0005401802062988281
(30,28): -0.001176471710205078
(30,29): -0.005596547126770019
(30,51): 0.004955568313598633
(30,54): -0.0041378259658813475
(30,55): -0.027218589782714842
(31,3): 0.019926486015319825
(31,4): -0.029860892295837403
(31,5): 0.0199187707901001
(31,8): -0.024562125205993653
(31,9): -0.08108197689056397
(31,10): -0.05661673545837402
(31,14): 0.0022864007949829103
(31,15): 0.006788759231567383
(31,16): 0.052161865234375
(31,19): -0.010167717933654785
(31,32): -0.0012073230743408203
(31,55): -0.00976318359375
(31,56): 0.004261083602905273
(32,5): 0.0226996374130249
(32,10): -0.06396544456481934
(32,15): 0.0006078577041625976
(32,16): 0.011916365623474121
(32,17): -0.02442110538482666
(32,18): -0.0063754129409790035
(32,31): 0.03507645606994629
(32,47): -0.012500905990600586
(32,51): -0.02338685989379883
(32,59): -0.016654844284057616
(33,19): -0.020521955490112306
(33,20): 0.007884087562561036
(33,21): 0.0005751371383666993
(33,22): -0.0028916549682617186
(33,23): -0.0004234504699707031
(33,50): -0.010937652587890624
(33,58): 0.005805940628051758
(34,0): -0.039471616744995115
(34,1): 0.023839950561523438
(34,2): -0.00723550796508789
(34,38): 0.15901214122772217
(34,42): 0.10744032859802247
(34,52): -0.01964362144470215
(35,2): -0.04973523616790772
(35,4): 0.012514362335205078
(35,5): -0.027847204208374023
(35,37): -0.04890416622161865
(35,51): -0.021480417251586913
(36,2): -0.007940640449523926
(36,4): -0.04597834587097168
(36,5): -0.04188385486602783
(37,5): -0.014299426078796387
(37,35): -0.015654735565185547
(38,6): -0.015116562843322754
(38,34): -0.0003121662139892578
(38,42): -0.005347847938537598
(39,8): 0.04878146171569824
(40,4): 0.04328614234924316
(40,41): -0.024182038307189943
(41,4): 0.048409738540649415
(41,40): 5.755424499511719e-05
(41,59): 0.05373995780944824
(42,11): -0.0507207727432251
(42,34): -0.05598465919494629
(42,38): -0.19865381717681885
(43,29): 0.0016092491149902344
(43,55): 0.024405264854431154
(44,13): -0.005501513481140137
(44,22): -0.0017672061920166015
(46,16): -0.0222760009765625
(46,17): -0.012614288330078126
(46,18): 0.001740570068359375
(46,19): 0.005627017021179199
(47,11): 0.025896687507629395
(47,14): 0.0043913936614990235
(47,18): 0.000833439826965332
(47,20): 0.007356204986572266
(47,26): -0.012792959213256835
(47,32): 0.0049665594100952145
(47,53): -0.023057026863098143
(48,20): -0.0002467632293701172
(48,49): 0.004680595397949219
(48,56): 0.006407299041748047
(49,21): -0.001963849067687988
(49,48): -0.0027956295013427733
(49,56): -0.004859085083007812
(49,57): 0.0010602331161499022
(50,11): -0.013798627853393555
(50,33): 0.0015072345733642579
(50,57): -0.0046108484268188475
(51,12): 0.0025142765045166014
(51,15): 0.010275144577026368
(51,19): 0.0037493038177490233
(51,21): 0.0008821725845336914
(51,24): 0.02546097755432129
(51,30): -0.010460677146911622
(51,32): 0.006189131736755371
(51,35): -0.02126049041748047
(52,14): -0.004384613037109375
(52,18): -0.010028843879699706
(52,20): -0.02541529655456543
(52,23): -0.007984790802001953
(52,24): 0.00271024227142334
(52,34): 0.0007841777801513672
(52,60): -0.0032877492904663085
(53,11): -0.01415064811706543
(53,14): -0.009907937049865723
(53,15): 0.04718382835388184
(53,26): -0.023235740661621093
(53,47): 0.0001305198669433594
(54,21): 0.0015839338302612305
(54,30): -0.012801408767700195
(55,22): -0.012639679908752442
(55,24): 0.03696122169494629
(55,30): -0.013866086006164551
(55,31): 0.058956418037414554
(55,43): -0.014398193359375
(56,14): -0.0041526126861572265
(56,31): 0.025056896209716798
(56,48): -0.01673501968383789
(56,49): -0.0062312126159667965
(57,20): 0.0003791379928588867
(57,21): -0.002396407127380371
(57,49): -0.003370499610900879
(57,50): 0.007257494926452637
(58,33): -0.002601008415222168
(58,59): 0.0005560493469238281
(59,12): -0.007986907958984374
(59,14): -0.026322355270385744
(59,15): 0.03986690044403076
(59,20): -0.013088850975036622
(59,23): -0.008083767890930176
(59,24): 0.015886054039001465
(59,26): -0.020125150680541992
(59,27): -0.004592695236206055
(59,32): -0.01119701862335205
(59,41): -0.01323394775390625
(59,58): -0.0010374259948730468
(60,14): -0.004474005699157715
(60,26): 0.01058873176574707
(60,52): 0.006263298988342285
