Interaction name: 5wex

Affinity: 7.179999828338623
Predicted value: 6.754270553588867

Shapley values for edges: 

(0,4): 0.015501642227172851
(0,5): 0.007442622184753418
(0,6): 0.009187488555908204
(0,7): -0.008008451461791992
(0,8): 0.045536441802978514
(0,11): 1.9073486328125e-08
(0,13): 0.0305916690826416
(0,15): 0.015642995834350585
(0,17): 0.01405928134918213
(1,2): 0.0007874202728271484
(1,3): 0.03367218971252441
(1,7): -0.023869948387145998
(1,8): 0.003103656768798828
(1,9): 0.00554591178894043
(1,18): 0.016322259902954103
(2,1): 0.017213425636291503
(2,3): 0.007569279670715332
(2,7): 0.005510139465332031
(2,8): -0.009853472709655762
(2,9): 0.006822075843811035
(2,18): 0.08031810760498047
(3,1): 0.04015161514282226
(3,2): 0.05718161106109619
(3,7): -0.03448234558105469
(3,8): 0.03131052017211914
(3,9): -0.006687765121459961
(3,19): -0.0024275970458984375
(4,0): -0.00999985694885254
(4,11): 4.76837158203125e-09
(4,12): 0.010658707618713379
(4,13): 0.02948209285736084
(4,14): 0.051226329803466794
(4,15): 0.02198646068572998
(4,16): 0.1525919771194458
(4,17): -0.043164453506469726
(5,0): -0.048917565345764163
(5,6): -0.0028032970428466795
(5,7): 0.01014185905456543
(5,8): 0.0
(5,9): -0.003671140670776367
(5,11): -0.013172831535339356
(5,17): -0.0063929128646850585
(5,20): -0.0673090410232544
(5,21): -0.022267117500305175
(5,26): -0.07315293312072754
(6,0): 0.003010201454162598
(6,5): -0.0025546932220458984
(6,7): 0.00166898250579834
(6,8): -0.026422314643859864
(6,9): 0.00532869815826416
(6,17): -0.023639521598815917
(6,22): 0.07219557285308838
(6,23): -0.05442835330963135
(7,0): -0.02640953063964844
(7,1): -0.00625378131866455
(7,2): 0.016750760078430176
(7,3): -0.0037540912628173826
(7,5): -0.014710659980773927
(7,6): -0.001139230728149414
(7,8): -1.9073486328125e-08
(7,9): 0.004691691398620606
(7,17): -0.03504806518554687
(7,22): -0.04687178134918213
(7,24): 0.04949784278869629
(7,29): -0.02213675022125244
(8,0): -0.0739628267288208
(8,1): -0.05419265270233154
(8,2): -0.18333717823028564
(8,3): -0.030943880081176756
(8,5): 0.002035398483276367
(8,6): 0.03545655727386474
(8,7): -0.005888233184814453
(8,9): 0.03595141887664795
(8,17): -0.03079457759857178
(8,24): 0.06710132598876953
(8,25): 0.00197904109954834
(8,29): -0.04050105571746826
(8,31): -0.0037659072875976564
(9,1): -0.04593409538269043
(9,2): -0.060353207588195804
(9,3): -0.004588394165039062
(9,5): -0.02763824462890625
(9,6): -0.06571143150329589
(9,7): -0.00029624462127685546
(9,8): -1.9073486328125e-08
(9,17): -0.04130201816558838
(10,12): 0.03587043762207031
(10,13): -0.11734533786773682
(10,14): 0.0
(10,16): 0.003036179542541504
(10,23): 0.01397367000579834
(10,30): -0.036828041076660156
(10,31): -0.045757298469543455
(11,0): -0.044366827011108396
(11,4): 0.009269142150878906
(11,5): -0.01937973976135254
(11,17): -0.09047206878662109
(11,21): -0.01153566837310791
(11,23): -0.05208977699279785
(11,25): -0.04882242202758789
(11,26): -0.011001439094543456
(11,27): -0.03396420478820801
(11,30): -0.14549940586090088
(12,4): -0.003544573783874512
(12,10): -0.03454389572143555
(12,13): 0.00627863883972168
(12,14): 0.006357369422912598
(12,15): -0.01259654998779297
(12,16): -0.029259228706359865
(13,0): 0.004485039710998535
(13,4): -0.006281647682189941
(13,10): -0.015624480247497559
(13,12): 0.012421412467956543
(13,14): -0.0009315013885498047
(13,15): -0.026163952350616457
(13,16): -0.009881272315979003
(13,20): 0.022004613876342772
(13,28): 0.07897165298461914
(14,4): -0.19433765411376952
(14,10): 0.001110525131225586
(14,12): 0.0006101608276367187
(14,13): 0.00020395755767822266
(14,15): -0.00024150848388671876
(14,16): 0.07677538871765137
(14,23): -0.05005085945129394
(14,26): -0.07510347366333008
(14,29): -0.054966583251953124
(14,30): -0.012247395515441895
(14,31): -0.019138426780700685
(15,0): -0.03395916938781738
(15,4): -0.03478769779205322
(15,12): -0.006758723258972168
(15,13): 0.010870156288146972
(15,14): -0.00537506103515625
(15,16): -0.08199992179870605
(16,4): -0.03806405544281006
(16,10): -0.0012135601043701172
(16,12): 0.021003561019897463
(16,13): 0.008496232032775879
(16,14): -0.0011374473571777344
(16,15): 0.012535276412963868
(17,0): -0.002989182472229004
(17,4): 0.0209596061706543
(17,5): 0.0026102256774902344
(17,6): 0.015756053924560545
(17,7): -0.05973625659942627
(17,8): 0.00035869598388671875
(17,9): 0.006567440032958984
(17,11): 0.018534026145935058
(18,1): -0.021487812995910644
(18,2): 0.15755195140838624
(18,25): 0.021110591888427736
(19,3): 0.010050063133239745
(20,5): -0.12832773208618165
(20,13): -0.08732212066650391
(20,27): -0.0367278528213501
(20,30): -0.028741579055786132
(21,5): -0.010360136032104492
(21,11): 0.005006241798400879
(21,24): -0.017543931007385254
(22,6): 0.06718888282775878
(22,7): 0.03363171100616455
(22,25): -0.03952253818511963
(22,28): -0.012786421775817871
(23,6): -0.06660176277160644
(23,10): -0.025402441024780273
(23,11): -0.026129636764526367
(23,14): -0.0006094264984130859
(23,30): 0.0070531082153320315
(23,31): -0.03422886848449707
(24,7): 0.015080738067626952
(24,8): -0.07912909030914307
(24,21): -0.01989509105682373
(25,8): -0.007808375358581543
(25,11): 0.03362021923065186
(25,18): -0.014503560066223144
(25,22): -0.006171135902404785
(25,28): -0.015837335586547853
(26,5): -0.08273980140686035
(26,11): -0.011251263618469239
(26,14): -0.011576204299926758
(27,11): 0.006532015800476074
(27,20): -0.042870159149169924
(28,13): 0.028856329917907715
(28,22): -0.007739629745483399
(28,25): -0.030853400230407713
(29,7): -0.013701491355895996
(29,8): 0.04949012279510498
(29,14): 0.011972732543945312
(30,10): -0.03123239517211914
(30,11): -0.08407122135162354
(30,14): 0.004499125480651856
(30,20): -0.03283815860748291
(30,23): 0.003362240791320801
(31,8): -0.05324323654174805
(31,10): -0.024179792404174803
(31,14): -0.000501556396484375
(31,23): 0.008134922981262206
