Interaction name: 6cwn

Affinity: 6.650000095367432
Predicted value: 6.903453350067139

Attributions for edges: 

(0,1): 1.091651831940799e-23
(0,7): 1.1348871682315185e-23
(0,8): 1.1313428161843605e-23
(0,9): 1.1679234796508167e-23
(0,12): 1.1055906097056016e-23
(0,17): 1.3313398815857848e-23
(0,19): 1.334920205690221e-23
(0,21): 9.644383868708671e-24
(0,25): 9.633720835852799e-24
(0,26): 9.880176759861947e-24
(1,0): 1.0916684769058991e-23
(1,2): 1.0687541975336728e-23
(1,8): 1.1603474961753456e-23
(1,13): 1.2540701670584815e-23
(1,17): 1.3654721574607065e-23
(1,19): 1.3691389407203548e-23
(1,20): 1.3652638981817282e-23
(1,21): 9.891640486536619e-24
(1,25): 9.880667431344995e-24
(1,26): 1.0133439764622248e-23
(2,1): 1.0686930608135182e-23
(2,3): 9.459034688139753e-24
(2,4): 9.507909354383626e-24
(2,5): 1.0095860008819329e-23
(2,6): 1.1170963037804311e-23
(2,9): 1.1433563789099713e-23
(2,10): 1.0036110894996985e-23
(2,11): 1.0060144331335448e-23
(2,13): 1.1970027069973452e-23
(2,14): 1.0430053831568064e-23
(2,15): 1.0117796652871715e-23
(2,16): 1.0746207194275299e-23
(2,19): 1.3068451982760388e-23
(2,20): 1.3031414963260261e-23
(2,23): 9.1002402380617e-24
(2,25): 9.431039592335269e-24
(2,26): 9.672347410076945e-24
(3,2): 9.457916872237054e-24
(3,4): 8.815142751471206e-24
(3,5): 9.360253525587977e-24
(3,11): 9.32714030023042e-24
(3,13): 1.1097865608604722e-23
(3,14): 9.67006050231271e-24
(3,15): 9.38059114858548e-24
(3,21): 8.75358477959319e-24
(3,22): 8.408644304732629e-24
(3,23): 8.437176614813568e-24
(3,24): 8.523615259642255e-24
(3,25): 8.743873901849919e-24
(3,26): 8.9675648778562e-24
(3,29): 8.390860224485327e-24
(4,2): 9.506930378000246e-24
(4,3): 8.81520980464815e-24
(4,5): 9.408688007446737e-24
(4,10): 9.353042548053352e-24
(4,13): 1.1155292315922096e-23
(4,14): 9.720136603715234e-24
(4,15): 9.429168414268085e-24
(4,16): 1.0014809283973302e-23
(4,21): 8.798949803669734e-24
(4,22): 8.452187848979019e-24
(4,23): 8.480868464910139e-24
(4,24): 8.567787526030106e-24
(4,25): 8.789152940087795e-24
(4,26): 9.014002752763845e-24
(4,29): 8.434344604163824e-24
(5,2): 1.0095744046266262e-23
(5,3): 9.361181226012517e-24
(5,4): 9.409550232416144e-24
(5,6): 1.1055399648354864e-23
(5,10): 9.932325987723393e-24
(5,11): 9.95607306755326e-24
(5,13): 1.1846242961030697e-23
(5,14): 1.0322115571628483e-23
(5,15): 1.0013166086707726e-23
(5,16): 1.0635038548928839e-23
(5,20): 1.2896655432543166e-23
(5,25): 9.333511140900985e-24
(5,26): 9.572287503997807e-24
(6,2): 1.1172412175287202e-23
(6,5): 1.1057002613714273e-23
(6,7): 1.2167807909547748e-23
(6,8): 1.2129898409886447e-23
(6,13): 1.310959502327219e-23
(6,16): 1.1769220159966727e-23
(6,17): 1.4274150934604708e-23
(6,18): 1.598421836139385e-23
(6,19): 1.4312536906252763e-23
(6,20): 1.4272027321047853e-23
(6,26): 1.0593172122966949e-23
(7,0): 1.1349737062728213e-23
(7,6): 1.216776136675434e-23
(7,8): 1.2063772144506296e-23
(7,17): 1.4196389759733452e-23
(7,18): 1.5897139161510124e-23
(7,19): 1.4234512251839163e-23
(7,20): 1.4194330832770825e-23
(7,21): 1.0283991501800962e-23
(7,26): 1.0535383328494079e-23
(8,0): 1.1314377161512586e-23
(8,1): 1.160427171126773e-23
(8,6): 1.2129851867093039e-23
(8,7): 1.2063863652371301e-23
(8,9): 1.241499274103332e-23
(8,12): 1.1752441088512676e-23
(8,13): 1.299755626434727e-23
(8,17): 1.415215990649952e-23
(8,19): 1.4190217712011003e-23
(8,20): 1.415005364788258e-23
(8,27): 1.0236554140126402e-23
(9,0): 1.1680482774460226e-23
(9,2): 1.1435352136771849e-23
(9,8): 1.241541872592214e-23
(9,13): 1.3418176899011114e-23
(9,17): 1.4610090506536697e-23
(9,19): 1.4649378935060324e-23
(9,20): 1.4607971626145273e-23
(10,2): 1.0035919990657921e-23
(10,4): 9.353791965913312e-24
(10,5): 9.932250257076491e-24
(10,11): 9.897076527034497e-24
(10,13): 1.1776001208308007e-23
(10,14): 1.0260989106665623e-23
(10,15): 9.953794048398077e-24
(11,2): 1.0059991292319835e-23
(11,3): 9.328064845211339e-24
(11,5): 9.95607306755326e-24
(11,10): 9.897189334143943e-24
(11,13): 1.1804291338091043e-23
(11,14): 1.0285600778047613e-23
(11,15): 9.977668134833686e-24
(11,16): 1.0597416194637038e-23
(12,0): 1.1057002613714273e-23
(12,8): 1.1752620159938162e-23
(12,30): 1.0918434462546771e-23
(12,31): 1.2740424685707766e-23
(12,35): 1.1534937148586044e-23
(12,39): 1.2708484496516272e-23
(13,1): 1.2542279392395257e-23
(13,2): 1.1972310822294066e-23
(13,3): 1.1101252977331741e-23
(13,4): 1.1158612631472171e-23
(13,5): 1.1848638731599853e-23
(13,6): 1.3110395717090989e-23
(13,8): 1.2998350647278828e-23
(13,9): 1.3418585528960018e-23
(13,10): 1.177856106194545e-23
(13,11): 1.180672339626184e-23
(13,14): 1.224080751999509e-23
(13,15): 1.1874385573824456e-23
(13,16): 1.2611897156141917e-23
(13,17): 1.5296061861611543e-23
(13,19): 1.5337196224653387e-23
(13,20): 1.5293846740189682e-23
(13,30): 1.2075743108743025e-23
(13,33): 8.706433774427225e-23
(13,39): 1.4055478691677444e-23
(14,2): 1.0430292856422346e-23
(14,3): 9.671426020539647e-24
(14,4): 9.721434279904323e-24
(14,5): 1.032258809931071e-23
(14,10): 1.0261537364994751e-23
(14,11): 1.028607172800803e-23
(14,13): 1.2238799868991303e-23
(14,15): 1.0345018570289765e-23
(14,16): 1.0987500812520681e-23
(14,19): 1.336183645316023e-23
(14,20): 1.3324068948461868e-23
(14,30): 1.0520403648764837e-23
(14,34): 1.0405097427970492e-23
(15,2): 1.0117796652871715e-23
(15,3): 9.381665577138391e-24
(15,4): 9.430141079764223e-24
(15,5): 1.0013282049260794e-23
(15,10): 9.954022029199686e-24
(15,11): 9.977858250311844e-24
(15,13): 1.1872164930376259e-23
(15,14): 1.0344703025927676e-23
(15,16): 1.0658309156771953e-23
(15,34): 1.0093356953167063e-23
(15,36): 1.0246125389489448e-23
(15,40): 1.0248940045199277e-23
(16,2): 1.0747110440011777e-23
(16,4): 1.0016642596717035e-23
(16,5): 1.0636053024052953e-23
(16,6): 1.1768681367968461e-23
(16,11): 1.0598427514317531e-23
(16,13): 1.261050166120058e-23
(16,14): 1.0988128745801237e-23
(16,15): 1.0659164281993213e-23
(16,17): 1.3730720434216058e-23
(16,19): 1.3767699078009198e-23
(16,20): 1.372873092701309e-23
(16,30): 1.0839915192345598e-23
(16,34): 1.0721108006853882e-23
(16,41): 1.174706263486088e-23
(17,0): 1.3316956578540395e-23
(17,1): 1.3658159430432018e-23
(17,6): 1.427676521964461e-23
(17,7): 1.419909713036017e-23
(17,8): 1.4154805745975632e-23
(17,9): 1.4612430267981582e-23
(17,13): 1.529804821337089e-23
(17,16): 1.3733968963423758e-23
(17,18): 1.8652546684191165e-23
(17,19): 1.670186721497875e-23
(17,20): 1.6654595514094287e-23
(17,31): 1.5344570496395393e-23
(17,38): 7.136517900414544e-23
(17,39): 1.5305985731799223e-23
(18,6): 1.5989401177541153e-23
(18,7): 1.5902356687537256e-23
(18,17): 1.8655107326689512e-23
(18,30): 1.472759922697842e-23
(18,31): 1.7185233846043874e-23
(18,38): 7.992612473954456e-23
(18,39): 1.7142021623377677e-23
(19,0): 1.3352512117260517e-23
(19,1): 1.369468053490013e-23
(19,2): 1.3072341855884032e-23
(19,6): 1.4314939776570066e-23
(19,7): 1.4237063428006648e-23
(19,8): 1.4192652136764515e-23
(19,9): 1.4651445750632003e-23
(19,13): 1.5338893853321423e-23
(19,14): 1.3365455746993383e-23
(19,16): 1.3770692016283606e-23
(19,17): 1.670154693745123e-23
(19,20): 1.6699062025599785e-23
(19,32): 9.680916806090361e-23
(20,1): 1.3655868578363257e-23
(20,2): 1.3035293792331233e-23
(20,5): 1.2900639968975437e-23
(20,6): 1.427436866021455e-23
(20,7): 1.4196661127884848e-23
(20,8): 1.4152429696929106e-23
(20,9): 1.4609978488288156e-23
(20,13): 1.5295421306556503e-23
(20,14): 1.3327628288866225e-23
(20,16): 1.3731611847038957e-23
(20,17): 1.665421212769435e-23
(20,19): 1.6698998916727368e-23
(20,37): 9.66792710688063e-23
(21,0): 9.642875566657888e-24
(21,1): 9.889942857868583e-24
(21,3): 8.753652621631039e-24
(21,4): 8.798881961631885e-24
(21,7): 1.0281598886675427e-23
(21,22): 8.393132932753268e-24
(21,23): 8.421613178014463e-24
(22,3): 8.408066069689102e-24
(22,4): 8.451511795183244e-24
(22,21): 8.392492377698229e-24
(22,23): 8.089167471031698e-24
(22,24): 8.172040464568786e-24
(22,27): 8.379888747015513e-24
(22,28): 7.69953408158584e-24
(22,30): 9.146177975155436e-24
(23,2): 9.098642794728628e-24
(23,3): 8.436661488642459e-24
(23,4): 8.480221598967858e-24
(23,21): 8.42103415411003e-24
(23,22): 8.089229002182305e-24
(23,24): 8.199801268684418e-24
(23,28): 7.725689553759349e-24
(23,30): 9.177213340888641e-24
(24,3): 8.523257116791285e-24
(24,4): 8.567296854547058e-24
(24,22): 8.172227424603323e-24
(24,23): 8.199957463143652e-24
(24,27): 8.494661697837928e-24
(24,30): 9.271445931460912e-24
(25,0): 9.632177035061281e-24
(25,1): 9.878970591537864e-24
(25,2): 9.430067715700037e-24
(25,3): 8.743940166165958e-24
(25,4): 8.789119807929775e-24
(25,5): 9.332693092142271e-24
(25,26): 8.941126993478623e-24
(25,29): 8.366122335358501e-24
(26,0): 9.87904553332386e-24
(26,1): 1.0132165754260316e-23
(26,2): 9.6717210545182e-24
(26,3): 8.968043716425669e-24
(26,4): 9.01441611587818e-24
(26,5): 9.57184968619541e-24
(26,6): 1.0591071386376345e-23
(26,7): 1.0533454563580813e-23
(26,25): 8.941535623427527e-24
(26,29): 8.58054340686753e-24
(26,34): 9.648358149949174e-24
(27,8): 1.0234094471823923e-23
(27,22): 8.380463826615419e-24
(27,24): 8.495049817403297e-24
(28,22): 7.698858027790066e-24
(28,23): 7.724981945527365e-24
(29,3): 8.390379808194047e-24
(29,4): 8.433734025823183e-24
(29,25): 8.365547255758595e-24
(29,26): 8.579561275040529e-24
(30,12): 1.0917017668360994e-23
(30,13): 1.2073624228351601e-23
(30,14): 1.0520282953046338e-23
(30,16): 1.0839169718790164e-23
(30,18): 1.4721081658179483e-23
(30,22): 9.14795843421852e-24
(30,23): 9.178963823237326e-24
(30,24): 9.273073351508383e-24
(31,12): 1.274202843992808e-23
(31,17): 1.5343868410189746e-23
(31,18): 1.7182087868753852e-23
(32,19): 9.699103520943689e-23
(32,33): 5.505827046303933e-22
(32,37): 5.615319425335671e-22
(32,38): 4.144332388636223e-22
(33,13): 8.723521132723036e-23
(33,32): 5.505700828559098e-22
(33,37): 5.513939818070971e-22
(33,38): 4.0695105094978207e-22
(34,14): 1.0405177102921919e-23
(34,15): 1.0093741128427906e-23
(34,16): 1.0720617335370835e-23
(34,26): 9.649314249366302e-24
(34,35): 1.0844464553186008e-23
(35,12): 1.1535156451917696e-23
(35,34): 1.0845871092180017e-23
(36,15): 1.0246594761728055e-23
(37,20): 9.686163046654443e-23
(37,32): 5.615319425335671e-22
(37,33): 5.514087240396938e-22
(37,38): 4.150550127182303e-22
(38,17): 7.14760612929833e-23
(38,18): 8.003901389052531e-23
(38,32): 4.1430517833971236e-22
(38,33): 4.068361928019819e-22
(38,37): 4.149268007330265e-22
(39,12): 1.2709939944886405e-23
(39,13): 1.405649632224518e-23
(39,17): 1.5305168471901414e-23
(39,18): 1.713881884810248e-23
(39,41): 1.3094101006232744e-23
(40,15): 1.024944807162224e-23
(41,16): 1.1748406853843376e-23
(41,39): 1.3093202493661697e-23
