Interaction name: 5kr2

Affinity: 8.479999542236328
Predicted value: 7.85250186920166

Attributions for edges: 

(0,1): 1.7863498471836817e-21
(0,3): 9.319584175223833e-20
(0,6): 3.1056007544754135e-19
(0,13): 2.637627749632285e-21
(0,17): 6.080584003361993e-20
(0,39): 5.444221033427877e-20
(0,40): 0.0
(1,0): 4.2557076839854155e-23
(1,6): 4.270472510584409e-16
(1,13): 3.223346450853522e-18
(1,14): 1.1399052904166496e-19
(1,15): 6.936752126506175e-20
(1,16): 9.964450949595905e-20
(1,30): 4.462675076887501e-19
(1,31): 9.058384448469168e-20
(1,34): 2.96699470042206e-18
(1,37): 4.779701610924281e-20
(1,40): 0.0
(2,6): 1.4236477461856446e-14
(2,9): 1.1620614409971197e-16
(2,17): 2.342635210572956e-15
(2,18): 3.9232461769340857e-17
(2,19): 5.936452248399935e-17
(2,20): 4.319328312190853e-16
(2,21): 1.6261225230731363e-15
(2,39): 2.3070109106355713e-15
(2,40): 4.3832812145865283e-39
(2,41): 2.3649339282135413e-19
(3,0): 3.5578139269511664e-22
(3,6): 5.348759375543204e-15
(3,7): 1.5318848349109987e-14
(3,17): 9.055397363826414e-16
(3,40): 0.0
(4,9): 5.109405737538312e-25
(4,10): 8.157354279614885e-28
(4,12): 5.7797797039802485e-27
(4,18): 1.8703686219397734e-25
(4,19): 2.7375608265993864e-25
(4,41): 1.3878985921528205e-27
(4,43): 1.266799841373077e-34
(5,10): 2.7548216325312895e-20
(5,11): 5.0695723244583125e-23
(5,12): 1.953953893757515e-19
(5,18): 6.5540022153929356e-18
(5,19): 9.810763247475996e-18
(5,22): 3.0524768890917852e-19
(5,26): 1.2580017372238746e-19
(5,27): 1.3950915433650243e-19
(5,39): 3.667067150086331e-16
(5,40): 0.0
(5,41): 4.6870567360834885e-20
(6,0): 1.1649567662683413e-21
(6,1): 7.642937101753162e-17
(6,2): 1.590440053148099e-14
(6,3): 5.6675690243625666e-15
(6,7): 5.502846442406728e-14
(6,9): 1.5671643447932475e-16
(6,13): 1.1250290281942637e-16
(6,17): 3.159306050074689e-15
(6,29): 2.554778212102821e-15
(6,34): 1.0212759624850845e-16
(6,42): 2.874671004303485e-16
(7,3): 1.1532569570268849e-14
(7,6): 3.9096862276518166e-14
(7,17): 6.3797348446561954e-15
(7,42): 5.60837878552491e-16
(8,9): 0.0
(8,10): 0.0
(8,12): 0.0
(8,18): 0.0
(8,19): 0.0
(9,2): 4.548565867964409e-16
(9,4): 4.3997881616588555e-29
(9,6): 5.525495552844892e-16
(9,8): 0.0
(9,17): 9.843907878312629e-17
(9,18): 1.821022402103852e-18
(9,19): 2.6752057053682138e-18
(9,20): 1.8564933956952283e-17
(9,21): 6.844057315805779e-17
(9,29): 7.968099815314287e-17
(9,44): 8.946070821324302e-17
(10,4): 7.997124107909667e-31
(10,5): 4.859994740515096e-19
(10,8): 0.0
(10,11): 2.647147999137809e-25
(10,18): 3.298222103194089e-20
(10,22): 1.5938933327813095e-21
(10,25): 2.9391433627919247e-21
(10,33): 2.808714993988855e-21
(10,36): 2.223198953633281e-21
(10,42): 1.6892010385310232e-19
(11,5): 1.3424083939956506e-20
(11,10): 3.9732805704451846e-24
(11,12): 2.815212330083294e-23
(11,22): 4.402605575223327e-23
(11,26): 1.8144234693581143e-23
(11,27): 2.0121565039615543e-23
(11,28): 9.296555374074096e-24
(12,4): 2.562176135922346e-30
(12,5): 1.5570801321788737e-18
(12,8): 0.0
(12,11): 8.48105739709694e-25
(12,18): 1.0566999680817648e-19
(12,22): 5.106611224602837e-21
(12,25): 9.41660228287736e-21
(12,33): 8.998762174645141e-21
(12,36): 7.122844176758452e-21
(13,0): 6.334071548228178e-23
(13,1): 3.249743024971008e-18
(13,6): 6.491529217650133e-16
(13,14): 1.6965951284784523e-19
(13,31): 1.3482236191047405e-19
(13,34): 4.415988899717431e-18
(13,37): 7.113969110397126e-20
(13,48): 7.504388605414834e-22
(13,59): 2.893423175865365e-20
(13,62): 1.3130491852726008e-19
(14,1): 4.529011343099074e-19
(14,13): 6.68729409929973e-19
(14,16): 2.067268299583646e-20
(14,31): 1.8792845583562947e-20
(14,32): 1.0094020795396024e-21
(14,37): 9.916137785709127e-21
(14,57): 1.6071797800065683e-20
(15,1): 3.245764182827051e-19
(15,16): 1.481524259493801e-20
(15,31): 1.3468092533483742e-20
(15,32): 7.233988291686204e-22
(15,37): 7.106506551866963e-21
(15,45): 9.723664862999926e-23
(15,59): 2.8903990794784667e-21
(16,1): 4.1577664803306806e-19
(16,14): 2.1710453775705258e-20
(16,15): 1.321162776950109e-20
(16,31): 1.7252391329331992e-20
(16,32): 9.266610971418376e-22
(16,37): 9.103310049253601e-21
(16,46): 3.5559196894068717e-19
(16,62): 1.6802285522655237e-20
(17,0): 4.1722982019239046e-22
(17,2): 4.650558587450957e-15
(17,3): 1.6777412402744054e-15
(17,6): 5.618274671447682e-15
(17,7): 1.609080198998556e-14
(17,9): 4.9287249087784284e-17
(17,45): 6.411749962124145e-21
(17,46): 1.9777731281826507e-17
(17,47): 5.482882679776782e-20
(17,48): 4.943194586009597e-21
(17,54): 2.888494795001683e-19
(17,60): 2.2438711341815187e-19
(18,2): 2.5133272784003927e-16
(18,4): 2.6703175160737007e-29
(18,5): 1.6351779140842156e-17
(18,8): 0.0
(18,9): 3.013672088798121e-18
(18,10): 4.8031857855025445e-21
(18,12): 3.4032300970182816e-20
(18,19): 1.6119213796105269e-18
(18,20): 1.1094216685913274e-17
(18,45): 4.742844312871026e-22
(18,46): 1.3539969520394485e-18
(18,48): 3.656509640089688e-22
(18,50): 2.720763440161699e-21
(18,52): 6.495571570366093e-22
(18,54): 2.1337204680162044e-20
(18,59): 1.409829833929188e-20
(18,60): 1.6589814811915615e-20
(19,2): 3.1055698034448433e-16
(19,4): 3.179316726250942e-29
(19,5): 1.963917025741775e-17
(19,8): 0.0
(19,9): 3.600569554703989e-18
(19,18): 1.3112478443924017e-18
(19,20): 1.3259563771340287e-17
(19,21): 4.722636167883292e-17
(19,29): 5.4800262286662404e-17
(19,34): 2.5618302626601644e-18
(19,38): 2.0543375602166242e-19
(19,52): 7.733658595069455e-22
(19,59): 1.6785564195819448e-20
(20,2): 1.6240026113643956e-15
(20,9): 1.7559100530061278e-17
(20,18): 6.158417976690476e-18
(20,19): 9.113085204443658e-18
(20,21): 2.4396362060826566e-16
(20,29): 2.8421015286903733e-16
(20,30): 1.7800331212100117e-18
(20,34): 1.198742781804396e-17
(20,38): 9.482216413951825e-19
(20,45): 2.60643096402521e-21
(20,48): 2.0094432452770392e-21
(20,54): 1.1725865501837662e-19
(21,2): 3.952436996939278e-15
(21,9): 4.243044127914437e-17
(21,19): 2.171189462093475e-17
(21,20): 1.577125584601856e-16
(21,29): 6.917001278594257e-16
(21,30): 3.982579345964147e-18
(21,34): 2.785502588631494e-17
(21,38): 2.1059377330625356e-18
(21,54): 2.5761658713623795e-19
(22,5): 3.4366965967559553e-18
(22,10): 1.0171987010993766e-21
(22,11): 1.871897113899349e-24
(22,12): 7.207190749844718e-21
(22,23): 8.216284050293356e-21
(22,24): 7.328036667459887e-21
(22,25): 2.0783858008868148e-20
(22,33): 1.9861622711705413e-20
(22,35): 1.0546577043858111e-20
(22,36): 1.572118954261684e-20
(22,50): 5.761918306736068e-22
(22,52): 1.3755997430885511e-22
(22,53): 5.37090078194591e-23
(22,59): 2.985667223538239e-21
(22,62): 1.3549099687964252e-20
(23,22): 9.641492011915214e-21
(23,24): 6.268551588718005e-21
(23,25): 1.7779003264734233e-20
(23,33): 1.6990102373731657e-20
(23,35): 9.021791561445214e-21
(23,36): 1.3448225658498264e-20
(23,61): 6.041503738191858e-22
(24,22): 9.025026774680834e-21
(24,23): 6.579015737063884e-21
(24,25): 1.6642172759750807e-20
(24,33): 1.590371534582976e-20
(24,35): 8.444949406463117e-21
(24,36): 1.2588362526020155e-20
(24,62): 1.0849073924253199e-20
(25,10): 1.527637094678414e-21
(25,12): 1.082385864806097e-20
(25,22): 1.6926961997364865e-20
(25,23): 1.2339327039472709e-20
(25,24): 1.1005344820953232e-20
(25,33): 2.9828339683815316e-20
(25,35): 1.58389319173478e-20
(25,36): 2.3610206530578266e-20
(25,49): 9.787310867652528e-21
(25,54): 6.786225288301985e-21
(26,5): 1.9383203352766277e-18
(26,11): 1.0557666676914309e-24
(26,27): 2.905355781267261e-21
(26,28): 1.3423361166662481e-21
(26,48): 4.367477914658198e-23
(26,50): 3.2497610928897197e-22
(26,51): 2.467041741184005e-21
(26,52): 7.758475401841239e-23
(26,53): 3.029235973468272e-23
(26,61): 3.9833767436317833e-22
(27,5): 2.038452616377703e-18
(27,11): 1.1102982554866438e-24
(27,26): 2.7551879669138997e-21
(27,28): 1.4116802466529918e-21
(27,46): 1.7007942333098953e-19
(27,48): 4.593064050103181e-23
(27,52): 8.159274170767413e-23
(27,53): 3.1857122138173774e-23
(27,54): 2.6802376485983527e-21
(27,55): 2.8017014304734833e-24
(27,61): 4.189139435617287e-22
(28,11): 6.92938180159305e-25
(28,26): 1.7195089684867088e-21
(28,27): 1.90689102467572e-21
(28,51): 1.6191971633433153e-21
(28,52): 5.092171611671084e-23
(28,53): 1.988198324953449e-23
(28,55): 1.748531101236361e-24
(29,6): 5.286363964033137e-15
(29,9): 4.671712282396567e-17
(29,19): 2.3888459929829206e-17
(29,20): 1.736453937818268e-16
(29,21): 6.537328818503765e-16
(29,30): 4.346032994542903e-18
(29,34): 3.061447394001224e-17
(29,38): 2.29760127125536e-18
(29,46): 1.8824228609208056e-17
(29,59): 1.8507147739744788e-19
(30,1): 1.0072650697361816e-18
(30,20): 7.043418100470654e-18
(30,21): 2.4649394955845312e-17
(30,29): 2.844605636015143e-17
(30,34): 1.368990841412891e-18
(30,38): 1.097788614046688e-19
(30,45): 3.0175542687482697e-22
(30,47): 2.580392748136654e-21
(31,1): 3.850296467308302e-19
(31,13): 5.685118258282281e-19
(31,14): 2.010479119357613e-20
(31,15): 1.2234616798357292e-20
(31,16): 1.7574686422259367e-20
(31,32): 8.581337474254725e-22
(31,37): 8.43011104643188e-21
(31,45): 1.1534678717753494e-22
(31,59): 3.428730282001573e-21
(32,14): 3.3619380728670084e-21
(32,15): 2.0458813994432454e-21
(32,16): 2.9388406421527116e-21
(32,31): 2.6716017295225214e-21
(32,37): 1.4096839868006757e-21
(32,56): 4.369063083315585e-22
(33,10): 1.4956003047359107e-21
(33,12): 1.0596825842690007e-20
(33,22): 1.6571980345544574e-20
(33,23): 1.2080460705215525e-20
(33,24): 1.0774464494822903e-20
(33,25): 3.055876924526805e-20
(33,35): 1.550682697934343e-20
(33,36): 2.3115067848131387e-20
(33,49): 9.582056984640005e-21
(34,1): 3.2502885505849866e-18
(34,6): 6.410127233836627e-16
(34,13): 4.799200584407629e-18
(34,19): 3.311361363161308e-18
(34,20): 2.2825506372918964e-17
(34,21): 8.087066916245134e-17
(34,29): 9.370825418892321e-17
(34,30): 6.644447177545249e-19
(34,38): 3.5424074356068766e-19
(34,46): 2.779801039464319e-18
(34,59): 2.8944277479452197e-20
(34,60): 3.4059320049410036e-20
(35,22): 1.1181042345144756e-20
(35,23): 8.150664555469606e-21
(35,24): 7.269539488515903e-21
(35,25): 2.061786935555775e-20
(35,33): 1.9702999520138433e-20
(35,36): 1.559563257291924e-20
(35,46): 2.8445373832748495e-19
(35,61): 7.006234934453525e-22
(35,62): 1.3440891700703958e-20
(36,10): 1.2560582101356088e-21
(36,12): 8.899590974018276e-21
(36,22): 1.391768700683262e-20
(36,23): 1.0145640016014245e-20
(36,24): 9.048779136723323e-21
(36,25): 2.5664246241150885e-20
(36,33): 2.4525457644561182e-20
(36,35): 1.3023085519801552e-20
(36,46): 3.540759536730306e-19
(36,48): 9.561964154647723e-23
(36,52): 1.698619477332575e-22
(36,59): 3.6867508563941634e-21
(36,62): 1.6730650389138437e-20
(37,1): 2.6437046513894514e-19
(37,13): 3.903566898756717e-19
(37,14): 1.3804532899561914e-20
(37,15): 8.400577305830756e-21
(37,16): 1.2067196734846267e-20
(37,31): 1.0969885914538556e-20
(37,32): 5.892149270986215e-22
(37,57): 9.381536771929787e-21
(38,19): 7.049703639150291e-19
(38,20): 4.8416593516596695e-18
(38,21): 1.69440454225138e-17
(38,29): 1.9553801909479826e-17
(38,30): 1.4154401864338288e-19
(38,34): 9.410470903522038e-19
(38,45): 2.0742808464150832e-22
(38,54): 9.331817077884241e-21
(38,58): 1.2334008526627934e-20
(38,60): 7.255521038955116e-21
(38,62): 2.7980970726171644e-20
(39,0): 2.547791007568268e-22
(39,2): 2.96083733668706e-15
(39,5): 1.773440028506821e-16
(39,40): 0.0
(39,46): 1.2311370771073814e-17
(40,0): 2.0453809769103786e-37
(40,1): 1.0492140049177231e-32
(40,2): 1.4791901812442343e-30
(40,3): 5.4738648283611245e-31
(40,5): 1.075485877541899e-31
(40,39): 3.1976554349429794e-31
(41,2): 1.1080682356730682e-17
(41,4): 1.3256946931511484e-30
(41,5): 8.056483257264481e-19
(41,52): 3.224752624472403e-23
(42,6): 1.0807299726764722e-15
(42,7): 2.9412494880235677e-15
(42,10): 1.577381244674199e-20
(43,4): 3.269984215810189e-35
(44,9): 4.912413568843373e-17
(44,46): 1.9746219009210686e-17
(44,59): 1.9226116326069687e-19
(45,15): 5.545306442275496e-22
(45,17): 5.940297273400296e-19
(45,18): 1.2139776986836393e-20
(45,20): 1.220306728968921e-19
(45,30): 3.567505581731899e-21
(45,31): 7.241332649822684e-22
(45,38): 1.90198004368547e-21
(45,56): 1.1842183009495886e-22
(46,16): 1.1061623960321095e-19
(46,17): 8.351453030607293e-17
(46,18): 1.6858029805746553e-18
(46,27): 3.7234010159820146e-20
(46,29): 6.894658269981363e-17
(46,34): 3.293686374627428e-18
(46,35): 7.623153707386067e-20
(46,36): 1.136340658964429e-19
(46,39): 7.786548229237679e-17
(46,44): 7.671621740163031e-17
(47,17): 2.2313333508418993e-18
(47,30): 1.3400447900187657e-20
(47,62): 2.649052172101215e-21
(48,13): 2.176003452925729e-20
(48,17): 5.0164295869974765e-19
(48,18): 1.0251692810037926e-20
(48,20): 1.0305140148277502e-19
(48,26): 2.0417638736841283e-22
(48,27): 2.2642723787479188e-22
(48,36): 6.910254922312881e-22
(48,49): 2.864569274330183e-22
(49,25): 1.4725766532701635e-20
(49,33): 1.4072290617610475e-20
(49,48): 5.486493517021032e-23
(50,18): 3.6883983513739504e-20
(50,22): 1.7824492139972897e-21
(50,26): 7.345917178064244e-22
(50,54): 7.146055418085283e-22
(50,58): 9.445054589840734e-22
(51,26): 2.6342188607797715e-21
(51,28): 1.3496992560031597e-21
(51,53): 3.045840548890088e-23
(52,18): 1.4364411389638138e-20
(52,19): 2.1024359156380806e-20
(52,22): 6.941747764262242e-22
(52,26): 2.860867307874162e-22
(52,27): 3.172640283746886e-22
(52,28): 1.4658218279275507e-22
(52,36): 9.682509547812439e-22
(52,41): 1.0659007771989617e-22
(53,22): 4.141472042102764e-22
(53,26): 1.7068101254481761e-22
(53,27): 1.8928159538346006e-22
(53,28): 8.745178204470611e-23
(53,51): 1.607245529354208e-22
(54,17): 6.403912774787026e-18
(54,18): 1.3087186362719443e-19
(54,20): 1.315541635554588e-18
(54,21): 4.6039160630833536e-18
(54,25): 1.1662424303146539e-20
(54,27): 2.890542058939816e-21
(54,38): 2.050414009926738e-20
(54,50): 3.2331796153152086e-22
(55,27): 4.066249800277744e-23
(55,28): 1.8786940183448237e-23
(56,32): 2.6689214199802956e-22
(56,45): 3.5874670821606794e-23
(57,14): 1.8182715871274127e-20
(57,37): 7.624109973410618e-21
(57,60): 3.648917440789449e-21
(58,38): 2.5035427416897195e-20
(58,50): 3.947691705505461e-22
(59,13): 2.1599851972988676e-19
(59,15): 4.6483802263329524e-21
(59,18): 1.017622728098538e-19
(59,19): 1.48943562812976e-19
(59,22): 4.917765648418911e-21
(59,29): 4.131255548493509e-18
(59,31): 6.070082767771047e-21
(59,34): 1.9882022730445075e-19
(59,36): 6.859412193260888e-21
(59,44): 4.590990952421906e-18
(60,17): 5.414794600124186e-18
(60,18): 1.1065802514884195e-19
(60,34): 2.1620049397101748e-19
(60,38): 1.7337103025110518e-20
(60,57): 5.644982210959115e-21
(61,23): 1.5247550891799413e-21
(61,26): 8.620216578631851e-22
(61,27): 9.559635058602276e-22
(61,35): 1.9572119190834657e-21
(62,13): 5.675475917279327e-19
(62,16): 1.7544678506834445e-20
(62,22): 1.29216411880773e-20
(62,24): 8.4011871899738e-21
(62,35): 1.209106461136883e-20
(62,36): 1.8023331738167083e-20
(62,38): 4.189191588789453e-20
(62,47): 9.846886451008386e-22
