Interaction name: 5ep7

Affinity: 5.400000095367432
Predicted value: 6.390986919403076

Attributions for edges: 

(0,11): 0.6547211408615112
(1,4): 0.44664058089256287
(1,6): 0.5927569270133972
(1,11): 0.6647313833236694
(2,3): 0.3249315619468689
(2,6): 0.5156423449516296
(2,7): 0.3709733784198761
(2,9): 0.3635759651660919
(3,2): 0.36235511302948
(3,5): 0.4934186339378357
(3,6): 0.5268840789794922
(3,7): 0.6546883583068848
(3,9): 0.3780836760997772
(4,1): 0.5288417935371399
(4,6): 0.4996511936187744
(4,8): 0.5378610491752625
(4,9): 0.6418830752372742
(4,10): 0.46641260385513306
(5,3): 0.48134294152259827
(5,6): 0.45306503772735596
(5,7): 0.5015549063682556
(5,9): 0.6419992446899414
(6,1): 0.3396587669849396
(6,2): 0.4186879098415375
(6,3): 0.3853936791419983
(6,4): 0.30758368968963623
(6,5): 0.4931921064853668
(6,7): 0.6238242983818054
(6,8): 0.2679392099380493
(6,9): 0.5660911798477173
(6,10): 0.6081953644752502
(6,12): 0.5491296052932739
(6,13): 0.4723588824272156
(7,2): 0.4177018702030182
(7,3): 0.4011516869068146
(7,5): 0.36692917346954346
(7,6): 0.6429354548454285
(7,8): 0.5798039436340332
(7,9): 0.4333329200744629
(7,10): 0.46232378482818604
(8,4): 0.37982335686683655
(8,6): 0.33461910486221313
(8,7): 0.3836313784122467
(8,9): 0.25382736325263977
(8,10): 0.7188904881477356
(8,12): 0.4429927468299866
(8,13): 0.691704511642456
(9,2): 0.5822659134864807
(9,3): 0.42588192224502563
(9,4): 0.5117648839950562
(9,5): 0.4816168546676636
(9,6): 0.4694152772426605
(9,7): 0.514191210269928
(9,8): 0.5884845852851868
(9,10): 0.6412321329116821
(10,4): 0.5852656364440918
(10,6): 0.45032209157943726
(10,7): 0.3722572922706604
(10,8): 0.44732925295829773
(10,9): 0.4384362995624542
(11,0): 0.4094027280807495
(11,1): 0.5157604813575745
(12,6): 0.642727792263031
(12,8): 0.6160898208618164
(13,6): 0.3682389259338379
(13,8): 0.4037589430809021
