Interaction name: 6hwz

Affinity: 5.170000076293945
Predicted value: 5.620378494262695

Attributions for edges: 

(0,1): 3.1318866565323374e-23
(0,2): 6.513306189034638e-24
(0,3): 3.220376024170237e-23
(0,4): 1.2058204364237246e-23
(0,5): 1.1763205884425322e-23
(0,6): 1.0435197457105594e-21
(1,0): 3.097052767768312e-23
(1,2): 1.6168564110891328e-23
(1,3): 7.994258984435834e-23
(1,4): 2.9933049369572655e-23
(1,5): 2.920086023178272e-23
(1,6): 2.590412821489448e-21
(1,9): 7.774563115597954e-23
(2,0): 6.567947822926129e-24
(2,1): 1.648752266297753e-23
(2,3): 1.6953367115615883e-23
(2,4): 6.3479278111422944e-24
(2,5): 6.192605437639256e-24
(3,0): 3.184800921699666e-23
(3,1): 7.994838323884628e-23
(3,2): 1.6626600418289804e-23
(3,4): 3.078125154752801e-23
(3,5): 3.0028201771960414e-23
(3,6): 2.663806723549881e-21
(3,7): 8.271402859835528e-23
(3,8): 8.277810934740819e-23
(4,0): 1.2063541008261066e-23
(4,1): 3.028311428487353e-23
(4,2): 6.297903380129062e-24
(4,3): 3.1138867439413664e-23
(4,5): 1.1374183862181012e-23
(4,6): 1.0090094918660665e-21
(5,0): 1.1772138945316045e-23
(5,1): 2.955160672290571e-23
(5,2): 6.145773921139905e-24
(5,3): 3.0386568659427836e-23
(5,4): 1.1377785801074251e-23
(5,6): 9.8463240247374e-22
(6,0): 1.2692558404581819e-21
(6,1): 3.186213487590991e-21
(6,3): 3.2762380416593233e-21
(6,4): 1.226737222165179e-21
(6,5): 1.1967209258820002e-21
(7,3): 8.272475079577904e-23
(7,8): 8.32991866851865e-23
(8,3): 8.278821307788226e-23
(8,7): 8.329855559646232e-23
(9,1): 7.774563115597954e-23
