Interaction name: 5j1x

Affinity: 5.519999980926514
Predicted value: 6.072381019592285

Attributions for edges: 

(0,1): 3.020612663533033e-14
(0,2): 1.2289297152697455e-20
(0,3): 3.8310985108055626e-14
(0,4): 3.474562692141851e-14
(0,8): 5.534445514723818e-14
(0,11): 2.2920208415130698e-14
(0,12): 2.9485247387108296e-14
(0,16): 2.6547674445592286e-14
(0,17): 2.9577397795505986e-14
(0,18): 3.700274633369391e-22
(0,19): 5.534445514723818e-14
(1,0): 2.8694094897450256e-14
(1,3): 2.5955262990414417e-14
(1,4): 2.353963683319419e-14
(1,10): 5.2584470250136144e-30
(1,11): 1.55280959802679e-14
(1,12): 1.9975886315090965e-14
(1,16): 1.798568245562921e-14
(1,18): 2.575022486016497e-22
(2,0): 1.880283275548376e-18
(2,3): 1.7040812939678162e-18
(2,4): 1.5817273226983865e-18
(2,13): 1.5852671387322307e-18
(2,17): 1.3578659859570887e-18
(2,18): 3.578959929737876e-26
(3,0): 3.817137713768917e-14
(3,1): 2.722340514365977e-14
(3,2): 1.1154202596089398e-20
(3,4): 3.1314591219556986e-14
(3,8): 4.987934436144481e-14
(3,13): 3.1323969568348986e-14
(3,18): 3.3636804331038136e-22
(3,19): 4.987934436144481e-14
(4,0): 3.7971761965207435e-14
(4,1): 2.708093928412928e-14
(4,2): 1.1227587410472203e-20
(4,3): 3.434724699753408e-14
(4,8): 4.9618397227318284e-14
(4,13): 3.116009918624138e-14
(4,14): 8.832541936612624e-17
(4,16): 2.3800993931267188e-14
(5,6): 1.22465769899095e-19
(5,7): 4.5786981386206944e-17
(5,9): 1.8245921893728307e-15
(5,13): 1.294477000498553e-14
(5,14): 3.8833565499465735e-17
(5,15): 2.7176389309373e-15
(6,5): 4.353881697785112e-18
(6,7): 7.456285528439979e-20
(6,9): 2.4111837159117007e-18
(6,15): 3.510848582382812e-18
(6,20): 4.4152936544125804e-20
(6,21): 1.758361135494919e-27
(6,22): 4.4152936544125804e-20
(7,5): 1.9216392952385976e-16
(7,6): 9.794444492642231e-21
(7,9): 1.0305628846583398e-16
(7,15): 1.5297110624947245e-16
(7,20): 1.826873670961899e-18
(7,22): 1.826873670961899e-18
(8,0): 5.588587183085955e-14
(8,3): 5.0551309151028803e-14
(8,4): 4.5846732307916124e-14
(8,13): 4.586064058891004e-14
(9,5): 2.2625190227733814e-15
(9,6): 8.471314334459824e-20
(9,7): 3.032343871329158e-17
(9,14): 2.5724764493749975e-17
(9,15): 1.7993838535878322e-15
(9,20): 1.744899286436312e-17
(9,22): 1.744906069317335e-17
(10,1): 9.10613894548049e-25
(10,11): 7.056462363043498e-25
(10,12): 9.017438439221309e-25
(10,16): 8.141636680597823e-25
(11,0): 2.3180433877186164e-14
(11,1): 1.6531999429353697e-14
(11,10): 4.367295541779528e-30
(11,12): 1.613739727241402e-14
(11,16): 1.4529705021602835e-14
(12,0): 2.980681836333571e-14
(12,1): 2.1257813082519936e-14
(12,10): 5.49212777879324e-30
(12,11): 1.6130256784668666e-14
(12,16): 1.8683110749673562e-14
(12,25): 3.894904486282692e-14
(12,26): 2.595288621596442e-14
(13,2): 1.1330418723750902e-20
(13,3): 3.4631894113524783e-14
(13,4): 3.1408740625710196e-14
(13,5): 8.235450624401175e-15
(13,8): 5.002940810651217e-14
(13,14): 8.90939230947472e-17
(13,15): 6.469975193757827e-15
(13,25): 5.002940810651217e-14
(13,29): 2.7211778769425758e-14
(14,4): 5.311081338346083e-16
(14,5): 1.4945945323394393e-16
(14,9): 8.067994116553131e-17
(14,13): 5.316493349483446e-16
(14,15): 1.1920857149526305e-16
(14,26): 5.63071610313519e-16
(14,28): 6.809119167731202e-22
(14,29): 4.63104675999448e-16
(14,30): 2.576474643409385e-16
(15,5): 2.9454378541895034e-15
(15,6): 1.0723707755396112e-19
(15,7): 3.946647778207701e-17
(15,9): 1.572734883440645e-15
(15,13): 1.1042764298189577e-14
(15,14): 3.347330608994656e-17
(15,27): 1.1216362853696399e-14
(16,0): 2.684217086069366e-14
(16,1): 1.9143503649692376e-14
(16,4): 2.202042564405319e-14
(16,10): 4.9919479735918e-30
(16,11): 1.452590861993324e-14
(16,12): 1.868660391354804e-14
(17,0): 3.2920474207992836e-14
(17,2): 9.863998749930577e-21
(17,19): 4.301779134188548e-14
(17,26): 2.866395407705516e-14
(18,0): 1.8214381379098422e-19
(18,1): 1.295333173750217e-19
(18,2): 1.1315918792936614e-25
(18,3): 1.650750710979232e-19
(18,27): 1.4726392088039878e-19
(19,0): 5.588587183085955e-14
(19,3): 5.0551309151028803e-14
(19,17): 3.902735475286648e-14
(19,25): 7.302695910005666e-14
(20,6): 7.107942808828993e-21
(20,7): 2.2388962631824716e-18
(20,9): 7.2700811393057e-17
(20,22): 1.3257837858992195e-18
(20,24): 4.1819629608139286e-18
(21,6): 1.0352469410843384e-25
(21,28): 8.979223120373766e-27
(22,6): 7.107942808828993e-21
(22,7): 2.2388962631824716e-18
(22,9): 7.2700811393057e-17
(22,20): 1.3257837858992195e-18
(22,23): 4.18197950442618e-18
(23,22): 2.7853840950087457e-18
(23,24): 8.786699587064935e-18
(24,20): 2.7853735484559356e-18
(24,23): 8.786699587064935e-18
(25,12): 3.890576147922223e-14
(25,13): 4.586064058891004e-14
(25,19): 7.302695910005666e-14
(26,12): 2.8111525965119483e-14
(26,14): 9.377941819138237e-17
(26,17): 2.819932770636597e-14
(27,15): 5.067407641233795e-15
(27,18): 2.645203591112793e-22
(28,14): 1.0732499619020042e-20
(28,21): 2.990968481409648e-28
(29,13): 2.8167291226234917e-14
(29,14): 8.026826991827592e-17
(30,14): 5.0332838469275813e-17
