Interaction name: 5lwe

Affinity: 9.960000038146973
Predicted value: 7.556174278259277

Attributions for edges: 

(0,1): 0.48660075664520264
(0,5): 0.47062936425209045
(0,10): 0.43922632932662964
(0,11): 0.5141963362693787
(0,13): 0.4938053786754608
(0,21): 0.42543187737464905
(0,25): 0.47774168848991394
(0,26): 0.49289757013320923
(0,27): 0.5386131405830383
(0,28): 0.4801827371120453
(1,0): 0.4699186384677887
(1,5): 0.43612173199653625
(1,10): 0.4689444601535797
(1,11): 0.39699727296829224
(1,21): 0.4675290286540985
(1,25): 0.47514817118644714
(1,27): 0.4928223490715027
(1,28): 0.5235320925712585
(2,5): 0.47416624426841736
(2,14): 0.4381275475025177
(2,15): 0.4177909791469574
(2,16): 0.4725073277950287
(2,17): 0.43740570545196533
(2,24): 0.4545471668243408
(2,27): 0.5564514398574829
(2,28): 0.5121848583221436
(3,4): 0.41547173261642456
(3,16): 0.3961399793624878
(3,17): 0.507034182548523
(3,24): 0.5240069627761841
(3,29): 0.41330212354660034
(4,3): 0.42688673734664917
(4,16): 0.4505009055137634
(4,17): 0.4951860308647156
(4,29): 0.4407616853713989
(5,0): 0.4180360734462738
(5,1): 0.46949100494384766
(5,2): 0.47911638021469116
(5,10): 0.48887601494789124
(5,11): 0.5076788663864136
(5,13): 0.5701683163642883
(5,14): 0.4837629497051239
(5,15): 0.4633215069770813
(5,17): 0.4215262234210968
(5,21): 0.5157687067985535
(5,22): 0.4543120265007019
(5,24): 0.4961283802986145
(5,25): 0.5156840682029724
(5,26): 0.4647025465965271
(6,7): 0.426520437002182
(6,8): 0.4909379780292511
(6,9): 0.4493339955806732
(6,12): 0.6151509284973145
(6,19): 0.4011959135532379
(6,20): 0.6062414646148682
(6,30): 0.4556922912597656
(7,6): 0.5260802507400513
(7,8): 0.49545201659202576
(7,9): 0.5401579737663269
(7,12): 0.49115198850631714
(7,19): 0.5143347382545471
(7,20): 0.5671994686126709
(7,31): 0.526593029499054
(7,32): 0.5383402109146118
(7,37): 0.5753316283226013
(7,43): 0.5221965312957764
(7,47): 0.5517215132713318
(8,6): 0.5188008546829224
(8,7): 0.4602484405040741
(8,9): 0.48140472173690796
(8,12): 0.4806925356388092
(8,19): 0.5693584084510803
(8,20): 0.5111563205718994
(8,31): 0.482009619474411
(8,33): 0.4719322621822357
(8,34): 0.48001930117607117
(8,35): 0.518349826335907
(8,37): 0.5234999656677246
(8,42): 0.5074787139892578
(8,49): 0.5538103580474854
(9,6): 0.5644291639328003
(9,7): 0.4902167022228241
(9,8): 0.48821109533309937
(9,10): 0.5131284594535828
(9,11): 0.5194723010063171
(9,12): 0.46222981810569763
(9,19): 0.45796453952789307
(9,20): 0.4860377907752991
(9,21): 0.4093683660030365
(9,25): 0.47591596841812134
(9,34): 0.5309628844261169
(10,0): 0.39244744181632996
(10,1): 0.4363214373588562
(10,5): 0.4277302920818329
(10,9): 0.4123736023902893
(10,11): 0.5339736342430115
(10,12): 0.5285085439682007
(10,13): 0.5858994722366333
(10,20): 0.6003208756446838
(10,21): 0.406321257352829
(10,25): 0.4749656617641449
(10,26): 0.5215675830841064
(10,30): 0.46972814202308655
(10,42): 0.5603180527687073
(10,44): 0.4957066774368286
(10,49): 0.5360154509544373
(11,0): 0.5334590673446655
(11,1): 0.5672302842140198
(11,5): 0.4124475121498108
(11,9): 0.4184565544128418
(11,10): 0.5373817682266235
(11,12): 0.4883384704589844
(11,19): 0.38345837593078613
(11,20): 0.37757351994514465
(11,21): 0.49968454241752625
(11,25): 0.482649564743042
(11,37): 0.5263776183128357
(12,6): 0.5173673033714294
(12,7): 0.40844064950942993
(12,8): 0.42875194549560547
(12,9): 0.43254756927490234
(12,10): 0.38841068744659424
(12,11): 0.48092129826545715
(12,19): 0.5557401776313782
(12,20): 0.4214961528778076
(12,21): 0.47007808089256287
(12,25): 0.5349472165107727
(12,30): 0.4905139207839966
(12,37): 0.49784308671951294
(12,42): 0.572466254234314
(13,0): 0.4827337861061096
(13,5): 0.552651584148407
(13,10): 0.45164754986763
(13,14): 0.5007110834121704
(13,15): 0.3620302677154541
(13,21): 0.4250977039337158
(13,22): 0.46961137652397156
(13,23): 0.42671164870262146
(13,25): 0.436661034822464
(13,36): 0.5439478158950806
(13,37): 0.4947030246257782
(13,40): 0.541353702545166
(13,44): 0.4618836045265198
(14,2): 0.5420425534248352
(14,5): 0.430551677942276
(14,13): 0.48048219084739685
(14,15): 0.42214852571487427
(14,18): 0.575240969657898
(14,22): 0.3988167345523834
(14,23): 0.47315236926078796
(14,24): 0.45000678300857544
(14,26): 0.5240127444267273
(14,37): 0.46490293741226196
(14,38): 0.5101508498191833
(14,40): 0.5235689878463745
(14,41): 0.529966413974762
(14,47): 0.5868579745292664
(14,48): 0.6015529632568359
(15,2): 0.41335833072662354
(15,5): 0.49773603677749634
(15,13): 0.4006859064102173
(15,14): 0.5007739067077637
(15,17): 0.4554450809955597
(15,22): 0.5252047181129456
(15,23): 0.5062475204467773
(15,24): 0.5829939842224121
(15,26): 0.39846840500831604
(15,30): 0.55306476354599
(15,49): 0.5891920924186707
(16,2): 0.57523512840271
(16,3): 0.5093746185302734
(16,4): 0.45541107654571533
(16,17): 0.47945696115493774
(16,24): 0.41753411293029785
(16,38): 0.5272603631019592
(16,39): 0.5193580389022827
(17,2): 0.4962911009788513
(17,3): 0.5516279339790344
(17,4): 0.5416041612625122
(17,5): 0.44356071949005127
(17,15): 0.38246631622314453
(17,16): 0.47781509160995483
(17,24): 0.46345850825309753
(17,30): 0.4512316882610321
(17,40): 0.523134171962738
(17,47): 0.4834226071834564
(18,14): 0.5059835314750671
(18,22): 0.539608895778656
(18,23): 0.5423352122306824
(18,41): 0.500474214553833
(18,42): 0.46630600094795227
(18,47): 0.6038356423377991
(18,48): 0.5646291375160217
(19,6): 0.4676356911659241
(19,7): 0.4444662034511566
(19,8): 0.4490518271923065
(19,9): 0.5231739282608032
(19,11): 0.4549344778060913
(19,12): 0.5371915698051453
(19,20): 0.4904988706111908
(19,21): 0.5362163186073303
(19,25): 0.4906179904937744
(20,6): 0.569563627243042
(20,7): 0.4274531900882721
(20,8): 0.49235033988952637
(20,9): 0.5118317604064941
(20,10): 0.5210278034210205
(20,11): 0.49242687225341797
(20,12): 0.5439861416816711
(20,19): 0.4927498400211334
(20,21): 0.5205256342887878
(20,25): 0.48454222083091736
(20,31): 0.5104554295539856
(21,0): 0.491205096244812
(21,1): 0.3949045240879059
(21,5): 0.43230727314949036
(21,9): 0.4763680100440979
(21,10): 0.5179285407066345
(21,11): 0.48268380761146545
(21,12): 0.47092553973197937
(21,13): 0.5778230428695679
(21,19): 0.5253629684448242
(21,20): 0.5326166152954102
(21,26): 0.49514323472976685
(21,36): 0.539209246635437
(21,40): 0.5454092621803284
(21,47): 0.5598183274269104
(22,5): 0.43956902623176575
(22,13): 0.5428759455680847
(22,14): 0.5396952033042908
(22,15): 0.5461824536323547
(22,18): 0.42611443996429443
(22,23): 0.3934778869152069
(22,26): 0.4913320243358612
(22,45): 0.5591082572937012
(23,13): 0.4741271138191223
(23,14): 0.530784547328949
(23,15): 0.4951363503932953
(23,18): 0.5018690228462219
(23,22): 0.5041362643241882
(23,26): 0.54375821352005
(23,46): 0.6194161772727966
(24,2): 0.48532626032829285
(24,3): 0.50984126329422
(24,5): 0.5274012088775635
(24,14): 0.5098708271980286
(24,15): 0.44158321619033813
(24,16): 0.545269787311554
(24,17): 0.4749068319797516
(24,49): 0.4918864667415619
(25,0): 0.5409042239189148
(25,1): 0.5434837937355042
(25,5): 0.5565136671066284
(25,9): 0.4988049268722534
(25,10): 0.42720192670822144
(25,11): 0.4561711549758911
(25,12): 0.4226451516151428
(25,13): 0.5612592697143555
(25,19): 0.4681760370731354
(25,20): 0.5246039032936096
(25,26): 0.5243840217590332
(26,0): 0.5037292838096619
(26,5): 0.5160381197929382
(26,10): 0.6313141584396362
(26,14): 0.5591573119163513
(26,15): 0.48268845677375793
(26,21): 0.6216412782669067
(26,22): 0.4926075339317322
(26,23): 0.47771796584129333
(26,25): 0.4288601279258728
(27,0): 0.5318785905838013
(27,1): 0.49808356165885925
(27,2): 0.5039031505584717
(27,28): 0.4683922827243805
(27,37): 0.5570665001869202
(27,44): 0.3835311830043793
(28,0): 0.5206406712532043
(28,1): 0.5267515778541565
(28,2): 0.5052546858787537
(28,27): 0.5159342288970947
(28,37): 0.46622276306152344
(29,3): 0.47155824303627014
(29,4): 0.5019262433052063
(30,6): 0.512015700340271
(30,10): 0.5247657299041748
(30,12): 0.49461090564727783
(30,15): 0.5591720938682556
(30,17): 0.5481442809104919
(31,7): 0.5544624924659729
(31,8): 0.4825839400291443
(31,20): 0.4408954977989197
(32,7): 0.5025104880332947
(32,40): 0.5918296575546265
(32,46): 0.5650158524513245
(33,8): 0.40288689732551575
(34,8): 0.5759394764900208
(34,9): 0.47514235973358154
(34,43): 0.5028175115585327
(35,8): 0.502731442451477
(35,44): 0.5752404928207397
(36,13): 0.4647306799888611
(36,21): 0.5747164487838745
(37,7): 0.5394127368927002
(37,8): 0.5242643356323242
(37,11): 0.45070356130599976
(37,12): 0.5630779266357422
(37,13): 0.47219225764274597
(37,14): 0.6068758368492126
(37,27): 0.4980970621109009
(37,28): 0.461108535528183
(37,39): 0.4832577407360077
(38,14): 0.5207724571228027
(38,16): 0.5949311852455139
(39,16): 0.5107972025871277
(39,37): 0.6308091282844543
(40,13): 0.4745772182941437
(40,14): 0.558261513710022
(40,17): 0.4910901188850403
(40,21): 0.5382670164108276
(40,32): 0.516340970993042
(40,46): 0.5087642669677734
(41,14): 0.4759880602359772
(41,18): 0.45022642612457275
(42,8): 0.48798349499702454
(42,10): 0.4051440358161926
(42,12): 0.5242066383361816
(42,18): 0.5812124013900757
(42,45): 0.43618014454841614
(43,7): 0.4853751063346863
(43,34): 0.5039867162704468
(44,10): 0.5862361788749695
(44,13): 0.5462506413459778
(44,27): 0.5145148634910583
(44,35): 0.5396193265914917
(45,22): 0.49141842126846313
(45,42): 0.4487603008747101
(46,23): 0.5772336721420288
(46,32): 0.560032844543457
(46,40): 0.471432626247406
(47,7): 0.5063872933387756
(47,14): 0.4637754559516907
(47,17): 0.538838267326355
(47,18): 0.5734312534332275
(47,21): 0.48560506105422974
(47,48): 0.5347462892532349
(48,14): 0.5217552781105042
(48,18): 0.3965515196323395
(48,47): 0.5744147300720215
(49,8): 0.5431996583938599
(49,10): 0.590740978717804
(49,15): 0.6088112592697144
(49,24): 0.5500034093856812
