Interaction name: 1o0f

Affinity: 5.300000190734863
Predicted value: 6.1011576652526855

Shapley values for edges: 

(0,1): 0.006432738304138184
(0,2): 0.00648059368133545
(0,8): 0.00992516040802002
(0,15): 0.002530183792114258
(0,16): -0.009892997741699218
(0,20): 0.004039912223815918
(0,23): -0.0028615617752075196
(0,25): -0.0065332698822021485
(0,26): -0.001073441505432129
(0,28): 0.0018634510040283203
(0,31): -0.0016869163513183593
(1,0): 0.009665212631225585
(1,2): 0.0065108203887939455
(1,8): 0.010067286491394043
(1,9): 0.012182755470275879
(1,14): -0.0023026180267333982
(1,16): -0.009589028358459473
(1,22): -0.004539194107055664
(1,25): -0.004553041458129883
(1,26): -0.0013363075256347657
(1,28): -0.0020131158828735353
(2,0): 0.007801146507263184
(2,1): 0.006127610206604004
(2,8): 0.01622574806213379
(2,14): -0.0022435235977172853
(2,15): 0.0007605791091918945
(2,25): -0.0015010452270507813
(2,26): -0.0051311922073364255
(2,28): -0.0032308673858642578
(2,31): -0.008821563720703125
(3,4): 0.0023537445068359374
(3,5): 0.00581209659576416
(3,6): 0.014431028366088868
(3,18): -0.014899306297302246
(3,19): -0.010427212715148926
(3,20): 0.003745880126953125
(3,25): -0.006210055351257324
(3,26): -0.0008948802947998047
(3,27): -0.01318371295928955
(3,31): -0.006697068214416504
(4,3): 0.005943551063537598
(4,5): 0.008513069152832032
(4,6): 0.011095490455627442
(4,17): -0.007850518226623535
(4,19): -0.005059599876403809
(4,20): 0.004571037292480469
(4,25): -0.006123795509338379
(4,26): -0.0007864284515380859
(4,27): -0.010265250205993653
(4,28): 0.0025716924667358396
(4,31): -0.005566658973693847
(5,3): 0.007603764533996582
(5,4): 0.0065447425842285155
(5,6): 0.016068758964538573
(5,17): -0.004827113151550293
(5,18): -0.008790364265441894
(5,20): 0.003336915969848633
(5,25): -0.0027685308456420897
(5,26): -0.0035219335556030272
(5,27): -0.00857457160949707
(5,28): 0.0032140636444091797
(5,31): 0.0037617254257202148
(6,3): 0.006634850502014161
(6,4): 0.010431451797485352
(6,5): 0.007892894744873046
(6,7): 0.003941206932067871
(6,17): -0.006200966835021973
(6,18): -0.006858878135681153
(6,19): -0.007717881202697754
(6,20): 0.004411740303039551
(6,21): -0.0012808942794799805
(6,22): -0.0070496702194213865
(6,23): -0.0032154083251953124
(6,25): -0.0028240203857421873
(6,26): -0.0036420392990112304
(6,27): -0.012531075477600098
(6,28): 0.0061756610870361325
(7,6): 0.008446345329284668
(7,8): 0.008460979461669921
(7,9): 0.006835179328918457
(7,12): -0.010094900131225586
(7,20): -0.001823549270629883
(7,21): 0.0011686563491821289
(7,22): -0.004708132743835449
(7,23): -0.0052081489562988284
(7,25): -0.0010393524169921874
(7,27): -0.009938645362854003
(7,28): 0.008936963081359862
(7,31): -1.2469291687011718e-05
(8,0): 0.006107058525085449
(8,1): 0.006245098114013672
(8,2): 0.005338125228881836
(8,7): -0.0015793228149414062
(8,9): 0.007978582382202148
(8,14): -0.003938627243041992
(8,15): 0.0004742765426635742
(8,16): -0.007087130546569825
(8,20): 0.0022312021255493164
(8,21): 0.006025452613830567
(8,22): -0.004411015510559082
(8,23): -0.007099871635437012
(8,25): -0.0016263151168823243
(8,26): 0.0024596261978149414
(8,27): -0.010932612419128417
(8,31): -0.007377481460571289
(9,1): 0.006042251586914063
(9,7): 0.002402925491333008
(9,8): 0.008290882110595704
(9,15): -0.002189884185791016
(9,21): -0.0016447687149047851
(9,22): -0.0044313716888427735
(9,23): 0.0012288188934326172
(9,25): -0.00934558868408203
(9,27): -0.012340426445007324
(9,28): 0.0015079307556152344
(9,31): -0.007791128158569336
(10,11): -0.012960410118103028
(10,12): -0.012506461143493653
(10,13): 0.02663985252380371
(10,21): 0.007594189643859863
(10,28): 0.007161312103271485
(11,10): 0.002913088798522949
(11,12): 0.001032261848449707
(11,13): 0.02795760154724121
(11,24): 0.028117165565490723
(11,29): 0.0548992395401001
(12,7): 0.007678098678588867
(12,10): 0.0015008878707885743
(12,11): -0.018845481872558592
(12,21): 0.013343043327331543
(12,24): 0.008286380767822265
(12,28): 0.0040582275390625
(12,29): 0.00704622745513916
(13,10): 0.035477495193481444
(13,11): 0.019565844535827638
(13,24): 0.013991937637329102
(13,30): 0.054036216735839845
(14,1): -0.013710107803344727
(14,2): -0.03060671329498291
(14,8): 0.003781418800354004
(14,15): -0.010616950988769532
(14,16): -0.02969714641571045
(14,20): 0.018335819244384766
(14,23): -0.011588921546936035
(15,0): -0.013424229621887208
(15,2): -0.02542030334472656
(15,8): -0.007158927917480469
(15,9): -0.014335408210754394
(15,14): -0.007346129417419434
(15,16): -0.02488983631134033
(15,22): -0.01323641300201416
(16,0): -0.015424008369445802
(16,1): -0.017500238418579103
(16,8): 0.0027799129486083983
(16,14): -0.006494293212890625
(16,15): -0.009528546333312989
(17,4): -0.014126849174499512
(17,5): -0.012313117980957031
(17,6): -0.0035331201553344726
(17,18): -0.015980319976806642
(17,19): -0.017702856063842774
(17,20): 0.02322540283203125
(18,3): -0.0234903621673584
(18,5): -0.02066874027252197
(18,6): -0.0004671573638916016
(18,17): -0.025293893814086914
(18,19): -0.014384751319885253
(18,20): 0.01799898624420166
(19,3): -0.020446043014526367
(19,4): -0.01714320182800293
(19,6): -0.0010736656188964843
(19,17): -0.01686601161956787
(19,18): -0.013988113403320313
(19,20): 0.020961403846740723
(20,0): -0.002179265022277832
(20,3): -0.011569876670837403
(20,4): -0.009424166679382324
(20,5): -0.012394967079162598
(20,6): 0.0023758602142333984
(20,7): -0.008304767608642578
(20,8): 0.0015267086029052733
(20,14): -0.00036320686340332033
(20,17): -0.005867905616760254
(20,18): -0.0028791427612304688
(20,19): -0.01199695587158203
(20,21): 0.0016374397277832031
(20,22): -0.005962648391723633
(20,23): -0.005322675704956054
(20,33): -0.024852180480957033
(21,6): -0.0066723012924194336
(21,7): -0.00899494171142578
(21,8): -0.002864675521850586
(21,9): -0.011068954467773437
(21,10): -0.03990686416625976
(21,12): -0.024201955795288086
(21,20): 0.008640804290771485
(21,22): -0.006054058074951172
(21,23): -0.004173746109008789
(21,33): -0.03655444622039795
(22,1): -0.01605722904205322
(22,6): -0.0053100776672363285
(22,7): -0.011968426704406739
(22,8): -0.002332005500793457
(22,9): -0.011193337440490723
(22,15): -0.006354036331176757
(22,20): 0.005424642562866211
(22,21): -0.0017255210876464843
(22,23): -0.006657600402832031
(23,0): -0.006597342491149902
(23,6): -0.004764866828918457
(23,7): -0.015635066032409668
(23,8): -0.00019618988037109375
(23,9): -0.013860716819763183
(23,14): -0.004215679168701172
(23,20): 0.007158756256103516
(23,21): -0.001585378646850586
(23,22): -0.007599401473999024
(24,11): 0.02443610191345215
(24,12): 0.036654505729675296
(24,13): 0.027827663421630858
(25,0): 0.007372016906738281
(25,1): 0.009601192474365234
(25,2): 0.0016122817993164062
(25,3): 0.008979578018188477
(25,4): 0.010495524406433105
(25,5): 0.008100056648254394
(25,6): 0.01980860233306885
(25,7): 0.005175642967224121
(25,8): 0.013643875122070312
(25,9): 0.00864765167236328
(25,26): 0.001112995147705078
(26,0): 0.008607025146484376
(26,1): 0.0034083795547485353
(26,2): 0.00967264175415039
(26,3): 0.009121866226196288
(26,4): 0.0062105941772460935
(26,5): 0.010140814781188966
(26,6): 0.01429889678955078
(26,8): 0.009955549240112304
(26,25): -0.0036386346817016604
(26,33): -0.04208198070526123
(27,3): 0.008150248527526856
(27,4): 0.011710495948791503
(27,5): 0.009015302658081054
(27,6): 0.013633708953857421
(27,7): 0.005311384201049805
(27,8): 0.012749571800231934
(27,9): 0.010652332305908204
(27,28): 0.0002951240539550781
(28,0): 0.01099013328552246
(28,1): 0.011015429496765136
(28,2): 0.010319619178771973
(28,4): 0.014416232109069824
(28,5): 0.00958815097808838
(28,6): 0.02001471519470215
(28,7): 0.006588664054870606
(28,9): 0.005560846328735352
(28,10): -0.018573288917541505
(28,12): -0.016483287811279296
(28,27): -0.008589129447937011
(28,32): -0.022464494705200195
(29,11): -0.033938660621643066
(29,12): -0.0034080123901367187
(29,30): -0.001943984031677246
(30,13): -0.030810155868530274
(30,29): 0.012845869064331055
(31,0): -0.0036658668518066407
(31,2): -0.011868343353271485
(31,3): -0.01670896053314209
(31,4): -0.004720706939697266
(31,5): -0.008945651054382324
(31,7): 0.009643516540527343
(31,8): 0.0074835205078125
(31,9): -0.001390824317932129
(32,28): 0.0008161211013793945
(33,20): 0.015052442550659179
(33,21): -0.011529974937438965
(33,26): -0.019153175354003907
