Interaction name: 6d56

Affinity: 8.050000190734863
Predicted value: 7.745645523071289

Attributions for edges: 

(0,5): 3.0513467222039282e-27
(0,6): 3.801648969194352e-28
(0,7): 1.461690790565012e-28
(0,11): 2.163670973768274e-27
(0,13): 2.0298744899716916e-29
(0,20): 8.768974740948856e-28
(0,22): 2.8164957432974377e-27
(0,23): 1.4241134043615977e-31
(1,2): 0.0
(1,6): 3.896621582169942e-25
(1,12): 1.7649014934377009e-25
(1,13): 2.0805847381862553e-26
(2,1): 0.0
(2,6): 3.733825002649974e-36
(2,12): 1.6911528141438494e-36
(2,13): 1.993644813399752e-37
(2,26): 7.760403451065077e-37
(3,7): 6.503507319596661e-29
(3,14): 8.65744818533154e-31
(3,23): 6.336313631264234e-32
(3,29): 1.1191732426396445e-31
(4,7): 3.118084792934688e-29
(4,14): 4.150784810804397e-31
(4,23): 3.0379011682382624e-32
(5,0): 1.4035389383281384e-30
(5,7): 1.1075244864375328e-22
(5,8): 5.447750121963152e-21
(5,11): 1.639396748304179e-21
(5,15): 6.95917146760449e-21
(5,19): 3.490851626783662e-21
(5,22): 2.134044999081725e-21
(5,24): 7.392811210212612e-21
(5,25): 6.646113494115146e-21
(5,31): 3.743208760478392e-21
(5,33): 3.3579516116141283e-21
(5,38): 6.054400162488156e-22
(5,41): 6.964164439641785e-21
(5,42): 2.0276837793767643e-22
(6,0): 3.610366094242671e-31
(6,1): 2.1434547952908322e-26
(6,2): 0.0
(6,11): 4.2170860638077535e-22
(6,12): 3.356027283254594e-23
(6,13): 3.956341360227374e-24
(6,18): 1.1153389551864267e-21
(6,20): 1.709123191840029e-22
(6,21): 1.4401659760751991e-21
(6,22): 5.489489421412444e-22
(6,26): 1.5400221477815115e-23
(6,27): 1.9533482424527614e-21
(6,32): 6.714968303148712e-22
(6,40): 5.251146884481839e-24
(6,43): 1.4906106648470792e-21
(7,0): 1.992540977468672e-31
(7,3): 5.830120490671614e-32
(7,4): 1.4911085596095237e-32
(7,5): 3.28222808339372e-22
(7,14): 2.093044210701518e-25
(7,19): 4.955803940667042e-22
(7,23): 1.53187558737627e-26
(7,32): 3.7059395381930917e-22
(7,33): 4.767132141074205e-22
(7,37): 1.1037459058103966e-21
(7,44): 2.3393037477883118e-23
(7,47): 3.2127073495384026e-23
(8,5): 4.0329635051484685e-21
(8,9): 8.99368357648975e-21
(8,11): 2.8597122135605265e-21
(8,15): 1.2139314121122533e-20
(8,16): 1.6569956014865807e-20
(8,17): 1.2515343642123177e-20
(8,19): 6.0893082546643695e-21
(8,22): 3.7225328802356174e-21
(8,24): 1.2895689204152015e-20
(8,25): 1.1593228706201917e-20
(8,28): 1.0676842642257441e-20
(8,36): 1.7311460426121374e-20
(8,40): 3.560934534474476e-23
(8,46): 1.1394392743078783e-20
(9,8): 9.182620837243524e-21
(9,16): 1.6011581636411237e-20
(9,17): 1.2093601890962608e-20
(9,19): 5.884133535421407e-21
(9,24): 1.2461178660078726e-20
(9,25): 1.120260316324012e-20
(9,28): 1.0317092585011466e-20
(9,33): 5.660119454610122e-21
(9,34): 1.5829752151253023e-20
(9,35): 1.148901364254304e-21
(9,40): 3.440938377826411e-23
(9,46): 1.1010426650282891e-20
(10,15): 1.5096904055860852e-20
(10,16): 2.0607096620548955e-20
(10,17): 1.55646084531871e-20
(10,19): 7.57292009507323e-21
(10,24): 1.603768467773354e-20
(10,25): 1.4417771001496344e-20
(10,28): 1.327822065557301e-20
(10,36): 2.1529260831877798e-20
(10,37): 1.6866309625184268e-20
(10,49): 1.615946117353783e-20
(10,52): 1.853575235618521e-20
(11,0): 1.1325953897856386e-30
(11,5): 1.865683455341871e-21
(11,6): 2.3244229596621485e-22
(11,8): 4.396081657671826e-21
(11,18): 3.4988907883619116e-21
(11,19): 2.8169554981136663e-21
(11,20): 5.361589446473916e-22
(11,21): 4.517876732728157e-21
(11,22): 1.722075530597289e-21
(11,27): 6.12775761286388e-21
(11,42): 1.6362407745687666e-22
(11,49): 6.010955105948061e-21
(12,1): 1.2339005597241366e-26
(12,2): 0.0
(12,6): 4.265393633724081e-23
(12,20): 9.838735056611429e-23
(12,26): 8.86532140479141e-24
(12,38): 8.965312048883069e-23
(12,39): 6.238100525157549e-25
(12,42): 3.00257973239213e-23
(13,0): 5.376451964156787e-32
(13,1): 3.1919948823336004e-27
(13,2): 0.0
(13,6): 1.1034207688997007e-23
(13,26): 2.2933647879601735e-24
(13,39): 1.6137429250076452e-25
(13,40): 7.819914551545407e-25
(13,44): 6.312166774156363e-24
(13,48): 4.802791280897009e-25
(14,3): 3.675956710065517e-33
(14,4): 9.401608409651463e-34
(14,7): 9.913544984507117e-25
(14,23): 9.658648449108818e-28
(15,5): 4.675072553062343e-21
(15,8): 1.1015886527001881e-20
(15,10): 1.5622965076050435e-20
(15,16): 1.920814518102712e-20
(15,17): 1.450797730911724e-20
(15,19): 7.058845923623563e-21
(15,24): 1.4948937277029028e-20
(15,25): 1.3439095975604637e-20
(15,28): 1.2376852281831633e-20
(15,44): 3.332008866827766e-22
(15,52): 1.727741677403599e-20
(16,8): 1.3405559617879294e-20
(16,9): 1.2687288965196236e-20
(16,10): 1.90120484458895e-20
(16,15): 1.7124793873084286e-20
(16,17): 1.765525413703946e-20
(16,19): 8.590151915708851e-21
(16,24): 1.8191874634736164e-20
(16,25): 1.6354435075617396e-20
(16,51): 2.0826874631895173e-20
(16,52): 2.1025483605025996e-20
(17,8): 1.130999204782353e-20
(17,9): 1.0704001469771743e-20
(17,10): 1.60400708999303e-20
(17,15): 1.4447832231296684e-20
(17,16): 1.9721047244011147e-20
(17,24): 1.5348106852548416e-20
(17,25): 1.3797897683203017e-20
(17,28): 1.2707293165088095e-20
(17,34): 1.949708970874955e-20
(17,41): 1.445819783834774e-20
(17,50): 7.212967281641951e-21
(17,51): 1.7571133746151937e-20
(18,6): 4.360721100123926e-22
(18,11): 2.4818613200148103e-21
(18,20): 1.0058580872130172e-21
(18,21): 8.475738458267276e-21
(18,22): 3.230715441039239e-21
(18,27): 1.149598893999362e-20
(18,32): 3.9519430220741034e-21
(18,38): 9.165677165228434e-22
(18,42): 3.0696842168491916e-22
(18,43): 8.772619557784953e-21
(18,45): 7.850896401743662e-21
(18,51): 1.2812967911722445e-20
(19,5): 3.0692758772011002e-21
(19,7): 1.4702851398204187e-22
(19,8): 7.23214349312769e-21
(19,9): 6.844644111269975e-21
(19,10): 1.0256739096450639e-20
(19,11): 2.1763760073188046e-21
(19,15): 9.238626780827046e-21
(19,16): 1.2610567155588376e-20
(19,22): 2.8330449284317113e-21
(19,24): 9.814266938981527e-21
(19,25): 8.823027491949537e-21
(19,28): 8.125643149733443e-21
(19,37): 1.0321383584439085e-20
(19,43): 7.692823317595772e-21
(20,0): 6.438383333888789e-31
(20,6): 1.3213529971889955e-22
(20,11): 7.520321323780892e-22
(20,12): 5.984819475204041e-23
(20,18): 1.9889893063167833e-21
(20,21): 2.5682548419997188e-21
(20,22): 9.789433143301288e-22
(20,27): 3.4834154831031375e-21
(20,38): 2.777304345034931e-22
(20,45): 2.3789108571849866e-21
(21,6): 5.110992696909954e-22
(21,11): 2.9088597878122826e-21
(21,18): 7.693350806794988e-21
(21,20): 1.1789091787050298e-21
(21,22): 3.78652345933162e-21
(21,32): 4.631847923191829e-21
(21,38): 1.0742569977522379e-21
(21,49): 1.321697132394644e-20
(22,0): 1.3387861267164822e-30
(22,5): 2.2053424748875408e-21
(22,6): 2.7476191936271024e-22
(22,8): 5.196415251027393e-21
(22,11): 1.5637744467151285e-21
(22,18): 4.135901043281221e-21
(22,19): 3.329812324657945e-21
(22,20): 6.337723658674989e-22
(22,21): 5.340383855599617e-21
(22,27): 7.243353244456204e-21
(22,32): 2.490045278589935e-21
(22,43): 5.527463595046198e-21
(22,46): 6.230764217346607e-21
(23,0): 2.476937594876406e-33
(23,3): 7.247451186099792e-34
(23,4): 1.8536184451236932e-34
(23,7): 1.9545516669214008e-25
(23,14): 2.601903043696973e-27
(23,38): 1.0684805416856516e-24
(23,40): 3.602643013226808e-26
(23,48): 2.2126514552255234e-26
(24,5): 4.883517624561088e-21
(24,8): 1.1507046018337982e-20
(24,9): 1.0890497578366206e-20
(24,10): 1.631947377003996e-20
(24,15): 1.469955847821563e-20
(24,16): 2.0064643853298897e-20
(24,17): 1.5154835779307974e-20
(24,19): 7.373575222002919e-21
(24,25): 1.4038298664313374e-20
(24,28): 1.2928692418123174e-20
(24,37): 1.64223285093321e-20
(25,5): 4.57697733346665e-21
(25,8): 1.0784744475755862e-20
(25,9): 1.0206896617782918e-20
(25,10): 1.529515436864795e-20
(25,15): 1.37768611231326e-20
(25,16): 1.8805180591330217e-20
(25,17): 1.4203615233376072e-20
(25,19): 6.910732934156121e-21
(25,24): 1.463526941939664e-20
(25,28): 1.2117153112406928e-20
(25,50): 6.878015679107662e-21
(26,2): 0.0
(26,6): 2.344565765570498e-23
(26,12): 1.0619268430572565e-23
(26,13): 1.25187078341168e-24
(27,6): 6.1886675702181375e-22
(27,11): 3.522219058781754e-21
(27,18): 9.315562655730147e-21
(27,20): 1.4274982583325428e-21
(27,22): 4.584945813107792e-21
(28,8): 1.0253258313970667e-20
(28,9): 9.703887602613281e-21
(28,10): 1.4541332721083586e-20
(28,15): 1.3097919515843458e-20
(28,17): 1.3503591021783198e-20
(28,19): 6.570162723466936e-21
(28,24): 1.391402285521295e-20
(28,25): 1.2508710041351414e-20
(29,3): 8.002390851573809e-34
(31,5): 3.1292387975723087e-21
(31,47): 3.0629699376949297e-22
(32,6): 3.192210092648119e-22
(32,7): 1.2273731576507575e-22
(32,18): 4.805128932927834e-21
(32,21): 6.2045315251568086e-21
(32,22): 2.3649766201035544e-21
(32,52): 9.468978002171025e-21
(33,5): 2.9602184950051624e-21
(33,7): 1.4180484115073662e-22
(33,9): 6.6014412981726645e-21
(33,48): 1.6053024387269038e-23
(33,50): 4.448427488603514e-21
(34,9): 1.2615716839577658e-20
(34,17): 1.755565803699638e-20
(35,9): 2.383570816324308e-21
(35,39): 1.9475342807832974e-24
(36,8): 1.378327338846702e-20
(36,10): 1.954758326903223e-20
(36,37): 1.9670781481514346e-20
(37,7): 2.410489072816954e-22
(37,10): 1.6815557570960165e-20
(37,19): 7.597747630353325e-21
(37,24): 1.6090200953107854e-20
(37,36): 2.159976020763947e-20
(37,41): 1.5157264006770215e-20
(38,5): 1.0275375499885266e-21
(38,12): 5.798429313784593e-23
(38,18): 1.9270371942869695e-21
(38,20): 2.9529421429895996e-22
(38,21): 2.4882600548069838e-21
(38,23): 4.795703920331422e-26
(39,12): 2.5905176469042556e-24
(39,13): 3.053864960347132e-25
(39,35): 1.3533686645919005e-23
(40,6): 1.5374159091228423e-23
(40,8): 2.9076491576909197e-22
(40,9): 2.7518462259016387e-22
(40,13): 8.208967437972634e-25
(40,23): 5.759245053727203e-27
(41,5): 4.7132315094745366e-21
(41,17): 1.4626394999270167e-20
(41,37): 1.584956894303735e-20
(42,5): 5.181468141787206e-22
(42,11): 3.6740988401389646e-22
(42,12): 2.923909158669335e-23
(42,18): 9.71729111932123e-22
(43,6): 5.238607419745154e-22
(43,18): 7.8854740053768e-21
(43,19): 6.3486641118231224e-21
(43,22): 3.8810825625880056e-21
(44,7): 2.1726575126490972e-23
(44,13): 3.0171943667374808e-24
(44,15): 1.3652078827465702e-21
(44,45): 1.0173383484122624e-21
(44,46): 1.2814231300861149e-21
(45,18): 7.242303112819174e-21
(45,20): 1.1097919377364022e-21
(45,44): 2.752339737283945e-22
(45,46): 1.0910706957824069e-20
(46,8): 1.0524874054094965e-20
(46,9): 9.960950133835474e-21
(46,22): 4.122904856479405e-21
(46,44): 3.1834907183994027e-22
(46,45): 1.0019028067918213e-20
(47,7): 2.662798092307353e-23
(47,31): 8.999684674898594e-22
(48,13): 6.014475714859694e-25
(48,23): 4.2196501080222356e-27
(48,33): 1.3131324354678683e-22
(48,50): 1.358640369586003e-22
(49,10): 1.641162039780866e-20
(49,11): 3.4823790839567454e-21
(49,21): 1.1892535609801134e-20
(49,52): 1.8149728813174307e-20
(50,17): 9.329716006816614e-21
(50,25): 8.642347497037088e-21
(50,33): 4.366549532657836e-21
(50,48): 1.6303520856834728e-23
(51,16): 2.1808566766759424e-20
(51,17): 1.6472082130707457e-20
(51,18): 9.954568564656598e-21
(51,52): 1.9616454132962938e-20
(52,10): 1.778972268536761e-20
(52,15): 1.602386332980309e-20
(52,16): 2.1872384074135317e-20
(52,32): 6.0106796483417325e-21
(52,49): 1.7151533455737343e-20
(52,51): 1.948786793738929e-20
