Interaction name: 6gi6

Affinity: 6.710000038146973
Predicted value: 6.8916707038879395

Shapley values for edges: 

(0,8): 0.0002938699722290039
(0,9): 0.005543289184570313
(0,13): -0.014325456619262695
(0,15): 2.384185791015625e-08
(0,16): -0.011740927696228027
(0,17): 0.01574960708618164
(1,2): -0.015278701782226562
(1,4): -9.5367431640625e-09
(1,6): 0.012354044914245606
(1,10): 0.009059791564941405
(1,12): 0.01698578357696533
(1,18): 0.020296435356140136
(2,1): 0.006942048072814942
(2,3): -0.033736958503723144
(2,6): 0.001267404556274414
(2,10): -0.03140839576721191
(2,12): -0.010360274314880371
(2,19): -0.0005308198928833008
(3,2): -0.008537583351135254
(3,5): -0.013935513496398926
(3,6): 0.00026105403900146486
(3,10): 0.005548677444458008
(3,11): -0.007614431381225586
(3,12): 0.00530029296875
(4,1): -0.02170459270477295
(4,6): 3.19671630859375e-05
(4,10): -0.00031556129455566405
(4,11): -0.05750040531158447
(4,12): -0.02830087184906006
(4,14): 0.0027091455459594726
(4,15): -0.0046063756942749026
(4,16): 0.0008256912231445312
(4,17): 0.001443486213684082
(4,20): -0.023764891624450682
(4,23): 0.04531720638275147
(4,25): -0.013513178825378417
(4,26): -0.03641878604888916
(5,3): -0.0016500568389892578
(5,6): 0.0026837730407714843
(5,10): 0.0022497081756591795
(5,11): -0.0022943592071533203
(5,12): -2.4547576904296874e-05
(5,14): 0.004158797264099121
(5,16): -0.020046987533569337
(6,1): -0.021742048263549803
(6,2): 0.002654104232788086
(6,3): 0.0762047004699707
(6,4): -4.76837158203125e-09
(6,5): 0.0018291568756103516
(6,10): 0.002405109405517578
(6,11): 0.011150431632995606
(6,12): 0.00091827392578125
(6,14): -0.0002055025100708008
(6,16): -0.08064627647399902
(6,25): -0.029234676361083983
(6,30): 0.04284482955932617
(7,8): 6.556987762451171e-05
(7,10): -0.07815846920013428
(7,11): 0.0015215587615966797
(7,13): -0.008498568534851075
(7,14): 0.0034465932846069335
(7,15): -0.0005628490447998047
(7,16): 8.420944213867188e-06
(7,17): -0.016090521812438963
(7,26): -0.00047760963439941406
(8,0): 0.015721120834350587
(8,7): -0.00967991828918457
(8,13): -0.002214646339416504
(8,15): 0.002268919944763184
(8,16): 0.0019480466842651367
(8,17): -0.04653383255004883
(8,20): -0.05053666114807129
(8,21): -0.05833868980407715
(8,25): -0.015885910987854003
(8,29): -0.0572463607788086
(9,0): 0.04755509853363037
(9,15): -0.00649106502532959
(9,16): -0.06510099411010742
(9,17): 0.00021252155303955078
(9,23): -0.03748398303985596
(9,24): -0.00637298583984375
(9,25): -0.046979432106018064
(9,27): -0.02156099796295166
(10,1): -0.04510577201843262
(10,2): 0.042090415954589844
(10,3): -0.03009366512298584
(10,4): -0.01178929328918457
(10,5): 0.00808192253112793
(10,6): 4.200935363769531e-05
(10,7): -0.010079550743103027
(10,11): 0.001021127700805664
(10,12): -0.021137118339538574
(10,14): -0.007568497657775879
(10,15): -0.001975727081298828
(10,16): 0.001599440574645996
(10,17): -0.02171689987182617
(11,3): -0.02255385398864746
(11,4): 0.0014130210876464845
(11,5): -0.0089157772064209
(11,6): 0.012456846237182618
(11,7): 0.014180269241333008
(11,10): 9.098052978515626e-05
(11,12): 0.007328782081604004
(11,14): -0.0025384902954101564
(11,15): -0.0071940279006958005
(11,16): -0.02487898826599121
(11,22): -0.007720437049865723
(12,1): -0.01943946838378906
(12,2): -0.04016721248626709
(12,3): -0.0029497861862182615
(12,4): -0.0315463924407959
(12,5): -0.003980917930603027
(12,6): 0.0006324625015258789
(12,10): 0.0015668535232543945
(12,11): 0.005797128677368164
(12,14): 0.0026828479766845704
(12,20): -0.07375754833221436
(12,27): -0.0014838409423828126
(13,0): -0.19130903244018554
(13,7): -0.012043352127075196
(13,8): -0.03050053596496582
(13,14): 0.009469356536865235
(13,15): 0.002111334800720215
(13,16): -0.002417850494384766
(14,4): -0.02135176658630371
(14,5): -0.00047288894653320314
(14,6): -0.00462820053100586
(14,7): 0.0005699634552001953
(14,10): 0.0024658823013305664
(14,11): -0.0015944147109985352
(14,12): 3.39508056640625e-05
(14,13): 0.017272868156433106
(14,15): -0.007767453193664551
(14,16): 6.664276123046875e-05
(14,17): -0.0017514848709106446
(14,21): -0.08599895000457763
(15,0): 0.010911421775817871
(15,4): -0.026739869117736816
(15,7): -0.0010953283309936524
(15,8): -0.00853520393371582
(15,9): -0.0005415821075439453
(15,10): -0.0025827789306640623
(15,11): -0.014433021545410157
(15,13): 0.014205880165100097
(15,14): 0.0009079551696777343
(15,16): -4.291534423828125e-08
(15,17): 0.062492351531982425
(15,20): -0.040117073059082034
(15,21): 0.00163482666015625
(15,23): -0.023058485984802247
(16,0): -0.18579846858978272
(16,4): 0.0
(16,5): -0.008944449424743652
(16,6): 0.015118823051452637
(16,7): -0.0013260126113891601
(16,8): -0.00018744945526123048
(16,9): -0.05561294078826904
(16,10): -0.0005759382247924804
(16,11): -0.0028123044967651367
(16,13): 0.004397435188293457
(16,14): -0.007314200401306152
(16,15): 2.0885467529296874e-05
(16,17): 0.005119552612304687
(16,28): 0.04030612468719483
(17,0): 0.03816493988037109
(17,4): -0.015515213012695312
(17,7): 0.02160012722015381
(17,8): -0.014657654762268067
(17,9): -0.00557797908782959
(17,10): 0.014902677536010742
(17,14): 0.015584945678710938
(17,15): 0.0
(17,16): 0.0009249019622802735
(17,22): 0.020550484657287597
(18,1): -0.04343841552734375
(18,19): -0.0004621076583862305
(19,2): 0.0009135627746582032
(19,18): -0.03915910243988037
(20,4): -0.00594916820526123
(20,8): -0.06966261386871338
(20,12): 0.03521530151367187
(20,15): 0.005251703262329102
(20,24): -0.008981451988220215
(20,29): -0.04149675369262695
(21,8): 0.03647613525390625
(21,14): -0.002839641571044922
(21,15): 0.05284723281860351
(22,11): 0.012410221099853515
(22,17): -0.010072612762451172
(22,27): -0.006642699241638184
(22,28): -0.031059865951538087
(23,4): -0.01946360111236572
(23,9): -0.020615878105163573
(23,15): 0.06412097454071045
(24,9): -0.0022885417938232422
(24,20): -0.01909721374511719
(25,4): 0.0008780956268310547
(25,6): 0.02859556198120117
(25,8): 0.01914930820465088
(25,9): 0.01089268684387207
(26,4): -0.00194307804107666
(26,7): -0.0029094600677490234
(26,29): 0.007452068328857422
(26,30): -0.016075186729431153
(27,9): 0.08459728717803955
(27,12): 0.019393420219421385
(27,22): -0.005322108268737793
(28,16): -0.022737889289855956
(28,22): -0.02565918445587158
(29,8): 0.0014905500411987304
(29,20): -0.028624935150146483
(29,26): -0.02391378879547119
(30,6): -0.007282857894897461
(30,26): -0.008193354606628418
