Interaction name: 5xij

Affinity: 7.300000190734863
Predicted value: 6.577245712280273

Attributions for edges: 

(0,1): 0.5092799067497253
(0,2): 0.5324141979217529
(0,4): 0.5430352687835693
(0,8): 0.4084818661212921
(0,11): 0.3805610239505768
(0,17): 0.4672711193561554
(0,18): 0.43264850974082947
(1,0): 0.3769715428352356
(1,8): 0.484747052192688
(1,9): 0.5390876531600952
(1,10): 0.4704242944717407
(1,17): 0.39536717534065247
(1,18): 0.4977080225944519
(1,19): 0.44016772508621216
(2,0): 0.4819220006465912
(2,5): 0.5083192586898804
(2,7): 0.40936803817749023
(2,11): 0.4924771785736084
(2,12): 0.4571540057659149
(2,19): 0.45529982447624207
(3,5): 0.4793930649757385
(3,7): 0.45706936717033386
(3,11): 0.35945215821266174
(3,12): 0.5074291229248047
(3,13): 0.38684725761413574
(3,14): 0.5181728601455688
(3,15): 0.4422045052051544
(3,19): 0.46985873579978943
(4,0): 0.38156434893608093
(4,5): 0.33655259013175964
(4,7): 0.605749785900116
(4,11): 0.589055597782135
(4,12): 0.3901066184043884
(5,2): 0.4913918375968933
(5,3): 0.41349175572395325
(5,4): 0.5478450059890747
(5,6): 0.5382952094078064
(5,11): 0.44574591517448425
(5,12): 0.5993660688400269
(5,13): 0.5258790254592896
(5,14): 0.4656602144241333
(5,15): 0.49463966488838196
(5,20): 0.474163293838501
(5,21): 0.4586695730686188
(6,5): 0.5073950886726379
(6,7): 0.4774591028690338
(6,11): 0.5738498568534851
(6,12): 0.5955232381820679
(6,13): 0.47597309947013855
(6,14): 0.6292039752006531
(6,15): 0.5538887977600098
(7,2): 0.5370855331420898
(7,3): 0.45072683691978455
(7,4): 0.5275114178657532
(7,6): 0.5455464720726013
(7,11): 0.5090914368629456
(7,12): 0.5669040083885193
(7,13): 0.4548996686935425
(7,14): 0.53730309009552
(7,15): 0.5300288200378418
(8,0): 0.38836410641670227
(8,1): 0.45706599950790405
(8,9): 0.4989874064922333
(8,10): 0.529254138469696
(8,16): 0.4113403558731079
(8,17): 0.44455739855766296
(8,28): 0.47252458333969116
(8,30): 0.47988924384117126
(9,1): 0.3891020715236664
(9,8): 0.47077974677085876
(9,10): 0.47984570264816284
(9,16): 0.43897873163223267
(9,17): 0.5015962719917297
(9,18): 0.45990124344825745
(9,30): 0.52006995677948
(9,31): 0.5011909604072571
(10,1): 0.4562070369720459
(10,8): 0.3847959339618683
(10,9): 0.42868170142173767
(10,16): 0.44504600763320923
(10,17): 0.48703545331954956
(10,18): 0.5367358922958374
(10,22): 0.48258665204048157
(11,0): 0.5361486077308655
(11,2): 0.6222877502441406
(11,3): 0.4897454082965851
(11,4): 0.42176708579063416
(11,5): 0.5540017485618591
(11,6): 0.6059070825576782
(11,7): 0.44239577651023865
(11,12): 0.5810849666595459
(11,13): 0.514458954334259
(11,23): 0.5329684019088745
(11,25): 0.5140970349311829
(11,27): 0.5123258829116821
(11,32): 0.4340803623199463
(12,2): 0.3850054144859314
(12,3): 0.4078379273414612
(12,4): 0.45438191294670105
(12,5): 0.5285844802856445
(12,6): 0.4811702072620392
(12,7): 0.44977250695228577
(12,11): 0.5419942736625671
(12,13): 0.4418960511684418
(12,14): 0.44175684452056885
(12,22): 0.44415339827537537
(12,23): 0.5099314451217651
(12,24): 0.5778772234916687
(13,3): 0.4517437219619751
(13,5): 0.4924717843532562
(13,6): 0.5281649827957153
(13,7): 0.5054371953010559
(13,11): 0.42833301424980164
(13,12): 0.5478489398956299
(13,14): 0.43366655707359314
(13,15): 0.5651133060455322
(13,22): 0.44546011090278625
(14,3): 0.4129658043384552
(14,5): 0.424388587474823
(14,6): 0.42756813764572144
(14,7): 0.543438732624054
(14,12): 0.44842177629470825
(14,13): 0.48741912841796875
(14,15): 0.38423916697502136
(14,23): 0.4381302297115326
(14,32): 0.46965986490249634
(15,3): 0.46034348011016846
(15,5): 0.531531810760498
(15,6): 0.5606741905212402
(15,7): 0.387373685836792
(15,13): 0.4421590566635132
(15,14): 0.3967483639717102
(15,25): 0.47864827513694763
(15,26): 0.3898288905620575
(15,27): 0.4049689471721649
(15,28): 0.40094369649887085
(16,8): 0.42331239581108093
(16,9): 0.519465446472168
(16,10): 0.5186761617660522
(16,17): 0.4611392319202423
(16,18): 0.3610207140445709
(16,29): 0.5741516351699829
(16,33): 0.3918902277946472
(17,0): 0.5068323612213135
(17,1): 0.4889797568321228
(17,8): 0.5566171407699585
(17,9): 0.47856298089027405
(17,10): 0.5093139410018921
(17,16): 0.5320585370063782
(17,18): 0.41808366775512695
(18,0): 0.4938459098339081
(18,1): 0.4901665151119232
(18,9): 0.4660787284374237
(18,10): 0.5528327226638794
(18,16): 0.4732087254524231
(18,17): 0.4981757402420044
(19,1): 0.47744980454444885
(19,2): 0.490018367767334
(19,3): 0.39950326085090637
(19,32): 0.362510621547699
(20,5): 0.46024253964424133
(20,21): 0.40373682975769043
(20,23): 0.45943203568458557
(20,25): 0.44696244597435
(20,28): 0.4812011420726776
(21,5): 0.47258543968200684
(21,20): 0.4264789819717407
(22,10): 0.4806777834892273
(22,12): 0.4397737979888916
(22,13): 0.5337076187133789
(23,11): 0.44395551085472107
(23,12): 0.49564626812934875
(23,14): 0.3587179481983185
(23,20): 0.5127561688423157
(23,25): 0.466782808303833
(23,28): 0.4953189492225647
(24,12): 0.4291958808898926
(25,11): 0.46762746572494507
(25,15): 0.4431312680244446
(25,20): 0.5337052345275879
(25,23): 0.42901647090911865
(26,15): 0.46014949679374695
(27,11): 0.41687747836112976
(27,15): 0.40231889486312866
(28,8): 0.4622386395931244
(28,15): 0.5031774044036865
(28,20): 0.453838050365448
(28,23): 0.43650370836257935
(29,16): 0.5701409578323364
(29,31): 0.4870308041572571
(30,8): 0.5520170331001282
(30,9): 0.4800103008747101
(31,9): 0.4810331463813782
(31,29): 0.5130770206451416
(32,11): 0.4211196303367615
(32,14): 0.47151604294776917
(32,19): 0.5419934988021851
(33,16): 0.5590769648551941
