Interaction name: 5o2d

Affinity: 5.679999828338623
Predicted value: 5.9916486740112305

Attributions for edges: 

(0,1): 0.48433518409729004
(0,2): 0.44764721393585205
(0,3): 0.508294403553009
(0,4): 0.46148115396499634
(0,5): 0.4483589231967926
(0,6): 0.5610736608505249
(0,14): 0.5372188687324524
(0,20): 0.5614051818847656
(0,24): 0.4951941668987274
(0,25): 0.46591904759407043
(1,0): 0.5634203553199768
(1,2): 0.5072441101074219
(1,4): 0.42881202697753906
(1,5): 0.5554419755935669
(1,24): 0.5122348666191101
(1,25): 0.5095515847206116
(2,0): 0.45875412225723267
(2,1): 0.495402455329895
(2,4): 0.45228496193885803
(2,5): 0.566241979598999
(2,6): 0.4895673990249634
(2,12): 0.6094058156013489
(2,14): 0.47664517164230347
(2,15): 0.5546058416366577
(2,16): 0.4693019390106201
(2,20): 0.40245378017425537
(3,0): 0.4693368673324585
(3,6): 0.5477325916290283
(3,7): 0.5393312573432922
(3,8): 0.5838218331336975
(3,10): 0.5612339377403259
(3,11): 0.438592791557312
(3,12): 0.5544301271438599
(3,14): 0.49893346428871155
(3,16): 0.5704777240753174
(3,17): 0.5511823296546936
(3,19): 0.4755455255508423
(3,20): 0.5341900587081909
(3,21): 0.5266895890235901
(3,26): 0.5287221670150757
(4,0): 0.43913933634757996
(4,1): 0.40325185656547546
(4,2): 0.5123894810676575
(4,27): 0.49461492896080017
(4,28): 0.3455149531364441
(4,31): 0.5354430675506592
(5,0): 0.561948835849762
(5,1): 0.5144049525260925
(5,2): 0.4727926254272461
(5,6): 0.5276025533676147
(5,12): 0.5150284767150879
(5,13): 0.4530391991138458
(5,14): 0.5087953209877014
(5,15): 0.5903308987617493
(5,22): 0.48213493824005127
(6,0): 0.5220685601234436
(6,2): 0.5315953493118286
(6,3): 0.5592463612556458
(6,5): 0.6075751781463623
(6,7): 0.555006206035614
(6,12): 0.4111877381801605
(6,13): 0.5935699939727783
(6,14): 0.5449060797691345
(6,16): 0.4984685778617859
(6,17): 0.45476844906806946
(6,18): 0.5354989767074585
(6,19): 0.5650280714035034
(6,20): 0.5466371774673462
(6,21): 0.5625561475753784
(6,22): 0.5007187128067017
(6,27): 0.4672044813632965
(6,35): 0.48530614376068115
(6,38): 0.563946008682251
(7,3): 0.47476476430892944
(7,6): 0.5701247453689575
(7,8): 0.5707828998565674
(7,9): 0.5770165920257568
(7,10): 0.46794235706329346
(7,11): 0.5299222469329834
(7,17): 0.5681968331336975
(7,19): 0.4737723767757416
(7,20): 0.4768502116203308
(7,21): 0.3855557143688202
(7,23): 0.37452131509780884
(7,29): 0.5236694812774658
(7,41): 0.38089045882225037
(8,3): 0.5832341909408569
(8,7): 0.5959240198135376
(8,9): 0.5673848986625671
(8,10): 0.5332310199737549
(8,11): 0.5540938973426819
(8,17): 0.5840210914611816
(8,19): 0.6009968519210815
(8,20): 0.5513703227043152
(8,21): 0.5947011113166809
(8,23): 0.5507963299751282
(8,29): 0.4819548428058624
(8,32): 0.39385485649108887
(8,42): 0.4609116017818451
(9,7): 0.4623391628265381
(9,8): 0.5484615564346313
(9,10): 0.5217483043670654
(9,11): 0.45817625522613525
(9,19): 0.5403839349746704
(9,21): 0.5516968369483948
(9,39): 0.571575939655304
(9,40): 0.4468180239200592
(9,43): 0.4452715516090393
(10,3): 0.556599497795105
(10,7): 0.5479184985160828
(10,8): 0.5546367764472961
(10,9): 0.574469268321991
(10,11): 0.6341868042945862
(10,21): 0.5372932553291321
(10,23): 0.5369740724563599
(10,42): 0.5087559819221497
(11,3): 0.576406717300415
(11,7): 0.6432548761367798
(11,8): 0.4642373323440552
(11,9): 0.5651078820228577
(11,10): 0.46481019258499146
(11,19): 0.42669549584388733
(11,20): 0.558661699295044
(11,21): 0.43181467056274414
(11,23): 0.45711973309516907
(11,35): 0.5327418446540833
(11,41): 0.4513597786426544
(12,2): 0.4708697199821472
(12,3): 0.5941409468650818
(12,5): 0.5136279463768005
(12,6): 0.47820931673049927
(12,13): 0.5275576710700989
(12,14): 0.5383049845695496
(12,15): 0.5017672181129456
(12,16): 0.6019324064254761
(12,20): 0.4778459072113037
(12,22): 0.4975064694881439
(12,29): 0.5201007127761841
(12,38): 0.4585227072238922
(13,5): 0.5657469034194946
(13,6): 0.4741460382938385
(13,12): 0.4811687767505646
(13,14): 0.4774710237979889
(13,15): 0.4928286671638489
(13,29): 0.42007210850715637
(13,30): 0.3652777671813965
(14,0): 0.4347922205924988
(14,2): 0.6012170314788818
(14,3): 0.5866276621818542
(14,5): 0.5018247961997986
(14,6): 0.5001642107963562
(14,12): 0.6018775105476379
(14,13): 0.5699768662452698
(14,15): 0.5282567739486694
(14,16): 0.5124083161354065
(14,18): 0.39392632246017456
(14,19): 0.5017908215522766
(14,20): 0.595933198928833
(14,22): 0.4757955074310303
(14,33): 0.48937854170799255
(15,2): 0.5693627595901489
(15,5): 0.5189638733863831
(15,12): 0.5914192795753479
(15,13): 0.540628969669342
(15,14): 0.5256243944168091
(15,22): 0.635128378868103
(15,33): 0.42117056250572205
(15,34): 0.48529285192489624
(15,35): 0.5136999487876892
(16,2): 0.5457620024681091
(16,3): 0.543971061706543
(16,6): 0.5024033784866333
(16,12): 0.5743903517723083
(16,14): 0.5168328285217285
(16,17): 0.5057839751243591
(16,18): 0.47649404406547546
(16,19): 0.5506616830825806
(16,20): 0.5697581768035889
(16,33): 0.4991217851638794
(16,35): 0.6062890291213989
(16,36): 0.4476209878921509
(17,3): 0.477367639541626
(17,6): 0.6216161251068115
(17,7): 0.5591551065444946
(17,8): 0.4566742777824402
(17,16): 0.5015215277671814
(17,18): 0.4742598533630371
(17,19): 0.4636553227901459
(17,20): 0.5702552199363708
(17,21): 0.5517127513885498
(17,31): 0.45138055086135864
(17,35): 0.5314044952392578
(17,37): 0.480731338262558
(18,6): 0.5012131333351135
(18,14): 0.562615692615509
(18,16): 0.4911402761936188
(18,17): 0.5281688570976257
(18,19): 0.4854677617549896
(18,20): 0.5324376821517944
(18,21): 0.6141812205314636
(19,3): 0.4796227812767029
(19,6): 0.5923581123352051
(19,7): 0.48603150248527527
(19,8): 0.4683789014816284
(19,9): 0.5859269499778748
(19,11): 0.5352690815925598
(19,14): 0.48218926787376404
(19,16): 0.5151203870773315
(19,17): 0.6506816744804382
(19,18): 0.4688756763935089
(19,20): 0.47474589943885803
(19,21): 0.575398862361908
(19,23): 0.4072350561618805
(19,31): 0.47354698181152344
(19,38): 0.4808955788612366
(20,0): 0.6083482503890991
(20,2): 0.3895409107208252
(20,3): 0.5383851528167725
(20,6): 0.5177237391471863
(20,7): 0.5376029014587402
(20,8): 0.5547218918800354
(20,11): 0.4601173400878906
(20,12): 0.5153420567512512
(20,14): 0.49135851860046387
(20,16): 0.5328546762466431
(20,17): 0.5724596977233887
(20,18): 0.5069972276687622
(20,19): 0.5208627581596375
(20,21): 0.46924370527267456
(20,29): 0.494415819644928
(20,34): 0.5945661067962646
(20,37): 0.4912056624889374
(20,41): 0.5042543411254883
(21,3): 0.5593498349189758
(21,6): 0.48564544320106506
(21,7): 0.5224016308784485
(21,8): 0.5927776098251343
(21,9): 0.51904296875
(21,10): 0.44366487860679626
(21,11): 0.4457813501358032
(21,17): 0.5496541857719421
(21,18): 0.4555412828922272
(21,19): 0.3665676712989807
(21,20): 0.48757675290107727
(21,23): 0.5310885310173035
(21,43): 0.4597501754760742
(22,5): 0.5512628555297852
(22,6): 0.5275565385818481
(22,12): 0.5855733156204224
(22,14): 0.5370004773139954
(22,15): 0.46107470989227295
(23,7): 0.5658860206604004
(23,8): 0.560243546962738
(23,10): 0.5458023548126221
(23,11): 0.5051997900009155
(23,19): 0.5831980109214783
(23,21): 0.5009351372718811
(24,0): 0.5108965635299683
(24,1): 0.44431647658348083
(24,26): 0.45186957716941833
(24,27): 0.45889902114868164
(24,34): 0.4496767222881317
(24,41): 0.41880521178245544
(25,0): 0.508615255355835
(25,1): 0.47535303235054016
(25,34): 0.48671069741249084
(26,3): 0.5085451006889343
(26,24): 0.398820698261261
(26,41): 0.57795649766922
(27,4): 0.5600223541259766
(27,6): 0.5172975659370422
(27,24): 0.4607292413711548
(27,41): 0.5093566179275513
(27,43): 0.5840279459953308
(28,4): 0.48586219549179077
(28,35): 0.539951503276825
(29,7): 0.5344534516334534
(29,8): 0.4946519732475281
(29,12): 0.5066698789596558
(29,13): 0.4817360043525696
(29,20): 0.4939267039299011
(29,38): 0.5338401794433594
(30,13): 0.5241340398788452
(30,33): 0.48489007353782654
(31,4): 0.4589941203594208
(31,17): 0.5783693790435791
(31,19): 0.4719519019126892
(31,32): 0.46326684951782227
(31,43): 0.3888557553291321
(32,8): 0.6259323358535767
(32,31): 0.49449142813682556
(33,14): 0.5089606046676636
(33,15): 0.5318248867988586
(33,16): 0.45801734924316406
(33,30): 0.45881548523902893
(34,15): 0.5150954127311707
(34,20): 0.45928755402565
(34,24): 0.5118274688720703
(34,25): 0.3987117409706116
(35,6): 0.5068206787109375
(35,11): 0.5689319372177124
(35,15): 0.6073573231697083
(35,16): 0.47796308994293213
(35,17): 0.6149154305458069
(35,28): 0.4691683351993561
(36,16): 0.5386633276939392
(36,37): 0.5108585357666016
(36,38): 0.3989444375038147
(37,17): 0.5515999794006348
(37,20): 0.550244927406311
(37,36): 0.5043469667434692
(38,6): 0.5126621723175049
(38,12): 0.5374010801315308
(38,19): 0.543212890625
(38,29): 0.516690731048584
(38,36): 0.3683048188686371
(39,9): 0.5493894815444946
(40,9): 0.5185161828994751
(41,7): 0.5412939190864563
(41,11): 0.48515358567237854
(41,20): 0.558516800403595
(41,24): 0.45339328050613403
(41,26): 0.5293087959289551
(41,27): 0.4782346487045288
(41,43): 0.4446665644645691
(42,8): 0.5130487084388733
(42,10): 0.377475768327713
(43,9): 0.4558066427707672
(43,21): 0.5615680813789368
(43,27): 0.5058830976486206
(43,31): 0.43414199352264404
(43,41): 0.45905691385269165
