Interaction name: 6h29

Affinity: 5.619999885559082
Predicted value: 6.37429141998291

Attributions for edges: 

(0,1): 3.0574070074413327e-26
(0,2): 4.3331029432605944e-26
(0,5): 4.129525516776879e-24
(0,7): 6.314815769076095e-24
(0,8): 9.365145252061253e-24
(0,10): 2.315715776195609e-28
(1,0): 1.8272568496165002e-26
(1,2): 1.0286295690549403e-25
(1,5): 9.802989086868787e-24
(1,7): 1.4990715893305835e-23
(1,8): 2.223179951551796e-23
(1,9): 2.7297114830987337e-23
(1,10): 5.497226618135694e-28
(2,0): 2.2129381876756438e-26
(2,1): 8.789949812861584e-26
(2,5): 1.1872212262030572e-23
(2,8): 2.6924396985932134e-23
(2,11): 6.795997409508151e-27
(2,12): 2.646665027486568e-31
(2,13): 1.1074002270398947e-25
(3,4): 4.441235904425383e-22
(3,5): 1.2511703774797615e-22
(3,6): 5.109179705223139e-22
(3,7): 1.9132803941112268e-22
(3,8): 2.837477897578721e-22
(3,9): 3.4839720023836656e-22
(4,3): 1.9562107094443336e-22
(4,5): 5.182476369132951e-22
(4,6): 2.1162749542476482e-21
(4,7): 7.925004191368884e-22
(4,8): 1.1753080349835831e-21
(4,9): 1.4430860488455142e-21
(4,16): 2.02742190279978e-21
(4,18): 4.238570393949747e-21
(5,0): 4.194762440094007e-25
(5,1): 1.6661702756419876e-24
(5,2): 2.3613851083737605e-24
(5,3): 8.49460000891514e-23
(5,4): 7.988257456886657e-22
(5,7): 3.4413338811298527e-22
(5,8): 5.1036478339024945e-22
(5,9): 6.2664444591986255e-22
(5,14): 2.5899938432631888e-24
(5,17): 5.609227514048279e-26
(6,3): 2.134703552787178e-22
(6,4): 2.0074512263409496e-21
(6,7): 8.648080407981706e-22
(6,8): 1.2825479826280876e-21
(6,9): 1.5747591265610521e-21
(7,0): 5.546482503723131e-25
(7,1): 2.20310253432388e-24
(7,3): 1.1231987108621674e-22
(7,4): 1.056251582067592e-21
(7,5): 2.9756368508174667e-22
(7,6): 1.2151076201302447e-21
(7,8): 6.7482998852048345e-22
(7,9): 8.285807712400353e-22
(7,16): 1.1640905086419872e-21
(7,17): 7.416830787842692e-26
(8,0): 7.163212006814137e-25
(8,1): 2.8452682461165767e-24
(8,2): 4.032449871502192e-24
(8,3): 1.45059693867453e-22
(8,4): 1.3641252374184704e-21
(8,5): 3.8429829790029826e-22
(8,6): 1.5692899602160421e-21
(8,7): 5.876660334210999e-22
(8,9): 1.0700974667276395e-21
(9,1): 3.2567944978345798e-24
(9,3): 1.6604045307287725e-22
(9,4): 1.5614316434225925e-21
(9,5): 4.398814120386218e-22
(9,6): 1.7962578391790618e-21
(9,7): 6.72660759870645e-22
(9,8): 9.975850693971365e-22
(9,14): 5.0625349752089264e-24
(9,15): 1.9293312522864501e-22
(9,18): 3.5976536493406856e-21
(10,0): 7.635259227298296e-28
(10,1): 3.032756490822736e-27
(10,12): 9.13173823291869e-33
(11,2): 1.845533308491153e-26
(11,12): 3.920942222404359e-32
(11,13): 1.6405686023128723e-26
(12,2): 2.5230609125258526e-29
(12,10): 1.348385237095184e-31
(12,11): 1.3764130426094671e-30
(13,2): 1.143612517115516e-25
(13,11): 6.238784661696114e-27
(14,5): 1.3513258303917402e-23
(14,9): 3.762847585242501e-23
(15,9): 3.631225196573289e-22
(15,17): 3.250386728612889e-26
(16,4): 1.9590122889957973e-21
(16,7): 8.43940612505834e-22
(16,18): 4.5137081140259304e-21
(17,5): 1.1665870309482365e-24
(17,7): 1.7839361647388116e-24
(17,15): 5.1166810072367125e-25
(18,4): 3.1096635360644986e-21
(18,9): 2.4394069213103797e-21
(18,16): 3.427174067694851e-21
