Interaction name: 5j6d

Affinity: 8.220000267028809
Predicted value: 8.943902015686035

Shapley values for edges: 

(0,1): 0.0023110437393188475
(0,7): -0.0022524356842041015
(0,10): 0.007138843536376953
(0,12): 0.0008836126327514648
(0,24): 8.916378021240235e-05
(0,41): 0.043318352699279784
(0,42): -0.04889636993408203
(0,43): -0.05028692245483399
(0,47): 0.07576501846313477
(1,0): 0.009456677436828613
(1,7): 0.08903202056884765
(1,9): -0.0012915849685668946
(1,12): -0.018486700057983398
(1,24): 0.028288612365722655
(1,41): 0.08222723007202148
(1,42): -0.06653603076934815
(1,43): 0.07862525463104247
(1,44): -0.06589330673217773
(1,47): -0.05230047225952148
(2,5): 0.004312715530395508
(2,8): 0.009938817024230957
(2,11): -0.10384530067443848
(2,13): -0.03185432910919189
(2,14): -0.0936445426940918
(2,31): 0.015155720710754394
(2,32): 0.007902750968933106
(3,8): 0.010418405532836914
(3,13): 0.0007934331893920899
(3,15): -0.0023177814483642577
(3,16): 0.03913144111633301
(3,18): 0.0017693233489990234
(3,19): -0.006769018173217773
(3,23): 0.009722704887390137
(3,28): 0.007623648643493653
(3,33): 0.005027742385864258
(3,35): 0.02500244140625
(3,37): 0.023853068351745606
(3,39): 0.03653194427490234
(4,15): -0.001200242042541504
(4,16): -0.033566799163818356
(4,17): 0.019798221588134764
(4,33): 0.00983234405517578
(4,34): 0.013882298469543457
(4,35): 0.002841334342956543
(4,39): 0.022009806632995607
(5,2): -0.028859162330627443
(5,6): 6.205081939697265e-05
(5,8): 0.019106545448303223
(5,11): -0.027178325653076173
(5,13): -0.03346968650817871
(5,14): 0.019411864280700682
(5,31): 0.017512192726135255
(5,32): -0.022906317710876464
(5,43): -0.10167695045471191
(5,45): -0.041696052551269534
(6,5): -0.022932887077331543
(6,8): 0.0029497575759887696
(6,11): -0.006294970512390137
(6,13): 0.0025746631622314453
(6,19): -0.02060986518859863
(6,20): 0.03970627784729004
(6,22): -0.017338647842407226
(6,26): -0.03542577743530274
(6,45): -0.027811250686645507
(7,0): -0.038319272994995116
(7,1): 0.040436320304870606
(7,9): -0.007938294410705567
(7,10): -0.07646488666534423
(7,24): 0.00407994270324707
(7,25): 0.01747422695159912
(7,29): 0.009235825538635254
(7,30): 0.05370283126831055
(7,38): -0.2075554609298706
(7,45): -0.16274760246276856
(7,46): -0.03099928855895996
(8,2): -0.05374542713165283
(8,3): -0.0023151493072509767
(8,5): -0.10620684623718261
(8,6): 0.0018094396591186524
(8,11): -0.09339667320251464
(8,13): 0.010735220909118652
(8,19): -0.026689786911010743
(8,37): -0.003962044715881348
(8,46): 0.12623001575469972
(9,1): 0.004750528335571289
(9,7): -0.009925947189331055
(9,10): 0.02097663402557373
(9,12): 0.0008853673934936523
(9,24): -0.038539037704467774
(10,0): 0.019826669692993164
(10,7): -0.04744417190551758
(10,9): 0.06236196994781494
(10,12): -0.14196862220764161
(10,24): 0.010337743759155273
(11,2): -0.14636435508728027
(11,5): -0.07667641162872314
(11,6): -0.0021368694305419923
(11,8): -0.04704908847808838
(11,13): 0.0030943775177001954
(11,19): -0.0003241443634033203
(11,32): 0.07738862037658692
(11,45): -0.008871493339538574
(12,0): -0.011841917037963867
(12,1): -0.07389111995697022
(12,9): -0.03245165348052979
(12,10): 0.099095778465271
(12,24): 0.0013456869125366212
(12,25): 0.037746701240539554
(12,29): 0.007874207496643066
(12,30): 0.04772119045257568
(12,38): 0.12310632228851319
(13,2): -0.06457026958465577
(13,3): 0.05337570667266846
(13,5): -0.02398210048675537
(13,6): 0.0005682945251464844
(13,8): 0.12909923553466796
(13,11): 0.06050872325897217
(13,19): -0.02240079879760742
(13,20): -0.04475944519042969
(13,27): 0.001286468505859375
(13,28): -0.012272768020629883
(13,37): 0.0033777761459350586
(13,40): 0.02316244602203369
(13,49): -0.007873563766479493
(13,51): 0.03102325439453125
(13,52): 0.006411676406860352
(13,63): -0.11588359832763671
(14,2): -0.18159474849700927
(14,5): -0.014695119857788087
(14,24): -0.005427570343017578
(14,25): -0.04951655864715576
(14,29): 0.002922477722167969
(14,30): -0.06586645126342773
(14,31): 0.013983039855957032
(14,32): -0.01361793041229248
(14,38): 0.049486823081970215
(14,51): -0.020422377586364747
(14,55): -0.035548319816589354
(14,68): -0.07403622627258301
(15,3): -0.0047072267532348635
(15,4): -0.08575049877166747
(15,16): 0.0032956409454345703
(15,23): -0.004672932624816895
(15,28): 0.015933094024658204
(15,33): 0.001008453369140625
(15,34): -0.02896779537200928
(15,35): 0.004026155471801757
(15,37): -0.004581480026245117
(15,39): -0.045332303047180174
(15,50): 0.024862761497497558
(15,52): 0.04391826152801514
(15,64): 0.0630478572845459
(16,3): -0.03779926300048828
(16,4): -0.0853104829788208
(16,15): 0.009961261749267578
(16,17): -0.022894287109375
(16,23): -0.0007110881805419922
(16,33): -0.003671441078186035
(16,34): -0.02668466091156006
(16,35): 0.0019211578369140625
(16,39): -0.07260722160339356
(17,4): 0.2069588565826416
(17,16): 0.001345534324645996
(17,33): 0.008274145126342773
(17,34): 0.006759157180786133
(17,39): -0.03733211994171143
(17,53): 0.026132373809814452
(17,54): -0.00969510555267334
(17,65): -0.012080426216125489
(18,3): 0.013391294479370118
(18,19): -0.0005144166946411133
(18,27): 0.00417963981628418
(18,28): -0.03546000003814697
(18,37): -0.0011358308792114259
(18,40): -0.028505258560180664
(18,66): -0.028200736045837404
(18,67): 0.005806427001953125
(19,3): -0.04534389019012451
(19,6): 0.041723008155822756
(19,8): 0.0746533203125
(19,11): -0.060157880783081055
(19,13): 1.9073486328125e-08
(19,18): 0.012274737358093262
(19,20): -0.0006748151779174805
(19,21): -0.03464125633239746
(19,22): -0.08700156211853027
(19,26): -0.0031140327453613283
(19,27): 0.0017400646209716796
(19,28): 0.00046329021453857423
(19,37): -0.0002303791046142578
(19,40): 0.051190271377563476
(19,55): 0.013384366035461425
(19,63): -0.006097517013549805
(20,6): 0.036230120658874515
(20,13): -0.05882572650909424
(20,19): 0.0071412897109985355
(20,21): 0.006924428939819336
(20,22): -0.0017870759963989258
(20,26): -0.0007924270629882812
(20,27): -0.028328952789306642
(20,36): -0.009165172576904296
(20,40): 0.07399278163909911
(20,51): 0.15068882942199707
(20,55): -0.0505308723449707
(20,56): -0.1361043119430542
(20,67): -0.16613417625427246
(21,19): 0.03691587924957276
(21,20): 0.002138838768005371
(21,22): -0.06091819286346436
(21,26): -0.0006494188308715821
(21,36): -0.03403169631958008
(21,68): -0.03206766128540039
(21,69): 0.05997035026550293
(22,6): -0.02070035457611084
(22,19): -0.0045064020156860354
(22,20): 0.005410752296447754
(22,21): -0.03431520938873291
(22,26): -0.013767848014831543
(22,36): 0.047207822799682615
(22,57): -0.016790881156921386
(22,58): -0.060445947647094725
(22,67): -0.02076861381530762
(22,70): 0.17602035999298096
(23,3): -0.04190582275390625
(23,15): -0.03536455154418945
(23,16): -0.01108281135559082
(23,28): -0.0233613920211792
(23,33): -0.021380677223205566
(23,34): -0.023341550827026367
(23,35): -0.046752338409423826
(23,37): -0.01665520668029785
(23,39): -0.0285628080368042
(23,59): 0.11731460571289062
(23,64): 0.0397957181930542
(23,65): -0.0015610218048095702
(23,66): -0.11290248394012452
(24,0): -0.09644042491912842
(24,1): -0.005525259971618652
(24,7): 0.02812868118286133
(24,9): 0.12103309631347656
(24,10): -0.017001914978027343
(24,12): 0.05967324256896973
(24,14): -0.06756073474884033
(24,25): -0.01675319194793701
(24,29): -0.005222849845886231
(24,30): -0.052192373275756834
(24,31): 0.07119280815124512
(24,38): -0.1355740737915039
(24,57): -0.029563088417053223
(24,60): 0.1472202396392822
(24,61): 0.019942121505737306
(25,7): -0.19502701759338378
(25,12): 0.03132350444793701
(25,14): -0.12908958435058593
(25,24): 0.0006154632568359375
(25,29): 0.005211629867553711
(25,30): -0.009590916633605957
(25,31): 0.0012716054916381836
(25,32): -0.0012233877182006836
(25,38): -0.08485167026519776
(26,6): -0.02184636116027832
(26,19): -0.004564266204833984
(26,20): 0.011680469512939454
(26,21): -0.009800024032592773
(26,22): 0.04678720951080322
(26,27): 0.01503262996673584
(26,36): -0.0299772310256958
(26,40): 0.028797993659973143
(26,57): -0.013701162338256835
(26,61): -0.02565521240234375
(26,62): 0.25940224170684817
(26,64): -0.09421530246734619
(26,66): -0.09113139629364014
(27,13): -0.03419066905975342
(27,18): -0.00054412841796875
(27,19): 0.0014935827255249023
(27,20): -0.037177691459655764
(27,26): -0.02786768913269043
(27,28): -0.002644820213317871
(27,37): -0.01089148998260498
(27,56): -0.020891318321228026
(28,3): -0.011212124824523925
(28,13): -0.006611366271972657
(28,15): 0.018578262329101564
(28,18): -0.03381009578704834
(28,19): 0.001365537643432617
(28,23): -0.003795022964477539
(28,27): -0.03637132167816162
(28,33): -0.034474906921386717
(28,37): 0.012564415931701661
(28,39): -0.025205965042114257
(28,40): 0.09009549617767335
(28,53): -0.06199042320251465
(28,61): -0.057072997093200684
(28,65): 0.009313740730285645
(29,7): 0.0010904216766357423
(29,12): -0.000828561782836914
(29,14): -0.07817671775817871
(29,24): -0.003999438285827637
(29,25): 0.0012015771865844726
(29,30): -0.011585307121276856
(29,31): -0.004113240242004395
(29,32): 0.01643829345703125
(29,38): -0.0767700719833374
(30,7): 0.034228792190551756
(30,12): 0.0664655065536499
(30,14): -0.019993181228637694
(30,24): -0.013541421890258788
(30,25): -0.025909085273742676
(30,29): -0.043008098602294924
(30,31): 0.0020443201065063477
(30,32): 0.015223660469055177
(30,51): 0.0437147855758667
(31,2): 0.05527698993682861
(31,5): 0.03002117156982422
(31,14): -0.011038637161254883
(31,24): -0.08940804958343505
(31,25): -0.0006026935577392578
(31,29): -0.0009634017944335938
(31,30): 0.005473589897155762
(31,32): -0.014892659187316894
(31,38): -0.03845859527587891
(31,54): -0.035003652572631834
(31,63): -0.14249782562255858
(32,2): -0.008832416534423827
(32,5): 0.037217841148376465
(32,11): -0.01879572868347168
(32,14): 0.061337094306945804
(32,25): 0.008994870185852051
(32,29): 0.04056734085083008
(32,30): 0.022928032875061035
(32,31): -0.020486373901367188
(32,38): -0.027137460708618163
(32,56): 0.01336334228515625
(32,61): -0.0756061840057373
(32,64): -0.1054755163192749
(32,65): -0.06382866859436036
(32,66): -0.05860138416290283
(33,3): 0.10327433109283447
(33,4): 0.0327723217010498
(33,15): -0.01150148868560791
(33,16): 0.019194517135620117
(33,17): -0.03886985301971436
(33,23): -0.00740079402923584
(33,28): -0.030393705368041993
(33,34): 0.0001555633544921875
(33,35): 0.007407960891723633
(33,37): -0.030515475273132323
(33,54): -0.03197630882263183
(33,63): -0.09398608684539794
(33,66): -0.040250148773193356
(33,67): -0.054660396575927736
(34,4): -0.01099294662475586
(34,15): 0.03287709712982178
(34,16): -0.00897627830505371
(34,17): -0.026722512245178222
(34,23): 0.01211772918701172
(34,33): 0.0025752639770507814
(34,35): -0.03433914661407471
(34,39): -0.029808039665222167
(34,63): 0.017450528144836427
(35,3): -0.04813581943511963
(35,4): -0.04916096210479736
(35,15): 0.0024160289764404296
(35,16): -0.05877883911132813
(35,23): 0.005362672805786133
(35,33): -0.006397142410278321
(35,34): -0.006281552314758301
(35,39): -0.05200016498565674
(35,53): -0.11574015140533447
(36,20): 6.236076354980469e-05
(36,21): -0.021809682846069336
(36,22): 0.004283690452575683
(36,26): -0.01279393196105957
(36,58): 0.04610443592071533
(36,68): -0.08724047660827637
(37,3): -0.09032611846923828
(37,8): -0.047371840476989745
(37,13): 1.430511474609375e-08
(37,15): -0.03575486183166504
(37,18): 0.01671607494354248
(37,19): 0.0035054492950439453
(37,23): -0.03179935455322266
(37,27): 0.0065496826171875
(37,28): -0.029467010498046876
(37,33): -0.00509819507598877
(37,39): 0.052758278846740725
(37,40): -0.005505023002624512
(37,50): 0.030746707916259764
(37,52): 0.03495251178741455
(37,67): -0.13638718605041503
(38,7): 0.06681627750396729
(38,12): 0.07597829341888428
(38,14): 0.0007452297210693359
(38,24): -0.004663047790527344
(38,25): 0.038167724609375
(38,29): 0.0013906192779541016
(38,31): -0.008586831092834472
(38,32): -0.05015538215637207
(39,3): -0.018870668411254884
(39,4): 0.09217898845672608
(39,15): -0.2880254650115967
(39,16): 0.007757902145385742
(39,17): -0.043183207511901855
(39,23): -0.01158651351928711
(39,28): 0.0130692720413208
(39,34): 0.04636297225952148
(39,35): 0.004014062881469727
(39,37): -0.019817657470703125
(40,13): 0.02080944538116455
(40,18): -0.02691333293914795
(40,19): 0.005642542839050293
(40,20): -0.00048799991607666014
(40,26): 0.013949470520019531
(40,28): 0.05421879291534424
(40,37): 7.905960083007812e-06
(41,0): 0.0019996500015258788
(41,1): 0.016756906509399414
(41,46): 0.022841014862060548
(41,60): 0.0005833053588867187
(42,0): -0.050549554824829104
(42,1): -0.05370666027069092
(42,44): 0.06396206855773925
(42,47): 0.06075295448303222
(42,60): -0.03916502952575684
(43,0): -0.08908217430114745
(43,1): -0.0037715816497802734
(43,5): 0.010170788764953613
(43,61): -0.07802517414093017
(44,1): -0.002645254135131836
(44,42): 0.0027697086334228516
(44,47): 0.04498049259185791
(44,60): 0.007297906875610351
(45,5): 0.0570037031173706
(45,6): 0.002453145980834961
(45,7): 0.30460081100463865
(45,11): -0.050211615562438965
(45,51): -0.006937613487243652
(45,57): 0.04674000740051269
(46,7): -0.0007932662963867187
(46,8): -0.07688463687896728
(46,41): -0.027848148345947267
(46,60): -0.048868632316589354
(47,0): 0.0005426168441772461
(47,1): -0.10128425598144532
(47,42): 0.039886035919189454
(47,44): 0.006160931587219238
(47,60): 0.0019924068450927735
(48,51): 0.11306209564208984
(48,57): 0.0332989501953125
(49,13): -0.02978579521179199
(50,15): 0.02470419406890869
(50,37): 0.08294679641723633
(50,54): 0.0022522783279418945
(50,64): -0.008985323905944824
(51,13): -0.09656378269195556
(51,14): -0.003911447525024414
(51,20): 0.0005466842651367188
(51,30): 0.11107264041900634
(51,45): 0.22478663444519043
(51,48): 0.27747995853424073
(52,13): -0.04341930866241455
(52,15): 0.05590225219726563
(52,37): -0.004195523262023926
(52,55): -0.01060513973236084
(52,59): -0.02159003257751465
(53,17): 0.003536262512207031
(53,28): -0.015645585060119628
(53,35): 0.05080940246582031
(54,17): -0.021861238479614256
(54,31): -0.017150473594665528
(54,33): -0.04726446628570557
(54,50): 0.01870514392852783
(54,64): -0.020590953826904297
(55,14): -0.027354326248168945
(55,19): -0.048382229804992676
(55,20): -0.08421257019042969
(55,52): -0.04792313575744629
(55,56): -0.008481473922729492
(55,59): 0.007171158790588379
(56,20): 0.00865415096282959
(56,27): 0.033434848785400394
(56,32): -0.046610360145568845
(56,55): -0.0034552669525146486
(57,22): -0.019841198921203614
(57,24): 0.08038550853729248
(57,26): -0.023288936614990235
(57,45): -0.11920784950256348
(57,48): -0.48452736854553224
(57,69): -0.029892840385437013
(58,22): -0.04569591045379639
(58,36): 0.1267097282409668
(59,23): -0.02571053981781006
(59,52): -0.06477715015411377
(59,55): -0.002265281677246094
(60,24): 0.057031469345092775
(60,41): -0.003394217491149902
(60,42): -0.018076415061950683
(60,44): -0.10046149253845214
(60,46): -0.08009992599487305
(60,47): -0.005287246704101562
(61,24): 0.0018168020248413087
(61,26): -0.0681695556640625
(61,28): 0.04503948211669922
(61,32): 0.05324533462524414
(61,43): -0.10254794597625733
(62,26): -0.01932579040527344
(62,70): -0.06266935348510742
(63,13): -0.01189734935760498
(63,19): 0.19882012844085695
(63,31): 0.0032035970687866212
(63,33): 0.012267508506774903
(63,34): 0.026905617713928222
(63,66): -0.02407050132751465
(64,15): 0.06517608642578125
(64,23): -0.06093989849090576
(64,26): -0.06934190273284913
(64,32): -0.005140352249145508
(64,50): -0.04746506690979004
(64,54): -0.013019208908081054
(65,17): -0.03898305892944336
(65,23): -0.022292838096618653
(65,28): 0.02507551193237305
(65,32): -0.03007509231567383
(66,18): 0.05567041873931885
(66,23): -0.031124889850616455
(66,26): -0.13842548847198485
(66,32): -0.06589630603790284
(66,33): -0.01799739360809326
(66,63): -0.05743793487548828
(67,18): -0.020810732841491698
(67,20): -0.24875258922576904
(67,22): -0.10212620735168457
(67,33): -0.031126818656921386
(67,37): 0.14341489791870118
(68,14): -0.07797945976257324
(68,21): -0.007687664031982422
(68,36): -0.024370694160461427
(69,21): 0.03251617431640625
(69,57): -0.06915332317352295
(70,22): 0.08217215061187744
(70,62): -0.10859067916870117
