Interaction name: 6ckr

Affinity: 7.300000190734863
Predicted value: 6.964204788208008

Attributions for edges: 

(0,4): 0.5407657623291016
(0,5): 0.5408123135566711
(0,6): 0.5033366084098816
(0,17): 0.493786096572876
(1,2): 0.5020944476127625
(1,10): 0.5143505334854126
(1,17): 0.5346973538398743
(1,18): 0.5779291987419128
(2,1): 0.5108139514923096
(2,7): 0.6640481948852539
(2,10): 0.46764904260635376
(2,17): 0.5690931081771851
(2,18): 0.6143496036529541
(3,23): 0.4987313747406006
(4,0): 0.39868319034576416
(4,5): 0.46121686697006226
(4,6): 0.4630993604660034
(4,7): 0.4749409854412079
(4,8): 0.5010645985603333
(4,11): 0.41545969247817993
(4,13): 0.6299251914024353
(4,14): 0.3147101402282715
(4,15): 0.5995759963989258
(4,16): 0.3829619288444519
(4,25): 0.6413512825965881
(5,0): 0.46921977400779724
(5,4): 0.5958725810050964
(5,6): 0.5179466009140015
(5,13): 0.6533646583557129
(5,14): 0.5018513798713684
(5,15): 0.49845069646835327
(5,22): 0.3166528344154358
(5,25): 0.622270405292511
(6,0): 0.5662032961845398
(6,4): 0.5539150238037109
(6,5): 0.4736803472042084
(6,11): 0.5833735466003418
(6,13): 0.5625284910202026
(6,14): 0.4753878116607666
(6,15): 0.4854011833667755
(6,21): 0.4899744689464569
(7,2): 0.5298135876655579
(7,4): 0.5832346081733704
(7,8): 0.5426552295684814
(7,9): 0.4798465967178345
(7,10): 0.4185825288295746
(7,11): 0.5462383031845093
(7,12): 0.499104380607605
(7,16): 0.5961428880691528
(7,19): 0.38813140988349915
(7,20): 0.5022679567337036
(8,4): 0.5954397916793823
(8,7): 0.47519227862358093
(8,9): 0.39823228120803833
(8,11): 0.5197333693504333
(8,12): 0.44725775718688965
(8,13): 0.42702698707580566
(9,7): 0.6231909990310669
(9,8): 0.5843208432197571
(9,11): 0.4312174618244171
(9,12): 0.40908944606781006
(9,16): 0.5301660299301147
(9,23): 0.4442952871322632
(10,1): 0.483084499835968
(10,2): 0.4141315817832947
(10,7): 0.413051575422287
(10,19): 0.502512514591217
(10,25): 0.45866858959198
(11,4): 0.4527849853038788
(11,6): 0.4681948721408844
(11,7): 0.4360930025577545
(11,8): 0.5113901495933533
(11,9): 0.39651745557785034
(11,12): 0.3904455900192261
(11,13): 0.4523168206214905
(11,16): 0.5696725845336914
(11,25): 0.49948346614837646
(12,7): 0.5814193487167358
(12,8): 0.44504523277282715
(12,9): 0.5010088086128235
(12,11): 0.46682417392730713
(12,16): 0.5780909657478333
(13,4): 0.3980335593223572
(13,5): 0.4299963712692261
(13,6): 0.4327987730503082
(13,8): 0.45108190178871155
(13,11): 0.5334927439689636
(13,14): 0.38333243131637573
(13,15): 0.5385812520980835
(13,16): 0.5388335585594177
(13,20): 0.5760416984558105
(14,4): 0.46459251642227173
(14,5): 0.4784694015979767
(14,6): 0.38508716225624084
(14,13): 0.46634310483932495
(14,15): 0.45718252658843994
(14,24): 0.42126643657684326
(15,4): 0.41396841406822205
(15,5): 0.43804311752319336
(15,6): 0.46876248717308044
(15,13): 0.6344184875488281
(15,14): 0.4617787003517151
(16,4): 0.42447125911712646
(16,7): 0.5993872284889221
(16,9): 0.4504950940608978
(16,11): 0.549582302570343
(16,12): 0.4018537104129791
(16,13): 0.4235228896141052
(17,0): 0.4497121274471283
(17,1): 0.5517568588256836
(17,2): 0.4951089322566986
(17,22): 0.36351221799850464
(18,1): 0.5964639186859131
(18,2): 0.4976705312728882
(19,7): 0.4495524764060974
(19,10): 0.5069485306739807
(20,7): 0.47762155532836914
(20,13): 0.5604281425476074
(20,23): 0.4992407262325287
(21,6): 0.5332679748535156
(21,22): 0.5319781303405762
(22,5): 0.3367009460926056
(22,17): 0.6347774267196655
(22,21): 0.4810248017311096
(23,3): 0.550319492816925
(23,9): 0.5062255859375
(23,20): 0.5974482893943787
(24,14): 0.3844771981239319
(25,4): 0.417934775352478
(25,5): 0.5106648206710815
(25,10): 0.4744110405445099
(25,11): 0.42654553055763245
