Interaction name: 5jo0

Affinity: 7.300000190734863
Predicted value: 7.441580772399902

Attributions for edges: 

(0,1): 0.4834993779659271
(0,2): 0.47010594606399536
(0,7): 0.47858962416648865
(0,8): 0.5631396174430847
(0,9): 0.4970647692680359
(0,10): 0.42685821652412415
(0,20): 0.48007073998451233
(0,23): 0.5002837181091309
(0,24): 0.4898158013820648
(0,25): 0.42812487483024597
(0,26): 0.47432759404182434
(0,27): 0.43542295694351196
(1,0): 0.46954813599586487
(1,2): 0.3909948170185089
(1,6): 0.5171281695365906
(1,8): 0.5150461196899414
(1,9): 0.44798609614372253
(1,20): 0.48188817501068115
(1,23): 0.480543851852417
(1,24): 0.4350751042366028
(1,25): 0.4142560064792633
(1,26): 0.4815135896205902
(1,27): 0.4358667731285095
(1,29): 0.45608285069465637
(2,0): 0.5099858641624451
(2,1): 0.4621157646179199
(2,6): 0.4589782655239105
(2,7): 0.4217313528060913
(2,9): 0.5109231472015381
(2,20): 0.530189037322998
(2,24): 0.4046521782875061
(2,25): 0.42259615659713745
(2,26): 0.457920640707016
(2,27): 0.4962061941623688
(2,29): 0.4369902014732361
(3,4): 0.41138583421707153
(3,19): 0.4975038170814514
(3,23): 0.44307613372802734
(3,25): 0.4905679523944855
(3,28): 0.5001090168952942
(3,29): 0.5781050324440002
(3,30): 0.4852296710014343
(4,3): 0.45861440896987915
(4,5): 0.4173736572265625
(4,19): 0.5165008902549744
(4,20): 0.4171200692653656
(4,23): 0.49632880091667175
(4,24): 0.49664223194122314
(4,25): 0.46297118067741394
(4,27): 0.4207623302936554
(4,28): 0.4909225106239319
(4,29): 0.418296217918396
(5,4): 0.6220670938491821
(5,19): 0.44208234548568726
(6,1): 0.5913403034210205
(6,2): 0.41863110661506653
(6,7): 0.5447190999984741
(6,8): 0.550067126750946
(6,9): 0.5622665882110596
(6,10): 0.49628475308418274
(6,20): 0.5672841668128967
(7,0): 0.5568860769271851
(7,2): 0.4984760880470276
(7,6): 0.5444652438163757
(7,8): 0.5835806131362915
(7,9): 0.5285379886627197
(7,20): 0.5555029511451721
(8,0): 0.5230135917663574
(8,1): 0.47956255078315735
(8,6): 0.5235912799835205
(8,7): 0.4947371184825897
(8,9): 0.6263086795806885
(8,20): 0.5209245681762695
(9,0): 0.43937981128692627
(9,1): 0.4431232213973999
(9,2): 0.4422242343425751
(9,6): 0.5234925746917725
(9,7): 0.5293314456939697
(9,8): 0.511364221572876
(9,10): 0.5577760338783264
(9,18): 0.5358315706253052
(9,19): 0.4890267848968506
(9,20): 0.5394208431243896
(9,32): 0.5073994398117065
(9,34): 0.5236300230026245
(9,38): 0.46155059337615967
(10,0): 0.4831160008907318
(10,6): 0.5360302329063416
(10,9): 0.44620928168296814
(10,11): 0.4836905300617218
(10,12): 0.5335327982902527
(10,18): 0.3891153633594513
(10,19): 0.42833662033081055
(10,20): 0.47447049617767334
(10,21): 0.45403337478637695
(10,34): 0.5404967069625854
(11,10): 0.5813077688217163
(11,12): 0.5964594483375549
(11,13): 0.5829571485519409
(11,15): 0.4078490436077118
(11,16): 0.47643736004829407
(11,18): 0.5232921838760376
(11,20): 0.4683866500854492
(11,21): 0.5645207166671753
(11,22): 0.4997963607311249
(11,33): 0.4873737692832947
(11,37): 0.5379338264465332
(11,39): 0.5747315287590027
(12,10): 0.4173053205013275
(12,11): 0.41494542360305786
(12,13): 0.5402427911758423
(12,14): 0.5328909754753113
(12,15): 0.3737332820892334
(12,16): 0.3691924512386322
(12,18): 0.5030341744422913
(12,21): 0.5350969433784485
(12,22): 0.5095204710960388
(13,11): 0.47801682353019714
(13,12): 0.45172756910324097
(13,14): 0.46360909938812256
(13,15): 0.42976540327072144
(13,16): 0.3830122947692871
(13,17): 0.529056966304779
(13,21): 0.5998482704162598
(13,22): 0.4296088218688965
(13,40): 0.4670964181423187
(14,12): 0.5900313258171082
(14,13): 0.437406986951828
(14,15): 0.4490101933479309
(14,16): 0.5285617709159851
(14,17): 0.5302779674530029
(14,21): 0.6073645949363708
(14,22): 0.4572516083717346
(14,38): 0.5032569169998169
(14,42): 0.35311397910118103
(15,11): 0.4231725037097931
(15,12): 0.5199628472328186
(15,13): 0.41857483983039856
(15,14): 0.4519892632961273
(15,16): 0.49866366386413574
(15,17): 0.49219363927841187
(15,21): 0.5458000302314758
(15,38): 0.41302528977394104
(16,11): 0.5490655303001404
(16,12): 0.4775570034980774
(16,13): 0.47580263018608093
(16,14): 0.46960800886154175
(16,15): 0.5846410393714905
(16,17): 0.43193766474723816
(16,18): 0.47472020983695984
(16,21): 0.48495495319366455
(16,22): 0.580184280872345
(16,35): 0.4122408330440521
(16,38): 0.4611080288887024
(17,13): 0.4733012020587921
(17,14): 0.48637330532073975
(17,15): 0.5448762774467468
(17,16): 0.5608025789260864
(17,21): 0.41606420278549194
(17,22): 0.50347501039505
(17,41): 0.39325806498527527
(18,9): 0.5562928318977356
(18,10): 0.49770036339759827
(18,11): 0.5112320780754089
(18,12): 0.5470747947692871
(18,16): 0.582161545753479
(18,19): 0.39162084460258484
(18,20): 0.5567797422409058
(18,21): 0.5954595804214478
(18,32): 0.5851306319236755
(18,33): 0.5116599202156067
(18,39): 0.4552278220653534
(18,42): 0.47951748967170715
(19,3): 0.4569196403026581
(19,4): 0.5118989944458008
(19,5): 0.46996963024139404
(19,9): 0.5236650109291077
(19,10): 0.6090223789215088
(19,18): 0.5495038628578186
(19,20): 0.492269903421402
(19,35): 0.3744244873523712
(19,36): 0.4742119312286377
(19,40): 0.4609416127204895
(20,0): 0.41600558161735535
(20,1): 0.5202518105506897
(20,2): 0.4925402104854584
(20,4): 0.5471118092536926
(20,6): 0.5449715256690979
(20,7): 0.5833919644355774
(20,8): 0.5040835738182068
(20,9): 0.4676086902618408
(20,10): 0.6120248436927795
(20,11): 0.5290488600730896
(20,18): 0.4723524749279022
(20,19): 0.4393938183784485
(21,10): 0.5007093548774719
(21,11): 0.5269635319709778
(21,12): 0.46802183985710144
(21,13): 0.5006946921348572
(21,14): 0.5047426223754883
(21,15): 0.5076369047164917
(21,16): 0.4907650649547577
(21,17): 0.5708184242248535
(21,18): 0.4242248237133026
(21,22): 0.5453234314918518
(21,42): 0.5145673751831055
(22,11): 0.5222664475440979
(22,12): 0.49030405282974243
(22,13): 0.527306318283081
(22,14): 0.48407676815986633
(22,16): 0.5228481888771057
(22,17): 0.5166836977005005
(22,21): 0.4596187174320221
(23,0): 0.4918977618217468
(23,1): 0.3864491283893585
(23,3): 0.4269081950187683
(23,4): 0.474655419588089
(23,27): 0.5209210515022278
(23,32): 0.522188127040863
(24,0): 0.4660576581954956
(24,1): 0.5351836085319519
(24,2): 0.4950774312019348
(24,4): 0.5828412771224976
(25,0): 0.4928211271762848
(25,1): 0.4903399348258972
(25,2): 0.5007438659667969
(25,3): 0.5113880038261414
(25,4): 0.46862685680389404
(26,0): 0.546478271484375
(26,1): 0.539873480796814
(26,2): 0.5074684023857117
(26,27): 0.41229385137557983
(26,34): 0.3867775499820709
(27,0): 0.4929618835449219
(27,1): 0.512164831161499
(27,2): 0.44211989641189575
(27,4): 0.5348225831985474
(27,23): 0.46413442492485046
(27,26): 0.5048632621765137
(27,32): 0.5368460416793823
(28,3): 0.5363245606422424
(28,4): 0.6218381524085999
(28,29): 0.48880359530448914
(28,40): 0.5124418139457703
(29,1): 0.5298291444778442
(29,2): 0.5059067606925964
(29,3): 0.43687576055526733
(29,4): 0.5476374626159668
(29,28): 0.4745008647441864
(29,30): 0.44134652614593506
(29,40): 0.4942542612552643
(30,3): 0.5414642095565796
(30,29): 0.5579351782798767
(32,9): 0.46220457553863525
(32,18): 0.42450812458992004
(32,23): 0.44527533650398254
(32,27): 0.4135950803756714
(32,37): 0.5155496001243591
(33,11): 0.46646690368652344
(33,18): 0.5282285213470459
(33,35): 0.4750272035598755
(34,9): 0.4565719962120056
(34,10): 0.47281935811042786
(34,26): 0.5990176796913147
(35,16): 0.565076470375061
(35,19): 0.4817742109298706
(35,33): 0.5812088251113892
(36,19): 0.535515546798706
(37,11): 0.48074498772621155
(37,32): 0.4244528114795685
(38,9): 0.48789018392562866
(38,14): 0.46530479192733765
(38,15): 0.45374882221221924
(38,16): 0.4237172305583954
(38,41): 0.5595163106918335
(39,11): 0.42441996932029724
(39,18): 0.4737803041934967
(40,13): 0.47867220640182495
(40,19): 0.5021342635154724
(40,28): 0.46732649207115173
(40,29): 0.5024843811988831
(41,17): 0.4667260944843292
(41,38): 0.5019301176071167
(42,14): 0.46414512395858765
(42,18): 0.48267245292663574
(42,21): 0.4462070167064667
