Interaction name: 5fbn

Affinity: 9.569999694824219
Predicted value: 8.476301193237305

Attributions for edges: 

(0,1): 6.450677180705603e-23
(0,8): 1.3988103987650464e-20
(0,11): 3.316301169457201e-20
(0,25): 1.2110439893481722e-22
(0,26): 1.3988103987650464e-20
(0,27): 1.1300169000074602e-26
(0,29): 4.534161016102482e-27
(1,0): 1.796196244919582e-21
(1,8): 1.6982539642130048e-14
(1,25): 1.4702952746650815e-16
(1,26): 1.698257352344794e-14
(1,27): 1.3719171737755563e-20
(1,29): 5.504779136099212e-21
(2,6): 0.0
(2,30): 0.0
(3,10): 1.176368733609654e-25
(3,11): 2.36297885392134e-25
(3,12): 7.161019682239842e-27
(3,13): 2.029225271024501e-28
(3,20): 9.406804219931021e-28
(4,7): 1.7090958324131382e-16
(4,14): 2.8668664372861866e-21
(4,15): 1.2960809295143285e-17
(4,21): 7.82326660457534e-15
(4,22): 2.003463948492784e-15
(4,31): 0.0
(5,7): 3.7256948828140457e-13
(5,15): 4.1011631075763347e-14
(5,19): 1.4494067838294322e-12
(5,23): 4.271556632712281e-12
(5,28): 1.3222744144059106e-07
(5,31): 0.0
(6,2): 0.0
(6,12): 1.0326369109629435e-23
(6,20): 1.3564898124849301e-24
(6,32): 0.0
(7,4): 1.607559079475928e-21
(7,5): 1.0064436380288859e-17
(7,14): 9.89272019675981e-27
(7,15): 5.401020753484697e-23
(7,21): 1.8857475531267188e-20
(7,22): 4.075587136605174e-21
(7,23): 5.62542027804516e-21
(7,28): 1.3419247845307321e-16
(7,33): 0.0
(8,0): 1.7669709467210644e-16
(8,1): 9.996034382175889e-12
(8,25): 1.9466114484223418e-11
(8,26): 3.774915047216609e-09
(8,27): 1.3747915422385507e-15
(9,10): 5.723891720703059e-28
(9,11): 1.1497571619363444e-27
(10,3): 4.472208224511321e-31
(10,9): 1.7214336461962462e-34
(10,11): 6.8341718950648556e-09
(10,35): 3.93391344072031e-26
(10,36): 1.3862579624485793e-35
(10,45): 1.5186387479056942e-26
(10,46): 1.015500905587885e-09
(11,0): 1.174794993172312e-17
(11,3): 1.3956997075618266e-32
(11,9): 5.372300115239823e-36
(11,10): 1.0753638951532807e-10
(11,47): 7.284711570944291e-13
(11,49): 6.827428900013643e-11
(11,52): 4.970693219965771e-19
(12,3): 2.039237038724446e-34
(12,6): 2.3818317926191905e-31
(12,13): 3.139663144269625e-15
(12,14): 7.8970585729203765e-22
(12,20): 1.4735224013726934e-14
(12,21): 1.5053410246297118e-15
(12,22): 3.2534175515035093e-16
(12,36): 6.321106032335103e-39
(12,44): 6.356068401576978e-32
(13,3): 3.387687188362557e-35
(13,12): 1.634248088960323e-14
(13,14): 1.1106298216137172e-22
(13,20): 2.0723345033681366e-15
(13,21): 2.1170877803038931e-16
(13,22): 4.575555183165238e-17
(13,35): 2.979964319560527e-30
(13,45): 1.1503783623644262e-30
(14,4): 2.7969450506529795e-27
(14,7): 7.563107150826745e-28
(14,12): 2.5326813235618456e-24
(14,13): 6.843033703205141e-26
(14,20): 3.2116013961315666e-25
(14,21): 3.280944919780097e-26
(14,22): 7.090968217558634e-27
(14,35): 0.0
(14,37): 3.387126388948941e-23
(14,39): 1.016333238644815e-22
(14,48): 8.97808204244189e-37
(14,51): 5.774200101102116e-21
(15,4): 2.6554302984639085e-18
(15,5): 1.312972473121619e-14
(15,7): 5.670865936327993e-19
(15,16): 3.7855348324505425e-17
(15,17): 2.3788144841812757e-18
(15,18): 2.265651668249683e-17
(15,19): 2.4901441024393282e-18
(15,23): 7.338733986861273e-18
(15,24): 2.647460599543034e-14
(15,28): 1.75063658231292e-13
(15,37): 2.539698865707679e-14
(15,38): 2.3980914146099342e-35
(15,44): 1.0899069744809014e-33
(15,48): 8.620881320840172e-28
(15,49): 1.6581262865566007e-14
(15,50): 8.91676195106517e-19
(16,15): 8.140268691702707e-18
(16,17): 2.748256366183905e-16
(16,18): 2.6175389065713917e-15
(16,19): 2.8768759369443065e-16
(16,23): 8.478476341308814e-16
(16,24): 3.0586243173619243e-12
(16,40): 1.9863169112935884e-17
(16,50): 1.0823095170695341e-16
(16,53): 1.606567233591089e-27
(17,15): 2.0162876914788853e-18
(17,16): 1.0832766831115107e-15
(17,18): 6.483436876630303e-16
(17,19): 7.125848633745033e-17
(17,23): 2.100067712020002e-16
(17,24): 7.576029105275939e-13
(17,37): 7.320774303605504e-13
(17,41): 1.6122568940737018e-29
(17,43): 1.3167307852333153e-19
(17,46): 2.4949137265688204e-13
(17,49): 4.744929492719874e-13
(18,15): 9.96986151213322e-18
(18,16): 5.356436882177117e-15
(18,17): 3.3659498490131833e-16
(18,19): 3.523491095059787e-16
(18,23): 1.0384083949833848e-15
(18,24): 3.7460902435615395e-12
(18,42): 4.822783090081209e-18
(18,46): 1.233652828329379e-12
(18,51): 6.796224694127773e-10
(18,54): 2.1494647752380892e-26
(19,5): 1.2032189751921135e-13
(19,15): 6.456992541104248e-19
(19,16): 3.469115815010797e-16
(19,17): 2.1799617124895998e-17
(19,18): 2.0762663508999522e-16
(19,23): 6.725264253675813e-17
(19,24): 2.426150372183272e-13
(19,28): 1.6042980745950564e-12
(19,40): 1.4922060110975648e-18
(19,42): 2.8531227425513257e-19
(19,43): 3.896587109973903e-20
(19,47): 1.6642532993805647e-15
(20,3): 3.9444444755951866e-35
(20,6): 4.6071167724193177e-32
(20,12): 2.1058697659477078e-14
(20,13): 5.689835297084396e-16
(20,14): 1.4311451433647178e-22
(20,21): 2.728055689183074e-16
(20,22): 5.896009072146503e-17
(20,44): 1.22943808045511e-32
(20,45): 1.3394296393438963e-30
(21,4): 3.56126792905491e-19
(21,7): 9.629882241212348e-20
(21,12): 3.224776191183289e-16
(21,13): 8.713034190433412e-18
(21,14): 2.1915518357344078e-24
(21,20): 4.089253054067353e-17
(21,22): 9.028756002150255e-19
(21,46): 1.4805224298795687e-15
(21,49): 2.8157179346910595e-15
(22,4): 1.0302389126505909e-19
(22,7): 2.4080100048470938e-20
(22,12): 8.063778142407071e-17
(22,13): 2.178755062771038e-18
(22,14): 5.480128947794663e-25
(22,20): 1.0225385047976364e-17
(22,21): 1.0446207529942295e-18
(22,40): 6.34905225663204e-21
(22,47): 7.081053163980592e-18
(23,5): 3.812075980401397e-13
(23,7): 1.6464819988992427e-17
(23,15): 2.0457206388299003e-18
(23,16): 1.0990898353246828e-15
(23,17): 6.906609375471529e-17
(23,18): 6.578104455188995e-16
(23,19): 7.229868250134802e-17
(23,24): 7.686620437374891e-13
(23,28): 5.082777514847647e-12
(23,39): 2.2125446006576732e-12
(23,45): 3.543739309536934e-30
(23,47): 5.446852143582356e-15
(23,51): 1.315883374486404e-10
(24,15): 5.1028873102954356e-15
(24,16): 2.7415869054137065e-12
(24,17): 1.7228021309892427e-13
(24,18): 1.6408526013617086e-12
(24,19): 1.8034297742230282e-13
(24,23): 5.314910295727004e-13
(24,28): 1.3320487823875737e-08
(24,39): 6.695355825314664e-09
(25,0): 3.7457941037894035e-21
(25,1): 1.6331901659850261e-16
(25,8): 3.5415382649076066e-14
(25,26): 3.5415453799843635e-14
(25,27): 2.860989941035044e-20
(25,52): 1.370806750446173e-22
(26,0): 1.7669709467210644e-16
(26,1): 9.996034382175889e-12
(26,8): 3.774915047216609e-09
(26,25): 1.9466114484223418e-11
(26,27): 1.3747915422385507e-15
(27,0): 2.805752366807261e-26
(27,1): 1.2233258089577689e-21
(27,8): 2.652756075242313e-19
(27,25): 2.296677875966635e-21
(27,26): 2.652756075242313e-19
(27,34): 2.1087401152450517e-36
(28,5): 1.6887328202486174e-09
(28,7): 7.29385627416812e-14
(28,15): 9.062486817836696e-15
(28,19): 3.2028058590677366e-13
(28,23): 9.43902833498711e-13
(28,24): 3.4051390596090414e-09
(29,0): 5.769931154438875e-20
(29,1): 3.264134847626881e-15
(29,52): 4.523585005968983e-21
(30,2): 0.0
(30,32): 0.0
(31,4): 2.451449918525687e-36
(31,5): 1.0909350177590924e-32
(31,33): 0.0
(31,47): 1.6849469443951955e-34
(32,6): 0.0
(32,30): 0.0
(32,36): 0.0
(33,7): 1.1574706481871628e-36
(33,31): 0.0
(33,47): 5.269520769545536e-34
(34,27): 2.369367032583636e-27
(35,10): 6.268859257092816e-22
(35,13): 1.0813724024216129e-24
(35,14): 1.5846821711019996e-31
(35,44): 0.0
(36,10): 1.342008688995928e-28
(36,12): 8.169272716519793e-30
(36,32): 0.0
(37,14): 1.0451713244099448e-17
(37,15): 5.70622989506421e-14
(37,17): 1.926491084713877e-12
(37,40): 2.1644377913229707e-13
(37,49): 2.0350869434082597e-08
(38,15): 4.188581355234183e-29
(38,51): 6.0748087640344666e-21
(39,14): 1.1141548787744171e-17
(39,23): 6.335592640793752e-12
(39,24): 2.5569857342588875e-08
(39,42): 4.1465871128453305e-14
(39,51): 5.948157649982022e-06
(40,16): 2.5293840355544717e-09
(40,19): 1.5206830239478109e-10
(40,22): 5.74399139363635e-10
(40,37): 2.8216475129738683e-06
(41,17): 4.176657194850666e-24
(42,18): 5.124956903301836e-09
(42,19): 5.329474639381715e-10
(42,39): 2.5748187908902764e-05
(43,17): 9.656582200534558e-10
(43,19): 1.0452153587081625e-09
(43,50): 7.490976727808629e-10
(44,12): 2.7798560970708767e-24
(44,15): 5.218782046419129e-29
(44,20): 3.6516393489393596e-25
(44,35): 0.0
(45,10): 2.803234518533908e-21
(45,13): 4.8355532659365164e-24
(45,20): 2.241591018446568e-23
(45,23): 3.992803201519981e-25
(45,47): 1.9232163812024114e-23
(46,10): 5.5860567726995214e-08
(46,17): 2.882550101390713e-12
(46,18): 2.7454394660453296e-11
(46,21): 3.8533537471963086e-11
(46,48): 1.810235697113109e-21
(47,11): 1.167344407804194e-06
(47,19): 2.7179191189330432e-11
(47,22): 1.0266225369814919e-10
(47,23): 8.277624419239515e-11
(47,31): 4.675335356366021e-38
(47,33): 1.2449003274486643e-37
(47,45): 2.5939986928637696e-24
(48,14): 5.118471983418037e-27
(48,15): 2.314008607318038e-23
(48,46): 6.043636740531393e-18
(49,11): 8.533492490414574e-08
(49,15): 6.718775113091074e-14
(49,17): 2.2683426317837707e-12
(49,21): 2.930515552446167e-11
(49,37): 3.794067282569813e-08
(49,50): 1.4239452715905654e-12
(50,15): 3.1437482825302787e-12
(50,16): 2.1399193528282012e-09
(50,43): 4.418805816044924e-13
(50,49): 1.5910660522422404e-06
(51,14): 1.1041062059750617e-17
(51,18): 1.9383161742325683e-11
(51,23): 6.278428298089889e-12
(51,38): 2.6572293174688203e-29
(51,39): 7.924455047714218e-08
(51,53): 1.4666265291597485e-23
(52,11): 7.946363022887787e-14
(52,25): 2.6023345592890586e-16
(52,29): 1.533324183532947e-20
(53,16): 1.0843074441431489e-20
(53,51): 2.3102959161632602e-15
(54,18): 6.644896957003325e-21
