Interaction name: 5q1f

Affinity: 7.139999866485596
Predicted value: 6.684200286865234

Attributions for edges: 

(0,2): 0.5514516234397888
(0,10): 0.48345035314559937
(0,11): 0.413210928440094
(0,17): 0.5294357538223267
(0,20): 0.47421810030937195
(0,29): 0.45858561992645264
(0,30): 0.5173529982566833
(0,31): 0.3848625719547272
(0,33): 0.5913780927658081
(0,34): 0.46120238304138184
(1,3): 0.4453161954879761
(1,14): 0.4822086691856384
(1,15): 0.5245087742805481
(1,30): 0.455416738986969
(1,33): 0.4813239276409149
(1,35): 0.5605596899986267
(2,0): 0.5406419634819031
(2,3): 0.5084192752838135
(2,7): 0.55046147108078
(2,11): 0.48025739192962646
(2,16): 0.4462595283985138
(2,29): 0.47167903184890747
(2,30): 0.5821612477302551
(2,33): 0.5427154302597046
(2,35): 0.4762594997882843
(3,1): 0.45414984226226807
(3,2): 0.46683019399642944
(3,14): 0.49640804529190063
(3,15): 0.4195246994495392
(3,16): 0.48002156615257263
(3,29): 0.46720418334007263
(3,30): 0.3922942280769348
(3,33): 0.5399417281150818
(3,35): 0.47758930921554565
(4,7): 0.4316345751285553
(4,11): 0.5383713245391846
(4,12): 0.5689554214477539
(4,21): 0.541205108165741
(4,25): 0.49751055240631104
(4,36): 0.4812459647655487
(5,6): 0.5188882946968079
(5,9): 0.4847937822341919
(5,13): 0.47662124037742615
(5,26): 0.47644463181495667
(5,27): 0.4614242613315582
(5,36): 0.4784448444843292
(6,5): 0.3710682690143585
(6,8): 0.44495847821235657
(6,13): 0.4362970292568207
(6,26): 0.316611647605896
(6,27): 0.5060870051383972
(6,36): 0.46884244680404663
(7,2): 0.48566949367523193
(7,4): 0.41143667697906494
(7,10): 0.5628710389137268
(7,11): 0.47717511653900146
(7,12): 0.5814693570137024
(7,13): 0.46970492601394653
(7,20): 0.5034279227256775
(7,25): 0.4666801691055298
(7,26): 0.5122653245925903
(7,28): 0.4948614239692688
(7,35): 0.4720344841480255
(8,6): 0.5198992490768433
(8,9): 0.47342178225517273
(8,13): 0.5303533673286438
(8,26): 0.5235125422477722
(8,27): 0.49827221035957336
(9,5): 0.423732727766037
(9,8): 0.45014241337776184
(9,13): 0.5616233348846436
(9,26): 0.46164852380752563
(9,27): 0.4708811342716217
(10,0): 0.4559228718280792
(10,7): 0.4905775785446167
(10,11): 0.5404399037361145
(10,12): 0.5516390204429626
(10,17): 0.5008042454719543
(10,19): 0.4829574525356293
(10,20): 0.455232173204422
(10,24): 0.5234755277633667
(10,29): 0.5022189021110535
(10,31): 0.5309669375419617
(10,37): 0.4898618459701538
(10,52): 0.5321805477142334
(10,58): 0.5658289194107056
(10,59): 0.47301730513572693
(11,0): 0.4822175204753876
(11,2): 0.5178245902061462
(11,4): 0.49534207582473755
(11,7): 0.49129197001457214
(11,10): 0.5001341700553894
(11,12): 0.556739091873169
(11,20): 0.4644559323787689
(11,21): 0.5643550157546997
(11,23): 0.622001051902771
(11,24): 0.560104489326477
(11,29): 0.40511661767959595
(11,30): 0.4628258943557739
(11,32): 0.48938849568367004
(11,33): 0.549485981464386
(11,37): 0.5695900917053223
(11,38): 0.5836115479469299
(11,51): 0.5564406514167786
(11,53): 0.5069575309753418
(11,54): 0.5260674357414246
(11,65): 0.4927537441253662
(12,4): 0.5066622495651245
(12,7): 0.54643714427948
(12,10): 0.5097594857215881
(12,11): 0.443233460187912
(12,20): 0.481161504983902
(12,21): 0.44963517785072327
(12,22): 0.4599023461341858
(12,23): 0.44970470666885376
(12,24): 0.4740563929080963
(12,32): 0.4684584140777588
(12,51): 0.5080717206001282
(13,5): 0.45607611536979675
(13,6): 0.4880503714084625
(13,7): 0.5818990468978882
(13,8): 0.5006744265556335
(13,9): 0.4443435072898865
(13,25): 0.47602248191833496
(13,26): 0.43955767154693604
(13,27): 0.5247342586517334
(13,28): 0.42604339122772217
(13,37): 0.43089017271995544
(13,40): 0.47024187445640564
(14,1): 0.47276192903518677
(14,3): 0.4788687229156494
(14,15): 0.5643592476844788
(14,29): 0.5563046336174011
(14,30): 0.5601184964179993
(14,33): 0.5584341287612915
(14,41): 0.3844813406467438
(14,42): 0.506919264793396
(14,56): 0.48343414068222046
(15,1): 0.4257674515247345
(15,3): 0.5200127363204956
(15,14): 0.5170244574546814
(15,37): 0.5303220152854919
(15,41): 0.5233014225959778
(15,42): 0.5314582586288452
(15,43): 0.4725286364555359
(15,44): 0.5126987099647522
(15,45): 0.4984592795372009
(15,46): 0.48522329330444336
(15,57): 0.39080068469047546
(16,2): 0.46859344840049744
(16,3): 0.5221198201179504
(16,29): 0.543637752532959
(16,33): 0.5716618299484253
(16,37): 0.5245262980461121
(16,38): 0.5153916478157043
(16,41): 0.5136738419532776
(16,46): 0.4964073896408081
(16,47): 0.4610201418399811
(16,48): 0.4778478741645813
(16,55): 0.5985950231552124
(16,59): 0.46874427795410156
(16,65): 0.4698731601238251
(17,0): 0.523556649684906
(17,10): 0.574776291847229
(17,18): 0.3654475808143616
(17,19): 0.4539240896701813
(17,20): 0.5244922637939453
(17,31): 0.4968497157096863
(17,37): 0.5208786129951477
(17,38): 0.5448217988014221
(17,53): 0.5450612306594849
(17,54): 0.5446214079856873
(17,59): 0.5669423937797546
(18,17): 0.39775383472442627
(18,19): 0.4472532272338867
(18,20): 0.48523348569869995
(18,31): 0.5219944715499878
(18,49): 0.4402129352092743
(18,53): 0.45710089802742004
(18,62): 0.5588430166244507
(18,65): 0.46459487080574036
(19,10): 0.46856003999710083
(19,17): 0.4689791798591614
(19,18): 0.535281777381897
(19,20): 0.4688825011253357
(19,31): 0.4870520234107971
(19,42): 0.5352974534034729
(19,51): 0.5912131667137146
(19,64): 0.40377017855644226
(20,0): 0.4365786015987396
(20,7): 0.5189542174339294
(20,10): 0.5013749003410339
(20,11): 0.4368444085121155
(20,12): 0.5854882001876831
(20,17): 0.46329036355018616
(20,18): 0.5830929279327393
(20,19): 0.453702449798584
(20,24): 0.5025302171707153
(20,31): 0.48430296778678894
(20,37): 0.5069824457168579
(20,51): 0.5118410587310791
(20,52): 0.502469539642334
(20,53): 0.4957832992076874
(20,54): 0.47526124119758606
(20,55): 0.46255239844322205
(20,57): 0.4751494526863098
(21,4): 0.4938732981681824
(21,11): 0.47286802530288696
(21,12): 0.49270448088645935
(21,22): 0.5010024309158325
(21,23): 0.48350435495376587
(21,24): 0.5265828967094421
(21,32): 0.4539289176464081
(21,41): 0.5353565812110901
(21,46): 0.48929229378700256
(21,50): 0.4982653558254242
(21,56): 0.48016613721847534
(21,57): 0.4747732877731323
(21,58): 0.4791516661643982
(21,62): 0.5570439100265503
(22,12): 0.6061677932739258
(22,21): 0.37572574615478516
(22,23): 0.48100605607032776
(22,24): 0.5202540755271912
(22,32): 0.4000186622142792
(22,50): 0.38378843665122986
(22,58): 0.43354085087776184
(22,59): 0.49080565571784973
(23,11): 0.43185093998908997
(23,12): 0.46907877922058105
(23,21): 0.4986238181591034
(23,22): 0.5142960548400879
(23,24): 0.5242989659309387
(23,32): 0.5500087738037109
(23,51): 0.4445846974849701
(23,60): 0.46259984374046326
(24,10): 0.6174395680427551
(24,11): 0.5473257899284363
(24,12): 0.47824519872665405
(24,20): 0.4817703664302826
(24,21): 0.514102041721344
(24,22): 0.6188120245933533
(24,23): 0.35970795154571533
(24,29): 0.5041849613189697
(24,30): 0.5471190810203552
(24,32): 0.5113906264305115
(24,37): 0.5231665372848511
(24,41): 0.490685373544693
(24,56): 0.47297847270965576
(24,60): 0.47477081418037415
(24,62): 0.5057766437530518
(25,4): 0.567729115486145
(25,7): 0.4403412342071533
(25,13): 0.5122445821762085
(25,26): 0.5245702862739563
(25,27): 0.5756515860557556
(25,28): 0.4777561128139496
(25,37): 0.4807186722755432
(25,46): 0.5698471069335938
(25,52): 0.4497832953929901
(25,53): 0.5583282113075256
(25,57): 0.4298279285430908
(25,59): 0.535337507724762
(26,5): 0.4167662560939789
(26,6): 0.46845149993896484
(26,7): 0.5822272896766663
(26,8): 0.517540454864502
(26,9): 0.4570138454437256
(26,13): 0.5037268996238708
(26,25): 0.540166437625885
(26,27): 0.5343583226203918
(26,28): 0.5171560645103455
(26,54): 0.5127333402633667
(26,61): 0.4978134036064148
(26,62): 0.5784689784049988
(26,63): 0.42857927083969116
(27,5): 0.4769626259803772
(27,6): 0.5335314869880676
(27,8): 0.4207535982131958
(27,9): 0.4368785321712494
(27,13): 0.4644697606563568
(27,25): 0.4855865240097046
(27,26): 0.502366304397583
(27,28): 0.4658658504486084
(27,55): 0.45081496238708496
(27,63): 0.5632189512252808
(28,7): 0.5536031723022461
(28,13): 0.624219536781311
(28,25): 0.467166930437088
(28,26): 0.5296342372894287
(28,27): 0.505303144454956
(28,37): 0.5412841439247131
(28,49): 0.47979143261909485
(28,53): 0.5148358345031738
(28,54): 0.47420185804367065
(28,57): 0.384621262550354
(29,0): 0.4744528830051422
(29,2): 0.4287612736225128
(29,3): 0.47256335616111755
(29,10): 0.533872127532959
(29,11): 0.504071831703186
(29,14): 0.4956585168838501
(29,16): 0.4859437048435211
(29,24): 0.4815787672996521
(29,30): 0.5360071063041687
(29,33): 0.4808005392551422
(29,37): 0.5278581380844116
(29,38): 0.5744314193725586
(29,51): 0.5106573700904846
(29,57): 0.46606194972991943
(29,65): 0.553124189376831
(30,0): 0.49150118231773376
(30,1): 0.5459855794906616
(30,2): 0.5259031057357788
(30,3): 0.5332494974136353
(30,11): 0.518058717250824
(30,14): 0.5362540483474731
(30,24): 0.5105823874473572
(30,29): 0.4514324367046356
(30,33): 0.46727079153060913
(30,39): 0.5449271202087402
(30,56): 0.5246601104736328
(30,59): 0.47066035866737366
(31,0): 0.5805826783180237
(31,10): 0.4966963231563568
(31,17): 0.47314321994781494
(31,18): 0.4355603754520416
(31,19): 0.43725839257240295
(31,20): 0.5342755317687988
(31,37): 0.41853031516075134
(31,51): 0.5249412655830383
(32,11): 0.4426715075969696
(32,12): 0.5420066118240356
(32,21): 0.42372623085975647
(32,22): 0.4934699535369873
(32,23): 0.47917258739471436
(32,24): 0.5346860289573669
(32,57): 0.5337610840797424
(33,0): 0.47578147053718567
(33,1): 0.5850773453712463
(33,2): 0.35713091492652893
(33,3): 0.5623233914375305
(33,11): 0.4094246029853821
(33,14): 0.4597986042499542
(33,16): 0.5144197940826416
(33,29): 0.41280704736709595
(33,30): 0.5636783838272095
(34,0): 0.5370496511459351
(34,37): 0.4354132115840912
(34,56): 0.48594504594802856
(35,1): 0.3982796370983124
(35,2): 0.4744102954864502
(35,3): 0.48822399973869324
(35,7): 0.4836456775665283
(35,37): 0.4346533417701721
(36,4): 0.48501086235046387
(36,5): 0.4926164448261261
(36,6): 0.472137987613678
(36,55): 0.47987815737724304
(36,63): 0.47552937269210815
(37,10): 0.5448012948036194
(37,11): 0.6235188245773315
(37,13): 0.5254751443862915
(37,15): 0.5350407361984253
(37,16): 0.4658905863761902
(37,17): 0.5337987542152405
(37,20): 0.4149536192417145
(37,24): 0.5198871493339539
(37,25): 0.5315310955047607
(37,28): 0.581697940826416
(37,29): 0.543944776058197
(37,31): 0.5402501821517944
(37,34): 0.5066472887992859
(37,35): 0.5088436603546143
(38,11): 0.6186407804489136
(38,16): 0.44648441672325134
(38,17): 0.44852909445762634
(38,29): 0.4611985683441162
(38,42): 0.5345684289932251
(38,50): 0.5220344066619873
(39,30): 0.48999473452568054
(39,53): 0.4933750331401825
(39,60): 0.5029746890068054
(40,13): 0.5098642110824585
(41,14): 0.5602486729621887
(41,15): 0.5728289484977722
(41,16): 0.5279583930969238
(41,21): 0.4658074378967285
(41,24): 0.5385410189628601
(42,14): 0.4485224783420563
(42,15): 0.4429023563861847
(42,19): 0.4632859230041504
(42,38): 0.4894587993621826
(42,45): 0.4877653419971466
(42,50): 0.4717535376548767
(43,15): 0.49717316031455994
(43,48): 0.4870133399963379
(44,15): 0.5318342447280884
(45,15): 0.574970543384552
(45,42): 0.4875055253505707
(46,15): 0.5237632989883423
(46,16): 0.47508305311203003
(46,21): 0.48067691922187805
(46,25): 0.5669164657592773
(47,16): 0.48254284262657166
(47,54): 0.47430726885795593
(48,16): 0.550047755241394
(48,43): 0.5259890556335449
(49,18): 0.5456346869468689
(49,28): 0.5121327638626099
(50,21): 0.4929758906364441
(50,22): 0.5437051057815552
(50,38): 0.5077506899833679
(50,42): 0.5622317790985107
(51,11): 0.4980991780757904
(51,12): 0.5816253423690796
(51,19): 0.47514808177948
(51,20): 0.531330406665802
(51,23): 0.6219669580459595
(51,29): 0.5284634828567505
(51,31): 0.5127824544906616
(52,10): 0.4558883309364319
(52,20): 0.5028067231178284
(52,25): 0.4933091104030609
(52,62): 0.536715567111969
(53,11): 0.5395411849021912
(53,17): 0.5324984192848206
(53,18): 0.45646703243255615
(53,20): 0.5022151470184326
(53,25): 0.5258951783180237
(53,28): 0.47278228402137756
(53,39): 0.46627312898635864
(53,60): 0.545668363571167
(54,11): 0.5138583779335022
(54,17): 0.46831488609313965
(54,20): 0.47877252101898193
(54,26): 0.5767179727554321
(54,28): 0.5160536766052246
(54,47): 0.44571948051452637
(55,16): 0.4602428078651428
(55,20): 0.5165857672691345
(55,27): 0.4759860038757324
(55,36): 0.4515838325023651
(56,14): 0.521198570728302
(56,21): 0.52646803855896
(56,24): 0.5280371308326721
(56,30): 0.6296582221984863
(56,34): 0.5275848507881165
(57,15): 0.5069258213043213
(57,20): 0.5749144554138184
(57,21): 0.49485623836517334
(57,25): 0.5411607623100281
(57,28): 0.49342936277389526
(57,29): 0.5109878182411194
(57,32): 0.5135937333106995
(58,10): 0.5259233713150024
(58,21): 0.518100917339325
(58,22): 0.4330427646636963
(59,10): 0.5486786961555481
(59,16): 0.5118585228919983
(59,17): 0.5624933838844299
(59,22): 0.5081685781478882
(59,25): 0.48021671175956726
(59,30): 0.48483577370643616
(60,23): 0.5044599771499634
(60,24): 0.42989256978034973
(60,39): 0.4668530523777008
(60,53): 0.4775811731815338
(61,26): 0.48359209299087524
(62,18): 0.5540956258773804
(62,21): 0.5859929323196411
(62,24): 0.427114874124527
(62,26): 0.5291277170181274
(62,52): 0.5418428778648376
(62,63): 0.5613966584205627
(63,26): 0.5787168145179749
(63,27): 0.41520676016807556
(63,36): 0.5196830034255981
(63,62): 0.49111732840538025
(63,64): 0.46237343549728394
(64,19): 0.4751504957675934
(64,63): 0.44334983825683594
(65,11): 0.5419924259185791
(65,16): 0.5296881198883057
(65,18): 0.5529542565345764
(65,29): 0.5122950077056885
