Interaction name: 6h29

Affinity: 5.619999885559082
Predicted value: 6.243721008300781

Attributions for edges: 

(0,1): 0.537983775138855
(0,2): 0.5542214512825012
(0,5): 0.5659819841384888
(0,7): 0.3874278664588928
(0,8): 0.3508003354072571
(0,10): 0.46867501735687256
(1,0): 0.4399152398109436
(1,2): 0.34763821959495544
(1,5): 0.48744213581085205
(1,7): 0.5611607432365417
(1,8): 0.4675998091697693
(1,9): 0.3698407709598541
(1,10): 0.5076118111610413
(2,0): 0.4782634973526001
(2,1): 0.5338216423988342
(2,5): 0.5225732922554016
(2,8): 0.39050236344337463
(2,11): 0.5488361120223999
(2,12): 0.4977147579193115
(2,13): 0.4500155746936798
(3,4): 0.4830925166606903
(3,5): 0.4507361054420471
(3,6): 0.3609618544578552
(3,7): 0.5200429558753967
(3,8): 0.36915913224220276
(3,9): 0.5350930094718933
(4,3): 0.44263434410095215
(4,5): 0.4676244258880615
(4,6): 0.3822022080421448
(4,7): 0.29660704731941223
(4,8): 0.6517404913902283
(4,9): 0.62535160779953
(4,16): 0.3668307662010193
(4,18): 0.5015451312065125
(5,0): 0.3974573016166687
(5,1): 0.5684539079666138
(5,2): 0.5550640821456909
(5,3): 0.4364512264728546
(5,4): 0.6406511068344116
(5,7): 0.5426443219184875
(5,8): 0.4632880389690399
(5,9): 0.5007528066635132
(5,14): 0.4810161590576172
(5,17): 0.4559132158756256
(6,3): 0.5645579099655151
(6,4): 0.4751547574996948
(6,7): 0.6069551110267639
(6,8): 0.6483457088470459
(6,9): 0.4772881269454956
(7,0): 0.6818426847457886
(7,1): 0.5811845064163208
(7,3): 0.5567813515663147
(7,4): 0.4435883164405823
(7,5): 0.5454477071762085
(7,6): 0.5693907737731934
(7,8): 0.5190342664718628
(7,9): 0.5966318845748901
(7,16): 0.45039719343185425
(7,17): 0.5634797811508179
(8,0): 0.5522128343582153
(8,1): 0.3724556267261505
(8,2): 0.453504741191864
(8,3): 0.5242152810096741
(8,4): 0.5471847057342529
(8,5): 0.39087149500846863
(8,6): 0.43261054158210754
(8,7): 0.46644356846809387
(8,9): 0.48000600934028625
(9,1): 0.36463263630867004
(9,3): 0.46883219480514526
(9,4): 0.478890985250473
(9,5): 0.427828848361969
(9,6): 0.5121920108795166
(9,7): 0.45358195900917053
(9,8): 0.534351646900177
(9,14): 0.45322903990745544
(9,15): 0.45291778445243835
(9,18): 0.35842281579971313
(10,0): 0.4579390585422516
(10,1): 0.48098525404930115
(10,12): 0.5372030735015869
(11,2): 0.5584256649017334
(11,12): 0.48170822858810425
(11,13): 0.6032431125640869
(12,2): 0.6703440546989441
(12,10): 0.5030797719955444
(12,11): 0.4527202844619751
(13,2): 0.583540141582489
(13,11): 0.6641301512718201
(14,5): 0.43364205956459045
(14,9): 0.6161715984344482
(15,9): 0.5306299328804016
(15,17): 0.5998050570487976
(16,4): 0.5297767519950867
(16,7): 0.5241576433181763
(16,18): 0.41866734623908997
(17,5): 0.35750555992126465
(17,7): 0.3884003460407257
(17,15): 0.4822149872779846
(18,4): 0.5514248013496399
(18,9): 0.48704737424850464
(18,16): 0.4499345123767853
