Interaction name: 5jo0

Affinity: 7.300000190734863
Predicted value: 7.441580772399902

Shapley values for edges: 

(0,1): 0.028325719833374022
(0,2): 0.021321172714233397
(0,7): -0.03742175579071045
(0,8): -0.03892110347747803
(0,9): -0.044424309730529785
(0,10): -0.02784095287322998
(0,20): -0.0329909610748291
(0,23): -0.0028150081634521484
(0,24): -0.01555321216583252
(0,25): -0.009762368202209472
(0,26): 0.008981471061706542
(0,27): 0.011069645881652832
(1,0): 0.018341832160949707
(1,2): 0.027300095558166503
(1,6): -0.030422801971435546
(1,8): -0.0284247350692749
(1,9): -0.036883792877197265
(1,20): -0.030874295234680174
(1,23): 0.0054872846603393555
(1,24): -0.015595908164978028
(1,25): 0.005020761489868164
(1,26): 0.002559452056884766
(1,27): 0.003873395919799805
(1,29): 0.01172666072845459
(2,0): 0.010067911148071288
(2,1): 0.015966243743896484
(2,6): -0.028699769973754882
(2,7): -0.030909476280212404
(2,9): -0.03365670680999756
(2,20): -0.0337106466293335
(2,24): -0.02154208183288574
(2,25): -0.01622477054595947
(2,26): 0.0009087419509887695
(2,27): 0.0025919628143310546
(2,29): 0.01184819221496582
(3,4): 0.005316953659057617
(3,19): -0.0032414484024047853
(3,23): 0.002690925598144531
(3,25): -0.012137885093688966
(3,28): 0.0070604515075683594
(3,29): 0.022788324356079102
(3,30): -0.0030483198165893555
(4,3): 0.013976273536682128
(4,5): -0.025177607536315916
(4,19): -0.006844882965087891
(4,20): -0.04017559051513672
(4,23): 0.01430737018585205
(4,24): -0.020712780952453613
(4,25): -0.00848193645477295
(4,27): 0.012603068351745605
(4,28): 0.010065398216247558
(4,29): 0.016897931098937988
(5,4): 0.041487808227539065
(5,19): -0.005851616859436035
(6,1): -0.0036646366119384766
(6,2): -0.01958953857421875
(6,7): 0.014223861694335937
(6,8): 0.027267470359802246
(6,9): 0.04340906143188476
(6,10): 0.006114964485168457
(6,20): 0.0374289608001709
(7,0): -0.03028061389923096
(7,2): -0.028951072692871095
(7,6): -0.004466185569763184
(7,8): 0.01287956714630127
(7,9): 0.05036125659942627
(7,20): 0.03829211711883545
(8,0): -0.017984275817871095
(8,1): -0.020649986267089845
(8,6): 0.011434330940246581
(8,7): 0.017083725929260253
(8,9): 0.05111743450164795
(8,20): 0.030992679595947266
(9,0): 0.010182409286499024
(9,1): 0.010713763236999511
(9,2): 0.019911255836486817
(9,6): 0.040454440116882324
(9,7): 0.04105973720550537
(9,8): 0.04519347190856934
(9,10): -0.004002337455749512
(9,18): -0.017704119682312013
(9,19): 8.172988891601563e-06
(9,20): 0.013743062019348145
(9,32): 0.03504402637481689
(9,34): 0.01788857936859131
(9,38): 0.024483237266540527
(10,0): 0.011805419921875
(10,6): 0.028878607749938966
(10,9): 0.014934196472167968
(10,11): -0.010329146385192872
(10,12): 0.0021985244750976564
(10,18): -0.010755577087402345
(10,19): -0.002590899467468262
(10,20): 0.01386838436126709
(10,21): -0.005755114555358887
(10,34): 0.011206741333007813
(11,10): -0.02290921688079834
(11,12): -0.010924773216247559
(11,13): -0.0038983631134033203
(11,15): 0.008334474563598633
(11,16): -0.01605494976043701
(11,18): -0.019698390960693358
(11,20): 0.009095826148986817
(11,21): -0.003819742202758789
(11,22): 0.0015418100357055663
(11,33): 0.024486451148986815
(11,37): 0.011775412559509278
(11,39): -0.00444119930267334
(12,10): -0.002681064605712891
(12,11): 0.0022491502761840822
(12,13): -0.02095560073852539
(12,14): 0.009392318725585937
(12,15): 0.005971221923828125
(12,16): -0.00751007080078125
(12,18): -0.012856731414794922
(12,21): -0.013224310874938965
(12,22): -0.011680669784545898
(13,11): -0.003257241249084473
(13,12): -0.023756489753723145
(13,14): 0.004049558639526368
(13,15): 0.0029656171798706056
(13,16): 0.005276627540588379
(13,17): 0.015639891624450685
(13,21): -0.0041460561752319335
(13,22): -0.0007408809661865234
(13,40): 0.006837391853332519
(14,12): -0.0008349847793579101
(14,13): -0.012848176956176759
(14,15): -0.008252263069152832
(14,16): -0.010107636451721191
(14,17): 0.008001303672790528
(14,21): -0.010947175025939941
(14,22): -0.011669259071350097
(14,38): 0.017138075828552247
(14,42): 0.010340843200683594
(15,11): -0.00848841667175293
(15,12): -0.023499178886413574
(15,13): -0.010244631767272949
(15,14): 0.0031104660034179687
(15,16): 0.013772096633911133
(15,17): 0.005776891708374024
(15,21): -0.00676638126373291
(15,38): 0.0008641242980957031
(16,11): -0.016128153800964357
(16,12): -0.0057256221771240234
(16,13): 0.007077641487121582
(16,14): 0.004567151069641113
(16,15): -0.002288942337036133
(16,17): 0.006308016777038575
(16,18): -0.021400551795959472
(16,21): -0.01274646759033203
(16,22): -0.004632325172424317
(16,35): 0.004020733833312988
(16,38): 0.014492812156677247
(17,13): -0.012465806007385253
(17,14): 0.002844424247741699
(17,15): -0.004544005393981933
(17,16): -0.005749292373657226
(17,21): -0.006703033447265625
(17,22): -0.011895003318786622
(17,41): 0.000303044319152832
(18,9): 0.011701693534851074
(18,10): -0.014462385177612305
(18,11): -0.018932743072509764
(18,12): -0.0072144269943237305
(18,16): -0.01480879306793213
(18,19): -0.014515461921691895
(18,20): -0.004566946029663086
(18,21): -0.006267204284667969
(18,32): 0.03492976188659668
(18,33): -0.001942896842956543
(18,39): -0.008015766143798828
(18,42): 0.0028977584838867187
(19,3): 0.0030385637283325195
(19,4): -0.008647880554199218
(19,5): -0.02940786838531494
(19,9): -0.003063201904296875
(19,10): -0.005465068817138672
(19,18): -0.004642810821533203
(19,20): -0.003948707580566407
(19,35): 0.017595500946044923
(19,36): -0.016029152870178223
(19,40): -0.00480438232421875
(20,0): -0.0006132936477661133
(20,1): 0.005103321075439453
(20,2): 0.00014132499694824219
(20,4): -0.0018732261657714844
(20,6): 0.03629677772521973
(20,7): 0.03965570449829101
(20,8): 0.03142635345458984
(20,9): -0.0043523025512695315
(20,10): -0.007677426338195801
(20,11): -0.0007778882980346679
(20,18): -0.008741297721862794
(20,19): -0.009708657264709472
(21,10): -0.01229135513305664
(21,11): -0.01753232002258301
(21,12): -0.014241590499877929
(21,13): -0.012225937843322755
(21,14): 0.0123870849609375
(21,15): 0.0067285728454589844
(21,16): -0.001598639488220215
(21,17): 0.011774382591247558
(21,18): -0.022630248069763183
(21,22): -0.004992837905883789
(21,42): -0.008919005393981933
(22,11): -0.0054172945022583005
(22,12): -0.01162734031677246
(22,13): 0.0035143089294433594
(22,14): 0.012806682586669922
(22,16): 0.0004144430160522461
(22,17): 0.018776965141296387
(22,21): -0.019977211952209473
(23,0): 0.03168400287628174
(23,1): 0.021496024131774902
(23,3): -0.002173933982849121
(23,4): 0.000714259147644043
(23,27): 0.007185115814208985
(23,32): -0.003261532783508301
(24,0): 0.0148579740524292
(24,1): 0.014970526695251465
(24,2): 0.01630692958831787
(24,4): -0.005350446701049805
(25,0): 0.02517557144165039
(25,1): 0.031281933784484864
(25,2): 0.013103704452514648
(25,3): -0.0011592578887939453
(25,4): -0.001564202308654785
(26,0): 0.014145364761352539
(26,1): 0.01960092067718506
(26,2): 0.020879735946655275
(26,27): -0.0008708381652832031
(26,34): -0.03589696884155273
(27,0): 0.02270517349243164
(27,1): 0.017744226455688475
(27,2): 0.029474549293518067
(27,4): 0.002803955078125
(27,23): 0.0014190912246704102
(27,26): 0.010577950477600098
(27,32): -0.003303241729736328
(28,3): -0.012211532592773437
(28,4): -0.010257349014282227
(28,29): -0.0002978086471557617
(28,40): -0.026713123321533205
(29,1): 0.031077871322631834
(29,2): 0.03431996345520019
(29,3): 0.010206375122070312
(29,4): 0.0060052299499511715
(29,28): 0.010297536849975586
(29,30): -0.019513678550720216
(29,40): -0.011122541427612305
(30,3): 0.03161168098449707
(30,29): 0.034781384468078616
(32,9): 0.012712626457214356
(32,18): -0.011173295974731445
(32,23): -0.030383543968200685
(32,27): -0.014391217231750488
(32,37): -0.016453418731689453
(33,11): -0.0058566474914550784
(33,18): -0.019066867828369142
(33,35): -0.027698330879211426
(34,9): 0.011621084213256836
(34,10): -0.030942420959472656
(34,26): -0.05027615547180176
(35,16): -0.027540907859802247
(35,19): 0.019112005233764648
(35,33): -0.028528671264648437
(36,19): -0.0052946233749389645
(37,11): -0.01935321807861328
(37,32): -0.020459771156311035
(38,9): 0.027777981758117676
(38,14): -0.0009112882614135742
(38,15): -0.019906063079833985
(38,16): -0.013396778106689454
(38,41): -0.01569563865661621
(39,11): -0.019552397727966308
(39,18): -0.022948832511901857
(40,13): -0.02104875087738037
(40,19): 0.016798419952392576
(40,28): -0.04936330795288086
(40,29): -0.02028045654296875
(41,17): -0.023805909156799317
(41,38): -0.03441826343536377
(42,14): -0.006661057472229004
(42,18): -0.014690356254577637
(42,21): -0.024286179542541503
