Interaction name: 5uhi

Affinity: 8.039999961853027
Predicted value: 7.635748863220215

Attributions for edges: 

(0,12): 3.826008196605997e-33
(0,15): 2.2801387183846387e-33
(0,31): 7.675543765706909e-32
(0,34): 1.1563531650507858e-30
(1,9): 3.7464897506611127e-31
(1,11): 1.1836527518147345e-31
(1,27): 3.9396105420633555e-31
(2,4): 5.090478286235916e-32
(2,8): 1.77773346140075e-32
(2,10): 1.8250139380401348e-33
(2,13): 1.965542450971016e-33
(2,14): 1.3528293826695897e-34
(2,18): 1.5269518251902931e-33
(2,21): 3.0399149461815644e-34
(2,22): 2.6191228201579774e-33
(2,24): 4.712142123345901e-33
(2,32): 1.435320479340261e-32
(2,33): 4.945995924587647e-32
(3,12): 2.2328733303172726e-34
(3,15): 1.3306978316561052e-34
(3,18): 5.246254246593909e-34
(3,21): 1.0444448682160937e-34
(3,23): 3.179150874504022e-34
(3,26): 4.9031063234247666e-33
(3,29): 2.0440746571555607e-33
(3,30): 5.669914349244762e-34
(3,31): 4.4794776285136e-33
(3,34): 6.748523059772735e-32
(3,35): 8.224923981001564e-32
(4,2): 5.104283879639148e-32
(4,7): 1.1556817608811625e-32
(4,10): 4.762815848099927e-33
(4,13): 5.129597636205328e-33
(4,14): 3.5305628443836813e-34
(4,19): 1.486496948334454e-32
(4,22): 6.835288061048454e-33
(4,32): 3.7458449920096867e-32
(5,12): 1.1386540823610285e-33
(5,15): 6.785947512192154e-34
(5,18): 2.675348735338723e-33
(5,21): 5.326229188423095e-34
(5,23): 1.621220870160975e-33
(5,26): 2.500358768803563e-32
(5,29): 1.0423841623342549e-32
(5,30): 2.8914174539893215e-33
(5,31): 2.284327592503794e-32
(6,7): 2.5077028534313176e-33
(6,9): 2.620913355193669e-32
(6,10): 1.0334868272257817e-33
(6,11): 8.28029534852346e-33
(6,14): 7.660935456598858e-35
(6,17): 1.035795227216083e-34
(6,19): 3.225560539418188e-33
(6,27): 2.755992643656123e-32
(6,36): 1.6712751093921172e-32
(6,52): 2.1749695898052703e-32
(7,4): 1.1476771586308412e-32
(7,6): 2.5011874923208928e-33
(7,9): 1.0434504091788476e-32
(7,10): 4.114598029040119e-34
(7,11): 3.296615499505549e-33
(7,13): 4.431427276542823e-34
(7,14): 3.050007782003698e-35
(7,19): 1.284175232040539e-33
(7,22): 5.904916792138253e-34
(7,27): 1.0972370633790415e-32
(7,32): 3.236011418880967e-33
(7,37): 6.510941251665753e-33
(7,44): 1.4256073695194165e-32
(8,2): 1.7771911176946393e-32
(8,15): 3.5192677671224695e-34
(8,18): 1.3874444311411925e-33
(8,21): 2.7622209361891074e-34
(8,22): 2.3798674754374092e-33
(8,24): 4.281690785754165e-33
(8,26): 1.2967039814393892e-32
(8,32): 1.3042046639551923e-32
(8,37): 2.624094536780582e-32
(8,38): 6.481776355201089e-32
(9,1): 3.7333077570109915e-31
(9,6): 2.63185397499036e-32
(9,7): 1.0505437094336939e-32
(9,11): 3.4688626703782556e-32
(9,14): 3.2093698036922898e-34
(9,19): 1.3512627884912794e-32
(9,27): 1.1545587964341426e-31
(10,2): 1.8126914511656555e-33
(10,4): 4.7178620053886055e-33
(10,6): 1.0281859905520463e-33
(10,7): 4.104157710659398e-34
(10,13): 1.8216674984778857e-34
(10,14): 1.2538042003117596e-35
(10,17): 1.6952034769892305e-35
(10,19): 5.279017478203234e-34
(10,21): 2.817397653785122e-35
(10,22): 2.4274066251188223e-34
(10,24): 4.367186969447866e-34
(10,32): 1.3302467127401031e-33
(10,37): 2.676512474746037e-33
(10,38): 6.611253531461111e-33
(10,46): 1.6839848481867955e-32
(11,1): 1.1755172729621285e-31
(11,6): 8.286931014133852e-33
(11,7): 3.3078517561314714e-33
(11,9): 3.4571847217500116e-32
(11,19): 4.254728251424163e-33
(11,27): 3.63539231019696e-32
(11,41): 1.31115427471933e-31
(11,50): 6.143006524007386e-32
(12,0): 3.770458007005982e-33
(12,3): 2.2180846011934705e-34
(12,5): 1.1258520305256123e-33
(12,15): 1.2745109523009454e-35
(12,23): 3.0448925448676977e-35
(12,29): 1.957751632572201e-34
(12,30): 5.430510116226047e-35
(12,31): 4.290338107907897e-34
(12,39): 4.7575291540926e-34
(12,42): 4.6149063326718354e-33
(12,48): 1.8531598645736282e-33
(12,53): 4.903908047306226e-34
(13,2): 1.9525987888005242e-33
(13,4): 5.082035298061135e-33
(13,7): 4.420958948335774e-34
(13,10): 1.8219733106800918e-34
(13,32): 1.4329289911848108e-33
(13,36): 2.9463771413490406e-33
(13,37): 2.8831133210847313e-33
(13,39): 1.4433525955052313e-33
(13,43): 1.1325163671779046e-32
(13,44): 6.312739679805668e-33
(13,45): 1.8222392938276142e-32
(14,2): 1.3337675479095563e-34
(14,4): 3.471427213342666e-34
(14,6): 7.565446055637481e-35
(14,7): 3.0198604845024333e-35
(14,9): 3.156192000464524e-34
(14,10): 1.2445501956512517e-35
(14,17): 1.2473394836076066e-36
(14,19): 3.8842689797517374e-35
(14,22): 1.786098376776416e-35
(14,24): 3.2133989138946664e-35
(14,27): 3.3188588372767316e-34
(14,32): 9.788025774779145e-35
(14,44): 4.312094396125206e-34
(14,45): 1.2447222437135852e-33
(14,46): 1.2390753708903265e-33
(14,47): 4.758109554428318e-34
(14,50): 5.608177936952552e-34
(15,0): 2.2437097811106714e-33
(15,3): 1.3199394180755667e-34
(15,5): 6.699728674979185e-34
(15,8): 3.4811874898743373e-34
(15,12): 1.2726260287423026e-35
(15,18): 2.990102339916138e-35
(15,21): 5.952812734201677e-36
(15,23): 1.8119568131141397e-35
(15,24): 9.227395899467903e-35
(15,25): 1.5104178542975045e-33
(15,26): 2.7945249903176424e-34
(15,28): 7.319132005093469e-34
(15,29): 1.165020168102358e-34
(15,30): 3.231567418865823e-35
(15,31): 2.553077532303783e-34
(15,33): 9.685332338321654e-34
(15,39): 2.831092507355312e-34
(15,43): 2.2213966942801566e-33
(16,20): 2.6263265801476026e-33
(16,23): 8.105806803797323e-34
(16,25): 6.756869069663573e-32
(16,28): 3.274245768541004e-32
(16,30): 1.4456447176538386e-33
(16,48): 4.933295883621363e-32
(16,49): 2.065412223264847e-31
(17,6): 1.0237279282265528e-34
(17,10): 1.6840913819541136e-35
(17,14): 1.2483772964606733e-36
(17,19): 5.256127710374595e-35
(17,21): 2.805202760853117e-36
(17,22): 2.41688153109571e-35
(17,24): 4.348317185669173e-35
(17,32): 1.324499050459811e-34
(17,36): 2.7233827865089314e-34
(17,37): 2.6649274269057064e-34
(17,39): 1.3341236400459089e-34
(17,41): 1.619749665512524e-33
(17,44): 5.835009316575386e-34
(17,47): 6.438545309663493e-34
(17,50): 7.588834490210258e-34
(17,51): 1.0362976362566894e-33
(18,2): 1.5159014436085943e-33
(18,3): 5.224246329117127e-34
(18,5): 2.6517560127047427e-33
(18,8): 1.3778451422342861e-33
(18,15): 3.001850969734e-35
(18,21): 2.3561260366968381e-35
(18,23): 7.171678980957905e-35
(18,24): 3.6521796735907475e-34
(18,26): 1.1060574403417342e-33
(18,29): 4.611120414342722e-34
(18,30): 1.2790462195801152e-34
(18,31): 1.0105016882343828e-33
(18,33): 3.833429606721517e-33
(18,40): 8.892072567201288e-33
(18,52): 2.9767901189406902e-33
(19,4): 1.4772940030618664e-32
(19,6): 3.2195122536412226e-33
(19,7): 1.2851161785341738e-33
(19,9): 1.3431327756874048e-32
(19,10): 5.296283929013378e-34
(19,11): 4.2434141182974986e-33
(19,14): 3.925980088134846e-35
(19,17): 5.30811348886223e-35
(19,22): 7.600886980726033e-34
(19,27): 1.4123671888989297e-32
(19,32): 4.16540500709907e-33
(19,53): 4.324731511409523e-33
(20,16): 2.6132545319534818e-33
(20,23): 1.4106536028254689e-34
(20,25): 1.1759068758710292e-32
(20,28): 5.698170294702652e-33
(20,29): 9.069972065925726e-34
(20,30): 2.5158749728101807e-34
(20,38): 1.0875112435255286e-32
(20,44): 9.640035949209663e-33
(20,48): 8.585414743746555e-33
(20,49): 3.594437499267136e-32
(20,52): 5.8553247058579764e-33
(21,2): 3.0040867048879665e-34
(21,3): 1.0353055144328206e-34
(21,5): 5.2550272915418815e-34
(21,8): 2.730539756313264e-34
(21,10): 2.8031608559932293e-35
(21,15): 5.94886309040207e-36
(21,17): 2.8094221714226886e-36
(21,18): 2.345311689559421e-35
(21,22): 4.0228860516244603e-35
(21,24): 7.237639252101532e-35
(21,26): 2.1919087297235583e-34
(21,29): 9.138001505592161e-35
(21,30): 2.5347259877093465e-35
(21,31): 2.002558171147685e-34
(21,33): 7.596886626513391e-34
(21,36): 4.533020753345082e-34
(21,39): 2.22062454142846e-34
(21,40): 1.7621563980108284e-33
(21,50): 1.2631476584852438e-33
(22,2): 2.6041988173483346e-33
(22,4): 6.777956997506943e-33
(22,7): 5.896228235846746e-34
(22,8): 2.3670290567455144e-33
(22,10): 2.4299823811973135e-34
(22,14): 1.801288398319836e-35
(22,17): 2.4354282835166675e-35
(22,19): 7.584087513413851e-34
(22,21): 4.0476383007123684e-35
(22,24): 6.274155638943361e-34
(22,26): 1.90011939452104e-33
(22,32): 1.9111104503722208e-33
(22,33): 6.585529306961304e-33
(22,53): 1.98422564798039e-33
(23,3): 3.1613010387045336e-34
(23,5): 1.6046206858754564e-33
(23,12): 3.048007203117081e-35
(23,15): 1.8164690928206775e-35
(23,16): 8.039351883712515e-34
(23,18): 7.161399719078571e-35
(23,20): 1.406097643861071e-34
(23,25): 3.6175034167609554e-33
(23,26): 6.692984735318823e-34
(23,28): 1.752971011685106e-33
(23,29): 2.7902642824733924e-34
(23,30): 7.739717110949842e-35
(23,31): 6.114757686616898e-34
(23,42): 6.577344927543704e-33
(23,48): 2.6411960326725276e-33
(24,2): 4.6929837694794056e-33
(24,8): 4.265583574412022e-33
(24,10): 4.37906451334346e-34
(24,14): 3.2460722615121267e-35
(24,15): 9.293241950213183e-35
(24,17): 4.3888453380673964e-35
(24,18): 3.663845536667697e-34
(24,21): 7.294181793114156e-35
(24,22): 6.284504121827925e-34
(24,26): 3.424199615581969e-33
(24,32): 3.4439806141124156e-33
(24,33): 1.1867764517278921e-32
(24,36): 7.081430700638887e-33
(24,38): 1.7116393813474468e-32
(25,15): 1.5333022497496182e-33
(25,16): 6.786109491640277e-32
(25,20): 1.1869031112441932e-32
(25,23): 3.663190474073602e-33
(25,28): 1.4796917176639561e-31
(25,29): 2.3552938027676678e-32
(25,30): 6.533183808835218e-33
(26,3): 4.913666670798966e-33
(26,5): 2.494090445177803e-32
(26,8): 1.2959424080368502e-32
(26,15): 2.823413223166581e-34
(26,18): 1.1131176614508644e-33
(26,21): 2.2160548071396385e-34
(26,22): 1.909303311478824e-33
(26,23): 6.745375508344515e-34
(26,24): 3.43505824464769e-33
(26,29): 4.336957020000059e-33
(26,30): 1.2030071634452678e-33
(26,31): 9.504347901610278e-33
(26,33): 3.605560320688204e-32
(27,1): 3.926167588667352e-31
(27,6): 2.7678137087215795e-32
(27,7): 1.1048140060908542e-32
(27,9): 1.154690921999175e-31
(27,11): 3.64806208218371e-32
(27,14): 3.375189812265082e-34
(27,19): 1.4210790714064614e-32
(28,15): 7.4149049481492345e-34
(28,16): 3.28167371734385e-32
(28,20): 5.7396637759187406e-33
(28,23): 1.771484313026588e-33
(28,25): 1.4766691690396868e-31
(28,29): 1.1389892268207075e-32
(28,30): 3.159361473025677e-33
(28,53): 2.8529950252331534e-32
(29,3): 2.0434042580336074e-33
(29,5): 1.0371959710801069e-32
(29,12): 1.970173301782531e-34
(29,15): 1.174139662459587e-34
(29,18): 4.628990683540106e-34
(29,20): 9.088675283073262e-34
(29,21): 9.215646121706339e-35
(29,23): 2.80512005150939e-34
(29,25): 2.3382845464480631e-32
(29,26): 4.326216307711405e-33
(29,28): 1.1330867758116411e-32
(29,30): 5.002803856408843e-34
(29,31): 3.9524612667117355e-33
(29,39): 4.3828600743996695e-33
(30,3): 5.64746470303146e-34
(30,5): 2.8665537280885146e-33
(30,12): 5.445031030084179e-35
(30,15): 3.245032511504063e-35
(30,16): 1.436190620666358e-33
(30,18): 1.2793485879512154e-34
(30,20): 2.5118856388570776e-34
(30,21): 2.5469966449256816e-35
(30,23): 7.752659602217758e-35
(30,25): 6.462441089434794e-33
(30,26): 1.1956685889472827e-33
(30,28): 3.131572051888269e-33
(30,29): 4.984668641805044e-34
(30,52): 3.217940764630967e-33
(30,53): 1.2485838344915326e-33
(31,0): 7.629129959011866e-32
(31,3): 4.4880976755249733e-33
(31,5): 2.2780619137403234e-32
(31,12): 4.3272215390523506e-34
(31,15): 2.578840603218465e-34
(31,18): 1.0167037066319165e-33
(31,21): 2.0240933654079934e-34
(31,23): 6.1610703273293726e-34
(31,26): 9.502028504319311e-33
(31,29): 3.961336983744413e-33
(32,2): 1.4340397782450402e-32
(32,4): 3.73235119848301e-32
(32,7): 3.24681862006884e-33
(32,8): 1.3034388293856316e-32
(32,10): 1.3381049843108463e-33
(32,13): 1.441151757839805e-33
(32,14): 9.918979748469335e-35
(32,17): 1.34109372461556e-34
(32,19): 4.1762878807357765e-33
(32,22): 1.9203476319177762e-33
(32,24): 3.4549549559032956e-33
(32,33): 3.626417116954844e-32
(33,2): 4.958956337552638e-32
(33,15): 9.819931033265614e-34
(33,18): 3.871462359100387e-33
(33,21): 7.707575950032617e-34
(33,22): 6.640624727184345e-33
(33,24): 1.1947346219513559e-32
(33,26): 3.618264475884716e-32
(33,32): 3.6391665286838624e-32
(34,0): 1.1580394822267014e-30
(34,3): 6.812461723997011e-32
(35,3): 8.309061752403195e-32
(35,39): 1.7822090679794295e-31
(35,51): 1.3843537420481418e-30
(36,6): 1.6759228671184747e-32
(36,13): 2.9693046076488524e-33
(36,17): 2.7631480155228223e-34
(36,21): 4.592302402824988e-34
(36,24): 7.118482282576805e-33
(36,46): 2.744861828873469e-31
(37,7): 6.545656538581412e-33
(37,8): 2.627760609787209e-32
(37,10): 2.6976280267066516e-33
(37,13): 2.9053488987564887e-33
(37,17): 2.7036533076918293e-34
(37,40): 1.6958277480598186e-31
(37,52): 5.677105803277902e-32
(38,8): 6.50724520355318e-32
(38,10): 6.680310885836043e-33
(38,20): 1.0974129467212833e-32
(38,24): 1.724840329843975e-32
(39,12): 4.8000035302431514e-34
(39,13): 1.4517458088410948e-33
(39,15): 2.8606206040237314e-34
(39,17): 1.3509523799224906e-34
(39,21): 2.245275484484669e-34
(39,29): 4.394177513604196e-33
(39,35): 1.768137460204606e-31
(40,18): 9.001695496939128e-33
(40,21): 1.792106157359857e-33
(40,37): 1.7024910377874548e-31
(40,52): 2.264192549768559e-31
(41,11): 1.3203895460865653e-31
(41,17): 1.6516836225915422e-33
(42,12): 4.685935578820272e-33
(42,23): 6.671856142717754e-33
(43,13): 1.1456912343935239e-32
(43,15): 2.2575323089793953e-33
(43,47): 4.0669626596359614e-31
(44,7): 1.4364267664611787e-32
(44,13): 6.37575940132119e-33
(44,14): 4.388228318327585e-34
(44,17): 5.9330951366018904e-34
(44,20): 9.724838315729891e-33
(45,13): 1.8459570964073616e-32
(45,14): 1.27051249793513e-33
(46,10): 1.706137480038423e-32
(46,14): 1.2647098721103874e-33
(46,36): 2.7589919762669634e-31
(47,14): 4.843337945815223e-34
(47,17): 6.548425562461568e-34
(47,43): 4.0613188761587935e-31
(47,51): 4.020562136027083e-31
(48,12): 1.8768076885053033e-33
(48,16): 4.950261793586781e-32
(48,20): 8.658033111320509e-33
(48,23): 2.6721868392060033e-33
(49,16): 2.0807858085826414e-31
(49,20): 3.6392773190264274e-32
(50,11): 6.173357200398442e-32
(50,14): 5.711594348353547e-34
(50,17): 7.722290751582012e-34
(50,21): 1.2834309053441785e-33
(51,17): 1.055423480357545e-33
(51,35): 1.3813364831484512e-30
(51,47): 4.026056866820567e-31
(52,6): 2.1825992828260762e-32
(52,18): 3.0040996077751767e-33
(52,20): 5.898322819843117e-33
(52,30): 3.246694825820019e-33
(52,37): 5.681655554162759e-32
(52,40): 2.2571212459517524e-31
(53,12): 4.94795326961856e-34
(53,19): 4.3366264122138904e-33
(53,22): 1.9940748212723424e-33
(53,28): 2.845691091084319e-32
(53,30): 1.2564291572573175e-33
