Interaction name: 5kr2

Affinity: 8.479999542236328
Predicted value: 8.769184112548828

Attributions for edges: 

(0,1): 0.5636544227600098
(0,3): 0.549555778503418
(0,6): 0.0
(0,13): 0.0
(0,17): 0.5424380898475647
(0,39): 0.5033577680587769
(0,40): 0.5773131251335144
(1,0): 0.5050314664840698
(1,6): 0.0
(1,13): 0.0
(1,14): 0.0
(1,15): 0.5552278757095337
(1,16): 0.0
(1,30): 0.45978447794914246
(1,31): 0.0
(1,34): 0.4891287386417389
(1,37): 0.5457523465156555
(1,40): 0.5163393616676331
(2,6): 0.0
(2,9): 0.0
(2,17): 0.0
(2,18): 0.4054930508136749
(2,19): 0.5051454901695251
(2,20): 0.5084355473518372
(2,21): 0.506374716758728
(2,39): 0.4655492901802063
(2,40): 0.5162057280540466
(2,41): 0.4187392294406891
(3,0): 0.47218185663223267
(3,6): 0.4318159222602844
(3,7): 0.0
(3,17): 0.0
(3,40): 0.4748682379722595
(4,9): 0.0
(4,10): 0.4929816424846649
(4,12): 0.4975634813308716
(4,18): 0.0
(4,19): 0.0
(4,41): 0.0
(4,43): 0.4803445339202881
(5,10): 0.0
(5,11): 0.0
(5,12): 0.0
(5,18): 0.5135607719421387
(5,19): 0.44320833683013916
(5,22): 0.4740981459617615
(5,26): 0.4896053373813629
(5,27): 0.0
(5,39): 0.6280585527420044
(5,40): 0.4486706852912903
(5,41): 0.5563344359397888
(6,0): 0.0
(6,1): 0.0
(6,2): 0.0
(6,3): 0.529776930809021
(6,7): 0.4851008355617523
(6,9): 0.4300309121608734
(6,13): 0.5551735162734985
(6,17): 0.0
(6,29): 0.565675675868988
(6,34): 0.5592793822288513
(6,42): 0.0
(7,3): 0.0
(7,6): 0.473970890045166
(7,17): 0.0
(7,42): 0.4820253849029541
(8,9): 0.0
(8,10): 0.37707310914993286
(8,12): 0.5224941968917847
(8,18): 0.0
(8,19): 0.0
(9,2): 0.0
(9,4): 0.0
(9,6): 0.48451387882232666
(9,8): 0.0
(9,17): 0.44841131567955017
(9,18): 0.0
(9,19): 0.0
(9,20): 0.0
(9,21): 0.4950001537799835
(9,29): 0.4776321053504944
(9,44): 0.4746485948562622
(10,4): 0.43113014101982117
(10,5): 0.0
(10,8): 0.5281826853752136
(10,11): 0.5091542601585388
(10,18): 0.0
(10,22): 0.0
(10,25): 0.0
(10,33): 0.0
(10,36): 0.4379514455795288
(10,42): 0.44734784960746765
(11,5): 0.0
(11,10): 0.41298267245292664
(11,12): 0.49249303340911865
(11,22): 0.41221320629119873
(11,26): 0.0
(11,27): 0.0
(11,28): 0.0
(12,4): 0.4543638825416565
(12,5): 0.0
(12,8): 0.5307931900024414
(12,11): 0.48177802562713623
(12,18): 0.0
(12,22): 0.0
(12,25): 0.0
(12,33): 0.0
(12,36): 0.5463247895240784
(13,0): 0.0
(13,1): 0.0
(13,6): 0.5530601143836975
(13,14): 0.0
(13,31): 0.0
(13,34): 0.47295477986335754
(13,37): 0.43560534715652466
(13,48): 0.5048741698265076
(13,59): 0.5668757557868958
(13,62): 0.5108989477157593
(14,1): 0.0
(14,13): 0.0
(14,16): 0.5000556111335754
(14,31): 0.0
(14,32): 0.48042574524879456
(14,37): 0.0
(14,57): 0.4355682134628296
(15,1): 0.4774968922138214
(15,16): 0.0
(15,31): 0.0
(15,32): 0.0
(15,37): 0.0
(15,45): 0.0
(15,59): 0.5597527027130127
(16,1): 0.0
(16,14): 0.52411949634552
(16,15): 0.0
(16,31): 0.0
(16,32): 0.0
(16,37): 0.0
(16,46): 0.4550105035305023
(16,62): 0.5132125616073608
(17,0): 0.5170084834098816
(17,2): 0.0
(17,3): 0.0
(17,6): 0.0
(17,7): 0.0
(17,9): 0.48053184151649475
(17,45): 0.48855507373809814
(17,46): 0.5026552081108093
(17,47): 0.43757739663124084
(17,48): 0.4174988865852356
(17,54): 0.5855293273925781
(17,60): 0.5975896716117859
(18,2): 0.45166584849357605
(18,4): 0.0
(18,5): 0.41726505756378174
(18,8): 0.0
(18,9): 0.0
(18,10): 0.0
(18,12): 0.0
(18,19): 0.0
(18,20): 0.38159066438674927
(18,45): 0.5441756248474121
(18,46): 0.5966476202011108
(18,48): 0.49199700355529785
(18,50): 0.5461235046386719
(18,52): 0.5245952010154724
(18,54): 0.45233651995658875
(18,59): 0.5088781118392944
(18,60): 0.4601067900657654
(19,2): 0.5228673815727234
(19,4): 0.0
(19,5): 0.5077497363090515
(19,8): 0.0
(19,9): 0.0
(19,18): 0.0
(19,20): 0.0
(19,21): 0.0
(19,29): 0.0
(19,34): 0.4742146134376526
(19,38): 0.4840860366821289
(19,52): 0.48944878578186035
(19,59): 0.4460144639015198
(20,2): 0.5029392838478088
(20,9): 0.0
(20,18): 0.5399835705757141
(20,19): 0.0
(20,21): 0.0
(20,29): 0.0
(20,30): 0.0
(20,34): 0.0
(20,38): 0.0
(20,45): 0.46844351291656494
(20,48): 0.48181504011154175
(20,54): 0.0
(21,2): 0.5259504318237305
(21,9): 0.42398321628570557
(21,19): 0.0
(21,20): 0.0
(21,29): 0.0
(21,30): 0.0
(21,34): 0.0
(21,38): 0.0
(21,54): 0.405666708946228
(22,5): 0.4885615110397339
(22,10): 0.0
(22,11): 0.5070635676383972
(22,12): 0.0
(22,23): 0.0
(22,24): 0.49429336190223694
(22,25): 0.0
(22,33): 0.0
(22,35): 0.48220202326774597
(22,36): 0.49578285217285156
(22,50): 0.4807451069355011
(22,52): 0.502455472946167
(22,53): 0.4071452021598816
(22,59): 0.5007345676422119
(22,62): 0.4221920967102051
(23,22): 0.0
(23,24): 0.0
(23,25): 0.0
(23,33): 0.0
(23,35): 0.0
(23,36): 0.0
(23,61): 0.46211886405944824
(24,22): 0.5025850534439087
(24,23): 0.0
(24,25): 0.0
(24,33): 0.0
(24,35): 0.0
(24,36): 0.0
(24,62): 0.4858754277229309
(25,10): 0.0
(25,12): 0.0
(25,22): 0.0
(25,23): 0.0
(25,24): 0.0
(25,33): 0.0
(25,35): 0.0
(25,36): 0.0
(25,49): 0.4446353614330292
(25,54): 0.5200689435005188
(26,5): 0.5179625749588013
(26,11): 0.0
(26,27): 0.0
(26,28): 0.0
(26,48): 0.44882333278656006
(26,50): 0.5240986347198486
(26,51): 0.45516929030418396
(26,52): 0.5037038922309875
(26,53): 0.36838826537132263
(26,61): 0.4349343180656433
(27,5): 0.0
(27,11): 0.0
(27,26): 0.0
(27,28): 0.0
(27,46): 0.4556441307067871
(27,48): 0.491396963596344
(27,52): 0.0
(27,53): 0.0
(27,54): 0.5618414878845215
(27,55): 0.43084725737571716
(27,61): 0.3756089210510254
(28,11): 0.0
(28,26): 0.0
(28,27): 0.0
(28,51): 0.48005974292755127
(28,52): 0.6033271551132202
(28,53): 0.5485352277755737
(28,55): 0.5280508399009705
(29,6): 0.5268110036849976
(29,9): 0.4879607856273651
(29,19): 0.0
(29,20): 0.0
(29,21): 0.0
(29,30): 0.0
(29,34): 0.0
(29,38): 0.0
(29,46): 0.5262794494628906
(29,59): 0.43630251288414
(30,1): 0.45166030526161194
(30,20): 0.0
(30,21): 0.0
(30,29): 0.0
(30,34): 0.0
(30,38): 0.0
(30,45): 0.5092317461967468
(30,47): 0.5402251482009888
(31,1): 0.0
(31,13): 0.0
(31,14): 0.0
(31,15): 0.0
(31,16): 0.0
(31,32): 0.0
(31,37): 0.0
(31,45): 0.42270171642303467
(31,59): 0.4524696469306946
(32,14): 0.45095378160476685
(32,15): 0.0
(32,16): 0.0
(32,31): 0.0
(32,37): 0.0
(32,56): 0.46853378415107727
(33,10): 0.0
(33,12): 0.0
(33,22): 0.0
(33,23): 0.0
(33,24): 0.0
(33,25): 0.0
(33,35): 0.0
(33,36): 0.0
(33,49): 0.5529078245162964
(34,1): 0.5267895460128784
(34,6): 0.534076988697052
(34,13): 0.44954854249954224
(34,19): 0.4531322121620178
(34,20): 0.0
(34,21): 0.0
(34,29): 0.0
(34,30): 0.0
(34,38): 0.0
(34,46): 0.541107177734375
(34,59): 0.5245804786682129
(34,60): 0.4841168224811554
(35,22): 0.5042670965194702
(35,23): 0.0
(35,24): 0.0
(35,25): 0.0
(35,33): 0.0
(35,36): 0.0
(35,46): 0.4003169536590576
(35,61): 0.45435646176338196
(35,62): 0.4789850413799286
(36,10): 0.4374378025531769
(36,12): 0.486929327249527
(36,22): 0.0
(36,23): 0.0
(36,24): 0.0
(36,25): 0.0
(36,33): 0.0
(36,35): 0.0
(36,46): 0.47937631607055664
(36,48): 0.5649368762969971
(36,52): 0.4079829156398773
(36,59): 0.459868460893631
(36,62): 0.0
(37,1): 0.5871662497520447
(37,13): 0.5133435726165771
(37,14): 0.0
(37,15): 0.0
(37,16): 0.0
(37,31): 0.0
(37,32): 0.0
(37,57): 0.4667304456233978
(38,19): 0.48805662989616394
(38,20): 0.0
(38,21): 0.0
(38,29): 0.0
(38,30): 0.0
(38,34): 0.0
(38,45): 0.40060362219810486
(38,54): 0.4980907440185547
(38,58): 0.4374784827232361
(38,60): 0.4727168381214142
(38,62): 0.5105207562446594
(39,0): 0.48754462599754333
(39,2): 0.5008476972579956
(39,5): 0.5081571340560913
(39,40): 0.0
(39,46): 0.49408209323883057
(40,0): 0.5470036864280701
(40,1): 0.4500546455383301
(40,2): 0.4878682792186737
(40,3): 0.5414206981658936
(40,5): 0.5081963539123535
(40,39): 0.0
(41,2): 0.529610276222229
(41,4): 0.0
(41,5): 0.5030845999717712
(41,52): 0.5256027579307556
(42,6): 0.0
(42,7): 0.43598365783691406
(42,10): 0.4560801684856415
(43,4): 0.0
(44,9): 0.5580950975418091
(44,46): 0.4265802800655365
(44,59): 0.4007527530193329
(45,15): 0.4654334783554077
(45,17): 0.5164762735366821
(45,18): 0.45700010657310486
(45,20): 0.5778242945671082
(45,30): 0.4605601727962494
(45,31): 0.4755484461784363
(45,38): 0.4270997941493988
(45,56): 0.0
(46,16): 0.485946923494339
(46,17): 0.4516247510910034
(46,18): 0.521293044090271
(46,27): 0.48398903012275696
(46,29): 0.4807974696159363
(46,34): 0.5698497891426086
(46,35): 0.5445088744163513
(46,36): 0.4543851613998413
(46,39): 0.49298185110092163
(46,44): 0.5185651183128357
(47,17): 0.4839513897895813
(47,30): 0.4124045670032501
(47,62): 0.0
(48,13): 0.5730158090591431
(48,17): 0.49983012676239014
(48,18): 0.4375994801521301
(48,20): 0.5001619458198547
(48,26): 0.4789630174636841
(48,27): 0.49974632263183594
(48,36): 0.47099846601486206
(48,49): 0.0
(49,25): 0.4341999590396881
(49,33): 0.5066127777099609
(49,48): 0.0
(50,18): 0.4396045207977295
(50,22): 0.5159040093421936
(50,26): 0.4780062437057495
(50,54): 0.5351306796073914
(50,58): 0.0
(51,26): 0.47481822967529297
(51,28): 0.5149821639060974
(51,53): 0.5121337175369263
(52,18): 0.4254489839076996
(52,19): 0.48374664783477783
(52,22): 0.46499693393707275
(52,26): 0.49207624793052673
(52,27): 0.431121289730072
(52,28): 0.4571134150028229
(52,36): 0.3965112566947937
(52,41): 0.5369505882263184
(53,22): 0.4857521951198578
(53,26): 0.0
(53,27): 0.0
(53,28): 0.41389399766921997
(53,51): 0.4993847906589508
(54,17): 0.6091898083686829
(54,18): 0.5378913283348083
(54,20): 0.0
(54,21): 0.5262696146965027
(54,25): 0.43330061435699463
(54,27): 0.4641905426979065
(54,38): 0.4640182852745056
(54,50): 0.49863478541374207
(55,27): 0.44993239641189575
(55,28): 0.4733526408672333
(56,32): 0.5462279915809631
(56,45): 0.0
(57,14): 0.4413190186023712
(57,37): 0.4831796884536743
(57,60): 0.0
(58,38): 0.46361762285232544
(58,50): 0.0
(59,13): 0.4505358338356018
(59,15): 0.5210668444633484
(59,18): 0.48953184485435486
(59,19): 0.43640416860580444
(59,22): 0.49736925959587097
(59,29): 0.5106734037399292
(59,31): 0.4805973172187805
(59,34): 0.0
(59,36): 0.4809643030166626
(59,44): 0.5331154465675354
(60,17): 0.5152897238731384
(60,18): 0.4834231436252594
(60,34): 0.46830692887306213
(60,38): 0.4653763473033905
(60,57): 0.0
(61,23): 0.47183164954185486
(61,26): 0.5150430798530579
(61,27): 0.4548777639865875
(61,35): 0.46036404371261597
(62,13): 0.5029351115226746
(62,16): 0.4033810794353485
(62,22): 0.45134326815605164
(62,24): 0.5410214066505432
(62,35): 0.475717157125473
(62,36): 0.41287022829055786
(62,38): 0.4798683822154999
(62,47): 0.0
