Interaction name: 6exm

Affinity: 5.519999980926514
Predicted value: 5.972825050354004

Attributions for edges: 

(0,1): 3.221069093380193e-20
(0,3): 3.7452957759379543e-20
(1,0): 3.22045452403446e-20
(1,2): 3.058652826340259e-20
(1,4): 3.22045452403446e-20
(1,9): 1.6558262141479466e-28
(1,10): 1.3878181256595935e-21
(1,19): 3.22045452403446e-20
(2,1): 3.0594347705130633e-20
(2,3): 3.5573561402393583e-20
(2,10): 1.6855623526035527e-21
(2,19): 3.9114049520485395e-20
(3,0): 3.745782067665256e-20
(3,2): 3.557572952032727e-20
(3,4): 3.745782067665256e-20
(3,9): 1.92592079622e-28
(3,10): 1.6141957094735671e-21
(4,1): 3.221069093380193e-20
(4,3): 3.7452957759379543e-20
(4,10): 1.774606346255808e-21
(5,6): 0.0
(5,7): 3.728078726511702e-34
(5,13): 0.0
(5,14): 0.0
(5,15): 0.0
(5,16): 0.0
(5,18): 5.949660193810129e-35
(5,20): 0.0
(5,22): 0.0
(5,23): 0.0
(6,5): 0.0
(6,7): 2.5747507055620186e-27
(6,13): 0.0
(6,14): 0.0
(6,15): 1.8178197920790137e-36
(6,16): 4.451701910236669e-37
(6,17): 2.9100517945147395e-33
(6,18): 4.109120795920858e-28
(6,21): 4.557919673082432e-27
(6,35): 4.557919673082432e-27
(7,5): 3.3781521957823983e-34
(7,6): 2.469858975593851e-27
(7,8): 0.0
(7,13): 0.0
(7,15): 9.343564113443223e-30
(7,16): 2.2881324796383095e-30
(7,17): 1.4957505342234096e-26
(7,24): 2.34273640722871e-20
(8,7): 0.0
(8,12): 0.0
(8,13): 0.0
(8,14): 0.0
(8,15): 0.0
(8,16): 0.0
(8,17): 0.0
(8,18): 0.0
(8,25): 0.0
(8,26): 0.0
(8,29): 0.0
(8,37): 0.0
(9,1): 1.6639883052522597e-28
(9,3): 1.9347865739777436e-28
(9,10): 9.167528850311538e-30
(9,11): 2.127339846111364e-28
(9,12): 2.127339846111364e-28
(9,23): 0.0
(9,26): 2.0953414830503425e-28
(9,27): 2.127339846111364e-28
(9,32): 2.127339846111364e-28
(9,36): 2.127339846111364e-28
(10,1): 1.3786000903445815e-21
(10,2): 1.6739324476460307e-21
(10,3): 1.6029663691510547e-21
(10,4): 1.7624898466483966e-21
(10,9): 9.06196832913312e-30
(10,28): 3.3542118303217545e-22
(10,29): 1.5406524665774448e-21
(10,30): 4.101894119962737e-31
(10,37): 1.7624898466483966e-21
(11,9): 2.1173088807372663e-28
(11,12): 4.118034669064286e-20
(11,26): 4.0560620390778716e-20
(11,27): 4.118034669064286e-20
(11,31): 2.2606240205056773e-27
(11,35): 4.118034669064286e-20
(12,8): 0.0
(12,9): 2.1173088807372663e-28
(12,11): 4.118034669064286e-20
(12,28): 7.837041934276966e-21
(12,32): 4.118034669064286e-20
(12,33): 6.338580076208115e-34
(13,5): 0.0
(13,6): 0.0
(13,7): 0.0
(13,8): 0.0
(13,14): 0.0
(13,15): 0.0
(13,16): 0.0
(13,17): 0.0
(13,18): 0.0
(13,21): 0.0
(13,24): 0.0
(13,34): 0.0
(13,35): 0.0
(14,5): 0.0
(14,6): 0.0
(14,8): 0.0
(14,13): 0.0
(14,15): 0.0
(14,16): 0.0
(14,17): 0.0
(14,20): 0.0
(14,28): 0.0
(14,34): 0.0
(14,37): 0.0
(15,5): 0.0
(15,6): 1.8669578809744557e-36
(15,7): 1.0003553221994886e-29
(15,8): 0.0
(15,13): 0.0
(15,14): 0.0
(15,16): 0.0
(15,17): 1.1306281909207823e-35
(15,18): 1.596496430055165e-30
(15,28): 3.370153212395074e-30
(15,35): 1.7708527110956835e-29
(16,5): 0.0
(16,6): 4.593714653389695e-37
(16,7): 2.4614088105088406e-30
(16,8): 0.0
(16,13): 0.0
(16,14): 0.0
(16,15): 0.0
(16,17): 2.7819712501844003e-36
(16,18): 3.9282355183293184e-31
(16,28): 8.292378196180845e-31
(16,35): 4.357277696803176e-30
(17,6): 2.8897638640455007e-33
(17,7): 1.548408078167681e-26
(17,8): 0.0
(17,13): 0.0
(17,14): 0.0
(17,15): 1.093203719560292e-35
(17,16): 2.6771517932922593e-36
(17,18): 2.4711314375081076e-27
(17,24): 2.7410180095165175e-26
(17,37): 2.7410180095165175e-26
(18,5): 5.529638498722685e-35
(18,6): 4.042900102195533e-28
(18,8): 0.0
(18,13): 0.0
(18,15): 1.5294316561543114e-30
(18,16): 3.745432275943113e-31
(18,17): 2.4483773455871502e-27
(19,1): 3.221069093380193e-20
(19,2): 3.911106714663623e-20
(19,34): 4.118034669064286e-20
(20,5): 0.0
(20,14): 0.0
(21,6): 4.341489058536039e-27
(21,13): 0.0
(22,5): 0.0
(23,5): 0.0
(23,9): 0.0
(24,7): 2.326270181601363e-20
(24,13): 0.0
(24,17): 2.6291926621183636e-26
(25,8): 0.0
(25,31): 6.701438192740166e-35
(26,8): 0.0
(26,9): 2.0846739978296246e-28
(26,11): 4.054545972111427e-20
(26,28): 7.716246099862948e-21
(27,9): 2.1173088807372663e-28
(27,11): 4.118034669064286e-20
(27,29): 3.599714573068036e-20
(28,10): 3.359231257598367e-22
(28,12): 7.795180456050674e-21
(28,14): 0.0
(28,15): 3.1089499040830357e-30
(28,16): 7.613521274823907e-31
(28,26): 7.677900139240006e-21
(29,8): 0.0
(29,10): 1.5480221692370877e-21
(29,27): 3.592238282047234e-20
(30,10): 2.9875318230527027e-31
(31,11): 1.754796239167858e-27
(31,25): 6.710288838682393e-35
(32,9): 2.1173088807372663e-28
(32,12): 4.118034669064286e-20
(32,36): 4.118034669064286e-20
(33,12): 4.035075836206991e-34
(34,13): 0.0
(34,14): 0.0
(34,19): 4.118034669064286e-20
(35,6): 4.341489058536039e-27
(35,11): 4.118034669064286e-20
(35,13): 0.0
(35,15): 1.642401007895454e-29
(35,16): 4.0220522867057335e-30
(36,9): 2.1173088807372663e-28
(36,32): 4.118034669064286e-20
(37,8): 0.0
(37,10): 1.774606346255808e-21
(37,14): 0.0
(37,17): 2.6291926621183636e-26
