Interaction name: 5uhi

Affinity: 8.039999961853027
Predicted value: 8.196586608886719

Attributions for edges: 

(0,12): 0.5131330490112305
(0,15): 0.5484915375709534
(0,31): 0.4667096734046936
(0,34): 0.4130021929740906
(1,9): 0.5184497833251953
(1,11): 0.5348342657089233
(1,27): 0.580448567867279
(2,4): 0.46716707944869995
(2,8): 0.40341031551361084
(2,10): 0.5225886702537537
(2,13): 0.43992626667022705
(2,14): 0.48223617672920227
(2,18): 0.4706280529499054
(2,21): 0.5372319221496582
(2,22): 0.4950467646121979
(2,24): 0.3947342336177826
(2,32): 0.4031718075275421
(2,33): 0.5024325251579285
(3,12): 0.5740582346916199
(3,15): 0.42295828461647034
(3,18): 0.49025818705558777
(3,21): 0.5918346047401428
(3,23): 0.5150231122970581
(3,26): 0.4025041460990906
(3,29): 0.4476349949836731
(3,30): 0.4578808546066284
(3,31): 0.5235590934753418
(3,34): 0.39527010917663574
(3,35): 0.41473516821861267
(4,2): 0.44552090764045715
(4,7): 0.41170281171798706
(4,10): 0.48638916015625
(4,13): 0.4235837757587433
(4,14): 0.439028263092041
(4,19): 0.6210036873817444
(4,22): 0.45800545811653137
(4,32): 0.5271556973457336
(5,12): 0.4175061285495758
(5,15): 0.5377386808395386
(5,18): 0.5177188515663147
(5,21): 0.44621118903160095
(5,23): 0.5575766563415527
(5,26): 0.5936317443847656
(5,29): 0.4514510929584503
(5,30): 0.4989663362503052
(5,31): 0.5191945433616638
(6,7): 0.5264919996261597
(6,9): 0.4369580149650574
(6,10): 0.4668962359428406
(6,11): 0.4124909043312073
(6,14): 0.4069395959377289
(6,17): 0.5212898254394531
(6,19): 0.44665196537971497
(6,27): 0.4978601634502411
(6,36): 0.5874314904212952
(6,52): 0.49209243059158325
(7,4): 0.46838727593421936
(7,6): 0.5535516738891602
(7,9): 0.4135564863681793
(7,10): 0.5237661600112915
(7,11): 0.5172858238220215
(7,13): 0.45273280143737793
(7,14): 0.4903259873390198
(7,19): 0.5591940879821777
(7,22): 0.5582637786865234
(7,27): 0.5171491503715515
(7,32): 0.5895825624465942
(7,37): 0.5094205141067505
(7,44): 0.5660523176193237
(8,2): 0.4530501663684845
(8,15): 0.4389563500881195
(8,18): 0.5488979816436768
(8,21): 0.4794200360774994
(8,22): 0.5172642469406128
(8,24): 0.5714972615242004
(8,26): 0.4618869423866272
(8,32): 0.538277268409729
(8,37): 0.5121513605117798
(8,38): 0.48328378796577454
(9,1): 0.47446513175964355
(9,6): 0.494210809469223
(9,7): 0.4559212327003479
(9,11): 0.47295916080474854
(9,14): 0.48777148127555847
(9,19): 0.4636805057525635
(9,27): 0.506870687007904
(10,2): 0.597582221031189
(10,4): 0.5750631093978882
(10,6): 0.597258448600769
(10,7): 0.5292013883590698
(10,13): 0.5032505989074707
(10,14): 0.4885120093822479
(10,17): 0.5425968170166016
(10,19): 0.5010438561439514
(10,21): 0.48006346821784973
(10,22): 0.5185202360153198
(10,24): 0.5663924217224121
(10,32): 0.45612427592277527
(10,37): 0.5682729482650757
(10,38): 0.4674232304096222
(10,46): 0.36150407791137695
(11,1): 0.49380195140838623
(11,6): 0.5623648166656494
(11,7): 0.5883263945579529
(11,9): 0.5246320962905884
(11,19): 0.5173795819282532
(11,27): 0.4705234169960022
(11,41): 0.5406743884086609
(11,50): 0.3923742473125458
(12,0): 0.5302437543869019
(12,3): 0.4233188331127167
(12,5): 0.542323112487793
(12,15): 0.5244666337966919
(12,23): 0.5822578072547913
(12,29): 0.47834375500679016
(12,30): 0.5284767150878906
(12,31): 0.4747343957424164
(12,39): 0.44084692001342773
(12,42): 0.4496455490589142
(12,48): 0.3704918324947357
(12,53): 0.5412765145301819
(13,2): 0.5147799849510193
(13,4): 0.5878852009773254
(13,7): 0.49309808015823364
(13,10): 0.4937308728694916
(13,32): 0.4432586431503296
(13,36): 0.6164548993110657
(13,37): 0.5210002064704895
(13,39): 0.5672130584716797
(13,43): 0.4295371174812317
(13,44): 0.5216113328933716
(13,45): 0.4921160936355591
(14,2): 0.5133640766143799
(14,4): 0.44372162222862244
(14,6): 0.5085039138793945
(14,7): 0.5440239906311035
(14,9): 0.37712612748146057
(14,10): 0.5631389021873474
(14,17): 0.396908164024353
(14,19): 0.6008545160293579
(14,22): 0.38811588287353516
(14,24): 0.5674434304237366
(14,27): 0.5531110167503357
(14,32): 0.5787768959999084
(14,44): 0.5106357336044312
(14,45): 0.4506569504737854
(14,46): 0.49900296330451965
(14,47): 0.4288843274116516
(14,50): 0.47967442870140076
(15,0): 0.4616071581840515
(15,3): 0.42560309171676636
(15,5): 0.4729294180870056
(15,8): 0.530552089214325
(15,12): 0.4442024230957031
(15,18): 0.5264081954956055
(15,21): 0.527126133441925
(15,23): 0.5956012010574341
(15,24): 0.5211030840873718
(15,25): 0.44830286502838135
(15,26): 0.46718236804008484
(15,28): 0.5414140820503235
(15,29): 0.5549774765968323
(15,30): 0.5382554531097412
(15,31): 0.449457049369812
(15,33): 0.5374608039855957
(15,39): 0.5328850150108337
(15,43): 0.3738273084163666
(16,20): 0.47495341300964355
(16,23): 0.5053483247756958
(16,25): 0.5705163478851318
(16,28): 0.4697282314300537
(16,30): 0.5410423278808594
(16,48): 0.42756760120391846
(16,49): 0.6103534698486328
(17,6): 0.4569389522075653
(17,10): 0.5641508102416992
(17,14): 0.5063537359237671
(17,19): 0.5236402750015259
(17,21): 0.4570990204811096
(17,22): 0.5311902761459351
(17,24): 0.5171811580657959
(17,32): 0.460663765668869
(17,36): 0.48767393827438354
(17,37): 0.509901225566864
(17,39): 0.5164859890937805
(17,41): 0.4572175443172455
(17,44): 0.5282377600669861
(17,47): 0.510581910610199
(17,50): 0.44296231865882874
(17,51): 0.5051282644271851
(18,2): 0.5065162777900696
(18,3): 0.521621823310852
(18,5): 0.5236848592758179
(18,8): 0.4664631187915802
(18,15): 0.4558365046977997
(18,21): 0.584381103515625
(18,23): 0.490964412689209
(18,24): 0.5720263719558716
(18,26): 0.5114260911941528
(18,29): 0.48311758041381836
(18,30): 0.40186673402786255
(18,31): 0.334955096244812
(18,33): 0.5346993803977966
(18,40): 0.41849029064178467
(18,52): 0.4687601327896118
(19,4): 0.4919687807559967
(19,6): 0.525206446647644
(19,7): 0.5566564798355103
(19,9): 0.44953033328056335
(19,10): 0.4613833427429199
(19,11): 0.5040258169174194
(19,14): 0.4858044981956482
(19,17): 0.4608708918094635
(19,22): 0.5179749727249146
(19,27): 0.43996626138687134
(19,32): 0.5198321342468262
(19,53): 0.541644811630249
(20,16): 0.4857862889766693
(20,23): 0.5050846338272095
(20,25): 0.5503037571907043
(20,28): 0.5300794839859009
(20,29): 0.48108047246932983
(20,30): 0.5067142844200134
(20,38): 0.42717620730400085
(20,44): 0.5433361530303955
(20,48): 0.46893617510795593
(20,49): 0.42249298095703125
(20,52): 0.6462582349777222
(21,2): 0.557246744632721
(21,3): 0.5068671107292175
(21,5): 0.5569255948066711
(21,8): 0.5539165735244751
(21,10): 0.5433312058448792
(21,15): 0.4387606084346771
(21,17): 0.47982704639434814
(21,18): 0.4561772048473358
(21,22): 0.5697786211967468
(21,24): 0.5607044100761414
(21,26): 0.4282768964767456
(21,29): 0.5960422158241272
(21,30): 0.4845280945301056
(21,31): 0.492031991481781
(21,33): 0.5521026849746704
(21,36): 0.5558829307556152
(21,39): 0.48440980911254883
(21,40): 0.44104698300361633
(21,50): 0.5031417608261108
(22,2): 0.563163161277771
(22,4): 0.4528335928916931
(22,7): 0.5806587934494019
(22,8): 0.5210778117179871
(22,10): 0.5370290279388428
(22,14): 0.4506501853466034
(22,17): 0.494839608669281
(22,19): 0.5395492315292358
(22,21): 0.468924343585968
(22,24): 0.5263200402259827
(22,26): 0.4764235019683838
(22,32): 0.42983585596084595
(22,33): 0.48429906368255615
(22,53): 0.5368857979774475
(23,3): 0.5323460102081299
(23,5): 0.47615790367126465
(23,12): 0.3949979543685913
(23,15): 0.6013304591178894
(23,16): 0.47289976477622986
(23,18): 0.5144804120063782
(23,20): 0.398007333278656
(23,25): 0.5613603591918945
(23,26): 0.487515389919281
(23,28): 0.46373987197875977
(23,29): 0.4934910833835602
(23,30): 0.5664622187614441
(23,31): 0.469565749168396
(23,42): 0.3906586170196533
(23,48): 0.4242842197418213
(24,2): 0.5112903118133545
(24,8): 0.5991414189338684
(24,10): 0.5605892539024353
(24,14): 0.5455970168113708
(24,15): 0.5771089792251587
(24,17): 0.49025431275367737
(24,18): 0.4916885495185852
(24,21): 0.5209119319915771
(24,22): 0.504195511341095
(24,26): 0.5243274569511414
(24,32): 0.4587533175945282
(24,33): 0.44195792078971863
(24,36): 0.45979538559913635
(24,38): 0.550118088722229
(25,15): 0.5071230530738831
(25,16): 0.48472219705581665
(25,20): 0.6427286863327026
(25,23): 0.5439490675926208
(25,28): 0.5678057670593262
(25,29): 0.5587151646614075
(25,30): 0.5815308094024658
(26,3): 0.5150132775306702
(26,5): 0.5349562764167786
(26,8): 0.550207793712616
(26,15): 0.45222118496894836
(26,18): 0.491617888212204
(26,21): 0.48895153403282166
(26,22): 0.4881798326969147
(26,23): 0.4984874725341797
(26,24): 0.4953435957431793
(26,29): 0.5533417463302612
(26,30): 0.5167196989059448
(26,31): 0.5246749520301819
(26,33): 0.5828633904457092
(27,1): 0.4305855929851532
(27,6): 0.5840875506401062
(27,7): 0.5095727443695068
(27,9): 0.4836038649082184
(27,11): 0.47146114706993103
(27,14): 0.4786776900291443
(27,19): 0.5011502504348755
(28,15): 0.49156415462493896
(28,16): 0.45247846841812134
(28,20): 0.5110365152359009
(28,23): 0.40197834372520447
(28,25): 0.5776726603507996
(28,29): 0.5493954420089722
(28,30): 0.500978946685791
(28,53): 0.4674643278121948
(29,3): 0.5379845499992371
(29,5): 0.558766782283783
(29,12): 0.5502355098724365
(29,15): 0.516379714012146
(29,18): 0.5937290787696838
(29,20): 0.503963053226471
(29,21): 0.5780840516090393
(29,23): 0.3730188012123108
(29,25): 0.5458739995956421
(29,26): 0.4904901683330536
(29,28): 0.49242734909057617
(29,30): 0.47409555315971375
(29,31): 0.4548785388469696
(29,39): 0.4211832880973816
(30,3): 0.46280357241630554
(30,5): 0.5005043745040894
(30,12): 0.45540472865104675
(30,15): 0.4979972243309021
(30,16): 0.39090999960899353
(30,18): 0.539183497428894
(30,20): 0.5096548795700073
(30,21): 0.5016948580741882
(30,23): 0.40639767050743103
(30,25): 0.5154312252998352
(30,26): 0.540823757648468
(30,28): 0.486776739358902
(30,29): 0.38021260499954224
(30,52): 0.5063511729240417
(30,53): 0.4738747179508209
(31,0): 0.5017167329788208
(31,3): 0.4572942852973938
(31,5): 0.42838579416275024
(31,12): 0.5048987865447998
(31,15): 0.5342622399330139
(31,18): 0.4456992447376251
(31,21): 0.495465487241745
(31,23): 0.3460161089897156
(31,26): 0.5625216960906982
(31,29): 0.5641342997550964
(32,2): 0.4457623064517975
(32,4): 0.4735606610774994
(32,7): 0.5064910650253296
(32,8): 0.4485973119735718
(32,10): 0.4937640130519867
(32,13): 0.4855974316596985
(32,14): 0.49472349882125854
(32,17): 0.48578953742980957
(32,19): 0.394597589969635
(32,22): 0.4555601477622986
(32,24): 0.42420440912246704
(32,33): 0.4516814351081848
(33,2): 0.5299060940742493
(33,15): 0.4803987741470337
(33,18): 0.44920486211776733
(33,21): 0.4866715669631958
(33,22): 0.46771240234375
(33,24): 0.5050751566886902
(33,26): 0.451592355966568
(33,32): 0.4220646619796753
(34,0): 0.5172534584999084
(34,3): 0.6018295884132385
(35,3): 0.45532509684562683
(35,39): 0.46357789635658264
(35,51): 0.38515251874923706
(36,6): 0.5086420178413391
(36,13): 0.5765292644500732
(36,17): 0.5366612076759338
(36,21): 0.5774021148681641
(36,24): 0.5362111926078796
(36,46): 0.35360169410705566
(37,7): 0.5099104046821594
(37,8): 0.4644860625267029
(37,10): 0.6470624208450317
(37,13): 0.495575875043869
(37,17): 0.47768211364746094
(37,40): 0.4325948655605316
(37,52): 0.5121036171913147
(38,8): 0.4887653887271881
(38,10): 0.4559482932090759
(38,20): 0.5277647376060486
(38,24): 0.4722174108028412
(39,12): 0.44379135966300964
(39,13): 0.45542895793914795
(39,15): 0.5401708483695984
(39,17): 0.4963669776916504
(39,21): 0.5146928429603577
(39,29): 0.4551108181476593
(39,35): 0.4464026391506195
(40,18): 0.5628714561462402
(40,21): 0.5690073370933533
(40,37): 0.47254684567451477
(40,52): 0.6151853203773499
(41,11): 0.5170202255249023
(41,17): 0.5867698788642883
(42,12): 0.4936625361442566
(42,23): 0.5423769354820251
(43,13): 0.48377615213394165
(43,15): 0.5066102743148804
(43,47): 0.4701843559741974
(44,7): 0.5315955281257629
(44,13): 0.46466055512428284
(44,14): 0.43620210886001587
(44,17): 0.5267559289932251
(44,20): 0.5810527205467224
(45,13): 0.45785650610923767
(45,14): 0.36504313349723816
(46,10): 0.46188756823539734
(46,14): 0.540997326374054
(46,36): 0.5073885321617126
(47,14): 0.430938184261322
(47,17): 0.5404460430145264
(47,43): 0.49092188477516174
(47,51): 0.5297352075576782
(48,12): 0.517781674861908
(48,16): 0.5534701347351074
(48,20): 0.5026521682739258
(48,23): 0.5174427032470703
(49,16): 0.5664636492729187
(49,20): 0.5309382677078247
(50,11): 0.49784573912620544
(50,14): 0.47627484798431396
(50,17): 0.45633405447006226
(50,21): 0.49571365118026733
(51,17): 0.39609161019325256
(51,35): 0.568475604057312
(51,47): 0.3520663380622864
(52,6): 0.596625030040741
(52,18): 0.46621954441070557
(52,20): 0.4882694482803345
(52,30): 0.5794525146484375
(52,37): 0.48613491654396057
(52,40): 0.5663394331932068
(53,12): 0.5749256014823914
(53,19): 0.49505624175071716
(53,22): 0.4765315651893616
(53,28): 0.5033944249153137
(53,30): 0.5173025131225586
