Interaction name: 5u7o

Affinity: 7.139999866485596
Predicted value: 6.629948139190674

Shapley values for edges: 

(0,2): 0.011158204078674317
(0,6): 0.0004970502853393555
(0,7): -0.0004772806167602539
(0,8): 0.012147974967956544
(0,10): 0.013209657669067383
(0,11): 0.040689616203308104
(1,2): -0.007045483589172364
(1,13): -0.06662914752960206
(2,0): 0.014047832489013671
(2,1): -0.03627692222595215
(2,7): -0.009891080856323241
(2,11): 0.042686600685119626
(2,13): -0.05526232242584229
(3,5): 0.0023737096786499022
(3,6): -0.013998708724975585
(3,8): 0.005046944618225097
(3,10): 0.02229104995727539
(3,20): -0.041602497100830076
(4,9): -0.010676145553588867
(4,14): -0.010621213912963867
(4,17): -0.0008074092864990234
(4,20): 0.11250051498413086
(5,3): -0.020111656188964842
(5,8): 0.017149481773376465
(6,0): 0.03379746913909912
(6,3): -0.024659509658813476
(6,8): 0.005775556564331054
(6,10): 0.006217899322509765
(6,11): 0.04591649055480957
(6,12): -0.05691627502441406
(6,20): 0.013567419052124023
(7,0): 0.03994858741760254
(7,2): 0.002757077217102051
(7,8): 0.012976441383361816
(7,10): -0.005249695777893066
(7,11): 0.05207972526550293
(8,0): 0.008950586318969727
(8,3): -0.005031037330627442
(8,5): -0.005082659721374512
(8,6): 0.027453184127807617
(8,7): 0.004579610824584961
(8,10): 0.015804142951965333
(8,11): 0.05532596588134766
(8,12): -0.019918861389160155
(8,21): -0.012693238258361817
(8,27): 0.0017926883697509765
(9,4): -0.06376935958862305
(9,14): -0.024545297622680665
(9,15): 0.0031937551498413086
(9,16): -0.007054414749145508
(9,17): -0.006679401397705078
(9,18): -0.009257736206054688
(9,19): -0.010437746047973633
(9,26): -0.020142130851745606
(10,0): 0.004784770011901855
(10,3): -0.014982452392578125
(10,6): 0.021449027061462404
(10,7): -0.006606245040893554
(10,8): 0.018400678634643553
(10,11): 0.026765713691711424
(10,12): -0.03681532382965088
(10,22): 0.01672189712524414
(10,25): 0.055448484420776364
(11,0): 0.015109333992004394
(11,2): -0.04121689796447754
(11,6): 0.013408780097961426
(11,7): 0.0002996206283569336
(11,8): 0.01843693256378174
(11,10): 0.017375254631042482
(11,23): -0.011328740119934082
(12,6): -8.791923522949219e-05
(12,8): -0.00032735347747802734
(12,10): 0.004590024948120117
(12,22): 0.04813981056213379
(12,24): -0.0015538263320922852
(12,25): 0.04024363040924072
(12,28): 0.06985180377960205
(13,1): -0.07323799610137939
(13,2): -0.03635101795196533
(13,21): 0.05530634880065918
(13,27): 0.009566221237182617
(14,4): -0.0664845895767212
(14,9): -0.009990653991699218
(14,15): 0.0006694841384887695
(14,16): 0.004147005081176758
(14,17): -0.009689440727233887
(14,18): -0.0025869226455688477
(14,19): -0.006160073280334473
(14,21): 0.040411887168884275
(15,9): 0.00010313034057617188
(15,14): -0.013907980918884278
(15,16): 0.0002899789810180664
(15,17): -0.008497614860534668
(15,18): -0.014505348205566405
(15,19): -0.009083175659179687
(16,9): -0.022989559173583984
(16,14): -0.018923301696777344
(16,15): -0.007176837921142578
(16,17): 0.0023824739456176757
(16,18): -0.013012900352478027
(17,4): -0.03695986270904541
(17,9): -0.005814828872680664
(17,14): -0.0220607852935791
(17,15): -0.00754305362701416
(17,16): 0.004739313125610351
(17,18): -0.004926505088806152
(17,19): -0.004335989952087402
(18,9): -0.004791431427001953
(18,14): -0.0007428455352783203
(18,15): -0.0031548547744750977
(18,16): -0.001531214714050293
(18,17): -0.004274492263793945
(18,19): -0.010319538116455078
(18,28): -0.00797266960144043
(19,9): 0.00794370174407959
(19,14): 0.022199668884277345
(19,15): 0.015801868438720702
(19,17): 0.028073177337646485
(19,18): 0.004412779808044434
(20,3): -0.020570712089538576
(20,4): 0.06755883693695068
(20,6): 0.01919707775115967
(20,22): 0.023094096183776856
(20,27): 0.0006650066375732421
(21,8): 0.04533817291259765
(21,13): 0.058068127632141114
(21,14): 0.032457590103149414
(22,10): -0.01282379150390625
(22,12): 0.044227161407470704
(22,20): -0.03305501937866211
(22,27): -0.06921285629272461
(23,11): 0.09398558139801025
(24,12): -0.045167860984802244
(24,25): 0.007212686538696289
(25,10): -0.005610861778259277
(25,12): -0.013271393775939942
(25,24): 0.011926493644714355
(26,9): -0.0036585855484008788
(27,8): 0.000751662254333496
(27,13): 0.013811602592468261
(27,20): -0.03663576602935791
(27,22): -0.04245363712310791
(28,12): 0.004640116691589356
(28,18): 0.009816756248474121
