Interaction name: 6hu2

Affinity: 5.900000095367432
Predicted value: 6.292144298553467

Attributions for edges: 

(0,1): 0.5436564683914185
(0,3): 0.40098369121551514
(0,9): 0.4288933277130127
(0,21): 0.49743732810020447
(0,22): 0.5290031433105469
(1,0): 0.4235512912273407
(1,2): 0.4148636758327484
(1,3): 0.40789005160331726
(1,9): 0.3089023530483246
(1,16): 0.5772455334663391
(1,17): 0.4021513760089874
(1,21): 0.5641558170318604
(2,1): 0.4407593607902527
(2,3): 0.5633980631828308
(2,9): 0.49342092871665955
(3,0): 0.6393338441848755
(3,1): 0.31683027744293213
(3,2): 0.5452651977539062
(3,9): 0.46028730273246765
(3,16): 0.6452760696411133
(3,17): 0.44698286056518555
(3,22): 0.5353818535804749
(4,5): 0.42745035886764526
(4,6): 0.4974219799041748
(4,7): 0.5582053661346436
(4,8): 0.42007967829704285
(4,9): 0.4100109040737152
(4,10): 0.49334490299224854
(4,11): 0.4273552894592285
(4,13): 0.4243539273738861
(4,15): 0.4954109787940979
(4,16): 0.44068580865859985
(4,19): 0.46848079562187195
(4,20): 0.4427403211593628
(5,4): 0.601801335811615
(5,6): 0.38052940368652344
(5,7): 0.41476011276245117
(5,9): 0.5093737840652466
(5,10): 0.4418564736843109
(5,11): 0.45426076650619507
(5,13): 0.45615914463996887
(5,16): 0.5920654535293579
(5,17): 0.44104355573654175
(5,19): 0.5084378123283386
(6,4): 0.3678874671459198
(6,5): 0.2889752984046936
(6,10): 0.547791600227356
(6,11): 0.5119475722312927
(6,16): 0.6130384802818298
(6,17): 0.48440349102020264
(6,19): 0.580293595790863
(7,4): 0.5428783297538757
(7,5): 0.39915212988853455
(7,8): 0.497322678565979
(7,10): 0.4535379409790039
(7,12): 0.40718212723731995
(7,13): 0.5510191321372986
(7,15): 0.5762147307395935
(7,16): 0.5100733637809753
(7,18): 0.4264029860496521
(7,20): 0.6612355709075928
(7,23): 0.5295231342315674
(8,4): 0.4938613176345825
(8,7): 0.3006579577922821
(8,12): 0.44863060116767883
(8,13): 0.5977394580841064
(8,14): 0.547826886177063
(8,15): 0.38437575101852417
(8,18): 0.42261019349098206
(9,0): 0.5099768042564392
(9,1): 0.49257296323776245
(9,2): 0.6835731863975525
(9,3): 0.3704301118850708
(9,4): 0.6377177238464355
(9,5): 0.456163614988327
(9,10): 0.6047495603561401
(9,11): 0.456550270318985
(9,16): 0.48977306485176086
(9,17): 0.3230360746383667
(9,19): 0.4574735760688782
(10,4): 0.5563726425170898
(10,5): 0.44786709547042847
(10,6): 0.4315338134765625
(10,7): 0.4447159767150879
(10,9): 0.546724259853363
(10,11): 0.4615881145000458
(10,16): 0.4527733623981476
(10,17): 0.49935221672058105
(10,19): 0.4790534973144531
(11,4): 0.5594251155853271
(11,5): 0.5054897665977478
(11,6): 0.4641132652759552
(11,9): 0.5123606324195862
(11,10): 0.444764643907547
(11,16): 0.514761209487915
(11,17): 0.3776802718639374
(12,7): 0.4184707701206207
(12,8): 0.5516348481178284
(12,13): 0.36218011379241943
(12,14): 0.4624468982219696
(12,15): 0.4242919385433197
(12,18): 0.5524240136146545
(12,20): 0.4891451895236969
(13,4): 0.5066019296646118
(13,5): 0.41484886407852173
(13,7): 0.3444913625717163
(13,8): 0.3890635371208191
(13,12): 0.6052790284156799
(13,14): 0.5811018347740173
(13,15): 0.460599422454834
(13,18): 0.49962323904037476
(13,20): 0.4881693720817566
(14,8): 0.5039965510368347
(14,12): 0.5703945755958557
(14,13): 0.49088039994239807
(14,15): 0.6174278259277344
(14,18): 0.536185085773468
(14,20): 0.6196265816688538
(15,4): 0.4585570693016052
(15,7): 0.5296109318733215
(15,8): 0.5750234127044678
(15,12): 0.4558338224887848
(15,13): 0.43764007091522217
(15,14): 0.4223897159099579
(15,18): 0.41303983330726624
(15,20): 0.489070862531662
(16,1): 0.45947110652923584
(16,3): 0.5769146680831909
(16,4): 0.49866124987602234
(16,5): 0.5568865537643433
(16,6): 0.4928058385848999
(16,7): 0.4475333094596863
(16,9): 0.557409942150116
(16,10): 0.49018004536628723
(16,11): 0.3708423674106598
(16,17): 0.5680050849914551
(16,19): 0.49151816964149475
(17,1): 0.5837616324424744
(17,3): 0.4261454641819
(17,5): 0.5866941213607788
(17,6): 0.5152284502983093
(17,9): 0.49166440963745117
(17,10): 0.47902658581733704
(17,11): 0.5608315467834473
(17,16): 0.52723628282547
(17,19): 0.5646402835845947
(18,7): 0.5960829854011536
(18,8): 0.4384453296661377
(18,12): 0.520607590675354
(18,13): 0.40430954098701477
(18,14): 0.5569213628768921
(18,15): 0.4891763925552368
(18,20): 0.5894902944564819
(19,4): 0.4827018976211548
(19,5): 0.6032353043556213
(19,6): 0.5306687355041504
(19,9): 0.5283436179161072
(19,10): 0.48750194907188416
(19,16): 0.4611377716064453
(19,17): 0.5689900517463684
(20,4): 0.39572861790657043
(20,7): 0.6118471622467041
(20,12): 0.5531150698661804
(20,13): 0.6423808932304382
(20,14): 0.5648855566978455
(20,15): 0.358647882938385
(20,18): 0.4340299665927887
(21,0): 0.5280715227127075
(21,1): 0.42751914262771606
(21,22): 0.43362152576446533
(22,0): 0.5095168352127075
(22,3): 0.5792407989501953
(22,21): 0.3726976215839386
(23,7): 0.44824206829071045
