Interaction name: 5jjs

Affinity: 7.320000171661377
Predicted value: 7.4933762550354

Attributions for edges: 

(0,9): 0.0
(0,10): 0.0
(0,11): 0.0
(0,12): 0.0
(0,15): 0.3812194764614105
(0,24): 0.4829305410385132
(0,25): 0.5096756219863892
(0,31): 0.5523598790168762
(1,2): 0.0
(1,3): 0.46129363775253296
(1,7): 0.0
(1,13): 0.4325990676879883
(1,24): 0.0
(1,30): 0.5882876515388489
(1,31): 0.5100012421607971
(2,1): 0.0
(2,7): 0.0
(2,11): 0.46169695258140564
(2,13): 0.47236859798431396
(2,24): 0.0
(2,30): 0.45733746886253357
(2,31): 0.5178384780883789
(3,1): 0.476075142621994
(3,4): 0.0
(3,7): 0.0
(3,11): 0.43852418661117554
(3,14): 0.0
(3,24): 0.4557173550128937
(3,26): 0.0
(3,27): 0.4739612638950348
(3,29): 0.46767666935920715
(3,31): 0.0
(4,3): 0.0
(4,7): 0.5131522417068481
(4,14): 0.0
(4,15): 0.0
(4,16): 0.0
(4,17): 0.4584217965602875
(4,26): 0.0
(4,27): 0.41899946331977844
(4,29): 0.5593402981758118
(4,30): 0.4666518270969391
(4,31): 0.4917549192905426
(5,14): 0.537127673625946
(5,16): 0.0
(5,17): 0.0
(5,18): 0.0
(5,19): 0.0
(5,20): 0.0
(5,27): 0.49372512102127075
(5,29): 0.47457820177078247
(5,33): 0.6228586435317993
(5,34): 0.4971545338630676
(6,21): 0.5097960829734802
(6,22): 0.0
(6,23): 0.0
(6,32): 0.0
(6,33): 0.5099159479141235
(6,34): 0.5424605011940002
(7,1): 0.0
(7,2): 0.0
(7,3): 0.0
(7,4): 0.4844744801521301
(7,11): 0.5659124255180359
(7,14): 0.5503363609313965
(7,24): 0.0
(7,26): 0.0
(7,27): 0.0
(7,29): 0.0
(7,34): 0.0
(8,21): 0.5177861452102661
(8,22): 0.0
(8,23): 0.0
(9,0): 0.0
(9,10): 0.0
(9,11): 0.0
(9,12): 0.4044814109802246
(9,15): 0.0
(9,35): 0.42418181896209717
(9,38): 0.45066800713539124
(9,44): 0.5419695377349854
(10,0): 0.0
(10,9): 0.0
(10,11): 0.0
(10,12): 0.0
(10,13): 0.0
(10,24): 0.0
(10,25): 0.0
(10,36): 0.5407472848892212
(10,50): 0.5715646743774414
(11,0): 0.0
(11,2): 0.5262463092803955
(11,3): 0.3942692279815674
(11,7): 0.4834178686141968
(11,9): 0.0
(11,10): 0.0
(11,12): 0.0
(11,13): 0.0
(11,24): 0.0
(11,25): 0.5340739488601685
(11,37): 0.4797707796096802
(11,43): 0.4540480077266693
(11,44): 0.4930323362350464
(12,0): 0.0
(12,9): 0.0
(12,10): 0.0
(12,11): 0.0
(12,13): 0.0
(12,24): 0.0
(12,25): 0.0
(12,38): 0.5164181590080261
(13,1): 0.4769921898841858
(13,2): 0.4594804048538208
(13,10): 0.0
(13,11): 0.0
(13,12): 0.0
(13,24): 0.0
(13,25): 0.0
(14,3): 0.0
(14,4): 0.0
(14,5): 0.5219501256942749
(14,7): 0.479884535074234
(14,15): 0.0
(14,16): 0.0
(14,17): 0.0
(14,19): 0.0
(14,26): 0.0
(14,27): 0.0
(14,29): 0.0
(14,38): 0.4676192104816437
(15,0): 0.5585739612579346
(15,4): 0.0
(15,9): 0.4826909005641937
(15,14): 0.0
(15,16): 0.0
(15,26): 0.45738303661346436
(15,38): 0.5354111790657043
(15,41): 0.49557897448539734
(15,42): 0.4289003014564514
(15,44): 0.4569058120250702
(16,4): 0.0
(16,5): 0.0
(16,14): 0.0
(16,15): 0.0
(16,17): 0.0
(16,18): 0.0
(16,19): 0.0
(16,26): 0.0
(16,27): 0.0
(16,29): 0.0
(16,44): 0.5573245882987976
(17,4): 0.4768652021884918
(17,5): 0.0
(17,14): 0.0
(17,16): 0.0
(17,18): 0.0
(17,19): 0.0
(17,20): 0.4880729913711548
(17,26): 0.0
(17,27): 0.0
(17,28): 0.5476098656654358
(17,29): 0.0
(17,39): 0.5299922227859497
(17,42): 0.4238806366920471
(18,5): 0.0
(18,16): 0.0
(18,17): 0.0
(18,19): 0.36880242824554443
(18,38): 0.4751702547073364
(18,39): 0.4946526885032654
(18,40): 0.5823875069618225
(18,41): 0.4880244731903076
(18,42): 0.595113217830658
(18,44): 0.5322346687316895
(19,5): 0.0
(19,14): 0.0
(19,16): 0.0
(19,17): 0.0
(19,18): 0.45746904611587524
(19,20): 0.0
(19,26): 0.0
(19,27): 0.0
(19,28): 0.0
(19,29): 0.0
(19,38): 0.4762279689311981
(19,43): 0.5472729802131653
(19,44): 0.0
(19,45): 0.5054115056991577
(19,46): 0.4438555836677551
(19,50): 0.4313764274120331
(20,5): 0.0
(20,17): 0.5268497467041016
(20,19): 0.0
(20,21): 0.0
(20,22): 0.4630328118801117
(20,27): 0.4262414872646332
(20,28): 0.0
(20,29): 0.5672169923782349
(20,38): 0.5712878108024597
(20,40): 0.5798865556716919
(20,42): 0.4885656535625458
(20,43): 0.5478078722953796
(20,44): 0.49754512310028076
(20,45): 0.5529946088790894
(21,6): 0.5380062460899353
(21,8): 0.5304988026618958
(21,20): 0.0
(21,22): 0.0
(21,23): 0.0
(21,28): 0.4914834499359131
(21,38): 0.5334511399269104
(21,40): 0.4232293963432312
(21,42): 0.4869578778743744
(21,43): 0.5750150084495544
(21,45): 0.5744056105613708
(21,46): 0.4631405770778656
(21,47): 0.37686893343925476
(22,6): 0.0
(22,8): 0.0
(22,20): 0.4188421070575714
(22,21): 0.0
(22,23): 0.0
(22,48): 0.4932555556297302
(22,51): 0.5062834024429321
(23,6): 0.0
(23,8): 0.0
(23,21): 0.0
(23,22): 0.0
(23,43): 0.42763566970825195
(23,45): 0.4612136483192444
(23,49): 0.46965059638023376
(24,0): 0.42298623919487
(24,1): 0.0
(24,2): 0.0
(24,3): 0.36845889687538147
(24,7): 0.0
(24,10): 0.0
(24,11): 0.0
(24,12): 0.0
(24,13): 0.0
(24,25): 0.0
(24,50): 0.40384310483932495
(25,0): 0.4468299150466919
(25,10): 0.0
(25,11): 0.4965492784976959
(25,12): 0.0
(25,13): 0.0
(25,24): 0.0
(26,3): 0.0
(26,4): 0.0
(26,7): 0.0
(26,14): 0.0
(26,15): 0.47292694449424744
(26,16): 0.0
(26,17): 0.0
(26,19): 0.0
(26,27): 0.0
(26,29): 0.0
(26,41): 0.5436945557594299
(27,3): 0.485074907541275
(27,4): 0.5275443196296692
(27,5): 0.5566756129264832
(27,7): 0.0
(27,14): 0.0
(27,16): 0.0
(27,17): 0.0
(27,19): 0.0
(27,20): 0.4555642902851105
(27,26): 0.0
(27,28): 0.0
(27,46): 0.48146477341651917
(27,50): 0.4626525044441223
(28,17): 0.41448721289634705
(28,19): 0.0
(28,20): 0.0
(28,21): 0.4796963334083557
(28,27): 0.0
(28,29): 0.0
(29,3): 0.566023588180542
(29,4): 0.5630096793174744
(29,5): 0.4836150109767914
(29,7): 0.0
(29,14): 0.0
(29,16): 0.0
(29,17): 0.0
(29,19): 0.0
(29,20): 0.444487601518631
(29,26): 0.0
(29,28): 0.0
(30,1): 0.5771697163581848
(30,2): 0.5507012605667114
(30,4): 0.497560054063797
(30,34): 0.0
(30,50): 0.631424069404602
(31,0): 0.5346747040748596
(31,1): 0.5484805107116699
(31,2): 0.418039470911026
(31,3): 0.0
(31,4): 0.48567086458206177
(32,6): 0.0
(32,45): 0.5532614588737488
(33,5): 0.5543543100357056
(33,6): 0.5143263936042786
(34,5): 0.5823491215705872
(34,6): 0.49126574397087097
(34,7): 0.0
(34,30): 0.0
(34,44): 0.5284882187843323
(34,50): 0.0
(35,9): 0.47391214966773987
(35,36): 0.0
(35,37): 0.0
(36,10): 0.4469980299472809
(36,35): 0.0
(36,37): 0.0
(37,11): 0.6413076519966125
(37,35): 0.0
(37,36): 0.0
(38,9): 0.47498759627342224
(38,12): 0.423571914434433
(38,14): 0.4717794358730316
(38,15): 0.43917563557624817
(38,18): 0.43938711285591125
(38,19): 0.4740379750728607
(38,20): 0.4444527328014374
(38,21): 0.5347917079925537
(39,17): 0.5064911246299744
(39,18): 0.4903128743171692
(39,43): 0.0
(40,18): 0.5468164682388306
(40,20): 0.4390951097011566
(40,21): 0.557887077331543
(41,15): 0.44404327869415283
(41,18): 0.49317052960395813
(41,26): 0.5176523923873901
(42,15): 0.5317779183387756
(42,17): 0.41656890511512756
(42,18): 0.0
(42,20): 0.5024484992027283
(42,21): 0.4762406647205353
(43,11): 0.473992258310318
(43,19): 0.4465416967868805
(43,20): 0.0
(43,21): 0.5034242272377014
(43,23): 0.432813823223114
(43,39): 0.0
(44,9): 0.3996848464012146
(44,11): 0.4223795235157013
(44,15): 0.4912598729133606
(44,16): 0.4407616853713989
(44,18): 0.49137967824935913
(44,19): 0.0
(44,20): 0.5136199593544006
(44,34): 0.47630950808525085
(45,19): 0.42422962188720703
(45,20): 0.4495086371898651
(45,21): 0.44831377267837524
(45,23): 0.4623085856437683
(45,32): 0.5018081665039062
(46,19): 0.4945049583911896
(46,21): 0.0
(46,27): 0.46375057101249695
(46,48): 0.0
(46,49): 0.0
(47,21): 0.5539092421531677
(47,51): 0.0
(48,22): 0.38806289434432983
(48,46): 0.0
(48,49): 0.0
(49,23): 0.4848562180995941
(49,46): 0.0
(49,48): 0.0
(50,10): 0.5244215726852417
(50,19): 0.5309375524520874
(50,24): 0.47561705112457275
(50,27): 0.421979695558548
(50,30): 0.45879802107810974
(50,34): 0.0
(51,22): 0.4960203468799591
(51,47): 0.0
