Interaction name: 6dm8

Affinity: 7.28000020980835
Predicted value: 7.3127593994140625

Shapley values for edges: 

(0,9): 0.008848857879638673
(0,16): 0.010194168090820313
(0,24): 0.007017965316772461
(0,27): 0.0016621589660644532
(0,29): 0.012742080688476563
(0,30): 0.009203538894653321
(0,31): 0.007246913909912109
(0,35): 0.00801137924194336
(0,39): 0.006494779586791993
(1,20): -0.001835203170776367
(1,21): -0.0034104061126708986
(1,27): 1.384735107421875e-05
(1,38): 0.0029312419891357423
(1,39): 0.00020913124084472655
(2,11): -0.0008643054962158203
(2,12): 0.009127111434936523
(2,13): 0.007847814559936524
(3,4): 0.0036425399780273438
(3,6): 0.00015168190002441407
(3,18): -0.010124835968017578
(3,19): -0.01191716194152832
(3,20): -0.002586669921875
(3,40): 0.002767057418823242
(4,3): 0.0029016685485839843
(4,5): 0.00015933990478515626
(4,18): -0.0060400390625
(4,19): -0.009797477722167968
(4,20): -0.007600269317626953
(4,40): 0.0024566555023193357
(5,4): -0.008713130950927734
(5,6): -0.001945161819458008
(5,18): -0.028021583557128905
(5,19): -0.020071630477905274
(5,20): -0.019132280349731447
(6,3): -0.009746208190917968
(6,5): -0.0017767047882080078
(6,18): -0.019519805908203125
(6,19): -0.021836843490600586
(6,20): -0.02363037109375
(7,10): -0.00025325775146484375
(7,25): 0.0004251956939697266
(7,34): 0.0005676746368408203
(7,57): 0.0004900836944580078
(8,25): -0.0006246280670166016
(8,26): -0.0004968929290771484
(8,32): -0.00034519195556640623
(8,33): -0.00017469406127929688
(8,37): 0.0014926624298095704
(8,41): -0.001922616958618164
(8,42): -0.0015858745574951173
(8,43): -0.0019338703155517578
(8,58): -0.000980243682861328
(9,0): 0.002840862274169922
(9,24): 0.00026106834411621094
(9,26): 0.0015982913970947266
(9,27): 0.0007195472717285156
(9,31): 0.0004970645904541016
(9,34): 0.0017524623870849609
(9,41): 0.0010035324096679687
(9,60): 0.0018995380401611328
(10,7): -5.759239196777344e-05
(10,12): 0.0003536605834960937
(10,25): 0.000514068603515625
(10,41): -0.0004708480834960938
(10,42): -0.0009718608856201172
(10,44): -0.0008584403991699219
(10,45): -0.001704721450805664
(10,53): 0.000513763427734375
(10,61): 0.003736104965209961
(11,2): 0.006067848205566407
(11,12): 0.002508964538574219
(11,42): 0.002476024627685547
(12,2): 0.0037026119232177732
(12,10): -0.00018558502197265624
(12,11): 0.001605978012084961
(12,25): 0.0004058933258056641
(12,32): 0.0004862499237060547
(12,37): 0.0033300971984863282
(12,41): 0.00031968116760253904
(12,42): -0.0003427410125732422
(12,44): -0.0008713436126708984
(12,45): -0.001190309524536133
(13,2): 0.0035217666625976564
(13,32): 0.0007359600067138672
(13,37): 0.004336824417114258
(13,41): 0.00048336982727050783
(13,44): -7.451057434082031e-05
(13,58): 0.0004362297058105469
(14,15): -6.59942626953125e-05
(14,17): -0.0005192375183105469
(14,28): -0.0005674171447753906
(14,29): -0.0010278034210205078
(14,35): 0.00111663818359375
(14,36): 0.0022745418548583986
(14,46): -0.0022918701171875
(14,47): -0.0018837261199951172
(14,48): -0.002196826934814453
(15,14): -0.0005897235870361328
(15,16): -0.0009408473968505859
(15,28): -0.0009203910827636719
(15,29): -0.001657257080078125
(15,31): -0.0012489032745361328
(15,35): -0.0002896499633789063
(15,36): 0.002477903366088867
(15,49): -0.0019950294494628907
(15,50): -0.002465028762817383
(16,0): 0.0023444080352783203
(16,15): 0.00026734352111816405
(16,24): -0.0007769298553466796
(16,28): 0.00028529167175292967
(16,29): -0.0001483154296875
(16,30): -0.00041584014892578127
(16,31): -7.4462890625e-05
(16,35): -0.00014085769653320311
(16,36): 0.002715749740600586
(16,44): -0.0007237625122070312
(16,49): -0.00019243240356445313
(16,57): 0.00026716232299804686
(16,62): -0.00018400192260742187
(17,14): -0.0005914878845214844
(17,28): -0.0009227275848388671
(17,29): -0.0006990909576416015
(17,30): -0.001150493621826172
(17,31): -0.0014820766448974609
(17,35): -0.002042264938354492
(17,36): 0.0025634860992431643
(17,51): -0.0028885841369628907
(17,52): -0.0020235919952392577
(17,58): -0.001974449157714844
(18,3): 0.0007703590393066406
(18,4): 0.0003094005584716797
(18,5): 0.018546571731567384
(18,6): 0.014309120178222657
(18,19): 0.0016270351409912109
(18,20): 0.0019320106506347655
(18,21): -0.0002609825134277344
(18,22): -0.001140928268432617
(18,23): -0.0018756484985351562
(18,53): -0.004087715148925781
(18,56): -0.0036891555786132814
(18,61): -0.0026376533508300783
(19,3): 6.625175476074219e-05
(19,4): -0.0025565242767333985
(19,5): 0.010655336380004883
(19,6): 0.012171497344970703
(19,18): -7.249832153320312e-05
(19,20): 3.6468505859375e-05
(19,21): -0.0009839153289794922
(19,22): -0.003175668716430664
(20,1): 0.006593723297119141
(20,3): -0.0003357505798339844
(20,4): 0.0015703487396240235
(20,5): 0.013268709182739258
(20,6): 0.014792394638061524
(20,18): 0.0015085315704345703
(20,19): 0.0010460186004638671
(20,21): -0.0007862091064453125
(20,22): -0.002222929000854492
(20,42): -0.0014551258087158203
(20,44): -0.001319866180419922
(20,45): -0.0033313846588134766
(20,57): -0.0010123538970947265
(20,61): -0.0014647579193115235
(21,1): 0.013281888961791992
(21,18): 0.004379587173461914
(21,19): 0.008649206161499024
(21,20): 0.0034339141845703123
(21,22): -0.00012178421020507813
(21,23): 0.00041194915771484373
(21,45): 0.00031846046447753907
(22,18): 0.0026346874237060548
(22,19): 0.011732053756713868
(22,20): 0.004141254425048828
(22,21): 0.0012554359436035157
(22,23): -0.00019365310668945313
(22,55): -0.00021717071533203125
(23,18): 0.006705799102783203
(23,21): 0.0016385459899902345
(23,22): -0.0011017894744873046
(23,54): 0.0039390850067138675
(23,55): -0.0019501590728759767
(23,56): -0.001065683364868164
(23,57): 0.0004897117614746094
(24,0): 0.0018109703063964844
(24,9): -7.256507873535157e-05
(24,16): 0.0001941680908203125
(24,26): 0.0007541656494140625
(24,27): 0.0024072742462158203
(24,30): 1.4085769653320312e-05
(24,31): -0.00010680198669433593
(24,34): 0.0007653522491455078
(24,41): 0.00010629653930664062
(24,50): 0.0003322124481201172
(24,57): 0.00038604736328125
(25,7): -0.0010292243957519532
(25,8): -0.00012955665588378906
(25,10): -0.0010796260833740234
(25,12): -0.0006559944152832031
(25,26): -0.00035625457763671875
(25,27): -2.2840499877929687e-05
(25,32): -0.0006419181823730469
(25,33): -0.00024616241455078125
(25,34): -0.00025890350341796877
(25,37): 0.001907806396484375
(25,44): -0.001955995559692383
(26,8): 5.161285400390625e-05
(26,9): -0.0024631118774414065
(26,24): -0.0016192722320556641
(26,25): -8.3770751953125e-05
(26,27): 0.0010063457489013672
(26,32): -0.0007316017150878906
(26,33): -6.237030029296876e-05
(26,34): -0.00011537551879882813
(26,37): 0.0021035289764404297
(26,42): -0.00178924560546875
(26,59): -0.0012307167053222656
(27,0): 0.005046396255493164
(27,1): 0.009114456176757813
(27,9): 0.0007425403594970703
(27,24): 0.000829629898071289
(27,25): 0.002030506134033203
(27,26): 0.0018152618408203126
(27,34): 0.0016340923309326172
(27,44): 0.001567087173461914
(28,14): 0.00018347740173339842
(28,15): 0.0003620719909667969
(28,16): 0.00011110305786132812
(28,17): 0.00038775444030761716
(28,29): -6.0596466064453124e-05
(28,30): 9.392738342285156e-05
(28,31): 5.282402038574219e-05
(28,35): 0.0003253936767578125
(29,0): 0.0008779716491699219
(29,14): 0.0007780170440673828
(29,15): 0.001345806121826172
(29,16): -0.000466156005859375
(29,17): 0.0003931617736816406
(29,28): 0.0003334617614746094
(29,30): 0.00019702911376953124
(29,31): 0.00036629676818847654
(29,35): 0.0005984878540039062
(29,36): 0.0014933300018310546
(29,48): 4.484176635742188e-05
(30,0): 0.001855182647705078
(30,16): 0.00030055046081542967
(30,17): 0.00010419845581054688
(30,24): -0.00080841064453125
(30,28): 3.788948059082031e-05
(30,29): 0.00029976844787597655
(30,31): -0.00022095680236816406
(30,35): -0.00019288063049316406
(30,36): 0.002254781723022461
(30,52): -0.0006070709228515624
(30,58): 0.00019631385803222656
(30,60): -0.00069427490234375
(31,0): 0.0010229301452636718
(31,9): -0.0017592620849609375
(31,15): 0.00035785675048828126
(31,16): -0.0003008556365966797
(31,17): 0.00033057212829589843
(31,24): -0.0008640193939208984
(31,28): -0.0005295467376708984
(31,29): -0.000720357894897461
(31,30): -0.0003108406066894531
(31,35): -0.00030327796936035155
(31,36): 0.00288726806640625
(31,62): -0.0012997817993164063
(32,8): 0.0002260303497314453
(32,12): 0.0003646278381347656
(32,13): 0.00013956069946289063
(32,25): 0.00011404991149902344
(32,26): 6.142616271972656e-05
(32,33): 0.00020099639892578124
(32,34): 0.00019388198852539064
(32,42): -0.0010668563842773438
(32,58): -0.00045470237731933596
(33,8): 6.591796875e-05
(33,25): -6.745338439941407e-05
(33,26): -0.00012044906616210937
(33,32): -0.00024667739868164065
(33,34): -0.00019738197326660156
(33,37): 0.0014535713195800782
(33,57): -0.0014236259460449218
(33,59): -0.0009829330444335938
(34,7): -0.0014111328125
(34,9): -0.0016627120971679688
(34,24): -0.0022870922088623047
(34,25): -9.255409240722656e-05
(34,26): -9.291648864746094e-05
(34,27): -7.534027099609375e-05
(34,32): -0.0008104896545410156
(34,33): -0.00011653900146484375
(34,37): 0.0028009414672851562
(34,44): -0.0015436458587646485
(35,0): 0.00392303466796875
(35,14): 0.0010310173034667968
(35,15): 0.00036411285400390626
(35,16): 0.00013854026794433595
(35,17): 0.001785726547241211
(35,28): 0.00031607627868652344
(35,29): 0.0011643505096435548
(35,30): 0.00018291473388671876
(35,31): 0.0005006027221679687
(35,36): 0.0015438938140869142
(36,14): -0.00432154655456543
(36,15): -0.007296295166015625
(36,16): -0.007039508819580078
(36,17): -0.005929012298583985
(36,29): -0.003691253662109375
(36,30): -0.007142343521118164
(36,31): -0.008724994659423828
(36,35): -0.003458528518676758
(37,8): -0.004389925003051758
(37,12): -0.007624769210815429
(37,13): -0.008566017150878907
(37,25): -0.006238260269165039
(37,26): -0.005761833190917969
(37,33): -0.0032184886932373046
(37,34): -0.00759195327758789
(38,1): 0.0033655166625976562
(38,39): -0.0035651016235351564
(38,61): -0.009601116180419922
(39,0): -0.007290515899658203
(39,1): 0.0032067203521728514
(39,38): 0.0037634944915771484
(39,55): 0.0038329601287841798
(39,61): 0.00077545166015625
(40,3): 0.01345966339111328
(40,4): 0.008477783203125
(40,53): 0.00016206741333007812
(40,54): -0.0022545528411865236
(41,8): 0.0010502052307128907
(41,9): -0.0005258941650390626
(41,10): -0.0011423397064208984
(41,12): 0.0001999950408935547
(41,13): 0.0006542587280273437
(41,24): -0.0010144138336181641
(41,57): -0.0003614330291748047
(42,8): 0.000652761459350586
(42,10): -0.0011935138702392578
(42,11): 0.006690454483032226
(42,12): 0.00033782005310058595
(42,20): 0.004218997955322265
(42,26): 0.0007553672790527343
(42,32): -0.00020631790161132813
(43,8): 0.0014135074615478516
(43,59): 0.0004521846771240234
(44,10): -0.0018543720245361329
(44,12): 9.630203247070313e-05
(44,13): -4.887580871582031e-05
(44,16): -0.001276092529296875
(44,20): 0.004718170166015625
(44,25): 0.0006434822082519531
(44,27): 0.002827444076538086
(44,34): 0.00036909103393554686
(45,10): 0.0001724815368652344
(45,12): 0.002766571044921875
(45,20): 0.007445383071899414
(45,21): 0.005633869171142578
(46,14): 0.001079692840576172
(46,51): 0.0001803874969482422
(47,14): 0.0009312820434570312
(47,60): -0.0003502178192138672
(47,62): -0.00013957977294921876
(48,14): 0.0012849617004394532
(48,29): 0.0015382957458496094
(49,15): 0.0011453628540039062
(49,16): -0.00017360687255859374
(49,59): 0.00032678604125976565
(50,15): 0.001249523162841797
(50,24): -0.0005167102813720703
(51,17): 0.0011453533172607422
(51,46): 0.00016724586486816407
(52,17): 0.001257152557373047
(52,30): 5.2032470703125e-05
(53,10): 0.002876930236816406
(53,18): 0.009726648330688476
(53,40): 0.00934152603149414
(53,54): 0.0019056415557861328
(54,23): 0.0012664318084716797
(54,40): 0.006099081039428711
(54,53): 0.001189279556274414
(54,56): 0.0013263320922851562
(55,22): 0.001822967529296875
(55,23): 0.0023633480072021485
(55,39): 0.011910619735717774
(55,61): 0.0013916683197021484
(56,18): 0.014026203155517579
(56,23): -0.0006331634521484375
(56,54): 0.005196218490600586
(57,7): -0.00040863037109375
(57,16): -0.000513763427734375
(57,20): 0.005889978408813477
(57,23): -0.003324451446533203
(57,24): -0.0010322761535644532
(57,33): 0.001011676788330078
(57,41): -0.0005688285827636719
(58,8): 0.0004916000366210938
(58,13): 7.651329040527344e-05
(58,17): 0.000908355712890625
(58,30): -0.0013931846618652343
(58,32): 0.00024349212646484374
(59,26): 0.000513763427734375
(59,33): 0.0010943412780761719
(59,43): -0.0005176162719726562
(59,49): -0.00048427581787109376
(60,9): -4.603385925292969e-05
(60,30): 0.0009640121459960938
(60,47): 0.00034788131713867185
(60,62): 0.00021313667297363282
(61,10): 0.002168588638305664
(61,18): 0.004974422454833985
(61,20): 0.004818973541259766
(61,38): 0.022789688110351564
(61,39): 0.005842409133911133
(61,55): 0.00013371467590332032
(62,16): 0.00030896186828613284
(62,31): 0.0004777622222900391
(62,47): -7.641792297363281e-05
(62,60): -0.00017194747924804689
