Interaction name: 5zwe

Affinity: 8.960000038146973
Predicted value: 9.128795623779297

Attributions for edges: 

(0,5): 0.5147562026977539
(0,6): 0.4586704969406128
(0,7): 0.4927615523338318
(0,8): 0.411697119474411
(0,9): 0.502648651599884
(0,11): 0.5219433903694153
(0,13): 0.5013712644577026
(0,14): 0.5013425350189209
(0,22): 0.4801084101200104
(1,18): 0.5381344556808472
(1,19): 0.45402345061302185
(1,20): 0.4746403694152832
(1,24): 0.43155157566070557
(2,17): 0.4397099018096924
(2,18): 0.5129013061523438
(2,19): 0.48710373044013977
(2,20): 0.47670432925224304
(2,24): 0.5475430488586426
(2,25): 0.4799874424934387
(3,18): 0.5502998232841492
(3,19): 0.5888715982437134
(3,20): 0.42109379172325134
(4,17): 0.4146927297115326
(4,18): 0.4218308627605438
(4,19): 0.5228146910667419
(4,20): 0.5500906705856323
(5,0): 0.6214219927787781
(5,6): 0.44999465346336365
(5,7): 0.5781660079956055
(5,8): 0.6088361740112305
(5,9): 0.5210281014442444
(5,26): 0.6004309058189392
(5,28): 0.5081543326377869
(5,30): 0.4698741137981415
(5,33): 0.5578532814979553
(5,41): 0.4848710298538208
(5,42): 0.5013505220413208
(6,0): 0.5928198099136353
(6,5): 0.40835413336753845
(6,7): 0.5375409126281738
(7,0): 0.5378499627113342
(7,5): 0.48159828782081604
(7,6): 0.4696551263332367
(7,8): 0.35125088691711426
(7,9): 0.5802680253982544
(7,10): 0.47177326679229736
(7,11): 0.535454273223877
(7,13): 0.5236988067626953
(7,26): 0.4953209459781647
(7,27): 0.5634368062019348
(7,33): 0.43975841999053955
(8,0): 0.4830864667892456
(8,5): 0.5105432868003845
(8,7): 0.4238831102848053
(8,9): 0.5481164455413818
(8,10): 0.38990020751953125
(8,11): 0.4907589852809906
(8,13): 0.5289271473884583
(8,21): 0.5296406149864197
(8,22): 0.48364824056625366
(8,27): 0.4515506327152252
(8,31): 0.464046835899353
(9,0): 0.5150972604751587
(9,5): 0.5389530062675476
(9,7): 0.4742572009563446
(9,8): 0.4194229245185852
(9,10): 0.5476101636886597
(9,11): 0.541047990322113
(9,12): 0.5364213585853577
(9,13): 0.4852078855037689
(9,14): 0.47831466794013977
(9,21): 0.4761315882205963
(9,22): 0.4654511511325836
(9,23): 0.4880906045436859
(10,7): 0.5856813788414001
(10,8): 0.38256967067718506
(10,9): 0.4745377004146576
(10,11): 0.4592994749546051
(10,21): 0.49593231081962585
(10,22): 0.5582281947135925
(10,28): 0.4981774091720581
(10,42): 0.509463369846344
(10,43): 0.48617300391197205
(11,0): 0.49096083641052246
(11,7): 0.558169960975647
(11,8): 0.5245741605758667
(11,9): 0.5350854992866516
(11,10): 0.448054701089859
(11,12): 0.504997730255127
(11,13): 0.5187277793884277
(11,14): 0.509151041507721
(11,15): 0.4616395831108093
(11,21): 0.5433129668235779
(11,22): 0.536084771156311
(11,23): 0.418381929397583
(11,43): 0.479972779750824
(12,9): 0.4843483865261078
(12,11): 0.4541319012641907
(12,13): 0.5889474153518677
(12,14): 0.45614123344421387
(12,15): 0.47481769323349
(12,16): 0.4345225989818573
(12,21): 0.39860740303993225
(12,22): 0.4262642562389374
(12,23): 0.46830904483795166
(12,31): 0.4679453372955322
(12,44): 0.44822245836257935
(12,45): 0.4811749756336212
(12,48): 0.44513002038002014
(13,0): 0.5174252390861511
(13,7): 0.43689554929733276
(13,8): 0.5836547613143921
(13,9): 0.5838573575019836
(13,11): 0.44911250472068787
(13,12): 0.5144966244697571
(13,14): 0.41455408930778503
(13,15): 0.5446232557296753
(13,16): 0.43430444598197937
(13,21): 0.44676822423934937
(13,22): 0.6205063462257385
(13,23): 0.6439647674560547
(13,28): 0.5266991257667542
(13,29): 0.4260064959526062
(13,32): 0.5468966364860535
(13,33): 0.5693469643592834
(13,34): 0.5728620290756226
(14,0): 0.5840080976486206
(14,9): 0.5598637461662292
(14,11): 0.5729026794433594
(14,12): 0.4356955289840698
(14,13): 0.4192615747451782
(14,15): 0.4221962094306946
(14,16): 0.49361327290534973
(14,21): 0.5716891288757324
(14,22): 0.42422541975975037
(14,23): 0.45879098773002625
(14,43): 0.5149371027946472
(14,45): 0.596217691898346
(15,11): 0.5887967348098755
(15,12): 0.5231289267539978
(15,13): 0.6158152222633362
(15,14): 0.4627749025821686
(15,16): 0.5258264541625977
(15,22): 0.5432673096656799
(15,32): 0.4442743957042694
(15,34): 0.4210405945777893
(15,35): 0.5205771923065186
(16,12): 0.47024235129356384
(16,13): 0.5408355593681335
(16,14): 0.5837516784667969
(16,15): 0.5166230201721191
(16,22): 0.5689685940742493
(16,23): 0.4690530300140381
(16,30): 0.5677250027656555
(16,34): 0.43482351303100586
(16,36): 0.4486308991909027
(16,37): 0.529715895652771
(16,41): 0.4591396450996399
(17,2): 0.47734951972961426
(17,4): 0.49002712965011597
(17,18): 0.4790973663330078
(17,19): 0.5300970673561096
(17,20): 0.48037418723106384
(17,26): 0.4322146475315094
(17,30): 0.5105225443840027
(17,38): 0.41489896178245544
(17,46): 0.5016873478889465
(17,48): 0.5004239678382874
(18,1): 0.46904054284095764
(18,2): 0.47435930371284485
(18,3): 0.44808536767959595
(18,4): 0.4119258224964142
(18,17): 0.5342176556587219
(18,19): 0.5668817758560181
(18,20): 0.5697926878929138
(18,26): 0.5546450614929199
(18,29): 0.49242502450942993
(18,30): 0.5194690227508545
(18,38): 0.5463801622390747
(19,1): 0.4180055856704712
(19,2): 0.47900649905204773
(19,3): 0.4316510558128357
(19,4): 0.3481338918209076
(19,17): 0.4654086232185364
(19,18): 0.5096999406814575
(19,20): 0.552524209022522
(19,26): 0.4598609209060669
(19,38): 0.48323068022727966
(19,39): 0.5281563997268677
(19,46): 0.5052305459976196
(19,47): 0.5108320713043213
(20,1): 0.5999735593795776
(20,2): 0.5001070499420166
(20,3): 0.5055975914001465
(20,4): 0.45774704217910767
(20,17): 0.4706292152404785
(20,18): 0.6135156154632568
(20,19): 0.5753610134124756
(20,31): 0.5280972123146057
(20,34): 0.5631895065307617
(20,40): 0.4314917027950287
(20,47): 0.5275235176086426
(20,48): 0.5439054369926453
(21,8): 0.5158180594444275
(21,9): 0.5266480445861816
(21,10): 0.5487452149391174
(21,11): 0.5286048650741577
(21,12): 0.5088428258895874
(21,13): 0.5159454941749573
(21,14): 0.43433448672294617
(21,22): 0.542335569858551
(21,23): 0.5265951156616211
(21,27): 0.5816059708595276
(21,28): 0.4100631773471832
(21,44): 0.5152713060379028
(22,0): 0.5715170502662659
(22,8): 0.42442700266838074
(22,9): 0.5230134129524231
(22,10): 0.5156375765800476
(22,11): 0.5288501381874084
(22,12): 0.4613483250141144
(22,13): 0.5441553592681885
(22,14): 0.5268437266349792
(22,15): 0.44919633865356445
(22,16): 0.5567288398742676
(22,21): 0.4409317374229431
(22,23): 0.5472257137298584
(22,32): 0.5406793355941772
(22,41): 0.4526919424533844
(22,42): 0.4880061447620392
(23,9): 0.4525042176246643
(23,11): 0.3642326295375824
(23,12): 0.447956919670105
(23,13): 0.4718288779258728
(23,14): 0.4592597484588623
(23,16): 0.584038257598877
(23,21): 0.5195416212081909
(23,22): 0.495005339384079
(23,29): 0.4681975245475769
(23,30): 0.5412967205047607
(24,1): 0.47914931178092957
(24,2): 0.47981199622154236
(24,39): 0.4177704453468323
(25,2): 0.5109612941741943
(25,40): 0.5512466430664062
(26,5): 0.46041983366012573
(26,7): 0.49794456362724304
(26,17): 0.6398670673370361
(26,18): 0.5774282813072205
(26,19): 0.5278581976890564
(26,34): 0.4530498683452606
(27,7): 0.5468674302101135
(27,8): 0.5075839757919312
(27,21): 0.5384113192558289
(28,5): 0.6121912598609924
(28,10): 0.5786036849021912
(28,13): 0.4796317517757416
(28,21): 0.5385487079620361
(29,13): 0.6045697331428528
(29,18): 0.5488592386245728
(29,23): 0.4805898368358612
(30,5): 0.5245283246040344
(30,16): 0.5214561223983765
(30,17): 0.5509463548660278
(30,18): 0.45776650309562683
(30,23): 0.5923365354537964
(31,8): 0.4753691852092743
(31,12): 0.5436646938323975
(31,20): 0.5099073648452759
(31,36): 0.4579942524433136
(32,13): 0.5134989619255066
(32,15): 0.5583802461624146
(32,22): 0.5199782252311707
(32,34): 0.4974331855773926
(32,38): 0.5518719553947449
(33,5): 0.5024334788322449
(33,7): 0.48317426443099976
(33,13): 0.4506235420703888
(34,13): 0.45678430795669556
(34,15): 0.5790975689888
(34,16): 0.5473827123641968
(34,20): 0.45837339758872986
(34,26): 0.5266209244728088
(34,32): 0.5350573658943176
(35,15): 0.6012284159660339
(35,37): 0.4862710237503052
(36,16): 0.5752051472663879
(36,31): 0.4848342537879944
(37,16): 0.5355094075202942
(37,35): 0.4527322053909302
(38,17): 0.5816214680671692
(38,18): 0.42280369997024536
(38,19): 0.5201560854911804
(38,32): 0.48945119976997375
(38,46): 0.5063563585281372
(39,19): 0.4269613027572632
(39,24): 0.5285819172859192
(40,20): 0.5333040356636047
(40,25): 0.42825981974601746
(41,5): 0.534668505191803
(41,16): 0.5097742676734924
(41,22): 0.5664244890213013
(42,5): 0.5874658226966858
(42,10): 0.577468752861023
(42,22): 0.641598105430603
(42,45): 0.5405856966972351
(43,10): 0.47966083884239197
(43,11): 0.5394817590713501
(43,14): 0.5383061170578003
(44,12): 0.5051764845848083
(44,21): 0.5692651271820068
(45,12): 0.5703004598617554
(45,14): 0.43354201316833496
(45,42): 0.47450360655784607
(46,17): 0.531440258026123
(46,19): 0.5653891563415527
(46,38): 0.5609055757522583
(47,19): 0.5102128982543945
(47,20): 0.5116205215454102
(48,12): 0.4882664978504181
(48,17): 0.5081320405006409
(48,20): 0.49045300483703613
