Interaction name: 5ywy

Affinity: 7.230000019073486
Predicted value: 7.405277729034424

Attributions for edges: 

(0,7): 0.4819045960903168
(0,11): 0.41914328932762146
(0,12): 0.5053573250770569
(0,29): 0.39803680777549744
(0,30): 0.4941020607948303
(1,2): 0.5103962421417236
(1,6): 0.5214696526527405
(1,14): 0.3713517189025879
(1,17): 0.5138534903526306
(1,18): 0.47241926193237305
(1,28): 0.49071407318115234
(1,29): 0.49138808250427246
(1,31): 0.5373817086219788
(2,1): 0.3989747166633606
(2,5): 0.49388447403907776
(2,14): 0.3908129036426544
(2,18): 0.4660578966140747
(2,28): 0.3989790678024292
(2,29): 0.5254870057106018
(2,31): 0.4844660460948944
(3,4): 0.5221186280250549
(3,7): 0.5092925429344177
(3,10): 0.4456666111946106
(3,13): 0.48961952328681946
(3,17): 0.48784828186035156
(3,19): 0.5752660036087036
(3,24): 0.46045804023742676
(3,25): 0.4624112546443939
(3,28): 0.5058103799819946
(3,29): 0.416934996843338
(3,30): 0.5137929320335388
(4,3): 0.5054715275764465
(4,7): 0.48783576488494873
(4,8): 0.531624972820282
(4,10): 0.46326273679733276
(4,11): 0.5023404359817505
(4,13): 0.5541988611221313
(4,17): 0.40532422065734863
(4,18): 0.51253342628479
(4,19): 0.49360328912734985
(4,24): 0.3598097562789917
(4,25): 0.6069778203964233
(5,2): 0.4312607944011688
(5,6): 0.5464619398117065
(5,14): 0.44085776805877686
(5,17): 0.4298745393753052
(5,18): 0.5329095721244812
(6,1): 0.4932524263858795
(6,5): 0.44493547081947327
(6,14): 0.4153510332107544
(6,18): 0.45184028148651123
(7,0): 0.506955623626709
(7,3): 0.519803524017334
(7,4): 0.4638589918613434
(7,8): 0.41956064105033875
(7,11): 0.5240638256072998
(7,12): 0.467306524515152
(7,13): 0.4126291871070862
(7,17): 0.470080703496933
(7,32): 0.5066514015197754
(7,44): 0.5182512998580933
(8,4): 0.4007495045661926
(8,7): 0.49788933992385864
(8,11): 0.45858272910118103
(8,12): 0.4948704242706299
(8,13): 0.4968055784702301
(8,17): 0.44551408290863037
(8,18): 0.5133483409881592
(8,32): 0.52591872215271
(8,39): 0.5144264698028564
(9,15): 0.37609830498695374
(9,22): 0.4268525242805481
(9,23): 0.5353081226348877
(9,25): 0.5084255337715149
(9,26): 0.5271409153938293
(9,27): 0.5567201375961304
(9,40): 0.46196457743644714
(9,42): 0.46233806014060974
(10,3): 0.4687088131904602
(10,4): 0.4002266526222229
(10,16): 0.5010418891906738
(10,19): 0.47914543747901917
(10,22): 0.5056493282318115
(10,24): 0.5059522986412048
(10,25): 0.43664491176605225
(10,26): 0.4838482737541199
(10,27): 0.4882255792617798
(10,39): 0.5915111899375916
(10,42): 0.4756627678871155
(11,0): 0.49203595519065857
(11,4): 0.42193663120269775
(11,7): 0.4834446609020233
(11,8): 0.4321981370449066
(11,12): 0.5093556046485901
(11,13): 0.45612362027168274
(11,38): 0.5712734460830688
(12,0): 0.36840564012527466
(12,7): 0.5586448907852173
(12,8): 0.4214625358581543
(12,11): 0.4897207021713257
(12,13): 0.5247856974601746
(12,17): 0.32605355978012085
(12,34): 0.5599349737167358
(12,38): 0.495893269777298
(13,3): 0.5721772313117981
(13,4): 0.42039141058921814
(13,7): 0.4502924680709839
(13,8): 0.44944366812705994
(13,11): 0.42887115478515625
(13,12): 0.5017361640930176
(13,14): 0.41379255056381226
(13,17): 0.563130259513855
(13,18): 0.5134919881820679
(13,32): 0.4445531666278839
(13,42): 0.6106613874435425
(13,44): 0.44434159994125366
(14,1): 0.42609840631484985
(14,2): 0.4126271605491638
(14,5): 0.536835253238678
(14,6): 0.41171228885650635
(14,13): 0.4786257743835449
(14,17): 0.5678937435150146
(14,18): 0.46573787927627563
(14,35): 0.4623003900051117
(14,36): 0.5273838043212891
(14,45): 0.4308111369609833
(15,9): 0.5052730441093445
(15,16): 0.46647247672080994
(15,20): 0.5334407687187195
(15,21): 0.490960955619812
(15,22): 0.5647808909416199
(15,23): 0.4940657615661621
(15,24): 0.47272151708602905
(15,26): 0.4796668589115143
(15,27): 0.42001068592071533
(16,10): 0.49222347140312195
(16,15): 0.34013909101486206
(16,19): 0.48379525542259216
(16,20): 0.5313754081726074
(16,21): 0.4576699137687683
(16,23): 0.453580379486084
(16,24): 0.4348392188549042
(16,25): 0.44230836629867554
(16,26): 0.47111108899116516
(16,27): 0.46100783348083496
(16,33): 0.48695239424705505
(17,1): 0.4474940001964569
(17,3): 0.491045206785202
(17,4): 0.39075377583503723
(17,5): 0.4544231593608856
(17,7): 0.6301127672195435
(17,8): 0.43585842847824097
(17,12): 0.4971771836280823
(17,13): 0.5298530459403992
(17,14): 0.48491159081459045
(17,18): 0.6218597292900085
(17,35): 0.48141950368881226
(18,1): 0.4421314597129822
(18,2): 0.40517881512641907
(18,4): 0.42031022906303406
(18,5): 0.457814484834671
(18,6): 0.5868844985961914
(18,8): 0.5485013723373413
(18,13): 0.5332731604576111
(18,14): 0.4310038387775421
(18,17): 0.5017195343971252
(18,43): 0.44772693514823914
(18,44): 0.4520403742790222
(19,3): 0.3898921608924866
(19,4): 0.5773436427116394
(19,10): 0.5703660845756531
(19,16): 0.49371424317359924
(19,24): 0.3711245059967041
(19,25): 0.4487631618976593
(19,27): 0.4323161542415619
(19,33): 0.5134178400039673
(19,34): 0.6093134880065918
(19,35): 0.4953881800174713
(20,15): 0.5213889479637146
(20,16): 0.46103736758232117
(20,21): 0.4788628816604614
(20,24): 0.4698884189128876
(20,26): 0.4635113477706909
(20,27): 0.5604600310325623
(20,37): 0.4951757490634918
(21,15): 0.46438273787498474
(21,16): 0.5357732772827148
(21,20): 0.5058496594429016
(21,23): 0.4415489435195923
(21,26): 0.45608991384506226
(21,27): 0.4657495617866516
(21,42): 0.4878382384777069
(22,9): 0.5513231754302979
(22,10): 0.43691563606262207
(22,15): 0.43195199966430664
(22,23): 0.4632314443588257
(22,24): 0.46383360028266907
(22,25): 0.43964067101478577
(22,26): 0.5136980414390564
(22,27): 0.4452309012413025
(22,40): 0.40230172872543335
(22,43): 0.552477240562439
(23,9): 0.4400706887245178
(23,15): 0.4128483235836029
(23,16): 0.4604148864746094
(23,21): 0.46329396963119507
(23,22): 0.5007655024528503
(23,24): 0.48600953817367554
(23,25): 0.5241477489471436
(23,26): 0.4919809103012085
(23,27): 0.4948005974292755
(23,41): 0.5053485631942749
(24,3): 0.4807935059070587
(24,4): 0.512376606464386
(24,10): 0.4515644609928131
(24,15): 0.48887452483177185
(24,16): 0.4857390224933624
(24,19): 0.4984058439731598
(24,20): 0.5240113139152527
(24,22): 0.515341579914093
(24,23): 0.4849422574043274
(24,25): 0.5602841377258301
(24,26): 0.39357319474220276
(24,27): 0.5134874582290649
(25,3): 0.5014700889587402
(25,4): 0.47735342383384705
(25,9): 0.5209189057350159
(25,10): 0.45951223373413086
(25,16): 0.4774346947669983
(25,19): 0.36519017815589905
(25,22): 0.4767703413963318
(25,23): 0.44358041882514954
(25,24): 0.5280475616455078
(25,26): 0.449047714471817
(25,27): 0.5906084775924683
(25,32): 0.4360905885696411
(25,44): 0.44950005412101746
(26,9): 0.4476605951786041
(26,10): 0.47381675243377686
(26,15): 0.3981509208679199
(26,16): 0.44446098804473877
(26,20): 0.44813957810401917
(26,21): 0.48965272307395935
(26,22): 0.4688364267349243
(26,23): 0.4684600830078125
(26,24): 0.4664103388786316
(26,25): 0.5349448919296265
(26,27): 0.4858255684375763
(26,45): 0.49137213826179504
(27,9): 0.4864063262939453
(27,10): 0.4772912859916687
(27,15): 0.48684850335121155
(27,16): 0.43290606141090393
(27,19): 0.3928467035293579
(27,20): 0.4199679493904114
(27,21): 0.4620157778263092
(27,22): 0.468292772769928
(27,23): 0.44605252146720886
(27,24): 0.4252135455608368
(27,25): 0.48944786190986633
(27,26): 0.4925241470336914
(28,1): 0.44363531470298767
(28,2): 0.4489824175834656
(28,3): 0.46666839718818665
(28,29): 0.48883670568466187
(28,31): 0.4983211159706116
(28,45): 0.4876518249511719
(29,0): 0.4710010588169098
(29,1): 0.4798268675804138
(29,2): 0.5436843037605286
(29,3): 0.444318026304245
(29,28): 0.5574749708175659
(29,31): 0.5049548149108887
(29,41): 0.5101331472396851
(29,44): 0.47672024369239807
(29,45): 0.4965879023075104
(30,0): 0.5132097005844116
(30,3): 0.4436008334159851
(30,35): 0.46400898694992065
(31,1): 0.45233896374702454
(31,2): 0.5887705087661743
(31,28): 0.48135602474212646
(31,29): 0.4469866454601288
(31,44): 0.4458713233470917
(31,45): 0.4569128751754761
(32,7): 0.5470980405807495
(32,8): 0.4534853398799896
(32,13): 0.5083567500114441
(32,25): 0.508073091506958
(33,16): 0.5581660270690918
(33,19): 0.4684460759162903
(33,37): 0.3544101417064667
(34,12): 0.3314201831817627
(34,19): 0.563890814781189
(35,14): 0.6185418963432312
(35,17): 0.49221259355545044
(35,19): 0.5089144110679626
(35,30): 0.3835965394973755
(36,14): 0.5323746204376221
(37,20): 0.4370628297328949
(37,33): 0.5263705253601074
(38,11): 0.5013422966003418
(38,12): 0.4778813123703003
(39,8): 0.5039850473403931
(39,10): 0.41867631673812866
(40,9): 0.4149780869483948
(40,22): 0.5454468131065369
(41,23): 0.4881931245326996
(41,29): 0.45643624663352966
(41,44): 0.4950031340122223
(41,45): 0.4546884000301361
(42,9): 0.5389377474784851
(42,10): 0.4510599374771118
(42,13): 0.3985324800014496
(42,21): 0.4481799900531769
(43,18): 0.45657604932785034
(43,22): 0.5228089690208435
(44,7): 0.47091493010520935
(44,13): 0.4823281168937683
(44,18): 0.4363246262073517
(44,25): 0.4625422954559326
(44,29): 0.41282767057418823
(44,31): 0.4014332592487335
(44,41): 0.48475557565689087
(44,45): 0.481785386800766
(45,14): 0.5284356474876404
(45,26): 0.5444722175598145
(45,28): 0.5376976132392883
(45,29): 0.4457971751689911
(45,31): 0.5268206000328064
(45,41): 0.4945739805698395
(45,44): 0.3973352313041687
