Interaction name: 5l26

Affinity: 5.349999904632568
Predicted value: 6.222121715545654

Attributions for edges: 

(0,2): 9.059727970729713e-21
(0,6): 2.6056853705629185e-21
(0,7): 9.059970308799797e-21
(0,10): 9.051402850228765e-21
(0,14): 8.366837384126542e-21
(1,6): 1.2484772694582094e-21
(1,15): 3.814722724960149e-21
(2,0): 9.062423577862613e-21
(2,3): 1.5026464456823133e-20
(2,4): 1.5028813520515813e-20
(2,8): 1.503236942779751e-20
(2,10): 1.4959947503346506e-20
(2,11): 1.5017467252074485e-20
(2,12): 1.5019530356844466e-20
(2,15): 1.3158817457268407e-20
(3,2): 1.5025718055567275e-20
(3,4): 1.5081017987573286e-20
(3,5): 1.5069804197276937e-20
(3,7): 1.50261768823133e-20
(3,9): 1.5099035015290456e-20
(3,10): 1.5011911247921028e-20
(3,11): 1.506963132945361e-20
(3,12): 1.5071759057708947e-20
(3,13): 1.507808569692527e-20
(3,15): 1.3204473949672213e-20
(4,2): 1.502806873484709e-20
(4,3): 1.5080959826436466e-20
(4,5): 1.5072161338905286e-20
(4,7): 1.5028469400456294e-20
(4,8): 1.5086829254493898e-20
(4,9): 1.510134045813052e-20
(4,10): 1.5014258696026574e-20
(4,11): 1.507198847108196e-20
(4,12): 1.5074058038200476e-20
(4,13): 1.50803846774168e-20
(4,15): 1.3206538670029328e-20
(5,3): 1.5069804197276937e-20
(5,4): 1.5072161338905286e-20
(5,8): 1.5075668778572967e-20
(5,11): 1.5060781143134147e-20
(5,12): 1.506290725580235e-20
(5,13): 1.506922904825727e-20
(5,15): 1.3196769214630679e-20
(5,16): 1.4972049866566496e-20
(6,0): 2.604174796592729e-21
(6,1): 1.2485628955763057e-21
(7,0): 9.062562518356128e-21
(7,3): 1.502663732464646e-20
(7,4): 1.502904454947596e-20
(7,8): 1.5032598841170524e-20
(7,10): 1.4960175301132385e-20
(7,11): 1.5017696665447498e-20
(7,12): 1.5019758154630345e-20
(8,2): 1.5031395228755774e-20
(8,4): 1.508671454780739e-20
(8,5): 1.507555407188646e-20
(8,7): 1.503179589436498e-20
(8,9): 1.510468149232341e-20
(8,10): 1.5017581958760992e-20
(8,11): 1.5075323042926314e-20
(8,12): 1.5077452386768785e-20
(8,13): 1.5083722480435422e-20
(9,3): 1.509840170513397e-20
(9,4): 1.5100763693523722e-20
(9,8): 1.5104277595539938e-20
(9,11): 1.508936249511984e-20
(9,12): 1.5091433677825492e-20
(9,13): 1.509777001056462e-20
(10,0): 9.054234974474479e-21
(10,2): 1.496023184668207e-20
(10,3): 1.5012885446962766e-20
(10,4): 1.5015234510655446e-20
(10,7): 1.4960632512291276e-20
(10,8): 1.501872741003892e-20
(10,11): 1.5003896320149787e-20
(10,12): 1.500601435488232e-20
(10,13): 1.5012311913530234e-20
(10,17): 1.4861999302179997e-20
(10,18): 1.420242293007126e-20
(11,2): 1.501666430526894e-20
(11,3): 1.506957316831679e-20
(11,4): 1.507198847108196e-20
(11,5): 1.5060839304270967e-20
(11,7): 1.5017123132014966e-20
(11,8): 1.5075439365199955e-20
(11,9): 1.5089937644139507e-20
(11,10): 1.5002923736695184e-20
(11,12): 1.5062677842429337e-20
(11,13): 1.5068941473747438e-20
(11,19): 1.4938277633119604e-20
(12,2): 1.5018956823411934e-20
(12,3): 1.5071873764395454e-20
(12,4): 1.5074289067160623e-20
(12,5): 1.5063136669175362e-20
(12,7): 1.501941565015796e-20
(12,8): 1.5077796506828304e-20
(12,9): 1.5092239855805304e-20
(12,10): 1.500521302366391e-20
(12,11): 1.5062850710252663e-20
(12,13): 1.5071298615375788e-20
(12,18): 1.4258226925263044e-20
(13,3): 1.5077739961278618e-20
(13,4): 1.5080155264043787e-20
(13,5): 1.5068998019297125e-20
(13,8): 1.5083722480435422e-20
(13,9): 1.5098114130624138e-20
(13,10): 1.5011109916702618e-20
(13,11): 1.5068770221511246e-20
(13,12): 1.5070839788629762e-20
(13,20): 1.5054750156363325e-20
(13,21): 1.501242662021674e-20
(14,0): 8.371562168699611e-21
(14,18): 1.3131587543920214e-20
(15,1): 3.817925222556308e-21
(15,2): 1.3157562146065373e-20
(15,3): 1.3203920611078855e-20
(15,4): 1.3205986139229537e-20
(15,5): 1.3196215876037321e-20
(15,20): 1.3183686997813984e-20
(16,5): 1.4972734875511266e-20
(16,19): 1.4851003616146724e-20
(16,21): 1.491652375236174e-20
(17,10): 1.486290564656211e-20
(17,19): 1.4798862156987473e-20
(18,10): 1.4203939966389984e-20
(18,12): 1.426056629543292e-20
(18,14): 1.3129734465477639e-20
(19,11): 1.493958787428519e-20
(19,16): 1.485157068723072e-20
(19,17): 1.479829670149061e-20
(20,13): 1.5055554718756004e-20
(20,15): 1.3184794482794267e-20
(21,13): 1.5012769124689125e-20
(21,16): 1.491601322682743e-20
