Interaction name: 5x33

Affinity: 8.489999771118164
Predicted value: 8.258459091186523

Attributions for edges: 

(0,8): 0.0
(0,9): 0.0
(0,11): 0.0
(0,17): 0.0
(0,18): 0.0
(0,19): 0.0
(0,20): 0.0
(0,27): 0.0
(0,28): 0.0
(0,36): 0.0
(0,38): 0.0
(1,10): 0.0
(1,26): 0.0
(1,30): 0.0
(1,31): 0.0
(1,34): 0.0
(2,12): 0.0
(2,13): 0.0
(2,19): 0.0
(2,21): 0.0
(2,22): 0.0
(2,23): 0.0
(2,25): 0.0
(2,32): 0.0
(2,33): 0.0
(2,36): 0.0
(3,10): 0.0
(3,26): 0.0
(3,30): 0.0
(3,31): 0.0
(3,34): 0.0
(4,5): 0.0
(4,6): 0.0
(4,24): 0.0
(4,25): 0.0
(4,33): 0.0
(4,37): 0.0
(5,4): 0.0
(5,6): 0.0
(5,24): 0.0
(5,25): 0.0
(5,33): 0.0
(5,37): 0.0
(5,39): 0.0
(6,4): 0.0
(6,5): 0.0
(6,23): 0.0
(6,24): 0.0
(6,25): 0.0
(6,32): 0.0
(6,33): 0.0
(6,37): 0.0
(6,40): 0.0
(7,15): 0.0
(7,16): 0.0
(7,17): 0.0
(7,18): 0.0
(7,27): 0.0
(7,29): 0.0
(7,30): 0.0
(7,34): 0.0
(7,35): 0.0
(7,38): 0.0
(7,41): 0.0
(7,42): 0.0
(7,43): 0.0
(7,48): 0.0
(7,49): 0.0
(8,0): 0.0
(8,9): 0.0
(8,11): 0.0
(8,17): 0.0
(8,18): 0.0
(8,27): 0.0
(8,29): 0.0
(8,35): 0.0
(8,38): 0.0
(8,50): 0.0
(9,0): 0.0
(9,8): 0.0
(9,11): 0.0
(9,17): 0.0
(9,18): 0.0
(9,20): 0.0
(9,27): 0.0
(9,28): 0.0
(9,29): 0.0
(9,38): 0.0
(10,1): 0.0
(10,3): 0.0
(10,15): 1.2835079610651736e-35
(10,26): 9.854971842576842e-36
(10,30): 1.4669532389507552e-35
(10,31): 0.0
(10,34): 0.0
(10,44): 1.687029005760708e-36
(11,0): 0.0
(11,8): 0.0
(11,9): 0.0
(11,12): 0.0
(11,14): 1.6698319378153952e-28
(11,18): 3.830113537157847e-32
(11,19): 6.470616799581557e-30
(11,20): 0.0
(11,28): 0.0
(11,36): 0.0
(11,38): 0.0
(11,45): 0.0
(11,46): 5.767316472049734e-26
(12,2): 0.0
(12,11): 0.0
(12,13): 0.0
(12,14): 4.644774718417254e-39
(12,19): 0.0
(12,20): 0.0
(12,21): 0.0
(12,22): 0.0
(12,28): 0.0
(12,36): 0.0
(12,50): 1.4686923725382084e-38
(12,53): 3.015748908894366e-36
(12,55): 0.0
(12,57): 6.180763412743798e-37
(13,2): 0.0
(13,12): 0.0
(13,14): 1.2676838441193752e-35
(13,19): 4.912269927518744e-37
(13,21): 0.0
(13,22): 0.0
(13,23): 3.7182874052775405e-37
(13,28): 0.0
(13,32): 0.0
(13,36): 0.0
(13,47): 0.0
(13,48): 0.0
(13,51): 0.0
(13,54): 7.106838643689926e-34
(14,11): 1.621478577666637e-28
(14,12): 4.6463693960696555e-39
(14,13): 1.2779382817161542e-35
(14,19): 4.041976522490702e-27
(14,20): 0.0
(14,21): 1.780878831552265e-29
(14,28): 0.0
(14,36): 0.0
(14,43): 5.429916965101214e-25
(14,53): 6.772641608385058e-23
(15,7): 0.0
(15,10): 1.486012691727607e-35
(15,16): 2.1469283366356137e-30
(15,17): 7.497404532256461e-30
(15,26): 1.2294512763666132e-26
(15,27): 4.798794575668977e-27
(15,29): 2.076461707361311e-26
(15,30): 1.8301167785467175e-26
(15,31): 0.0
(15,34): 7.037759213998872e-38
(15,35): 2.0639651050833917e-29
(15,50): 1.2955960614891098e-25
(16,7): 0.0
(16,15): 2.0138693350490876e-30
(16,17): 9.429480482735414e-34
(16,27): 6.035440797545561e-31
(16,29): 2.6115747343631094e-30
(16,30): 2.301719313542854e-30
(16,34): 0.0
(16,35): 2.5958476646697115e-33
(16,49): 1.8401038904611944e-36
(16,50): 1.6294704948047703e-29
(16,57): 6.857425233973874e-28
(16,58): 0.0
(17,0): 0.0
(17,7): 0.0
(17,8): 0.0
(17,9): 0.0
(17,15): 7.163740930973295e-30
(17,16): 9.605121379267341e-34
(17,18): 4.2045816624180844e-33
(17,27): 2.146911785675154e-30
(17,29): 9.289827658729281e-30
(17,35): 9.233954813562381e-33
(17,38): 0.0
(17,42): 1.1902165396883476e-26
(17,44): 9.415943908561207e-31
(17,49): 6.54562234133853e-36
(18,0): 0.0
(18,7): 0.0
(18,8): 0.0
(18,9): 0.0
(18,11): 3.708706717363395e-32
(18,17): 4.365540267166257e-33
(18,20): 0.0
(18,27): 2.794210821452628e-30
(18,28): 0.0
(18,29): 1.2090640620693416e-29
(18,35): 1.2018014735833087e-32
(18,57): 3.1747389352178796e-27
(19,0): 0.0
(19,2): 0.0
(19,11): 6.268570573613069e-30
(19,12): 0.0
(19,13): 4.940458223219348e-37
(19,14): 4.03252059164975e-27
(19,20): 0.0
(19,21): 6.884805995675713e-31
(19,28): 0.0
(19,59): 2.6182559684840894e-24
(20,0): 0.0
(20,9): 0.0
(20,11): 0.0
(20,12): 0.0
(20,14): 0.0
(20,18): 0.0
(20,19): 0.0
(20,21): 0.0
(20,28): 0.0
(20,36): 0.0
(20,38): 0.0
(21,2): 0.0
(21,12): 0.0
(21,13): 0.0
(21,14): 1.6973957869941545e-29
(21,19): 6.577451838754911e-31
(21,20): 0.0
(21,28): 0.0
(21,36): 0.0
(21,43): 8.835959547379616e-29
(22,2): 0.0
(22,12): 0.0
(22,13): 0.0
(22,23): 2.051578617337619e-36
(22,24): 8.684525631581174e-34
(22,25): 6.73789541534695e-33
(22,32): 0.0
(22,33): 7.096899471611739e-33
(22,37): 0.0
(22,57): 9.307513576616993e-33
(23,2): 0.0
(23,6): 0.0
(23,13): 3.3637577727645903e-37
(23,22): 2.200703499506091e-36
(23,24): 3.4089628698530766e-26
(23,25): 2.644866712007523e-25
(23,32): 1.1020001251626001e-36
(23,33): 2.7857779772787577e-25
(23,37): 0.0
(23,59): 1.7826777343797577e-24
(24,4): 0.0
(24,5): 0.0
(24,6): 0.0
(24,22): 1.0118052931023454e-33
(24,23): 3.7025688869077685e-26
(24,25): 1.216011162478423e-22
(24,32): 5.0666051898321654e-34
(24,33): 1.2808068088380838e-22
(24,54): 7.076849723721075e-23
(24,56): 0.0
(25,2): 0.0
(25,4): 0.0
(25,5): 0.0
(25,6): 0.0
(25,22): 7.737540219390039e-33
(25,23): 2.831418511026451e-25
(25,24): 1.1985568891983754e-22
(25,32): 3.874535542143818e-33
(25,33): 9.794551525289851e-22
(25,37): 0.0
(25,51): 0.0
(25,54): 5.411789272820816e-22
(25,55): 0.0
(26,1): 0.0
(26,3): 0.0
(26,10): 1.0829350761602011e-35
(26,15): 1.1669108614313176e-26
(26,30): 1.3337015561075032e-26
(26,31): 0.0
(26,34): 5.128821883832661e-38
(26,35): 1.5041192378884504e-29
(26,52): 2.483756052738312e-28
(27,0): 0.0
(27,7): 0.0
(27,8): 0.0
(27,9): 0.0
(27,15): 4.593860607332609e-27
(27,16): 6.159364233195688e-31
(27,17): 2.150961316693963e-30
(27,18): 2.6962637420856155e-30
(27,29): 5.957223718662411e-27
(27,30): 5.250437858765417e-27
(27,35): 5.921394617747427e-30
(27,38): 0.0
(27,43): 6.119215612214766e-26
(27,44): 6.038074931803268e-28
(28,0): 0.0
(28,9): 0.0
(28,11): 0.0
(28,12): 0.0
(28,13): 0.0
(28,14): 0.0
(28,18): 0.0
(28,19): 0.0
(28,20): 0.0
(28,21): 0.0
(28,36): 0.0
(28,38): 0.0
(28,42): 0.0
(28,50): 0.0
(28,57): 0.0
(28,59): 0.0
(29,7): 0.0
(29,8): 0.0
(29,9): 0.0
(29,15): 2.0354839270461772e-26
(29,16): 2.7291499362815082e-30
(29,17): 9.530685510817287e-30
(29,18): 1.1946954209779975e-29
(29,27): 6.1001943577120196e-27
(29,30): 2.3264141340733353e-26
(29,34): 8.946317072540944e-38
(29,35): 2.6237082058602067e-29
(29,38): 0.0
(29,50): 1.6469590227576238e-25
(29,58): 3.016416509903546e-36
(30,1): 0.0
(30,3): 0.0
(30,7): 0.0
(30,10): 1.6701699816943386e-35
(30,15): 1.799689550615728e-26
(30,16): 2.4129910445544032e-30
(30,26): 1.3818188357636783e-26
(30,27): 5.393494779476534e-27
(30,29): 2.3338006146704447e-26
(30,31): 0.0
(30,34): 7.909989035327069e-38
(30,35): 2.3197642614946431e-29
(31,1): 0.0
(31,3): 0.0
(31,10): 0.0
(31,15): 0.0
(31,26): 0.0
(31,30): 0.0
(31,34): 0.0
(31,35): 0.0
(32,2): 0.0
(32,6): 0.0
(32,13): 0.0
(32,22): 0.0
(32,23): 1.0126109149701377e-36
(32,24): 4.286411681269662e-34
(32,25): 3.3256410264212435e-33
(32,33): 3.502862228171058e-33
(32,37): 0.0
(32,43): 1.7971507500404377e-34
(33,2): 0.0
(33,4): 0.0
(33,5): 0.0
(33,6): 0.0
(33,22): 8.145392678087217e-33
(33,23): 2.980688004107535e-25
(33,24): 1.2617436379646197e-22
(33,25): 9.789322071685833e-22
(33,32): 4.0787659306556825e-33
(33,37): 0.0
(33,43): 5.289993629784633e-23
(33,56): 0.0
(34,1): 0.0
(34,3): 0.0
(34,7): 0.0
(34,10): 0.0
(34,15): 6.646157950352516e-38
(34,16): 0.0
(34,26): 5.103022297546284e-38
(34,29): 8.618632955488143e-38
(34,30): 7.596117236977424e-38
(34,31): 0.0
(34,35): 0.0
(34,41): 0.0
(34,42): 1.1042230033471043e-34
(34,58): 0.0
(35,7): 0.0
(35,8): 0.0
(35,15): 2.007496688650681e-29
(35,16): 2.691645311473943e-33
(35,17): 9.39971274133977e-33
(35,18): 1.1782597747509939e-32
(35,26): 1.5413868850920048e-29
(35,27): 6.0163418355311406e-30
(35,29): 2.603330061489267e-29
(35,30): 2.2944530281270877e-29
(35,31): 0.0
(35,34): 0.0
(35,38): 0.0
(36,0): 0.0
(36,2): 0.0
(36,11): 0.0
(36,12): 0.0
(36,13): 0.0
(36,14): 0.0
(36,20): 0.0
(36,21): 0.0
(36,28): 0.0
(37,4): 0.0
(37,5): 0.0
(37,6): 0.0
(37,22): 0.0
(37,23): 0.0
(37,25): 0.0
(37,32): 0.0
(37,33): 0.0
(38,0): 0.0
(38,7): 0.0
(38,8): 0.0
(38,9): 0.0
(38,11): 0.0
(38,17): 0.0
(38,20): 0.0
(38,27): 0.0
(38,28): 0.0
(38,29): 0.0
(38,35): 0.0
(39,5): 0.0
(40,6): 0.0
(41,7): 0.0
(41,34): 0.0
(41,43): 0.0
(42,7): 0.0
(42,17): 1.1605361103525936e-26
(42,28): 0.0
(42,34): 1.0893784841593862e-34
(42,53): 4.118018836310374e-20
(43,7): 0.0
(43,14): 4.929983268950319e-25
(43,21): 8.416998765808693e-29
(43,27): 5.773920716940631e-26
(43,32): 1.9787596910845627e-34
(43,33): 5.002164475651539e-23
(43,41): 0.0
(44,10): 1.5740803137965505e-36
(44,17): 7.94173387370344e-31
(44,27): 5.083172865321827e-28
(44,52): 3.6102321160985415e-29
(45,11): 0.0
(45,50): 0.0
(46,11): 5.177604734946931e-26
(46,59): 2.1625895560704452e-20
(47,13): 0.0
(47,51): 0.0
(48,7): 0.0
(48,13): 0.0
(49,7): 0.0
(49,16): 1.3705511509998265e-36
(49,17): 4.786176203969753e-36
(50,8): 0.0
(50,12): 1.3014772484783316e-38
(50,15): 1.1418078745353064e-25
(50,16): 1.5309209604770293e-29
(50,28): 0.0
(50,29): 1.48067873033158e-25
(50,45): 0.0
(51,13): 0.0
(51,25): 0.0
(51,47): 0.0
(52,26): 2.0400369602498047e-28
(52,44): 3.492275527389007e-29
(53,12): 2.8251771606336837e-36
(53,14): 6.342412016806899e-23
(53,42): 4.118018836310374e-20
(54,13): 6.435844427721486e-34
(54,24): 6.52231016852074e-23
(54,25): 5.060377361747056e-22
(54,55): 0.0
(54,57): 6.990244155924843e-22
(55,12): 0.0
(55,25): 0.0
(55,54): 0.0
(56,24): 0.0
(56,33): 0.0
(57,12): 5.601605187984071e-37
(57,16): 6.589139340860843e-28
(57,18): 2.884398062753704e-27
(57,22): 1.0079650999950029e-32
(57,28): 0.0
(57,54): 7.050016336040056e-22
(58,16): 0.0
(58,29): 2.0022810718873244e-36
(58,34): 0.0
(59,19): 2.4576821479349946e-24
(59,23): 1.860315058088894e-24
(59,28): 0.0
(59,46): 2.1905535922122794e-20
