Interaction name: 2wxd

Affinity: 5.480000019073486
Predicted value: 6.490420818328857

Shapley values for edges: 

(0,1): -0.0036441802978515623
(0,2): -0.004155569076538086
(0,3): -0.0062760114669799805
(0,4): -0.004757595062255859
(0,7): -0.012906904220581055
(0,8): -0.006678752899169922
(0,20): -0.005026960372924804
(0,25): -0.0072795295715332034
(1,0): -0.007453913688659668
(1,2): -0.00608726978302002
(1,3): -0.006839728355407715
(1,4): -0.0047350025177001955
(1,6): -0.007150053977966309
(1,8): -0.01176480770111084
(1,20): -0.0023379945755004883
(1,21): -0.002668266296386719
(1,25): -0.004186449050903321
(2,0): -0.004659438133239746
(2,1): -0.005620918273925781
(2,3): -0.002718214988708496
(2,4): -0.0039001798629760744
(2,6): -0.007408308982849121
(2,7): -0.004676008224487304
(2,20): -0.0025484323501586913
(2,21): -0.0034172964096069337
(2,22): -0.003242788314819336
(2,25): -0.004203104972839355
(3,0): -0.0036353111267089845
(3,1): -0.0015190887451171876
(3,2): -0.002950024604797363
(3,4): -0.005356488227844239
(3,6): -0.011239838600158692
(3,7): -0.00830660343170166
(3,8): -0.001103825569152832
(3,10): -0.01585628032684326
(3,12): -0.010017995834350585
(3,20): -0.00030805110931396483
(3,21): -0.002999587059020996
(3,22): -0.002675790786743164
(4,0): 0.0029029369354248045
(4,1): -0.00041168689727783203
(4,2): -0.0006675004959106445
(4,3): -0.004430885314941406
(4,6): -0.004452037811279297
(4,7): -0.0050960397720336914
(4,8): -0.005309615135192871
(4,10): -0.006626062393188477
(4,12): -0.006136026382446289
(4,15): -0.00889207363128662
(4,16): -0.012214441299438477
(4,21): -0.0011391115188598632
(4,22): -0.0005428743362426758
(5,11): 0.004301137924194336
(5,23): -0.012286529541015626
(5,24): -0.011579971313476562
(6,1): -0.005706791877746582
(6,2): -0.010242652893066407
(6,3): -0.012429046630859374
(6,4): -0.01400151252746582
(6,7): -0.00547029972076416
(6,8): -0.003030719757080078
(7,0): -0.014206795692443848
(7,2): -0.016998858451843263
(7,3): -0.0033077335357666014
(7,4): -0.013656682968139648
(7,6): -0.00370025634765625
(7,8): -0.007861042022705078
(8,0): 0.0015400791168212892
(8,1): -0.007537188529968261
(8,3): -0.012874021530151367
(8,4): -0.005924739837646484
(8,6): 0.0015154552459716796
(8,7): -0.004337773323059082
(9,11): -0.011833243370056153
(10,3): 0.007861642837524415
(10,4): 0.006887359619140625
(10,11): -0.0008784627914428711
(10,12): 0.001326432228088379
(10,15): -0.002983217239379883
(10,16): -0.0013652753829956055
(10,28): 0.0013340044021606446
(11,5): -0.04795071601867676
(11,9): 0.012632455825805664
(11,10): -0.00043527603149414064
(11,12): 1.5215873718261719e-05
(11,30): 0.0036164426803588865
(12,3): 0.010437736511230469
(12,4): 0.011316862106323242
(12,10): 0.0017034387588500976
(12,11): 0.00799799919128418
(12,13): -0.0004578542709350586
(12,14): -0.00010625362396240235
(12,15): -0.002490506172180176
(12,16): -0.0005508661270141602
(12,17): -0.0005773496627807617
(12,19): -0.008836741447448731
(12,28): 0.00047182083129882813
(12,29): 0.001027822494506836
(13,12): 0.0016243505477905274
(13,14): -0.00020864486694335938
(13,15): 0.0023520755767822265
(13,16): 0.002735862731933594
(13,17): 0.0012889242172241212
(13,18): 0.00013116836547851562
(13,19): -0.007509727478027344
(13,28): 0.004732708930969238
(13,32): 0.003599567413330078
(14,12): 0.0012871456146240235
(14,13): -6.951332092285156e-05
(14,15): 0.0016772890090942384
(14,16): 0.0008894109725952149
(14,17): 0.0024418401718139648
(14,18): 0.0011237859725952148
(14,19): -0.015050244331359864
(15,4): 0.006898245811462402
(15,10): 0.003369297981262207
(15,12): 0.0007055377960205078
(15,13): 0.00044762611389160157
(15,14): 5.85174560546875e-05
(15,16): -0.001394186019897461
(15,17): 0.0002677011489868164
(15,18): -0.0003219461441040039
(15,19): -0.008102211952209473
(16,4): 0.008523960113525391
(16,10): 0.0019873428344726564
(16,12): 0.00010591506958007813
(16,13): 0.0010439348220825195
(16,14): -0.0007555961608886718
(16,15): 0.0006998538970947266
(16,17): 0.001915888786315918
(16,18): 0.002254629135131836
(16,19): -0.006243042945861817
(17,12): 0.0022182846069335937
(17,13): 0.0009020614624023437
(17,14): 5.765438079833984e-05
(17,15): 0.000155487060546875
(17,16): 0.0004419755935668945
(17,18): -0.00023510932922363281
(17,31): 0.004841704368591309
(18,13): -0.0007567596435546875
(18,14): 0.0006423425674438476
(18,15): 0.0003702116012573242
(18,16): 0.0007691478729248047
(18,17): 0.0030564212799072264
(18,19): -0.010381841659545898
(18,32): 0.0026615428924560546
(19,12): 0.005951399803161621
(19,13): 0.010106425285339355
(19,14): 0.005777549743652344
(19,15): 0.006072402000427246
(19,16): 0.007423467636108398
(19,18): 0.00976548671722412
(20,0): 0.006902360916137695
(20,1): 0.0030041933059692383
(20,2): 0.0011063385009765624
(20,3): 0.0007794904708862305
(20,22): -0.000725564956665039
(21,1): 0.0005936622619628906
(21,2): 0.0009178781509399414
(21,3): -0.0003705406188964844
(21,4): -0.003052067756652832
(21,25): 0.0061052036285400395
(22,2): 0.0025536346435546873
(22,3): 0.0019929838180541993
(22,4): 0.003739280700683594
(22,20): 0.0005231094360351562
(23,5): -0.012671799659729003
(23,24): -0.018042173385620117
(23,27): 0.024199376106262206
(24,5): -0.01790358066558838
(24,23): -0.01588822841644287
(24,26): 0.01885645866394043
(25,0): -0.003940024375915527
(25,1): -0.004616389274597168
(25,2): -0.007365398406982422
(25,21): -0.01737147331237793
(26,24): -0.06654659271240235
(26,27): -0.0034267187118530275
(27,23): -0.08225175380706787
(27,26): 0.0005584001541137695
(28,10): 0.0038713932037353514
(28,12): 0.0015955591201782227
(28,13): -0.00041460514068603516
(28,29): 0.0023307514190673826
(29,12): 0.0003024482727050781
(29,28): 0.0005801248550415039
(29,31): 0.0010167980194091797
(30,11): 0.0006047725677490234
(31,17): -0.0011588907241821289
(31,29): 0.00023155689239501954
(32,13): -0.00021916389465332031
(32,18): -0.0007169532775878906
