Interaction name: 6cwn

Affinity: 6.650000095367432
Predicted value: 7.166860580444336

Attributions for edges: 

(0,1): 9.836673649262886e-30
(0,7): 9.589326316041956e-30
(0,8): 6.931003581939865e-30
(0,9): 4.6759454508252184e-29
(0,12): 9.127738907263605e-32
(0,17): 2.602413777748733e-31
(0,19): 4.212823923177519e-30
(0,21): 1.6855620007288333e-29
(0,25): 1.9624747660085375e-29
(0,26): 3.0275154170399903e-30
(1,0): 9.866135863513703e-30
(1,2): 1.2810074760684806e-29
(1,8): 1.9442485474238966e-29
(1,13): 1.3909494878703797e-30
(1,17): 7.300209242335398e-31
(1,19): 1.181759115051153e-29
(1,20): 1.361276173642064e-29
(1,21): 4.7282856063294797e-29
(1,25): 5.505072134505399e-29
(1,26): 8.49269127327848e-30
(2,1): 1.2782348892649475e-29
(2,3): 3.914460135130902e-30
(2,4): 4.033945280270517e-30
(2,5): 2.3553786182115627e-29
(2,6): 1.1287098261228374e-29
(2,9): 6.076197029863712e-29
(2,10): 1.2141533018547294e-28
(2,11): 6.693844568588021e-29
(2,13): 6.443395171602955e-31
(2,14): 6.555636826513255e-30
(2,15): 1.0359869633853426e-30
(2,16): 1.2337051131936514e-30
(2,19): 5.474390039237072e-30
(2,20): 6.3060340487715155e-30
(2,23): 2.4115656683164605e-29
(2,25): 2.5501545338716277e-29
(2,26): 3.934130575478918e-30
(3,2): 3.9092070859759475e-30
(3,4): 2.65744083122033e-30
(3,5): 1.5516638278311874e-29
(3,11): 4.409701585121035e-29
(3,13): 4.244745835847545e-31
(3,14): 4.3186549020961744e-30
(3,15): 6.8248205189532515e-31
(3,21): 1.442925973634361e-29
(3,22): 9.753275616456227e-30
(3,23): 1.5886663587408348e-29
(3,24): 1.220109721690233e-29
(3,25): 1.679977255279941e-29
(3,26): 2.5916859341844847e-30
(3,29): 3.774120930275496e-29
(4,2): 4.028962312697607e-30
(4,3): 2.6577246425763924e-30
(4,5): 1.5991975844179872e-29
(4,10): 8.243563959491762e-29
(4,13): 4.374746577291424e-31
(4,14): 4.450953123738848e-30
(4,15): 7.03394660633742e-31
(4,16): 8.376247367123313e-31
(4,21): 1.4871287741970323e-29
(4,22): 1.0051981332299611e-29
(4,23): 1.6373338561191157e-29
(4,24): 1.2574962348825427e-29
(4,25): 1.7314418649758906e-29
(4,26): 2.6710799511135988e-30
(4,29): 3.8897080233003266e-29
(5,2): 2.3648498301029176e-29
(5,3): 1.5599845975073248e-29
(5,4): 1.6076015602862532e-29
(5,6): 4.4981171168226535e-29
(5,10): 4.838625503220827e-28
(5,11): 2.6676204919278294e-28
(5,13): 2.5678121141170244e-30
(5,14): 2.612542326081068e-29
(5,15): 4.128599470822458e-30
(5,16): 4.91654292621254e-30
(5,20): 2.5130514934930076e-29
(5,25): 1.0162836204802494e-28
(5,26): 1.5678235837708116e-29
(6,2): 1.1308992172650857e-29
(6,5): 4.488826009473754e-29
(6,7): 2.3747573854972978e-29
(6,8): 1.7164349586639145e-29
(6,13): 1.2279582623718033e-30
(6,16): 2.3511491331135752e-30
(6,17): 6.444771910586638e-31
(6,18): 5.031155318129578e-31
(6,19): 1.0432808400045113e-29
(6,20): 1.2017711822693824e-29
(6,26): 7.497518884346909e-30
(7,0): 9.61716728848412e-30
(7,6): 2.3750837403449053e-29
(7,8): 1.8952005284183223e-29
(7,17): 7.115937807505015e-31
(7,18): 5.555147441534044e-31
(7,19): 1.1519378954216396e-29
(7,20): 1.3269350371743168e-29
(7,21): 4.6090043389300715e-29
(7,26): 8.278381161767637e-30
(8,0): 6.945719642737583e-30
(8,1): 1.942558242971143e-29
(8,6): 1.715335072109737e-29
(8,7): 1.8937264396944815e-29
(8,9): 9.234184683833673e-29
(8,12): 1.802570746025503e-31
(8,13): 9.792152882180294e-31
(8,17): 5.139278699111433e-31
(8,19): 8.319535877266762e-30
(8,20): 9.583328849824513e-30
(8,27): 6.161062531010028e-29
(9,0): 4.711828234028137e-29
(9,2): 6.117782672187893e-29
(9,8): 9.285332568331737e-29
(9,13): 6.642838570960079e-30
(9,17): 3.48640414939761e-30
(9,19): 5.643796266546504e-29
(9,20): 6.501175740657737e-29
(10,2): 1.224881092756831e-28
(10,4): 8.326620892049677e-29
(10,5): 4.86182718126086e-28
(10,11): 1.3817022014462463e-27
(10,13): 1.330005992655953e-29
(10,14): 1.3531741474778916e-28
(10,15): 2.138420353027187e-29
(11,2): 6.741663001694726e-29
(11,3): 4.4471708531156425e-29
(11,5): 2.6759166759045204e-28
(11,10): 1.3793849225371595e-27
(11,13): 7.320263364039522e-30
(11,14): 7.447722761928562e-29
(11,15): 1.1769722763596894e-29
(11,16): 1.4015974730504107e-29
(12,0): 9.035724148217114e-32
(12,8): 1.7806052234871676e-31
(12,30): 2.50215227930933e-32
(12,31): 2.4220260293166736e-32
(12,35): 2.566085947682616e-32
(12,39): 1.9069821509463314e-32
(13,1): 1.3794512723283764e-30
(13,2): 6.403992600963392e-31
(13,3): 4.22442482990601e-31
(13,4): 4.353338003976508e-31
(13,5): 2.5418878557435377e-30
(13,6): 1.2180861786949535e-30
(13,8): 9.719656854180901e-31
(13,9): 6.557337813858669e-30
(13,10): 1.3102956043079187e-29
(13,11): 7.223893139814477e-30
(13,14): 7.07468830014144e-31
(13,15): 1.1180211406264036e-31
(13,16): 1.3313955821438793e-31
(13,17): 3.6495091157295723e-32
(13,19): 5.907831952006735e-31
(13,20): 6.805270167108116e-31
(13,30): 1.3658416808532002e-31
(13,33): 4.325494774585191e-31
(13,39): 1.0409502061630455e-31
(14,2): 6.558638568887515e-30
(14,3): 4.32647109317321e-30
(14,4): 4.4584984809174545e-30
(14,5): 2.6032906401107177e-29
(14,10): 1.3419370684761212e-28
(14,11): 7.398396084934159e-29
(14,13): 7.121531750021708e-31
(14,15): 1.1450371041133859e-30
(14,16): 1.363556990032942e-30
(14,19): 6.050542890688089e-30
(14,20): 6.96971326918928e-30
(14,30): 1.398835268212984e-30
(14,34): 1.0593948551079562e-29
(15,2): 1.0310037136937887e-30
(15,3): 6.801117850863271e-31
(15,4): 7.008662193048973e-31
(15,5): 4.0923156277549485e-30
(15,10): 2.1094960449913057e-29
(15,11): 1.1630027391103365e-29
(15,13): 1.1194893330705806e-31
(15,14): 1.138981709534334e-30
(15,16): 2.1434655183571874e-31
(15,34): 1.6653328150020297e-30
(15,36): 8.621328535314954e-31
(15,40): 9.510524184028368e-31
(16,2): 1.2284173634454605e-30
(16,4): 8.35059619959741e-31
(16,5): 4.875900162013085e-30
(16,6): 2.336557204519304e-30
(16,11): 1.385691247732372e-29
(16,13): 1.3338560093695854e-31
(16,14): 1.3570809565553919e-30
(16,15): 2.1446106849537585e-31
(16,17): 7.000509081781105e-32
(16,19): 1.13325216198933e-30
(16,20): 1.3054006765599082e-30
(16,30): 2.6199850673048247e-31
(16,34): 1.984221110572196e-30
(16,41): 9.81301837710513e-31
(17,0): 2.5838959801413594e-31
(17,1): 7.226618593996519e-31
(17,6): 6.381264652789113e-31
(17,7): 7.044956756624962e-31
(17,8): 5.091936839626416e-31
(17,9): 3.43523422202948e-30
(17,13): 3.642833189437665e-32
(17,16): 6.974866848012268e-32
(17,18): 1.4925312016476064e-32
(17,19): 3.0949971622969674e-31
(17,20): 3.565147412654109e-31
(17,31): 6.926186100461664e-32
(17,38): 3.776865994054299e-32
(17,39): 5.453332821183617e-32
(18,6): 4.977968430534533e-31
(18,7): 5.4957083345858445e-31
(18,17): 1.4914498937816438e-32
(18,30): 5.581846092075965e-32
(18,31): 5.403056927798948e-32
(18,38): 2.9462998893296725e-32
(18,39): 4.2540973048313593e-32
(19,0): 4.21587908001508e-30
(19,1): 1.1791024602024755e-29
(19,2): 5.473846866807444e-30
(19,6): 1.0411656272577772e-29
(19,7): 1.1494533705617416e-29
(19,8): 8.307992334662591e-30
(19,9): 5.604962296630366e-29
(19,13): 5.943638450328263e-31
(19,14): 6.047173641759988e-30
(19,16): 1.1380175220480155e-30
(19,17): 3.1194380408392644e-31
(19,20): 5.8169305976994555e-30
(19,32): 2.2794377711032434e-30
(20,1): 1.3587858559460053e-29
(20,2): 6.308055146738545e-30
(20,5): 2.503827342302331e-29
(20,6): 1.1998381805509806e-29
(20,7): 1.32462888652919e-29
(20,8): 9.574120497277911e-30
(20,9): 6.459103801022598e-29
(20,13): 6.849441013032354e-31
(20,14): 6.968756322748162e-30
(20,16): 1.3114499585683358e-30
(20,17): 3.5948366383739576e-31
(20,19): 5.819371864367243e-30
(20,37): 4.743874655059802e-30
(21,0): 1.6928307311728492e-29
(21,1): 4.734457910874687e-29
(21,3): 1.4498891131629823e-29
(21,4): 1.494134193906464e-29
(21,7): 4.6154441671816163e-29
(21,22): 5.483693710269593e-29
(21,23): 8.932206692644153e-29
(22,3): 9.78883385037086e-30
(22,4): 1.0087629091864003e-29
(22,21): 5.477338141453115e-29
(22,23): 6.030521795673245e-29
(22,24): 4.631528691482788e-29
(22,27): 1.0137977264045316e-28
(22,28): 3.8592487190061133e-28
(22,30): 3.164927321227385e-30
(23,2): 2.4206349927952015e-29
(23,3): 1.5967957391287487e-29
(23,4): 1.6455238732076224e-29
(23,21): 8.934797068419354e-29
(23,22): 6.039316073281804e-29
(23,24): 7.555144513842298e-29
(23,28): 6.2953449871168894e-28
(23,30): 5.162762537173065e-30
(24,3): 1.225501949376325e-29
(24,4): 1.262899672082764e-29
(24,22): 4.63502816637705e-29
(24,23): 7.549843391670372e-29
(24,27): 1.2692126296992224e-28
(24,30): 3.962325136621809e-30
(25,0): 1.97200541089427e-29
(25,1): 5.515287989154158e-29
(25,2): 2.560428467345272e-29
(25,3): 1.6889860935213661e-29
(25,4): 1.740540981183459e-29
(25,5): 1.016291324200027e-28
(25,26): 1.6974863658868515e-29
(25,29): 2.471940713270739e-28
(26,0): 3.02599122404494e-30
(26,1): 8.463132010214059e-30
(26,2): 3.928941473216648e-30
(26,3): 2.5917258069528646e-30
(26,4): 2.6708354482886278e-30
(26,5): 1.5594849089647224e-29
(26,6): 7.47307612501365e-30
(26,7): 8.250322769890346e-30
(26,25): 1.6884450275776149e-29
(26,29): 3.793172891323793e-29
(26,34): 6.34618968811199e-30
(27,8): 6.186072536897219e-29
(27,22): 1.01688860322403e-28
(27,24): 1.2721111542655252e-28
(28,22): 3.8852757362745624e-28
(28,23): 6.3285485008406115e-28
(29,3): 3.8031121944696003e-29
(29,4): 3.9191985246472024e-29
(29,25): 2.4776335214451048e-28
(29,26): 3.822223137122444e-29
(30,12): 2.519142580782528e-32
(30,13): 1.3684806656707962e-31
(30,14): 1.3923085474190264e-30
(30,16): 2.6202046496495583e-31
(30,18): 5.606857085378411e-32
(30,22): 3.144397359410048e-30
(30,23): 5.121765431956498e-30
(30,24): 3.933590036156636e-30
(31,12): 2.4383420378428808e-32
(31,17): 6.951915320812463e-32
(31,18): 5.427060522442739e-32
(32,19): 2.27422647550763e-30
(32,33): 1.6651041108211337e-30
(32,37): 1.8539193485349587e-30
(32,38): 2.7752688114439295e-31
(33,13): 4.34799373645993e-31
(33,32): 1.6674814305962367e-30
(33,37): 3.011366945846134e-30
(33,38): 4.507937610403434e-31
(34,14): 1.0605026409841711e-29
(34,15): 1.675924677379775e-30
(34,16): 1.9957597631198675e-30
(34,26): 6.364226473431007e-30
(34,35): 2.099708070286246e-30
(35,12): 2.5836284376271123e-32
(35,34): 2.0878393389248635e-30
(36,15): 8.659562194372059e-31
(37,20): 4.739099702967214e-30
(37,32): 1.857076068084431e-30
(37,33): 3.0121711720611926e-30
(37,38): 5.020495935356322e-31
(38,17): 3.7841058637610136e-32
(38,18): 2.954087833277458e-32
(38,32): 2.765124060097463e-31
(38,33): 4.485055907568068e-31
(38,37): 4.993678677434402e-31
(39,12): 1.9185839863153597e-32
(39,13): 1.042237607576066e-31
(39,17): 5.470042473380556e-32
(39,18): 4.270225968945404e-32
(39,41): 7.6677341338883506e-31
(40,15): 9.55547132642189e-31
(41,16): 9.850373706783301e-31
(41,39): 7.701504205796514e-31
