Interaction name: 6ew7

Affinity: 5.539999961853027
Predicted value: 6.331233501434326

Shapley values for edges: 

(0,1): 0.011896653175354004
(0,4): 0.002812166213989258
(0,5): 0.015818424224853515
(0,10): 0.036379528045654294
(0,11): -0.13570069313049316
(0,16): 0.00261568546295166
(0,18): 0.0034054136276245118
(0,19): 0.0013076114654541017
(0,21): 0.013721828460693359
(0,23): 0.026965689659118653
(1,0): -0.01977020740509033
(1,5): -0.00671173095703125
(1,10): 0.03773602485656738
(1,11): -0.12947864532470704
(1,21): -0.017586069107055666
(1,23): 0.002261486053466797
(2,3): -0.054916882514953615
(2,7): -0.11126212120056152
(2,12): 0.003391003608703613
(2,17): -0.002235989570617676
(3,2): -0.13447186946868897
(3,6): -0.009674134254455567
(3,17): 0.008085417747497558
(4,0): 0.006026129722595214
(4,8): -0.03174371719360351
(4,9): -0.052705976963043216
(4,10): 0.005131087303161621
(4,11): 0.0009207677841186523
(4,13): -0.10219074726104736
(4,16): 0.0017968416213989258
(4,18): 0.014888734817504882
(4,23): -0.0966930103302002
(4,24): 0.0021632957458496095
(5,0): -0.018646383285522462
(5,1): -0.04351453304290771
(5,19): 0.003700542449951172
(5,20): 0.023018546104431152
(5,21): 0.008798708915710449
(5,23): -0.028841185569763183
(6,3): -0.0254148530960083
(6,7): -0.03810582160949707
(6,12): 0.004453639984130859
(6,17): -0.0009796857833862306
(7,2): -0.07987332820892334
(7,6): -0.05733575344085693
(7,17): 0.0015384721755981445
(8,4): -0.0963270902633667
(8,9): -0.020001316070556642
(8,13): -0.0012228775024414062
(8,14): 0.016358509063720703
(8,15): 0.003920197486877441
(8,16): -0.01079272747039795
(8,18): -0.06495810508728027
(8,22): -0.032375764846801755
(8,27): -0.04469797134399414
(8,30): -0.06435363292694092
(9,4): -0.07557010650634766
(9,8): 4.390716552734375e-05
(9,12): -0.04570322513580322
(9,13): -0.031319589614868165
(9,14): -0.03378605365753174
(9,15): -3.986358642578125e-06
(9,16): 0.0012994670867919921
(9,18): -0.0007596015930175781
(9,22): -0.08866999626159668
(9,31): 0.05877082824707031
(10,0): -0.0048402357101440426
(10,1): -0.014274663925170898
(10,4): -0.0002656698226928711
(10,11): -0.016241016387939452
(10,18): -0.0389252233505249
(10,23): -0.0011930465698242188
(10,25): 0.09766250610351562
(10,30): -0.060088157653808594
(10,31): -0.11357526302337646
(11,0): 0.07506234645843506
(11,1): -0.12242143630981445
(11,4): -0.018789095878601073
(11,10): 0.0036545372009277343
(11,26): 0.050072097778320314
(11,27): -0.014492802619934082
(11,28): 0.06569380283355714
(11,29): -0.007316889762878418
(12,2): -0.021417245864868165
(12,6): -0.039122576713562014
(12,9): 0.030197956562042237
(12,16): -0.05302864074707031
(12,17): -0.011238670349121094
(12,19): 0.003677177429199219
(12,21): 0.017995967864990234
(13,4): 0.06667158126831055
(13,8): 0.27351818084716795
(13,9): 0.009484567642211915
(13,14): 0.006866393089294434
(13,15): -0.013329753875732422
(13,16): -9.5367431640625e-09
(13,18): -0.0020940160751342775
(13,22): -0.12289520263671876
(13,27): 0.0005583858489990234
(14,8): -0.013893733024597168
(14,9): 0.000577988624572754
(14,13): -0.005839209556579589
(14,15): -0.016684012413024904
(14,16): 5.357265472412109e-05
(14,18): 0.00013157367706298828
(15,8): 0.006051435470581055
(15,9): 0.0001592874526977539
(15,13): -0.02977567195892334
(15,14): 0.038738856315612795
(15,16): -0.035560169219970704
(15,22): -0.11528424739837646
(16,0): -0.04823948383331299
(16,4): 0.02588305950164795
(16,8): -0.010304903984069825
(16,9): 0.014314336776733399
(16,12): -0.010642714500427246
(16,13): -0.00011223793029785156
(16,14): 0.01821558952331543
(16,15): -0.03693336009979248
(16,18): 7.552146911621094e-05
(16,19): 0.011030011177062989
(16,22): -0.037931604385375975
(16,27): -0.044963197708129884
(16,31): -0.026112704277038573
(17,2): 0.009373722076416015
(17,3): 0.021054735183715822
(17,6): 0.03478794097900391
(17,7): 0.018223998546600343
(17,12): -0.0030031967163085937
(17,19): -0.0016491174697875976
(17,20): 0.01223970890045166
(17,21): 0.006842355728149414
(17,31): -0.23454417228698732
(18,0): -0.01678948402404785
(18,4): -0.0018935871124267578
(18,8): 0.0019676733016967774
(18,9): -8.719444274902344e-05
(18,10): -0.024347028732299804
(18,13): -0.0010008096694946289
(18,14): 0.03441493034362793
(18,16): -1.430511474609375e-08
(18,22): -0.07794782161712646
(18,30): -0.07876681327819825
(19,0): -0.012673778533935547
(19,5): 0.01943068504333496
(19,12): -0.012223172187805175
(19,16): -0.04329687595367432
(19,17): -0.0006644439697265625
(19,20): -0.004513468742370606
(19,21): 0.001165909767150879
(19,23): -0.048220033645629885
(19,30): -0.13971395492553712
(20,5): -0.059478654861450195
(20,17): -0.00413632869720459
(20,19): -0.0009270429611206055
(20,21): 0.0038798189163208006
(20,23): 0.01125842571258545
(21,0): -0.01147881031036377
(21,1): -0.15860570907592775
(21,5): -0.011453518867492676
(21,12): 0.013848233222961425
(21,17): 0.0017173337936401368
(21,19): 0.004612226486206055
(21,20): -0.03450212478637695
(21,23): -0.0417193603515625
(22,8): 0.019758877754211427
(22,9): 0.016346850395202638
(22,13): 0.0030611276626586912
(22,15): 0.0252716064453125
(22,16): -0.0017737388610839845
(22,18): -0.008406381607055664
(23,0): 0.015903253555297852
(23,1): 0.052368998527526855
(23,4): -0.054588632583618166
(23,5): -0.024638004302978515
(23,10): 0.0016939640045166016
(23,19): 0.01388756275177002
(23,20): 0.06418424129486083
(23,21): 0.02641587257385254
(24,4): -0.00519775390625
(24,26): 0.004252877235412598
(24,31): 0.03049532890319824
(25,10): -0.07075358867645264
(25,29): 0.028344340324401855
(26,11): 0.0034421682357788086
(26,24): -0.08321574687957764
(27,8): 0.036085567474365234
(27,11): -0.08412994861602784
(27,13): -0.07001839637756348
(27,16): -0.012918910980224609
(27,30): -0.04819755554199219
(28,11): 0.013198251724243165
(28,31): -0.02904066562652588
(29,11): 0.05877917766571045
(29,25): -0.1800965213775635
(30,8): 0.039062204360961916
(30,10): -0.12737277030944824
(30,18): 0.014000415802001953
(30,19): 0.13169604301452636
(30,27): -0.03182898998260498
(31,9): -0.07290744304656982
(31,10): -0.13316131591796876
(31,16): -0.050313868522644044
(31,17): 0.29174368381500243
(31,24): 0.0601809024810791
(31,28): -0.06437836170196533
