Interaction name: 5ni5

Affinity: 8.050000190734863
Predicted value: 7.9398016929626465

Attributions for edges: 

(0,1): 6.467195296972207e-20
(0,6): 1.1233027900145586e-20
(0,7): 2.393018365986529e-21
(0,20): 1.3931497045653134e-20
(0,23): 1.601194837469063e-20
(0,24): 1.9948184254752246e-20
(0,32): 0.0
(0,33): 7.603991119094288e-26
(1,0): 4.5138305755306795e-20
(1,6): 1.4785327414214574e-19
(1,7): 3.1497677401652556e-20
(1,20): 1.8337222869941375e-19
(1,23): 2.10756818359806e-19
(1,24): 2.625654019459896e-19
(1,33): 1.000869442866648e-24
(2,5): 7.391296337974419e-34
(2,8): 1.2655959297547398e-21
(2,9): 2.045811121402921e-21
(2,16): 8.332180111852865e-22
(2,21): 1.8372844627539147e-21
(2,22): 1.1941989943659938e-21
(2,32): 0.0
(3,5): 6.45810424996423e-33
(3,11): 1.5094543683058235e-20
(3,15): 1.073532528091722e-20
(3,16): 7.280167628476216e-21
(3,29): 1.7878495159407176e-21
(3,31): 5.4122698897983095e-20
(4,10): 5.708947243583563e-23
(4,16): 3.709713701199159e-23
(4,17): 3.404705365360886e-23
(4,18): 1.7164925410899864e-23
(4,26): 2.425828062911306e-23
(4,31): 2.7579205810895853e-22
(5,2): 1.2400991441852882e-29
(5,3): 1.0089827209876312e-28
(5,8): 3.287543877993297e-28
(5,9): 5.314250754874268e-28
(5,16): 2.1643879974865693e-28
(5,22): 3.10208187991491e-28
(5,31): 1.6090695943678313e-27
(5,34): 1.0988896446899345e-28
(6,0): 1.6382097158523905e-20
(6,1): 3.0894009391664453e-19
(6,7): 1.1431487431466524e-20
(6,20): 6.655174676114296e-20
(6,23): 7.649021196104249e-20
(6,24): 9.529315819536653e-20
(6,37): 8.768847581879968e-19
(7,0): 6.361488642491962e-21
(7,1): 1.1996749057872878e-19
(7,6): 2.083752296669466e-20
(7,8): 1.304775068857469e-20
(7,9): 2.109151426677532e-20
(7,20): 2.584324521765052e-20
(7,21): 1.8941684779447074e-20
(7,22): 1.2311727964464421e-20
(7,23): 2.970253068252483e-20
(7,24): 3.700433829286597e-20
(7,35): 2.5580372631198066e-21
(7,38): 2.2355579690253607e-19
(7,39): 4.450194860148636e-20
(7,52): 8.556107455829899e-21
(8,2): 9.03580415450264e-22
(8,5): 1.4003074984802561e-32
(8,7): 8.149577265328496e-21
(8,9): 3.8721229202402205e-20
(8,21): 3.477429490433995e-20
(8,22): 2.2602702160075812e-20
(8,23): 5.452991732860354e-20
(8,24): 6.793481213237723e-20
(8,49): 3.131927457680533e-20
(8,58): 1.8647950035872653e-20
(9,2): 1.1828688817960048e-21
(9,5): 1.834374656695122e-32
(9,7): 1.0668536908802099e-20
(9,8): 3.1358003431579e-20
(9,21): 4.5523057831243325e-20
(9,22): 2.958899044992912e-20
(9,23): 7.138489199445641e-20
(9,40): 1.8534356812018954e-18
(9,44): 1.0079016029889997e-21
(10,4): 1.7881400045027343e-24
(10,11): 3.538394640283714e-20
(10,15): 2.5165167141684443e-20
(10,16): 1.706583948298141e-20
(10,17): 1.5662645511645972e-20
(10,25): 2.1036553608067428e-20
(10,26): 1.1159522724521306e-20
(10,27): 1.7899795867973983e-20
(10,28): 2.0112617097652704e-20
(10,29): 4.191011547695783e-21
(10,31): 1.2687198007640598e-19
(10,41): 2.099406689762032e-20
(10,52): 1.6998139919722773e-20
(10,56): 1.4784698304584636e-20
(10,58): 2.017978513274429e-20
(10,59): 2.557735996509014e-20
(11,3): 9.602841513117534e-21
(11,10): 3.1700546678055454e-20
(11,12): 2.507364372665264e-21
(11,13): 3.3490623684757026e-20
(11,14): 6.960047923624627e-21
(11,15): 3.0375603669550106e-20
(11,16): 2.0599236789142567e-20
(11,17): 1.8905518245867753e-20
(11,19): 3.15369910989687e-20
(11,26): 1.3470045778328618e-20
(11,29): 5.058759149284071e-21
(11,30): 4.468549868694217e-20
(11,31): 1.5314134932531775e-19
(11,35): 6.134188861347123e-21
(11,41): 2.5340876782779472e-20
(11,42): 3.7310078464432347e-20
(11,44): 1.0056663372150633e-21
(11,56): 1.7845730244538266e-20
(12,11): 7.328846884407534e-21
(12,13): 5.746819534253687e-21
(12,14): 1.194308450394315e-21
(12,15): 5.2122980881406914e-21
(12,26): 2.3114083955566847e-21
(12,29): 8.680569865244286e-22
(12,30): 7.66783099242802e-21
(12,31): 2.6278269518432387e-20
(12,43): 5.20010363645407e-21
(13,11): 3.6914388863599363e-20
(13,12): 2.16711404822859e-21
(13,14): 6.015542565614749e-21
(13,15): 2.6253620505530587e-20
(13,19): 2.7257407410037954e-20
(13,29): 4.372266691627898e-21
(13,43): 2.6192202345048525e-20
(13,57): 2.1109707393490086e-20
(13,59): 2.6683642948545923e-20
(14,11): 1.3869510198499942e-20
(14,12): 8.1423319628781625e-22
(14,13): 1.0875635792321528e-20
(14,15): 9.864073066938736e-21
(14,19): 1.0241179376764119e-20
(14,29): 1.6427522218070781e-21
(14,30): 1.4511021075277492e-20
(14,31): 4.9730240598355806e-20
(15,3): 7.820348072422454e-21
(15,10): 2.5816150205828006e-20
(15,11): 3.478225328656151e-20
(15,12): 2.041951887636835e-21
(15,13): 2.7274051188691316e-20
(15,14): 5.668092781012666e-21
(15,19): 2.5683051675389396e-20
(15,29): 4.119745171942295e-21
(15,30): 3.6390916013998276e-20
(15,31): 1.2471408557810534e-19
(15,38): 4.365787411739165e-19
(15,49): 3.331554573823135e-20
(15,52): 1.6709028986525552e-20
(15,58): 1.9836560108497337e-20
(16,2): 6.944237787932354e-22
(16,3): 5.65000184018412e-21
(16,4): 1.2699173571251948e-24
(16,5): 1.0756206773565796e-32
(16,10): 1.865143485732046e-20
(16,11): 2.5129100774507424e-20
(16,17): 1.1123354575354852e-20
(16,31): 9.01027484856126e-20
(16,41): 1.490975444227073e-20
(16,44): 5.917016186202699e-22
(16,55): 2.711893462899845e-21
(16,57): 1.437033090089672e-20
(17,4): 1.296545948626609e-24
(17,10): 1.904267836236097e-20
(17,11): 2.5656218388682573e-20
(17,16): 1.2374113861639685e-20
(17,18): 5.725506708783375e-21
(17,25): 1.5253317124228667e-20
(17,26): 8.091587380744554e-21
(17,27): 1.2978847512901304e-20
(17,28): 1.458332829304199e-20
(17,29): 3.038822261675616e-21
(17,31): 9.199278509946238e-20
(17,43): 1.8204159559302284e-20
(17,47): 1.0016734741981652e-20
(18,4): 8.403893981576614e-25
(18,17): 7.361124699755575e-21
(18,26): 5.244748367415275e-21
(18,27): 8.412571424712775e-21
(18,28): 9.45252001603806e-21
(18,29): 1.969690108260477e-21
(18,35): 2.3884220205906043e-21
(18,45): 7.508057502821709e-21
(18,46): 5.39899953407334e-24
(18,47): 6.492553148729002e-21
(18,51): 2.688860441028721e-21
(19,11): 3.580596038042977e-20
(19,13): 2.807677181203721e-20
(19,14): 5.8349142694905844e-21
(19,15): 2.5465302841483347e-20
(19,30): 3.746196627323813e-20
(19,48): 3.033380196804777e-20
(19,49): 3.4296081112707733e-20
(19,57): 2.0475844706204383e-20
(19,58): 2.042030728288969e-20
(19,59): 2.588251206293978e-20
(20,0): 1.8943129114344774e-20
(20,1): 3.572370760826903e-19
(20,6): 6.204960948216997e-20
(20,7): 1.3218585295493198e-20
(20,23): 8.844768286451617e-20
(20,24): 1.1019044838289928e-19
(20,35): 7.617249382646543e-21
(20,36): 6.789565514701308e-21
(20,50): 7.524165916288577e-22
(20,52): 2.547812898773932e-20
(20,56): 2.2160452953631177e-20
(21,2): 1.2166707006822858e-21
(21,7): 1.097340062434834e-20
(21,8): 3.2254095297741087e-20
(21,9): 5.2137921023427586e-20
(21,22): 3.043452413232317e-20
(21,23): 7.342479047084607e-20
(21,24): 9.147418162948284e-20
(21,44): 1.0367033816442747e-21
(21,55): 4.751412680209821e-21
(21,56): 1.8396414428235507e-20
(22,2): 8.700926263131334e-22
(22,5): 1.3483278729708639e-32
(22,7): 7.847543250647268e-21
(22,8): 2.306635628045739e-20
(22,9): 3.728603206553149e-20
(22,21): 3.348577046100681e-20
(22,23): 5.2508972920468707e-20
(22,24): 6.541706175587335e-20
(22,36): 4.030763883265674e-21
(22,52): 1.5125726130329497e-20
(23,0): 2.076848246611489e-20
(23,1): 3.9166327335198747e-19
(23,6): 6.802842571326351e-20
(23,7): 1.4492378815339505e-20
(23,8): 4.259742017104557e-20
(23,9): 6.885790045954666e-20
(23,20): 8.437097491433686e-20
(23,21): 6.18393052737769e-20
(23,22): 4.0194499265670236e-20
(23,24): 1.2080882373457471e-19
(23,36): 7.443804794713232e-21
(23,52): 2.793329798102474e-20
(23,55): 6.275106833513774e-21
(24,0): 2.3729936077483915e-20
(24,1): 4.475102948603227e-19
(24,6): 7.772885030485529e-20
(24,7): 1.6558898936521446e-20
(24,8): 4.867153988716743e-20
(24,20): 9.64017288502039e-20
(24,21): 7.065719277525996e-20
(24,22): 4.592598203126188e-20
(24,23): 1.1079783159706048e-19
(24,55): 7.169897344239508e-21
(25,10): 2.3265808590072105e-20
(25,17): 1.3875277844567938e-20
(25,26): 9.886035358436872e-21
(25,27): 1.5857129890823967e-20
(25,28): 1.7817433235888137e-20
(25,49): 3.0024236086148333e-20
(25,51): 5.068320597839231e-21
(25,54): 1.847905817248265e-20
(26,4): 1.0418437657523458e-24
(26,10): 1.5301689418604547e-20
(26,11): 2.0616140677324486e-20
(26,12): 1.2103010464585223e-21
(26,17): 9.12566573621884e-21
(26,18): 4.600713943534584e-21
(26,25): 1.2256759227820858e-20
(26,27): 1.0429115781288447e-20
(26,28): 1.171843590128503e-20
(26,29): 2.441846053985774e-21
(26,46): 6.69314714833285e-24
(26,51): 3.333396302766094e-21
(26,58): 1.1757481411136947e-20
(27,10): 2.1087814572238707e-20
(27,17): 1.2576364368170302e-20
(27,18): 6.340411692743199e-21
(27,25): 1.689142069600636e-20
(27,26): 8.960602814336164e-21
(27,28): 1.6149539852948597e-20
(27,45): 1.2827394297034539e-20
(27,51): 4.593874759300033e-21
(28,10): 2.2686578597306116e-20
(28,17): 1.3529887125768001e-20
(28,18): 6.82110743010986e-21
(28,25): 1.8172036840319097e-20
(28,26): 9.6399111599047e-21
(28,27): 1.5462466187821006e-20
(28,41): 1.8135333931811324e-20
(28,52): 1.4683528622673146e-20
(28,53): 1.8810345623397272e-20
(28,54): 1.801900196464825e-20
(28,56): 1.2771440052239301e-20
(29,3): 2.5578811570129942e-21
(29,10): 8.443950973614371e-21
(29,11): 1.1376543736423537e-20
(29,12): 6.6788195410278645e-22
(29,13): 8.920835137035397e-21
(29,14): 1.853927837510493e-21
(29,15): 8.091031618770495e-21
(29,17): 5.035808522356776e-21
(29,18): 2.538818036626628e-21
(29,26): 3.587991226589657e-21
(29,30): 1.1902748543868037e-20
(29,31): 4.07916655067967e-20
(29,47): 4.441645253815433e-21
(30,11): 4.3817524499258354e-20
(30,12): 2.5723925625980096e-21
(30,14): 7.140527585732474e-21
(30,15): 3.116315392970875e-20
(30,19): 3.235477545675101e-20
(30,29): 5.18991776347166e-21
(31,3): 1.9107293769781006e-20
(31,4): 4.2946171437301746e-24
(31,5): 3.6517936890003954e-32
(31,10): 6.30758175049215e-20
(31,11): 8.498275252550225e-20
(31,12): 4.989038890417718e-21
(31,14): 1.3848783831159233e-20
(31,15): 6.043976091377693e-20
(31,16): 4.098726464109708e-20
(31,17): 3.7617479459572366e-20
(31,29): 1.0065649065840952e-20
(32,0): 0.0
(32,2): 0.0
(33,0): 7.162478366172281e-24
(33,1): 1.350728662686488e-22
(33,37): 3.8338607177127517e-22
(33,38): 2.5170519379910637e-22
(33,39): 5.010548489352228e-23
(34,5): 5.062221973436041e-33
(34,40): 5.120582482863442e-19
(35,7): 3.2091830976671096e-21
(35,11): 1.2876076784140126e-20
(35,18): 2.8734467236825313e-21
(35,20): 1.8683124598951763e-20
(36,20): 1.7489481972405003e-20
(36,22): 8.331960896873635e-21
(36,23): 2.0101188434267548e-20
(36,41): 7.151595973186772e-21
(36,57): 6.892856462519599e-21
(37,6): 2.5268684917936333e-19
(37,33): 1.7105237828228127e-24
(37,38): 2.7109769241629163e-18
(38,7): 4.360242845942616e-20
(38,15): 1.244213799635352e-19
(38,33): 1.3855097372129086e-24
(38,37): 3.3446485585765138e-18
(39,7): 1.5407117788200978e-20
(39,33): 4.895743747435332e-25
(39,55): 6.671184983052459e-21
(40,9): 4.735656569751305e-19
(40,34): 9.79250724210998e-20
(41,10): 2.318890018015028e-20
(41,11): 3.124242755919459e-20
(41,16): 1.5068367940314906e-20
(41,28): 1.775866948506706e-20
(41,36): 3.999564472329506e-21
(41,57): 1.7866299899926987e-20
(42,11): 3.9626326351248607e-20
(42,58): 2.2599167255426855e-20
(43,12): 2.0335177150043486e-21
(43,13): 2.7161496464247284e-20
(43,17): 1.5332656992787e-20
(43,48): 2.934484292225527e-20
(44,9): 4.910529837542989e-21
(44,11): 4.1467064939294784e-21
(44,16): 1.9999757027240367e-21
(44,21): 4.4100225590501856e-21
(45,18): 5.922370847809594e-21
(45,27): 1.3425108222199394e-20
(45,56): 1.108865661048024e-20
(46,18): 6.297978953003782e-23
(46,26): 8.900634920985809e-23
(47,17): 1.066515871610513e-20
(47,18): 5.3768920858577554e-21
(47,29): 2.8537945198374696e-21
(48,19): 2.880548561995375e-20
(48,43): 2.767967665039774e-20
(49,8): 3.0801385196338974e-20
(49,15): 2.990262114905743e-20
(49,19): 3.104592369609923e-20
(49,25): 2.499687304553398e-20
(50,20): 4.413910873384682e-21
(51,18): 3.123156717858378e-21
(51,25): 8.320400563137066e-21
(51,26): 4.41380949529203e-21
(51,27): 7.079719309393456e-21
(51,59): 1.0116346190102503e-20
(52,7): 6.819780225279368e-21
(52,10): 2.0309216280388965e-20
(52,15): 1.9460383569067508e-20
(52,20): 3.970319275590495e-20
(52,22): 1.8914534837662008e-20
(52,23): 4.5632242440926057e-20
(52,28): 1.5553271878268575e-20
(53,28): 1.8194372332445162e-20
(53,56): 1.337450480199161e-20
(54,25): 1.861347986878392e-20
(54,28): 1.7795899074980482e-20
(55,16): 5.200421503222663e-21
(55,21): 1.1467170904492811e-20
(55,23): 1.7981715829185143e-20
(55,24): 2.2402181947365594e-20
(55,39): 2.6941285475549183e-20
(56,10): 1.8706301811974587e-20
(56,11): 2.520292179741638e-20
(56,20): 3.656945777933902e-20
(56,21): 2.680330948755335e-20
(56,28): 1.432572292454281e-20
(56,45): 1.1378712662150788e-20
(56,53): 1.5510079156243955e-20
(57,13): 2.3927734025873523e-20
(57,16): 1.4717287931422966e-20
(57,19): 2.253193782802418e-20
(57,36): 3.9063931584211345e-21
(57,41): 1.8105057828922176e-20
(58,8): 2.235045407851262e-20
(58,10): 2.2644644417658798e-20
(58,15): 2.1698199547294683e-20
(58,19): 2.252781161848422e-20
(58,26): 9.622092041611431e-21
(58,42): 2.6651699559734598e-20
(59,10): 2.613630787697724e-20
(59,13): 2.7612393908619646e-20
(59,19): 2.6001659998477228e-20
(59,51): 5.6936642941679185e-21
