Interaction name: 5nra

Affinity: 6.909999847412109
Predicted value: 7.166378498077393

Attributions for edges: 

(0,1): 0.0
(0,3): 0.0
(0,4): 0.0
(0,22): 6.246427173616528e-35
(0,24): 0.0
(1,0): 0.0
(1,3): 4.96360662993869e-34
(1,4): 0.0
(1,14): 1.2090840852550785e-19
(1,15): 2.7177904108685156e-18
(1,22): 4.8037451974110564e-17
(1,24): 0.0
(2,8): 6.089243953510959e-08
(2,10): 1.7141667285613948e-06
(2,11): 4.178636174856365e-07
(2,12): 1.3691969513729418e-07
(2,13): 9.725258820481031e-08
(2,14): 1.5936203467958876e-09
(2,15): 3.582154661785353e-08
(2,16): 1.0540613004650368e-07
(2,20): 9.021110258800036e-08
(2,23): 1.0582301094436142e-13
(2,27): 6.86360621671156e-08
(3,0): 0.0
(3,1): 4.96360662993869e-34
(3,4): 0.0
(3,14): 1.2090840852550785e-19
(3,15): 2.7177904108685156e-18
(3,22): 4.803709132336349e-17
(3,24): 0.0
(4,0): 0.0
(4,1): 0.0
(4,3): 0.0
(4,22): 1.0473262504360187e-25
(4,24): 0.0
(4,25): 0.0
(5,8): 5.963613602943951e-08
(5,10): 1.686624159447092e-06
(5,11): 4.111498981274053e-07
(5,12): 1.347198406165262e-07
(5,13): 9.56898773551984e-08
(5,14): 1.5708389033974868e-09
(5,15): 3.524594305304163e-08
(5,16): 1.0371258696295627e-07
(5,20): 8.876170198846012e-08
(6,7): 1.341160498213867e-07
(6,9): 2.744575340329902e-07
(6,17): 1.1751599231502041e-06
(6,21): 1.320817773375893e-05
(6,28): 2.2792292359019584e-11
(6,29): 1.5824615110047319e-13
(6,30): 1.3509655218513217e-05
(6,41): 5.432860689325025e-06
(7,6): 9.61672071753128e-07
(7,8): 4.606337711265951e-08
(7,9): 1.4124196034970282e-08
(7,10): 1.3212084013503045e-06
(7,17): 6.047645229045884e-08
(7,18): 7.705987314921003e-08
(7,19): 7.705987314921003e-08
(7,21): 6.797306468797615e-07
(7,37): 1.0151498391897107e-10
(7,38): 3.050938168769335e-09
(8,2): 2.355664889819309e-07
(8,5): 2.490637029950449e-07
(8,7): 2.050066782999238e-08
(8,9): 4.100886386027014e-08
(8,10): 3.836045834759716e-06
(8,17): 1.7558986087351514e-07
(8,18): 2.2373885144588712e-07
(8,19): 2.2373885144588712e-07
(8,21): 1.9735616660909727e-06
(8,42): 9.804530031278826e-15
(9,6): 1.5018697467894526e-06
(9,7): 1.0990057752735538e-08
(9,8): 7.193847295638989e-08
(9,10): 2.063366991933435e-06
(9,17): 9.444778470424353e-08
(9,18): 1.2034647056680114e-07
(9,19): 1.2034647056680114e-07
(9,21): 1.061555167325423e-06
(9,28): 1.8318200688954844e-12
(9,30): 1.093054038392438e-06
(10,2): 2.0030831819894956e-06
(10,5): 2.120128783644759e-06
(10,7): 1.694377118610646e-07
(10,8): 1.1372490007488523e-06
(10,9): 3.4870919307650183e-07
(10,13): 1.850624471444462e-06
(10,18): 1.9025096662517171e-06
(10,19): 1.9025096662517171e-06
(10,20): 1.7328931107840617e-06
(10,31): 2.1279951559145848e-15
(10,32): 5.235555818217108e-06
(10,33): 2.008565616051783e-06
(11,2): 5.524501034415152e-07
(11,5): 5.841031907038996e-07
(11,12): 7.185824415500974e-07
(11,20): 4.7344678932859097e-07
(11,39): 6.732061311660757e-26
(12,2): 3.6769051803275943e-06
(12,5): 3.8875800782989245e-06
(12,11): 1.4595902030123398e-05
(12,20): 3.151090140818269e-06
(13,2): 9.69322186961108e-08
(13,5): 1.0248612625218811e-07
(13,10): 1.5784810329932952e-06
(13,14): 1.467479138206329e-09
(13,15): 3.298600503853777e-08
(13,16): 9.706283066179822e-08
(13,22): 5.830319196320488e-07
(13,30): 8.306291761073226e-07
(13,32): 2.5335722853014886e-07
(13,33): 1.0414393614155415e-07
(14,1): 1.802121306800709e-26
(14,2): 3.1633121122531804e-10
(14,3): 1.802121306800709e-26
(14,5): 3.317159047444562e-10
(14,13): 2.931629383695622e-10
(14,15): 1.0626025059856659e-10
(14,16): 3.16421694401825e-10
(14,22): 1.7440712207772435e-09
(14,34): 7.241885483545063e-22
(14,35): 2.396933834140219e-13
(14,36): 1.401577253290551e-20
(14,40): 9.652665330491681e-24
(15,1): 1.1391632676543595e-24
(15,2): 1.83291763988791e-08
(15,3): 1.1391632676543595e-24
(15,5): 1.9379344351477812e-08
(15,13): 1.6934071922491967e-08
(15,14): 2.7763732979302347e-10
(15,16): 1.8353839337237332e-08
(15,22): 1.1024702928352781e-07
(15,36): 8.859697862532433e-19
(15,40): 6.101675776122709e-22
(15,41): 6.316300016351306e-08
(16,2): 1.0336325573234717e-07
(16,5): 1.0928564364576232e-07
(16,13): 9.549606261316512e-08
(16,14): 1.565667040459573e-09
(16,15): 3.5174483770106235e-08
(16,22): 6.217129566721269e-07
(16,30): 8.857361422087706e-07
(16,41): 3.56193737616195e-07
(17,6): 3.326354317323421e-06
(17,7): 2.435810309009412e-08
(17,8): 1.5933056829453562e-07
(17,9): 4.885469095938788e-08
(17,18): 2.6654512907953176e-07
(17,19): 2.6654512907953176e-07
(17,30): 2.404808583378326e-06
(17,37): 3.511338442230283e-10
(17,38): 1.0553020679537894e-08
(18,7): 2.9736327178397914e-08
(18,8): 1.9573673171180417e-07
(18,9): 6.001783958708984e-08
(18,10): 5.614166184386704e-06
(18,17): 2.5698162176013284e-07
(18,19): 3.274492428317899e-07
(18,21): 2.888367816922255e-06
(19,7): 2.9736327178397914e-08
(19,8): 1.9573673171180417e-07
(19,9): 6.001783958708984e-08
(19,10): 5.614166184386704e-06
(19,17): 2.5698162176013284e-07
(19,18): 3.274492428317899e-07
(19,21): 2.888367816922255e-06
(20,2): 6.641950278662989e-08
(20,5): 7.02251341522242e-08
(20,10): 1.0816020221682265e-06
(20,11): 2.636627129959379e-07
(20,12): 8.639320725478683e-08
(20,29): 6.66680278081015e-15
(20,40): 2.211062259186696e-21
(21,6): 1.5717419955763035e-05
(21,7): 1.1261159471587234e-07
(21,8): 7.528639685006056e-07
(21,9): 2.3084723466126889e-07
(21,18): 1.2594705367519055e-06
(21,19): 1.2594705367519055e-06
(22,0): 0.0
(22,1): 3.7569671005106215e-23
(22,3): 3.7569380704293094e-23
(22,4): 1.4954606805066494e-32
(22,13): 5.584847713180352e-07
(22,14): 9.454542926334852e-09
(22,15): 2.0885086371436046e-07
(22,16): 6.053080028323166e-07
(23,2): 1.8368926379963568e-09
(23,27): 1.0288754292986368e-09
(24,0): 0.0
(24,1): 0.0
(24,3): 0.0
(24,4): 0.0
(24,40): 0.0
(25,4): 0.0
(26,27): 7.063924569600334e-17
(27,2): 6.44414654971115e-08
(27,23): 5.332188615886184e-14
(27,26): 4.732179986283269e-23
(27,32): 1.7540943986205093e-07
(28,6): 6.184592962199531e-07
(28,9): 9.0834015864516e-09
(29,6): 1.9298040943027672e-09
(29,20): 1.3952868027633514e-10
(29,38): 6.122376043637967e-12
(30,6): 1.1190517398063093e-05
(30,9): 1.643584681687571e-07
(30,13): 8.722619213585858e-07
(30,16): 9.453912639401096e-07
(30,17): 7.037428986222949e-07
(30,42): 3.9295505055176455e-14
(31,10): 1.4174486584472845e-10
(31,34): 2.1739509289892976e-23
(31,39): 1.0607004625774823e-30
(31,41): 2.9995467915044927e-11
(32,10): 7.593394457217073e-06
(32,13): 4.3081030298708356e-07
(32,27): 3.112729132226377e-07
(33,10): 1.5206721855065553e-06
(33,13): 9.543615675511319e-08
(33,35): 7.719362649094563e-11
(34,14): 8.387629940133422e-16
(34,31): 5.885856559099703e-23
(34,39): 6.751376866182943e-33
(34,41): 1.9092278485174224e-13
(35,14): 9.006608792105908e-10
(35,33): 5.965479488168057e-08
(36,14): 9.426119756158861e-15
(36,15): 2.1188160546827678e-13
(37,7): 6.062149168428732e-06
(37,17): 5.384712858358398e-05
(38,7): 8.74976365139446e-07
(38,17): 7.772308890707791e-06
(38,29): 1.0466222073041154e-12
(39,11): 1.1154763204824859e-19
(39,31): 2.9852564139358386e-29
(39,34): 7.018156190722825e-32
(39,41): 9.683368515101851e-20
(40,14): 5.157599828571441e-17
(40,15): 1.1593257363357251e-15
(40,20): 2.919596573034669e-15
(40,24): 0.0
(41,6): 6.391879196598893e-06
(41,15): 1.8606607454785262e-07
(41,16): 5.399928681981692e-07
(41,31): 5.728951807984191e-16
(41,34): 1.346841529548135e-18
(41,39): 6.5713993112536e-26
(42,8): 9.143814178047549e-11
(42,30): 1.3801001452762307e-09
