Interaction name: 5lgt

Affinity: 6.510000228881836
Predicted value: 6.989404678344727

Attributions for edges: 

(0,3): 0.5136797428131104
(0,5): 0.4828450381755829
(0,8): 0.5973863005638123
(0,9): 0.5047159790992737
(0,10): 0.5491246581077576
(0,11): 0.5623975992202759
(0,12): 0.5004346370697021
(0,14): 0.4730674922466278
(0,17): 0.5308921337127686
(0,18): 0.337444007396698
(0,22): 0.5629511475563049
(0,25): 0.42176181077957153
(1,4): 0.492123544216156
(1,8): 0.5462082028388977
(1,13): 0.538928210735321
(1,17): 0.4710972309112549
(1,18): 0.5101186037063599
(1,19): 0.48729363083839417
(1,20): 0.5277099013328552
(1,21): 0.5108046531677246
(1,22): 0.5203627943992615
(1,23): 0.5337933301925659
(1,25): 0.3865267336368561
(2,4): 0.5034172534942627
(2,6): 0.5599606037139893
(2,7): 0.35249829292297363
(3,0): 0.4480751156806946
(3,9): 0.5391579270362854
(3,10): 0.43825435638427734
(3,11): 0.5339918732643127
(3,26): 0.4466403126716614
(4,1): 0.467390239238739
(4,2): 0.42192041873931885
(4,7): 0.5360770225524902
(4,13): 0.36311665177345276
(4,16): 0.5524187684059143
(4,17): 0.5331041216850281
(4,19): 0.6229473352432251
(4,20): 0.5483758449554443
(4,21): 0.5207343697547913
(4,23): 0.4506012797355652
(5,0): 0.5597203373908997
(5,9): 0.5539737939834595
(5,10): 0.5428056120872498
(5,11): 0.564818263053894
(6,2): 0.5021771192550659
(6,24): 0.3794518709182739
(6,27): 0.4839276969432831
(6,28): 0.5598182082176208
(6,29): 0.5953377485275269
(6,34): 0.4195050001144409
(6,36): 0.47430288791656494
(7,2): 0.4368496537208557
(7,4): 0.5111188292503357
(7,13): 0.43602344393730164
(7,15): 0.3551061153411865
(7,16): 0.5570308566093445
(7,20): 0.43154215812683105
(7,21): 0.34759724140167236
(7,23): 0.4926510453224182
(7,32): 0.5118982791900635
(7,33): 0.49038660526275635
(7,36): 0.4118654131889343
(8,0): 0.5531244277954102
(8,1): 0.5040242075920105
(8,11): 0.38615521788597107
(8,12): 0.4962095022201538
(8,17): 0.5504966378211975
(8,18): 0.5512526035308838
(8,19): 0.5789985656738281
(8,22): 0.5902790427207947
(8,35): 0.4629625380039215
(9,0): 0.5999925136566162
(9,3): 0.3923763334751129
(9,5): 0.39922988414764404
(9,10): 0.5028083324432373
(9,11): 0.5942320823669434
(9,12): 0.4315219819545746
(9,22): 0.40622657537460327
(9,33): 0.419912725687027
(10,0): 0.5776363015174866
(10,3): 0.5517962574958801
(10,5): 0.5608258247375488
(10,9): 0.5249930620193481
(10,11): 0.4935159385204315
(10,12): 0.39559248089790344
(10,34): 0.4451177418231964
(11,0): 0.5671989917755127
(11,3): 0.5864383578300476
(11,5): 0.5678824782371521
(11,8): 0.511000394821167
(11,9): 0.595526397228241
(11,10): 0.5525991916656494
(11,12): 0.49739450216293335
(11,14): 0.36145222187042236
(11,22): 0.4680015742778778
(11,25): 0.44315436482429504
(11,33): 0.5352787375450134
(11,35): 0.4762379825115204
(12,0): 0.4982261657714844
(12,8): 0.5595802068710327
(12,9): 0.49141964316368103
(12,10): 0.5091245770454407
(12,11): 0.38548558950424194
(12,17): 0.4945628046989441
(12,18): 0.44608619809150696
(12,19): 0.4790831506252289
(12,22): 0.4952622950077057
(12,25): 0.5001089572906494
(12,33): 0.511964738368988
(13,1): 0.49383991956710815
(13,4): 0.3316235840320587
(13,7): 0.5314956903457642
(13,15): 0.5663561224937439
(13,17): 0.4422662854194641
(13,18): 0.422931432723999
(13,19): 0.5013889074325562
(13,20): 0.48855850100517273
(13,21): 0.5305511355400085
(13,23): 0.6091359853744507
(13,33): 0.466459184885025
(14,0): 0.5307640433311462
(14,11): 0.61918044090271
(14,24): 0.44593092799186707
(14,34): 0.5061521530151367
(14,35): 0.40829887986183167
(15,7): 0.37730008363723755
(15,13): 0.5747649669647217
(15,16): 0.5900037884712219
(15,20): 0.5382277965545654
(15,21): 0.5448369979858398
(15,23): 0.4720293879508972
(15,30): 0.43855783343315125
(15,31): 0.44883713126182556
(15,32): 0.5004210472106934
(16,4): 0.42137306928634644
(16,7): 0.5513675212860107
(16,15): 0.5204541087150574
(16,20): 0.4088454842567444
(16,21): 0.45091140270233154
(16,23): 0.4916298985481262
(17,0): 0.43688756227493286
(17,1): 0.5585080981254578
(17,4): 0.49297237396240234
(17,8): 0.4541661739349365
(17,12): 0.5235647559165955
(17,13): 0.42873716354370117
(17,18): 0.4853188395500183
(17,19): 0.44512298703193665
(17,22): 0.5122886300086975
(17,25): 0.5305359363555908
(17,33): 0.4261448085308075
(18,0): 0.5190944671630859
(18,1): 0.5209725499153137
(18,8): 0.5068466067314148
(18,12): 0.5683179497718811
(18,13): 0.6550478339195251
(18,17): 0.6086059808731079
(18,19): 0.5117241144180298
(18,22): 0.457530677318573
(18,25): 0.5257603526115417
(19,1): 0.44688713550567627
(19,4): 0.5262635350227356
(19,8): 0.6315422058105469
(19,12): 0.5151114463806152
(19,13): 0.6077679991722107
(19,17): 0.47890153527259827
(19,18): 0.5609078407287598
(19,20): 0.479668527841568
(19,22): 0.575387179851532
(19,25): 0.541894793510437
(20,1): 0.5651732683181763
(20,4): 0.6767484545707703
(20,7): 0.6212896704673767
(20,13): 0.4644944965839386
(20,15): 0.5303999185562134
(20,16): 0.512479841709137
(20,19): 0.4676886796951294
(20,21): 0.5068807601928711
(20,23): 0.6006602644920349
(20,32): 0.39235612750053406
(21,1): 0.59520423412323
(21,4): 0.47507885098457336
(21,7): 0.5120798349380493
(21,13): 0.4291067123413086
(21,15): 0.5387763977050781
(21,16): 0.5159224271774292
(21,20): 0.5441364049911499
(21,30): 0.33811503648757935
(22,0): 0.5130617618560791
(22,1): 0.4252426028251648
(22,8): 0.4258553683757782
(22,9): 0.4849444627761841
(22,11): 0.5917248725891113
(22,12): 0.4959865212440491
(22,17): 0.4641863703727722
(22,18): 0.564238965511322
(22,19): 0.5813835263252258
(22,24): 0.49960798025131226
(22,25): 0.41856807470321655
(22,34): 0.4401204586029053
(23,1): 0.4968491196632385
(23,4): 0.522418737411499
(23,7): 0.4694533944129944
(23,13): 0.5326790809631348
(23,15): 0.5345010161399841
(23,16): 0.456077516078949
(23,20): 0.6178919672966003
(24,6): 0.5368655323982239
(24,14): 0.5324562191963196
(24,22): 0.5535537004470825
(25,0): 0.48674026131629944
(25,1): 0.4782038629055023
(25,11): 0.4390066862106323
(25,12): 0.560274600982666
(25,17): 0.4322642385959625
(25,18): 0.5025094747543335
(25,19): 0.4629290699958801
(25,22): 0.619185745716095
(26,3): 0.47363531589508057
(27,6): 0.5005658864974976
(28,6): 0.5745179057121277
(29,6): 0.5464345812797546
(30,15): 0.3418365716934204
(30,21): 0.39896485209465027
(31,15): 0.41416847705841064
(32,7): 0.43524041771888733
(32,15): 0.46066102385520935
(32,20): 0.46553218364715576
(32,36): 0.4538485109806061
(33,7): 0.4423597753047943
(33,9): 0.47280168533325195
(33,11): 0.6053894758224487
(33,12): 0.47620314359664917
(33,13): 0.42242327332496643
(33,17): 0.43303239345550537
(34,6): 0.5566050410270691
(34,10): 0.36478090286254883
(34,14): 0.39616483449935913
(34,22): 0.4242869019508362
(35,8): 0.442909836769104
(35,11): 0.49492111802101135
(35,14): 0.49501433968544006
(36,6): 0.5737987756729126
(36,7): 0.43267643451690674
(36,32): 0.37752315402030945
