Interaction name: 5c4l

Affinity: 5.639999866485596
Predicted value: 6.485212326049805

Attributions for edges: 

(0,3): 0.47979867458343506
(0,4): 0.4190988838672638
(0,8): 0.47377002239227295
(0,9): 0.3964810073375702
(0,14): 0.47587811946868896
(0,16): 0.5084817409515381
(0,17): 0.50847327709198
(0,20): 0.368446409702301
(0,22): 0.51228928565979
(0,24): 0.472586065530777
(0,25): 0.47817713022232056
(0,26): 0.48249995708465576
(0,28): 0.5367401838302612
(1,5): 0.3965453803539276
(1,6): 0.49043166637420654
(1,7): 0.38745254278182983
(1,10): 0.4657002389431
(1,15): 0.3893411159515381
(1,18): 0.5166128277778625
(1,21): 0.4836795926094055
(1,23): 0.5166995525360107
(1,26): 0.5072831511497498
(1,30): 0.44389402866363525
(1,31): 0.4825502932071686
(1,33): 0.4855335056781769
(2,5): 0.577758252620697
(2,10): 0.4610278308391571
(2,18): 0.46203044056892395
(2,21): 0.49838051199913025
(2,23): 0.4139295220375061
(2,27): 0.48557424545288086
(2,29): 0.5071880221366882
(2,30): 0.48634636402130127
(3,0): 0.5008835792541504
(3,4): 0.442205011844635
(3,8): 0.5029991269111633
(3,9): 0.5275436043739319
(3,11): 0.40423741936683655
(3,14): 0.5133892297744751
(3,16): 0.47503989934921265
(3,17): 0.3517652451992035
(3,19): 0.5872390866279602
(3,20): 0.42824995517730713
(3,24): 0.5363420844078064
(3,25): 0.42081892490386963
(3,28): 0.4247860312461853
(4,0): 0.5307930111885071
(4,3): 0.489033579826355
(4,5): 0.43441861867904663
(4,6): 0.3960686922073364
(4,20): 0.4508863091468811
(4,21): 0.5051619410514832
(4,24): 0.5146958231925964
(4,26): 0.4594455361366272
(4,28): 0.41135725378990173
(4,29): 0.5219646692276001
(4,40): 0.4558893144130707
(5,1): 0.40634381771087646
(5,2): 0.4706462025642395
(5,4): 0.4717000424861908
(5,6): 0.5191489458084106
(5,12): 0.3998297452926636
(5,13): 0.4981665015220642
(5,14): 0.4545227289199829
(5,21): 0.4848474860191345
(5,23): 0.4925018548965454
(5,26): 0.4456895887851715
(5,27): 0.512914776802063
(5,28): 0.4914882779121399
(5,29): 0.47976595163345337
(5,30): 0.3697136640548706
(6,1): 0.42422619462013245
(6,4): 0.534148097038269
(6,5): 0.5051496028900146
(6,7): 0.52409827709198
(6,12): 0.5442581176757812
(6,14): 0.45713791251182556
(6,15): 0.4290348291397095
(6,21): 0.4665519595146179
(6,22): 0.3990066349506378
(6,23): 0.500701904296875
(6,24): 0.4786597490310669
(6,26): 0.48592787981033325
(6,28): 0.5034053921699524
(6,29): 0.43341654539108276
(6,30): 0.46841007471084595
(7,1): 0.4649975597858429
(7,6): 0.5574506521224976
(7,12): 0.4409927427768707
(7,21): 0.4913254678249359
(7,22): 0.4194633662700653
(7,23): 0.4832596182823181
(7,26): 0.4244765043258667
(7,28): 0.4985557794570923
(7,31): 0.4500805139541626
(7,33): 0.5367851257324219
(8,0): 0.3650544583797455
(8,3): 0.5593494772911072
(8,20): 0.4134017527103424
(8,25): 0.4888623356819153
(8,31): 0.5185317993164062
(8,32): 0.3248586356639862
(8,36): 0.5259335041046143
(8,40): 0.46042579412460327
(9,0): 0.5691545009613037
(9,3): 0.41833996772766113
(9,20): 0.4495311379432678
(9,22): 0.4415593147277832
(9,24): 0.42770203948020935
(9,28): 0.49111443758010864
(9,32): 0.39691945910453796
(9,33): 0.564719557762146
(9,34): 0.5126298069953918
(9,36): 0.41007938981056213
(9,40): 0.5774239897727966
(10,1): 0.4443846344947815
(10,2): 0.4258812367916107
(10,12): 0.41254153847694397
(10,13): 0.5292933583259583
(10,21): 0.41178402304649353
(10,23): 0.47336265444755554
(10,27): 0.5688794255256653
(10,29): 0.46544864773750305
(10,30): 0.46238046884536743
(10,31): 0.4910065829753876
(10,32): 0.42618945240974426
(10,33): 0.49753740429878235
(11,3): 0.46377283334732056
(11,25): 0.5011704564094543
(11,32): 0.4813641607761383
(11,33): 0.553486168384552
(11,34): 0.4926018714904785
(11,36): 0.4701758623123169
(11,40): 0.47259029746055603
(12,5): 0.40667638182640076
(12,6): 0.48739612102508545
(12,7): 0.3337072730064392
(12,10): 0.48324286937713623
(12,15): 0.5002001523971558
(12,18): 0.44835081696510315
(12,21): 0.4516477882862091
(12,23): 0.431975394487381
(12,26): 0.43853509426116943
(12,30): 0.4696868360042572
(13,5): 0.45225584506988525
(13,10): 0.455588698387146
(13,18): 0.4476277232170105
(13,21): 0.4850764274597168
(13,23): 0.38688498735427856
(13,27): 0.4524538218975067
(13,29): 0.6319183707237244
(13,30): 0.4278763234615326
(14,0): 0.4861805737018585
(14,3): 0.5240057110786438
(14,5): 0.46389225125312805
(14,6): 0.6226168870925903
(14,20): 0.48092034459114075
(14,21): 0.44215723872184753
(14,24): 0.40500015020370483
(14,26): 0.4159715175628662
(14,28): 0.45103132724761963
(14,29): 0.584932804107666
(15,1): 0.5410350561141968
(15,6): 0.5276097059249878
(15,12): 0.41181817650794983
(15,21): 0.5023821592330933
(15,22): 0.41063034534454346
(15,23): 0.45246660709381104
(15,26): 0.3875789940357208
(15,28): 0.5707247853279114
(16,0): 0.5648727416992188
(16,3): 0.4930312931537628
(16,20): 0.367430716753006
(16,25): 0.44422075152397156
(17,0): 0.40906086564064026
(17,3): 0.47852590680122375
(17,20): 0.5761571526527405
(17,22): 0.4946519136428833
(17,24): 0.5143847465515137
(17,28): 0.45601025223731995
(18,1): 0.4689466655254364
(18,2): 0.46684348583221436
(18,12): 0.46093958616256714
(18,13): 0.5466701984405518
(18,21): 0.4834599196910858
(18,23): 0.45775526762008667
(18,27): 0.532230019569397
(18,29): 0.47431933879852295
(18,30): 0.4396893084049225
(19,3): 0.4519302546977997
(19,25): 0.4529542624950409
(20,0): 0.45355889201164246
(20,3): 0.5438504815101624
(20,4): 0.4322924017906189
(20,8): 0.42560508847236633
(20,9): 0.46181952953338623
(20,14): 0.46124503016471863
(20,16): 0.43605318665504456
(20,17): 0.5125982165336609
(20,24): 0.4385423958301544
(20,25): 0.39792966842651367
(20,28): 0.5161018967628479
(20,41): 0.4326222538948059
(20,42): 0.40669387578964233
(21,1): 0.45605581998825073
(21,2): 0.45371490716934204
(21,4): 0.4969613254070282
(21,5): 0.4836287200450897
(21,6): 0.5209341645240784
(21,7): 0.4895066022872925
(21,10): 0.48446395993232727
(21,12): 0.5052454471588135
(21,13): 0.4785526692867279
(21,14): 0.5086808800697327
(21,15): 0.4460310637950897
(21,18): 0.48157742619514465
(21,23): 0.48551174998283386
(21,26): 0.497437447309494
(21,28): 0.48991918563842773
(21,29): 0.49523118138313293
(21,30): 0.4822242558002472
(21,42): 0.556601881980896
(21,44): 0.38221073150634766
(22,0): 0.4889812469482422
(22,6): 0.49916478991508484
(22,7): 0.4748079180717468
(22,9): 0.5129778385162354
(22,15): 0.4541935920715332
(22,17): 0.4770132005214691
(22,24): 0.363237202167511
(22,26): 0.45765072107315063
(22,28): 0.4408699870109558
(22,42): 0.5254704356193542
(23,1): 0.43480753898620605
(23,2): 0.5643757581710815
(23,5): 0.4016467332839966
(23,6): 0.44943681359291077
(23,7): 0.43988606333732605
(23,10): 0.46924644708633423
(23,12): 0.3917239010334015
(23,13): 0.43949371576309204
(23,15): 0.4204801619052887
(23,18): 0.48013612627983093
(23,21): 0.4665646255016327
(23,26): 0.4665902554988861
(23,27): 0.46380186080932617
(23,29): 0.5316226482391357
(23,30): 0.4766792356967926
(24,0): 0.48655369877815247
(24,3): 0.47892314195632935
(24,4): 0.4728442132472992
(24,6): 0.4804982841014862
(24,9): 0.4276418387889862
(24,14): 0.3919902443885803
(24,17): 0.3930937349796295
(24,20): 0.45237264037132263
(24,22): 0.4664149880409241
(24,25): 0.44389045238494873
(24,26): 0.422252893447876
(24,28): 0.485843688249588
(24,42): 0.4911426305770874
(25,0): 0.4409603178501129
(25,3): 0.4461160898208618
(25,8): 0.4633769392967224
(25,11): 0.48806095123291016
(25,16): 0.496989905834198
(25,19): 0.4877108931541443
(25,20): 0.4672165513038635
(25,24): 0.47715455293655396
(25,43): 0.5412198901176453
(26,0): 0.44025278091430664
(26,1): 0.5570688843727112
(26,4): 0.504006564617157
(26,5): 0.5097398161888123
(26,6): 0.47570571303367615
(26,7): 0.49696293473243713
(26,12): 0.5086806416511536
(26,14): 0.4400172233581543
(26,15): 0.46371057629585266
(26,21): 0.4452568590641022
(26,22): 0.5745465159416199
(26,23): 0.4719918966293335
(26,24): 0.43837663531303406
(26,28): 0.445457398891449
(26,29): 0.4521685838699341
(26,42): 0.548172652721405
(27,2): 0.4458170533180237
(27,5): 0.5037428140640259
(27,10): 0.5047832131385803
(27,13): 0.5521008968353271
(27,18): 0.46730390191078186
(27,23): 0.34333106875419617
(27,29): 0.32243236899375916
(27,30): 0.5556100606918335
(28,0): 0.5952591300010681
(28,3): 0.4929903745651245
(28,4): 0.507550060749054
(28,5): 0.38100185990333557
(28,6): 0.5100381970405579
(28,7): 0.40493836998939514
(28,9): 0.492276668548584
(28,14): 0.49443477392196655
(28,15): 0.46757417917251587
(28,17): 0.4965769052505493
(28,20): 0.4142555892467499
(28,21): 0.40666013956069946
(28,22): 0.5308122634887695
(28,24): 0.48601865768432617
(28,26): 0.454960435628891
(28,29): 0.4955354332923889
(29,2): 0.4496362507343292
(29,4): 0.5318894386291504
(29,5): 0.44666680693626404
(29,6): 0.3936375677585602
(29,10): 0.4388851225376129
(29,13): 0.454677551984787
(29,14): 0.5184460282325745
(29,18): 0.4704425632953644
(29,21): 0.47673261165618896
(29,23): 0.434996634721756
(29,26): 0.45834580063819885
(29,27): 0.4115653932094574
(29,28): 0.39667195081710815
(29,30): 0.48549696803092957
(29,41): 0.476942241191864
(29,42): 0.5056737661361694
(29,44): 0.5249467492103577
(30,1): 0.5364928245544434
(30,2): 0.44487324357032776
(30,5): 0.5228521227836609
(30,6): 0.49531328678131104
(30,10): 0.3970050811767578
(30,12): 0.49945342540740967
(30,13): 0.48836496472358704
(30,18): 0.5304897427558899
(30,21): 0.44548773765563965
(30,23): 0.5169990658760071
(30,27): 0.4828849732875824
(30,29): 0.42075714468955994
(31,1): 0.5029024481773376
(31,7): 0.43573299050331116
(31,8): 0.5483359098434448
(31,10): 0.45408880710601807
(32,8): 0.4158366918563843
(32,9): 0.5419567227363586
(32,10): 0.40646952390670776
(32,11): 0.34759098291397095
(32,36): 0.49292802810668945
(33,1): 0.48371797800064087
(33,7): 0.4558475613594055
(33,9): 0.4430430829524994
(33,10): 0.4695641100406647
(33,11): 0.4822916090488434
(34,9): 0.5560300946235657
(34,11): 0.5436134338378906
(34,40): 0.5153622031211853
(36,8): 0.43287500739097595
(36,9): 0.35615968704223633
(36,11): 0.4327467083930969
(36,32): 0.4821808338165283
(36,37): 0.47950783371925354
(36,40): 0.4453244209289551
(37,36): 0.48680296540260315
(39,40): 0.5117202997207642
(40,4): 0.5092190504074097
(40,8): 0.4440312385559082
(40,9): 0.441867470741272
(40,11): 0.616377055644989
(40,34): 0.5308029651641846
(40,36): 0.4753858745098114
(40,39): 0.3725385367870331
(41,20): 0.531450092792511
(41,29): 0.4964766204357147
(41,43): 0.4525846838951111
(42,20): 0.41818487644195557
(42,21): 0.4150843918323517
(42,22): 0.5345205664634705
(42,24): 0.5664592385292053
(42,26): 0.45425382256507874
(42,29): 0.43067196011543274
(43,25): 0.5283443927764893
(43,41): 0.4579523503780365
(44,21): 0.49605879187583923
(44,29): 0.4818462133407593
