Interaction name: 5ko1

Affinity: 6.639999866485596
Predicted value: 7.147295951843262

Shapley values for edges: 

(0,1): -0.048186025619506835
(0,3): -0.021340804100036623
(0,4): 0.026677279472351073
(0,6): -0.014922037124633789
(0,20): -0.002477264404296875
(0,21): 0.024134268760681154
(1,0): -0.07609262943267822
(1,6): -0.042601728439331056
(1,20): -0.1164223861694336
(1,21): 0.0734247636795044
(2,3): -0.07108677864074707
(2,5): -0.02128753185272217
(2,7): 2.7594566345214843e-05
(2,10): 0.005298600196838379
(2,12): 0.01866872787475586
(2,19): 0.026348624229431152
(3,0): -0.06612049579620362
(3,2): -0.04147226333618164
(3,4): -0.01087738037109375
(3,5): -0.012569928169250488
(3,10): 0.03634646892547608
(3,12): -0.0002082061767578125
(3,13): -0.011047453880310058
(3,19): -0.018501219749450685
(3,21): 0.04968639850616455
(4,0): 0.04999626636505127
(4,3): -0.0045477294921875
(4,6): 0.000604395866394043
(4,10): 0.0021922636032104493
(4,12): 0.004126930236816406
(4,19): 0.015931415557861327
(5,2): -0.032072720527648924
(5,3): -0.034270734786987306
(5,7): 0.023053274154663086
(5,8): -0.013204092979431153
(5,9): -0.004805831909179687
(5,10): -0.001980862617492676
(5,12): -0.004900960922241211
(5,13): -0.007234244346618652
(5,14): 0.008943724632263183
(6,0): -0.11245324611663818
(6,1): -0.26717324256896974
(6,4): 0.06993731498718261
(6,22): 0.06010035991668701
(7,2): -0.006528706550598145
(7,5): -0.003219757080078125
(7,8): 0.003398013114929199
(7,9): 0.007491517066955567
(7,11): 0.0037418413162231445
(7,14): -0.0063802385330200195
(7,16): -0.0019759225845336916
(7,24): -0.0004595947265625
(7,25): -0.005194916725158692
(7,28): -0.005089077949523926
(7,29): 0.010930085182189941
(8,5): -0.006152610778808593
(8,7): -0.002362966537475586
(8,9): 0.00041626930236816407
(8,11): 0.004507923126220703
(8,14): 0.0009054470062255859
(8,16): -0.013789229393005371
(9,5): -0.0108943510055542
(9,7): -0.005876154899597168
(9,8): 0.0010019159317016602
(9,11): 0.004413919448852539
(9,14): 0.0022412776947021485
(9,16): -0.0011306095123291015
(10,2): -0.011929631233215332
(10,3): 0.006681880950927734
(10,4): -0.00524716854095459
(10,5): 0.006690831184387207
(10,12): -0.015709409713745116
(10,13): -0.0008671140670776367
(10,15): 0.004533491134643555
(10,17): -0.004327926635742187
(10,19): -0.007194337844848633
(10,23): -0.01672236919403076
(10,24): -0.02844639778137207
(11,7): 0.0011655521392822266
(11,8): -0.0007144689559936523
(11,9): -0.004479222297668457
(11,14): -0.019437718391418456
(11,16): -0.01515552520751953
(12,2): -0.025683369636535645
(12,3): 0.017517056465148926
(12,4): -0.0034599208831787107
(12,5): -0.022218232154846192
(12,10): -0.011364898681640624
(12,13): 1.8811225891113283e-05
(12,15): 0.0017604875564575196
(12,17): 0.0007766532897949219
(12,18): -0.006596293449401856
(12,19): -0.008059988021850586
(12,26): 0.012007226943969726
(13,3): 0.03697700500488281
(13,5): -0.0059762907028198245
(13,10): -0.01082197666168213
(13,12): 0.010511140823364257
(13,15): 8.449554443359374e-05
(13,17): 0.0022923803329467775
(13,18): 0.000580744743347168
(13,19): -0.006104731559753418
(13,24): -0.018153929710388185
(13,25): -0.0013258981704711915
(13,28): -0.01979340076446533
(14,5): -0.011091041564941406
(14,7): -0.0028549528121948244
(14,8): -0.0064637517929077145
(14,9): -0.027960138320922853
(14,11): -0.007263374328613281
(14,16): -0.0020050621032714844
(14,24): 0.0005493307113647461
(14,25): -0.009622387886047364
(14,29): 0.005305428504943848
(15,10): 0.008671064376831055
(15,12): 0.012309608459472656
(15,13): 0.02141808032989502
(15,17): -0.012935853004455567
(15,18): -0.00836153507232666
(15,19): 0.007948694229125976
(15,27): -0.0028867006301879885
(15,28): -0.01164504051208496
(16,7): 0.019504785537719727
(16,8): -0.003919425010681152
(16,9): -0.002429614067077637
(16,11): -0.013328790664672852
(16,14): 0.0007382965087890625
(16,26): 0.0043065547943115234
(16,28): -0.011207938194274902
(17,10): 0.01880381107330322
(17,12): 0.03272120475769043
(17,13): 0.005572733879089356
(17,15): -0.002949833869934082
(17,18): -0.00015332698822021485
(17,19): -0.013240337371826172
(18,12): 0.0054506492614746094
(18,13): 0.005044832229614258
(18,15): -6.618499755859376e-05
(18,17): 0.006940379142761231
(18,19): 0.016067242622375487
(18,29): -0.012111582756042481
(19,2): -0.02472874641418457
(19,3): 0.04130870819091797
(19,4): 0.01335930347442627
(19,10): -0.009173984527587891
(19,12): 0.004189901351928711
(19,13): 0.00017075538635253907
(19,15): -0.002191357612609863
(19,17): -0.00037567615509033204
(19,18): -0.0076226806640625
(19,29): 0.0071399927139282225
(20,0): 0.06438627243041992
(20,1): 0.07045121192932129
(21,0): -0.12262128829956055
(21,1): -0.11877315044403076
(21,3): 0.00735321044921875
(21,22): -0.0337153959274292
(22,6): 0.08239512443542481
(22,21): -0.028569645881652832
(23,10): 0.011258864402770996
(23,25): -0.003217453956604004
(24,7): 0.0034485435485839843
(24,10): 0.011842026710510253
(24,13): 0.018569393157958983
(24,14): 0.003471322059631348
(24,27): -0.002847762107849121
(25,7): 0.005159869194030762
(25,13): -0.00545125961303711
(25,14): -0.0031639575958251954
(25,23): 0.007222771644592285
(26,12): -3.3440589904785154e-05
(26,16): -0.0007218360900878906
(27,15): 2.2439956665039064e-05
(27,24): 0.004093866348266601
(27,29): 0.0030013132095336914
(28,7): -0.006310338973999023
(28,13): -0.009925503730773926
(28,15): -0.00462893009185791
(28,16): 0.001159334182739258
(29,7): -0.008655986785888671
(29,14): 0.0027090787887573244
(29,18): -0.005098600387573243
(29,19): -0.002670021057128906
(29,27): 0.0008255767822265625
