Interaction name: 5owa

Affinity: 5.460000038146973
Predicted value: 6.423465728759766

Attributions for edges: 

(0,3): 3.3944138380286295e-20
(0,7): 4.2822768080594594e-19
(0,8): 1.2723686527735703e-20
(0,15): 8.039298890231422e-17
(1,4): 9.220830442312365e-17
(1,5): 1.939475956223201e-16
(1,6): 7.48259227591282e-18
(1,13): 1.5834554353469078e-16
(1,16): 4.641466535795129e-15
(2,3): 1.1212988025578522e-28
(2,4): 4.694916154481749e-26
(2,8): 4.2030505057945e-29
(2,13): 7.867725192339556e-26
(3,0): 1.1426915966112462e-19
(3,2): 1.1502192386328913e-32
(3,4): 1.3846157661961348e-18
(3,7): 4.1718408292062996e-20
(3,8): 1.2395556943822666e-21
(3,15): 7.813800356262728e-18
(4,1): 1.2875365342897375e-16
(4,2): 4.850130598696167e-31
(4,3): 1.387687242906909e-19
(4,13): 1.1365028835582113e-16
(4,15): 4.0395792700967674e-16
(4,16): 3.3313346300137747e-15
(5,1): 2.3876720582575854e-16
(5,9): 2.5467757823068524e-18
(5,10): 2.8026397029720612e-18
(5,11): 2.599424794320087e-18
(5,12): 2.7974913308395312e-18
(5,14): 4.208045102901068e-19
(5,16): 6.197289030015303e-15
(6,1): 2.7418782411783048e-17
(6,9): 3.5771438514552753e-19
(6,10): 3.931737051505093e-19
(6,11): 3.6497700507434897e-19
(6,12): 3.9246646572677646e-19
(6,14): 5.978212647740313e-20
(6,16): 6.64968032741876e-16
(7,0): 6.091963423651308e-19
(7,3): 1.7629815102029185e-20
(7,15): 4.165740790948906e-17
(7,17): 1.2650443266553731e-23
(7,18): 4.564425917802795e-20
(7,19): 6.850678329215064e-21
(7,20): 3.009679291212502e-22
(8,0): 6.231409402068527e-20
(8,2): 6.272460631190773e-33
(8,3): 1.8033365342062123e-21
(8,15): 4.261094780523508e-18
(8,17): 1.2940013791692055e-24
(8,21): 3.447276172167023e-20
(8,22): 3.384832436972366e-20
(8,23): 1.9823800912077528e-25
(8,24): 1.9823800912077528e-25
(9,5): 1.3865138561887296e-17
(9,6): 6.104246021771955e-19
(9,10): 1.812082078947014e-19
(9,11): 1.682127610317929e-19
(9,12): 1.8088154910092538e-19
(9,29): 2.787943107480649e-20
(10,5): 1.4696663527017452e-17
(10,6): 6.470331862457431e-19
(10,9): 1.7475353662919112e-19
(10,11): 1.7830020275248294e-19
(10,12): 1.9173017793092319e-19
(10,14): 2.9205136640439037e-20
(10,26): 2.873996063697733e-20
(10,27): 2.0828098458536142e-17
(11,5): 1.4002058459960748e-17
(11,6): 6.164526291923874e-19
(11,9): 1.664942028363345e-19
(11,10): 1.8299767097829209e-19
(11,12): 1.8266846601919305e-19
(11,14): 2.782482099850665e-20
(11,22): 3.050067467063783e-19
(12,5): 1.46903868805294e-17
(12,6): 6.467543229817362e-19
(12,9): 1.7467888357890821e-19
(12,10): 1.9199366080541547e-19
(12,11): 1.7822335250369794e-19
(12,14): 2.919243812556664e-20
(12,21): 3.2590272484675148e-19
(13,1): 1.9217492771728427e-16
(13,2): 6.949718674519081e-31
(13,4): 9.878063158421678e-17
(13,16): 4.978046935847887e-15
(13,21): 3.867300147076307e-18
(13,22): 3.79678424062708e-18
(13,27): 2.993863627756538e-16
(13,28): 5.521726891504321e-15
(14,5): 4.458814521571139e-18
(14,6): 1.963031167004519e-19
(14,10): 5.827398881261143e-20
(14,11): 5.4094833251097715e-20
(14,12): 5.816871069261845e-20
(14,25): 1.0149252678682629e-25
(14,30): 7.304314193779375e-21
(15,0): 1.79779037285581e-17
(15,3): 4.779631042078273e-19
(15,4): 2.58120664590878e-16
(15,7): 6.296385499009727e-18
(15,8): 1.7737688824311477e-19
(15,31): 1.4375253645868696e-14
(16,1): 1.9589807427183034e-15
(16,4): 1.0069400622017034e-15
(16,5): 2.117969462192646e-15
(16,6): 7.749714207432937e-17
(16,13): 1.7291768924799491e-15
(17,7): 4.644265729799711e-22
(17,8): 1.379919356078924e-23
(17,19): 1.4305112147412822e-23
(18,7): 8.571138232288782e-20
(18,21): 1.2987620958831908e-19
(19,7): 2.4645127414742877e-20
(19,17): 1.4017721047740398e-24
(20,7): 3.474987772819187e-21
(21,8): 8.83815261869704e-21
(21,12): 2.6505004571094573e-19
(21,13): 1.654408705273216e-17
(21,18): 6.104499216587578e-20
(21,22): 4.425632378093728e-19
(22,8): 8.661721617946728e-21
(22,11): 2.415647596087343e-19
(22,13): 1.6213825267003012e-17
(22,21): 4.417300601373787e-19
(23,8): 4.169541669485573e-24
(24,8): 4.169541669485573e-24
(25,14): 6.393934179134784e-24
(26,10): 5.932956820945712e-20
(26,29): 9.12803337916356e-21
(26,30): 7.436681671039899e-21
(27,10): 3.610568927538836e-18
(27,13): 2.77915692219313e-16
(28,13): 1.9404167451298046e-15
(29,9): 5.491485358147333e-20
(29,26): 9.031295252760337e-21
(29,30): 7.565586945072491e-21
(30,14): 8.086557250203179e-21
(30,26): 7.9577860699027e-21
(30,29): 8.182440731012573e-21
(31,15): 6.8560849983683326e-15
