Interaction name: 5ndf

Affinity: 5.849999904632568
Predicted value: 6.389522552490234

Attributions for edges: 

(0,9): 0.45561596751213074
(0,11): 0.47596606612205505
(0,13): 0.3797341585159302
(0,14): 0.43792498111724854
(0,15): 0.35583797097206116
(0,16): 0.43715670704841614
(1,2): 0.5026289224624634
(1,9): 0.6739018559455872
(1,10): 0.33212023973464966
(1,11): 0.4650731384754181
(1,13): 0.534630537033081
(1,14): 0.5340338945388794
(1,15): 0.5463737845420837
(1,16): 0.4476049840450287
(2,1): 0.4716143310070038
(2,3): 0.3726609945297241
(2,7): 0.5797235369682312
(2,9): 0.6058122515678406
(2,10): 0.49487748742103577
(2,11): 0.3999854326248169
(2,14): 0.4584260582923889
(2,16): 0.44644278287887573
(3,2): 0.5817805528640747
(3,9): 0.4209415912628174
(3,10): 0.4475969672203064
(3,11): 0.46917134523391724
(3,12): 0.4034711718559265
(3,13): 0.44105395674705505
(3,15): 0.4321227967739105
(3,16): 0.4942287504673004
(4,5): 0.4427032768726349
(4,8): 0.5504804253578186
(5,4): 0.39400383830070496
(5,12): 0.5959948301315308
(6,9): 0.467729389667511
(6,11): 0.4148942828178406
(6,13): 0.3488132357597351
(6,14): 0.4421502947807312
(6,15): 0.38099029660224915
(6,16): 0.40561431646347046
(7,2): 0.45793014764785767
(7,9): 0.3840087354183197
(7,10): 0.4662017226219177
(7,11): 0.5470080971717834
(7,13): 0.37963125109672546
(7,14): 0.5075722336769104
(7,15): 0.39601659774780273
(7,16): 0.40652137994766235
(8,4): 0.4459686577320099
(8,12): 0.5856566429138184
(9,0): 0.6302536725997925
(9,1): 0.5746347904205322
(9,2): 0.4448472857475281
(9,3): 0.4458009600639343
(9,6): 0.417337030172348
(9,7): 0.5276358723640442
(9,10): 0.612288773059845
(9,11): 0.352605402469635
(9,13): 0.3587513267993927
(9,14): 0.5042617917060852
(9,15): 0.43532705307006836
(9,20): 0.40457338094711304
(10,1): 0.5432282090187073
(10,2): 0.4818289875984192
(10,3): 0.47834935784339905
(10,7): 0.4476311504840851
(10,9): 0.5261701941490173
(10,11): 0.5366379618644714
(10,13): 0.4629065990447998
(10,14): 0.6322187185287476
(10,15): 0.43477413058280945
(10,16): 0.4401552081108093
(11,0): 0.4057719111442566
(11,1): 0.3288060426712036
(11,2): 0.3575158417224884
(11,3): 0.4258798360824585
(11,6): 0.717968761920929
(11,7): 0.5951218605041504
(11,9): 0.5227181315422058
(11,10): 0.4692997932434082
(11,13): 0.3377407193183899
(11,14): 0.43994998931884766
(11,15): 0.34217891097068787
(11,16): 0.45698338747024536
(12,3): 0.4045550227165222
(12,5): 0.4837700128555298
(12,8): 0.5600889921188354
(12,19): 0.38632649183273315
(13,0): 0.3810453414916992
(13,1): 0.3486129343509674
(13,3): 0.4388215243816376
(13,6): 0.44647786021232605
(13,7): 0.5058032274246216
(13,9): 0.5452806353569031
(13,10): 0.5071644186973572
(13,11): 0.5514469742774963
(13,14): 0.4714275300502777
(13,15): 0.5646395683288574
(13,16): 0.3089964687824249
(14,0): 0.5191746354103088
(14,1): 0.4721965789794922
(14,2): 0.42488768696784973
(14,6): 0.47585371136665344
(14,7): 0.5109767317771912
(14,9): 0.46754223108291626
(14,10): 0.49247950315475464
(14,11): 0.42728614807128906
(14,13): 0.3724568486213684
(14,15): 0.36025968194007874
(14,16): 0.4561133086681366
(14,18): 0.4204002618789673
(14,19): 0.45660728216171265
(15,0): 0.4382163882255554
(15,1): 0.4136600196361542
(15,3): 0.41978755593299866
(15,6): 0.3972287178039551
(15,7): 0.45314154028892517
(15,9): 0.44616931676864624
(15,10): 0.5497047305107117
(15,11): 0.6891304850578308
(15,13): 0.37872353196144104
(15,14): 0.4408964216709137
(15,16): 0.6155010461807251
(15,17): 0.44026267528533936
(16,0): 0.5628273487091064
(16,1): 0.4179006814956665
(16,2): 0.6025670766830444
(16,3): 0.48210668563842773
(16,6): 0.39435580372810364
(16,7): 0.6342962980270386
(16,10): 0.4391929507255554
(16,11): 0.5852397680282593
(16,13): 0.4001874327659607
(16,14): 0.49292612075805664
(16,15): 0.4267095625400543
(17,15): 0.40403690934181213
(18,14): 0.5717411637306213
(19,12): 0.461414098739624
(19,14): 0.6110202670097351
(20,9): 0.4874822497367859
