Interaction name: 6bmi

Affinity: 5.050000190734863
Predicted value: 6.349916458129883

Attributions for edges: 

(0,2): 5.085651202972889e-22
(0,3): 4.813583805270473e-22
(0,6): 5.095010501187921e-22
(0,7): 5.6096244806887e-22
(0,8): 6.960150311459237e-22
(0,9): 3.5573385909241164e-22
(0,11): 1.2361087382579108e-21
(1,3): 7.38956478884125e-22
(1,7): 8.611539865980889e-22
(1,8): 1.0684821825163345e-21
(1,10): 2.240464935281583e-21
(1,11): 1.897610082436682e-21
(2,0): 5.085612832778459e-22
(2,3): 4.797781848488065e-22
(2,5): 5.062656349347804e-22
(2,7): 5.591165892812997e-22
(2,8): 6.937301365547181e-22
(2,9): 3.545646788784527e-22
(2,11): 1.2320505853259643e-21
(3,0): 4.811839476036849e-22
(3,1): 7.383534609863996e-22
(3,2): 4.796043072835213e-22
(3,4): 4.929934351685586e-22
(3,5): 4.790100741408365e-22
(3,6): 4.804887907522296e-22
(3,8): 6.563821543966408e-22
(3,12): 3.4578618423805536e-22
(3,13): 2.9361385221841782e-22
(3,14): 3.7421218742340656e-22
(3,17): 3.837694455494381e-22
(4,3): 4.931853366278063e-22
(4,7): 5.747451733694018e-22
(4,8): 7.131160714452752e-22
(5,2): 5.062694214671254e-22
(5,3): 4.791891518772089e-22
(5,6): 5.072050988531389e-22
(5,7): 5.58430267671983e-22
(5,8): 6.928758443705745e-22
(6,0): 5.095069571092504e-22
(6,3): 4.806684743337772e-22
(6,5): 5.072050988531389e-22
(6,7): 5.601541496309443e-22
(6,8): 6.950147807616525e-22
(7,0): 5.6102449671223105e-22
(7,1): 8.608682296237816e-22
(7,2): 5.591848478377067e-22
(7,4): 5.747912176027178e-22
(7,5): 5.584898929346432e-22
(7,6): 5.602139768419963e-22
(7,8): 7.652953454408787e-22
(8,0): 6.962460096189724e-22
(8,1): 1.0683558637973033e-21
(8,2): 6.939603577212978e-22
(8,3): 6.5683800240388815e-22
(8,4): 7.133337213244693e-22
(8,5): 6.93103137285474e-22
(8,6): 6.952427804959231e-22
(8,7): 7.654588226639894e-22
(8,18): 1.486408825634412e-21
(8,19): 2.124217584494648e-21
(9,0): 3.555832560792741e-22
(9,2): 3.5441460597984347e-22
(9,13): 2.169726705059584e-22
(10,1): 2.2420122638590688e-21
(10,11): 3.5397158674418115e-21
(10,19): 4.457787392663721e-21
(11,0): 1.2373116438532898e-21
(11,1): 1.8985947827947897e-21
(11,2): 1.2332496539019002e-21
(11,10): 3.539108406679468e-21
(11,15): 4.9347353717765355e-21
(11,18): 2.641514448379647e-21
(11,19): 3.7749853399181426e-21
(12,3): 3.4549611061687474e-22
(12,13): 2.234659423890136e-22
(12,14): 2.848094324532313e-22
(12,16): 2.7510275776086365e-22
(13,3): 2.9347276602324086e-22
(13,9): 2.1688164226838313e-22
(13,12): 2.2354609065698404e-22
(14,3): 3.739296616233671e-22
(14,12): 2.848322526214975e-22
(14,17): 3.161199654919519e-22
(15,11): 4.937634542888306e-21
(15,19): 6.218298347021491e-21
(16,12): 2.7496742709485117e-22
(16,17): 3.0516921297584004e-22
(17,3): 3.834080336588765e-22
(17,14): 3.160621072777194e-22
(17,16): 3.052903062802351e-22
(18,8): 1.4869873068025415e-21
(18,11): 2.6408595297452454e-21
(19,8): 2.126195467043316e-21
(19,10): 4.458348809192749e-21
(19,11): 3.776080304098138e-21
(19,15): 6.2164727335601925e-21
