Interaction name: 5j1x

Affinity: 5.519999980926514
Predicted value: 6.072381019592285

Attributions for edges: 

(0,1): 0.5060482621192932
(0,2): 0.4530208110809326
(0,3): 0.5195603370666504
(0,4): 0.38880103826522827
(0,8): 0.4740567207336426
(0,11): 0.5150005221366882
(0,12): 0.5260016322135925
(0,16): 0.3521915376186371
(0,17): 0.5213627219200134
(0,18): 0.4733392000198364
(0,19): 0.4789382815361023
(1,0): 0.5302766561508179
(1,3): 0.5950563549995422
(1,4): 0.38787642121315
(1,10): 0.49337589740753174
(1,11): 0.36986619234085083
(1,12): 0.4665745794773102
(1,16): 0.37747615575790405
(1,18): 0.5261468291282654
(2,0): 0.5312337875366211
(2,3): 0.5711156129837036
(2,4): 0.5555003881454468
(2,13): 0.43784648180007935
(2,17): 0.4844043254852295
(2,18): 0.48970720171928406
(3,0): 0.6420556902885437
(3,1): 0.4683326184749603
(3,2): 0.5050725936889648
(3,4): 0.5403088927268982
(3,8): 0.4001365303993225
(3,13): 0.4876510202884674
(3,18): 0.5150332450866699
(3,19): 0.48983943462371826
(4,0): 0.5092615485191345
(4,1): 0.43698132038116455
(4,2): 0.5119000673294067
(4,3): 0.5415028929710388
(4,8): 0.3917452096939087
(4,13): 0.5186588764190674
(4,14): 0.482063353061676
(4,16): 0.3364306092262268
(5,6): 0.6554268002510071
(5,7): 0.4499533474445343
(5,9): 0.5880091786384583
(5,13): 0.4122748076915741
(5,14): 0.4182518422603607
(5,15): 0.5443867444992065
(6,5): 0.5467252731323242
(6,7): 0.4715263247489929
(6,9): 0.39330995082855225
(6,15): 0.447206974029541
(6,20): 0.5110602974891663
(6,21): 0.5252113938331604
(6,22): 0.5000006556510925
(7,5): 0.44875040650367737
(7,6): 0.5772794485092163
(7,9): 0.4856933355331421
(7,15): 0.39390650391578674
(7,20): 0.4690161943435669
(7,22): 0.5150550603866577
(8,0): 0.5310078263282776
(8,3): 0.3863392770290375
(8,4): 0.5039625763893127
(8,13): 0.47660648822784424
(9,5): 0.5403822660446167
(9,6): 0.5436354279518127
(9,7): 0.4861162602901459
(9,14): 0.526940643787384
(9,15): 0.5019640922546387
(9,20): 0.4803199768066406
(9,22): 0.37846192717552185
(10,1): 0.41483187675476074
(10,11): 0.5533429384231567
(10,12): 0.5156674385070801
(10,16): 0.5343915820121765
(11,0): 0.6040384769439697
(11,1): 0.45570996403694153
(11,10): 0.4197651147842407
(11,12): 0.46961358189582825
(11,16): 0.3835519552230835
(12,0): 0.552391767501831
(12,1): 0.5029147267341614
(12,10): 0.48843351006507874
(12,11): 0.5192965865135193
(12,16): 0.42431434988975525
(12,25): 0.4996664226055145
(12,26): 0.5143144726753235
(13,2): 0.6191918253898621
(13,3): 0.4610656797885895
(13,4): 0.49675533175468445
(13,5): 0.4331384599208832
(13,8): 0.5382303595542908
(13,14): 0.4537127614021301
(13,15): 0.5429351329803467
(13,25): 0.44438859820365906
(13,29): 0.5515606999397278
(14,4): 0.3447296917438507
(14,5): 0.6168805956840515
(14,9): 0.40157350897789
(14,13): 0.5411353707313538
(14,15): 0.5759924054145813
(14,26): 0.3409387767314911
(14,28): 0.5419365167617798
(14,29): 0.4602813720703125
(14,30): 0.5871217846870422
(15,5): 0.44787368178367615
(15,6): 0.490937739610672
(15,7): 0.48072224855422974
(15,9): 0.418418288230896
(15,13): 0.5448823571205139
(15,14): 0.4194697439670563
(15,27): 0.6294649243354797
(16,0): 0.5659986734390259
(16,1): 0.3958517014980316
(16,4): 0.6001046895980835
(16,10): 0.43861860036849976
(16,11): 0.4201395809650421
(16,12): 0.40176671743392944
(17,0): 0.5855183601379395
(17,2): 0.4439927041530609
(17,19): 0.5174244046211243
(17,26): 0.5850039720535278
(18,0): 0.5094134211540222
(18,1): 0.5017591714859009
(18,2): 0.5416420102119446
(18,3): 0.461777925491333
(18,27): 0.5046156048774719
(19,0): 0.5070009827613831
(19,3): 0.5525611042976379
(19,17): 0.5275392532348633
(19,25): 0.5724499225616455
(20,6): 0.5434505343437195
(20,7): 0.5152027010917664
(20,9): 0.5109710693359375
(20,22): 0.4358801543712616
(20,24): 0.5348587036132812
(21,6): 0.308141827583313
(21,28): 0.4886076748371124
(22,6): 0.5523300170898438
(22,7): 0.48802056908607483
(22,9): 0.48419642448425293
(22,20): 0.43113914132118225
(22,23): 0.4776028096675873
(23,22): 0.5127791166305542
(23,24): 0.48088338971138
(24,20): 0.46516314148902893
(24,23): 0.48629218339920044
(25,12): 0.48996272683143616
(25,13): 0.41534361243247986
(25,19): 0.44448232650756836
(26,12): 0.6719938516616821
(26,14): 0.45920318365097046
(26,17): 0.49182307720184326
(27,15): 0.5806668400764465
(27,18): 0.46386978030204773
(28,14): 0.6854718327522278
(28,21): 0.48526421189308167
(29,13): 0.4840535819530487
(29,14): 0.43194371461868286
(30,14): 0.4456719160079956
