Interaction name: 4uja

Affinity: 9.050000190734863
Predicted value: 7.530723571777344

Attributions for edges: 

(0,6): 0.4169231355190277
(0,11): 0.5304406881332397
(0,12): 0.4205845594406128
(0,13): 0.5523989200592041
(0,14): 0.4903077781200409
(1,4): 0.5808625817298889
(1,9): 0.4816395342350006
(1,10): 0.5102221965789795
(1,15): 0.4610775411128998
(2,4): 0.645999550819397
(2,8): 0.5161920189857483
(2,9): 0.6492710709571838
(2,10): 0.4506993889808655
(2,13): 0.5593580603599548
(2,16): 0.4147545397281647
(3,6): 0.49106401205062866
(3,11): 0.5638533234596252
(3,13): 0.4945329427719116
(3,17): 0.4128614366054535
(3,19): 0.44030749797821045
(3,21): 0.5198970437049866
(4,1): 0.4833841621875763
(4,2): 0.4711596667766571
(4,9): 0.5531338453292847
(4,10): 0.4702806770801544
(4,18): 0.4593702554702759
(5,6): 0.38937798142433167
(5,11): 0.5970591902732849
(5,13): 0.5341799855232239
(6,0): 0.45108938217163086
(6,3): 0.3916132152080536
(6,5): 0.4062342047691345
(6,8): 0.39506641030311584
(6,11): 0.46630391478538513
(6,13): 0.521374523639679
(6,14): 0.5819154381752014
(6,22): 0.5684853196144104
(6,24): 0.308432936668396
(7,12): 0.461338073015213
(7,23): 0.37664854526519775
(7,24): 0.5936172008514404
(7,25): 0.5000708103179932
(8,2): 0.5603928565979004
(8,6): 0.5430688261985779
(8,9): 0.6636510491371155
(8,10): 0.49217355251312256
(8,11): 0.4498370587825775
(8,13): 0.5212893486022949
(8,14): 0.4780234694480896
(8,22): 0.45586109161376953
(8,26): 0.5041465163230896
(8,27): 0.42455199360847473
(8,28): 0.5142369866371155
(9,1): 0.4534611999988556
(9,2): 0.4490346312522888
(9,4): 0.5442905426025391
(9,8): 0.4712241590023041
(9,10): 0.632459282875061
(9,13): 0.5098337531089783
(9,14): 0.6385948061943054
(9,28): 0.5152617692947388
(9,30): 0.47727537155151367
(9,31): 0.6723371148109436
(10,1): 0.5561953783035278
(10,2): 0.4802868664264679
(10,4): 0.42501595616340637
(10,8): 0.3999219238758087
(10,9): 0.40548646450042725
(10,11): 0.46265894174575806
(10,13): 0.4184218645095825
(10,14): 0.5419710874557495
(10,29): 0.48587045073509216
(11,0): 0.5539211630821228
(11,3): 0.4112046957015991
(11,5): 0.46509769558906555
(11,6): 0.5277318358421326
(11,8): 0.5089170932769775
(11,10): 0.5401719212532043
(11,13): 0.4771360456943512
(11,14): 0.47641268372535706
(11,27): 0.3260919451713562
(12,0): 0.45300528407096863
(12,7): 0.5550414323806763
(12,22): 0.62403804063797
(12,24): 0.4605742394924164
(12,27): 0.451345294713974
(13,0): 0.4066188931465149
(13,2): 0.5417877435684204
(13,3): 0.6532929539680481
(13,5): 0.5664339065551758
(13,6): 0.48160502314567566
(13,8): 0.53094083070755
(13,9): 0.6505118608474731
(13,10): 0.6265873908996582
(13,11): 0.4257517158985138
(13,14): 0.5186845660209656
(14,0): 0.5238661766052246
(14,6): 0.553642749786377
(14,8): 0.4900939166545868
(14,9): 0.5305559635162354
(14,10): 0.49423569440841675
(14,11): 0.557389497756958
(14,13): 0.45255914330482483
(14,30): 0.4819125831127167
(15,1): 0.572734534740448
(15,18): 0.44415557384490967
(16,2): 0.5237444043159485
(16,27): 0.5667654871940613
(17,3): 0.49860504269599915
(17,19): 0.39760899543762207
(17,27): 0.3505922555923462
(18,4): 0.4779782295227051
(18,15): 0.507642924785614
(18,28): 0.3156752586364746
(19,3): 0.5324338674545288
(19,17): 0.4938952922821045
(19,20): 0.38171282410621643
(19,27): 0.5040415525436401
(20,19): 0.419604629278183
(20,27): 0.5450450778007507
(21,3): 0.44053274393081665
(22,6): 0.4954766035079956
(22,8): 0.5062003135681152
(22,12): 0.3984822630882263
(22,24): 0.46774500608444214
(22,30): 0.6213850975036621
(23,7): 0.5922069549560547
(23,25): 0.5739824771881104
(24,6): 0.5378335118293762
(24,7): 0.6218079328536987
(24,12): 0.5265412926673889
(24,22): 0.6168335676193237
(24,25): 0.6294554471969604
(25,7): 0.49084821343421936
(25,23): 0.4778248965740204
(25,24): 0.4261649250984192
(26,8): 0.5566820502281189
(26,27): 0.455206036567688
(26,31): 0.6296355128288269
(27,8): 0.5879188776016235
(27,11): 0.436141699552536
(27,12): 0.4204813539981842
(27,16): 0.6277142763137817
(27,17): 0.5147190093994141
(27,19): 0.5259787440299988
(27,20): 0.5682485699653625
(27,26): 0.4560166001319885
(28,8): 0.6078934669494629
(28,9): 0.40353700518608093
(28,18): 0.5217287540435791
(28,30): 0.40270712971687317
(29,10): 0.5125300884246826
(30,9): 0.5399714112281799
(30,14): 0.45470401644706726
(30,22): 0.47272738814353943
(30,28): 0.4537878632545471
(31,9): 0.5479618906974792
(31,26): 0.584296464920044
