Interaction name: 5fbo

Affinity: 9.510000228881836
Predicted value: 7.820717811584473

Shapley values for edges: 

(0,5): -0.04486940860748291
(0,26): -0.04435197353363037
(1,7): -0.02222377300262451
(1,9): 0.02385162830352783
(1,10): -0.003099079132080078
(1,13): 0.0009349250793457032
(1,14): 0.028353667259216307
(1,24): -0.006430339813232422
(2,6): 0.009308409690856934
(2,11): -0.019540505409240724
(2,12): -0.043059682846069335
(2,17): -0.006781330108642578
(2,25): 0.00920668125152588
(3,6): -0.005419697761535645
(3,15): 0.014250741004943848
(3,16): 0.002984328269958496
(3,17): 0.005318088531494141
(4,7): -0.024702820777893066
(4,23): -0.022526764869689943
(4,26): 0.043455376625061035
(4,27): -0.05020509243011475
(5,0): -0.06279749870300293
(5,10): -0.022108864784240723
(5,14): -0.0022550058364868165
(5,24): -0.045330662727355954
(5,28): 0.05154048442840576
(6,2): -0.03820977210998535
(6,3): -0.04830959796905518
(6,11): -0.03554286003112793
(6,12): -0.0152655029296875
(6,16): -0.0063307762145996095
(6,17): -0.014726543426513672
(6,25): -0.018562278747558593
(7,1): -0.010261693000793458
(7,4): -0.019531106948852538
(7,8): -0.003931279182434082
(7,9): -0.024718523025512695
(7,22): -0.015138931274414062
(7,36): -0.0007166528701782227
(7,39): 0.01487755298614502
(8,7): 0.01216766357421875
(8,9): -0.0027741241455078126
(8,22): -0.004719171524047851
(9,1): -0.0017272377014160157
(9,7): -0.026561365127563477
(9,8): 0.001596546173095703
(9,22): -0.018807406425476073
(9,29): -0.0023374080657958983
(9,30): -0.05732448101043701
(9,35): -0.029301795959472656
(9,40): -0.022137842178344726
(10,1): -0.005720877647399902
(10,5): -0.012794952392578125
(10,11): 0.0044025564193725586
(10,12): 0.004642677307128906
(10,13): 0.00012653350830078126
(10,14): -0.019988961219787597
(10,24): 0.0056475639343261715
(10,25): -0.009513282775878906
(10,38): 0.05209508895874024
(11,2): -0.026504373550415038
(11,6): 0.00012135505676269531
(11,10): -0.03685361862182617
(11,12): 0.02498216152191162
(11,13): -0.024349055290222167
(11,14): 0.0025897216796875
(11,24): 0.0037128543853759766
(11,25): 0.003886384963989258
(11,31): 0.011215386390686035
(12,2): -0.008410367965698242
(12,6): -0.058080344200134276
(12,10): 0.023584852218627928
(12,11): -0.0064455318450927735
(12,13): -0.028660035133361815
(12,24): -0.034097604751586914
(12,25): -0.0018118095397949218
(13,1): -0.010710277557373048
(13,10): -0.014196257591247558
(13,11): 0.007821478843688966
(13,12): 0.019063878059387206
(13,14): -0.005838751792907715
(13,24): -0.0069856739044189455
(13,25): 0.008766331672668458
(13,29): -0.005091671943664551
(13,35): -0.004603118896484375
(13,37): -0.02329927444458008
(14,1): -0.006829757690429688
(14,5): -0.010275468826293946
(14,10): -0.01519789695739746
(14,11): -0.042373666763305666
(14,13): 0.0019995260238647463
(14,24): -0.006468539237976074
(14,25): -0.03483248233795166
(14,29): -0.004618172645568848
(14,30): -0.00858501434326172
(14,38): 0.10989420890808105
(15,3): -0.05339242935180664
(15,16): -0.0019416952133178712
(15,17): -0.019037561416625978
(15,18): 0.0006933784484863281
(15,19): -0.008273262977600098
(15,20): -0.010707221031188964
(15,21): -0.007906069755554199
(15,31): 0.001914224624633789
(15,32): 0.004266314506530762
(15,43): -0.005191135406494141
(16,3): -0.03506836891174316
(16,6): -0.0244441556930542
(16,15): -0.00904550552368164
(16,17): 0.009301533699035644
(16,18): 0.0012855768203735352
(16,19): -0.007999587059020995
(16,20): -0.011265316009521485
(16,21): -0.008222808837890625
(16,40): 0.001979813575744629
(17,2): -0.03336554050445557
(17,3): -0.0377082109451294
(17,6): -0.03141006469726562
(17,15): -0.022139039039611817
(17,16): -0.015981860160827636
(17,18): 0.0012129974365234376
(17,19): -0.023739461898803712
(17,20): -0.014691872596740723
(17,21): -0.009723849296569824
(17,41): -0.0027916669845581056
(18,15): -0.008547868728637695
(18,16): -0.008846168518066405
(18,17): 0.0052738189697265625
(18,19): -0.0006427192687988282
(18,20): -0.005339698791503906
(18,21): -0.0011338233947753907
(19,15): -0.003980646133422852
(19,16): 0.0007963848114013672
(19,17): -0.030301394462585448
(19,18): -0.008902511596679687
(19,20): 0.0008667182922363282
(19,21): -0.0038565874099731447
(19,30): -0.0074666404724121095
(19,32): -0.016464152336120606
(19,36): 0.0013586902618408204
(19,37): -0.011533946990966796
(19,39): -0.004156527519226075
(20,15): 0.003926639556884766
(20,16): 0.010532317161560058
(20,17): 0.0029109764099121095
(20,18): -0.0076544094085693355
(20,19): -0.004339113235473633
(20,21): -0.009518251419067383
(20,33): -0.028316006660461426
(20,34): -0.0169088077545166
(20,36): -0.002171649932861328
(20,37): -0.013539137840270997
(20,43): -0.017232956886291503
(21,15): -0.0004284191131591797
(21,16): 0.009093856811523438
(21,17): -0.0003429889678955078
(21,18): -0.001750020980834961
(21,19): 0.006195988655090332
(21,20): 0.006490387916564941
(21,31): -0.010188989639282227
(21,41): -0.006500658988952637
(21,42): -0.009137296676635742
(22,7): -0.006532154083251953
(22,8): -0.004084911346435547
(22,9): -0.000675039291381836
(22,30): -0.0015435409545898437
(22,35): 0.004300732612609864
(22,36): -0.002833213806152344
(23,4): -0.027168388366699218
(23,35): -0.032708144187927245
(23,37): 0.006016497611999512
(24,1): -0.027442922592163087
(24,5): 0.054024729728698734
(24,10): -0.019770035743713377
(24,11): -0.022607336044311522
(24,12): -0.011504917144775391
(24,13): -0.013152337074279786
(24,14): -0.017837114334106445
(24,25): -0.004279866218566895
(24,32): 0.0010208511352539063
(24,36): -0.007513236999511719
(25,2): -0.0325072717666626
(25,6): -0.020127611160278322
(25,10): -0.009520173072814941
(25,11): 0.011682353019714355
(25,12): -0.004833412170410156
(25,13): 0.00043755531311035156
(25,14): -3.8084983825683596e-05
(25,24): 0.01208144187927246
(25,39): 0.007159271240234375
(25,41): 0.004686002731323242
(26,0): 0.18034892082214354
(26,4): -0.019332823753356935
(26,28): -0.06395904064178466
(27,4): -7.717132568359375e-05
(27,35): 0.00471743106842041
(28,5): 0.04243968963623047
(28,26): -0.0704117488861084
(28,38): 0.007875943183898925
(29,9): 0.009032726287841797
(29,13): -0.002163529396057129
(29,14): 0.008473944664001466
(29,36): 0.006649026870727539
(29,41): -0.0011843156814575196
(30,9): -0.011505203247070312
(30,14): -0.0006006860733032227
(30,19): -0.0041459274291992185
(30,22): 0.001849346160888672
(30,41): -0.014657154083251953
(31,11): 0.006542973518371582
(31,15): -0.009288902282714845
(31,21): 0.0031774234771728515
(32,15): 0.0027376651763916016
(32,19): 0.0050438356399536135
(32,24): -0.0008163213729858399
(33,20): -0.00680300235748291
(33,34): -0.00036530017852783205
(33,43): -0.0004721212387084961
(34,20): -0.00014688968658447266
(34,33): -0.005000905990600586
(35,9): -0.029154329299926757
(35,13): 0.007443103790283203
(35,22): -0.0017758989334106445
(35,23): -0.010370283126831055
(35,27): -0.13314878463745117
(36,7): 0.013022246360778809
(36,19): -0.007284474372863769
(36,20): -0.0011560726165771485
(36,22): -0.002874488830566406
(36,24): 0.026866164207458496
(36,29): -0.008361482620239257
(37,13): -0.0033213043212890624
(37,19): -0.0020202112197875975
(37,20): 0.00479947566986084
(37,23): -0.028997654914855956
(38,10): -0.030294575691223145
(38,14): -0.025133438110351562
(38,28): -0.11631136894226074
(39,7): -0.01278954029083252
(39,19): 0.00572965145111084
(39,25): -0.000273594856262207
(40,9): -0.005303640365600586
(40,16): 0.040674748420715334
(40,42): 0.008201017379760742
(41,17): 0.004738330841064453
(41,21): -0.004133963584899902
(41,25): 0.008923335075378418
(41,29): -0.0008220148086547852
(41,30): -0.002418065071105957
(42,21): 0.0010883522033691407
(42,40): 0.004523477554321289
(43,15): -0.012848315238952636
(43,20): -0.00613041877746582
(43,33): 0.002678523063659668
