Interaction name: 5nu1

Affinity: 9.0
Predicted value: 8.130390167236328
Sum of phi edges: -3.9999589371681252

Shapley values for edges: 

(0,1): -0.034327487945556644
(0,6): 0.05649904251098633
(0,7): 0.02331317901611328
(0,9): 0.03904460430145264
(0,24): 0.025925817489624022
(0,26): 0.00834970474243164
(0,32): -0.033734493255615235
(1,0): 0.01042440414428711
(1,6): -1.9073486328125e-08
(1,7): 0.014157438278198242
(1,9): 0.003625760078430176
(1,24): 0.17830069065093995
(1,26): 0.010182461738586425
(1,32): 0.016431827545166016
(1,33): -0.0018715429306030273
(2,5): 0.0203318452835083
(2,8): 0.00918421745300293
(2,10): 0.004169974327087402
(2,17): 0.005938863754272461
(2,25): -0.00700258731842041
(2,28): 0.0808911943435669
(2,33): 0.08496577262878419
(3,5): -0.0098659610748291
(3,13): -0.031563792228698734
(3,14): 0.012100229263305664
(3,17): 0.020105700492858886
(3,29): 0.01748288154602051
(3,30): 0.03495377540588379
(4,11): 0.021851658821105957
(4,17): 0.007947344779968262
(4,18): 0.002859511375427246
(4,21): 0.034380202293395994
(5,2): 0.059320068359375
(5,3): 0.07806896686553955
(5,8): -0.020285696983337403
(5,10): 0.0025629472732543947
(5,17): -0.007542133331298828
(5,25): -0.026682429313659668
(5,31): 0.014417829513549805
(5,34): 0.004360713958740234
(6,0): -0.012494268417358399
(6,1): -0.07213324069976806
(6,7): 0.0037673521041870117
(6,9): -0.028610124588012695
(6,26): 0.03335917472839355
(6,35): 0.012611660957336426
(6,44): -0.03929566383361816
(6,47): -0.05677926540374756
(6,50): -0.07011897087097169
(6,51): 0.02074681282043457
(6,53): -0.043171634674072264
(6,54): 0.011923565864562988
(7,0): -0.005604739189147949
(7,1): -0.03340907573699951
(7,6): -0.019515857696533204
(7,9): -0.039237961769104004
(7,24): -0.0284716796875
(7,26): -0.0009625864028930664
(7,36): 0.18597256183624267
(8,2): -0.15997757911682128
(8,5): -0.02016396999359131
(8,9): -2.86102294921875e-08
(8,10): -0.008838763236999512
(8,24): -0.006430816650390625
(8,25): 0.0006901359558105468
(8,26): -0.005615601539611817
(8,28): 0.00039072990417480467
(8,52): 0.03234097480773926
(8,53): -0.06228390693664551
(8,56): -0.05918002128601074
(9,0): -0.007306733131408691
(9,1): 0.010328307151794433
(9,6): -0.031813559532165525
(9,7): -0.09824586391448975
(9,8): 0.07991281986236572
(9,10): -0.06867370128631592
(9,24): -0.018418211936950684
(9,25): -0.0002534055709838867
(9,26): -0.00184112548828125
(9,28): 0.02230743885040283
(9,37): 0.046187238693237306
(9,47): -0.03132462501525879
(9,50): -0.04875447273254394
(9,54): -0.012624611854553222
(9,56): -0.014105300903320312
(10,2): 0.004779644012451172
(10,5): 0.013509516716003417
(10,8): -0.02030355453491211
(10,9): -0.009105625152587891
(10,24): -0.001488041877746582
(10,25): 0.018812742233276367
(10,28): 0.006247415542602539
(10,38): -0.01916238307952881
(10,44): -0.028622303009033203
(10,53): -0.029542255401611327
(11,4): 0.09350738525390626
(11,12): -0.012383756637573242
(11,14): 0.0003759002685546875
(11,18): 0.001719822883605957
(11,19): -0.006478300094604492
(11,20): -0.023491749763488768
(11,21): -0.01645146369934082
(11,39): -0.014904055595397949
(11,40): 0.0003162050247192383
(12,11): 0.010349621772766113
(12,18): -0.00029800891876220704
(12,19): -0.008047881126403809
(12,20): -0.02275510549545288
(12,21): -0.008665575981140136
(12,22): 0.0011118602752685546
(12,39): -0.10053191184997559
(12,41): -0.07559745311737061
(12,46): 0.03302565097808838
(12,47): -0.10200785160064697
(12,52): -0.06380874633789063
(13,3): -0.013601255416870118
(13,14): -1.33514404296875e-07
(13,15): 0.002012190818786621
(13,16): -0.0013159799575805664
(13,18): 0.11392435073852539
(13,21): 0.008330459594726563
(13,22): -0.009847970008850097
(13,27): 0.003119173049926758
(13,29): 0.00017656803131103517
(13,30): 0.01484365463256836
(13,31): -0.07016364097595215
(13,35): -0.1506983757019043
(13,53): -0.10184386253356933
(14,3): -0.05971585750579834
(14,11): -0.04145679473876953
(14,13): -0.007656841278076172
(14,15): 0.014329562187194824
(14,16): -0.024908084869384766
(14,18): -0.004968471527099609
(14,21): -0.005351395606994629
(14,27): -0.016438083648681642
(14,29): -0.005028843879699707
(14,30): 0.010043087005615235
(14,31): -0.1011012601852417
(14,39): -0.07602760791778565
(14,43): -0.056781439781188964
(15,13): -0.0013294315338134766
(15,14): -0.004350485801696777
(15,16): 0.007122678756713867
(15,23): 0.016410150527954102
(15,27): -0.030427865982055664
(15,29): 0.009431157112121582
(15,30): 0.01905200958251953
(15,39): -0.006845250129699707
(15,49): 0.025044164657592773
(15,57): -0.01281071662902832
(16,13): 0.002174835205078125
(16,14): 0.013631901741027831
(16,15): -0.01596222400665283
(16,23): -0.030248336791992188
(16,27): 0.02104757308959961
(16,29): 0.0005777645111083985
(16,30): -0.04396331310272217
(16,53): 0.015059876441955566
(16,57): -0.025234341621398926
(17,2): 0.04668166160583496
(17,3): 0.07254488945007324
(17,4): 0.02809037685394287
(17,5): 0.024852743148803712
(17,31): 0.0655355167388916
(17,35): -0.014221534729003907
(17,37): -0.0025269317626953123
(17,39): -0.04629416465759277
(17,44): -0.12916434288024903
(17,46): -0.02974315166473389
(17,53): -0.1117259407043457
(17,56): -0.16923948764801025
(17,57): -0.056502070426940915
(18,4): -0.041198511123657224
(18,11): -0.02153402328491211
(18,12): -0.009872069358825683
(18,13): 0.023719203472137452
(18,14): -0.007055058479309082
(18,19): -0.049778685569763184
(18,20): 0.013099298477172852
(18,21): -0.004556303024291992
(18,22): -0.01971514701843262
(18,41): 0.07366675853729249
(18,44): -0.022094922065734865
(18,53): -0.05433749198913574
(19,11): -0.04704437255859375
(19,12): -0.004839329719543457
(19,18): 0.004704480171203613
(19,20): -0.031575679779052734
(19,21): -0.017071189880371093
(19,42): -0.07219698905944824
(19,45): -0.048215651512146
(20,11): 0.028068704605102537
(20,12): -0.015811653137207032
(20,18): 0.008958330154418945
(20,19): -0.0353279972076416
(20,21): 0.0025009727478027344
(20,35): 0.09972253322601318
(20,40): -0.06319293975830079
(20,45): -0.053996119499206546
(20,55): 0.007494716644287109
(21,4): -0.2021050548553467
(21,11): 0.0014058589935302735
(21,12): -0.09429964542388916
(21,13): 0.005658855438232422
(21,14): 0.0018076705932617188
(21,18): -0.01666036605834961
(21,19): -0.008931221961975098
(21,20): -0.013517179489135743
(21,22): -0.0016177988052368164
(21,35): -0.024419074058532716
(21,46): 0.021069612503051758
(22,12): 0.007936077117919922
(22,13): -0.02854809761047363
(22,18): -0.0006577396392822266
(22,21): -0.002822861671447754
(22,29): -0.021920518875122072
(22,30): -0.03290996074676514
(22,35): -0.00604313850402832
(22,41): -0.04252498865127564
(22,46): -0.012838730812072754
(22,50): -0.09561530113220215
(22,53): -0.1239590072631836
(22,54): -0.09890754222869873
(22,57): -0.01876688003540039
(23,15): 0.001811647415161133
(23,16): -0.010617785453796387
(23,29): -0.016446971893310548
(23,30): -0.01551736831665039
(23,43): 0.018429551124572754
(23,48): -0.010376062393188477
(23,50): -0.0071163463592529294
(24,0): -0.030282907485961914
(24,1): -0.04766363143920899
(24,7): -0.09081806182861328
(24,8): -0.015679507255554198
(24,9): -0.03126887321472168
(24,10): -0.026033530235290526
(24,25): -0.015218677520751954
(24,26): -0.02139674186706543
(24,28): -0.002560610771179199
(24,37): 0.016734890937805176
(24,44): -0.031078085899353028
(24,56): -0.047967848777770994
(25,2): -0.08512424468994141
(25,5): -0.049175806045532226
(25,8): 0.00011513710021972657
(25,9): 0.0003999948501586914
(25,10): -0.01245370388031006
(25,24): 0.0020687341690063476
(25,26): 0.0015328741073608399
(25,28): -0.008045010566711426
(25,35): -0.016945257186889648
(25,54): -0.034909601211547854
(25,56): -0.04387531280517578
(26,0): -0.03661118984222412
(26,1): -0.014775948524475098
(26,6): -0.001054368019104004
(26,7): -0.016734814643859862
(26,8): -0.00787182331085205
(26,9): -9.5367431640625e-09
(26,24): -0.026378030776977538
(26,25): 0.0022697162628173826
(26,28): 0.01382956027984619
(27,13): -0.01357201099395752
(27,14): -0.012860980033874512
(27,15): 0.006674323081970215
(27,16): -0.004959230422973633
(27,29): 0.004058547019958496
(27,30): -0.0436154842376709
(27,42): -0.06396848201751709
(27,50): 0.012090573310852051
(28,2): -0.09266023635864258
(28,8): 0.0009003877639770508
(28,9): -1.9073486328125e-08
(28,10): -0.029502549171447755
(28,24): -0.07449652671813965
(28,25): -0.003720273971557617
(28,26): 0.003699355125427246
(29,3): -0.04198832988739014
(29,13): -0.029764814376831053
(29,14): 0.0023116254806518554
(29,15): -0.009633755683898926
(29,16): -0.033450679779052736
(29,22): -0.01834177494049072
(29,23): 0.0021644210815429687
(29,27): 0.011731152534484863
(29,31): -0.0067321062088012695
(29,43): -0.010708365440368652
(29,54): -0.011711406707763671
(30,3): -0.07356009483337403
(30,13): 0.0064146995544433595
(30,14): 0.002358112335205078
(30,15): 0.00756777286529541
(30,16): 0.03330830097198487
(30,22): -0.01674924373626709
(30,23): -0.01560481071472168
(30,27): 0.04098583221435547
(30,31): -0.08464035511016846
(31,5): -0.113717360496521
(31,13): -0.00433685302734375
(31,14): -0.017582969665527345
(31,17): -0.012469863891601563
(31,29): 0.011198906898498536
(31,30): 0.023295888900756834
(32,0): 0.0021062850952148437
(32,1): 0.08816944122314453
(32,36): 0.04429927349090576
(32,37): -0.0219321870803833
(33,1): 0.009168043136596679
(33,2): 0.029434776306152342
(34,5): -0.10543688774108886
(34,38): -0.05131352424621582
(35,6): -0.03360238075256348
(35,13): 0.09297350883483886
(35,17): -0.061416854858398436
(35,20): 0.044156670570373535
(35,21): -0.037297210693359374
(35,22): 0.020629315376281737
(35,25): -0.0037955808639526366
(35,43): -0.01979011058807373
(35,52): -0.05865475177764892
(36,7): -0.06257998943328857
(36,32): 0.05132833957672119
(36,37): -0.0520977783203125
(37,9): 0.02517481803894043
(37,17): -0.07765915393829345
(37,24): -0.0054531097412109375
(37,32): -0.06913521766662598
(37,36): -0.06178534984588623
(38,10): 0.04685657024383545
(38,34): -0.014981575012207031
(38,56): -0.026915931701660158
(39,11): -0.02181534767150879
(39,12): 0.007726263999938965
(39,14): -0.10784961700439454
(39,15): 0.08951035976409911
(39,17): -0.05341448783874512
(40,11): 0.011776881217956543
(40,20): -0.009758648872375488
(40,46): -0.06060590267181396
(41,12): -0.003264164924621582
(41,18): 0.08443511486053466
(41,22): 0.025914244651794434
(41,47): 0.05554335594177246
(42,19): 0.06325751304626465
(42,27): 0.07028036117553711
(43,14): -0.02532276391983032
(43,23): -0.005930953025817871
(43,29): 0.013615002632141113
(43,35): -0.02216635227203369
(43,52): -0.03818488121032715
(44,6): -0.04915275573730469
(44,10): 0.017402586936950685
(44,17): 0.006182289123535157
(44,18): 0.05213745594024658
(44,24): -0.014855971336364746
(45,19): -0.09771248817443848
(45,20): -0.005114889144897461
(46,12): 0.017564311027526855
(46,17): -0.02353201389312744
(46,21): 0.03830652236938477
(46,22): -0.04482120990753174
(46,40): -0.04592735290527344
(47,6): -0.08740391731262206
(47,9): 0.006889371871948242
(47,12): 0.03878707408905029
(47,41): -0.007649092674255371
(48,23): -0.0011369609832763672
(48,52): 0.146245493888855
(48,53): -0.0171262264251709
(49,15): 0.05306924343109131
(50,6): -0.05951210975646973
(50,9): -0.031103653907775877
(50,22): -0.029498438835144043
(50,23): -0.06308196544647217
(50,27): 0.03700683116912842
(51,6): 0.00028231620788574216
(52,8): 0.05041722297668457
(52,12): 0.031426739692687986
(52,35): 0.04871586322784424
(52,43): 0.04292642116546631
(52,48): -0.04286777019500732
(53,6): -0.11145994663238526
(53,8): 0.016214466094970702
(53,10): -0.03624306678771973
(53,13): 0.0014127016067504883
(53,16): -0.004627790451049805
(53,17): 0.017657365798950195
(53,18): -0.03272326946258545
(53,22): -0.022037034034729005
(53,48): -0.05761612892150879
(54,6): -0.021368203163146974
(54,9): 0.12728720188140868
(54,22): 0.007971267700195312
(54,25): 0.2946362543106079
(54,29): 0.05837573051452637
(55,20): 0.004795529842376709
(55,57): -0.03081226348876953
(56,8): 0.03281186580657959
(56,9): -0.00951014518737793
(56,17): 0.03421624183654785
(56,24): 0.004510431289672851
(56,25): 0.021761865615844728
(56,38): -0.0319417142868042
(57,15): -0.06993936061859131
(57,16): -0.06841859817504883
(57,17): -0.025859384536743163
(57,22): -0.04262651443481445
(57,55): 0.00677159309387207
