Interaction name: 5ni5

Affinity: 8.050000190734863
Predicted value: 7.9965715408325195

Attributions for edges: 

(0,1): 0.4633939862251282
(0,6): 0.47625094652175903
(0,7): 0.41787368059158325
(0,20): 0.45399847626686096
(0,23): 0.40337467193603516
(0,24): 0.4525359869003296
(0,32): 0.4910913407802582
(0,33): 0.562123715877533
(1,0): 0.3868468403816223
(1,6): 0.4696260988712311
(1,7): 0.503453254699707
(1,20): 0.49219977855682373
(1,23): 0.49619996547698975
(1,24): 0.45874422788619995
(1,33): 0.470060259103775
(2,5): 0.41340672969818115
(2,8): 0.5387685894966125
(2,9): 0.5540764927864075
(2,16): 0.485498309135437
(2,21): 0.43076932430267334
(2,22): 0.4647200107574463
(2,32): 0.45760220289230347
(3,5): 0.5380785465240479
(3,11): 0.44296523928642273
(3,15): 0.45483335852622986
(3,16): 0.47197064757347107
(3,29): 0.432894766330719
(3,31): 0.45542195439338684
(4,10): 0.44991829991340637
(4,16): 0.4859868884086609
(4,17): 0.45633429288864136
(4,18): 0.5204811096191406
(4,26): 0.42725515365600586
(4,31): 0.5471820831298828
(5,2): 0.4706241488456726
(5,3): 0.4396137297153473
(5,8): 0.39920637011528015
(5,9): 0.4559045433998108
(5,16): 0.41904547810554504
(5,22): 0.43386057019233704
(5,31): 0.4654901921749115
(5,34): 0.42076119780540466
(6,0): 0.46959617733955383
(6,1): 0.5179091095924377
(6,7): 0.41781869530677795
(6,20): 0.496489554643631
(6,23): 0.42809295654296875
(6,24): 0.434639573097229
(6,37): 0.4564407169818878
(7,0): 0.5402107238769531
(7,1): 0.5417272448539734
(7,6): 0.5355974435806274
(7,8): 0.45728665590286255
(7,9): 0.45717015862464905
(7,20): 0.44144147634506226
(7,21): 0.5067155361175537
(7,22): 0.5584188103675842
(7,23): 0.40131354331970215
(7,24): 0.4052104353904724
(7,35): 0.49290940165519714
(7,38): 0.4494873583316803
(7,39): 0.4297095537185669
(7,52): 0.5163376927375793
(8,2): 0.4785890281200409
(8,5): 0.47656378149986267
(8,7): 0.4587787389755249
(8,9): 0.5047661066055298
(8,21): 0.5121407508850098
(8,22): 0.46808838844299316
(8,23): 0.5698534250259399
(8,24): 0.4518696665763855
(8,49): 0.45488494634628296
(8,58): 0.43398863077163696
(9,2): 0.3853709399700165
(9,5): 0.4035507142543793
(9,7): 0.44561174511909485
(9,8): 0.5965149402618408
(9,21): 0.5482144951820374
(9,22): 0.503354012966156
(9,23): 0.47211897373199463
(9,40): 0.39276349544525146
(9,44): 0.4538517892360687
(10,4): 0.3950185179710388
(10,11): 0.46463853120803833
(10,15): 0.4332265853881836
(10,16): 0.45299649238586426
(10,17): 0.5256110429763794
(10,25): 0.4216242730617523
(10,26): 0.4185318946838379
(10,27): 0.3985627293586731
(10,28): 0.45355889201164246
(10,29): 0.4579695463180542
(10,31): 0.49345073103904724
(10,41): 0.5167900323867798
(10,52): 0.49433034658432007
(10,56): 0.5207287669181824
(10,58): 0.4730559289455414
(10,59): 0.5290752649307251
(11,3): 0.3735603988170624
(11,10): 0.501654326915741
(11,12): 0.4737761616706848
(11,13): 0.44602352380752563
(11,14): 0.4763332009315491
(11,15): 0.49720335006713867
(11,16): 0.4705931842327118
(11,17): 0.4858051836490631
(11,19): 0.4472118318080902
(11,26): 0.41372790932655334
(11,29): 0.4060196578502655
(11,30): 0.46437594294548035
(11,31): 0.4420497417449951
(11,35): 0.4641232490539551
(11,41): 0.4534851312637329
(11,42): 0.4381640553474426
(11,44): 0.4415479004383087
(11,56): 0.4288460612297058
(12,11): 0.4621971845626831
(12,13): 0.4584096670150757
(12,14): 0.5201585292816162
(12,15): 0.5739481449127197
(12,26): 0.4172322452068329
(12,29): 0.45463940501213074
(12,30): 0.5459128618240356
(12,31): 0.4544103741645813
(12,43): 0.5272642970085144
(13,11): 0.4410771429538727
(13,12): 0.551130473613739
(13,14): 0.4796605110168457
(13,15): 0.4269941449165344
(13,19): 0.5710051655769348
(13,29): 0.4537183940410614
(13,43): 0.5407663583755493
(13,57): 0.4305407702922821
(13,59): 0.485842764377594
(14,11): 0.44633641839027405
(14,12): 0.4329955577850342
(14,13): 0.5328084826469421
(14,15): 0.4676171839237213
(14,19): 0.5562757849693298
(14,29): 0.4821357727050781
(14,30): 0.47894319891929626
(14,31): 0.47409218549728394
(15,3): 0.5955263376235962
(15,10): 0.46570882201194763
(15,11): 0.4609614610671997
(15,12): 0.5092211365699768
(15,13): 0.503780722618103
(15,14): 0.4749383330345154
(15,19): 0.45146122574806213
(15,29): 0.5239119529724121
(15,30): 0.45978620648384094
(15,31): 0.4295039474964142
(15,38): 0.5151554942131042
(15,49): 0.43326041102409363
(15,52): 0.4952593743801117
(15,58): 0.5159820914268494
(16,2): 0.525120735168457
(16,3): 0.477816641330719
(16,4): 0.4635392725467682
(16,5): 0.4523431658744812
(16,10): 0.5608294606208801
(16,11): 0.4520360827445984
(16,17): 0.44050541520118713
(16,31): 0.5278545022010803
(16,41): 0.4721662104129791
(16,44): 0.4762008786201477
(16,55): 0.4271784722805023
(16,57): 0.4777015447616577
(17,4): 0.5257748961448669
(17,10): 0.5821336507797241
(17,11): 0.5893469452857971
(17,16): 0.4961700439453125
(17,18): 0.5400035381317139
(17,25): 0.47466927766799927
(17,26): 0.4678078591823578
(17,27): 0.45280951261520386
(17,28): 0.5115911364555359
(17,29): 0.47168582677841187
(17,31): 0.45806971192359924
(17,43): 0.48407480120658875
(17,47): 0.5084812641143799
(18,4): 0.4394509494304657
(18,17): 0.40793147683143616
(18,26): 0.5315795540809631
(18,27): 0.49688127636909485
(18,28): 0.4657258689403534
(18,29): 0.5117141008377075
(18,35): 0.4364473819732666
(18,45): 0.4751269817352295
(18,46): 0.46923595666885376
(18,47): 0.4763734042644501
(18,51): 0.4749942719936371
(19,11): 0.4417977035045624
(19,13): 0.4754292666912079
(19,14): 0.5317390561103821
(19,15): 0.522234320640564
(19,30): 0.5115607380867004
(19,48): 0.41921937465667725
(19,49): 0.4547955393791199
(19,57): 0.47603410482406616
(19,58): 0.4865078628063202
(19,59): 0.4264321029186249
(20,0): 0.446138471364975
(20,1): 0.514954686164856
(20,6): 0.4736265242099762
(20,7): 0.5037433505058289
(20,23): 0.3974573612213135
(20,24): 0.46863511204719543
(20,35): 0.5104256272315979
(20,36): 0.4770922362804413
(20,50): 0.5242874622344971
(20,52): 0.5082959532737732
(20,56): 0.4773699939250946
(21,2): 0.47326964139938354
(21,7): 0.5032587051391602
(21,8): 0.5055792331695557
(21,9): 0.511546790599823
(21,22): 0.5758262276649475
(21,23): 0.4987937808036804
(21,24): 0.4375571608543396
(21,44): 0.5192270874977112
(21,55): 0.4444841146469116
(21,56): 0.42444461584091187
(22,2): 0.5098152756690979
(22,5): 0.4881540536880493
(22,7): 0.5319313406944275
(22,8): 0.505415141582489
(22,9): 0.46563395857810974
(22,21): 0.46822822093963623
(22,23): 0.4326038658618927
(22,24): 0.5172192454338074
(22,36): 0.5861132144927979
(22,52): 0.42422598600387573
(23,0): 0.5108581185340881
(23,1): 0.4625135362148285
(23,6): 0.4834543466567993
(23,7): 0.44904085993766785
(23,8): 0.38060131669044495
(23,9): 0.4889000654220581
(23,20): 0.38588082790374756
(23,21): 0.4248858392238617
(23,22): 0.459911584854126
(23,24): 0.46293795108795166
(23,36): 0.4676876366138458
(23,52): 0.4303995668888092
(23,55): 0.4663192629814148
(24,0): 0.49498099088668823
(24,1): 0.4216839075088501
(24,6): 0.41443806886672974
(24,7): 0.4362025558948517
(24,8): 0.5005074739456177
(24,20): 0.521731436252594
(24,21): 0.45463135838508606
(24,22): 0.5650118589401245
(24,23): 0.4739173352718353
(24,55): 0.4643350839614868
(25,10): 0.5872626304626465
(25,17): 0.36198005080223083
(25,26): 0.47228601574897766
(25,27): 0.47315818071365356
(25,28): 0.47260528802871704
(25,49): 0.4763110876083374
(25,51): 0.3823891282081604
(25,54): 0.46349525451660156
(26,4): 0.48819756507873535
(26,10): 0.5194423794746399
(26,11): 0.5393160581588745
(26,12): 0.5038818717002869
(26,17): 0.4994247555732727
(26,18): 0.4675966799259186
(26,25): 0.38100677728652954
(26,27): 0.42820727825164795
(26,28): 0.4970982074737549
(26,29): 0.44466665387153625
(26,46): 0.4272722005844116
(26,51): 0.5128615498542786
(26,58): 0.4811078608036041
(27,10): 0.45422980189323425
(27,17): 0.47078028321266174
(27,18): 0.42997291684150696
(27,25): 0.5887888073921204
(27,26): 0.43832266330718994
(27,28): 0.5377962589263916
(27,45): 0.4350034296512604
(27,51): 0.4363522231578827
(28,10): 0.5083034038543701
(28,17): 0.53420090675354
(28,18): 0.4396820664405823
(28,25): 0.46377384662628174
(28,26): 0.47171103954315186
(28,27): 0.48393964767456055
(28,41): 0.4193706810474396
(28,52): 0.4810599088668823
(28,53): 0.44997143745422363
(28,54): 0.47842270135879517
(28,56): 0.5867406129837036
(29,3): 0.5697851777076721
(29,10): 0.5098640322685242
(29,11): 0.4837484359741211
(29,12): 0.5403972864151001
(29,13): 0.47503796219825745
(29,14): 0.48742038011550903
(29,15): 0.43796709179878235
(29,17): 0.48745018243789673
(29,18): 0.48600152134895325
(29,26): 0.5173704028129578
(29,30): 0.5276930928230286
(29,31): 0.4220823049545288
(29,47): 0.48860079050064087
(30,11): 0.41146695613861084
(30,12): 0.5356443524360657
(30,14): 0.45714715123176575
(30,15): 0.5413565039634705
(30,19): 0.5296242833137512
(30,29): 0.45203647017478943
(31,3): 0.5642943382263184
(31,4): 0.47253692150115967
(31,5): 0.3647909164428711
(31,10): 0.5242981314659119
(31,11): 0.45290398597717285
(31,12): 0.44403451681137085
(31,14): 0.4731600880622864
(31,15): 0.4701535701751709
(31,16): 0.4686807692050934
(31,17): 0.3820602595806122
(31,29): 0.4508454501628876
(32,0): 0.5680788159370422
(32,2): 0.5053348541259766
(33,0): 0.537066638469696
(33,1): 0.48903289437294006
(33,37): 0.5361836552619934
(33,38): 0.477698415517807
(33,39): 0.46258312463760376
(34,5): 0.4776606857776642
(34,40): 0.47776520252227783
(35,7): 0.4402066469192505
(35,11): 0.4871343970298767
(35,18): 0.41207048296928406
(35,20): 0.47503629326820374
(36,20): 0.41147902607917786
(36,22): 0.4054040014743805
(36,23): 0.49074119329452515
(36,41): 0.4898073375225067
(36,57): 0.4218210279941559
(37,6): 0.5066785216331482
(37,33): 0.5273622870445251
(37,38): 0.5105607509613037
(38,7): 0.5530399680137634
(38,15): 0.5009189248085022
(38,33): 0.4646110236644745
(38,37): 0.464771032333374
(39,7): 0.48203593492507935
(39,33): 0.43422019481658936
(39,55): 0.5446745753288269
(40,9): 0.4372710585594177
(40,34): 0.47093474864959717
(41,10): 0.45807549357414246
(41,11): 0.42733412981033325
(41,16): 0.4412494897842407
(41,28): 0.4941708743572235
(41,36): 0.5392811894416809
(41,57): 0.45231688022613525
(42,11): 0.4850326180458069
(42,58): 0.4660966396331787
(43,12): 0.5173581838607788
(43,13): 0.436702698469162
(43,17): 0.5132457613945007
(43,48): 0.4958592653274536
(44,9): 0.46888911724090576
(44,11): 0.4081825911998749
(44,16): 0.5065391659736633
(44,21): 0.5123478770256042
(45,18): 0.4494878351688385
(45,27): 0.4694945812225342
(45,56): 0.4646063446998596
(46,18): 0.41961854696273804
(46,26): 0.5620326995849609
(47,17): 0.5546661019325256
(47,18): 0.47655418515205383
(47,29): 0.422847181558609
(48,19): 0.4652368724346161
(48,43): 0.4427005648612976
(49,8): 0.4442562460899353
(49,15): 0.48293671011924744
(49,19): 0.4937235414981842
(49,25): 0.5097124576568604
(50,20): 0.5049761533737183
(51,18): 0.5569584369659424
(51,25): 0.4992067217826843
(51,26): 0.3894955515861511
(51,27): 0.4368678033351898
(51,59): 0.5670378804206848
(52,7): 0.48531845211982727
(52,10): 0.48571619391441345
(52,15): 0.6050513386726379
(52,20): 0.460676372051239
(52,22): 0.4931069314479828
(52,23): 0.48606786131858826
(52,28): 0.38539445400238037
(53,28): 0.4816015362739563
(53,56): 0.4989698827266693
(54,25): 0.5120851993560791
(54,28): 0.45528748631477356
(55,16): 0.4929910898208618
(55,21): 0.6037682890892029
(55,23): 0.4945180118083954
(55,24): 0.47322747111320496
(55,39): 0.4982377588748932
(56,10): 0.5323565006256104
(56,11): 0.5521225333213806
(56,20): 0.46817365288734436
(56,21): 0.47436970472335815
(56,28): 0.5227740406990051
(56,45): 0.5090209245681763
(56,53): 0.49631965160369873
(57,13): 0.4920341670513153
(57,16): 0.5117264986038208
(57,19): 0.4475501477718353
(57,36): 0.4786193370819092
(57,41): 0.4862244725227356
(58,8): 0.46118488907814026
(58,10): 0.5155379176139832
(58,15): 0.4413624107837677
(58,19): 0.4882911145687103
(58,26): 0.46620097756385803
(58,42): 0.4532155692577362
(59,10): 0.5006816983222961
(59,13): 0.4319605529308319
(59,19): 0.4817124605178833
(59,51): 0.5263805985450745
