Interaction name: 5x33

Affinity: 8.489999771118164
Predicted value: 7.504960060119629

Shapley values for edges: 

(0,8): 0.008626642227172852
(0,9): 0.006719141006469726
(0,11): 0.007317743301391602
(0,17): 0.01434131622314453
(0,18): 0.010239572525024413
(0,19): 0.0015258216857910157
(0,20): 0.012799634933471679
(0,27): 0.013817548751831055
(0,28): 0.011380243301391601
(0,36): 0.009391651153564454
(0,38): 0.012019834518432616
(1,10): 0.004245376586914063
(1,26): -0.002799797058105469
(1,30): -0.002957773208618164
(1,31): -0.00333892822265625
(1,34): 0.0005180740356445313
(2,12): 0.011023845672607422
(2,13): 0.007324066162109375
(2,19): 0.0018742847442626952
(2,21): 0.009349737167358398
(2,22): 0.006395883560180664
(2,23): 0.006448783874511719
(2,25): 0.0019962120056152342
(2,32): 0.0069312572479248045
(2,33): -0.001130046844482422
(2,36): 0.008867692947387696
(3,10): 0.0032909202575683596
(3,26): -0.0006520843505859375
(3,30): -0.0032171154022216796
(3,31): -0.0027379608154296875
(3,34): -0.0018168163299560546
(4,5): 0.0005184841156005859
(4,6): -0.002451457977294922
(4,24): -0.0010625934600830078
(4,25): -0.004845695495605469
(4,33): -0.0072978496551513675
(4,37): 0.0012400150299072266
(5,4): 0.0029377079010009764
(5,6): -0.0010195541381835937
(5,24): -0.0021011161804199217
(5,25): -0.004982795715332031
(5,33): -0.002646732330322266
(5,37): 0.0011432838439941406
(5,39): 0.0010975074768066406
(6,4): -0.0023513221740722656
(6,5): -0.001693706512451172
(6,23): -0.004448537826538086
(6,24): -0.0029654788970947268
(6,25): -0.003257560729980469
(6,32): -0.004301309585571289
(6,33): -0.00384857177734375
(6,37): -0.0017701148986816405
(6,40): 0.00776388168334961
(7,15): -0.001700448989868164
(7,16): -0.0010497570037841797
(7,17): -0.0013565444946289063
(7,18): -0.000576019287109375
(7,27): -0.0019113254547119141
(7,29): -0.000889892578125
(7,30): -0.0010454177856445313
(7,34): -0.001307086944580078
(7,35): -0.0007215404510498047
(7,38): 0.0022857666015625
(7,41): -0.002905550003051758
(7,42): -0.0023429012298583985
(7,43): -0.001856374740600586
(7,48): -0.002513723373413086
(7,49): -0.002042427062988281
(8,0): 1.018524169921875e-05
(8,9): -0.0001633739471435547
(8,11): 0.0008805274963378906
(8,17): -8.831024169921875e-06
(8,18): -0.00026218414306640627
(8,27): -0.00019998550415039061
(8,29): 0.00023324966430664064
(8,35): 0.0002691841125488281
(8,38): 0.002402591705322266
(8,50): 0.0018241214752197266
(9,0): 0.00015921592712402343
(9,8): 5.410194396972656e-05
(9,11): 0.00039495468139648436
(9,17): 0.0005959320068359375
(9,18): 0.0001044464111328125
(9,20): 0.0006336498260498046
(9,27): 8.038520812988282e-05
(9,28): 0.00030383110046386716
(9,29): 0.00035502433776855467
(9,38): 0.002037029266357422
(10,1): 0.005352420806884766
(10,3): 0.0034434890747070315
(10,15): 0.0023511219024658202
(10,26): 0.001674966812133789
(10,30): 0.0032320499420166017
(10,31): 0.002469053268432617
(10,34): 0.002892589569091797
(10,44): 0.0029960060119628906
(11,0): -0.00029767990112304686
(11,8): -0.0017366504669189453
(11,9): -0.00112030029296875
(11,12): -0.001527261734008789
(11,14): -0.0010334873199462891
(11,18): -0.00112060546875
(11,19): 0.0008543777465820312
(11,20): -0.0017369937896728515
(11,28): -0.00015782356262207032
(11,36): 0.00038537979125976565
(11,38): 0.0022793006896972656
(11,45): -0.0011556625366210937
(11,46): -0.0020337867736816406
(12,2): 0.004464912414550781
(12,11): -0.0002344799041748047
(12,13): -0.0003046226501464844
(12,14): 0.00023807525634765624
(12,19): 0.00028964042663574217
(12,20): 0.0004532527923583984
(12,21): -9.451866149902344e-05
(12,22): -0.0013998985290527345
(12,28): -0.00044745445251464844
(12,36): 0.0005980110168457031
(12,50): 0.00040604591369628905
(12,53): -0.0008083248138427735
(12,55): -0.0019360256195068359
(12,57): 0.00026950836181640627
(13,2): 0.003790283203125
(13,12): -0.0004497814178466797
(13,14): -0.000288543701171875
(13,19): 0.0010604095458984376
(13,21): -0.0002910614013671875
(13,22): -0.0006535148620605469
(13,23): -0.00022886276245117187
(13,28): -0.0007437896728515625
(13,32): -0.0009346866607666016
(13,36): 0.0006778812408447265
(13,47): -0.0014298057556152344
(13,48): -0.0011177349090576172
(13,51): -0.002897205352783203
(13,54): -0.002361488342285156
(14,11): -0.00047326087951660156
(14,12): -0.0004303836822509766
(14,13): -0.001462697982788086
(14,19): 0.0009054279327392578
(14,20): -0.00040404319763183595
(14,21): -0.0003447437286376953
(14,28): -0.0006256580352783203
(14,36): 0.00016445159912109375
(14,43): -0.002470254898071289
(14,53): -0.0012822723388671874
(15,7): 0.00036518096923828127
(15,10): -0.0022431755065917968
(15,16): -6.0873031616210936e-05
(15,17): -1.2416839599609375e-05
(15,26): 0.0008365631103515625
(15,27): -0.00037769317626953127
(15,29): 7.02667236328125e-05
(15,30): 0.0004211139678955078
(15,31): 0.002571296691894531
(15,34): 0.00024204254150390626
(15,35): -0.00010430335998535157
(15,50): 0.00015838623046875
(16,7): -6.916999816894531e-05
(16,15): -0.001020517349243164
(16,17): -0.0011768150329589844
(16,27): -0.00088775634765625
(16,29): -0.00012314796447753906
(16,30): 7.047653198242187e-06
(16,34): -0.0005501937866210937
(16,35): -0.0002651691436767578
(16,49): -0.0007735538482666016
(16,50): -0.0004874992370605469
(16,57): -0.0006383514404296875
(16,58): -0.0014252376556396485
(17,0): 0.0011748695373535157
(17,7): 0.0003602218627929688
(17,8): -5.5494308471679685e-05
(17,9): -0.00031915664672851565
(17,15): -0.000263519287109375
(17,16): 0.0005745315551757813
(17,18): 7.526397705078125e-05
(17,27): 6.2713623046875e-05
(17,29): 9.5367431640625e-05
(17,35): -0.00013039588928222655
(17,38): 0.0011027908325195312
(17,42): -5.568504333496094e-05
(17,44): -0.0020108890533447267
(17,49): 0.0004271697998046875
(18,0): 0.0019610309600830078
(18,7): 0.0011034488677978515
(18,8): 0.0001874828338623047
(18,9): -0.00012181282043457032
(18,11): 0.000433807373046875
(18,17): 3.9892196655273436e-05
(18,20): -2.943992614746094e-05
(18,27): 0.00038026809692382813
(18,28): 0.0003908634185791016
(18,29): 0.00023331642150878907
(18,35): -0.0002523517608642578
(18,57): 0.0016856002807617188
(19,0): -0.0006221771240234375
(19,2): 0.0006985282897949219
(19,11): 0.001296873092651367
(19,12): 0.0005105876922607422
(19,13): 0.0012441253662109374
(19,14): 0.0015196514129638672
(19,20): 0.0007773971557617187
(19,21): 0.0009248161315917969
(19,28): 0.0005518722534179687
(19,59): 0.0017344856262207031
(20,0): -0.000531158447265625
(20,9): -0.00063140869140625
(20,11): 0.0003502750396728516
(20,12): 0.00010862350463867188
(20,14): 0.00026320457458496095
(20,18): 0.00016080856323242188
(20,19): 0.0011675453186035156
(20,21): 0.00043484687805175784
(20,28): 0.00017186164855957032
(20,36): 0.0008745193481445312
(20,38): 0.002605609893798828
(21,2): 0.004475574493408203
(21,12): 0.00018275260925292968
(21,13): 0.000608367919921875
(21,14): 0.00036861419677734373
(21,19): 0.001748666763305664
(21,20): 0.0007904624938964844
(21,28): 0.0005968952178955078
(21,36): 0.0018200969696044922
(21,43): 0.0010867977142333984
(22,2): 0.0016602516174316407
(22,12): -1.3399124145507813e-05
(22,13): 1.3322830200195313e-05
(22,23): 0.00033153533935546874
(22,24): 0.0020870399475097657
(22,25): 0.002049827575683594
(22,32): 0.0001632213592529297
(22,33): 0.0031127262115478514
(22,37): 0.0019534873962402345
(22,57): 0.0004720783233642578
(23,2): 0.004275178909301758
(23,6): 0.014970893859863282
(23,13): 0.00015201568603515626
(23,22): -0.00030263900756835935
(23,24): -0.00013822555541992187
(23,25): 0.0014432907104492188
(23,32): 0.00034044265747070314
(23,33): 0.0020011043548583984
(23,37): 0.0013152027130126952
(23,59): 7.709503173828125e-05
(24,4): 0.000703420639038086
(24,5): 0.0022176456451416015
(24,6): 0.005779104232788086
(24,22): 0.0006583786010742188
(24,23): 0.0008360767364501954
(24,25): 0.001235980987548828
(24,32): 0.0014420700073242186
(24,33): 0.001696929931640625
(24,54): 0.0013951778411865235
(24,56): 3.8061141967773434e-05
(25,2): -0.0010462665557861327
(25,4): -0.0019672012329101565
(25,5): 0.000791015625
(25,6): 0.008058824539184571
(25,22): 1.1501312255859375e-05
(25,23): 0.000233917236328125
(25,24): 0.00034503936767578126
(25,32): 0.0005481243133544922
(25,33): 0.0024866676330566407
(25,37): 0.000720529556274414
(25,51): 0.0010335063934326172
(25,54): 0.0006120681762695312
(25,55): 0.0007470130920410156
(26,1): 0.01218780517578125
(26,3): 0.002136077880859375
(26,10): -5.551338195800781e-05
(26,15): 0.0014244365692138673
(26,30): 0.0028660774230957033
(26,31): 0.003390178680419922
(26,34): 0.001085042953491211
(26,35): 0.0027393150329589845
(26,52): 0.001365995407104492
(27,0): -0.0011779022216796874
(27,7): 0.0004781532287597656
(27,8): 3.2567977905273436e-05
(27,9): -0.0003825092315673828
(27,15): -0.0005577468872070313
(27,16): 0.00048427581787109376
(27,17): -0.000102386474609375
(27,18): 0.00012788772583007812
(27,29): 0.00022089004516601563
(27,30): 0.0010519123077392578
(27,35): -2.44140625e-06
(27,38): 0.0027127933502197267
(27,43): -0.0003367424011230469
(27,44): -0.0017235946655273437
(28,0): -0.0001415538787841797
(28,9): -0.0013666534423828125
(28,11): -0.0005525875091552734
(28,12): -0.00012470245361328124
(28,13): -0.0005964851379394532
(28,14): -0.0002105712890625
(28,18): -0.0006699275970458985
(28,19): -0.00022045135498046875
(28,20): -0.0003709888458251953
(28,21): -0.000105133056640625
(28,36): 0.0003703975677490234
(28,38): 0.002748689651489258
(28,42): -0.0015324878692626954
(28,50): -0.00023343086242675782
(28,57): -0.00118927001953125
(28,59): -0.0021205806732177736
(29,7): -0.00020422935485839844
(29,8): -0.0009680461883544922
(29,9): -0.0012419509887695312
(29,15): -0.0010225391387939453
(29,16): -0.0008029079437255859
(29,17): -0.00042999267578125
(29,18): -0.0005541419982910156
(29,27): -0.0007213878631591796
(29,30): 0.00016976356506347655
(29,34): -0.0015503406524658204
(29,35): -0.00032688140869140624
(29,38): 0.0015975475311279298
(29,50): -0.0010706710815429688
(29,58): -0.002420454025268555
(30,1): 0.004227628707885742
(30,3): 3.696441650390625e-05
(30,7): 0.0021198368072509765
(30,10): -0.0011727523803710938
(30,15): 0.0003994941711425781
(30,16): 0.001438922882080078
(30,26): 0.0011487197875976562
(30,27): 0.0017772674560546874
(30,29): 0.0016460132598876953
(30,31): 0.0006319904327392579
(30,34): 0.0014519119262695313
(30,35): 0.0011452484130859376
(31,1): 0.005561933517456054
(31,3): 0.0018887615203857422
(31,10): 4.9285888671875e-05
(31,15): 0.0017888450622558594
(31,26): 0.0016482067108154297
(31,30): 0.0015021991729736329
(31,34): 0.001958456039428711
(31,35): 0.002899608612060547
(32,2): 0.002814455032348633
(32,6): 0.014113740921020508
(32,13): 0.00023141860961914062
(32,22): -0.00014812469482421874
(32,23): 0.00038021087646484376
(32,24): 0.0014173507690429688
(32,25): 0.002786750793457031
(32,33): 0.0008383560180664063
(32,37): 0.0015051937103271484
(32,43): 0.0003495025634765625
(33,2): 0.00032588005065917967
(33,4): -0.005155801773071289
(33,5): -0.0005326652526855468
(33,6): 0.006788578033447266
(33,22): 0.00018754005432128907
(33,23): 0.000340118408203125
(33,24): 0.0002731037139892578
(33,25): 0.0017697906494140625
(33,32): 4.093170166015625e-05
(33,37): 0.00045436859130859375
(33,43): 0.0007024669647216797
(33,56): -7.108688354492188e-05
(34,1): 0.008657941818237305
(34,3): 0.004103708267211914
(34,7): 0.0008457374572753907
(34,10): -0.0013535308837890625
(34,15): 0.0003166389465332031
(34,16): 0.0013057994842529297
(34,26): 0.00017226219177246093
(34,29): 0.001459808349609375
(34,30): 0.0009720802307128906
(34,31): 0.001213207244873047
(34,35): 0.0008182811737060547
(34,41): 0.0017443466186523437
(34,42): 0.002139711380004883
(34,58): 0.0010508346557617189
(35,7): -6.787300109863281e-05
(35,8): -0.0010295867919921874
(35,15): -0.000559072494506836
(35,16): -0.0003390216827392578
(35,17): -0.00045886039733886717
(35,18): -0.0013257598876953126
(35,26): -0.0016416358947753907
(35,27): -0.0007836627960205078
(35,29): -0.00016326904296875
(35,30): 0.00030223846435546877
(35,31): 0.0029241943359375
(35,34): -4.23431396484375e-05
(35,38): 0.002389106750488281
(36,0): -0.0018359565734863282
(36,2): 0.0022975921630859373
(36,11): -0.00459620475769043
(36,12): -0.002933254241943359
(36,13): -0.004806814193725586
(36,14): -0.0044771480560302735
(36,20): -0.0028135871887207033
(36,21): -0.004075136184692383
(36,28): -0.0024715232849121093
(37,4): 0.0015616416931152344
(37,5): -0.000926523208618164
(37,6): 0.0006551074981689453
(37,22): -0.007693147659301758
(37,23): -0.006967554092407227
(37,25): -0.004952077865600586
(37,32): -0.007108802795410156
(37,33): -0.0034519767761230467
(38,0): -0.0031108474731445313
(38,7): -0.008527994155883789
(38,8): -0.004590396881103516
(38,9): -0.004289436340332031
(38,11): -0.006521835327148438
(38,17): -0.0033121109008789062
(38,20): -0.005883054733276367
(38,27): -0.005170736312866211
(38,28): -0.006447505950927734
(38,29): -0.006325531005859375
(38,35): -0.009191751480102539
(39,5): 0.006073637008666992
(40,6): -0.010161523818969726
(41,7): 0.0009552383422851562
(41,34): 0.0012433147430419922
(41,43): 0.00023920059204101562
(42,7): 0.0008697891235351562
(42,17): 2.4900436401367187e-05
(42,28): -5.376815795898438e-05
(42,34): -0.0002703571319580078
(42,53): -1.064300537109375e-05
(43,7): 0.00012675285339355468
(43,14): 0.00045775413513183595
(43,21): -0.0010503196716308593
(43,27): -0.0018794536590576172
(43,32): -0.0006460762023925782
(43,33): 0.007894906997680664
(43,41): -0.001032857894897461
(44,10): -0.0019126415252685546
(44,17): 0.00021704673767089844
(44,27): 6.265640258789063e-05
(44,52): -0.0003952980041503906
(45,11): 0.0004754352569580078
(45,50): 0.0005859565734863281
(46,11): 0.00042407989501953126
(46,59): -0.00027261734008789064
(47,13): -5.229949951171875e-05
(47,51): -0.0005243110656738281
(48,7): 0.000794229507446289
(48,13): -0.00075653076171875
(49,7): 0.0009829902648925781
(49,16): 0.00012079238891601562
(49,17): -0.0004358673095703125
(50,8): -0.0015369701385498048
(50,12): -0.0013379573822021485
(50,15): -0.002184600830078125
(50,16): -0.0006978034973144532
(50,28): -0.0010931873321533203
(50,29): -0.0007549858093261718
(50,45): -0.001269369125366211
(51,13): 0.000305328369140625
(51,25): 0.0043267631530761715
(51,47): 0.00046683311462402343
(52,26): 0.0051199054718017575
(52,44): 0.0001562786102294922
(53,12): -6.319999694824218e-05
(53,14): 0.0005825996398925781
(53,42): 1.38092041015625e-05
(54,13): 0.00013356208801269532
(54,24): 0.0006057929992675782
(54,25): 0.002952241897583008
(54,55): -0.0003983116149902344
(54,57): 0.00033990859985351564
(55,12): 0.0006228065490722656
(55,25): 0.0043720054626464845
(55,54): -0.00011914253234863282
(56,24): 0.0036575984954833984
(56,33): 0.008515882492065429
(57,12): -9.602546691894531e-05
(57,16): -0.00020662307739257812
(57,18): -0.001403951644897461
(57,22): -0.0012093734741210936
(57,28): -0.0006785392761230469
(57,54): -0.0008453750610351563
(58,16): 6.936073303222657e-05
(58,29): 0.00149505615234375
(58,34): 0.0008867359161376953
(59,19): 0.003995161056518554
(59,23): 0.0011490631103515626
(59,28): 0.0008101749420166015
(59,46): 0.0002630043029785156
