Interaction name: 5kpk

Affinity: 8.300000190734863
Predicted value: 7.558438301086426

Attributions for edges: 

(0,5): 0.5084126591682434
(0,7): 0.4803256094455719
(0,8): 0.3900831341743469
(0,9): 0.5438999533653259
(0,13): 0.473375141620636
(0,14): 0.45086541771888733
(0,18): 0.4700469374656677
(1,2): 0.34840697050094604
(1,3): 0.6173601150512695
(1,10): 0.4518127143383026
(1,11): 0.43083688616752625
(1,12): 0.48522019386291504
(1,13): 0.5374327898025513
(1,20): 0.39543619751930237
(2,1): 0.47759464383125305
(2,3): 0.6329748630523682
(2,10): 0.5508989691734314
(2,13): 0.4799950122833252
(2,20): 0.5513483881950378
(3,1): 0.5286279916763306
(3,2): 0.4809364378452301
(3,4): 0.5163403153419495
(3,13): 0.5676961541175842
(3,20): 0.555034875869751
(3,21): 0.522890031337738
(4,3): 0.44882261753082275
(4,5): 0.5129547119140625
(4,6): 0.5533971190452576
(4,7): 0.4379250109195709
(4,13): 0.47952714562416077
(4,20): 0.508560061454773
(4,22): 0.41586387157440186
(4,31): 0.5589603185653687
(4,33): 0.525367021560669
(5,0): 0.43111202120780945
(5,4): 0.6019406914710999
(5,6): 0.5860022902488708
(5,7): 0.5554535388946533
(5,23): 0.5040813684463501
(5,24): 0.5377743244171143
(5,33): 0.5833251476287842
(5,34): 0.5366311073303223
(6,4): 0.5160148739814758
(6,5): 0.5240304470062256
(6,7): 0.504497230052948
(6,23): 0.5295212864875793
(7,0): 0.33597317337989807
(7,4): 0.4446028470993042
(7,5): 0.47213757038116455
(7,6): 0.29710710048675537
(7,13): 0.5163651704788208
(7,26): 0.5175626277923584
(8,0): 0.42700016498565674
(8,9): 0.4026910066604614
(8,10): 0.5772178769111633
(8,13): 0.4735303819179535
(8,14): 0.5991323590278625
(8,18): 0.43668249249458313
(8,20): 0.5607092380523682
(8,25): 0.5121777057647705
(8,26): 0.529358983039856
(8,31): 0.5490657091140747
(8,33): 0.4956578016281128
(8,35): 0.5855603814125061
(9,0): 0.4771283268928528
(9,8): 0.5302594900131226
(9,10): 0.5836748480796814
(9,13): 0.5051985383033752
(9,14): 0.40213313698768616
(9,15): 0.44559648633003235
(9,16): 0.5710471272468567
(9,17): 0.48604100942611694
(9,18): 0.47041764855384827
(9,19): 0.39228639006614685
(9,24): 0.4834440350532532
(9,35): 0.5555568933486938
(10,1): 0.524926483631134
(10,2): 0.5313023924827576
(10,8): 0.4767816960811615
(10,9): 0.49179914593696594
(10,11): 0.4873216152191162
(10,12): 0.45217540860176086
(10,13): 0.491462379693985
(10,14): 0.4745350182056427
(10,20): 0.5381242632865906
(10,27): 0.581728458404541
(10,36): 0.4659213423728943
(11,1): 0.4353155791759491
(11,10): 0.46949663758277893
(11,12): 0.46763110160827637
(11,26): 0.4854315221309662
(11,28): 0.4988344609737396
(11,35): 0.5749923586845398
(12,1): 0.4096659719944
(12,10): 0.5319901704788208
(12,11): 0.6572719216346741
(12,29): 0.5830084085464478
(12,30): 0.3691803812980652
(12,31): 0.44433867931365967
(12,32): 0.4848666489124298
(13,0): 0.5138803124427795
(13,1): 0.5813087821006775
(13,2): 0.6059199571609497
(13,3): 0.5620868802070618
(13,4): 0.502465546131134
(13,7): 0.54239821434021
(13,8): 0.43633314967155457
(13,9): 0.5342254042625427
(13,10): 0.5333315134048462
(13,14): 0.4618608057498932
(13,15): 0.4766148328781128
(13,16): 0.5103204250335693
(13,18): 0.43277737498283386
(13,19): 0.4476671814918518
(13,20): 0.4407215714454651
(13,29): 0.5161956548690796
(13,34): 0.5178924798965454
(14,0): 0.470699667930603
(14,8): 0.47175607085227966
(14,9): 0.4929693937301636
(14,10): 0.6023452281951904
(14,13): 0.5079973936080933
(14,15): 0.4785912036895752
(14,16): 0.4404337704181671
(14,17): 0.4679534137248993
(14,18): 0.5310295820236206
(14,19): 0.4080522358417511
(14,20): 0.3894021809101105
(14,24): 0.5146629214286804
(15,9): 0.4720118045806885
(15,13): 0.4323296844959259
(15,14): 0.608389139175415
(15,16): 0.6245521306991577
(15,17): 0.5662249326705933
(15,18): 0.5706910490989685
(15,27): 0.40617936849594116
(15,36): 0.4977402687072754
(16,9): 0.5246651768684387
(16,13): 0.3497259020805359
(16,14): 0.4763859510421753
(16,15): 0.5138676166534424
(16,17): 0.4911919832229614
(16,18): 0.5015796422958374
(16,19): 0.48870742321014404
(16,23): 0.510105311870575
(16,29): 0.5709218978881836
(16,33): 0.5511531829833984
(16,34): 0.5335485935211182
(16,36): 0.40491241216659546
(17,9): 0.4504499137401581
(17,14): 0.5213140249252319
(17,15): 0.5415350198745728
(17,16): 0.5474172830581665
(17,18): 0.5332592725753784
(17,19): 0.46953609585762024
(17,24): 0.5229943990707397
(18,0): 0.49664950370788574
(18,8): 0.5043795108795166
(18,9): 0.5140335559844971
(18,13): 0.5770171880722046
(18,14): 0.41416099667549133
(18,15): 0.45300915837287903
(18,16): 0.4801010489463806
(18,17): 0.5949196219444275
(18,19): 0.32663750648498535
(18,20): 0.41835540533065796
(18,34): 0.5501141548156738
(19,9): 0.5539132952690125
(19,13): 0.5294275879859924
(19,14): 0.5572335720062256
(19,16): 0.5511109828948975
(19,17): 0.5623525381088257
(19,18): 0.590502142906189
(20,1): 0.4121963083744049
(20,2): 0.4261850118637085
(20,3): 0.4313190281391144
(20,4): 0.587370753288269
(20,8): 0.47226250171661377
(20,10): 0.44012323021888733
(20,13): 0.5458952188491821
(20,14): 0.4443095028400421
(20,18): 0.5104336738586426
(21,3): 0.517853856086731
(21,22): 0.598602831363678
(22,4): 0.511783242225647
(22,21): 0.5391359925270081
(22,33): 0.5413638353347778
(23,5): 0.6217256188392639
(23,6): 0.4242175221443176
(23,16): 0.407812237739563
(24,5): 0.521580159664154
(24,9): 0.5058305859565735
(24,14): 0.4123896658420563
(24,17): 0.6109829545021057
(25,8): 0.4514369070529938
(25,27): 0.6067872643470764
(26,7): 0.44360947608947754
(26,8): 0.4988350570201874
(26,11): 0.47784242033958435
(26,35): 0.5142560601234436
(27,10): 0.5153083205223083
(27,15): 0.5011743903160095
(27,25): 0.4913543462753296
(28,11): 0.47191765904426575
(28,30): 0.4425273537635803
(29,12): 0.5222059488296509
(29,13): 0.4441337287425995
(29,16): 0.4566429555416107
(30,12): 0.4898650646209717
(30,28): 0.49581506848335266
(31,4): 0.47377118468284607
(31,8): 0.5290889739990234
(31,12): 0.49919283390045166
(31,32): 0.5513210892677307
(31,34): 0.48701566457748413
(32,12): 0.4891001880168915
(32,31): 0.4678835868835449
(32,36): 0.5173386931419373
(33,4): 0.46530139446258545
(33,5): 0.5763675570487976
(33,8): 0.6369956135749817
(33,16): 0.38014906644821167
(33,22): 0.530320942401886
(34,5): 0.5761377811431885
(34,13): 0.3770930767059326
(34,16): 0.3831261992454529
(34,18): 0.4551853835582733
(34,31): 0.5020936131477356
(35,8): 0.4613666832447052
(35,9): 0.4562879800796509
(35,11): 0.49209675192832947
(35,26): 0.5699626803398132
(36,10): 0.5808051228523254
(36,15): 0.6243069767951965
(36,16): 0.41705378890037537
(36,32): 0.50411057472229
