Interaction name: 5ywy

Affinity: 7.230000019073486
Predicted value: 7.405277729034424

Attributions for edges: 

(0,7): 1.5117882454794448e-20
(0,11): 1.5330375783753944e-20
(0,12): 1.0748478583567807e-20
(0,29): 9.144455583650547e-27
(0,30): 0.0
(1,2): 1.6447197667048149e-15
(1,6): 1.2107209427180375e-14
(1,14): 4.822254918716482e-16
(1,17): 7.583112091130877e-17
(1,18): 5.308873758727301e-16
(1,28): 0.0
(1,29): 1.1088676562350255e-24
(1,31): 1.924889387126992e-16
(2,1): 1.5281838091512658e-15
(2,5): 7.36257978412383e-15
(2,14): 4.64794930245694e-16
(2,18): 5.116958327494342e-16
(2,28): 0.0
(2,29): 1.0614078120246664e-24
(2,31): 1.8553119832571556e-16
(3,4): 8.861644871210973e-22
(3,7): 2.3494932772987892e-20
(3,10): 9.749785625293604e-21
(3,13): 1.3462957389778664e-20
(3,17): 7.631508877807706e-19
(3,19): 1.3524726940462348e-20
(3,24): 1.1057567867262744e-20
(3,25): 7.91431304351035e-21
(3,28): 0.0
(3,29): 1.4211484822696034e-26
(3,30): 0.0
(4,3): 4.791345551295029e-21
(4,7): 7.023740022997643e-21
(4,8): 2.8915566476599007e-21
(4,10): 2.9146692371973687e-21
(4,11): 7.122491170969696e-21
(4,13): 4.0246953340939895e-21
(4,17): 2.281407814897351e-19
(4,18): 1.4253402458963814e-18
(4,19): 4.043161091137599e-21
(4,24): 3.3056267833151807e-21
(4,25): 2.3659510210936834e-21
(5,2): 7.235780645985755e-15
(5,6): 5.3264152393176986e-14
(5,14): 2.0264227765281117e-15
(5,17): 3.186586651965145e-16
(5,18): 2.2309113530718768e-15
(6,1): 9.50302187744008e-15
(6,5): 4.578425515772665e-14
(6,14): 2.7296288940639214e-15
(6,18): 2.994813310509088e-15
(7,0): 2.763810759344268e-20
(7,3): 3.7344538937998277e-20
(7,4): 2.064792452690634e-21
(7,8): 2.253735327609699e-20
(7,11): 5.551386805428097e-20
(7,12): 3.892189804912874e-20
(7,13): 3.136913482693152e-20
(7,17): 1.778166794952939e-18
(7,32): 2.0249407648589043e-21
(7,44): 3.817933742254084e-24
(8,4): 1.2121539229527055e-21
(8,7): 3.213803151804224e-20
(8,11): 3.2589759374201423e-20
(8,12): 2.284934092311013e-20
(8,13): 1.8415442813498494e-20
(8,17): 1.043887767573931e-18
(8,18): 6.521778981040626e-18
(8,32): 1.1887539608537963e-21
(8,39): 2.209005212868467e-21
(9,15): 8.195497906228693e-21
(9,22): 6.418455456523367e-21
(9,23): 8.203537067806943e-21
(9,25): 8.995365402696132e-21
(9,26): 5.073214211267792e-21
(9,27): 4.072742895455956e-21
(9,40): 9.678711100512265e-21
(9,42): 9.240666661531977e-22
(10,3): 2.2080205125103596e-20
(10,4): 1.2208317463198221e-21
(10,16): 5.916883506109328e-21
(10,19): 1.8632448477322953e-20
(10,22): 7.77973301966996e-21
(10,24): 1.5233489023334403e-20
(10,25): 1.0903175898399429e-20
(10,26): 6.149183125536781e-21
(10,27): 4.9365048435849314e-21
(10,39): 2.224819387528575e-21
(10,42): 1.1200502092172493e-21
(11,0): 2.807387991106754e-20
(11,4): 2.0973562269613738e-21
(11,7): 5.56075462586526e-20
(11,8): 2.2892614424491443e-20
(11,12): 3.953573714947698e-20
(11,13): 3.1863856687897857e-20
(11,38): 2.7168297000608366e-23
(12,0): 2.2294509527240185e-20
(12,7): 4.4160012815772254e-20
(12,8): 1.8180009762824857e-20
(12,11): 4.478088618250146e-20
(12,13): 2.5304267578325465e-20
(12,17): 1.4343838115334237e-18
(12,34): 1.1826647656145007e-23
(12,38): 2.1575348913238294e-23
(13,3): 2.6435015397749784e-20
(13,4): 1.4616122894324486e-21
(13,7): 3.8751676557527546e-20
(13,8): 1.5953478660727922e-20
(13,11): 3.929651070021296e-20
(13,12): 2.7551790004053066e-20
(13,14): 7.036328335440462e-18
(13,17): 1.258717429399492e-18
(13,18): 7.863947353718143e-18
(13,32): 1.4333970698809724e-21
(13,42): 1.3409594344797799e-21
(13,44): 2.7026153731818403e-24
(14,1): 9.194771341341189e-16
(14,2): 9.510923212530304e-16
(14,5): 4.2567797465360106e-15
(14,6): 6.77124829595371e-15
(14,13): 7.046746468460414e-19
(14,17): 4.5117031264487996e-17
(14,18): 3.158605447948191e-16
(14,35): 1.475529558810007e-19
(14,36): 0.0
(14,45): 2.0153506199219546e-17
(15,9): 8.18350217175954e-21
(15,16): 4.9555986601268415e-21
(15,20): 7.653336752456303e-21
(15,21): 7.442328148072854e-21
(15,22): 6.515750960487783e-21
(15,23): 8.32786215231495e-21
(15,24): 1.275848627459975e-20
(15,26): 5.150098791279392e-21
(15,27): 4.134465190215974e-21
(16,10): 8.114708856011258e-21
(16,15): 6.001264006525406e-21
(16,19): 1.1256533885150157e-20
(16,20): 5.520614717288844e-21
(16,21): 5.3684276209665084e-21
(16,23): 6.007173420364402e-21
(16,24): 9.203135562669693e-21
(16,25): 6.587026625867291e-21
(16,26): 3.714957392164795e-21
(16,27): 2.9823318439003178e-21
(16,33): 2.274289069465151e-21
(17,1): 3.0881918637407372e-16
(17,3): 3.3157713215007696e-19
(17,4): 1.833308502817405e-20
(17,5): 1.4297043705716918e-15
(17,7): 4.860680783435633e-19
(17,8): 2.0010613126545272e-19
(17,12): 3.4558365221546667e-19
(17,13): 2.7852339617275673e-19
(17,14): 9.639525445585066e-17
(17,18): 1.0620359158259004e-16
(17,35): 5.728043503701014e-20
(18,1): 1.112219481281835e-15
(18,2): 1.1504618541800641e-15
(18,4): 5.580773042923897e-20
(18,5): 5.149093381084631e-15
(18,6): 8.166126906899041e-15
(18,8): 6.123370954522064e-19
(18,13): 8.546070265331421e-19
(18,14): 3.470505478439886e-16
(18,17): 5.457432617414967e-17
(18,43): 5.851902814438319e-20
(18,44): 1.0319208776964925e-22
(19,3): 2.676775364591064e-20
(19,4): 1.4800040323904864e-21
(19,10): 1.628340740286294e-20
(19,16): 7.173042892389197e-21
(19,24): 1.8467501877713917e-20
(19,25): 1.3217879283915687e-20
(19,27): 5.984529351095763e-21
(19,33): 4.5637097280263404e-21
(19,34): 1.0508891012714041e-23
(19,35): 4.624168633647654e-21
(20,15): 7.892003400778426e-21
(20,16): 4.7008419756414975e-21
(20,21): 7.05976196152848e-21
(20,24): 1.2102647563325273e-20
(20,26): 4.8853808004232495e-21
(20,27): 3.9219367222363155e-21
(20,37): 7.554599336974887e-21
(21,15): 7.715393069856253e-21
(21,16): 4.5956446350052126e-21
(21,20): 7.097430183348754e-21
(21,23): 7.722960479991406e-21
(21,26): 4.776054019072735e-21
(21,27): 3.834184895368587e-21
(21,42): 8.699366211805168e-22
(22,9): 6.984224377289763e-21
(22,10): 9.6010094373077e-21
(22,15): 7.100490105380346e-21
(22,23): 7.107454901514558e-21
(22,24): 1.0888751936468035e-20
(22,25): 7.793515593509198e-21
(22,26): 4.395377665578232e-21
(22,27): 3.528580029224673e-21
(22,40): 8.385497415523002e-21
(22,43): 9.150375535586553e-22
(23,9): 8.174734380383905e-21
(23,15): 8.310788627483972e-21
(23,16): 4.950270857656047e-21
(23,21): 7.43435603336066e-21
(23,22): 6.5087708162757996e-21
(23,24): 1.2744818407447019e-20
(23,25): 9.121976542998597e-21
(23,26): 5.144601352159539e-21
(23,27): 4.130067562037518e-21
(23,41): 2.6953636316070365e-19
(24,3): 2.4024956828416914e-20
(24,4): 1.3283482622868098e-21
(24,10): 1.4614904943573922e-20
(24,15): 1.0808508954701856e-20
(24,16): 6.438023043992291e-21
(24,19): 2.0273377710997825e-20
(24,20): 9.942803859147591e-21
(24,22): 8.464914024470195e-21
(24,23): 1.0819151634946374e-20
(24,25): 1.186349139210158e-20
(24,26): 6.690757417282785e-21
(24,27): 5.371295692025951e-21
(25,3): 1.9150345935724977e-20
(25,4): 1.0588374302495831e-21
(25,9): 8.474477492509273e-21
(25,10): 1.1649619159523306e-20
(25,16): 5.1318018630912745e-21
(25,19): 1.616001693551189e-20
(25,22): 6.7474273671783366e-21
(25,23): 8.624003312925304e-21
(25,24): 1.3212133448273998e-20
(25,26): 5.3332381137064095e-21
(25,27): 4.281488466161605e-21
(25,32): 1.038397425728357e-21
(25,44): 1.9578584978803774e-24
(26,9): 6.032985252105821e-21
(26,10): 8.29330635910812e-21
(26,15): 6.133370162567023e-21
(26,16): 3.653318704038956e-21
(26,20): 5.6421185827642906e-21
(26,21): 5.4865617755774385e-21
(26,22): 4.8034794184641294e-21
(26,23): 6.1394096311702974e-21
(26,24): 9.40572453470486e-21
(26,25): 6.7320271867212886e-21
(26,27): 3.0479822368280036e-21
(26,45): 2.802948551533273e-19
(27,9): 5.265195642078604e-21
(27,10): 7.23788367421441e-21
(27,15): 5.352825492117724e-21
(27,16): 3.1883898854087362e-21
(27,19): 1.0040223763321317e-20
(27,20): 4.924091479841667e-21
(27,21): 4.788349444955225e-21
(27,22): 4.192179213296804e-21
(27,23): 5.358095941245265e-21
(27,24): 8.208702907667564e-21
(27,25): 5.875274059475923e-21
(27,26): 3.3135425544260794e-21
(28,1): 5.1522805617980265e-36
(28,2): 5.2694353912327013e-36
(28,3): 6.716422138210384e-39
(28,29): 0.0
(28,31): 7.021485542569098e-37
(28,45): 1.3808835635693931e-37
(29,0): 1.5438681405173033e-24
(29,1): 1.600253697379053e-21
(29,2): 1.6366473219248813e-21
(29,3): 2.086070483084138e-24
(29,28): 0.0
(29,31): 2.1808295752017713e-22
(29,41): 3.043738392349855e-23
(29,44): 2.1327189684460378e-28
(29,45): 4.2889382918456696e-23
(30,0): 0.0
(30,3): 0.0
(30,35): 0.0
(31,1): 3.232116525764636e-16
(31,2): 3.343261542125385e-16
(31,28): 0.0
(31,29): 2.7232185957853698e-25
(31,44): 3.139841529900586e-23
(31,45): 7.091189435206817e-18
(32,7): 7.079043186177922e-21
(32,8): 2.9143358204026116e-21
(32,13): 4.0563850757252934e-21
(32,25): 2.3845894440122275e-21
(33,16): 2.681730855006853e-21
(33,19): 8.444787847749728e-21
(33,37): 4.309722063016729e-21
(34,12): 2.145283124159278e-22
(34,19): 1.7369255531481486e-22
(35,14): 1.0454259099229733e-18
(35,17): 1.870138784214814e-19
(35,19): 3.3142883498367626e-21
(35,30): 0.0
(36,14): 2.1678222315039655e-31
(37,20): 7.4128049087881e-21
(37,33): 3.0538011777875014e-21
(38,11): 4.483554189913783e-22
(38,12): 3.143510237980843e-22
(39,8): 4.3405422148732156e-21
(39,10): 4.375236140779993e-21
(40,9): 9.098275071950825e-21
(40,22): 7.244099645712063e-21
(41,23): 5.790923447421822e-20
(41,29): 1.1402322481366439e-25
(41,44): 1.3146804014449654e-23
(41,45): 2.6438472883463285e-18
(42,9): 2.0490368430641295e-21
(42,10): 2.8167408269732503e-21
(42,13): 3.889471498780743e-21
(42,21): 1.863464244465078e-21
(43,18): 1.4392672790747836e-18
(43,22): 1.7046833312041513e-21
(44,7): 1.0703215537118202e-22
(44,13): 6.133083042441072e-23
(44,18): 2.172014568292148e-20
(44,25): 3.605384637673145e-23
(44,29): 6.474150730566231e-29
(44,31): 7.632986009124224e-21
(44,41): 1.0653239116179662e-21
(44,45): 1.5011444949084509e-21
(45,14): 3.4262396689652743e-17
(45,26): 3.378086068218657e-20
(45,28): 0.0
(45,29): 1.0755587194172636e-25
(45,31): 1.3674258363734559e-17
(45,41): 1.7698497006888714e-18
(45,44): 1.240112535518044e-23
