Interaction name: 5x4p

Affinity: 5.03000020980835
Predicted value: 5.811260223388672

Attributions for edges: 

(0,1): 0.0
(0,4): 0.0
(0,6): 0.4607907831668854
(1,0): 0.0
(1,3): 0.5545344352722168
(1,4): 0.0
(1,6): 0.655793309211731
(1,7): 0.0
(2,3): 0.0
(2,5): 0.0
(2,7): 0.0
(3,1): 0.6828782558441162
(3,2): 0.6741945147514343
(3,5): 0.0
(3,7): 0.0
(4,0): 0.0
(4,1): 0.0
(4,6): 0.0
(4,7): 0.7419914603233337
(4,8): 0.34686970710754395
(5,2): 0.0
(5,3): 0.0
(5,7): 0.4589586853981018
(5,8): 0.5783478617668152
(6,0): 0.5753099918365479
(6,1): 0.47096624970436096
(6,4): 0.0
(6,9): 0.33453062176704407
(7,1): 0.0
(7,2): 0.361625075340271
(7,3): 0.0
(7,4): 0.3948238790035248
(7,5): 0.47001323103904724
(7,8): 0.4929969906806946
(8,4): 0.40012088418006897
(8,5): 0.41367629170417786
(8,7): 0.4758943021297455
(9,6): 0.4240850806236267
