Interaction name: 5nn5

Affinity: 5.46999979019165
Predicted value: 6.213000774383545

Shapley values for edges: 

(0,1): 0.015590729713439942
(0,5): 0.00011290550231933594
(0,7): 0.024787774085998537
(0,9): -0.12622458457946778
(0,10): 0.0001839447021484375
(0,11): 0.0020192146301269533
(0,12): -0.03262547969818115
(0,14): -0.015415897369384765
(0,15): 0.057662315368652343
(0,16): 0.004359922409057617
(1,0): 0.0002463102340698242
(1,2): -0.001176304817199707
(1,4): -0.006304316520690918
(1,6): -9.389400482177734e-05
(1,10): -0.01584200859069824
(1,11): 0.008575901985168458
(1,12): 0.0007250881195068359
(1,14): -0.006103816032409668
(1,15): 0.004220685958862305
(1,16): 0.021925745010375978
(2,1): 0.006741232872009277
(2,3): -0.00934626579284668
(2,5): -0.018056035041809082
(2,7): -0.0453717565536499
(2,8): -0.03679464340209961
(2,9): 0.017770066261291503
(2,10): -0.07781492710113526
(2,11): 0.016485824584960937
(2,12): 9.5367431640625e-09
(2,13): -0.0001165771484375
(2,15): -0.0036604976654052734
(3,2): -0.045554213523864746
(3,6): -0.06716514110565186
(3,7): -0.00031477928161621093
(3,9): -0.017257256507873533
(3,12): 3.337860107421875e-08
(3,13): 0.009015736579895019
(3,17): 0.0003900432586669922
(4,1): -0.0013368558883666993
(4,5): -0.018927650451660158
(4,7): -0.019273056983947753
(4,9): 0.012668046951293945
(4,10): 0.0031294155120849608
(4,11): -0.0013455104827880858
(4,12): 0.008586387634277343
(5,0): -0.0004951524734497071
(5,2): -1.430511474609375e-08
(5,4): -0.003261394500732422
(5,6): 0.0002121448516845703
(5,10): -0.0005631494522094727
(5,11): 0.00011194229125976562
(5,12): -4.76837158203125e-09
(6,1): 0.0008305978775024415
(6,3): -0.03073460578918457
(6,5): -0.008633923530578614
(6,7): -0.06150055408477783
(6,8): -0.054203968048095706
(6,9): -0.00894381046295166
(6,10): -0.06665653228759766
(6,11): -0.0017174386978149414
(6,12): -0.002015833854675293
(6,13): -0.007468690872192383
(7,0): -0.015855512619018554
(7,2): -0.009217514991760253
(7,3): -0.004672532081604004
(7,4): 0.031047654151916505
(7,6): 0.03273271560668945
(7,8): -0.0036938953399658202
(7,10): -0.00038031578063964846
(7,11): 0.0011461925506591796
(7,12): 0.0020358085632324217
(7,13): -0.03043790340423584
(7,16): -0.028279266357421874
(7,17): -0.013707141876220703
(8,2): -0.05856618404388428
(8,6): 0.02618069648742676
(8,7): -1.1301040649414062e-05
(8,9): 0.0010736227035522462
(8,12): 0.005767993927001953
(8,13): -0.00021069526672363282
(9,0): 0.002010788917541504
(9,2): -0.004521007537841797
(9,3): -0.018259425163269043
(9,4): -0.08806362152099609
(9,6): -0.01552989959716797
(9,8): 0.0008953619003295899
(9,10): -0.0011615753173828125
(9,11): 0.002449069023132324
(9,12): 6.2131881713867184e-06
(9,13): -0.000407862663269043
(10,0): 0.00018296718597412108
(10,1): -0.00018674373626708984
(10,2): -0.17599875926971437
(10,4): -0.012601180076599121
(10,5): 0.00992778778076172
(10,6): -0.09911648750305176
(10,7): 0.008248839378356933
(10,9): 0.023665094375610353
(10,11): 0.0024176645278930664
(10,12): -0.0003186655044555664
(10,22): -0.012947297096252442
(11,0): 0.00012162208557128906
(11,1): -0.007211151123046875
(11,2): -0.0008034992218017578
(11,4): 0.0185563325881958
(11,5): -0.005016446113586426
(11,6): 9.5367431640625e-09
(11,7): 0.0014332199096679687
(11,9): -0.013248391151428222
(11,10): -0.00666966438293457
(11,12): 4.57763671875e-07
(11,13): -0.036782817840576174
(11,24): 0.01878781318664551
(12,0): -0.09761344432830811
(12,1): 0.00865626335144043
(12,2): -0.0020957231521606446
(12,3): 0.004294614791870117
(12,4): 0.0010117578506469726
(12,5): 0.017230215072631835
(12,6): 6.384849548339844e-06
(12,7): 0.08393970012664795
(12,8): 0.00011929512023925782
(12,9): 0.0004020404815673828
(12,10): -0.00579833984375
(12,11): 0.025514206886291503
(12,13): -1.2493133544921876e-06
(12,19): -0.04949416637420654
(12,20): -0.11174839496612549
(12,23): -0.052593092918396
(13,2): -0.010951275825500489
(13,3): 0.010899415016174316
(13,6): 0.00041591167449951173
(13,7): 7.047653198242187e-06
(13,8): 0.017533931732177734
(13,9): 0.0033497333526611326
(13,11): -0.10579852104187011
(13,12): -1.430511474609375e-08
(13,19): -0.06168342113494873
(13,20): -0.05656131744384765
(13,21): 0.07225215911865235
(14,0): -0.004078640937805176
(14,1): -0.17874495029449464
(15,0): 0.0242997407913208
(15,1): 0.00594207763671875
(15,2): -0.003978157043457031
(15,23): -0.0038447141647338866
(16,0): 0.0031284999847412107
(16,1): -0.057436528205871584
(16,7): 0.17825255870819093
(17,3): -0.00695551872253418
(17,7): 0.005548205375671387
(19,12): -0.019919734001159668
(19,13): -0.08372357845306397
(20,12): -0.021088852882385253
(20,13): -0.020728039741516113
(21,13): -0.02690507411956787
(22,10): -0.061628379821777345
(23,12): 0.016053638458251952
(23,15): 0.0010628223419189454
(24,11): -0.06663660049438476
