Interaction name: 5fbn

Affinity: 9.569999694824219
Predicted value: 7.578411102294922

Attributions for edges: 

(0,1): 1.0567218138680282e-31
(0,8): 6.437253918916519e-31
(0,11): 2.4315321051949796e-33
(0,25): 1.059959595507933e-31
(0,26): 9.895267246634425e-31
(0,27): 7.620984958655018e-32
(0,29): 1.5713306711664899e-31
(1,0): 1.0585534691654795e-31
(1,8): 1.2384486560771856e-30
(1,25): 2.039217036953383e-31
(1,26): 1.9036989952244848e-30
(1,27): 1.4661729448823244e-31
(1,29): 3.023047739170707e-31
(2,6): 1.1083911147462751e-29
(2,30): 4.335396860639456e-28
(3,10): 8.128844656363516e-34
(3,11): 1.1849527640780875e-33
(3,12): 1.0384346482522858e-33
(3,13): 2.667400005804264e-33
(3,20): 1.8010566284864073e-33
(4,7): 3.943154657531085e-33
(4,14): 2.782632063976442e-34
(4,15): 1.0168699977565846e-34
(4,21): 4.192121422299368e-33
(4,22): 2.0956639818062815e-33
(4,31): 1.7904602448635152e-32
(5,7): 2.2537216869018156e-32
(5,15): 5.8119498826675956e-34
(5,19): 6.861935048613657e-33
(5,23): 6.305615449355716e-33
(5,28): 3.4870273494826423e-31
(5,31): 1.0233428289303837e-31
(6,2): 1.0956283682093409e-29
(6,12): 3.631772816153984e-33
(6,20): 6.298980518429293e-33
(6,32): 2.6427101942926614e-31
(7,4): 3.930749518710063e-33
(7,5): 2.23570517886035e-32
(7,14): 9.212272315166235e-35
(7,15): 3.366482372299677e-35
(7,21): 1.3878468542853568e-33
(7,22): 6.937972910887054e-34
(7,23): 3.652430614083999e-34
(7,28): 2.0197914050588693e-32
(7,33): 2.4524838226304484e-32
(8,0): 6.4826453981746515e-31
(8,1): 1.2450330231141075e-30
(8,25): 1.2488383334265894e-30
(8,26): 1.1658545448291602e-29
(8,27): 8.979000433219314e-31
(9,10): 2.893006391743847e-33
(9,11): 4.217175247677222e-33
(10,3): 8.064416545678916e-34
(10,9): 2.860130937158217e-33
(10,11): 7.295406075072312e-35
(10,35): 6.417163251093028e-34
(10,36): 7.056322233140819e-34
(10,45): 2.8539499031715554e-34
(10,46): 7.73095634899948e-34
(11,0): 2.4092619973766668e-33
(11,3): 1.1769429639386837e-33
(11,9): 4.174121665052402e-33
(11,10): 7.303871585902526e-35
(11,47): 2.3501938654253276e-34
(11,49): 6.519512074851186e-34
(11,52): 1.3647465535817757e-33
(12,3): 1.0309509736703711e-33
(12,6): 3.5938730415735504e-33
(12,13): 2.0993996202012482e-34
(12,14): 2.3006510833270506e-35
(12,20): 1.4175476935220493e-34
(12,21): 3.4659758582907276e-34
(12,22): 1.7326730481879121e-34
(12,36): 9.020699567172079e-34
(12,44): 1.1026619147067886e-33
(13,3): 2.655318862613688e-33
(13,12): 2.1050612785393884e-34
(13,14): 5.925605607507096e-35
(13,20): 3.6510374696072824e-34
(13,21): 8.92704021806039e-34
(13,22): 4.462641243331963e-34
(13,35): 2.1129386059755843e-33
(13,45): 9.397019389908449e-34
(14,4): 2.753089503217378e-34
(14,7): 9.14323211107021e-35
(14,12): 2.29218887283498e-35
(14,13): 5.887886473347605e-35
(14,20): 3.9755933539764243e-35
(14,21): 9.720526685103021e-35
(14,22): 4.859343839646229e-35
(14,35): 2.300766394271914e-34
(14,37): 7.735499450994416e-34
(14,39): 5.963273658171849e-34
(14,48): 2.4732928277048876e-33
(14,51): 2.523179338585847e-34
(15,4): 1.0031079894798288e-34
(15,5): 5.705410146042268e-34
(15,7): 3.331376531977732e-35
(15,16): 8.434329235437083e-35
(15,17): 1.6696348964362555e-35
(15,18): 3.724992078088647e-35
(15,19): 1.0143163108957638e-35
(15,23): 9.32075184705916e-36
(15,24): 4.265174722783127e-34
(15,28): 5.154447678617207e-34
(15,37): 2.818506223018119e-34
(15,38): 1.5013072220656548e-33
(15,44): 1.126766780943968e-34
(15,48): 9.011619791666938e-34
(15,49): 5.835607395244115e-35
(15,50): 5.9005031781929e-34
(16,15): 8.54482685235808e-35
(16,17): 1.660667705509686e-33
(16,18): 3.704957625068241e-33
(16,19): 1.008860863424528e-33
(16,23): 9.270692318103439e-34
(16,24): 4.242300043526507e-32
(16,40): 2.131161413275619e-32
(16,50): 5.868812474976105e-32
(16,53): 1.504278357505755e-31
(17,15): 1.6837574738298016e-35
(17,16): 1.653032686030103e-33
(17,18): 7.300560112705439e-34
(17,19): 1.987944618232804e-34
(17,23): 1.8267751591854527e-34
(17,24): 8.359320894993365e-33
(17,37): 5.523993990663452e-33
(17,41): 4.1254150566260803e-32
(17,43): 2.8723674660082924e-32
(17,46): 1.9793420199657005e-33
(17,49): 1.1437211976970419e-33
(18,15): 3.7650501475409117e-35
(18,16): 3.696318108931682e-33
(18,17): 7.317177745735227e-34
(18,19): 4.4451750503176745e-34
(18,23): 4.084852052657065e-34
(18,24): 1.8692135174544113e-32
(18,42): 7.222508242899999e-32
(18,46): 4.4259727990840155e-33
(18,51): 4.028941133228141e-33
(18,54): 8.790928037405548e-32
(19,5): 6.783647124848892e-33
(19,15): 1.0214531486374231e-35
(19,16): 1.00282148569069e-33
(19,17): 1.9851558038032264e-34
(19,18): 4.428892157671382e-34
(19,23): 1.108214977570722e-34
(19,24): 5.0711902606488455e-33
(19,28): 6.128514735776861e-33
(19,40): 2.5475824176379253e-33
(19,42): 1.9594720879407744e-32
(19,43): 1.7425112425462987e-32
(19,47): 2.501195757515547e-34
(20,3): 1.7908623373998933e-33
(20,6): 6.24286021406913e-33
(20,12): 1.419744742973259e-34
(20,13): 3.646861480008238e-34
(20,14): 3.9964552218583395e-35
(20,21): 6.020736964827827e-34
(20,22): 3.009798643160253e-34
(20,44): 1.915431126795462e-33
(20,45): 6.337758148517501e-34
(21,4): 4.1798900362370776e-33
(21,7): 1.3881750743486255e-33
(21,12): 3.48012541236127e-34
(21,13): 8.939307603637174e-34
(21,14): 9.796168139457253e-35
(21,20): 6.035914617277858e-34
(21,22): 7.37771845986746e-34
(21,46): 4.208272347337682e-33
(21,49): 2.431680511356771e-33
(22,4): 2.085488057818999e-33
(22,7): 6.926020521062091e-34
(22,12): 1.7363387768114285e-34
(22,13): 4.460088216538771e-34
(22,14): 4.887601621814043e-35
(22,20): 3.011498747782878e-34
(22,21): 7.363323245844695e-34
(22,40): 4.4546666161875875e-33
(22,47): 4.373555301928942e-34
(23,5): 6.232533496197156e-33
(23,7): 3.639134670950245e-34
(23,15): 9.384686571540652e-36
(23,16): 9.213506354645858e-34
(23,17): 1.8238926725497938e-34
(23,18): 4.069113285325508e-34
(23,19): 1.108012135918583e-34
(23,24): 4.659234224641344e-33
(23,28): 5.630624919936465e-33
(23,39): 2.3734847247834365e-33
(23,45): 4.072622778811186e-34
(23,47): 2.2979945694091254e-34
(23,51): 1.0042608234219742e-33
(24,15): 4.341076301180226e-34
(24,16): 4.261861151144953e-32
(24,17): 8.43671985115532e-33
(24,18): 1.882236231619996e-32
(24,19): 5.125333897789705e-33
(24,23): 4.7098061956656265e-33
(24,28): 2.6045590549389838e-31
(24,39): 1.097886568088909e-31
(25,0): 1.0618213434607654e-31
(25,1): 2.0392946195805373e-31
(25,8): 1.2422718339038e-30
(25,26): 1.9096050550012082e-30
(25,27): 1.4707102355270634e-31
(25,52): 6.014774784012059e-32
(26,0): 9.977289480852882e-31
(26,1): 1.9162160352302327e-30
(26,8): 1.1672964344117433e-29
(26,25): 1.9220581481142714e-30
(26,27): 1.3819477402108788e-30
(27,0): 7.62738376215372e-32
(27,1): 1.46488707161196e-31
(27,8): 8.923615841385971e-31
(27,25): 1.469364412044807e-31
(27,26): 1.3717269578898011e-30
(27,34): 9.248024893194548e-32
(28,5): 3.4859898581686065e-31
(28,7): 2.0354774955498296e-32
(28,15): 5.249097014377479e-34
(28,19): 6.197397970051078e-33
(28,23): 5.694997561981386e-33
(28,24): 2.606010320264509e-31
(29,0): 1.575472172863307e-31
(29,1): 3.0257706542849518e-31
(29,52): 8.924324899578387e-32
(30,2): 4.328539105589979e-28
(30,32): 1.0440611425585419e-29
(31,4): 1.7924009860367228e-32
(31,5): 1.019477685955445e-31
(31,33): 1.1183282973002734e-31
(31,47): 3.75891171374503e-33
(32,6): 2.646140286808361e-31
(32,30): 1.0350196537860284e-29
(32,36): 6.641970962089624e-32
(33,7): 2.472812821933569e-32
(33,31): 1.1228338495975402e-31
(33,47): 1.561500393946227e-32
(34,27): 9.241465046969784e-32
(35,10): 6.463893284135541e-34
(35,13): 2.121062741307705e-33
(35,14): 2.3243731677368064e-34
(35,44): 1.1140400204400768e-32
(36,10): 7.1092245298801105e-34
(36,12): 9.081813334800337e-34
(36,32): 6.608509339899116e-32
(37,14): 7.841327003347039e-34
(37,15): 2.8654697478096138e-34
(37,17): 5.568933507037373e-33
(37,40): 7.146701199962645e-32
(37,49): 1.9464346800958044e-32
(38,15): 1.5334896859972766e-33
(38,51): 1.6409964614174078e-31
(39,14): 6.040060530751911e-34
(39,23): 2.3947481318928655e-33
(39,24): 1.095828042381749e-31
(39,42): 4.23420212171841e-31
(39,51): 2.361988096158807e-32
(40,16): 2.1369737920300538e-32
(40,19): 2.569915157264618e-33
(40,22): 4.485907215270613e-33
(40,37): 7.141087626690293e-32
(41,17): 4.182236396429716e-32
(42,18): 7.300734453211345e-32
(42,19): 1.9879919318804248e-32
(42,39): 4.258434232464001e-31
(43,17): 2.909065518020201e-32
(43,19): 1.7672668597010283e-32
(43,50): 1.0280661062913098e-30
(44,12): 1.1108270086701956e-33
(44,15): 1.142660979852772e-34
(44,20): 1.926628628842006e-33
(44,35): 1.1149837954669932e-32
(45,10): 2.86818210918864e-34
(45,13): 9.41165613128611e-34
(45,20): 6.354897866342948e-34
(45,23): 4.089155464007028e-34
(45,47): 9.229125735832409e-34
(46,10): 7.790759624097564e-34
(46,17): 1.9896375137689806e-33
(46,18): 4.438924542778169e-33
(46,21): 4.220554793935836e-33
(46,48): 1.0738787416654549e-31
(47,11): 2.355273745895307e-34
(47,19): 2.5067547896867306e-34
(47,22): 4.375657875613479e-34
(47,23): 2.303523984632798e-34
(47,31): 3.73840558213692e-33
(47,33): 1.546750290832109e-32
(47,45): 9.213788289619063e-34
(48,14): 2.5153674439406636e-33
(48,15): 9.192022358674657e-34
(48,46): 1.0805687151148547e-31
(49,11): 6.552223419405181e-34
(49,15): 5.906557777660226e-35
(49,17): 1.147917437022989e-33
(49,21): 2.435040772161192e-33
(49,37): 1.937796412921993e-32
(49,50): 4.0567802924702686e-32
(50,15): 6.011007453187369e-34
(50,16): 5.901364264539076e-32
(50,43): 1.0254339393409485e-30
(50,49): 4.0831116598022756e-32
(51,14): 2.5493990615051746e-34
(51,18): 4.039436461071061e-33
(51,23): 1.0107638785759138e-33
(51,38): 1.628052270274458e-31
(51,39): 2.3561745419100214e-32
(51,53): 1.6400701718689598e-31
(52,11): 1.3746845317985127e-33
(52,25): 5.992559704023044e-32
(52,29): 8.883633399383147e-32
(53,16): 1.5166085879492704e-31
(53,51): 1.65307219733397e-31
(54,18): 8.890618186815733e-32
