Interaction name: 6hwz

Affinity: 5.170000076293945
Predicted value: 5.644946575164795

Attributions for edges: 

(0,1): 8.15724489375297e-32
(0,2): 1.7420988526747053e-25
(0,3): 2.795490323543611e-30
(0,4): 4.631453384612697e-31
(0,5): 4.631453384612697e-31
(0,6): 1.9193155922159906e-25
(1,0): 7.390063207666208e-32
(1,2): 2.7797578592362734e-26
(1,3): 4.460588227754572e-31
(1,4): 7.390119631395047e-32
(1,5): 7.390119631395047e-32
(1,6): 3.062531213688567e-26
(1,9): 1.3675398220329171e-33
(2,0): 6.892056847862518e-24
(2,1): 1.2138825948750833e-24
(2,3): 4.159995505899312e-23
(2,4): 6.892056847862518e-24
(2,5): 6.892056847862518e-24
(3,0): 7.607921313776138e-30
(3,1): 1.3399612449091122e-30
(3,2): 2.861683061047642e-24
(3,4): 7.607921313776138e-30
(3,5): 7.607921313776138e-30
(3,6): 3.1527904844445627e-24
(3,7): 2.7947175585979e-26
(3,8): 2.7947175585979e-26
(4,0): 4.631453384612697e-31
(4,1): 8.15724489375297e-32
(4,2): 1.7420988526747053e-25
(4,3): 2.7955115764814738e-30
(4,5): 4.631453384612697e-31
(4,6): 1.9193155922159906e-25
(5,0): 4.631453384612697e-31
(5,1): 8.15724489375297e-32
(5,2): 1.7420988526747053e-25
(5,3): 2.7955115764814738e-30
(5,4): 4.631453384612697e-31
(5,6): 1.9193155922159906e-25
(6,0): 7.859214517159773e-24
(6,1): 1.3842312895083848e-24
(6,3): 4.7437648819929824e-23
(6,4): 7.859244493874171e-24
(6,5): 7.859244493874171e-24
(7,3): 1.0169708063782697e-19
(7,8): 1.2878756121664352e-16
(8,3): 1.0169708063782697e-19
(8,7): 1.2878756121664352e-16
(9,1): 4.316080372631815e-25
