Interaction name: 5ega

Affinity: 5.059999942779541
Predicted value: 6.296888828277588

Attributions for edges: 

(0,1): 1.47605242743002e-20
(0,9): 1.4777875680118208e-20
(0,14): 1.4802644246467916e-20
(0,15): 1.4780019564244883e-20
(0,16): 1.4780019564244883e-20
(0,24): 1.4779793382046138e-20
(0,25): 1.480304006531572e-20
(0,26): 1.4779793382046138e-20
(1,0): 1.476069391094926e-20
(1,2): 1.2850805770191777e-20
(1,8): 1.476069391094926e-20
(1,10): 1.4759285118968505e-20
(1,14): 1.4775001550607013e-20
(1,15): 1.4752360712512642e-20
(1,16): 1.4752360712512642e-20
(1,20): 1.4765818553337967e-20
(1,24): 1.4752192691450717e-20
(1,26): 1.4752192691450717e-20
(1,28): 1.1467126475846629e-20
(2,1): 1.2849284694905217e-20
(2,9): 1.2864392050194247e-20
(2,15): 1.2866207162339176e-20
(2,16): 1.2866207162339176e-20
(2,20): 1.2877993678274489e-20
(2,24): 1.2866010868502408e-20
(2,25): 1.2886297796142697e-20
(2,26): 1.2866010868502408e-20
(2,28): 1.0001004577852507e-20
(2,29): 7.747097351771762e-21
(3,4): 1.4936054585223368e-20
(3,11): 1.49101534922928e-20
(3,14): 1.4859277037859388e-20
(3,20): 1.4850040726214924e-20
(3,25): 1.4859674472294326e-20
(4,3): 1.4934915596293973e-20
(4,11): 1.4941581508808414e-20
(4,18): 1.4974219600087313e-20
(4,21): 1.4975476526877482e-20
(4,23): 1.4976390949195265e-20
(4,25): 1.4890997475646236e-20
(5,6): 1.4945287665693564e-20
(5,7): 1.4945857967951828e-20
(5,13): 1.4979134216148615e-20
(5,17): 1.4975591233563988e-20
(5,19): 1.4974848063482398e-20
(5,21): 1.4977875673771312e-20
(5,22): 1.4975591233563988e-20
(5,23): 1.497879171167623e-20
(5,27): 1.4975705940250495e-20
(5,30): 1.4961658410121298e-20
(6,5): 1.4945686715715636e-20
(6,12): 1.4948024470298378e-20
(6,17): 1.494865131810633e-20
(6,18): 1.4949678831523484e-20
(6,19): 1.4947967924748692e-20
(6,21): 1.495093414272652e-20
(6,22): 1.494865131810633e-20
(6,27): 1.4948766024792835e-20
(6,28): 1.1537902924801764e-20
(7,5): 1.49462570179739e-20
(7,12): 1.4948594772556642e-20
(7,17): 1.4949223235951727e-20
(7,18): 1.4950249133781748e-20
(7,19): 1.4948538227006956e-20
(7,22): 1.4949223235951727e-20
(7,23): 1.4952415636128298e-20
(7,27): 1.4949449418150472e-20
(7,28): 1.1538386793148365e-20
(7,30): 1.493531303072891e-20
(8,1): 1.47605242743002e-20
(8,9): 1.4777875680118208e-20
(8,14): 1.4802700792017602e-20
(8,15): 1.4780019564244883e-20
(8,16): 1.4780019564244883e-20
(8,24): 1.4779793382046138e-20
(8,25): 1.480304006531572e-20
(8,26): 1.4779793382046138e-20
(9,0): 1.4777990386804714e-20
(9,2): 1.286581457466564e-20
(9,8): 1.4777990386804714e-20
(9,10): 1.477652343368714e-20
(9,14): 1.4792202706821568e-20
(9,15): 1.4769649110432427e-20
(9,16): 1.4769649110432427e-20
(9,20): 1.4783121491541957e-20
(9,24): 1.4769366382683995e-20
(9,26): 1.4769366382683995e-20
(10,1): 1.4759115482319447e-20
(10,9): 1.4776466888137453e-20
(10,15): 1.477855261112731e-20
(10,16): 1.477855261112731e-20
(10,20): 1.4792089615722195e-20
(10,24): 1.4778328044515698e-20
(10,25): 1.4801628042160697e-20
(10,26): 1.4778328044515698e-20
(11,3): 1.4909925694506922e-20
(11,4): 1.4942494315539064e-20
(11,14): 1.4865741001982093e-20
(11,18): 1.4949165074814906e-20
(11,20): 1.4856499843576227e-20
(11,25): 1.486608027528021e-20
(12,6): 1.4947625420276307e-20
(12,7): 1.494813756139775e-20
(12,13): 1.4981362110806253e-20
(12,17): 1.4977819128221626e-20
(12,19): 1.4977134119276856e-20
(12,21): 1.4980163345152904e-20
(12,22): 1.4977875673771312e-20
(12,23): 1.4981076151883554e-20
(12,27): 1.497799038045782e-20
(13,5): 1.4978904802775602e-20
(13,12): 1.4981305565256566e-20
(13,17): 1.498193402865165e-20
(13,18): 1.4982961542068806e-20
(13,19): 1.498119085857006e-20
(13,22): 1.498193402865165e-20
(13,23): 1.4985077961214206e-20
(13,27): 1.4981990574201337e-20
(14,0): 1.4802250043207246e-20
(14,1): 1.4774381165147598e-20
(14,3): 1.4860637362226126e-20
(14,8): 1.4802250043207246e-20
(14,9): 1.4791750342424078e-20
(14,11): 1.4867327508547575e-20
(14,15): 1.4793895842137887e-20
(14,16): 1.4793895842137887e-20
(14,20): 1.4807389225880158e-20
(14,24): 1.4793669659939142e-20
(14,25): 1.4816937345841464e-20
(14,26): 1.4793669659939142e-20
(15,0): 1.478007610979457e-20
(15,1): 1.4752192691450717e-20
(15,2): 1.2867681385598853e-20
(15,8): 1.4780019564244883e-20
(15,9): 1.4769536019333054e-20
(15,10): 1.477855261112731e-20
(15,14): 1.4794348206535377e-20
(15,16): 1.4771620126735776e-20
(15,20): 1.478515228456926e-20
(15,24): 1.4771450490086717e-20
(15,25): 1.479468586424636e-20
(15,26): 1.4771450490086717e-20
(16,0): 1.478007610979457e-20
(16,1): 1.4752249237000403e-20
(16,2): 1.2867681385598853e-20
(16,8): 1.4780019564244883e-20
(16,9): 1.4769536019333054e-20
(16,10): 1.477855261112731e-20
(16,14): 1.4794348206535377e-20
(16,15): 1.4771620126735776e-20
(16,20): 1.478515228456926e-20
(16,24): 1.4771450490086717e-20
(16,25): 1.479468586424636e-20
(16,26): 1.4771450490086717e-20
(17,5): 1.4975476526877482e-20
(17,6): 1.494819572253457e-20
(17,7): 1.4948766024792835e-20
(17,12): 1.4977875673771312e-20
(17,13): 1.4981990574201337e-20
(17,18): 1.497953488175782e-20
(17,19): 1.497776258267194e-20
(17,21): 1.498079180854799e-20
(17,22): 1.497850575275353e-20
(17,23): 1.4981648069728952e-20
(17,27): 1.497867538940259e-20
(18,4): 1.4973877095614928e-20
(18,6): 1.4949223235951727e-20
(18,7): 1.4949791922622857e-20
(18,11): 1.4947853218062186e-20
(18,13): 1.4983019703205627e-20
(18,17): 1.497953488175782e-20
(18,19): 1.497879171167623e-20
(18,21): 1.4981819321965144e-20
(18,22): 1.497953488175782e-20
(18,23): 1.4982733744282928e-20
(18,27): 1.497970451840688e-20
(19,5): 1.497479151793271e-20
(19,6): 1.4947512329176934e-20
(19,7): 1.4948024470298378e-20
(19,12): 1.4977134119276856e-20
(19,13): 1.4981305565256566e-20
(19,17): 1.497776258267194e-20
(19,18): 1.497879171167623e-20
(19,21): 1.4980047022879264e-20
(19,22): 1.497776258267194e-20
(19,23): 1.498090489964736e-20
(19,31): 1.496634038163532e-20
(20,1): 1.4765311258977925e-20
(20,2): 1.287907289047993e-20
(20,3): 1.4851514141681034e-20
(20,9): 1.478261258159478e-20
(20,10): 1.479163886691184e-20
(20,11): 1.4858142895691396e-20
(20,14): 1.480744415584271e-20
(20,15): 1.4784756465721457e-20
(20,16): 1.4784756465721457e-20
(20,24): 1.4784530283522712e-20
(20,25): 1.4807785044727962e-20
(20,26): 1.4784530283522712e-20
(21,4): 1.4975020931305724e-20
(21,5): 1.497776258267194e-20
(21,6): 1.4950476931567627e-20
(21,12): 1.4980047022879264e-20
(21,17): 1.4980733647411168e-20
(21,18): 1.4981761160828324e-20
(21,19): 1.4979990477329578e-20
(21,22): 1.4980733647411168e-20
(21,23): 1.498393412552341e-20
(21,27): 1.498090489964736e-20
(22,5): 1.4975476526877482e-20
(22,6): 1.494819572253457e-20
(22,7): 1.4948766024792835e-20
(22,12): 1.4977875673771312e-20
(22,13): 1.4981990574201337e-20
(22,17): 1.497850575275353e-20
(22,18): 1.497953488175782e-20
(22,19): 1.497776258267194e-20
(22,21): 1.498079180854799e-20
(22,23): 1.4981648069728952e-20
(22,27): 1.497867538940259e-20
(23,4): 1.4975933738036373e-20
(23,5): 1.4978618843852903e-20
(23,7): 1.4951845333870034e-20
(23,12): 1.498096306078418e-20
(23,13): 1.4985077961214206e-20
(23,17): 1.4981591524179265e-20
(23,18): 1.498267719873324e-20
(23,19): 1.4980848354097675e-20
(23,21): 1.498393412552341e-20
(23,22): 1.4981591524179265e-20
(23,27): 1.4981761160828324e-20
(24,0): 1.4779793382046138e-20
(24,1): 1.4751968124839106e-20
(24,2): 1.2867484283968518e-20
(24,8): 1.4779738452083586e-20
(24,9): 1.476930983713431e-20
(24,10): 1.4778328044515698e-20
(24,14): 1.4794122024336632e-20
(24,15): 1.4771450490086717e-20
(24,16): 1.4771450490086717e-20
(24,20): 1.4784926102370515e-20
(24,25): 1.4794459682047616e-20
(25,0): 1.480236313430662e-20
(25,2): 1.2887133862484487e-20
(25,3): 1.486086354442487e-20
(25,4): 1.489326899115649e-20
(25,8): 1.480236313430662e-20
(25,10): 1.4801007656701283e-20
(25,11): 1.4867442215234082e-20
(25,14): 1.4816712779229853e-20
(25,15): 1.479400893323726e-20
(25,16): 1.479400893323726e-20
(25,20): 1.4807558862529217e-20
(25,24): 1.4793782751038515e-20
(25,26): 1.4793782751038515e-20
(26,0): 1.4779793382046138e-20
(26,1): 1.4751968124839106e-20
(26,2): 1.2867484283968518e-20
(26,8): 1.4779793382046138e-20
(26,9): 1.476930983713431e-20
(26,10): 1.4778384590065384e-20
(26,14): 1.4794122024336632e-20
(26,15): 1.4771450490086717e-20
(26,16): 1.4771450490086717e-20
(26,20): 1.4784926102370515e-20
(26,25): 1.4794459682047616e-20
(27,5): 1.4975649394700808e-20
(27,6): 1.4948366974770763e-20
(27,7): 1.494888073147934e-20
(27,12): 1.497799038045782e-20
(27,13): 1.4982105280887843e-20
(27,17): 1.4978618843852903e-20
(27,18): 1.4979647972857193e-20
(27,21): 1.498090489964736e-20
(27,22): 1.4978618843852903e-20
(27,23): 1.4981761160828324e-20
(28,1): 1.1464064938227902e-20
(28,2): 9.999516622102191e-21
(28,6): 1.1537154907958772e-20
(28,7): 1.1537550726806576e-20
(28,29): 6.911892925718256e-21
(29,2): 7.744851685655651e-21
(29,28): 6.910917918882952e-21
(30,5): 1.496211562128019e-20
(30,7): 1.493537119186573e-20
(30,31): 1.4953612786194513e-20
(31,19): 1.4966795977207077e-20
(31,30): 1.4953672562918467e-20
