Interaction name: 5nvv

Affinity: 6.699999809265137
Predicted value: 7.46890926361084

Attributions for edges: 

(0,10): 9.858450881116106e-32
(0,11): 2.2794104996343043e-31
(0,22): 4.721843845565222e-32
(1,3): 2.651423604942849e-32
(1,6): 6.858248992203066e-32
(1,15): 4.112593351994486e-32
(1,19): 3.369606214098676e-34
(1,21): 1.7252689444716435e-31
(1,23): 2.343670779112966e-31
(1,27): 5.7281646934496535e-31
(1,28): 3.2127186897521566e-31
(2,15): 6.01452593185799e-31
(2,16): 1.7845433646612924e-30
(2,28): 4.698453929502221e-30
(2,30): 4.710011013801314e-30
(3,1): 2.643888980027666e-32
(3,6): 2.5602584344384144e-32
(3,8): 2.101989059768667e-33
(3,17): 4.999315025909801e-33
(3,19): 1.2579008670009974e-34
(3,24): 9.123450997745393e-33
(3,27): 2.138385737069544e-31
(4,5): 1.3140241031175405e-30
(4,8): 1.3522219918815504e-32
(4,9): 5.395994440189772e-31
(4,20): 7.064625245652356e-32
(4,28): 7.715442747610824e-31
(5,4): 1.318331960774886e-30
(5,8): 4.3740268221004155e-32
(5,20): 2.2851915808516483e-31
(6,1): 6.857621278219726e-32
(6,3): 2.5673002333470153e-32
(6,13): 3.016965026102942e-31
(6,15): 3.9821411031704567e-32
(6,21): 1.6705557950114903e-31
(6,23): 2.26931159256752e-31
(6,26): 3.823765338690949e-31
(6,29): 7.211747650063137e-31
(7,15): 4.447675187211919e-31
(7,16): 1.3196702375834101e-30
(8,3): 2.0925164120109625e-33
(8,4): 1.3393466553202e-32
(8,5): 4.3182551987520643e-32
(8,9): 1.7732633502581605e-32
(8,17): 1.0568980829193538e-33
(8,18): 3.593994769523708e-34
(8,19): 2.6593303977979874e-35
(8,20): 2.3216184242763032e-33
(8,24): 1.928775926413172e-33
(9,4): 5.400401603609875e-31
(9,8): 1.7917857616808612e-32
(9,20): 9.360964627180027e-32
(10,0): 9.726514570674164e-32
(10,11): 2.025414970033203e-33
(10,12): 5.7483414956217015e-33
(10,22): 4.195654793014047e-34
(10,25): 1.2283932423013816e-31
(10,31): 5.365429353629126e-32
(10,32): 3.7646105838262136e-32
(10,33): 6.499603902525659e-32
(10,34): 4.261438560925832e-32
(11,0): 2.254384695103038e-31
(11,10): 2.0303660053020727e-33
(11,12): 1.3323346845807512e-32
(11,14): 2.311755843001912e-33
(11,22): 9.724574564184925e-34
(11,25): 2.8471145559684474e-31
(11,32): 8.725511776782287e-32
(11,34): 9.87704661399894e-32
(11,35): 2.1715871048107791e-32
(12,10): 5.779651154997838e-33
(12,11): 1.3363356265405687e-32
(12,13): 2.2788192259758407e-31
(12,14): 6.580657617561115e-33
(12,21): 1.2618197172107992e-31
(12,22): 2.768203054491091e-33
(12,23): 1.71407765050464e-31
(12,26): 2.8882239444054044e-31
(12,31): 3.5399948898318244e-31
(13,6): 3.0295355275917654e-31
(13,12): 2.290707470543447e-31
(13,14): 3.974643800200912e-32
(13,21): 7.621192550957374e-31
(13,22): 1.6719638021449052e-32
(13,23): 1.0352838296844548e-30
(14,11): 2.3071218238657797e-33
(14,12): 6.54785397833348e-33
(14,13): 3.9343067115524453e-32
(14,21): 2.178490342322777e-32
(14,22): 4.779248248933965e-34
(14,23): 2.959298799734653e-32
(14,26): 4.986424114048303e-32
(14,33): 7.403664265052397e-32
(14,35): 1.0672502024895649e-32
(14,41): 2.1422627819247848e-32
(15,1): 4.1072001839129136e-32
(15,2): 5.960712740872827e-31
(15,6): 3.9772525160389745e-32
(15,7): 4.4116824905852215e-31
(15,16): 7.076439551625295e-32
(15,36): 1.4589979624637753e-31
(15,42): 2.010413311128009e-32
(15,43): 2.1117411827776474e-30
(16,2): 1.7738333886111765e-30
(16,7): 1.3128516180322563e-30
(16,15): 7.097363351069932e-32
(16,37): 1.9196673512964363e-32
(17,3): 4.989751277339908e-33
(17,8): 1.0596432295705085e-33
(17,18): 8.570063705879777e-34
(17,19): 6.341309886331412e-35
(17,24): 4.599229278793697e-33
(17,40): 3.536320103473322e-33
(18,8): 3.5920758668314866e-34
(18,17): 8.543363453726803e-34
(18,19): 2.1496353585152224e-35
(18,24): 1.55911289145131e-33
(18,38): 5.7834891440532725e-33
(18,44): 2.278034767167659e-33
(19,1): 3.318681824357887e-34
(19,3): 1.24241154783588e-34
(19,8): 2.6384541806197976e-35
(19,17): 6.27523022904278e-35
(19,18): 2.1338994897415133e-35
(19,24): 1.1451920809212563e-34
(19,36): 1.1788929988641024e-33
(19,39): 2.4966009980540223e-34
(19,40): 8.805179336022284e-35
(19,41): 7.950056557378254e-34
(20,4): 7.030750437197535e-32
(20,5): 2.2667852201087326e-31
(20,8): 2.3326974585328033e-33
(20,9): 9.308405923766061e-32
(20,40): 7.784791418873249e-33
(20,42): 1.4361966634420053e-32
(21,1): 1.7294071547842783e-31
(21,6): 1.6747031741800615e-31
(21,12): 1.2662655543950442e-31
(21,13): 7.608411635979753e-31
(21,14): 2.197117960489876e-32
(21,22): 9.242412495416547e-33
(21,23): 5.722878730452876e-31
(21,26): 9.643062582676802e-31
(22,0): 4.648992289299423e-32
(22,10): 4.187021338020234e-34
(22,11): 9.680899438922108e-34
(22,12): 2.747540802539512e-33
(22,13): 1.650871907008101e-32
(22,14): 4.767302746771214e-34
(22,21): 9.141079004903912e-33
(22,23): 1.2417494736016534e-32
(22,25): 5.871365060958916e-32
(22,26): 2.0923341001839897e-32
(22,32): 1.7993751940201514e-32
(22,34): 2.0368291671164814e-32
(22,35): 4.4782811956696534e-33
(23,1): 2.351300207647543e-31
(23,6): 2.2769076370625335e-31
(23,12): 1.7216136272383265e-31
(23,13): 1.0344389783846318e-30
(23,14): 2.9871997458985955e-32
(23,21): 5.727814866330849e-31
(23,22): 1.2565880326656708e-32
(23,26): 1.311069850715054e-30
(24,3): 9.121572410835985e-33
(24,8): 1.9370930999582166e-33
(24,17): 4.60716643705564e-33
(24,18): 1.566660667209543e-33
(24,19): 1.1592305140414477e-34
(24,35): 2.9077786455796384e-32
(24,42): 1.1926400379549845e-32
(25,10): 1.245825588425206e-31
(25,11): 2.8805216352210765e-31
(25,22): 5.967057354081955e-32
(26,6): 3.842217778812417e-31
(26,12): 2.905174808043132e-31
(26,14): 5.040854792215953e-32
(26,21): 9.665600100766247e-31
(26,22): 2.1204733778275613e-32
(26,23): 1.3129918309984224e-30
(27,1): 5.76121066083771e-31
(27,3): 2.1568515778266113e-31
(27,36): 2.0465666978324643e-30
(28,1): 3.2263266825550157e-31
(28,2): 4.682350973449629e-30
(28,4): 7.730998769651866e-31
(28,42): 1.5792509170034603e-31
(28,43): 1.6588347574623225e-29
(29,6): 7.260993340198745e-31
(29,42): 3.670271637349276e-31
(30,2): 4.6941183301781964e-30
(30,37): 5.080079863208542e-32
(31,10): 5.428965411038246e-32
(31,12): 3.5625371098986732e-31
(32,10): 3.805471942955147e-32
(32,11): 8.79877916417469e-32
(32,22): 1.8226702594439844e-32
(32,41): 8.169985724373228e-31
(33,10): 6.580233998784437e-32
(33,14): 7.492193095601525e-32
(34,10): 4.309171860029673e-32
(34,11): 9.9634783626262e-32
(34,22): 2.0639225486614089e-32
(35,11): 2.181350760888709e-32
(35,14): 1.0741855456910195e-32
(35,22): 4.5186766916936766e-33
(35,24): 2.9176898261985965e-32
(36,15): 1.4662513503555243e-31
(36,19): 1.2013562367308356e-33
(36,27): 2.04224614483613e-30
(37,16): 1.9065021084408143e-32
(37,30): 5.031825232360112e-32
(37,39): 8.32438152946708e-33
(37,44): 5.579140104080372e-33
(38,18): 5.832453259210821e-33
(39,19): 2.532745842220625e-34
(39,37): 8.360979811395963e-33
(39,44): 2.6840288794987824e-32
(40,17): 3.53977532218077e-33
(40,19): 8.906523823835584e-35
(40,20): 7.775591706210126e-33
(41,14): 2.1605478904254132e-32
(41,19): 8.09116271557997e-34
(41,32): 8.154852880298482e-31
(42,15): 2.0092021111362806e-32
(42,20): 1.4371723237531878e-32
(42,24): 1.1939873748862176e-32
(42,28): 1.5695693104312177e-31
(42,29): 3.638710084227438e-31
(43,15): 2.1385906022250053e-30
(43,28): 1.6706467265524925e-29
(44,18): 2.2914043623693318e-33
(44,37): 5.5970458217792726e-33
(44,39): 2.680877379144228e-32
