Interaction name: 5ung

Affinity: 9.470000267028809
Predicted value: 8.74862289428711

Attributions for edges: 

(0,4): 0.0
(0,5): 0.0
(0,7): 3.504738263416856e-38
(0,27): 0.0
(0,40): 0.0
(0,41): 0.0
(1,14): 0.0
(1,15): 0.0
(1,16): 0.0
(1,35): 0.0
(1,36): 0.0
(1,40): 0.0
(2,9): 0.0
(2,10): 0.0
(2,19): 0.0
(2,20): 1.2496565832892533e-32
(2,22): 0.0
(2,28): 0.0
(2,30): 0.0
(2,39): 4.415347547456916e-26
(3,8): 2.270112372827255e-20
(3,9): 0.0
(3,10): 0.0
(3,12): 6.803416091653931e-27
(3,13): 0.0
(3,19): 0.0
(3,20): 7.728092459051793e-35
(3,21): 6.130793782129238e-37
(3,39): 2.7305165490866555e-28
(4,0): 0.0
(4,5): 0.0
(4,7): 0.0
(4,23): 0.0
(4,24): 0.0
(4,25): 0.0
(4,27): 0.0
(4,31): 0.0
(4,34): 0.0
(4,38): 0.0
(4,40): 0.0
(4,41): 0.0
(5,0): 0.0
(5,4): 0.0
(5,7): 0.0
(5,25): 0.0
(5,27): 0.0
(5,34): 0.0
(5,40): 0.0
(5,41): 0.0
(6,9): 0.0
(6,10): 0.0
(6,19): 0.0
(6,20): 1.439333910927556e-32
(6,22): 0.0
(6,28): 0.0
(6,30): 0.0
(6,39): 5.085505532411169e-26
(7,0): 9.507871445926867e-32
(7,4): 0.0
(7,5): 1.2442464210491166e-35
(7,27): 2.7324478224169386e-33
(8,3): 2.069172946275065e-17
(8,10): 1.4533656705846557e-38
(8,21): 2.34439199676941e-26
(8,42): 1.366223571043013e-14
(8,43): 3.447558419656935e-24
(8,60): 1.4876671527896588e-15
(9,2): 0.0
(9,3): 0.0
(9,6): 0.0
(9,10): 0.0
(9,12): 0.0
(9,19): 0.0
(9,20): 0.0
(9,21): 0.0
(9,22): 0.0
(9,28): 0.0
(9,39): 0.0
(9,44): 0.0
(9,45): 0.0
(10,2): 0.0
(10,3): 0.0
(10,6): 0.0
(10,8): 0.0
(10,9): 0.0
(10,20): 0.0
(10,21): 0.0
(10,22): 0.0
(10,23): 0.0
(10,24): 0.0
(10,28): 0.0
(10,30): 0.0
(10,38): 0.0
(10,39): 0.0
(10,45): 0.0
(10,46): 0.0
(10,47): 0.0
(11,25): 0.0
(11,26): 1.8256843738962866e-31
(11,27): 0.0
(11,29): 0.0
(11,34): 0.0
(11,37): 0.0
(11,56): 4.886563871688888e-25
(11,64): 5.518819501516444e-38
(12,3): 5.362025854557224e-27
(12,9): 0.0
(12,13): 0.0
(12,19): 0.0
(12,20): 7.658045852712247e-34
(12,39): 2.7057678678187935e-27
(12,42): 2.549703758605157e-24
(12,49): 4.559722559954089e-22
(13,3): 0.0
(13,12): 0.0
(13,15): 0.0
(13,16): 0.0
(13,18): 0.0
(13,19): 0.0
(13,20): 0.0
(13,35): 0.0
(13,36): 0.0
(13,39): 0.0
(13,50): 0.0
(13,51): 0.0
(14,1): 1.1647852299443118e-33
(14,35): 3.159790560016177e-21
(14,50): 3.813124263049876e-20
(14,51): 3.8525040365873256e-17
(14,55): 3.403575401000247e-23
(14,58): 2.0374949557394606e-12
(15,1): 0.0
(15,13): 0.0
(15,16): 0.0
(15,17): 0.0
(15,18): 0.0
(15,32): 0.0
(15,33): 0.0
(15,49): 0.0
(15,58): 0.0
(16,1): 0.0
(16,13): 0.0
(16,15): 0.0
(16,17): 0.0
(16,18): 0.0
(16,32): 0.0
(16,33): 0.0
(16,36): 0.0
(16,51): 0.0
(17,15): 0.0
(17,16): 0.0
(17,18): 0.0
(17,32): 0.0
(17,33): 0.0
(17,36): 0.0
(17,50): 0.0
(17,52): 0.0
(18,13): 0.0
(18,15): 0.0
(18,16): 0.0
(18,17): 0.0
(18,32): 0.0
(18,33): 0.0
(18,36): 0.0
(18,52): 0.0
(18,53): 0.0
(19,2): 0.0
(19,3): 0.0
(19,6): 0.0
(19,9): 0.0
(19,12): 0.0
(19,13): 0.0
(19,20): 0.0
(19,35): 0.0
(19,39): 0.0
(19,50): 0.0
(19,51): 0.0
(19,53): 0.0
(19,65): 0.0
(20,2): 2.984996860301605e-35
(20,3): 8.873416481752296e-37
(20,6): 3.34020794986295e-35
(20,9): 0.0
(20,10): 0.0
(20,12): 1.115675578484227e-35
(20,13): 0.0
(20,19): 0.0
(20,35): 3.810357422746521e-37
(20,42): 4.219409421627754e-34
(21,3): 5.482745594889637e-39
(21,8): 2.3001819550110744e-31
(21,9): 0.0
(21,10): 0.0
(21,28): 0.0
(21,51): 4.060721989055627e-35
(21,54): 0.0
(21,56): 1.0884206647300423e-31
(21,57): 0.0
(21,61): 2.765965207120713e-33
(22,2): 0.0
(22,6): 0.0
(22,9): 0.0
(22,10): 0.0
(22,23): 0.0
(22,24): 0.0
(22,25): 0.0
(22,28): 0.0
(22,30): 0.0
(22,31): 0.0
(22,38): 0.0
(22,42): 0.0
(22,49): 0.0
(22,50): 0.0
(22,56): 0.0
(23,4): 0.0
(23,10): 0.0
(23,22): 0.0
(23,24): 0.0
(23,25): 0.0
(23,27): 0.0
(23,28): 0.0
(23,29): 0.0
(23,30): 0.0
(23,31): 0.0
(23,37): 0.0
(23,38): 0.0
(23,48): 0.0
(23,51): 0.0
(23,59): 0.0
(23,61): 0.0
(24,4): 0.0
(24,10): 0.0
(24,22): 0.0
(24,23): 0.0
(24,25): 0.0
(24,27): 0.0
(24,28): 0.0
(24,29): 0.0
(24,30): 0.0
(24,31): 0.0
(24,37): 0.0
(24,58): 0.0
(24,63): 0.0
(25,4): 0.0
(25,5): 0.0
(25,11): 0.0
(25,22): 0.0
(25,23): 0.0
(25,24): 0.0
(25,26): 0.0
(25,27): 0.0
(25,29): 0.0
(25,30): 0.0
(25,31): 0.0
(25,34): 0.0
(25,37): 0.0
(25,38): 0.0
(25,49): 0.0
(26,11): 2.740458568094611e-30
(26,25): 0.0
(26,27): 0.0
(26,29): 5.543656900225277e-37
(26,31): 0.0
(26,34): 8.640180107196403e-34
(26,37): 4.760869670265347e-34
(26,62): 1.618221258370226e-29
(27,0): 0.0
(27,4): 0.0
(27,5): 0.0
(27,7): 4.746549624582701e-39
(27,11): 0.0
(27,23): 0.0
(27,24): 0.0
(27,25): 0.0
(27,26): 0.0
(27,29): 0.0
(27,31): 0.0
(27,34): 0.0
(27,37): 0.0
(27,38): 0.0
(27,58): 3.4728920182049785e-37
(28,2): 0.0
(28,6): 0.0
(28,9): 0.0
(28,10): 0.0
(28,21): 0.0
(28,22): 0.0
(28,23): 0.0
(28,24): 0.0
(28,30): 0.0
(28,31): 0.0
(28,38): 0.0
(28,49): 0.0
(28,56): 0.0
(28,61): 0.0
(29,11): 0.0
(29,23): 0.0
(29,24): 0.0
(29,25): 0.0
(29,26): 0.0
(29,27): 0.0
(29,31): 0.0
(29,34): 0.0
(29,38): 0.0
(29,61): 5.383195894633599e-35
(29,63): 0.0
(30,2): 0.0
(30,6): 0.0
(30,10): 0.0
(30,22): 0.0
(30,23): 0.0
(30,24): 0.0
(30,25): 0.0
(30,28): 0.0
(30,31): 0.0
(30,38): 0.0
(30,48): 0.0
(31,4): 0.0
(31,22): 0.0
(31,23): 0.0
(31,24): 0.0
(31,25): 0.0
(31,26): 0.0
(31,27): 0.0
(31,28): 0.0
(31,29): 0.0
(31,30): 0.0
(31,34): 0.0
(31,37): 0.0
(31,38): 0.0
(31,61): 0.0
(31,62): 0.0
(32,15): 0.0
(32,16): 0.0
(32,17): 0.0
(32,18): 0.0
(32,33): 0.0
(32,36): 0.0
(32,65): 0.0
(33,15): 0.0
(33,16): 0.0
(33,17): 0.0
(33,18): 0.0
(33,32): 0.0
(33,36): 0.0
(33,52): 0.0
(34,4): 0.0
(34,5): 0.0
(34,11): 0.0
(34,25): 0.0
(34,26): 8.402051067439028e-36
(34,27): 0.0
(34,29): 0.0
(34,31): 0.0
(34,37): 0.0
(34,58): 3.2729039215210373e-28
(34,59): 0.0
(35,1): 3.35622125331182e-37
(35,13): 0.0
(35,14): 1.3794057432585754e-20
(35,19): 0.0
(35,20): 1.5576875310825411e-31
(35,39): 5.5527702181758085e-25
(36,1): 0.0
(36,13): 0.0
(36,16): 0.0
(36,17): 0.0
(36,18): 0.0
(36,32): 0.0
(36,33): 0.0
(37,11): 0.0
(37,23): 0.0
(37,24): 0.0
(37,25): 0.0
(37,26): 3.590975964573439e-36
(37,27): 0.0
(37,31): 0.0
(37,34): 0.0
(37,38): 0.0
(38,4): 0.0
(38,10): 0.0
(38,22): 0.0
(38,23): 0.0
(38,25): 0.0
(38,27): 0.0
(38,28): 0.0
(38,29): 0.0
(38,30): 0.0
(38,31): 0.0
(38,37): 0.0
(39,2): 3.602243190170353e-27
(39,3): 1.0708246324284592e-28
(39,6): 4.0308900993588315e-27
(39,9): 0.0
(39,10): 0.0
(39,12): 1.3463680314250486e-27
(39,13): 0.0
(39,19): 0.0
(39,35): 4.598291955467525e-29
(40,0): 0.0
(40,1): 0.0
(40,4): 0.0
(40,5): 0.0
(40,41): 1.5628336295370251e-34
(41,0): 9.96816240986633e-38
(41,4): 0.0
(41,5): 0.0
(41,40): 1.0636618149658479e-31
(42,8): 2.7623884082950134e-12
(42,12): 6.045777277161527e-19
(42,20): 4.776513106956372e-27
(42,22): 0.0
(42,43): 1.0035521739160301e-26
(42,45): 8.411577030831864e-21
(42,53): 1.738033059284002e-29
(43,8): 8.084498830635886e-19
(43,42): 1.163916224024475e-23
(43,57): 6.435669136718195e-35
(44,9): 0.0
(44,45): 1.6612003040276755e-25
(44,47): 9.949024277201484e-29
(45,9): 3.2030418429562827e-37
(45,10): 0.0
(45,42): 7.400888855076391e-19
(45,44): 1.9681905481197272e-26
(45,53): 3.2343858718242533e-31
(46,10): 0.0
(46,60): 6.730069625229539e-23
(47,10): 0.0
(47,44): 7.953687428737178e-29
(48,23): 0.0
(48,30): 2.647190686878469e-38
(48,63): 9.02016060099e-24
(49,12): 3.28298323911236e-20
(49,15): 0.0
(49,22): 0.0
(49,25): 1.6219033401351623e-38
(49,28): 0.0
(49,55): 1.276601454461223e-23
(50,13): 0.0
(50,14): 7.888644485267139e-18
(50,17): 0.0
(50,19): 0.0
(50,22): 0.0
(51,13): 0.0
(51,14): 3.295607760094024e-19
(51,16): 0.0
(51,19): 0.0
(51,21): 6.293291125771314e-32
(51,23): 0.0
(52,17): 0.0
(52,18): 0.0
(52,33): 7.086899388026429e-38
(53,18): 0.0
(53,19): 0.0
(53,42): 1.8303063208681243e-25
(53,45): 3.871263632964173e-29
(54,21): 0.0
(54,55): 6.724946357841059e-35
(55,14): 2.5443760279522595e-19
(55,49): 2.4883778650363744e-18
(55,54): 2.4150070219872543e-38
(55,57): 1.0510372407368867e-31
(56,11): 6.207511374651078e-22
(56,21): 3.0361361126891467e-27
(56,22): 0.0
(56,28): 1.1686410204228141e-38
(56,60): 1.6540687340414566e-16
(56,62): 5.161211203483089e-21
(57,21): 1.820504522991232e-37
(57,43): 7.080722235703776e-35
(57,55): 2.6573597691298972e-30
(58,14): 7.03928929035591e-12
(58,15): 0.0
(58,24): 1.3843252385141863e-33
(58,27): 2.746947673069342e-30
(58,34): 4.398945891711826e-23
(59,23): 0.0
(59,34): 9.559680257413406e-35
(60,8): 2.750293048858765e-11
(60,46): 6.466960216422451e-24
(60,56): 1.2108175573288804e-11
(61,21): 1.4725273628051972e-26
(61,23): 4.504466346560417e-38
(61,28): 5.66795633395822e-38
(61,29): 6.090169892351484e-28
(61,31): 2.952324481261643e-36
(62,26): 6.323358362751395e-21
(62,31): 0.0
(62,56): 2.313149908975739e-14
(63,24): 0.0
(63,29): 2.2181208119296056e-32
(63,48): 1.0247103577011922e-23
(64,11): 2.1781124150115158e-28
(65,19): 0.0
(65,32): 0.0
