Interaction name: 5evb

Affinity: 5.0
Predicted value: 6.284754753112793

Attributions for edges: 

(0,1): 0.5237946510314941
(0,2): 0.48215600848197937
(0,3): 0.3474455177783966
(0,8): 0.5711373090744019
(1,0): 0.47153761982917786
(1,2): 0.43669724464416504
(1,3): 0.46518853306770325
(1,5): 0.2876794934272766
(1,8): 0.6644983887672424
(2,0): 0.4393492639064789
(2,1): 0.4063322842121124
(2,4): 0.4883916974067688
(2,5): 0.5644641518592834
(2,7): 0.3540462255477905
(2,8): 0.4107040762901306
(2,9): 0.6860841512680054
(3,0): 0.5134257674217224
(3,1): 0.4731328785419464
(3,4): 0.5290773510932922
(3,5): 0.48043784499168396
(3,7): 0.4097769558429718
(3,8): 0.4641208350658417
(3,9): 0.6491932272911072
(4,2): 0.5288416743278503
(4,3): 0.4718627631664276
(4,5): 0.4315822124481201
(4,7): 0.45810920000076294
(4,8): 0.5190086364746094
(4,9): 0.35855671763420105
(4,12): 0.4790676236152649
(4,15): 0.45542046427726746
(5,1): 0.31720468401908875
(5,2): 0.5251489877700806
(5,3): 0.47501644492149353
(5,4): 0.38008353114128113
(5,6): 0.6447423100471497
(5,9): 0.5628990530967712
(5,13): 0.5220605731010437
(6,5): 0.44314250349998474
(6,9): 0.4937620162963867
(6,14): 0.5584991574287415
(7,2): 0.49179983139038086
(7,3): 0.463806688785553
(7,4): 0.473636269569397
(7,8): 0.4446730315685272
(7,10): 0.4812854528427124
(7,11): 0.2705719470977783
(8,0): 0.4138081967830658
(8,1): 0.3999277651309967
(8,2): 0.1865409016609192
(8,3): 0.5346425771713257
(8,4): 0.46316683292388916
(8,7): 0.3978038728237152
(8,13): 0.3424653112888336
(8,14): 0.5559725761413574
(9,2): 0.4715374708175659
(9,3): 0.6491181254386902
(9,4): 0.373984158039093
(9,5): 0.5335665941238403
(9,6): 0.45528826117515564
(9,13): 0.4812576174736023
(10,7): 0.5104780197143555
(10,11): 0.4314011037349701
(11,7): 0.5597884058952332
(11,10): 0.47031277418136597
(11,12): 0.4924587905406952
(12,4): 0.5629342198371887
(12,11): 0.519243597984314
(13,5): 0.3646141588687897
(13,8): 0.4277348816394806
(13,9): 0.5569246411323547
(14,6): 0.4461180865764618
(14,8): 0.4641200602054596
(14,15): 0.35008546710014343
(15,4): 0.41245684027671814
(15,14): 0.5200954675674438
