Interaction name: 2pmk

Affinity: 5.920000076293945
Predicted value: 6.15370512008667

Attributions for edges: 

(0,1): 0.5074859857559204
(0,2): 0.4815288484096527
(0,4): 0.4035763144493103
(0,5): 0.538149893283844
(0,24): 0.4729539453983307
(0,25): 0.45640280842781067
(0,27): 0.47102871537208557
(0,35): 0.36427533626556396
(0,36): 0.5603187084197998
(0,37): 0.4557466506958008
(0,38): 0.4367828071117401
(0,39): 0.5311955213546753
(0,40): 0.5297980308532715
(0,42): 0.40763118863105774
(1,0): 0.44097891449928284
(1,2): 0.5739161968231201
(1,3): 0.499700665473938
(1,4): 0.4776466488838196
(1,5): 0.5101807117462158
(1,23): 0.48018163442611694
(1,25): 0.44026991724967957
(1,26): 0.47041258215904236
(1,27): 0.5495672225952148
(1,35): 0.5094906091690063
(1,36): 0.47584420442581177
(1,37): 0.45108428597450256
(1,40): 0.4650725722312927
(1,41): 0.5009412169456482
(2,0): 0.4108514189720154
(2,1): 0.4812139868736267
(2,5): 0.46718597412109375
(2,23): 0.38263535499572754
(2,24): 0.5045645236968994
(2,36): 0.47779399156570435
(2,37): 0.42103850841522217
(2,38): 0.5463826060295105
(2,39): 0.5777358412742615
(2,40): 0.503451406955719
(3,1): 0.45974498987197876
(3,4): 0.48992639780044556
(3,5): 0.5294410586357117
(3,6): 0.48866742849349976
(3,24): 0.4685412049293518
(3,27): 0.4760187566280365
(3,28): 0.46025583148002625
(3,41): 0.4786297082901001
(3,42): 0.3530021607875824
(4,0): 0.44504570960998535
(4,1): 0.43564894795417786
(4,3): 0.2921513020992279
(4,5): 0.5149529576301575
(4,6): 0.4724217653274536
(4,23): 0.4320027530193329
(4,24): 0.3963959217071533
(4,26): 0.5265282988548279
(4,28): 0.4783969223499298
(4,35): 0.550388514995575
(4,36): 0.4182148277759552
(4,40): 0.510242760181427
(4,41): 0.4642193913459778
(4,42): 0.4841139316558838
(5,0): 0.500194787979126
(5,1): 0.45336446166038513
(5,2): 0.5307709574699402
(5,3): 0.47429847717285156
(5,4): 0.48981791734695435
(5,6): 0.5347060561180115
(5,23): 0.5031383037567139
(5,24): 0.4097629487514496
(5,25): 0.45146048069000244
(5,26): 0.5269559621810913
(5,27): 0.45984846353530884
(5,28): 0.4740482568740845
(5,36): 0.4036364257335663
(5,37): 0.43984127044677734
(5,40): 0.5022231936454773
(5,41): 0.5129047632217407
(5,42): 0.486034631729126
(6,3): 0.4388037621974945
(6,4): 0.4552127718925476
(6,5): 0.48524123430252075
(6,7): 0.4546864628791809
(6,26): 0.4903910756111145
(6,27): 0.4470025897026062
(6,28): 0.5014119744300842
(6,29): 0.5306084156036377
(6,30): 0.42960354685783386
(6,32): 0.4332442283630371
(6,33): 0.4731391668319702
(6,36): 0.4570179283618927
(6,37): 0.44210150837898254
(6,40): 0.4533191919326782
(6,41): 0.5204960703849792
(6,42): 0.41901838779449463
(7,6): 0.528484582901001
(7,8): 0.5961453914642334
(7,9): 0.5294763445854187
(7,10): 0.3443416655063629
(7,12): 0.40968066453933716
(7,21): 0.4430054724216461
(7,28): 0.5194798111915588
(7,29): 0.5406039953231812
(7,30): 0.5535354018211365
(7,32): 0.5216328501701355
(7,33): 0.46304425597190857
(7,40): 0.4911993443965912
(7,41): 0.44065213203430176
(8,7): 0.5097489953041077
(8,9): 0.5066835880279541
(8,13): 0.4651036262512207
(8,15): 0.4370238482952118
(8,16): 0.4727664589881897
(8,21): 0.439380943775177
(8,28): 0.4714045524597168
(8,29): 0.4517478048801422
(8,30): 0.47604888677597046
(8,31): 0.47209909558296204
(8,32): 0.4654725193977356
(8,33): 0.45453909039497375
(8,36): 0.4919268488883972
(8,37): 0.5474668741226196
(8,38): 0.5052840113639832
(8,40): 0.43915823101997375
(8,41): 0.4425830841064453
(9,7): 0.4326765239238739
(9,8): 0.5248767733573914
(9,13): 0.41662469506263733
(9,15): 0.3921887278556824
(9,16): 0.46758711338043213
(9,21): 0.473434180021286
(9,29): 0.44187095761299133
(9,30): 0.5565411448478699
(9,31): 0.5716094374656677
(9,32): 0.5377662181854248
(9,33): 0.5212796330451965
(9,40): 0.3735434412956238
(9,41): 0.45295798778533936
(10,7): 0.48063337802886963
(10,11): 0.40995150804519653
(10,12): 0.4741428792476654
(10,22): 0.5152919292449951
(10,30): 0.48979824781417847
(10,40): 0.49658578634262085
(11,10): 0.4867679178714752
(11,12): 0.4642307162284851
(11,22): 0.5630174875259399
(11,34): 0.5005683898925781
(12,7): 0.4856710731983185
(12,10): 0.37635597586631775
(12,11): 0.462576687335968
(12,30): 0.4756885766983032
(12,34): 0.5025641322135925
(13,8): 0.5358209609985352
(13,9): 0.489680677652359
(13,16): 0.47103914618492126
(13,17): 0.4749206006526947
(13,31): 0.4622292220592499
(13,32): 0.46194449067115784
(13,33): 0.47503969073295593
(13,36): 0.5667742490768433
(13,37): 0.4224637746810913
(13,38): 0.4156723916530609
(13,40): 0.4810945987701416
(13,41): 0.5399999022483826
(13,42): 0.34707069396972656
(14,18): 0.4538809657096863
(14,19): 0.5454676151275635
(15,8): 0.5054583549499512
(15,9): 0.4839179813861847
(15,20): 0.5087300539016724
(15,21): 0.5059707164764404
(15,30): 0.5127330422401428
(15,31): 0.5376785397529602
(15,32): 0.38473910093307495
(15,33): 0.43043217062950134
(15,41): 0.4366322159767151
(16,8): 0.5321701169013977
(16,9): 0.43484440445899963
(16,13): 0.40449273586273193
(16,17): 0.5268394351005554
(16,31): 0.40959644317626953
(16,32): 0.4666818380355835
(16,33): 0.4723413586616516
(16,36): 0.543108344078064
(16,37): 0.4650629460811615
(16,38): 0.4888273775577545
(16,40): 0.49090108275413513
(16,41): 0.5628600716590881
(16,42): 0.39405471086502075
(17,13): 0.37993109226226807
(17,16): 0.47361209988594055
(17,31): 0.4614386558532715
(17,37): 0.38067367672920227
(17,40): 0.5527006983757019
(17,42): 0.4143890142440796
(18,14): 0.5883180499076843
(18,19): 0.45172250270843506
(19,14): 0.49405544996261597
(19,18): 0.48217207193374634
(20,15): 0.4683680236339569
(20,21): 0.47198858857154846
(20,31): 0.457649827003479
(20,41): 0.4668327867984772
(21,7): 0.43182551860809326
(21,8): 0.4059894382953644
(21,9): 0.4754149913787842
(21,15): 0.447844535112381
(21,20): 0.42286133766174316
(21,29): 0.4487886130809784
(21,30): 0.4541507661342621
(21,31): 0.43343767523765564
(21,32): 0.48265379667282104
(21,33): 0.4557326138019562
(21,40): 0.4986765384674072
(21,41): 0.44400614500045776
(22,10): 0.44516101479530334
(22,11): 0.47312864661216736
(22,34): 0.47195878624916077
(22,37): 0.4250766634941101
(23,1): 0.517211377620697
(23,2): 0.5919910669326782
(23,4): 0.35104799270629883
(23,5): 0.4763656258583069
(23,24): 0.5199764966964722
(23,25): 0.3888232111930847
(23,27): 0.36463049054145813
(24,0): 0.41882428526878357
(24,2): 0.46167829632759094
(24,3): 0.4211556315422058
(24,4): 0.4121297001838684
(24,5): 0.4428583085536957
(24,23): 0.5159880518913269
(24,25): 0.5266974568367004
(24,26): 0.56455397605896
(24,27): 0.3903954327106476
(25,0): 0.4564516544342041
(25,1): 0.5872559547424316
(25,5): 0.5034984946250916
(25,23): 0.4284454882144928
(25,24): 0.4301564395427704
(26,1): 0.46117904782295227
(26,4): 0.5858269929885864
(26,5): 0.3430921137332916
(26,6): 0.4534195363521576
(26,24): 0.5026366710662842
(26,27): 0.46922749280929565
(26,28): 0.4772162139415741
(27,0): 0.4432447850704193
(27,1): 0.41406282782554626
(27,3): 0.471007764339447
(27,5): 0.45762017369270325
(27,6): 0.5303966403007507
(27,23): 0.38326120376586914
(27,24): 0.4637417495250702
(27,26): 0.49789223074913025
(27,28): 0.5343450307846069
(28,3): 0.4216481149196625
(28,4): 0.4747052788734436
(28,5): 0.5862735509872437
(28,6): 0.4395233988761902
(28,7): 0.565752387046814
(28,8): 0.46462082862854004
(28,26): 0.4988970160484314
(28,27): 0.4055785834789276
(28,29): 0.4649829566478729
(28,30): 0.5454986095428467
(28,32): 0.5642625689506531
(28,33): 0.49286583065986633
(28,44): 0.5008938908576965
(29,6): 0.5950061082839966
(29,7): 0.5257465243339539
(29,8): 0.5083453059196472
(29,9): 0.5290755033493042
(29,21): 0.5371628403663635
(29,28): 0.5621321201324463
(29,30): 0.4186297357082367
(29,31): 0.5128317475318909
(29,32): 0.5862729549407959
(29,33): 0.45153528451919556
(29,45): 0.4774509072303772
(29,46): 0.47117090225219727
(30,6): 0.5320990681648254
(30,7): 0.5490940809249878
(30,8): 0.5053228139877319
(30,9): 0.4802577793598175
(30,10): 0.5785355567932129
(30,12): 0.5149630904197693
(30,15): 0.5999651551246643
(30,21): 0.4146154820919037
(30,28): 0.5276362895965576
(30,29): 0.4532873034477234
(30,31): 0.5019853115081787
(30,32): 0.48762375116348267
(30,33): 0.4772363603115082
(30,45): 0.48382553458213806
(30,46): 0.3691307604312897
(31,8): 0.46508800983428955
(31,9): 0.37366384267807007
(31,13): 0.42000874876976013
(31,15): 0.49303188920021057
(31,16): 0.45951035618782043
(31,17): 0.44436633586883545
(31,20): 0.4373665750026703
(31,21): 0.43193644285202026
(31,29): 0.4927891194820404
(31,30): 0.4299538731575012
(31,32): 0.4892633557319641
(31,33): 0.5412649512290955
(32,6): 0.5127286314964294
(32,7): 0.49944552779197693
(32,8): 0.5570064783096313
(32,9): 0.44728001952171326
(32,13): 0.512027382850647
(32,15): 0.4810155928134918
(32,16): 0.49024030566215515
(32,21): 0.5158146023750305
(32,28): 0.5527437329292297
(32,29): 0.4589385986328125
(32,30): 0.444851815700531
(32,31): 0.4148021340370178
(32,33): 0.5638666749000549
(33,6): 0.5182169675827026
(33,7): 0.4291820526123047
(33,8): 0.5898672938346863
(33,9): 0.5028164982795715
(33,13): 0.47305527329444885
(33,15): 0.42506858706474304
(33,16): 0.4303897023200989
(33,21): 0.5443716645240784
(33,28): 0.45333945751190186
(33,29): 0.48393240571022034
(33,30): 0.43583542108535767
(33,31): 0.5022487044334412
(33,32): 0.4090389311313629
(34,11): 0.4990692138671875
(34,12): 0.48048484325408936
(34,22): 0.535535454750061
(34,47): 0.5818161368370056
(35,0): 0.4254300594329834
(35,1): 0.6037947535514832
(35,4): 0.3355422019958496
(35,39): 0.5774927139282227
(36,0): 0.4144357740879059
(36,1): 0.4154619574546814
(36,2): 0.5251730680465698
(36,4): 0.4085133671760559
(36,5): 0.5356755256652832
(36,6): 0.5154352188110352
(36,8): 0.42775416374206543
(36,13): 0.48647716641426086
(36,16): 0.38536134362220764
(36,37): 0.4690541625022888
(36,38): 0.435457319021225
(36,41): 0.4305133521556854
(37,0): 0.43238088488578796
(37,1): 0.44243618845939636
(37,2): 0.4975978434085846
(37,5): 0.4768541157245636
(37,6): 0.48260438442230225
(37,8): 0.4760347902774811
(37,13): 0.5062767267227173
(37,16): 0.5982982516288757
(37,17): 0.4808964729309082
(37,22): 0.5364698767662048
(37,36): 0.4138004779815674
(37,41): 0.49268779158592224
(38,0): 0.3597380518913269
(38,2): 0.47687357664108276
(38,8): 0.48855486512184143
(38,13): 0.5465293526649475
(38,16): 0.5026694536209106
(38,36): 0.5003687739372253
(39,0): 0.45155054330825806
(39,2): 0.45857030153274536
(39,35): 0.5922742486000061
(40,0): 0.39891746640205383
(40,1): 0.3988972306251526
(40,2): 0.40809062123298645
(40,4): 0.49637871980667114
(40,5): 0.5304601192474365
(40,6): 0.43962806463241577
(40,7): 0.4406096339225769
(40,8): 0.5050449371337891
(40,9): 0.46395525336265564
(40,10): 0.5217231512069702
(40,13): 0.536211371421814
(40,16): 0.4841461777687073
(40,17): 0.4125235974788666
(40,21): 0.49646028876304626
(41,1): 0.39581528306007385
(41,3): 0.3839447796344757
(41,4): 0.4167955815792084
(41,5): 0.494208961725235
(41,6): 0.4907836616039276
(41,7): 0.46938782930374146
(41,8): 0.4457523822784424
(41,9): 0.48215678334236145
(41,13): 0.4874732792377472
(41,15): 0.5394270420074463
(41,16): 0.4354715943336487
(41,20): 0.48010942339897156
(41,21): 0.42392057180404663
(41,36): 0.4300001561641693
(41,37): 0.5284468531608582
(41,42): 0.4387120008468628
(42,0): 0.47945159673690796
(42,3): 0.5123318433761597
(42,4): 0.5362175703048706
(42,5): 0.5086340308189392
(42,6): 0.46612048149108887
(42,13): 0.4444386959075928
(42,16): 0.5029470920562744
(42,17): 0.5086768865585327
(42,41): 0.5210843086242676
(42,44): 0.495303213596344
(42,46): 0.5570991635322571
(44,28): 0.42239245772361755
(44,42): 0.48403823375701904
(44,45): 0.6414794921875
(45,29): 0.4803580641746521
(45,30): 0.46306920051574707
(45,44): 0.44547557830810547
(46,29): 0.45342522859573364
(46,30): 0.43832382559776306
(46,42): 0.49363359808921814
(46,47): 0.5428473949432373
(47,34): 0.49231359362602234
(47,46): 0.4041728377342224
