Interaction name: 5k0j

Affinity: 7.119999885559082
Predicted value: 6.927716255187988

Attributions for edges: 

(0,5): 0.5024165511131287
(0,9): 0.5243647694587708
(0,10): 0.39063867926597595
(0,16): 0.48901230096817017
(1,3): 0.371913880109787
(1,4): 0.44058531522750854
(1,11): 0.5341412425041199
(2,6): 0.6536575555801392
(2,7): 0.34945616126060486
(2,8): 0.4901987314224243
(2,12): 0.5640273690223694
(2,13): 0.5375105738639832
(2,14): 0.5071783065795898
(3,1): 0.4540262520313263
(3,4): 0.5188004374504089
(3,5): 0.4308004379272461
(3,9): 0.6143679022789001
(4,1): 0.6333954334259033
(4,3): 0.5377184748649597
(4,6): 0.41062822937965393
(4,7): 0.456338107585907
(4,11): 0.4518713355064392
(4,12): 0.5712417364120483
(4,13): 0.4298500418663025
(4,17): 0.4922151267528534
(4,21): 0.516846239566803
(5,0): 0.4492928385734558
(5,3): 0.49273982644081116
(5,9): 0.48319530487060547
(5,15): 0.4943516254425049
(5,17): 0.49374762177467346
(5,18): 0.5471723675727844
(5,19): 0.4075547456741333
(5,21): 0.6262969970703125
(5,24): 0.5241826772689819
(6,2): 0.4488394260406494
(6,4): 0.3860965371131897
(6,7): 0.44553738832473755
(6,8): 0.40121644735336304
(6,11): 0.41624292731285095
(6,12): 0.46188440918922424
(6,13): 0.3977252244949341
(6,14): 0.514266312122345
(6,22): 0.5827322602272034
(6,24): 0.4453442692756653
(6,25): 0.551679790019989
(7,2): 0.4270657002925873
(7,4): 0.45421597361564636
(7,6): 0.45167627930641174
(7,8): 0.5848132967948914
(7,11): 0.5771629214286804
(7,12): 0.5663220286369324
(7,13): 0.45192956924438477
(7,14): 0.48839271068573
(7,21): 0.47005757689476013
(8,2): 0.5633849501609802
(8,6): 0.6005812883377075
(8,7): 0.36472004652023315
(8,14): 0.39258408546447754
(8,24): 0.5552846789360046
(8,26): 0.48349079489707947
(9,0): 0.45113441348075867
(9,3): 0.583244264125824
(9,5): 0.4836638569831848
(9,10): 0.480951726436615
(9,15): 0.4536922872066498
(9,19): 0.5248985886573792
(9,20): 0.5729097723960876
(9,21): 0.5111660361289978
(9,22): 0.6562804579734802
(9,24): 0.4947046637535095
(9,25): 0.4905948042869568
(10,0): 0.4524090886116028
(10,9): 0.3875344395637512
(10,15): 0.37300556898117065
(10,19): 0.43483901023864746
(10,20): 0.6906843781471252
(10,21): 0.6277213096618652
(10,23): 0.5224764943122864
(10,24): 0.52572101354599
(11,1): 0.3721492290496826
(11,4): 0.485595166683197
(11,6): 0.35920068621635437
(11,7): 0.4580756723880768
(11,12): 0.4146635830402374
(11,13): 0.4460771381855011
(11,14): 0.5978137254714966
(11,26): 0.43776026368141174
(12,2): 0.40980830788612366
(12,4): 0.3911442458629608
(12,6): 0.44548508524894714
(12,7): 0.44840413331985474
(12,11): 0.5058873891830444
(12,13): 0.5412470698356628
(12,14): 0.5515876412391663
(12,26): 0.585931658744812
(13,2): 0.5111552476882935
(13,4): 0.6003983020782471
(13,6): 0.32880693674087524
(13,7): 0.5122185945510864
(13,11): 0.4757198691368103
(13,12): 0.43303483724594116
(13,14): 0.5226302742958069
(13,21): 0.5538296699523926
(14,2): 0.5052104592323303
(14,6): 0.4932379424571991
(14,7): 0.4318569004535675
(14,8): 0.39415207505226135
(14,11): 0.37598690390586853
(14,12): 0.4604964554309845
(14,13): 0.43002060055732727
(15,5): 0.4587569832801819
(15,9): 0.44583138823509216
(15,10): 0.42153698205947876
(16,0): 0.4292955994606018
(16,19): 0.41114088892936707
(17,4): 0.500287652015686
(17,5): 0.4515770971775055
(18,5): 0.5438332557678223
(18,20): 0.6609320044517517
(19,5): 0.39200761914253235
(19,9): 0.49153539538383484
(19,10): 0.5837267637252808
(19,16): 0.44511064887046814
(20,9): 0.6005216836929321
(20,10): 0.4290146827697754
(20,18): 0.5936405658721924
(21,4): 0.5261756181716919
(21,5): 0.4056147634983063
(21,7): 0.6148201823234558
(21,9): 0.4911045432090759
(21,10): 0.5754315853118896
(21,13): 0.41174840927124023
(22,6): 0.49370139837265015
(22,9): 0.480794757604599
(22,23): 0.4182557761669159
(22,24): 0.5654670596122742
(23,10): 0.4657568037509918
(23,22): 0.637413501739502
(24,5): 0.48765963315963745
(24,6): 0.4822967052459717
(24,8): 0.48562508821487427
(24,9): 0.6939675807952881
(24,10): 0.4631847143173218
(24,22): 0.4981059432029724
(25,6): 0.5279453992843628
(25,9): 0.5650006532669067
(25,26): 0.5097867846488953
(26,8): 0.45056024193763733
(26,11): 0.550734281539917
(26,12): 0.45345693826675415
(26,25): 0.44987592101097107
