Interaction name: 5o3q

Affinity: 5.679999828338623
Predicted value: 6.333422660827637

Attributions for edges: 

(0,1): 4.708875615193411e-24
(0,2): 5.141552016641294e-24
(0,4): 4.8712862983603126e-24
(0,12): 8.567754393872086e-24
(0,13): 1.809225073207934e-24
(0,15): 5.617584607870577e-24
(0,18): 1.1841854330599726e-24
(1,0): 4.70837232193588e-24
(1,2): 4.893785400238121e-24
(1,4): 4.636525631701518e-24
(1,11): 8.320831464207047e-24
(1,13): 1.7220399687476816e-24
(1,14): 3.966738546958187e-24
(1,15): 5.3468581948209465e-24
(1,18): 1.12711627694789e-24
(2,0): 5.142670226974445e-24
(2,1): 4.895372588379426e-24
(2,3): 3.1173909429684487e-24
(2,4): 5.064196316275322e-24
(2,11): 9.088374981186271e-24
(2,12): 8.90708370111381e-24
(2,13): 1.8808798730271006e-24
(2,14): 4.332628406448249e-24
(2,15): 5.840071387705038e-24
(2,18): 1.2310762127348279e-24
(3,2): 3.111735401923693e-24
(3,4): 2.9481781094310523e-24
(3,5): 7.430824687263247e-25
(3,9): 3.543479961427284e-24
(3,13): 1.0949669410088997e-24
(3,14): 2.5222782203742435e-24
(3,15): 3.399836673626043e-24
(3,16): 4.28521939446247e-26
(3,17): 2.309412979785537e-24
(3,19): 2.259721398770501e-25
(4,0): 4.8726242064555674e-24
(4,1): 4.638312401651844e-24
(4,2): 5.064505155319716e-24
(4,3): 2.9536942193108102e-24
(4,5): 1.2093946665776678e-24
(4,9): 5.767190500823932e-24
(4,11): 8.611070746177772e-24
(4,12): 8.439365703825556e-24
(4,13): 1.7821135016172984e-24
(4,14): 4.105118160369341e-24
(4,15): 5.533382778138644e-24
(4,16): 6.974381509114768e-26
(4,17): 3.758670961179808e-24
(5,3): 7.407899896319459e-25
(5,4): 1.2034074095222667e-24
(5,14): 1.0295643569016755e-24
(5,15): 1.3877736694032798e-24
(5,16): 1.749176414108735e-26
(5,17): 9.42679019585407e-25
(5,18): 2.925412273959666e-25
(5,19): 9.223989094782754e-26
(5,20): 1.2213741110691278e-25
(6,7): 1.8054104869969314e-26
(6,8): 2.7882325672891594e-26
(6,10): 1.0078912940807345e-26
(6,16): 3.840936014129907e-27
(6,19): 2.0254453638784487e-26
(6,20): 2.681948967750183e-26
(7,6): 1.806354192669681e-26
(7,8): 3.42631534457761e-26
(7,10): 1.2385361960630789e-26
(7,18): 7.893820464565234e-26
(7,19): 2.4889469057912718e-26
(7,20): 3.295709252808165e-26
(8,6): 2.793928697692679e-26
(8,7): 3.431495017607243e-26
(8,16): 7.30036379520417e-27
(8,17): 3.934365864775406e-25
(8,18): 1.220950221592088e-25
(8,19): 3.8497099346589533e-26
(8,20): 5.097547987167434e-26
(9,3): 3.5512336752647015e-24
(9,4): 5.7689729320392786e-24
(9,14): 4.935593450493024e-24
(9,15): 6.65277482492545e-24
(9,16): 8.385316553777693e-26
(9,17): 4.519059509748678e-24
(10,6): 1.0068153155394043e-26
(10,7): 1.236567587511124e-26
(10,22): 5.371709815503592e-27
(11,1): 8.338403340870845e-24
(11,2): 9.104545840882397e-24
(11,4): 8.625996783365459e-24
(11,12): 1.5171644297361895e-23
(11,13): 3.203759181961345e-24
(11,15): 9.947492627487172e-24
(12,0): 8.585028869974616e-24
(12,2): 8.923101521794322e-24
(12,4): 8.454059027046203e-24
(12,11): 1.517187622246803e-23
(12,13): 3.1398999056075724e-24
(12,14): 7.232795060680966e-24
(12,15): 9.749214016681681e-24
(13,0): 1.804648102235842e-24
(13,1): 1.7178605836718207e-24
(13,2): 1.875706917641114e-24
(13,3): 1.0939440842376675e-24
(13,4): 1.777110151325934e-24
(13,11): 3.1892486772554832e-24
(13,12): 3.1256309895539347e-24
(13,14): 1.5203907525094077e-24
(13,15): 2.049369715544862e-24
(13,16): 2.5830647910575427e-26
(13,17): 1.3920790750087498e-24
(13,23): 7.542255357689757e-26
(14,1): 3.96626917471958e-24
(14,2): 4.3307110800181094e-24
(14,3): 2.5257346144304693e-24
(14,4): 4.1030671220157664e-24
(14,5): 1.0341738683861082e-24
(14,9): 4.931584459372691e-24
(14,12): 7.216561880973328e-24
(14,13): 1.5239037473355831e-24
(14,15): 4.731635830030847e-24
(14,16): 5.963866096966207e-26
(14,17): 3.2140910904522507e-24
(14,24): 7.123862638785581e-25
(15,0): 5.621700095213115e-24
(15,1): 5.35136732375519e-24
(15,2): 5.84310258573335e-24
(15,3): 3.407783263954787e-24
(15,4): 5.535937898610655e-24
(15,5): 1.3953219835825002e-24
(15,9): 6.653790088910469e-24
(15,11): 9.934940272763295e-24
(15,12): 9.736725559691127e-24
(15,13): 2.0560807524808034e-24
(15,14): 4.736222661764255e-24
(15,16): 8.046564889933817e-26
(15,17): 4.336530506915925e-24
(16,3): 4.238947463841809e-26
(16,4): 6.886189325101388e-26
(16,5): 1.7356437517987015e-26
(16,6): 3.830605325908214e-27
(16,8): 7.26594049375017e-27
(16,9): 8.276661441142396e-26
(16,13): 2.5575622430315492e-26
(16,14): 5.891395664274849e-26
(16,15): 7.941117606213892e-26
(16,17): 5.39419758983184e-26
(16,23): 2.9225763498202755e-27
(16,25): 1.1856566405444683e-28
(17,3): 2.3109993790659366e-24
(17,4): 3.754214291495762e-24
(17,5): 9.462458541683638e-25
(17,8): 3.961262323857949e-25
(17,9): 4.512306465969534e-24
(17,13): 1.394343105806734e-24
(17,14): 3.2118846465003476e-24
(17,15): 4.3293731719228546e-24
(17,16): 5.456804179720024e-26
(18,0): 1.1783049680496157e-24
(18,1): 1.121643357202693e-24
(18,2): 1.2247058651023288e-24
(18,5): 2.924575588362066e-25
(18,7): 7.927527628228713e-26
(18,8): 1.2243176715812502e-25
(19,3): 2.243796022727319e-25
(19,5): 9.187291655250421e-26
(19,6): 2.0276566396033963e-26
(19,7): 2.4903523724274878e-26
(19,8): 3.846069464840875e-26
(19,22): 1.081816959438072e-26
(20,5): 1.2174899571870459e-25
(20,6): 2.687007846453704e-26
(20,7): 3.300187887338041e-26
(20,8): 5.096750498096062e-26
(20,24): 8.386563940084073e-26
(21,24): 7.701729136358425e-26
(22,10): 5.3680836746043e-27
(22,19): 1.078771601972809e-26
(23,13): 7.488958559078345e-26
(23,16): 2.9308489893033964e-27
(24,14): 7.086459292002593e-25
(24,20): 8.406711324343901e-26
(24,21): 7.715344382544474e-26
(25,16): 1.177911754014358e-28
