Interaction name: 1o0f

Affinity: 5.300000190734863
Predicted value: 6.344837188720703

Attributions for edges: 

(0,1): 0.4831238090991974
(0,2): 0.4682173728942871
(0,8): 0.43178391456604004
(0,15): 0.520371675491333
(0,16): 0.497126966714859
(0,20): 0.41494205594062805
(0,23): 0.47541701793670654
(0,25): 0.4946492910385132
(0,26): 0.49193960428237915
(0,28): 0.42136847972869873
(0,31): 0.46495869755744934
(1,0): 0.42653438448905945
(1,2): 0.4677334129810333
(1,8): 0.3795810639858246
(1,9): 0.46559229493141174
(1,14): 0.47064515948295593
(1,16): 0.4427091181278229
(1,22): 0.4783508777618408
(1,25): 0.47299981117248535
(1,26): 0.43030819296836853
(1,28): 0.4058211147785187
(2,0): 0.47338631749153137
(2,1): 0.4292967617511749
(2,8): 0.44985634088516235
(2,14): 0.5131736993789673
(2,15): 0.45934343338012695
(2,25): 0.40166744589805603
(2,26): 0.3813592195510864
(2,28): 0.5138527154922485
(2,31): 0.5336958169937134
(3,4): 0.3960859775543213
(3,5): 0.41502252221107483
(3,6): 0.4473777413368225
(3,18): 0.49937090277671814
(3,19): 0.4288123846054077
(3,20): 0.40497055649757385
(3,25): 0.4654172658920288
(3,26): 0.4356209635734558
(3,27): 0.4900645911693573
(3,31): 0.5026854872703552
(4,3): 0.5885123610496521
(4,5): 0.4846850037574768
(4,6): 0.4589170813560486
(4,17): 0.40851855278015137
(4,19): 0.5209006667137146
(4,20): 0.4080239236354828
(4,25): 0.4932798147201538
(4,26): 0.4984816014766693
(4,27): 0.45958346128463745
(4,28): 0.4146486222743988
(4,31): 0.4926162362098694
(5,3): 0.409168541431427
(5,4): 0.5889913439750671
(5,6): 0.3849075734615326
(5,17): 0.5758581757545471
(5,18): 0.39321818947792053
(5,20): 0.4925823211669922
(5,25): 0.4986882209777832
(5,26): 0.514374315738678
(5,27): 0.44162097573280334
(5,28): 0.521616518497467
(5,31): 0.5311747789382935
(6,3): 0.4775480031967163
(6,4): 0.49583932757377625
(6,5): 0.5370294451713562
(6,7): 0.4755024015903473
(6,17): 0.5082020163536072
(6,18): 0.4961530268192291
(6,19): 0.4562110900878906
(6,20): 0.47234877943992615
(6,21): 0.43612873554229736
(6,22): 0.5880692601203918
(6,23): 0.46895286440849304
(6,25): 0.4249044954776764
(6,26): 0.4138489067554474
(6,27): 0.4223182201385498
(6,28): 0.4727611243724823
(7,6): 0.4740345776081085
(7,8): 0.4546312093734741
(7,9): 0.5106388330459595
(7,12): 0.5281744003295898
(7,20): 0.4915650188922882
(7,21): 0.4894654154777527
(7,22): 0.508087158203125
(7,23): 0.5248482823371887
(7,25): 0.4587439298629761
(7,27): 0.45328450202941895
(7,28): 0.4871126711368561
(7,31): 0.3942578136920929
(8,0): 0.4756217896938324
(8,1): 0.48232489824295044
(8,2): 0.3745739758014679
(8,7): 0.426907479763031
(8,9): 0.41674894094467163
(8,14): 0.3953380286693573
(8,15): 0.5453037619590759
(8,16): 0.5347041487693787
(8,20): 0.5540983080863953
(8,21): 0.5967201590538025
(8,22): 0.39153191447257996
(8,23): 0.47443121671676636
(8,25): 0.5259285569190979
(8,26): 0.4100131392478943
(8,27): 0.5184785723686218
(8,31): 0.4418913722038269
(9,1): 0.48871150612831116
(9,7): 0.5449137091636658
(9,8): 0.5848796963691711
(9,15): 0.39802777767181396
(9,21): 0.40457645058631897
(9,22): 0.5503658652305603
(9,23): 0.4904405474662781
(9,25): 0.3598572611808777
(9,27): 0.3546893000602722
(9,28): 0.5037733912467957
(9,31): 0.48375368118286133
(10,11): 0.48514559864997864
(10,12): 0.47442176938056946
(10,13): 0.3918868601322174
(10,21): 0.41691118478775024
(10,28): 0.4230498969554901
(11,10): 0.37029367685317993
(11,12): 0.481128990650177
(11,13): 0.559080958366394
(11,24): 0.40627890825271606
(11,29): 0.46686792373657227
(12,7): 0.5471430420875549
(12,10): 0.4343387186527252
(12,11): 0.44417229294776917
(12,21): 0.5334281325340271
(12,24): 0.4833488464355469
(12,28): 0.5680347084999084
(12,29): 0.4389740526676178
(13,10): 0.5042645335197449
(13,11): 0.338323712348938
(13,24): 0.4107484221458435
(13,30): 0.4674423336982727
(14,1): 0.4137035310268402
(14,2): 0.42783939838409424
(14,8): 0.49922260642051697
(14,15): 0.43967369198799133
(14,16): 0.49707502126693726
(14,20): 0.3998570144176483
(14,23): 0.5548046827316284
(15,0): 0.41977688670158386
(15,2): 0.47712981700897217
(15,8): 0.4105973541736603
(15,9): 0.581390917301178
(15,14): 0.3812903165817261
(15,16): 0.4719659090042114
(15,22): 0.42944374680519104
(16,0): 0.5324194431304932
(16,1): 0.4049226641654968
(16,8): 0.4574817717075348
(16,14): 0.4754173457622528
(16,15): 0.4816671907901764
(17,4): 0.5523480772972107
(17,5): 0.5699923634529114
(17,6): 0.39996400475502014
(17,18): 0.5019820332527161
(17,19): 0.3834640681743622
(17,20): 0.5054892301559448
(18,3): 0.442541241645813
(18,5): 0.5120965838432312
(18,6): 0.4981139898300171
(18,17): 0.6015626788139343
(18,19): 0.3819323480129242
(18,20): 0.5102636814117432
(19,3): 0.5547205805778503
(19,4): 0.5958879590034485
(19,6): 0.5161668658256531
(19,17): 0.4511374235153198
(19,18): 0.4790731966495514
(19,20): 0.4052930474281311
(20,0): 0.47768065333366394
(20,3): 0.4682648479938507
(20,4): 0.5007571578025818
(20,5): 0.5677980184555054
(20,6): 0.55533367395401
(20,7): 0.43633174896240234
(20,8): 0.36315497756004333
(20,14): 0.47294849157333374
(20,17): 0.46068644523620605
(20,18): 0.3935847878456116
(20,19): 0.48713845014572144
(20,21): 0.4686633050441742
(20,22): 0.507614254951477
(20,23): 0.4974272847175598
(20,33): 0.535203218460083
(21,6): 0.4457321763038635
(21,7): 0.4067600667476654
(21,8): 0.5717781186103821
(21,9): 0.5240529775619507
(21,10): 0.46286019682884216
(21,12): 0.43702197074890137
(21,20): 0.4429057836532593
(21,22): 0.5308535099029541
(21,23): 0.40919259190559387
(21,33): 0.505731463432312
(22,1): 0.44812309741973877
(22,6): 0.49894455075263977
(22,7): 0.49047592282295227
(22,8): 0.531000554561615
(22,9): 0.4152674973011017
(22,15): 0.4924221336841583
(22,20): 0.5182917714118958
(22,21): 0.5271673798561096
(22,23): 0.49101337790489197
(23,0): 0.5346349477767944
(23,6): 0.48493239283561707
(23,7): 0.5294871926307678
(23,8): 0.4861074686050415
(23,9): 0.45759421586990356
(23,14): 0.49341681599617004
(23,20): 0.3771628439426422
(23,21): 0.42202746868133545
(23,22): 0.4736315608024597
(24,11): 0.5266114473342896
(24,12): 0.48260003328323364
(24,13): 0.46603378653526306
(25,0): 0.5453536510467529
(25,1): 0.4971044659614563
(25,2): 0.5439622402191162
(25,3): 0.49516990780830383
(25,4): 0.49400219321250916
(25,5): 0.5031478404998779
(25,6): 0.5180439949035645
(25,7): 0.42625629901885986
(25,8): 0.5554698705673218
(25,9): 0.5492249131202698
(25,26): 0.5106329917907715
(26,0): 0.4043920338153839
(26,1): 0.375624418258667
(26,2): 0.4938526153564453
(26,3): 0.5173093676567078
(26,4): 0.4366244971752167
(26,5): 0.5415539145469666
(26,6): 0.4594913423061371
(26,8): 0.5029141902923584
(26,25): 0.5071635246276855
(26,33): 0.547173023223877
(27,3): 0.5919000506401062
(27,4): 0.48732149600982666
(27,5): 0.5165656805038452
(27,6): 0.5374556183815002
(27,7): 0.5087167620658875
(27,8): 0.433574914932251
(27,9): 0.5575531721115112
(27,28): 0.47389811277389526
(28,0): 0.43574586510658264
(28,1): 0.4964450001716614
(28,2): 0.4980809688568115
(28,4): 0.5141978859901428
(28,5): 0.45741111040115356
(28,6): 0.41612040996551514
(28,7): 0.43653979897499084
(28,9): 0.4048704504966736
(28,10): 0.5201478600502014
(28,12): 0.4078562557697296
(28,27): 0.5322928428649902
(28,32): 0.47444528341293335
(29,11): 0.4515005648136139
(29,12): 0.46881887316703796
(29,30): 0.6064862012863159
(30,13): 0.5730746984481812
(30,29): 0.42843130230903625
(31,0): 0.593789279460907
(31,2): 0.48807162046432495
(31,3): 0.42429235577583313
(31,4): 0.36324068903923035
(31,5): 0.48519688844680786
(31,7): 0.4561499357223511
(31,8): 0.4495469033718109
(31,9): 0.4151568114757538
(32,28): 0.61733078956604
(33,20): 0.3631576597690582
(33,21): 0.47076812386512756
(33,26): 0.48165619373321533
