Interaction name: 6ckr

Affinity: 7.300000190734863
Predicted value: 6.964204788208008

Shapley values for edges: 

(0,4): 0.022200002670288085
(0,5): 0.001667623519897461
(0,6): -0.003212714195251465
(0,17): 0.04732056617736816
(1,2): 0.007999277114868164
(1,10): -0.04068288326263428
(1,17): -0.02913656711578369
(1,18): -0.01566044330596924
(2,1): -0.019788455963134766
(2,7): 0.004753155708312988
(2,10): 0.02148613452911377
(2,17): -0.007003369331359863
(2,18): 0.04563693523406982
(3,23): -0.00534970760345459
(4,0): -0.016175622940063476
(4,5): -0.011604204177856445
(4,6): 0.013202390670776366
(4,7): -0.03260126113891602
(4,8): -0.004640650749206543
(4,11): -0.0028481292724609375
(4,13): -0.00608858585357666
(4,14): 0.010170373916625976
(4,15): -0.009515738487243653
(4,16): -0.013776636123657227
(4,25): -0.008955864906311036
(5,0): -0.03522994041442871
(5,4): -0.009898824691772461
(5,6): 0.004193177223205566
(5,13): -0.006154747009277344
(5,14): -0.010218400955200196
(5,15): -0.00760218620300293
(5,22): -0.012590208053588868
(5,25): -0.002473101615905762
(6,0): -0.022458148002624512
(6,4): -0.005969676971435547
(6,5): -0.01996403217315674
(6,11): -0.004839596748352051
(6,13): -0.011929192543029786
(6,14): -0.0005671024322509765
(6,15): -0.0037177133560180663
(6,21): -0.010382814407348633
(7,2): -0.02071821689605713
(7,4): -0.01309502124786377
(7,8): -0.018384861946105956
(7,9): -0.036537070274353024
(7,10): -0.030200181007385255
(7,11): 0.0008769559860229492
(7,12): -0.010739712715148926
(7,16): 0.00043043136596679685
(7,19): 0.01398918628692627
(7,20): -0.009929757118225097
(8,4): -0.020792388916015626
(8,7): 0.0019489288330078124
(8,9): -0.008834056854248047
(8,11): 0.0009836006164550782
(8,12): 0.004904189109802246
(8,13): 0.007105331420898437
(9,7): -0.011033587455749512
(9,8): 0.008066778182983398
(9,11): 0.009704217910766602
(9,12): 0.005752463340759278
(9,16): 0.005322198867797851
(9,23): -0.008805942535400391
(10,1): -0.027744245529174805
(10,2): 0.07672889232635498
(10,7): -0.0441630744934082
(10,19): 0.0093961763381958
(10,25): 0.012478809356689453
(11,4): -0.005795269012451172
(11,6): -0.007316851615905761
(11,7): -0.01517573356628418
(11,8): -0.016670284271240236
(11,9): -0.013533716201782226
(11,12): -0.001955728530883789
(11,13): -0.008303971290588378
(11,16): -0.01780232906341553
(11,25): -0.004739246368408203
(12,7): -0.006065692901611328
(12,8): -0.0040140533447265625
(12,9): -0.019976162910461427
(12,11): -0.009699282646179199
(12,16): -0.02345625400543213
(13,4): -0.0032247209548950193
(13,5): -0.002436366081237793
(13,6): 0.00033751487731933596
(13,8): -0.00358187198638916
(13,11): -0.018266277313232424
(13,14): -0.009180707931518555
(13,15): -0.00179654598236084
(13,16): -0.009051837921142579
(13,20): -0.01831803798675537
(14,4): 3.651142120361328e-05
(14,5): -0.018083229064941406
(14,6): 0.003119983673095703
(14,13): -0.005296902656555176
(14,15): -0.004733028411865234
(14,24): -0.011539640426635743
(15,4): -0.013382592201232911
(15,5): 0.00028467655181884765
(15,6): 0.0006516599655151368
(15,13): -0.006339778900146484
(15,14): -0.022976112365722657
(16,4): -0.0036801004409790037
(16,7): -0.026271939277648926
(16,9): 0.02378878593444824
(16,11): -0.016096324920654298
(16,12): 0.0075641822814941405
(16,13): 0.01148684024810791
(17,0): 0.009943575859069824
(17,1): -0.0028847980499267577
(17,2): -0.012421398162841797
(17,22): 0.16983495235443116
(18,1): -0.0186059045791626
(18,2): -0.031104564666748047
(19,7): -0.0006599903106689453
(19,10): 0.0007226991653442382
(20,7): 0.0046945524215698245
(20,13): -0.01263045310974121
(20,23): -0.023786683082580567
(21,6): 0.007187304496765137
(21,22): 0.017760186195373534
(22,5): -0.010302238464355469
(22,17): -0.16726728439331054
(22,21): -0.00036725521087646487
(23,3): -0.00495969295501709
(23,9): 0.005984654426574707
(23,20): -0.007973208427429199
(24,14): 0.007786722183227539
(25,4): -0.007668776512145996
(25,5): 0.003000631332397461
(25,10): -0.002575654983520508
(25,11): 0.009567632675170898
