Interaction name: 5x33

Affinity: 8.489999771118164
Predicted value: 8.258459091186523

Shapley values for edges: 

(0,8): 0.06921520233154296
(0,9): 0.045589232444763185
(0,11): 0.016057491302490234
(0,17): 0.047194933891296385
(0,18): 0.034281163215637206
(0,19): 0.004479470252990722
(0,20): 0.09826297760009765
(0,27): 0.049457826614379884
(0,28): 0.06568148136138915
(0,36): 0.028930282592773436
(0,38): 0.06568178176879882
(1,10): -0.032052950859069826
(1,26): 0.016725854873657228
(1,30): 0.028032331466674804
(1,31): 0.043850584030151366
(1,34): -0.00347501277923584
(2,12): 0.09145615100860596
(2,13): 0.008082289695739747
(2,19): -0.009076285362243652
(2,21): 0.05301127910614014
(2,22): 0.026052532196044923
(2,23): 0.05044106483459473
(2,25): 0.044816412925720216
(2,32): 0.05872767448425293
(2,33): 0.05219445705413819
(2,36): 0.05455357551574707
(3,10): -0.06039071083068848
(3,26): -0.021200761795043946
(3,30): 0.009982609748840332
(3,31): 0.002601466178894043
(3,34): 0.028005127906799317
(4,5): 0.005888371467590332
(4,6): -0.013155274391174317
(4,24): 0.01844433307647705
(4,25): 0.007203321456909179
(4,33): 0.037593779563903806
(4,37): -0.0299432897567749
(5,4): 0.053120789527893064
(5,6): 0.018100886344909667
(5,24): 0.01519632339477539
(5,25): 0.019137864112854005
(5,33): -0.02176304340362549
(5,37): -0.012400670051574707
(5,39): -0.007464823722839356
(6,4): 0.004379963874816895
(6,5): 0.012341656684875489
(6,23): 0.0013101434707641602
(6,24): -0.05218822002410889
(6,25): 0.05641809463500977
(6,32): -0.02297050952911377
(6,33): 0.04287051200866699
(6,37): 0.05263607978820801
(6,40): -0.0016041088104248047
(7,15): 0.006399331092834473
(7,16): -0.005928921699523926
(7,17): 0.00859790802001953
(7,18): -0.00538416862487793
(7,27): 0.019622235298156737
(7,29): 0.026833434104919434
(7,30): 0.007428874969482422
(7,34): -0.008401079177856445
(7,35): -0.013000717163085937
(7,38): -0.009373235702514648
(7,41): -0.009339923858642579
(7,42): 0.0314604663848877
(7,43): -0.001121344566345215
(7,48): 0.08825555801391602
(7,49): 0.0632248306274414
(8,0): -0.040841808319091795
(8,9): 0.00656567096710205
(8,11): -0.004771990776062012
(8,17): 0.007898092269897461
(8,18): 0.008292059898376464
(8,27): 0.03837303638458252
(8,29): 0.007888178825378418
(8,35): 0.018714594841003417
(8,38): -0.019762191772460937
(8,50): 0.000495142936706543
(9,0): 0.0013459587097167968
(9,8): -0.012631659507751464
(9,11): -0.01703038692474365
(9,17): -0.02009895324707031
(9,18): -0.014553837776184082
(9,20): -0.0053101682662963865
(9,27): -0.011698613166809082
(9,28): 0.021162729263305664
(9,29): 0.006977200508117676
(9,38): -0.002436504364013672
(10,1): -0.03529403686523438
(10,3): 0.0009888458251953126
(10,15): 0.009648122787475587
(10,26): -0.04791398525238037
(10,30): -0.010015344619750977
(10,31): -0.038066835403442384
(10,34): -0.02327866554260254
(10,44): 0.024902000427246093
(11,0): 0.005933051109313965
(11,8): -0.008964409828186035
(11,9): -0.007956933975219727
(11,12): 0.004872927665710449
(11,14): 0.0043466281890869145
(11,18): 0.007029757499694824
(11,19): -0.034262681007385255
(11,20): -0.015240464210510254
(11,28): -0.04294825553894043
(11,36): -0.04136952400207519
(11,38): -0.01446627140045166
(11,45): 0.013149147033691405
(11,46): 0.0006817054748535157
(12,2): -0.01993237018585205
(12,11): 0.015878176689147948
(12,13): -0.02282784938812256
(12,14): -0.006922612190246582
(12,19): -0.030919713973999022
(12,20): -0.0044692611694335934
(12,21): -0.009590244293212891
(12,22): -0.03763338565826416
(12,28): -0.0017920064926147462
(12,36): -0.021053528785705565
(12,50): -0.020204319953918456
(12,53): 0.08586430072784423
(12,55): 0.040249171257019045
(12,57): -0.01601024150848389
(13,2): -0.03302780151367188
(13,12): 0.06259417533874512
(13,14): -0.01673758029937744
(13,19): -0.02387202739715576
(13,21): -0.01901366710662842
(13,22): 0.017919697761535645
(13,23): 0.014157614707946777
(13,28): 0.02672043800354004
(13,32): -0.017092604637145997
(13,36): -0.08367591381072997
(13,47): 0.018825106620788574
(13,48): 0.058815436363220217
(13,51): 0.08558681964874268
(13,54): 0.02751643180847168
(14,11): 0.021414318084716798
(14,12): 0.03819374084472656
(14,13): 0.035165600776672364
(14,19): -0.03458052158355713
(14,20): -0.032232961654663085
(14,21): -0.0007239866256713867
(14,28): -0.013231391906738282
(14,36): -0.04958814144134521
(14,43): -0.00997342586517334
(14,53): 0.04630178451538086
(15,7): -0.010041966438293456
(15,10): 0.026610989570617676
(15,16): 0.01325371265411377
(15,17): -0.0050544929504394535
(15,26): 0.001766672134399414
(15,27): 0.02282351016998291
(15,29): 0.031664891242980955
(15,30): -0.007259235382080078
(15,31): 0.021922430992126464
(15,34): -0.04445483684539795
(15,35): -0.012218928337097168
(15,50): 0.0001356077194213867
(16,7): 0.023585190773010255
(16,15): 0.010056934356689452
(16,17): 0.012768735885620117
(16,27): 0.015527563095092773
(16,29): 0.013052978515625
(16,30): 0.023625988960266114
(16,34): 0.009994282722473144
(16,35): -0.0018463659286499024
(16,49): 0.034004201889038084
(16,50): 0.0007382869720458984
(16,57): 0.000689558982849121
(16,58): 0.044314942359924316
(17,0): -0.02301990032196045
(17,7): 0.003436236381530762
(17,8): 0.006098189353942871
(17,9): -0.014684367179870605
(17,15): 0.03674310684204102
(17,16): 0.000740499496459961
(17,18): -0.006100454330444336
(17,27): -0.0033278417587280272
(17,29): -0.018590350151062012
(17,35): -0.0007894325256347656
(17,38): -0.0015639734268188476
(17,42): 0.018940753936767578
(17,44): 0.04265556812286377
(17,49): 0.05408845901489258
(18,0): -0.027144856452941894
(18,7): 0.023373494148254393
(18,8): 0.0037017250061035156
(18,9): -0.003703179359436035
(18,11): 0.00488070011138916
(18,17): -0.006687192916870117
(18,20): -0.03749008178710937
(18,27): 0.010452232360839843
(18,28): 0.018626837730407714
(18,29): 0.019969282150268556
(18,35): 0.026955575942993165
(18,57): -0.0034282398223876953
(19,0): 0.004240155220031738
(19,2): -0.022360091209411622
(19,11): -0.002055807113647461
(19,12): 0.06554359436035156
(19,13): 0.009132084846496582
(19,14): 0.02300485610961914
(19,20): -0.03855254650115967
(19,21): -0.004638710021972656
(19,28): -0.02309760093688965
(19,59): 0.04582411289215088
(20,0): -0.007163543701171875
(20,9): -0.02606584072113037
(20,11): -0.014865818023681641
(20,12): 0.015638775825500488
(20,14): -0.013740038871765137
(20,18): 0.007282133102416992
(20,19): -0.034893584251403806
(20,21): -0.008330049514770508
(20,28): -0.0018392276763916015
(20,36): -0.07335965156555176
(20,38): 0.00872894287109375
(21,2): -0.015590810775756836
(21,12): 0.030625109672546388
(21,13): 0.0028306388854980468
(21,14): -0.013096575736999511
(21,19): -0.028695993423461914
(21,20): -0.028058171272277832
(21,28): 0.004672088623046875
(21,36): -0.04134437084197998
(21,43): -0.020313072204589843
(22,2): -0.016120429039001464
(22,12): 0.0021301984786987306
(22,13): -0.0056021976470947265
(22,23): -0.030164813995361327
(22,24): 0.027007641792297362
(22,25): -0.030652165412902832
(22,32): 0.009230179786682129
(22,33): -0.017217555046081544
(22,37): -0.09952770233154297
(22,57): 0.0220134973526001
(23,2): -0.015058302879333496
(23,6): -0.050197200775146486
(23,13): -0.0015933942794799805
(23,22): -0.021329503059387207
(23,24): 0.014842143058776855
(23,25): -0.06903915405273438
(23,32): 0.02314523220062256
(23,33): 0.011707735061645509
(23,37): -0.029026308059692384
(23,59): 0.061273503303527835
(24,4): 0.021668529510498045
(24,5): -0.00036730766296386717
(24,6): -0.019139485359191896
(24,22): -0.016685996055603027
(24,23): -0.014672303199768066
(24,25): -0.05317743301391602
(24,32): 0.008539476394653321
(24,33): -0.04816908359527588
(24,54): 0.02923421859741211
(24,56): 0.011791172027587891
(25,2): -0.0280033016204834
(25,4): 0.053986549377441406
(25,5): 0.04262983322143555
(25,6): -0.06960709571838379
(25,22): 0.0007817268371582032
(25,23): -0.03125672340393067
(25,24): -0.014315223693847657
(25,32): 0.014376168251037597
(25,33): -0.012091217041015625
(25,37): 0.01834767818450928
(25,51): 0.04775234699249267
(25,54): 0.025834193229675294
(25,55): 0.03216768264770508
(26,1): 0.018480787277221678
(26,3): 0.009329123497009277
(26,10): -0.018270797729492187
(26,15): 0.002686901092529297
(26,30): 0.00886547565460205
(26,31): 0.021270484924316407
(26,34): -0.07824361324310303
(26,35): 0.03116738796234131
(26,52): -0.008875203132629395
(27,0): -0.026007957458496093
(27,7): 0.03847226619720459
(27,8): -0.0023993825912475585
(27,9): -0.0060773038864135745
(27,15): 0.02537956237792969
(27,16): 0.0016567468643188476
(27,17): 0.0006257104873657227
(27,18): -0.007141942977905273
(27,29): 0.004538488388061523
(27,30): 0.012230768203735351
(27,35): 0.0016799449920654296
(27,38): -0.008807063102722168
(27,43): -0.03098814010620117
(27,44): 0.0434697961807251
(28,0): -0.012497825622558594
(28,9): -0.005631322860717773
(28,11): -0.019063520431518554
(28,12): 0.038022642135620115
(28,13): 0.04515974521636963
(28,14): -0.0032471513748168947
(28,18): 0.0018250703811645507
(28,19): -0.05445721626281738
(28,20): -0.010360260009765625
(28,21): -0.019357995986938478
(28,36): -0.036999239921569824
(28,38): -0.0023792600631713868
(28,42): 0.007557296752929687
(28,50): -0.004270401000976563
(28,57): -0.015636215209960936
(28,59): 0.03904306888580322
(29,7): -0.0014043903350830077
(29,8): -0.003148846626281738
(29,9): -0.010996460914611816
(29,15): 0.010422430038452148
(29,16): 0.0038759756088256837
(29,17): -0.03555027484893799
(29,18): -0.018286824226379395
(29,27): 0.009148736000061036
(29,30): -0.006124587059020996
(29,34): 0.010352344512939453
(29,35): -0.013394899368286133
(29,38): -0.027507228851318358
(29,50): 0.01801711559295654
(29,58): 0.05394578456878662
(30,1): 0.050910534858703616
(30,3): 0.043889760971069336
(30,7): 0.03546944618225098
(30,10): 0.01461585521697998
(30,15): -0.020694241523742676
(30,16): 0.022514681816101074
(30,26): 0.030952982902526856
(30,27): 0.01816896915435791
(30,29): 0.04465003490447998
(30,31): -0.0008663368225097656
(30,34): -0.009314713478088378
(30,35): 0.02587595462799072
(31,1): 0.013730311393737793
(31,3): 0.022988901138305665
(31,10): -0.047420077323913574
(31,15): 0.00972184658050537
(31,26): -0.008741378784179688
(31,30): -0.04159573078155518
(31,34): -0.007824459075927735
(31,35): 0.030056109428405763
(32,2): -0.030128889083862305
(32,6): -0.05685588359832763
(32,13): 0.022515535354614258
(32,22): -0.026709389686584473
(32,23): -0.010659570693969727
(32,24): 0.015142736434936523
(32,25): -0.012211275100708009
(32,33): -0.048668808937072754
(32,37): -0.047007904052734376
(32,43): -0.01623608112335205
(33,2): -0.03949276447296143
(33,4): 0.051019115447998045
(33,5): 0.011857633590698241
(33,6): -0.06578178405761718
(33,22): -0.011307220458984375
(33,23): -0.006340985298156738
(33,24): -0.004006338119506836
(33,25): -0.02422068119049072
(33,32): -0.008564019203186035
(33,37): 0.03275117874145508
(33,43): -0.02394745349884033
(33,56): 0.028225865364074707
(34,1): 0.03498111724853516
(34,3): 0.04744102954864502
(34,7): 0.0117903995513916
(34,10): 0.014662466049194335
(34,15): -0.02060516834259033
(34,16): 0.004703149795532226
(34,26): -0.01423515796661377
(34,29): 0.02875819206237793
(34,30): -0.00021988391876220703
(34,31): 0.06683226108551026
(34,35): 0.014921574592590333
(34,41): 0.015615577697753907
(34,42): 0.023430242538452148
(34,58): 0.02337397575378418
(35,7): 0.049643940925598144
(35,8): 0.01218785285949707
(35,15): -0.02310070991516113
(35,16): 0.004480037689208984
(35,17): 0.005087394714355469
(35,18): -0.00018884181976318358
(35,26): 0.05899694919586182
(35,27): 0.0024072074890136718
(35,29): 0.0024939918518066405
(35,30): -0.0032623624801635743
(35,31): 0.05197334766387939
(35,34): -0.0013582849502563478
(35,38): -0.011765942573547364
(36,0): 0.02423429012298584
(36,2): -0.053786520957946775
(36,11): -0.015977296829223633
(36,12): 0.02610997200012207
(36,13): 0.025269484519958495
(36,14): -0.05234649181365967
(36,20): -0.030545611381530762
(36,21): -0.03997035503387451
(36,28): 0.017715888023376467
(37,4): 0.11623109817504883
(37,5): 0.0975781488418579
(37,6): 0.15438623905181884
(37,22): -0.11990132808685303
(37,23): -0.07468658924102783
(37,25): -0.07620344638824463
(37,32): -0.04007048606872558
(37,33): -0.05530531883239746
(38,0): -0.022813315391540526
(38,7): -0.007259020805358887
(38,8): -0.010721402168273926
(38,9): -0.05174722671508789
(38,11): -0.019253954887390137
(38,17): -0.0463386869430542
(38,20): -0.037123703956604005
(38,27): -0.020684738159179688
(38,28): 0.03930336475372315
(38,29): -0.06302781581878662
(38,35): -0.030506114959716796
(39,5): -0.025327391624450683
(40,6): 0.013300056457519532
(41,7): -0.01796351432800293
(41,34): -0.006456871032714844
(41,43): -0.001524496078491211
(42,7): 0.030132303237915038
(42,17): -0.009179830551147461
(42,28): 0.033314781188964845
(42,34): 0.014782757759094238
(42,53): 0.09533483505249024
(43,7): -0.030358600616455077
(43,14): -0.06904744148254395
(43,21): -0.0797505521774292
(43,27): -0.025844416618347167
(43,32): -0.05778801441192627
(43,33): -0.008709602355957032
(43,41): 0.026923937797546385
(44,10): 0.037529678344726564
(44,17): -0.04633315086364746
(44,27): -0.02647238254547119
(44,52): -0.021947789192199706
(45,11): -0.0623196268081665
(45,50): 0.006114387512207031
(46,11): -0.04708239555358887
(46,59): 0.05521597385406494
(47,13): -0.05220376968383789
(47,51): 0.05907088279724121
(48,7): -0.04355360507965088
(48,13): -0.04153529167175293
(49,7): -0.007282447814941406
(49,16): -0.017346258163452147
(49,17): -0.061385726928710936
(50,8): -0.0435335111618042
(50,12): -0.008431005477905273
(50,15): -0.01702064037322998
(50,16): -0.04791900634765625
(50,28): 0.004207715988159179
(50,29): -0.02243957042694092
(50,45): 0.042584190368652346
(51,13): -0.05749523162841797
(51,25): 0.018967390060424805
(51,47): 0.037970538139343264
(52,26): 0.004926204681396484
(52,44): -0.006221694946289063
(53,12): -0.058830161094665524
(53,14): -0.018309884071350098
(53,42): 0.09737071514129639
(54,13): 0.03856036186218262
(54,24): 0.02623319149017334
(54,25): 0.027764787673950197
(54,55): 0.06525306224822998
(54,57): 0.04604121208190918
(55,12): 0.005117030143737793
(55,25): -0.023128981590270995
(55,54): -0.0017310857772827148
(56,24): -0.03072126388549805
(56,33): -0.028353095054626465
(57,12): 0.01426525115966797
(57,16): -0.08304173946380615
(57,18): -0.05730566024780273
(57,22): -0.056754927635192874
(57,28): 0.033794074058532714
(57,54): 0.0358322811126709
(58,16): -0.0010744524002075195
(58,29): -0.05866466045379639
(58,34): 0.008797478675842286
(59,19): -0.03839033603668213
(59,23): -0.033933582305908205
(59,28): 0.0273876953125
(59,46): 0.012655987739562988
