Interaction name: 5b25

Affinity: 10.239999771118164
Predicted value: 7.635700225830078

Shapley values for edges: 

(0,6): 0.0074289655685424805
(0,10): 0.004606943130493164
(0,11): 0.008650588989257812
(0,16): 0.011861081123352052
(0,18): 0.0003792333602905273
(0,26): 0.0031981658935546875
(0,28): -0.0050727128982543945
(1,4): 0.0016114425659179688
(1,5): 0.02048257827758789
(1,7): 0.007186384201049805
(1,13): 0.00890406608581543
(1,14): 0.0038169527053833006
(1,15): 0.010483603477478027
(1,21): 0.0057842302322387695
(1,29): 0.014217891693115235
(1,30): 0.00638664722442627
(2,4): 0.018136444091796874
(2,5): 0.03014092445373535
(2,30): 0.02161497116088867
(3,5): 0.0048149538040161135
(3,8): 0.00390533447265625
(3,9): 0.0058965301513671875
(3,12): -0.002139849662780762
(3,13): 0.005747494697570801
(3,14): 0.007293152809143067
(4,1): -0.0011547517776489258
(4,2): 0.0036739158630371095
(4,15): 0.002949652671813965
(4,17): 0.0035987186431884768
(4,19): 0.008360595703125
(4,20): 0.004040560722351074
(4,21): 0.009315457344055176
(4,22): 0.005177679061889648
(4,24): 0.007838425636291503
(4,25): 0.007800984382629395
(4,27): -0.009240374565124512
(4,29): -0.0073492336273193355
(4,31): -0.007090220451354981
(5,1): -0.013682994842529297
(5,2): -0.07719377040863037
(5,3): -0.008092679977416993
(5,8): 0.014841775894165039
(5,9): 0.014928903579711914
(5,12): 0.0055439376831054685
(5,13): 0.011008019447326661
(5,14): 0.020890355110168457
(6,0): -0.008050885200500488
(6,10): -0.001527252197265625
(6,11): -0.00032474517822265623
(6,16): -8.459091186523437e-06
(6,48): 0.00040555477142333984
(7,1): -0.009756827354431152
(7,15): -0.00042652130126953126
(7,17): -0.0006824016571044921
(7,18): 0.0010058069229125976
(7,21): -0.0005868387222290039
(7,26): 0.0036573266983032228
(7,28): -0.010242810249328613
(7,29): -0.018823943138122558
(7,33): 0.004670257568359375
(8,3): -0.01175178050994873
(8,5): 0.00817615032196045
(8,9): 0.007577495574951172
(8,12): 0.0014674043655395507
(8,13): 0.0005848979949951171
(8,14): 0.006173996925354004
(8,43): 0.010078058242797852
(8,49): -0.0009378957748413086
(9,3): -0.023848342895507812
(9,5): -0.00033389568328857423
(9,8): 0.003713107109069824
(9,12): 0.0060857200622558595
(9,13): 0.0004747486114501953
(9,14): -0.00021880626678466797
(9,34): 0.008697285652160644
(9,35): 0.02245969295501709
(9,36): 0.00483767032623291
(10,0): -0.0054991388320922855
(10,6): 0.002820749282836914
(10,11): 0.0029761552810668944
(10,18): -0.0011929941177368163
(10,26): 0.001017756462097168
(10,28): -0.016299467086791992
(10,34): 0.000646357536315918
(10,39): 0.007628726959228516
(10,44): -0.0018381071090698242
(10,49): -0.004971137046813965
(11,0): -0.008563385009765626
(11,6): 0.0005132675170898438
(11,10): -0.0021263647079467775
(11,16): -5.1975250244140625e-05
(11,34): -0.0005308341979980469
(11,40): 0.003463897705078125
(12,3): -0.02196967601776123
(12,5): 0.0009981870651245117
(12,8): 0.006837177276611328
(12,9): 0.0034295082092285155
(12,13): 0.009477543830871581
(12,14): 0.002138853073120117
(13,1): -0.004616298675537109
(13,3): -0.010694208145141602
(13,5): 0.00535581111907959
(13,8): 0.005509295463562012
(13,9): 0.004081482887268066
(13,12): 0.007449498176574707
(13,14): 0.0007250404357910156
(13,32): 0.00810256004333496
(13,38): 0.01037569522857666
(13,44): 0.0034504079818725585
(14,1): -0.003962039947509766
(14,3): -0.025350480079650878
(14,5): 0.00525186538696289
(14,8): 0.0035726070404052735
(14,9): 0.002973918914794922
(14,12): 0.007339372634887696
(14,13): 0.010920357704162598
(14,33): 0.011400070190429688
(14,41): 0.01063377857208252
(14,43): 0.013607892990112305
(15,1): -0.007326493263244629
(15,4): -0.0067815399169921875
(15,7): -0.0018442153930664062
(15,17): 3.9186477661132816e-05
(15,18): 0.0015073919296264649
(15,19): -0.0007086753845214844
(15,20): 0.0006631040573120118
(15,21): -0.00374814510345459
(15,26): 0.0028679037094116212
(15,28): -0.01211479663848877
(15,29): -0.01590378761291504
(15,32): 0.0003750753402709961
(15,38): 0.0030968284606933596
(15,42): 0.012698817253112792
(15,44): 0.0032366085052490234
(15,45): 0.006882338523864746
(15,49): -0.0014399814605712891
(16,0): -0.010195026397705078
(16,6): -0.00031877994537353514
(16,11): 0.001847681999206543
(16,34): -0.001452484130859375
(16,40): 0.0026631784439086915
(16,43): -0.002357630729675293
(16,44): -0.0010233592987060546
(16,48): 0.0012566518783569335
(17,4): -0.012178521156311035
(17,7): -0.0029091596603393554
(17,15): -0.0021373844146728516
(17,18): 0.00020733356475830078
(17,21): -0.002241091728210449
(17,26): 0.0025059652328491212
(17,28): -0.017991271018981934
(17,29): -0.0157908296585083
(17,46): 0.004210357666015625
(17,47): 0.015685110092163085
(18,0): -0.0032027244567871095
(18,7): 0.0004244327545166016
(18,10): 0.0014512920379638672
(18,15): -0.0017038583755493164
(18,17): -0.0006475257873535156
(18,21): -0.0015019798278808594
(18,26): 0.0006638336181640625
(18,28): -0.010006656646728515
(18,46): 0.004233808517456055
(18,48): 0.005401568412780762
(18,49): -0.0009207391738891602
(19,4): -0.014176626205444336
(19,15): 0.0011354351043701171
(19,20): 0.0009304285049438477
(19,22): 0.004021863937377929
(19,23): 0.00044966697692871093
(19,24): 0.0032851600646972654
(19,25): 0.002709522247314453
(19,27): -0.022225284576416017
(19,29): -0.014362072944641114
(19,34): 0.007703542709350586
(20,4): -0.00641927719116211
(20,15): 0.0014879035949707032
(20,19): -0.0028412389755249024
(20,22): -0.0012456178665161133
(20,23): 0.0020179271697998045
(20,24): 0.001255497932434082
(20,25): 0.0023428106307983396
(20,27): -0.014570121765136718
(20,29): -0.010972199440002441
(20,32): 0.004823980331420899
(20,44): 0.001558847427368164
(21,1): -0.011754746437072755
(21,4): -0.008840622901916504
(21,7): -0.002659950256347656
(21,15): -0.000811314582824707
(21,17): 0.0008773565292358399
(21,18): 0.0012576246261596679
(21,26): 0.0029992914199829103
(21,28): -0.009894132614135742
(21,29): -0.00972928524017334
(21,32): 0.002134418487548828
(21,34): 0.006505413055419922
(21,44): 0.0010034275054931641
(21,49): -0.0003668212890625
(22,4): -0.008583941459655763
(22,19): -0.0011853456497192382
(22,20): -0.0018428373336791992
(22,23): 0.0004118204116821289
(22,24): 0.0034822463989257813
(22,25): 0.0010852146148681641
(22,27): -0.019327521324157715
(23,19): -0.0028161859512329103
(23,20): -0.003195781707763672
(23,22): -0.0005740785598754883
(23,24): 0.002556271553039551
(23,25): -6.903171539306641e-05
(23,27): -0.017212300300598143
(23,38): 0.0017673826217651366
(24,4): -0.01626124858856201
(24,19): -0.00108551025390625
(24,20): 0.0003277111053466797
(24,22): 0.0008564043045043945
(24,23): 0.0005986499786376953
(24,25): -0.0004013633728027344
(24,44): 0.002699718475341797
(24,47): 0.01916832447052002
(24,48): 0.004502863883972168
(24,49): 0.001366109848022461
(25,4): -0.002768149375915527
(25,19): -0.002411327362060547
(25,20): 0.005056924819946289
(25,22): 0.0031430578231811525
(25,23): -0.0003675365447998047
(25,24): 0.001392827033996582
(25,27): -0.013417320251464844
(25,37): 0.016456079483032227
(25,45): 0.00714353084564209
(25,46): 0.006468110084533692
(26,0): -0.00638582706451416
(26,7): -0.003438901901245117
(26,10): 0.001061091423034668
(26,15): -0.0021717119216918945
(26,17): 0.00017775535583496092
(26,18): -0.0021872520446777344
(26,21): -0.004473195075988769
(26,39): 0.006413774490356445
(27,4): 0.0068636322021484375
(27,19): 0.010996122360229493
(27,20): 0.004480533599853516
(27,22): 0.005826425552368164
(27,23): 0.010000653266906738
(27,25): 0.018582615852355957
(28,0): 0.014778099060058593
(28,7): 0.012094569206237794
(28,10): 0.0076388025283813474
(28,15): 5.706310272216797e-05
(28,17): 0.002055201530456543
(28,18): 0.001862478256225586
(28,21): 0.010791711807250977
(29,1): 0.022127113342285155
(29,4): 0.012333903312683105
(29,7): 0.005903596878051758
(29,15): 0.009133977890014649
(29,17): 0.007160687446594238
(29,19): 0.011833505630493164
(29,20): 0.011277413368225098
(29,21): 0.007391672134399414
(29,50): -0.015880894660949708
(30,1): 0.004235167503356934
(30,2): 0.010804390907287598
(30,31): -0.003944711685180664
(30,37): 0.0018424177169799804
(30,47): 0.007602224349975586
(31,4): 0.004809870719909668
(31,30): 0.007718453407287598
(31,47): 0.008299551010131835
(31,49): 0.018785538673400878
(31,50): -0.010706863403320312
(32,13): -0.001093907356262207
(32,15): -0.0032531261444091798
(32,20): -0.0018520927429199218
(32,21): -0.0007126808166503906
(33,7): -0.0005136919021606445
(33,14): -0.00232907772064209
(33,34): -0.0020208740234375
(34,9): 0.0016105937957763671
(34,10): 0.00030633926391601565
(34,11): 0.0017233943939208983
(34,16): 0.002630763053894043
(34,19): -0.0017606258392333985
(34,21): -0.0019820594787597658
(34,33): 0.0028449630737304686
(35,9): 8.043289184570313e-05
(36,9): 0.0025340700149536132
(36,41): -0.0047137212753295896
(36,50): -0.014862217903137208
(37,25): -0.0015090036392211915
(37,30): -0.03883592128753662
(38,13): -0.001507563591003418
(38,15): -0.0019011259078979491
(38,23): 0.000730581283569336
(39,10): -0.0029540014266967772
(39,26): -0.0024967432022094727
(39,40): 0.0003756427764892578
(40,11): -0.002388949394226074
(40,16): -0.002268252372741699
(40,39): -0.0011934232711791992
(40,43): -0.0029305410385131836
(41,14): 0.00277864933013916
(41,36): -0.01070582389831543
(41,49): -0.0005297279357910157
(41,50): -0.03199196338653564
(42,15): -0.006371111869812012
(43,8): -0.004099674224853515
(43,14): -0.0022969865798950196
(43,16): 0.0007692241668701172
(43,40): 0.00407435417175293
(44,10): 0.0008991670608520508
(44,13): -0.0012514686584472656
(44,15): -0.0010511159896850586
(44,16): 0.002827129364013672
(44,20): -0.0030765295028686523
(44,21): -0.0012935781478881836
(44,24): -0.001876821517944336
(45,15): -0.0020834875106811525
(45,25): -0.0009735250473022461
(46,17): -0.0008152246475219727
(46,18): -0.002688593864440918
(46,25): -0.003264780044555664
(47,17): -0.00328857421875
(47,24): 0.0042379522323608395
(47,30): -0.03416752815246582
(47,31): -0.02568187713623047
(48,6): -0.0005441808700561524
(48,16): -0.0005459022521972656
(48,18): -0.0026999902725219726
(48,24): -0.0005861520767211914
(49,8): -0.0004791688919067383
(49,10): 0.005508432388305664
(49,15): 0.005413665771484375
(49,18): 0.0021254730224609373
(49,21): 0.002424969673156738
(49,24): 0.003166966438293457
(49,31): -0.04055680274963379
(49,41): 0.00155975341796875
(49,50): -0.02353579044342041
(50,29): -0.0035444211959838865
(50,31): -0.005036578178405761
(50,36): 0.025961685180664062
(50,41): 0.02083982467651367
(50,49): 0.009679350852966308
