Interaction name: 5ei2

Affinity: 7.340000152587891
Predicted value: 7.267518043518066

Shapley values for edges: 

(0,8): 0.031833157539367676
(0,10): 0.04040491104125977
(0,11): 0.03836602687835693
(0,15): 0.017789225578308105
(0,16): 0.022415423393249513
(0,17): 0.052414374351501467
(1,6): -0.015700621604919432
(1,8): 0.0330014705657959
(1,9): 0.08268604278564454
(1,11): 0.02714972972869873
(1,14): 0.033455610275268555
(1,15): 0.011901512145996093
(1,17): 0.01703645706176758
(2,4): -0.010270242691040038
(2,6): 0.0926685905456543
(2,12): 0.02974306583404541
(2,13): 0.05105398654937744
(2,14): 0.03489895820617676
(2,18): -0.004731993675231933
(3,4): 0.0248248291015625
(3,12): 0.02646754264831543
(3,13): -0.014986314773559571
(4,2): -0.009046354293823243
(4,3): 0.05164257526397705
(4,6): 0.029613242149353028
(4,12): 0.035578527450561524
(4,13): 0.007322673797607422
(4,14): 0.025827178955078123
(4,15): 0.04077719211578369
(4,16): 0.018854188919067382
(4,18): 0.05732597351074219
(5,7): 0.0032410049438476563
(5,18): -0.04782569408416748
(6,1): 0.06272847175598145
(6,2): 0.036560373306274416
(6,4): 0.025449180603027345
(6,11): 0.03095608711242676
(6,14): -0.01790665626525879
(6,15): 0.008904180526733398
(6,16): 0.03452131748199463
(6,17): 0.0037899208068847656
(6,19): 0.006544671058654785
(7,5): -0.10585696697235107
(7,16): -0.008625659942626953
(7,20): 0.00040357112884521485
(7,21): 0.004492874145507812
(7,24): 0.00047136783599853514
(8,0): -0.006448845863342285
(8,1): -0.020348668098449707
(8,10): -0.010927801132202148
(8,11): 0.011239266395568848
(8,14): 0.0008823919296264648
(8,15): -0.009473600387573243
(8,16): -0.013840594291687013
(8,17): 0.008276171684265136
(8,23): -0.005164260864257812
(9,1): -0.027237782478332518
(9,11): -0.016248445510864257
(9,14): -0.01814648151397705
(9,17): 0.0011611366271972656
(9,22): -0.00277493953704834
(9,24): -0.0146514892578125
(9,28): -0.006408185958862305
(10,0): -0.018326354026794434
(10,8): -0.0020782995223999024
(10,11): -0.00424738883972168
(10,16): -0.0016579055786132813
(10,20): -0.001651453971862793
(10,23): -0.011092677116394042
(10,24): -0.013000822067260743
(11,0): -0.014732880592346191
(11,1): -0.040136594772338864
(11,6): -0.05740337371826172
(11,8): -0.011967358589172363
(11,9): -0.018981108665466307
(11,10): -0.016754651069641115
(11,14): 0.012162632942199707
(11,15): 0.00040338993072509767
(11,16): 0.003548707962036133
(11,17): -0.014058609008789063
(11,29): -0.00927267074584961
(12,2): -0.016763591766357423
(12,3): -0.0866875982284546
(12,4): 0.040258779525756835
(12,13): 0.016094980239868165
(12,22): 0.0011063385009765624
(12,25): -0.07577516555786133
(12,28): 0.0010614299774169922
(12,29): -0.01335540771484375
(13,2): -0.022172503471374512
(13,3): -0.09114472389221191
(13,4): -0.017649388313293456
(13,12): -0.011279149055480957
(13,25): -0.04275939464569092
(13,26): 0.014478034973144531
(13,30): 0.01450101375579834
(14,1): -0.012898478507995605
(14,2): -0.055595903396606444
(14,4): -0.005792927742004394
(14,6): -0.03692267894744873
(14,8): 0.0008504629135131836
(14,9): -0.014964170455932617
(14,11): -0.0020645904541015626
(14,15): -0.01133925437927246
(14,16): -0.01066260814666748
(14,17): 0.02475818634033203
(14,20): 0.0037636566162109375
(14,27): -0.009401893615722657
(14,28): -0.0035127115249633787
(15,0): -0.004062027931213379
(15,1): 0.0030359697341918947
(15,4): 0.0032364320755004883
(15,6): -0.03321902751922608
(15,8): 0.001632537841796875
(15,11): -0.006787362098693847
(15,14): 0.001107325553894043
(15,16): -0.0022463274002075197
(15,17): 0.0019218111038208007
(15,27): -0.010603399276733398
(16,0): -0.007345337867736817
(16,4): -0.025764727592468263
(16,6): -0.04076500415802002
(16,7): -0.0037249994277954103
(16,8): 0.007181706428527832
(16,10): -0.0038103294372558594
(16,11): -0.007075214385986328
(16,14): 0.016601195335388185
(16,15): -0.008652229309082032
(16,17): 0.002172374725341797
(16,21): -0.011088786125183105
(17,0): -0.0030995798110961914
(17,1): -0.006221613883972168
(17,6): -0.010485472679138184
(17,8): -0.025756101608276367
(17,9): -0.018955326080322264
(17,11): 0.0025067996978759767
(17,14): 0.026674981117248534
(17,15): 0.008021206855773925
(17,16): -0.0048373985290527345
(17,20): -0.003013315200805664
(17,28): 0.003187556266784668
(18,2): -0.01473106861114502
(18,4): 0.006427659988403321
(18,5): -0.014780840873718261
(18,19): -0.131463885307312
(18,25): 0.12431875228881836
(19,6): 0.04152508735656738
(19,18): 0.07423437118530274
(20,7): 0.016562652587890626
(20,10): 0.0006772041320800781
(20,14): -0.010317678451538087
(20,17): -0.005853281021118164
(20,22): 0.0036231660842895507
(21,7): 0.0027559089660644533
(21,16): -0.017832546234130858
(22,9): -0.005236601829528809
(22,12): -0.04922560214996338
(22,20): -0.00804614543914795
(23,8): -0.0073416709899902345
(23,10): 0.003647027015686035
(23,24): -0.013156242370605468
(24,7): -0.008822236061096191
(24,9): -0.003885297775268555
(24,10): -0.009073829650878907
(24,23): -0.007591018676757813
(25,12): -0.02817420482635498
(25,13): -0.020201821327209473
(25,18): -0.08230347633361816
(25,27): -0.029801025390625
(26,13): -0.048450074195861816
(27,14): -0.007126708030700684
(27,15): 0.0074097967147827145
(27,25): -0.0456396484375
(28,9): -0.0006593799591064453
(28,12): -0.0026501035690307618
(28,14): 0.009139575958251954
(28,17): -0.023918275833129884
(29,11): -0.007912673950195313
(29,12): 0.02997739315032959
(30,13): -0.03398632526397705
