Interaction name: 5nvv

Affinity: 6.699999809265137
Predicted value: 7.035735130310059

Shapley values for edges: 

(0,10): -0.05076918601989746
(0,11): -0.030855693817138673
(0,22): -0.03975656032562256
(1,3): -0.020779328346252443
(1,6): -0.018968119621276855
(1,15): -0.01686739444732666
(1,19): -0.03324732780456543
(1,21): 0.006879382133483887
(1,23): 0.012620153427124024
(1,27): -0.02618821144104004
(1,28): 0.07408709526062011
(2,15): -0.06399497985839844
(2,16): -0.037163434028625486
(2,28): -0.07095175266265868
(2,30): -0.08295616626739502
(3,1): -0.02296088695526123
(3,6): -0.016877613067626952
(3,8): -0.08274398803710938
(3,17): -0.022169919013977052
(3,19): -0.06661244869232177
(3,24): 0.0024188852310180666
(3,27): 0.046922216415405275
(4,5): -0.030072531700134277
(4,8): -0.037298178672790526
(4,9): -0.10032143115997315
(4,20): 0.022865681648254393
(4,28): 0.08314623832702636
(5,4): 0.02033738613128662
(5,8): -0.016939187049865724
(5,20): 0.0014314603805541991
(6,1): -0.006071176528930664
(6,3): -0.009400200843811036
(6,13): 0.04008025169372559
(6,15): -0.009160118103027344
(6,21): -0.0025316619873046874
(6,23): -0.017734761238098144
(6,26): 0.013745546340942383
(6,29): -0.02344701290130615
(7,15): -0.01984281063079834
(7,16): -0.02677389621734619
(8,3): -0.023088841438293456
(8,4): 0.01459331512451172
(8,5): 0.025531835556030273
(8,9): 0.008856234550476074
(8,17): 0.03765331268310547
(8,18): 0.02345073699951172
(8,19): 0.025874242782592774
(8,20): 0.006369576454162597
(8,24): 0.0031811141967773436
(9,4): 0.001965131759643555
(9,8): 0.054142842292785646
(9,20): 0.0023441553115844727
(10,0): 0.00478520393371582
(10,11): -0.002869877815246582
(10,12): 0.013198528289794922
(10,22): -0.026447997093200684
(10,25): -0.004328732490539551
(10,31): 0.05121220111846924
(10,32): 0.03210556030273438
(10,33): 0.020151238441467285
(10,34): 0.07109476566314697
(11,0): 0.0086358642578125
(11,10): -0.00303126335144043
(11,12): 0.008742384910583496
(11,14): -0.01535684585571289
(11,22): -0.02872289180755615
(11,25): 0.003261547088623047
(11,32): 0.011717605590820312
(11,34): 0.019345583915710448
(11,35): 0.036173501014709473
(12,10): -0.01543795108795166
(12,11): 0.010866761207580566
(12,13): -0.011742753982543945
(12,14): -0.007264094352722168
(12,21): 0.0168074369430542
(12,22): -0.04649255752563477
(12,23): -0.01053164005279541
(12,26): -0.025595617294311524
(12,31): 0.02378480911254883
(13,6): -0.005986294746398926
(13,12): -0.02024648666381836
(13,14): -0.008893604278564454
(13,21): -0.004790163040161133
(13,22): -0.022200312614440918
(13,23): -0.046734671592712405
(14,11): -0.004427323341369629
(14,12): -0.010381984710693359
(14,13): 0.014088354110717773
(14,21): -0.018386635780334473
(14,22): -0.02997415542602539
(14,23): -0.0026964330673217773
(14,26): -0.011043024063110352
(14,33): 0.04824010372161865
(14,35): 0.040422525405883786
(14,41): -0.0007535791397094726
(15,1): -0.01578735828399658
(15,2): -0.045278406143188475
(15,6): -0.015004324913024902
(15,7): -0.04580758094787598
(15,16): -0.01032783031463623
(15,36): -0.009554929733276367
(15,42): -0.024640107154846193
(15,43): -0.029984354972839355
(16,2): -0.049189391136169436
(16,7): -0.06410483837127685
(16,15): -0.015243401527404785
(16,37): -0.028907690048217773
(17,3): -0.03891256332397461
(17,8): 0.05249527931213379
(17,18): 0.012837162017822265
(17,19): -0.009126462936401368
(17,24): -0.0005324935913085938
(17,40): 0.021276960372924803
(18,8): 0.07328289031982421
(18,17): 0.04607211112976074
(18,19): 0.0012156009674072266
(18,24): 0.009064230918884277
(18,38): 0.0015937137603759767
(18,44): 0.0430028247833252
(19,1): 0.029778280258178712
(19,3): -0.00041303157806396487
(19,8): 0.05800275325775146
(19,17): 0.025387086868286134
(19,18): 0.02650146484375
(19,24): -0.0018931055068969727
(19,36): 0.04093672752380371
(19,39): 0.052156777381896974
(19,40): 0.021598877906799315
(19,41): 0.03058232307434082
(20,4): -0.08322308540344238
(20,5): -0.05340843677520752
(20,8): 0.03826907157897949
(20,9): -0.07948299884796142
(20,40): -0.04070868015289306
(20,42): 0.01746497631072998
(21,1): 0.016437039375305176
(21,6): -0.005892319679260254
(21,12): -0.005000061988830566
(21,13): 0.018960313796997072
(21,14): -0.035676035881042484
(21,22): -0.04302254676818848
(21,23): -0.054345078468322754
(21,26): -0.014197750091552734
(22,0): -0.009920535087585449
(22,10): -0.041615967750549314
(22,11): -0.021878623962402345
(22,12): -0.023113784790039064
(22,13): 0.014400405883789063
(22,14): -0.03494345188140869
(22,21): 0.003694300651550293
(22,23): 0.015707292556762696
(22,25): -0.007855391502380371
(22,26): -0.007584714889526367
(22,32): -0.018325743675231935
(22,34): 0.01530785083770752
(22,35): 0.016018548011779786
(23,1): -0.004790921211242676
(23,6): -0.03207944393157959
(23,12): -0.0006308412551879883
(23,13): -0.020617499351501464
(23,14): -0.022872347831726075
(23,21): -0.04835033893585205
(23,22): -0.023837738037109375
(23,26): -0.006843533515930176
(24,3): -0.03174959182739258
(24,8): 0.09148951053619385
(24,17): 0.01401099681854248
(24,18): -0.006563448905944824
(24,19): 0.022237582206726073
(24,35): 0.047856230735778806
(24,42): 0.019742369651794434
(25,10): -0.0397507905960083
(25,11): -0.020550389289855957
(25,22): -0.03182478904724121
(26,6): 0.09455958366394043
(26,12): 0.0028990030288696287
(26,14): -0.0018003225326538087
(26,21): -0.015498080253601075
(26,22): 0.0027389097213745116
(26,23): -0.0786436653137207
(27,1): -0.012821130752563477
(27,3): 0.0059445762634277345
(27,36): -0.05617465496063232
(28,1): 0.07257893562316894
(28,2): 0.005750136375427246
(28,4): 0.06528484344482421
(28,42): -0.07077725887298585
(28,43): -0.006927909851074218
(29,6): 0.006863436698913574
(29,42): 0.04185746192932129
(30,2): -0.006144227981567382
(30,37): -0.011733937263488769
(31,10): 0.0016607999801635741
(31,12): -0.010464458465576172
(32,10): 0.0068557834625244144
(32,11): 0.005203380584716797
(32,22): -0.01644059658050537
(32,41): -0.016490416526794435
(33,10): -0.029946117401123046
(33,14): -0.0005064916610717774
(34,10): 0.010994591712951661
(34,11): -0.0001998138427734375
(34,22): 0.004694714546203614
(35,11): 0.0028857946395874023
(35,14): 0.009667410850524902
(35,22): 0.009304957389831543
(35,24): 0.04379426956176758
(36,15): 0.029280948638916015
(36,19): 0.01364619255065918
(36,27): -0.10892672538757324
(37,16): 0.016282415390014647
(37,30): -0.02342165470123291
(37,39): 0.0034228801727294923
(37,44): -0.009619131088256835
(38,18): 0.0685297441482544
(39,19): -0.004548501968383789
(39,37): -0.00446983814239502
(39,44): -0.034576306343078615
(40,17): 0.0542657470703125
(40,19): 0.036907596588134764
(40,20): 0.05198757171630859
(41,14): -0.0029724979400634764
(41,19): 0.04152631759643555
(41,32): 0.02548595905303955
(42,15): 0.043302083015441896
(42,20): 0.128052396774292
(42,24): 0.04120949745178223
(42,28): -0.08059090137481689
(42,29): -0.03885319709777832
(43,15): 0.024820723533630372
(43,28): -0.04400659561157227
(44,18): 0.015983772277832032
(44,37): -0.0092686128616333
(44,39): -0.021399331092834473
