Interaction name: 5ko1

Affinity: 6.639999866485596
Predicted value: 7.222532749176025

Attributions for edges: 

(0,1): 0.5178711414337158
(0,3): 0.44818511605262756
(0,4): 0.4930538535118103
(0,6): 0.394164115190506
(0,20): 0.5122723579406738
(0,21): 0.4874642789363861
(1,0): 0.5138412117958069
(1,6): 0.5156697630882263
(1,20): 0.4225374162197113
(1,21): 0.5486237406730652
(2,3): 0.4322507083415985
(2,5): 0.417499303817749
(2,7): 0.4155491292476654
(2,10): 0.42434069514274597
(2,12): 0.5142836570739746
(2,19): 0.43087461590766907
(3,0): 0.46611130237579346
(3,2): 0.5616729259490967
(3,4): 0.4740120768547058
(3,5): 0.5726650953292847
(3,10): 0.5614873766899109
(3,12): 0.3524673879146576
(3,13): 0.3939129114151001
(3,19): 0.35656991600990295
(3,21): 0.47737687826156616
(4,0): 0.5132513046264648
(4,3): 0.5994091033935547
(4,6): 0.4380398094654083
(4,10): 0.5503702759742737
(4,12): 0.5884179472923279
(4,19): 0.4726477861404419
(5,2): 0.5757372975349426
(5,3): 0.5156655311584473
(5,7): 0.4101368486881256
(5,8): 0.560706615447998
(5,9): 0.4339103400707245
(5,10): 0.49724188446998596
(5,12): 0.5569350123405457
(5,13): 0.35555702447891235
(5,14): 0.4998663365840912
(6,0): 0.5432301759719849
(6,1): 0.4213152825832367
(6,4): 0.46154889464378357
(6,22): 0.3201572299003601
(7,2): 0.5494467616081238
(7,5): 0.4140232503414154
(7,8): 0.49101871252059937
(7,9): 0.47852542996406555
(7,11): 0.49052074551582336
(7,14): 0.5855832695960999
(7,16): 0.4232163727283478
(7,24): 0.47023633122444153
(7,25): 0.4598439633846283
(7,28): 0.4066173732280731
(7,29): 0.513989269733429
(8,5): 0.36473187804222107
(8,7): 0.4389727711677551
(8,9): 0.4886628985404968
(8,11): 0.49079692363739014
(8,14): 0.42550620436668396
(8,16): 0.4410983920097351
(9,5): 0.4587446451187134
(9,7): 0.48318591713905334
(9,8): 0.49340468645095825
(9,11): 0.47086480259895325
(9,14): 0.40374287962913513
(9,16): 0.5625144839286804
(10,2): 0.5046401619911194
(10,3): 0.5012194514274597
(10,4): 0.47235769033432007
(10,5): 0.41847434639930725
(10,12): 0.47725385427474976
(10,13): 0.44581761956214905
(10,15): 0.4300800561904907
(10,17): 0.5577622056007385
(10,19): 0.3582046627998352
(10,23): 0.4202808439731598
(10,24): 0.4021821618080139
(11,7): 0.44292041659355164
(11,8): 0.5196163058280945
(11,9): 0.49964407086372375
(11,14): 0.5154309272766113
(11,16): 0.48746058344841003
(12,2): 0.43115320801734924
(12,3): 0.5232833027839661
(12,4): 0.5412853956222534
(12,5): 0.5000472068786621
(12,10): 0.4377230703830719
(12,13): 0.5155400037765503
(12,15): 0.5320587158203125
(12,17): 0.4538719654083252
(12,18): 0.4368368089199066
(12,19): 0.561294436454773
(12,26): 0.5540294647216797
(13,3): 0.4003753066062927
(13,5): 0.4784204065799713
(13,10): 0.4252850413322449
(13,12): 0.3905505836009979
(13,15): 0.6184004545211792
(13,17): 0.39072075486183167
(13,18): 0.42738091945648193
(13,19): 0.41899654269218445
(13,24): 0.3499029576778412
(13,25): 0.41487917304039
(13,28): 0.4636770486831665
(14,5): 0.46083930134773254
(14,7): 0.38690346479415894
(14,8): 0.45230263471603394
(14,9): 0.42727917432785034
(14,11): 0.464778870344162
(14,16): 0.3689733147621155
(14,24): 0.5561404824256897
(14,25): 0.5537810921669006
(14,29): 0.3838158845901489
(15,10): 0.47540485858917236
(15,12): 0.3399481475353241
(15,13): 0.5039222836494446
(15,17): 0.3654109537601471
(15,18): 0.38299545645713806
(15,19): 0.6056076884269714
(15,27): 0.6314808130264282
(15,28): 0.5404694080352783
(16,7): 0.3528548777103424
(16,8): 0.5562956929206848
(16,9): 0.5886302590370178
(16,11): 0.5950696468353271
(16,14): 0.5500230193138123
(16,26): 0.521361768245697
(16,28): 0.542876124382019
(17,10): 0.4274199604988098
(17,12): 0.40651509165763855
(17,13): 0.4059092104434967
(17,15): 0.4936598539352417
(17,18): 0.5420612096786499
(17,19): 0.41103440523147583
(18,12): 0.39444923400878906
(18,13): 0.5299440026283264
(18,15): 0.6226950883865356
(18,17): 0.5612907409667969
(18,19): 0.49044325947761536
(18,29): 0.6002490520477295
(19,2): 0.4380429685115814
(19,3): 0.53578120470047
(19,4): 0.5021930932998657
(19,10): 0.4324560761451721
(19,12): 0.3992138206958771
(19,13): 0.5263240933418274
(19,15): 0.4171483516693115
(19,17): 0.5006823539733887
(19,18): 0.5515929460525513
(19,29): 0.529613733291626
(20,0): 0.5350708365440369
(20,1): 0.4077610969543457
(21,0): 0.5289257764816284
(21,1): 0.4194469749927521
(21,3): 0.43093764781951904
(21,22): 0.5368270874023438
(22,6): 0.4508231580257416
(22,21): 0.47182124853134155
(23,10): 0.4869510233402252
(23,25): 0.4738706648349762
(24,7): 0.4855986535549164
(24,10): 0.4168684482574463
(24,13): 0.365609347820282
(24,14): 0.46764424443244934
(24,27): 0.38679367303848267
(25,7): 0.5019521713256836
(25,13): 0.498836487531662
(25,14): 0.4605362117290497
(25,23): 0.46295687556266785
(26,12): 0.4339163601398468
(26,16): 0.3854201138019562
(27,15): 0.543427050113678
(27,24): 0.5726912617683411
(27,29): 0.534873366355896
(28,7): 0.562207818031311
(28,13): 0.48711609840393066
(28,15): 0.5162151455879211
(28,16): 0.5583052635192871
(29,7): 0.39682313799858093
(29,14): 0.45900869369506836
(29,18): 0.41391873359680176
(29,19): 0.30780988931655884
(29,27): 0.4026302397251129
