Interaction name: 6hu2

Affinity: 5.900000095367432
Predicted value: 6.1248555183410645

Attributions for edges: 

(0,1): 0.45808398723602295
(0,3): 0.5228147506713867
(0,9): 0.38725578784942627
(0,21): 0.4597536027431488
(0,22): 0.3606927990913391
(1,0): 0.4387788772583008
(1,2): 0.5015599131584167
(1,3): 0.6153359413146973
(1,9): 0.3399297595024109
(1,16): 0.4707995355129242
(1,17): 0.5227618217468262
(1,21): 0.5017946362495422
(2,1): 0.5112698078155518
(2,3): 0.49572858214378357
(2,9): 0.47413164377212524
(3,0): 0.42440417408943176
(3,1): 0.6100136041641235
(3,2): 0.6441166996955872
(3,9): 0.4870825707912445
(3,16): 0.4067155122756958
(3,17): 0.4590572416782379
(3,22): 0.44515731930732727
(4,5): 0.6225239038467407
(4,6): 0.4294297695159912
(4,7): 0.4901869297027588
(4,8): 0.4704011380672455
(4,9): 0.40956979990005493
(4,10): 0.49470576643943787
(4,11): 0.4369542896747589
(4,13): 0.49371159076690674
(4,15): 0.4453568160533905
(4,16): 0.5562594532966614
(4,19): 0.399436891078949
(4,20): 0.5887231230735779
(5,4): 0.5172153115272522
(5,6): 0.46800658106803894
(5,7): 0.3962065875530243
(5,9): 0.48851707577705383
(5,10): 0.4338449537754059
(5,11): 0.45802056789398193
(5,13): 0.46116602420806885
(5,16): 0.4382970631122589
(5,17): 0.5138105154037476
(5,19): 0.5905370712280273
(6,4): 0.39006203413009644
(6,5): 0.5269734263420105
(6,10): 0.4492391347885132
(6,11): 0.4117605686187744
(6,16): 0.44990700483322144
(6,17): 0.5812773108482361
(6,19): 0.6167236566543579
(7,4): 0.616923451423645
(7,5): 0.49805447459220886
(7,8): 0.44797903299331665
(7,10): 0.42394232749938965
(7,12): 0.5266344547271729
(7,13): 0.6469671726226807
(7,15): 0.3607277274131775
(7,16): 0.3693098723888397
(7,18): 0.5036805868148804
(7,20): 0.48059141635894775
(7,23): 0.410991907119751
(8,4): 0.5450074672698975
(8,7): 0.4828824996948242
(8,12): 0.527081310749054
(8,13): 0.49574270844459534
(8,14): 0.5292085409164429
(8,15): 0.5781377553939819
(8,18): 0.46294572949409485
(9,0): 0.623910129070282
(9,1): 0.4393374025821686
(9,2): 0.4445149004459381
(9,3): 0.41153040528297424
(9,4): 0.33960869908332825
(9,5): 0.4132137596607208
(9,10): 0.44012463092803955
(9,11): 0.7052667737007141
(9,16): 0.6367882490158081
(9,17): 0.5684977173805237
(9,19): 0.5183295607566833
(10,4): 0.3922559320926666
(10,5): 0.4909909665584564
(10,6): 0.39622631669044495
(10,7): 0.4589207172393799
(10,9): 0.40984606742858887
(10,11): 0.48858878016471863
(10,16): 0.605182945728302
(10,17): 0.4400443732738495
(10,19): 0.4335820972919464
(11,4): 0.35990622639656067
(11,5): 0.4918249845504761
(11,6): 0.4974063038825989
(11,9): 0.507472574710846
(11,10): 0.5887176990509033
(11,16): 0.5149800181388855
(11,17): 0.5953124165534973
(12,7): 0.47308963537216187
(12,8): 0.6065857410430908
(12,13): 0.3480982482433319
(12,14): 0.5653811097145081
(12,15): 0.4743715822696686
(12,18): 0.46762415766716003
(12,20): 0.5244503617286682
(13,4): 0.558050811290741
(13,5): 0.4710296094417572
(13,7): 0.5394902229309082
(13,8): 0.47670745849609375
(13,12): 0.3803742527961731
(13,14): 0.3690786361694336
(13,15): 0.502754807472229
(13,18): 0.41794610023498535
(13,20): 0.5048312544822693
(14,8): 0.48389559984207153
(14,12): 0.4652423560619354
(14,13): 0.43607378005981445
(14,15): 0.4471874237060547
(14,18): 0.5010276436805725
(14,20): 0.496054083108902
(15,4): 0.5886445045471191
(15,7): 0.6293846964836121
(15,8): 0.37898001074790955
(15,12): 0.4461687505245209
(15,13): 0.6297759413719177
(15,14): 0.4448569118976593
(15,18): 0.601643979549408
(15,20): 0.46912530064582825
(16,1): 0.5958184003829956
(16,3): 0.4830223023891449
(16,4): 0.44846266508102417
(16,5): 0.6696200966835022
(16,6): 0.44409483671188354
(16,7): 0.5794878602027893
(16,9): 0.4523176848888397
(16,10): 0.5444334149360657
(16,11): 0.436565637588501
(16,17): 0.4628857374191284
(16,19): 0.612728476524353
(17,1): 0.464263379573822
(17,3): 0.6031126379966736
(17,5): 0.5400030612945557
(17,6): 0.4828164875507355
(17,9): 0.521934986114502
(17,10): 0.7050725817680359
(17,11): 0.5083878040313721
(17,16): 0.5065765380859375
(17,19): 0.5764074325561523
(18,7): 0.5211562514305115
(18,8): 0.4728793501853943
(18,12): 0.4418186843395233
(18,13): 0.5713889598846436
(18,14): 0.49869295954704285
(18,15): 0.44948965311050415
(18,20): 0.5906516909599304
(19,4): 0.4114050269126892
(19,5): 0.5574782490730286
(19,6): 0.5905826091766357
(19,9): 0.5561936497688293
(19,10): 0.5279393792152405
(19,16): 0.468405157327652
(19,17): 0.48960384726524353
(20,4): 0.6111572980880737
(20,7): 0.4362238049507141
(20,12): 0.4186568856239319
(20,13): 0.599452555179596
(20,14): 0.4708896577358246
(20,15): 0.4771282970905304
(20,18): 0.40045544505119324
(21,0): 0.47874903678894043
(21,1): 0.5566140413284302
(21,22): 0.6410111784934998
(22,0): 0.6455196738243103
(22,3): 0.5012627243995667
(22,21): 0.6043732166290283
(23,7): 0.4760521352291107
