Interaction name: 6cwn

Affinity: 6.650000095367432
Predicted value: 7.166860580444336

Attributions for edges: 

(0,1): 0.5099141597747803
(0,7): 0.5379757285118103
(0,8): 0.5366320013999939
(0,9): 0.41647377610206604
(0,12): 0.3898097574710846
(0,17): 0.4684041142463684
(0,19): 0.43776869773864746
(0,21): 0.42220938205718994
(0,25): 0.5280539989471436
(0,26): 0.5775169730186462
(1,0): 0.4725936949253082
(1,2): 0.40386122465133667
(1,8): 0.49632105231285095
(1,13): 0.444455087184906
(1,17): 0.48208656907081604
(1,19): 0.5066323280334473
(1,20): 0.41601696610450745
(1,21): 0.492875337600708
(1,25): 0.498658686876297
(1,26): 0.4731191098690033
(2,1): 0.4806927740573883
(2,3): 0.459334135055542
(2,4): 0.3710727095603943
(2,5): 0.505099356174469
(2,6): 0.3962381184101105
(2,9): 0.5154765248298645
(2,10): 0.44665756821632385
(2,11): 0.47032925486564636
(2,13): 0.3910163640975952
(2,14): 0.35010239481925964
(2,15): 0.5921657085418701
(2,16): 0.5779715776443481
(2,19): 0.3992612659931183
(2,20): 0.49049118161201477
(2,23): 0.4235389828681946
(2,25): 0.5616989731788635
(2,26): 0.5306242108345032
(3,2): 0.4485737085342407
(3,4): 0.5872513651847839
(3,5): 0.5229517817497253
(3,11): 0.46715670824050903
(3,13): 0.4922868311405182
(3,14): 0.47638651728630066
(3,15): 0.459067165851593
(3,21): 0.5067864060401917
(3,22): 0.47829219698905945
(3,23): 0.5651177763938904
(3,24): 0.588502049446106
(3,25): 0.4815234839916229
(3,26): 0.6569951772689819
(3,29): 0.5687084794044495
(4,2): 0.5325646996498108
(4,3): 0.4544772207736969
(4,5): 0.522494912147522
(4,10): 0.538486123085022
(4,13): 0.5065909624099731
(4,14): 0.5580727458000183
(4,15): 0.45722270011901855
(4,16): 0.5316873788833618
(4,21): 0.5468611121177673
(4,22): 0.39943212270736694
(4,23): 0.46191489696502686
(4,24): 0.4982629120349884
(4,25): 0.5243673324584961
(4,26): 0.41851410269737244
(4,29): 0.44798141717910767
(5,2): 0.4711788296699524
(5,3): 0.47964799404144287
(5,4): 0.3983438014984131
(5,6): 0.4711996912956238
(5,10): 0.4792618155479431
(5,11): 0.44246920943260193
(5,13): 0.4982602596282959
(5,14): 0.46127936244010925
(5,15): 0.5148323774337769
(5,16): 0.45769378542900085
(5,20): 0.45848947763442993
(5,25): 0.39400792121887207
(5,26): 0.43373677134513855
(6,2): 0.44892099499702454
(6,5): 0.48714479804039
(6,7): 0.5313372611999512
(6,8): 0.4813176989555359
(6,13): 0.5307616591453552
(6,16): 0.608550488948822
(6,17): 0.4884897470474243
(6,18): 0.42698660492897034
(6,19): 0.5483527183532715
(6,20): 0.5732129216194153
(6,26): 0.45337602496147156
(7,0): 0.5767711997032166
(7,6): 0.5113275647163391
(7,8): 0.5273004770278931
(7,17): 0.5101206302642822
(7,18): 0.5063119530677795
(7,19): 0.436696320772171
(7,20): 0.39480775594711304
(7,21): 0.45913687348365784
(7,26): 0.49227532744407654
(8,0): 0.5255081057548523
(8,1): 0.48349156975746155
(8,6): 0.4554983675479889
(8,7): 0.5365808606147766
(8,9): 0.45562151074409485
(8,12): 0.44624584913253784
(8,13): 0.44807571172714233
(8,17): 0.5072601437568665
(8,19): 0.5695854425430298
(8,20): 0.45739415287971497
(8,27): 0.49372977018356323
(9,0): 0.528326153755188
(9,2): 0.5041327476501465
(9,8): 0.4367195963859558
(9,13): 0.5423424243927002
(9,17): 0.4401994049549103
(9,19): 0.5565322041511536
(9,20): 0.45340484380722046
(10,2): 0.41923144459724426
(10,4): 0.43000710010528564
(10,5): 0.4328967034816742
(10,11): 0.5369016528129578
(10,13): 0.45066946744918823
(10,14): 0.48584210872650146
(10,15): 0.39286211133003235
(11,2): 0.4416169822216034
(11,3): 0.46838390827178955
(11,5): 0.462503582239151
(11,10): 0.5273138880729675
(11,13): 0.5528823733329773
(11,14): 0.39597728848457336
(11,15): 0.44510403275489807
(11,16): 0.4044719636440277
(12,0): 0.4786653220653534
(12,8): 0.39913463592529297
(12,30): 0.4186011850833893
(12,31): 0.45364752411842346
(12,35): 0.4766944646835327
(12,39): 0.5631908774375916
(13,1): 0.5138010382652283
(13,2): 0.46217289566993713
(13,3): 0.37204569578170776
(13,4): 0.52285236120224
(13,5): 0.4000476002693176
(13,6): 0.503928005695343
(13,8): 0.48831290006637573
(13,9): 0.5476816296577454
(13,10): 0.47899726033210754
(13,11): 0.5062444806098938
(13,14): 0.5270834565162659
(13,15): 0.42410677671432495
(13,16): 0.4924148619174957
(13,17): 0.48952287435531616
(13,19): 0.467397540807724
(13,20): 0.5453037619590759
(13,30): 0.4748144745826721
(13,33): 0.5308838486671448
(13,39): 0.48019537329673767
(14,2): 0.4888351559638977
(14,3): 0.40696609020233154
(14,4): 0.3722931742668152
(14,5): 0.462759792804718
(14,10): 0.4107307195663452
(14,11): 0.4612474739551544
(14,13): 0.44967836141586304
(14,15): 0.479105144739151
(14,16): 0.4731258749961853
(14,19): 0.43382421135902405
(14,20): 0.4796554148197174
(14,30): 0.4448314309120178
(14,34): 0.5287190675735474
(15,2): 0.44603225588798523
(15,3): 0.49339523911476135
(15,4): 0.37013009190559387
(15,5): 0.5108714699745178
(15,10): 0.467915415763855
(15,11): 0.4918636679649353
(15,13): 0.43400126695632935
(15,14): 0.46737825870513916
(15,16): 0.44718125462532043
(15,34): 0.5305414199829102
(15,36): 0.4351315200328827
(15,40): 0.46590954065322876
(16,2): 0.4219788908958435
(16,4): 0.41028541326522827
(16,5): 0.46302688121795654
(16,6): 0.5008752346038818
(16,11): 0.4580162465572357
(16,13): 0.44009995460510254
(16,14): 0.5231061577796936
(16,15): 0.48505470156669617
(16,17): 0.5447397232055664
(16,19): 0.45940592885017395
(16,20): 0.4652671217918396
(16,30): 0.5111232995986938
(16,34): 0.4257940649986267
(16,41): 0.47338294982910156
(17,0): 0.5353882312774658
(17,1): 0.5113140344619751
(17,6): 0.5951763391494751
(17,7): 0.48163655400276184
(17,8): 0.45363619923591614
(17,9): 0.5892192125320435
(17,13): 0.48455414175987244
(17,16): 0.5963147878646851
(17,18): 0.5704790353775024
(17,19): 0.5656532049179077
(17,20): 0.43894657492637634
(17,31): 0.5523337125778198
(17,38): 0.5318654775619507
(17,39): 0.5922408103942871
(18,6): 0.4112091660499573
(18,7): 0.4495297372341156
(18,17): 0.5213837027549744
(18,30): 0.589932382106781
(18,31): 0.6259808540344238
(18,38): 0.4913690984249115
(18,39): 0.5216524004936218
(19,0): 0.5114636421203613
(19,1): 0.36745646595954895
(19,2): 0.5280681252479553
(19,6): 0.5004293322563171
(19,7): 0.4545922577381134
(19,8): 0.4305216670036316
(19,9): 0.4599304497241974
(19,13): 0.5243003964424133
(19,14): 0.4326338768005371
(19,16): 0.5859302282333374
(19,17): 0.4066348671913147
(19,20): 0.5255584716796875
(19,32): 0.4407190680503845
(20,1): 0.45563384890556335
(20,2): 0.5285121202468872
(20,5): 0.43029460310935974
(20,6): 0.4016803801059723
(20,7): 0.40802741050720215
(20,8): 0.45150232315063477
(20,9): 0.44814828038215637
(20,13): 0.44430339336395264
(20,14): 0.406389057636261
(20,16): 0.4856482446193695
(20,17): 0.46962133049964905
(20,19): 0.4302315413951874
(20,37): 0.49138787388801575
(21,0): 0.5393422842025757
(21,1): 0.48728570342063904
(21,3): 0.5614559054374695
(21,4): 0.619983434677124
(21,7): 0.6152198314666748
(21,22): 0.5963619351387024
(21,23): 0.5097781419754028
(22,3): 0.4408332109451294
(22,4): 0.5833080410957336
(22,21): 0.3987977206707001
(22,23): 0.424601674079895
(22,24): 0.4104604721069336
(22,27): 0.46007150411605835
(22,28): 0.5127759575843811
(22,30): 0.48291608691215515
(23,2): 0.5287370085716248
(23,3): 0.5275328159332275
(23,4): 0.4242844581604004
(23,21): 0.4221039116382599
(23,22): 0.4472231864929199
(23,24): 0.5304916501045227
(23,28): 0.4714321494102478
(23,30): 0.493378221988678
(24,3): 0.4604054093360901
(24,4): 0.3986228406429291
(24,22): 0.5552923083305359
(24,23): 0.4530564248561859
(24,27): 0.41732797026634216
(24,30): 0.5269916653633118
(25,0): 0.4385901987552643
(25,1): 0.5172359347343445
(25,2): 0.5116796493530273
(25,3): 0.490063339471817
(25,4): 0.56620192527771
(25,5): 0.480729341506958
(25,26): 0.47209516167640686
(25,29): 0.4152248799800873
(26,0): 0.5895508527755737
(26,1): 0.4418882131576538
(26,2): 0.49738168716430664
(26,3): 0.5402340888977051
(26,4): 0.4151589870452881
(26,5): 0.5264207720756531
(26,6): 0.37989041209220886
(26,7): 0.4619719088077545
(26,25): 0.46129733324050903
(26,29): 0.4447517991065979
(26,34): 0.4265177249908447
(27,8): 0.5297691822052002
(27,22): 0.5299561619758606
(27,24): 0.5362523794174194
(28,22): 0.5325028300285339
(28,23): 0.4577513635158539
(29,3): 0.4762823283672333
(29,4): 0.4940410852432251
(29,25): 0.47912856936454773
(29,26): 0.5117201805114746
(30,12): 0.47784364223480225
(30,13): 0.396503746509552
(30,14): 0.43454185128211975
(30,16): 0.4817860424518585
(30,18): 0.5872584581375122
(30,22): 0.4988342821598053
(30,23): 0.5340428352355957
(30,24): 0.5372191071510315
(31,12): 0.5157978534698486
(31,17): 0.48391643166542053
(31,18): 0.5237861275672913
(32,19): 0.41158929467201233
(32,33): 0.5344383716583252
(32,37): 0.5479392409324646
(32,38): 0.48148655891418457
(33,13): 0.5007803440093994
(33,32): 0.5498157143592834
(33,37): 0.46889445185661316
(33,38): 0.5709247589111328
(34,14): 0.5100683569908142
(34,15): 0.397025465965271
(34,16): 0.4408503472805023
(34,26): 0.38215172290802
(34,35): 0.44078946113586426
(35,12): 0.470056414604187
(35,34): 0.43701833486557007
(36,15): 0.5692248344421387
(37,20): 0.4883670210838318
(37,32): 0.5071746110916138
(37,33): 0.4700951874256134
(37,38): 0.5197267532348633
(38,17): 0.4639996588230133
(38,18): 0.599070131778717
(38,32): 0.5041072964668274
(38,33): 0.537818968296051
(38,37): 0.42932549118995667
(39,12): 0.4732862710952759
(39,13): 0.4694555997848511
(39,17): 0.33724138140678406
(39,18): 0.4404755234718323
(39,41): 0.4511684775352478
(40,15): 0.5063701868057251
(41,16): 0.4427761137485504
(41,39): 0.41768020391464233
