Interaction name: 5ung

Affinity: 9.470000267028809
Predicted value: 8.345663070678711

Attributions for edges: 

(0,4): 9.278979773681927e-32
(0,5): 3.1553181251071534e-31
(0,7): 2.3346999469172758e-26
(0,27): 2.7325633927648113e-25
(0,40): 3.801157857058533e-27
(0,41): 3.9732122530878253e-28
(1,14): 2.304422668431101e-32
(1,15): 4.440032122942873e-30
(1,16): 1.8677328177503415e-30
(1,35): 4.993585766360913e-30
(1,36): 1.37367678646086e-35
(1,40): 3.8092773120423466e-32
(2,9): 6.5089626420044e-23
(2,10): 3.1696144026410754e-23
(2,19): 6.5089626420044e-23
(2,20): 6.5089626420044e-23
(2,22): 6.479655512742354e-23
(2,28): 6.505288443452243e-23
(2,30): 6.485368127873602e-23
(2,39): 2.6745868296749756e-23
(3,8): 5.438275814139027e-23
(3,9): 7.088683899476838e-23
(3,10): 3.451902913320259e-23
(3,12): 7.088683899476838e-23
(3,13): 3.48718645280026e-24
(3,19): 7.088683899476838e-23
(3,20): 7.088683899476838e-23
(3,21): 7.088683899476838e-23
(3,39): 2.912787482083167e-23
(4,0): 5.121681783778494e-32
(4,5): 4.4822712922878535e-37
(4,7): 1.7166687927021575e-31
(4,23): 1.3564449482839133e-29
(4,24): 1.1748998704152349e-29
(4,25): 6.056731445267202e-30
(4,27): 6.368986379195904e-30
(4,31): 1.579963562804635e-29
(4,34): 1.0282823596360419e-29
(4,38): 1.6249622482744515e-31
(4,40): 8.859605707105164e-32
(4,41): 9.260623841646661e-33
(5,0): 1.7164984635707233e-31
(5,4): 4.411804140360413e-37
(5,7): 5.75330475603182e-31
(5,25): 3.1149461289784446e-29
(5,27): 3.2755127140013313e-29
(5,34): 5.288443534360722e-29
(5,40): 4.55644979206413e-31
(5,41): 4.762727539086821e-32
(6,9): 7.088683899476838e-23
(6,10): 3.451902913320259e-23
(6,19): 7.088683899476838e-23
(6,20): 7.088683899476838e-23
(6,22): 7.056765956162872e-23
(6,28): 7.084682796965557e-23
(6,30): 7.062960091990667e-23
(6,39): 2.912787482083167e-23
(7,0): 2.39223656474546e-26
(7,4): 3.0969811616622853e-31
(7,5): 1.1285584600662707e-30
(7,27): 7.038181497641132e-25
(8,3): 5.410961031979206e-23
(8,10): 2.634929687564248e-23
(8,21): 5.410961031979206e-23
(8,42): 5.410961031979206e-23
(8,43): 5.410961031979206e-23
(8,60): 2.8472022175118165e-23
(9,2): 6.529155587911886e-23
(9,3): 7.088683899476838e-23
(9,6): 7.088683899476838e-23
(9,10): 3.451902913320259e-23
(9,12): 7.088683899476838e-23
(9,19): 7.088683899476838e-23
(9,20): 7.088683899476838e-23
(9,21): 7.088683899476838e-23
(9,22): 7.056765956162872e-23
(9,28): 7.084682796965557e-23
(9,39): 2.912787482083167e-23
(9,44): 7.088683899476838e-23
(9,45): 7.088683899476838e-23
(10,2): 3.329770836885218e-23
(10,3): 3.6151078216465374e-23
(10,6): 3.6151078216465374e-23
(10,8): 2.7734279456555475e-23
(10,9): 3.6151078216465374e-23
(10,20): 3.6151078216465374e-23
(10,21): 3.6151078216465374e-23
(10,22): 3.598829834639483e-23
(10,23): 2.789034454260078e-23
(10,24): 2.4157442117320468e-23
(10,28): 3.6130671962569117e-23
(10,30): 3.60198874924835e-23
(10,38): 3.341129645059495e-25
(10,39): 1.485477622667453e-23
(10,45): 3.6151078216465374e-23
(10,46): 3.6151078216465374e-23
(10,47): 3.6151078216465374e-23
(11,25): 2.4419179854785558e-23
(11,26): 7.088683899476838e-23
(11,27): 2.5678113507096908e-23
(11,29): 6.472219394305378e-23
(11,34): 4.145784650008299e-23
(11,37): 6.852422582718042e-23
(11,56): 5.1535329994115194e-23
(11,64): 7.088683899476838e-23
(12,3): 7.088683899476838e-23
(12,9): 7.088683899476838e-23
(12,13): 3.48718645280026e-24
(12,19): 7.088683899476838e-23
(12,20): 7.088683899476838e-23
(12,39): 2.912787482083167e-23
(12,42): 7.088683899476838e-23
(12,49): 7.088683899476838e-23
(13,3): 3.420898865364991e-24
(13,12): 3.420898865364991e-24
(13,15): 2.009202298757592e-24
(13,16): 8.451925749943259e-25
(13,18): 3.420898865364991e-24
(13,19): 3.420898865364991e-24
(13,20): 3.420898865364991e-24
(13,35): 2.2596965989557933e-24
(13,36): 8.932099713254274e-30
(13,39): 1.4056756843559128e-24
(13,50): 1.4858454487860349e-24
(13,51): 6.011080654738849e-25
(14,1): 4.4621345317983615e-32
(14,35): 6.430278874582966e-25
(14,50): 4.228178095001103e-25
(14,51): 1.7105425675731183e-25
(14,55): 4.228178095001103e-25
(14,58): 3.7825315876762217e-25
(15,1): 7.1067446893652e-30
(15,13): 2.1720764377063114e-24
(15,16): 1.0908816670390317e-23
(15,17): 3.3161566753829135e-23
(15,18): 4.4153374746892323e-23
(15,32): 1.2369610362016861e-23
(15,33): 4.4153374746892323e-23
(15,49): 4.4153374746892323e-23
(15,58): 1.7156479866048568e-23
(16,1): 2.944303018301213e-30
(16,13): 8.998882458578247e-25
(16,15): 1.074387137713494e-23
(16,17): 1.3738790481276469e-23
(16,18): 1.8292680961003823e-23
(16,32): 5.124692481374911e-24
(16,33): 1.8292680961003823e-23
(16,36): 4.7762529980803205e-29
(16,51): 3.2143240016345172e-24
(17,15): 3.093416118995243e-23
(17,16): 1.3012737103607343e-23
(17,18): 5.2668976757459343e-23
(17,32): 1.4755209358661154e-23
(17,33): 5.2668976757459343e-23
(17,36): 1.3752177397682403e-28
(17,50): 2.2876518178415177e-23
(17,52): 4.9666647882835074e-23
(18,13): 3.48718645280026e-24
(18,15): 4.163392656501556e-23
(18,16): 1.7513691861150747e-23
(18,17): 5.32396355808526e-23
(18,32): 1.9858864891846084e-23
(18,33): 7.088683899476838e-23
(18,36): 1.8508756118601146e-28
(18,52): 6.68457696345853e-23
(18,53): 7.088683899476838e-23
(19,2): 6.529155587911886e-23
(19,3): 7.088683899476838e-23
(19,6): 7.088683899476838e-23
(19,9): 7.088683899476838e-23
(19,12): 7.088683899476838e-23
(19,13): 3.48718645280026e-24
(19,20): 7.088683899476838e-23
(19,35): 4.682475122822741e-23
(19,39): 2.912787482083167e-23
(19,50): 3.07891212239185e-23
(19,51): 1.2455930677709765e-23
(19,53): 7.088683899476838e-23
(19,65): 3.4731286359248597e-23
(20,2): 6.529155587911886e-23
(20,3): 7.088683899476838e-23
(20,6): 7.088683899476838e-23
(20,9): 7.088683899476838e-23
(20,10): 3.451902913320259e-23
(20,12): 7.088683899476838e-23
(20,13): 3.48718645280026e-24
(20,19): 7.088683899476838e-23
(20,35): 4.682475122822741e-23
(20,42): 7.088683899476838e-23
(21,3): 7.088683899476838e-23
(21,8): 5.438275814139027e-23
(21,9): 7.088683899476838e-23
(21,10): 3.451902913320259e-23
(21,28): 7.084682796965557e-23
(21,51): 1.2455930677709765e-23
(21,54): 7.088683899476838e-23
(21,56): 5.1535329994115194e-23
(21,57): 7.088683899476838e-23
(21,61): 7.088683899476838e-23
(22,2): 6.50300642662562e-23
(22,6): 7.06029374213102e-23
(22,9): 7.06029374213102e-23
(22,10): 3.4380779681840797e-23
(22,23): 5.446954546273906e-23
(22,24): 4.717921798737942e-23
(22,25): 2.432138476836531e-23
(22,28): 7.056308416837844e-23
(22,30): 7.034645665291751e-23
(22,31): 6.344517959879477e-23
(22,38): 6.5251896883185e-25
(22,42): 7.06029374213102e-23
(22,49): 7.06029374213102e-23
(22,50): 3.066580964265797e-23
(22,56): 5.132912490893404e-23
(23,4): 2.0325710928203876e-29
(23,10): 2.742643753234565e-23
(23,22): 5.606797329422133e-23
(23,24): 3.763622877740152e-23
(23,25): 1.940179572791741e-23
(23,27): 2.0402057156241358e-23
(23,28): 5.628999661827397e-23
(23,29): 5.142378190667332e-23
(23,30): 5.611740016309885e-23
(23,31): 5.061186101947089e-23
(23,37): 5.444482571741306e-23
(23,38): 5.205292766644057e-25
(23,48): 5.632178455731075e-23
(23,51): 9.896660797337445e-24
(23,59): 5.632178455731075e-23
(23,61): 5.632178455731075e-23
(24,4): 1.7850004720965306e-29
(24,10): 2.408566681899803e-23
(24,22): 4.923842893993214e-23
(24,23): 3.815868819948578e-23
(24,25): 1.7038428409304054e-23
(24,27): 1.7916845537651186e-23
(24,28): 4.9433214474649313e-23
(24,29): 4.515959523049431e-23
(24,30): 4.928164274032015e-23
(24,31): 4.4446739495769534e-23
(24,37): 4.781262596261758e-23
(24,58): 1.9218817863229584e-23
(24,63): 4.946094135774602e-23
(25,4): 9.006688873514515e-30
(25,5): 4.6418941066287907e-29
(25,11): 2.4957197191642582e-23
(25,22): 2.484482711113747e-23
(25,23): 1.9254261383701165e-23
(25,24): 1.6677291042337496e-23
(25,26): 2.4957197191642582e-23
(25,27): 9.04048560221302e-24
(25,29): 2.2786807338551633e-23
(25,30): 2.486663280427959e-23
(25,31): 2.2427028390063865e-23
(25,34): 1.459610715813075e-23
(25,37): 2.412539227646315e-23
(25,38): 2.3065592754609e-25
(25,49): 2.4957197191642582e-23
(26,11): 7.088683899476838e-23
(26,25): 2.4419179854785558e-23
(26,27): 2.5678113507096908e-23
(26,29): 6.472219394305378e-23
(26,31): 6.370030352643048e-23
(26,34): 4.145784650008299e-23
(26,37): 6.852422582718042e-23
(26,62): 7.088683899476838e-23
(27,0): 3.205811896644343e-25
(27,4): 9.396679907139931e-30
(27,5): 4.8428143406645586e-29
(27,7): 8.058548426641223e-25
(27,11): 2.603755324539543e-23
(27,23): 2.0087819147812e-23
(27,24): 1.7399220255194126e-23
(27,25): 8.969446311115152e-24
(27,26): 2.603755324539543e-23
(27,29): 2.377321005849266e-23
(27,31): 2.3397945770435403e-23
(27,34): 1.5227886924460532e-23
(27,37): 2.5169736829892658e-23
(27,38): 2.406415260996039e-25
(27,58): 1.0117219206689093e-23
(28,2): 6.525868877836373e-23
(28,6): 7.085115092741619e-23
(28,9): 7.085115092741619e-23
(28,10): 3.450165210518238e-23
(28,21): 7.085115092741619e-23
(28,22): 7.053213557734481e-23
(28,23): 5.466125128448225e-23
(28,24): 4.7345270052484823e-23
(28,30): 7.059404538118655e-23
(28,31): 6.366823159746782e-23
(28,38): 6.548130256480393e-25
(28,49): 7.085115092741619e-23
(28,56): 5.1509780367116896e-23
(28,61): 7.085115092741619e-23
(29,11): 6.510129525055403e-23
(29,23): 5.0225079362197407e-23
(29,24): 4.3503015728522775e-23
(29,25): 2.2426171687120795e-23
(29,26): 6.510129525055403e-23
(29,27): 2.3582356206527108e-23
(29,31): 5.85012999533533e-23
(29,34): 3.807420750742385e-23
(29,38): 6.0167244614776395e-25
(29,61): 6.510129525055403e-23
(29,63): 6.510129525055403e-23
(30,2): 6.508069020370966e-23
(30,6): 7.065789893829876e-23
(30,10): 3.4407544154633135e-23
(30,22): 7.03400195479309e-23
(30,23): 5.45119483141165e-23
(30,24): 4.72161272114129e-23
(30,25): 2.434040893795562e-23
(30,28): 7.061802044181803e-23
(30,31): 6.349457491323609e-23
(30,38): 6.530269952548124e-25
(30,48): 7.065789893829876e-23
(31,4): 2.3261621104919314e-29
(31,22): 6.416611642463263e-23
(31,23): 4.972769625056832e-23
(31,24): 4.3072193544632613e-23
(31,25): 2.2204167295729877e-23
(31,26): 6.445658763170949e-23
(31,27): 2.334881709098005e-23
(31,28): 6.44202053667607e-23
(31,29): 5.885115029848796e-23
(31,30): 6.422268721786784e-23
(31,34): 3.769715092738993e-23
(31,37): 6.230829219485197e-23
(31,38): 5.957139332115968e-25
(31,61): 6.445658763170949e-23
(31,62): 6.445658763170949e-23
(32,15): 1.1389727577457487e-23
(32,16): 4.7911920673618654e-24
(32,17): 1.4564682095110365e-23
(32,18): 1.9392323086167515e-23
(32,33): 1.9392323086167515e-23
(32,36): 5.063391398121783e-29
(32,65): 9.501310532911452e-24
(33,15): 4.163392656501556e-23
(33,16): 1.7513691861150747e-23
(33,17): 5.32396355808526e-23
(33,18): 7.088683899476838e-23
(33,32): 1.9858864891846084e-23
(33,36): 1.8508756118601146e-28
(33,52): 6.68457696345853e-23
(34,4): 1.553736760397111e-29
(34,5): 8.007633328332572e-29
(34,11): 4.3053137820606095e-23
(34,25): 1.4831052023810913e-23
(34,26): 4.3053137820606095e-23
(34,27): 1.5595609702263876e-23
(34,29): 3.930904303680251e-23
(34,31): 3.868839252012358e-23
(34,37): 4.1618209300339937e-23
(34,58): 1.6728901478200675e-23
(34,59): 4.3053137820606095e-23
(35,1): 7.889769876391442e-30
(35,13): 2.4113878457120995e-24
(35,14): 7.779687575759793e-25
(35,19): 4.9018033824787874e-23
(35,20): 4.9018033824787874e-23
(35,39): 2.0141916073248435e-23
(36,1): 2.0372533920074336e-35
(36,13): 7.564052240761642e-30
(36,16): 3.798907347733206e-29
(36,17): 1.1548203354636412e-28
(36,18): 1.5376114304552428e-28
(36,32): 4.3075842655713166e-29
(36,33): 1.5376114304552428e-28
(37,11): 6.910567942320072e-23
(37,23): 5.33144259055548e-23
(37,24): 4.617905595552953e-23
(37,25): 2.380569850601328e-23
(37,26): 6.910567942320072e-23
(37,27): 2.5032905750438453e-23
(37,31): 6.209971737151153e-23
(37,34): 4.0416303980588824e-23
(37,38): 6.386812145667222e-25
(38,4): 2.211236529264015e-31
(38,10): 2.9837031783987096e-25
(38,22): 6.09964163122542e-25
(38,23): 4.727104514383645e-25
(38,25): 2.1107156810546002e-25
(38,27): 2.2195338660301483e-25
(38,28): 6.123771900239999e-25
(38,29): 5.594378686621691e-25
(38,30): 6.105019690446764e-25
(38,31): 5.5060282373892005e-25
(38,37): 5.923014688470304e-25
(39,2): 2.5945442690658204e-23
(39,3): 2.8168881861903456e-23
(39,6): 2.8168881861903456e-23
(39,9): 2.8168881861903456e-23
(39,10): 1.371716149297712e-23
(39,12): 2.8168881861903456e-23
(39,13): 1.3857318015577283e-24
(39,19): 2.8168881861903456e-23
(39,35): 1.860713196187759e-23
(40,0): 4.6350508562392075e-27
(40,1): 6.059220813163826e-32
(40,4): 1.3585771257651185e-31
(40,5): 7.001821286124928e-31
(40,41): 1.982808192693581e-28
(41,0): 4.594454178941469e-28
(41,4): 1.3466830625004758e-32
(41,5): 6.940521254069942e-32
(41,40): 1.8803382474081075e-28
(42,8): 5.438275814139027e-23
(42,12): 7.088683899476838e-23
(42,20): 7.088683899476838e-23
(42,22): 7.056765956162872e-23
(42,43): 7.088683899476838e-23
(42,45): 7.088683899476838e-23
(42,53): 7.088683899476838e-23
(43,8): 5.438275814139027e-23
(43,42): 7.088683899476838e-23
(43,57): 7.088683899476838e-23
(44,9): 7.088683899476838e-23
(44,45): 7.088683899476838e-23
(44,47): 7.088683899476838e-23
(45,9): 7.088683899476838e-23
(45,10): 3.451902913320259e-23
(45,42): 7.088683899476838e-23
(45,44): 7.088683899476838e-23
(45,53): 7.088683899476838e-23
(46,10): 3.451902913320259e-23
(46,60): 3.729991528540046e-23
(47,10): 3.451902913320259e-23
(47,44): 7.088683899476838e-23
(48,23): 5.468857111535186e-23
(48,30): 7.062960091990667e-23
(48,63): 7.088683899476838e-23
(49,12): 7.088683899476838e-23
(49,15): 4.163392656501556e-23
(49,22): 7.056765956162872e-23
(49,25): 2.4419179854785558e-23
(49,28): 7.084682796965557e-23
(49,55): 3.07891212239185e-23
(50,13): 1.6607005113404114e-24
(50,14): 5.357798808107844e-25
(50,17): 2.5354472276677315e-23
(50,19): 3.375852619980246e-23
(50,22): 3.3606522169697236e-23
(51,13): 6.1728612352577055e-25
(51,14): 1.991506102545512e-25
(51,16): 3.1001955501716674e-24
(51,19): 1.2548070420300485e-23
(51,21): 1.2548070420300485e-23
(51,23): 9.680763767074748e-24
(52,17): 5.05312236577392e-23
(52,18): 6.728016062521068e-23
(52,33): 6.728016062521068e-23
(53,18): 7.088683899476838e-23
(53,19): 7.088683899476838e-23
(53,42): 7.088683899476838e-23
(53,45): 7.088683899476838e-23
(54,21): 7.088683899476838e-23
(54,55): 3.07891212239185e-23
(55,14): 5.357798808107844e-25
(55,49): 3.375852619980246e-23
(55,54): 3.375852619980246e-23
(55,57): 3.375852619980246e-23
(56,11): 5.1224474621247423e-23
(56,21): 5.1224474621247423e-23
(56,22): 5.0993830625222525e-23
(56,28): 5.1195564446792884e-23
(56,60): 2.6953890917456537e-23
(56,62): 5.1224474621247423e-23
(57,21): 7.088683899476838e-23
(57,43): 7.088683899476838e-23
(57,55): 3.07891212239185e-23
(58,14): 4.818444746446923e-25
(58,15): 1.78314797436536e-23
(58,24): 2.028773858930035e-23
(58,27): 1.0997647930344539e-23
(58,34): 1.7755932112482394e-23
(59,23): 5.468857111535186e-23
(59,34): 4.145784650008299e-23
(60,8): 2.826856232588718e-23
(60,46): 3.684750040081259e-23
(60,56): 2.6788548827165834e-23
(61,21): 7.088683899476838e-23
(61,23): 5.468857111535186e-23
(61,28): 7.084682796965557e-23
(61,29): 6.472219394305378e-23
(61,31): 6.370030352643048e-23
(62,26): 7.088683899476838e-23
(62,31): 6.370030352643048e-23
(62,56): 5.1535329994115194e-23
(63,24): 4.7369115739927844e-23
(63,29): 6.472219394305378e-23
(63,48): 7.088683899476838e-23
(64,11): 7.088683899476838e-23
(65,19): 3.4245174492233305e-23
(65,32): 9.593782385943269e-24
