Interaction name: 5ung

Affinity: 9.470000267028809
Predicted value: 8.183781623840332

Attributions for edges: 

(0,4): 0.4867311120033264
(0,5): 0.5744232535362244
(0,7): 0.4784257411956787
(0,27): 0.52326899766922
(0,40): 0.5916578769683838
(0,41): 0.43860742449760437
(1,14): 0.4507125914096832
(1,15): 0.5167303085327148
(1,16): 0.42685776948928833
(1,35): 0.5079975128173828
(1,36): 0.5609012246131897
(1,40): 0.4643658399581909
(2,9): 0.5544032454490662
(2,10): 0.4416333734989166
(2,19): 0.49791115522384644
(2,20): 0.5186190009117126
(2,22): 0.47647786140441895
(2,28): 0.45420369505882263
(2,30): 0.5331066846847534
(2,39): 0.4200271666049957
(3,8): 0.39729276299476624
(3,9): 0.4837387204170227
(3,10): 0.5215628147125244
(3,12): 0.5205297470092773
(3,13): 0.453997403383255
(3,19): 0.5177919864654541
(3,20): 0.420478492975235
(3,21): 0.4947052299976349
(3,39): 0.43363046646118164
(4,0): 0.5051761865615845
(4,5): 0.4329845607280731
(4,7): 0.4546801745891571
(4,23): 0.43904638290405273
(4,24): 0.5279251933097839
(4,25): 0.534881055355072
(4,27): 0.5071489214897156
(4,31): 0.47823962569236755
(4,34): 0.43812647461891174
(4,38): 0.5021092891693115
(4,40): 0.4960637092590332
(4,41): 0.45035386085510254
(5,0): 0.4904334843158722
(5,4): 0.5335111021995544
(5,7): 0.49463850259780884
(5,25): 0.5299540162086487
(5,27): 0.4137822687625885
(5,34): 0.4412309229373932
(5,40): 0.3668077290058136
(5,41): 0.3972134590148926
(6,9): 0.4888719320297241
(6,10): 0.4350184202194214
(6,19): 0.528092622756958
(6,20): 0.5026810765266418
(6,22): 0.4328124523162842
(6,28): 0.5041346549987793
(6,30): 0.47327926754951477
(6,39): 0.5485385656356812
(7,0): 0.46624845266342163
(7,4): 0.443053662776947
(7,5): 0.47760874032974243
(7,27): 0.5493617653846741
(8,3): 0.4871366322040558
(8,10): 0.5129200220108032
(8,21): 0.4643574357032776
(8,42): 0.4866284430027008
(8,43): 0.4305965006351471
(8,60): 0.4396806061267853
(9,2): 0.45917391777038574
(9,3): 0.49172544479370117
(9,6): 0.5459926128387451
(9,10): 0.4971235394477844
(9,12): 0.4991300404071808
(9,19): 0.43996021151542664
(9,20): 0.5011411309242249
(9,21): 0.39394107460975647
(9,22): 0.4123055934906006
(9,28): 0.4047718346118927
(9,39): 0.48412254452705383
(9,44): 0.4831908047199249
(9,45): 0.5209317803382874
(10,2): 0.4879690110683441
(10,3): 0.46919679641723633
(10,6): 0.4908094108104706
(10,8): 0.5188035368919373
(10,9): 0.4455624520778656
(10,20): 0.5370829701423645
(10,21): 0.5202561616897583
(10,22): 0.3893771171569824
(10,23): 0.4431411921977997
(10,24): 0.4985894560813904
(10,28): 0.4735461175441742
(10,30): 0.4332873523235321
(10,38): 0.4752545654773712
(10,39): 0.4701869785785675
(10,45): 0.38379257917404175
(10,46): 0.5045720338821411
(10,47): 0.4868123233318329
(11,25): 0.5089980959892273
(11,26): 0.5150052309036255
(11,27): 0.45154839754104614
(11,29): 0.5114127397537231
(11,34): 0.44813936948776245
(11,37): 0.4308425486087799
(11,56): 0.5007318258285522
(11,64): 0.47169029712677
(12,3): 0.46054697036743164
(12,9): 0.4476105272769928
(12,13): 0.4739224910736084
(12,19): 0.4447120130062103
(12,20): 0.4989768862724304
(12,39): 0.5154320597648621
(12,42): 0.46633824706077576
(12,49): 0.5011059045791626
(13,3): 0.46576517820358276
(13,12): 0.4703473448753357
(13,15): 0.42914602160453796
(13,16): 0.4530944526195526
(13,18): 0.37782371044158936
(13,19): 0.5125367045402527
(13,20): 0.4486280083656311
(13,35): 0.4588414430618286
(13,36): 0.45786046981811523
(13,39): 0.4937881827354431
(13,50): 0.47763392329216003
(13,51): 0.5201386213302612
(14,1): 0.45061513781547546
(14,35): 0.4485030472278595
(14,50): 0.4579559564590454
(14,51): 0.4931502342224121
(14,55): 0.36166879534721375
(14,58): 0.5351185202598572
(15,1): 0.4805653393268585
(15,13): 0.4912046194076538
(15,16): 0.46855464577674866
(15,17): 0.5593968033790588
(15,18): 0.4466511607170105
(15,32): 0.4289613962173462
(15,33): 0.5011739730834961
(15,49): 0.3829619884490967
(15,58): 0.4694613218307495
(16,1): 0.5232180953025818
(16,13): 0.49751201272010803
(16,15): 0.4513237774372101
(16,17): 0.5212221145629883
(16,18): 0.5084337592124939
(16,32): 0.4990530014038086
(16,33): 0.44944462180137634
(16,36): 0.5545855164527893
(16,51): 0.47151926159858704
(17,15): 0.45677176117897034
(17,16): 0.44793468713760376
(17,18): 0.4631986916065216
(17,32): 0.4503863453865051
(17,33): 0.4247356057167053
(17,36): 0.5038824081420898
(17,50): 0.5826675891876221
(17,52): 0.4527294635772705
(18,13): 0.5025045275688171
(18,15): 0.5032781362533569
(18,16): 0.528837263584137
(18,17): 0.526813805103302
(18,32): 0.49016791582107544
(18,33): 0.5395100116729736
(18,36): 0.48052170872688293
(18,52): 0.5523393750190735
(18,53): 0.5197063088417053
(19,2): 0.5355135798454285
(19,3): 0.44959238171577454
(19,6): 0.4102556109428406
(19,9): 0.4941149950027466
(19,12): 0.562346339225769
(19,13): 0.5002356767654419
(19,20): 0.4729841649532318
(19,35): 0.4876747131347656
(19,39): 0.5341140031814575
(19,50): 0.5569595098495483
(19,51): 0.4170096516609192
(19,53): 0.47103777527809143
(19,65): 0.4147576689720154
(20,2): 0.5131399035453796
(20,3): 0.45360785722732544
(20,6): 0.4359472095966339
(20,9): 0.5506263971328735
(20,10): 0.49478262662887573
(20,12): 0.39189785718917847
(20,13): 0.4494759738445282
(20,19): 0.4998142719268799
(20,35): 0.44600212574005127
(20,42): 0.4312342405319214
(21,3): 0.45425838232040405
(21,8): 0.48783761262893677
(21,9): 0.4328848123550415
(21,10): 0.5288884043693542
(21,28): 0.48053574562072754
(21,51): 0.43738365173339844
(21,54): 0.4594182074069977
(21,56): 0.4191758632659912
(21,57): 0.5511302947998047
(21,61): 0.4645814001560211
(22,2): 0.43986013531684875
(22,6): 0.5105370283126831
(22,9): 0.3917042315006256
(22,10): 0.4374932646751404
(22,23): 0.43386220932006836
(22,24): 0.4721131920814514
(22,25): 0.5422284603118896
(22,28): 0.50083327293396
(22,30): 0.4307054579257965
(22,31): 0.5395084023475647
(22,38): 0.4921776056289673
(22,42): 0.45949113368988037
(22,49): 0.3971112370491028
(22,50): 0.4852173328399658
(22,56): 0.4426133334636688
(23,4): 0.5260905623435974
(23,10): 0.5297133326530457
(23,22): 0.4546561539173126
(23,24): 0.4648532569408417
(23,25): 0.40984150767326355
(23,27): 0.5149865746498108
(23,28): 0.4711882770061493
(23,29): 0.47481295466423035
(23,30): 0.49871206283569336
(23,31): 0.5529584884643555
(23,37): 0.4157896935939789
(23,38): 0.4819546639919281
(23,48): 0.49210870265960693
(23,51): 0.5021573305130005
(23,59): 0.46012288331985474
(23,61): 0.5100744366645813
(24,4): 0.4619944989681244
(24,10): 0.420795202255249
(24,22): 0.5332869291305542
(24,23): 0.4702870547771454
(24,25): 0.46966737508773804
(24,27): 0.42236536741256714
(24,28): 0.5249138474464417
(24,29): 0.40813735127449036
(24,30): 0.5033096671104431
(24,31): 0.49137750267982483
(24,37): 0.49449363350868225
(24,58): 0.4188975691795349
(24,63): 0.4632171094417572
(25,4): 0.4691443145275116
(25,5): 0.4468225836753845
(25,11): 0.3650437891483307
(25,22): 0.5763469934463501
(25,23): 0.4671480357646942
(25,24): 0.4215613901615143
(25,26): 0.43126723170280457
(25,27): 0.49335697293281555
(25,29): 0.5166670680046082
(25,30): 0.5195221900939941
(25,31): 0.4490216374397278
(25,34): 0.47924792766571045
(25,37): 0.5325233936309814
(25,38): 0.4617393910884857
(25,49): 0.5059316754341125
(26,11): 0.42777159810066223
(26,25): 0.5085171461105347
(26,27): 0.4104475975036621
(26,29): 0.49068984389305115
(26,31): 0.513952910900116
(26,34): 0.49373099207878113
(26,37): 0.49553611874580383
(26,62): 0.4799059331417084
(27,0): 0.4573742747306824
(27,4): 0.5200753211975098
(27,5): 0.4646645784378052
(27,7): 0.4558170437812805
(27,11): 0.5230922698974609
(27,23): 0.4926856756210327
(27,24): 0.4149656295776367
(27,25): 0.5565580129623413
(27,26): 0.43101102113723755
(27,29): 0.4775777757167816
(27,31): 0.47160017490386963
(27,34): 0.5113868713378906
(27,37): 0.455465167760849
(27,38): 0.42897677421569824
(27,58): 0.5032619833946228
(28,2): 0.4651210606098175
(28,6): 0.3893361985683441
(28,9): 0.5025411248207092
(28,10): 0.45539048314094543
(28,21): 0.5840538740158081
(28,22): 0.5273043513298035
(28,23): 0.5278685688972473
(28,24): 0.45684972405433655
(28,30): 0.4982699155807495
(28,31): 0.49730274081230164
(28,38): 0.5240259170532227
(28,49): 0.47657302021980286
(28,56): 0.49456721544265747
(28,61): 0.40911760926246643
(29,11): 0.5926860570907593
(29,23): 0.4496462643146515
(29,24): 0.500350296497345
(29,25): 0.49691471457481384
(29,26): 0.5117675065994263
(29,27): 0.4728284180164337
(29,31): 0.49991151690483093
(29,34): 0.567968487739563
(29,38): 0.46907326579093933
(29,61): 0.503910481929779
(29,63): 0.506015956401825
(30,2): 0.4882740080356598
(30,6): 0.4321056604385376
(30,10): 0.4982098340988159
(30,22): 0.5288844108581543
(30,23): 0.47107627987861633
(30,24): 0.4546477794647217
(30,25): 0.4659450352191925
(30,28): 0.5107660293579102
(30,31): 0.48100170493125916
(30,38): 0.46081700921058655
(30,48): 0.4857686758041382
(31,4): 0.501699686050415
(31,22): 0.5401976704597473
(31,23): 0.492559015750885
(31,24): 0.4605850577354431
(31,25): 0.45382723212242126
(31,26): 0.5249205231666565
(31,27): 0.514773428440094
(31,28): 0.4249287545681
(31,29): 0.46280574798583984
(31,30): 0.540393054485321
(31,34): 0.481575071811676
(31,37): 0.5179645419120789
(31,38): 0.4943784773349762
(31,61): 0.46177318692207336
(31,62): 0.5057936906814575
(32,15): 0.4509396255016327
(32,16): 0.438590943813324
(32,17): 0.5135089159011841
(32,18): 0.4976283609867096
(32,33): 0.48062193393707275
(32,36): 0.4105624854564667
(32,65): 0.5296435356140137
(33,15): 0.4290643632411957
(33,16): 0.4717990458011627
(33,17): 0.49108096957206726
(33,18): 0.4787188768386841
(33,32): 0.5360229015350342
(33,36): 0.4793736934661865
(33,52): 0.43276867270469666
(34,4): 0.39428991079330444
(34,5): 0.4813831150531769
(34,11): 0.5115206837654114
(34,25): 0.4599386751651764
(34,26): 0.4502348303794861
(34,27): 0.4458886384963989
(34,29): 0.41410553455352783
(34,31): 0.44726166129112244
(34,37): 0.5236778855323792
(34,58): 0.48807376623153687
(34,59): 0.45243197679519653
(35,1): 0.5660494565963745
(35,13): 0.4055144786834717
(35,14): 0.46920570731163025
(35,19): 0.40065979957580566
(35,20): 0.4895654618740082
(35,39): 0.47629356384277344
(36,1): 0.472860187292099
(36,13): 0.501518726348877
(36,16): 0.46267765760421753
(36,17): 0.3959957957267761
(36,18): 0.47354215383529663
(36,32): 0.4298800826072693
(36,33): 0.4861006736755371
(37,11): 0.38534995913505554
(37,23): 0.3740563988685608
(37,24): 0.5017795562744141
(37,25): 0.4885886609554291
(37,26): 0.4491047263145447
(37,27): 0.5283215641975403
(37,31): 0.5189206600189209
(37,34): 0.46632009744644165
(37,38): 0.40729594230651855
(38,4): 0.4885250926017761
(38,10): 0.3981058597564697
(38,22): 0.4703526496887207
(38,23): 0.49526363611221313
(38,25): 0.3737795650959015
(38,27): 0.4421510398387909
(38,28): 0.5086628794670105
(38,29): 0.39392971992492676
(38,30): 0.4296101927757263
(38,31): 0.4793386161327362
(38,37): 0.5563297867774963
(39,2): 0.49791091680526733
(39,3): 0.5134695768356323
(39,6): 0.4730021357536316
(39,9): 0.4634717106819153
(39,10): 0.4958949089050293
(39,12): 0.49323156476020813
(39,13): 0.46116572618484497
(39,19): 0.4564945101737976
(39,35): 0.46527665853500366
(40,0): 0.47115543484687805
(40,1): 0.5100740790367126
(40,4): 0.47551026940345764
(40,5): 0.43129387497901917
(40,41): 0.4451894164085388
(41,0): 0.4378575384616852
(41,4): 0.5115131735801697
(41,5): 0.5337103605270386
(41,40): 0.4405359923839569
(42,8): 0.40015214681625366
(42,12): 0.42010560631752014
(42,20): 0.43977758288383484
(42,22): 0.5311239361763
(42,43): 0.5013263821601868
(42,45): 0.47935089468955994
(42,53): 0.4928741753101349
(43,8): 0.42865419387817383
(43,42): 0.4822588860988617
(43,57): 0.4745693802833557
(44,9): 0.49340224266052246
(44,45): 0.5275885462760925
(44,47): 0.5191351175308228
(45,9): 0.447855144739151
(45,10): 0.48285961151123047
(45,42): 0.45286309719085693
(45,44): 0.4897766709327698
(45,53): 0.43192407488822937
(46,10): 0.4325418770313263
(46,60): 0.4541477859020233
(47,10): 0.4877232611179352
(47,44): 0.5160695314407349
(48,23): 0.48147299885749817
(48,30): 0.4325254559516907
(48,63): 0.5223602652549744
(49,12): 0.4878111779689789
(49,15): 0.5350871682167053
(49,22): 0.468091756105423
(49,25): 0.42655307054519653
(49,28): 0.47177654504776
(49,55): 0.4690041244029999
(50,13): 0.4445587694644928
(50,14): 0.430827260017395
(50,17): 0.4524690508842468
(50,19): 0.47490423917770386
(50,22): 0.44132980704307556
(51,13): 0.48415258526802063
(51,14): 0.5538564324378967
(51,16): 0.5420539975166321
(51,19): 0.46751925349235535
(51,21): 0.4483613669872284
(51,23): 0.4274379312992096
(52,17): 0.35750627517700195
(52,18): 0.5281283259391785
(52,33): 0.41814810037612915
(53,18): 0.47663217782974243
(53,19): 0.4363526701927185
(53,42): 0.49815651774406433
(53,45): 0.4450228214263916
(54,21): 0.5001013875007629
(54,55): 0.4716885983943939
(55,14): 0.46579787135124207
(55,49): 0.4625107944011688
(55,54): 0.4310605823993683
(55,57): 0.48273223638534546
(56,11): 0.4168773591518402
(56,21): 0.6512374877929688
(56,22): 0.4336186647415161
(56,28): 0.5258966088294983
(56,60): 0.46849822998046875
(56,62): 0.525671660900116
(57,21): 0.42489850521087646
(57,43): 0.5590372085571289
(57,55): 0.437338262796402
(58,14): 0.46916893124580383
(58,15): 0.43094661831855774
(58,24): 0.45462945103645325
(58,27): 0.5286334156990051
(58,34): 0.46363338828086853
(59,23): 0.3900684714317322
(59,34): 0.35528475046157837
(60,8): 0.5220982432365417
(60,46): 0.4493897259235382
(60,56): 0.49159276485443115
(61,21): 0.4448357820510864
(61,23): 0.481462299823761
(61,28): 0.4189687669277191
(61,29): 0.46009376645088196
(61,31): 0.43312081694602966
(62,26): 0.5100022554397583
(62,31): 0.43756529688835144
(62,56): 0.5144095420837402
(63,24): 0.4402685761451721
(63,29): 0.5235078930854797
(63,48): 0.3601609170436859
(64,11): 0.4891433119773865
(65,19): 0.4536970555782318
(65,32): 0.5427218675613403
