Interaction name: 5j64

Affinity: 6.849999904632568
Predicted value: 6.922719955444336

Attributions for edges: 

(0,7): 6.790683016321821e-20
(0,8): 5.838571635644291e-19
(0,13): 2.2869396821790272e-20
(0,14): 4.9072485339845835e-15
(0,17): 3.35967186456049e-19
(0,19): 3.777936981475902e-37
(0,20): 6.6169122437165345e-31
(1,2): 7.312992126198623e-19
(1,7): 1.50801165136184e-25
(1,8): 1.2965755309105548e-24
(1,12): 2.2810440625195923e-25
(1,13): 5.078622721013116e-26
(1,17): 7.460819151032013e-25
(1,19): 0.0
(1,20): 1.1889218841775285e-36
(2,1): 2.290103623465118e-17
(2,3): 6.151783715951369e-22
(2,5): 4.2252330106906655e-11
(2,6): 2.0652461329081137e-24
(2,8): 4.79213935710857e-18
(2,12): 8.430762838905178e-19
(2,13): 1.877057245310025e-19
(3,2): 1.2409408548145844e-15
(3,6): 1.0778660489722576e-27
(3,9): 8.681645989848144e-26
(3,11): 1.1101054180916951e-28
(3,16): 7.710994875576065e-17
(3,19): 0.0
(4,7): 5.245601985754181e-16
(4,8): 4.5101243364444564e-15
(4,13): 1.7665868702190437e-16
(4,14): 4.00710610526378e-11
(4,17): 2.595237799619607e-15
(5,2): 1.5253191765207674e-10
(5,7): 3.145329794686756e-17
(5,8): 2.704327914050317e-16
(5,12): 4.7577159050449306e-17
(5,13): 1.0592759946248928e-17
(5,17): 1.556143387358285e-16
(6,2): 9.700533986227793e-18
(6,3): 2.509796984850609e-27
(6,12): 2.054622345882276e-24
(6,16): 6.0277695552262475e-19
(6,21): 0.0
(7,0): 1.2907643539200862e-21
(7,1): 5.069583484374931e-26
(7,4): 5.038061910979387e-19
(7,5): 9.353347361382775e-20
(7,8): 1.0608320267640286e-26
(7,12): 1.8663112422147735e-27
(7,13): 4.155227077307002e-28
(7,14): 8.916130673519246e-23
(7,17): 6.10429119588972e-27
(7,25): 2.236284026808029e-18
(8,0): 2.152605712259129e-20
(8,1): 8.454570406128012e-25
(8,2): 9.978449688993658e-20
(8,4): 8.40200021804306e-18
(8,5): 1.5598504634478903e-18
(8,7): 2.057647682920581e-26
(8,12): 3.112456556376533e-26
(8,13): 6.929666192112358e-27
(8,14): 1.4869476239435652e-21
(8,17): 1.0180156304644662e-25
(8,23): 4.345957461833421e-37
(8,27): 2.805664234221311e-35
(8,30): 3.2273557952825664e-19
(9,3): 6.55919763657216e-35
(9,10): 6.634960767963749e-23
(9,11): 8.897443705740995e-38
(9,13): 3.099780954107074e-32
(9,15): 8.495429826492484e-26
(9,16): 2.93372532715674e-26
(9,18): 7.004717467225693e-28
(9,24): 3.1493463674213603e-28
(9,28): 2.821174905653123e-26
(10,9): 3.251886870323592e-19
(10,11): 5.042322165783848e-22
(10,15): 7.8110151680022e-10
(10,16): 1.74470923819392e-10
(10,18): 4.004551898417752e-12
(10,24): 2.846523147401192e-12
(10,25): 1.1197670346518862e-06
(11,3): 2.6540262207874455e-38
(11,9): 2.321798673723764e-38
(11,10): 2.68467177046836e-26
(11,12): 5.633454509326337e-35
(11,13): 1.2542442932285042e-35
(11,15): 3.4375032834768494e-29
(11,16): 1.1870633217202555e-29
(11,18): 2.8343277635190727e-31
(11,22): 0.0
(11,24): 1.274319218840833e-31
(11,25): 6.750165053137997e-26
(11,27): 0.0
(11,28): 1.141535466309518e-29
(12,1): 8.86220145991126e-26
(12,2): 1.0459594640362899e-20
(12,5): 1.6350640061439882e-19
(12,6): 5.487742479568062e-33
(12,7): 2.1568643521588205e-27
(12,8): 1.854453753770368e-26
(12,11): 2.0849789218282993e-33
(12,13): 7.263775267010192e-28
(12,14): 1.5586458915763312e-22
(12,17): 1.0671027005885579e-26
(12,25): 3.909276254440923e-18
(13,0): 3.922562762250699e-22
(13,1): 1.5406191552493924e-26
(13,2): 1.818305352898511e-21
(13,4): 1.53103971101388e-19
(13,5): 2.8424210287529355e-20
(13,7): 3.7494979159365054e-28
(13,8): 3.2238112450148775e-27
(13,9): 2.3375457482485713e-31
(13,11): 3.624532367883644e-34
(13,12): 5.671597426405598e-28
(13,14): 2.709563975579389e-23
(13,17): 1.85506111503763e-27
(13,24): 1.2829472685195698e-24
(13,30): 5.881014644459427e-21
(14,0): 3.282365114234162e-15
(14,4): 1.2811627843681284e-12
(14,7): 3.1375820934285138e-21
(14,8): 2.6976663602607163e-20
(14,12): 4.74595966973615e-21
(14,13): 1.0566585080769413e-21
(14,17): 1.552304262740631e-20
(15,9): 2.926894586987926e-19
(15,10): 6.938063279449125e-07
(15,11): 3.765822032617291e-22
(15,16): 2.5996732544442125e-10
(15,18): 5.444378021329799e-12
(16,3): 9.45290287232347e-24
(16,6): 3.1734811103712003e-26
(16,9): 6.18641879599006e-24
(16,10): 7.153374247115263e-12
(16,11): 9.59256016306717e-27
(16,15): 1.0164070953432806e-14
(16,26): 1.485614022772608e-30
(17,0): 1.0988647727924451e-20
(17,1): 4.31589942766168e-25
(17,4): 4.2890468677829e-18
(17,5): 7.962744565310558e-19
(17,7): 1.0503905590519343e-26
(17,8): 9.031168686536197e-26
(17,12): 1.5888507581070664e-26
(17,13): 3.537451054981278e-27
(17,14): 7.590588256943676e-22
(17,22): 1.6755303048107103e-35
(17,28): 3.2195442618535465e-21
(17,30): 1.6475044148158736e-19
(18,9): 7.608663271064976e-26
(18,10): 8.79790218542148e-14
(18,11): 1.1797823134728442e-28
(18,15): 1.1264891012370933e-16
(18,28): 3.740847227037978e-17
(18,29): 1.602114634775259e-31
(18,30): 1.914272649696327e-15
(19,0): 4.866874080680127e-28
(19,1): 1.491131187875777e-32
(19,3): 6.0619566205755e-37
(20,0): 1.0477594376249027e-22
(20,1): 3.2101525498492832e-27
(20,23): 3.2310425328184826e-39
(21,6): 0.0
(22,11): 5.0806004602691625e-33
(22,17): 4.079558734239486e-26
(23,8): 1.635269367552292e-27
(23,20): 3.1802468647851723e-39
(23,25): 5.141761408472097e-19
(24,9): 4.655514255219439e-21
(24,10): 1.1035701241723928e-08
(24,11): 5.952917545766451e-24
(24,13): 3.034552402205644e-18
(25,7): 1.865098575459952e-15
(25,10): 1.620363946130965e-06
(25,11): 1.8029306179388218e-21
(25,12): 2.8212012024751102e-15
(25,23): 6.258787293061322e-26
(25,30): 3.053757424709147e-08
(26,16): 5.69741952451226e-22
(26,30): 2.865610520237977e-20
(27,8): 6.221461846292724e-26
(27,11): 4.3879793522975006e-33
(28,9): 2.406707066135352e-19
(28,11): 3.0773988978490186e-22
(28,17): 2.4710424407613923e-15
(28,18): 4.476749266429936e-12
(29,18): 4.103617194724977e-23
(30,8): 3.1276939731548806e-17
(30,13): 1.225102256871409e-18
(30,17): 1.7997597244581763e-17
(30,18): 2.768457053772648e-14
(30,25): 6.593352086525783e-09
(30,26): 6.3011593696189945e-28
