Interaction name: 5y0x

Affinity: 5.110000133514404
Predicted value: 6.080200672149658

Shapley values for edges: 

(0,9): -0.07753176689147949
(0,10): 0.015388617515563965
(0,11): 0.012158403396606446
(0,15): 0.010643420219421386
(0,19): -0.013085532188415527
(0,21): 0.01207693099975586
(0,22): 0.024989252090454103
(1,2): -0.026716785430908205
(1,5): 0.04180522918701172
(1,11): 0.009672446250915527
(1,18): 0.027256217002868652
(1,19): -0.007833342552185058
(1,23): -0.013392143249511719
(1,26): 0.06125741004943848
(1,27): -0.007922024726867675
(1,28): 0.010555906295776367
(1,30): 0.04068409442901611
(2,1): 0.01950319766998291
(2,5): 0.020645008087158204
(2,11): 0.00794358253479004
(2,16): 0.0006410455703735351
(2,19): -0.002677445411682129
(2,23): -0.020201411247253418
(2,27): 0.004360008239746094
(2,28): 0.024876174926757814
(2,29): 0.05620802402496338
(2,30): 0.051528396606445315
(3,4): 0.0160117769241333
(3,7): 0.01596302032470703
(3,13): 0.008813428878784179
(3,16): 0.012768182754516601
(3,17): -0.0066817283630371095
(3,24): 0.018235678672790526
(3,29): 0.025774626731872557
(3,30): -0.026772613525390624
(4,3): -0.0021066808700561522
(4,6): 0.013144469261169434
(4,13): 0.005349016189575196
(4,17): -0.00946396827697754
(4,24): -0.010725688934326173
(4,29): -0.0322300910949707
(4,30): -0.0474769401550293
(4,31): -0.004056825637817383
(5,1): -0.030481233596801757
(5,2): -0.04468482494354248
(5,8): 0.0025443935394287107
(5,11): 0.0052862405776977536
(5,12): 0.012353243827819825
(5,13): -0.021039719581604003
(5,16): -0.00248682975769043
(5,17): -0.010594654083251952
(5,19): -0.016119623184204103
(5,23): -0.005162234306335449
(5,25): 0.016535172462463377
(5,27): -0.02122380256652832
(6,4): -0.024769439697265624
(6,7): -0.01402933120727539
(6,13): -0.03161527156829834
(6,16): -0.02276242256164551
(6,17): -0.02857490539550781
(6,24): -0.024172630310058594
(7,3): -0.026211881637573244
(7,6): -0.021802430152893067
(7,13): -0.03352744579315185
(7,17): -0.05242486000061035
(7,24): -0.03410054683685303
(8,5): -0.008851208686828614
(8,12): 0.012832651138305664
(8,13): 0.0037611913681030273
(8,17): -0.006226387023925781
(8,24): -0.01013920783996582
(8,32): 0.023212032318115236
(8,35): -0.00045117855072021487
(8,39): 0.012903656959533692
(9,0): 0.023442516326904295
(9,10): -0.00989149570465088
(9,21): -0.003881082534790039
(9,22): 0.0015740346908569335
(9,33): 0.008727431297302246
(9,34): 0.031841769218444824
(9,35): 0.025530872344970704
(9,36): 0.03569103717803955
(9,37): 0.01374067783355713
(9,43): 0.04961103916168213
(9,44): -0.009485607147216796
(10,0): 0.018466000556945802
(10,9): -0.029331884384155273
(10,11): -0.02233804702758789
(10,15): 0.009881067276000976
(10,19): -0.003957695960998535
(10,21): 0.000342869758605957
(10,22): -0.00040201187133789064
(10,23): -0.0033971548080444338
(10,27): -0.013362011909484862
(10,36): 0.018763618469238283
(10,44): 0.005599627494812012
(11,0): 0.02679490566253662
(11,1): -0.042400240898132324
(11,2): -0.05842287540435791
(11,5): -0.016668753623962404
(11,10): 0.0005857181549072265
(11,12): 0.01198122501373291
(11,13): -0.010232920646667481
(11,16): 0.0012859058380126952
(11,18): 0.0029439020156860353
(11,19): 0.01628742218017578
(11,21): 0.015084614753723144
(11,22): 0.006801638603210449
(11,23): -0.0006587886810302734
(11,26): -0.008512330055236817
(11,27): 0.006946964263916016
(11,33): -0.005721101760864258
(11,36): 0.02525303840637207
(11,42): 0.048150520324707034
(11,44): -0.009313693046569824
(12,5): -0.014645423889160156
(12,8): -0.0033474111557006835
(12,11): -0.005498709678649902
(12,13): -0.0015828227996826172
(12,16): -0.005084333419799805
(12,17): -0.010866785049438476
(12,18): 0.002441596984863281
(12,19): -0.0021388959884643555
(12,23): 0.0004286384582519531
(12,24): -0.012970709800720214
(12,25): 0.02980461597442627
(12,26): -0.010714564323425293
(12,27): -0.020562105178833008
(12,38): 0.003606572151184082
(12,43): 0.031137351989746095
(12,44): -0.0015808725357055664
(13,3): 0.0030042314529418945
(13,4): 0.017036309242248537
(13,5): -0.012489752769470215
(13,6): 0.028773846626281737
(13,7): 0.03418695449829102
(13,8): 0.0025740337371826173
(13,11): -0.013745040893554687
(13,12): -0.005059232711791992
(13,16): 0.00896791934967041
(13,17): -0.021493487358093262
(13,23): -0.008362293243408203
(13,24): -0.005460033416748047
(13,25): 0.016094069480895996
(13,27): -0.024067301750183106
(13,44): -0.009130878448486328
(14,15): -0.002191462516784668
(14,18): -0.008471322059631348
(14,19): -0.0171256685256958
(14,20): -0.029164981842041016
(14,21): 0.0026638269424438476
(14,23): -0.014604530334472655
(14,26): 0.010476412773132325
(14,27): -0.026266531944274904
(14,39): 0.024468488693237304
(15,0): 0.02687359809875488
(15,10): -0.01005007266998291
(15,14): 0.023853883743286133
(15,18): 0.0007763671875
(15,19): -0.011937375068664552
(15,20): -0.02153326988220215
(15,21): -0.0058497428894042965
(15,22): 0.005781197547912597
(15,23): -0.004412884712219238
(15,26): -0.0037046146392822267
(15,27): -0.021051464080810548
(15,35): 0.01411466121673584
(15,44): 0.007374176979064942
(16,2): -0.04103001117706299
(16,3): 0.00393134593963623
(16,5): -0.015008692741394042
(16,6): 0.018245816230773926
(16,11): 0.004968647956848145
(16,12): 0.03141568660736084
(16,13): 0.007418928146362305
(16,17): -0.00746096134185791
(16,24): 0.010416889190673828
(16,33): 0.004523162841796875
(16,39): 0.008923988342285156
(17,3): -0.0035551118850708006
(17,4): 0.008436942100524902
(17,5): -0.018254351615905762
(17,6): 0.021497273445129396
(17,7): 0.006253209114074707
(17,8): -0.011872100830078124
(17,12): -0.008399186134338378
(17,13): 0.033795466423034666
(17,16): -0.0007313013076782227
(17,24): -0.008109669685363769
(17,25): 0.01632077693939209
(17,33): -0.0008392763137817382
(17,35): 0.004941053390502929
(17,36): -0.009660015106201172
(18,1): -0.023894529342651367
(18,11): -0.001394333839416504
(18,12): 0.012346739768981934
(18,14): -0.0023842668533325196
(18,15): -0.0031635570526123047
(18,19): -0.026371073722839356
(18,20): -0.0180873441696167
(18,21): -0.0025636768341064453
(18,22): -0.00477205753326416
(18,23): -0.005588231086730957
(18,27): -0.001698164939880371
(18,32): 0.026026439666748048
(18,39): 0.030412921905517577
(18,43): 0.024284100532531737
(19,0): 0.028404088020324708
(19,1): -0.027699785232543947
(19,2): -0.037786669731140136
(19,5): -0.010848455429077149
(19,10): -0.007734174728393555
(19,11): -0.014838795661926269
(19,12): 0.005237035751342774
(19,14): 0.016196956634521486
(19,15): -0.00556124210357666
(19,18): -0.014389128684997558
(19,20): -0.005011625289916992
(19,21): -0.003536958694458008
(19,22): 0.004301152229309082
(19,23): 0.00410651683807373
(19,26): 0.020220069885253905
(19,27): 0.012334327697753906
(19,32): 0.03432755470275879
(19,33): -0.013933839797973633
(20,14): 0.007715649604797363
(20,15): -0.005143895149230957
(20,18): -0.010462417602539062
(20,19): -0.00048783302307128904
(20,21): -0.013897972106933594
(20,22): -0.007805781364440918
(20,26): -0.006925115585327149
(20,35): 0.007170863151550293
(20,41): 0.00699650764465332
(20,42): 0.023199806213378905
(20,43): 0.014063749313354492
(21,0): 0.015689234733581543
(21,9): -0.018705110549926757
(21,10): 0.0006193733215332032
(21,11): 0.003754434585571289
(21,14): 0.010964508056640626
(21,15): -0.010720477104187012
(21,18): -0.008126888275146484
(21,19): -0.024094815254211425
(21,20): -0.006310515403747559
(21,22): 3.270149230957031e-05
(21,23): 0.004410257339477539
(21,26): 0.012821836471557617
(21,27): -0.0018376731872558594
(22,0): 0.015045766830444335
(22,9): -0.04418868541717529
(22,10): 0.022640881538391115
(22,11): 0.00045838356018066404
(22,15): -0.006059956550598144
(22,18): 0.010131287574768066
(22,19): -0.008765435218811036
(22,20): 0.008507933616638184
(22,21): -0.0013474416732788086
(22,23): 0.005826516151428223
(22,26): -0.010186963081359864
(22,27): -0.008950757980346679
(22,44): 0.0035450267791748047
(23,1): -0.020161275863647462
(23,2): -0.026529965400695802
(23,5): -0.015695247650146484
(23,10): 0.0031569719314575194
(23,11): -0.011179413795471192
(23,12): 0.005344963073730469
(23,13): -3.636837005615234e-05
(23,14): 0.006558599472045898
(23,15): 0.011958584785461426
(23,18): 0.008852086067199706
(23,19): -0.02769479751586914
(23,21): 0.011510529518127442
(23,22): 0.005341534614562988
(23,26): -0.0005901956558227539
(23,44): 0.01950767993927002
(24,3): -0.006471114158630371
(24,4): 0.01523449420928955
(24,6): 0.02707486629486084
(24,7): 0.02714991569519043
(24,8): 0.00328554630279541
(24,12): 0.007042708396911621
(24,13): 0.013261084556579589
(24,16): 0.008858461380004883
(24,17): -0.021135816574096678
(24,25): 0.025618319511413575
(24,38): 0.0064806795120239255
(24,40): 0.00528653621673584
(25,5): -0.005536575317382813
(25,12): 0.00023827075958251953
(25,13): -0.015516262054443359
(25,17): 0.005114936828613281
(25,24): 0.0028160762786865233
(26,1): 6.69574737548828e-05
(26,11): 0.02884391784667969
(26,12): -0.02351655960083008
(26,14): -0.02956434726715088
(26,15): -0.0015511322021484375
(26,19): -0.02919954776763916
(26,20): -0.014047694206237794
(26,21): -0.02796241283416748
(26,22): -0.03731924057006836
(26,23): -0.04542943000793457
(26,27): -0.00962235927581787
(27,1): 0.0016447687149047851
(27,2): 0.008579249382019044
(27,5): 0.002815070152282715
(27,10): -0.023742589950561523
(27,11): -0.006991229057312012
(27,12): -0.018734984397888184
(27,13): -0.0046535682678222655
(27,14): -0.008260502815246581
(27,15): -0.01104851245880127
(27,18): -0.004380426406860352
(27,19): -0.04924367427825928
(27,21): -0.020420470237731934
(27,22): -0.0503948974609375
(27,26): -0.031377315521240234
(28,1): -0.01630535125732422
(28,2): -0.013010449409484863
(29,2): 0.009448423385620117
(29,3): 0.01546745777130127
(29,4): 0.016923179626464845
(29,31): -0.016317405700683595
(29,40): -0.008625411987304687
(30,1): -0.006624798774719238
(30,2): -0.011279020309448242
(30,3): 0.009067196846008301
(30,4): 0.010411520004272461
(31,4): -0.023390851020812987
(31,29): -0.01916529655456543
(31,34): -0.014410438537597657
(31,40): -0.010341825485229493
(32,8): -0.0006008195877075195
(32,18): -0.021703314781188966
(32,19): -0.055213823318481445
(32,38): 0.010707826614379882
(33,9): -0.005487208366394043
(33,11): -0.036160883903503416
(33,16): 0.019155311584472656
(33,17): -0.003471970558166504
(33,19): -0.015335292816162109
(33,38): 0.004491114616394043
(34,9): -0.021122140884399412
(34,31): -0.0022695207595825194
(34,41): 0.021821212768554688
(35,8): -0.0135483980178833
(35,9): 0.013140201568603516
(35,15): -0.004944767951965332
(35,17): 0.0005793333053588867
(35,20): -0.032494792938232424
(35,37): 0.02412290096282959
(36,9): -0.005135931968688965
(36,10): -0.05960603713989258
(36,11): -0.048758201599121094
(36,17): -0.01198554515838623
(37,9): -0.003298358917236328
(37,35): 0.0045981454849243165
(38,12): -0.009617977142333985
(38,24): 0.02093066692352295
(38,32): -0.002560434341430664
(38,33): 0.01087780475616455
(39,8): 0.005642762184143066
(39,14): -0.009418416023254394
(39,16): -0.0006597423553466797
(39,18): -0.023822216987609862
(39,41): 0.013609566688537598
(40,24): -0.008394818305969238
(40,29): -0.04969358921051025
(40,31): -0.036063218116760255
(41,20): -0.031227517127990722
(41,34): 0.015784497261047362
(41,39): 0.0022295284271240234
(42,11): -0.06374309062957764
(42,20): -0.045897717475891116
(43,9): -0.008339562416076661
(43,12): -0.030799245834350585
(43,18): -0.029118781089782716
(43,20): -0.004640908241271973
(44,9): 0.0036704492568969726
(44,10): -0.0034435033798217774
(44,11): -0.025464463233947753
(44,12): -0.012301678657531739
(44,13): -0.017541589736938475
(44,15): -0.022945213317871093
(44,22): -0.019665441513061523
(44,23): -0.02108860492706299
