Interaction name: 5x33

Affinity: 8.489999771118164
Predicted value: 7.867198944091797

Shapley values for edges: 

(0,8): 0.004525117874145508
(0,9): 0.005712752342224121
(0,11): 0.005199046134948731
(0,17): 0.00626345157623291
(0,18): 0.004130587577819824
(0,19): 0.005423731803894043
(0,20): 0.0045467853546142575
(0,27): 0.006669321060180664
(0,28): 0.005247764587402344
(0,36): -0.004512062072753906
(0,38): 0.004359431266784668
(1,10): 0.010402865409851074
(1,26): 0.004772434234619141
(1,30): 0.002445664405822754
(1,31): 0.0032227468490600587
(1,34): 0.003371882438659668
(2,12): 0.005269489288330078
(2,13): 0.0033094120025634766
(2,19): 0.0035170364379882814
(2,21): 0.0068631935119628906
(2,22): -0.000516829490661621
(2,23): -0.001653609275817871
(2,25): -0.008204059600830078
(2,32): 0.0010810327529907227
(2,33): -0.003349442481994629
(2,36): 0.0007390499114990235
(3,10): 0.007123327255249024
(3,26): 0.019494032859802245
(3,30): 0.004534921646118164
(3,31): 0.014049267768859864
(3,34): -0.0008605241775512696
(4,5): -0.0007174396514892578
(4,6): 0.002269411087036133
(4,24): 0.004839324951171875
(4,25): 0.013780145645141602
(4,33): 0.016218929290771483
(4,37): -0.00038707733154296875
(5,4): 0.0040074682235717776
(5,6): 0.01867055892944336
(5,24): 0.015382089614868165
(5,25): 0.020635318756103516
(5,33): 0.01315833568572998
(5,37): 0.0007615184783935547
(5,39): -0.07717166900634766
(6,4): -0.03290503025054932
(6,5): -0.07278197288513183
(6,23): 0.005425987243652344
(6,24): 0.005822172164916992
(6,25): 0.007256956100463867
(6,32): 0.016944737434387208
(6,33): 0.009478631019592286
(6,37): -0.02717221260070801
(6,40): 0.039042277336120604
(7,15): 0.00030184268951416015
(7,16): -0.0003515481948852539
(7,17): -0.0018702316284179687
(7,18): 0.0005632972717285156
(7,27): -0.00031525611877441406
(7,29): 0.000901331901550293
(7,30): -0.0017957735061645509
(7,34): -0.001129889488220215
(7,35): -0.0010166835784912109
(7,38): -0.005611033439636231
(7,41): 0.003863973617553711
(7,42): 0.0003555870056152344
(7,43): -0.0013679027557373046
(7,48): 0.0070598554611206055
(7,49): 0.0038582849502563476
(8,0): -0.003717350959777832
(8,9): -0.0009903907775878906
(8,11): -0.0005136203765869141
(8,17): 0.0007572746276855468
(8,18): 0.001699366569519043
(8,27): 0.000167694091796875
(8,29): 0.0005127668380737304
(8,35): 0.0018265771865844727
(8,38): -0.0021699237823486327
(8,50): 0.0046376800537109375
(9,0): -0.005243196487426758
(9,8): 0.001310873031616211
(9,11): -7.2784423828125e-05
(9,17): 0.0027709341049194335
(9,18): 0.0025300502777099608
(9,20): 0.002369136810302734
(9,27): 0.0011642599105834961
(9,28): -0.0007745742797851563
(9,29): 0.0020424938201904297
(9,38): -0.005316214561462402
(10,1): -0.008457632064819335
(10,3): -0.020688962936401368
(10,15): 7.527351379394532e-05
(10,26): 0.0032950305938720705
(10,30): 0.0006398344039916992
(10,31): -0.0018060445785522462
(10,34): 0.002326540946960449
(10,44): 0.003967642784118652
(11,0): -0.007574195861816406
(11,8): 0.0006529998779296875
(11,9): -0.001300811767578125
(11,12): 0.0006409788131713867
(11,14): 0.001489701271057129
(11,18): 0.002503662109375
(11,19): 0.001722555160522461
(11,20): -0.00019400596618652344
(11,28): -0.0010821056365966798
(11,36): -0.006379060745239258
(11,38): -0.0046210050582885746
(11,45): 0.00578789234161377
(11,46): 0.008622951507568359
(12,2): -0.005721874237060547
(12,11): -0.000497751235961914
(12,13): -0.0018793296813964843
(12,14): 0.00014537334442138672
(12,19): -6.203174591064453e-05
(12,20): -0.0006002235412597656
(12,21): 0.001084270477294922
(12,22): -0.002284178733825684
(12,28): 0.0009807634353637695
(12,36): -0.01412665367126465
(12,50): 0.002727346420288086
(12,53): 0.004857583045959473
(12,55): 0.0015867137908935547
(12,57): 0.0008316755294799805
(13,2): -0.010158066749572753
(13,12): -0.00045708179473876956
(13,14): 0.000841364860534668
(13,19): 0.0007251930236816406
(13,21): -0.0007018280029296875
(13,22): -0.004295196533203125
(13,23): -0.005239925384521484
(13,28): -0.00017121315002441406
(13,32): -0.004390769004821778
(13,36): -0.01195988655090332
(13,47): 0.00939136028289795
(13,48): 0.006830835342407226
(13,51): 0.0032762718200683594
(13,54): 0.00017086505889892577
(14,11): -0.00016918659210205078
(14,12): -0.0001574087142944336
(14,13): 0.00041112422943115237
(14,19): -0.0007249307632446289
(14,20): -0.0033704566955566405
(14,21): -0.0008613061904907226
(14,28): -0.0007253265380859374
(14,36): -0.011548118591308594
(14,43): 0.00049346923828125
(14,53): 0.006120624542236328
(15,7): 0.0015488433837890624
(15,10): 0.000851588249206543
(15,16): -0.000548243522644043
(15,17): 0.0004412698745727539
(15,26): 0.0011550092697143555
(15,27): -0.0006829452514648438
(15,29): 0.00012932777404785158
(15,30): -0.0015348577499389648
(15,31): 0.001133737564086914
(15,34): 9.254932403564453e-05
(15,35): -0.0010368871688842774
(15,50): 0.001627950668334961
(16,7): 0.0009830904006958008
(16,15): -0.0005051946640014649
(16,17): -0.002615056037902832
(16,27): -0.0002889108657836914
(16,29): -0.0017802858352661134
(16,30): -0.0009815645217895507
(16,34): 0.00015746593475341798
(16,35): -0.0006307697296142578
(16,49): 0.0029266023635864257
(16,50): -0.000248408317565918
(16,57): 0.0010445833206176758
(16,58): 0.0025848913192749023
(17,0): -0.003581118583679199
(17,7): 0.0029098129272460936
(17,8): -0.00018106460571289064
(17,9): -0.0010382843017578125
(17,15): 1.5740394592285155e-05
(17,16): 0.00012011528015136719
(17,18): 0.0016291427612304687
(17,27): -0.00043671607971191407
(17,29): 0.0005061435699462891
(17,35): -0.0015833187103271485
(17,38): -0.0013768625259399413
(17,42): 0.003147158622741699
(17,44): 0.004081563949584961
(17,49): 0.003968796730041504
(18,0): -0.00531501293182373
(18,7): 0.00102262020111084
(18,8): -0.001213994026184082
(18,9): -0.0021199464797973635
(18,11): 0.00036269187927246094
(18,17): -0.002127265930175781
(18,20): -0.0019881677627563476
(18,27): 0.00030939579010009767
(18,28): -0.0022785615921020507
(18,29): 0.0008986854553222657
(18,35): -0.0011931848526000976
(18,57): 0.002794647216796875
(19,0): -0.002431354522705078
(19,2): -0.0073161649703979495
(19,11): 0.0010444211959838867
(19,12): 0.0002503681182861328
(19,13): -2.3703575134277344e-05
(19,14): -0.00019278049468994142
(19,20): -0.0008143806457519532
(19,21): 0.00035301685333251955
(19,28): -0.0010886192321777344
(19,59): 0.003293366432189941
(20,0): -0.0022281408309936523
(20,9): 0.002073931694030762
(20,11): 0.000818185806274414
(20,12): 0.000785207748413086
(20,14): 0.00013574600219726563
(20,18): 0.0011681699752807617
(20,19): 0.0023909711837768553
(20,21): -0.0011057853698730469
(20,28): 0.0018932771682739257
(20,36): -0.006806297302246094
(20,38): -0.010146193504333496
(21,2): -0.00521780014038086
(21,12): 0.0001038980484008789
(21,13): 0.0009954833984375
(21,14): 0.00016330718994140626
(21,19): 0.0003896141052246094
(21,20): -0.0006568670272827148
(21,28): 0.0008524560928344727
(21,36): -0.017967066764831542
(21,43): 0.0016251611709594727
(22,2): -0.007007050514221192
(22,12): 0.0020968103408813476
(22,13): 0.0024543094635009768
(22,23): -0.0004344892501831055
(22,24): 0.004618144035339356
(22,25): -0.001093754768371582
(22,32): -0.0022168540954589843
(22,33): -7.964611053466797e-05
(22,37): -0.02820950984954834
(22,57): 0.004792265892028809
(23,2): 0.0007516431808471679
(23,6): 0.015488524436950684
(23,13): 0.005401735305786133
(23,22): 0.001396188735961914
(23,24): 0.0017307853698730468
(23,25): 0.003235898017883301
(23,32): 0.002736172676086426
(23,33): 0.00016680240631103516
(23,37): -0.013752350807189942
(23,59): 0.009492650032043456
(24,4): -0.02694413185119629
(24,5): -0.03142477512359619
(24,6): 0.007203812599182129
(24,22): 0.006598596572875977
(24,23): 0.007046122550964356
(24,25): -0.0013955402374267577
(24,32): 0.005139689445495605
(24,33): 0.003765101432800293
(24,54): 0.007330093383789062
(24,56): 0.00638890266418457
(25,2): 0.0013954782485961915
(25,4): 0.0005998420715332031
(25,5): -0.02991419792175293
(25,6): 0.014107794761657714
(25,22): 0.0032485246658325194
(25,23): 0.004956274032592773
(25,24): 0.01524085521697998
(25,32): 0.006316566467285156
(25,33): 0.006508917808532715
(25,37): -0.01282552719116211
(25,51): 0.009634366035461426
(25,54): 0.008454694747924804
(25,55): 0.00964383602142334
(26,1): -0.00991069793701172
(26,3): -0.008361568450927734
(26,10): 0.002780928611755371
(26,15): -0.00024254798889160157
(26,30): -0.00048704147338867186
(26,31): 0.001893911361694336
(26,34): 0.004213666915893555
(26,35): -7.653236389160157e-06
(26,52): 0.006465344429016113
(27,0): -0.00587552547454834
(27,7): 0.0005620908737182617
(27,8): 8.257389068603515e-05
(27,9): -0.0018090057373046876
(27,15): 0.0007619667053222656
(27,16): 0.001470961570739746
(27,17): -0.00011812686920166015
(27,18): -0.0004053974151611328
(27,29): -0.001115860939025879
(27,30): 0.00011270999908447266
(27,35): 0.0034570932388305665
(27,38): -0.00564152717590332
(27,43): 0.0024010562896728516
(27,44): 0.003398404121398926
(28,0): -0.00288327693939209
(28,9): -0.0014767169952392579
(28,11): -0.001123533248901367
(28,12): 0.0004979610443115234
(28,13): -0.00010062217712402344
(28,14): 0.0006135272979736329
(28,18): 0.0032912826538085936
(28,19): 0.0010071420669555665
(28,20): 6.433010101318359e-05
(28,21): -9.284019470214843e-06
(28,36): -0.0074996757507324215
(28,38): -0.0030145502090454103
(28,42): 0.006903643608093262
(28,50): 0.003241910934448242
(28,57): 0.0045311498641967774
(28,59): 0.0020435428619384765
(29,7): -0.0003374958038330078
(29,8): -0.00014624595642089843
(29,9): -0.0010983943939208984
(29,15): 0.0003161144256591797
(29,16): 0.0014902448654174805
(29,17): -0.0013161706924438477
(29,18): -0.0003551959991455078
(29,27): -0.003117976188659668
(29,30): 0.004492902755737304
(29,34): -0.0003060340881347656
(29,35): 0.00027460575103759765
(29,38): -0.007518129348754883
(29,50): 0.0019309329986572266
(29,58): 0.0037993240356445314
(30,1): -0.010316672325134278
(30,3): -0.019778480529785158
(30,7): 0.0008478593826293945
(30,10): 0.0031146478652954103
(30,15): 0.002172560691833496
(30,16): 0.00012955188751220703
(30,26): 0.006557989120483399
(30,27): 0.002713427543640137
(30,29): 0.002117791175842285
(30,31): 0.0017781400680541993
(30,34): -7.576942443847657e-05
(30,35): 0.0015231561660766601
(31,1): -0.01253000259399414
(31,3): -0.016751065254211425
(31,10): -0.000679025650024414
(31,15): 0.0008010673522949219
(31,26): 0.003005514144897461
(31,30): 0.0014008760452270507
(31,34): 0.001271505355834961
(31,35): 0.00114199161529541
(32,2): -0.0009977960586547853
(32,6): 0.010587849617004395
(32,13): 0.004897470474243164
(32,22): 0.003934950828552246
(32,23): 0.008398113250732421
(32,24): 0.004977889060974121
(32,25): 0.002171940803527832
(32,33): 0.002394452095031738
(32,37): -0.013713436126708984
(32,43): 0.005392279624938965
(33,2): -0.0018140125274658204
(33,4): -0.018619394302368163
(33,5): -0.03561856746673584
(33,6): 0.008852581977844238
(33,22): 0.004180331230163575
(33,23): 0.004640111923217774
(33,24): 0.002360701560974121
(33,25): 0.0030809640884399414
(33,32): 0.0014610338211059571
(33,37): -0.009940686225891114
(33,43): 0.01046485424041748
(33,56): 0.012121057510375977
(34,1): -0.008461742401123047
(34,3): -0.02023261070251465
(34,7): 0.005676732063293457
(34,10): -0.00016349315643310547
(34,15): 0.0007324600219726562
(34,16): 0.0015082502365112306
(34,26): -0.001157999038696289
(34,29): 0.001348390579223633
(34,30): 0.0020656442642211915
(34,31): -0.0009430170059204102
(34,35): 0.0006071853637695312
(34,41): 0.003307008743286133
(34,42): 0.004848141670227051
(34,58): 0.006013731956481933
(35,7): 0.0018263530731201171
(35,8): 0.0008753156661987305
(35,15): 0.00013894081115722656
(35,16): 0.0014362096786499023
(35,17): -0.0003764200210571289
(35,18): 0.0013416767120361327
(35,26): 0.0016937923431396484
(35,27): -0.00022336959838867187
(35,29): 2.1734237670898437e-05
(35,30): -0.001439065933227539
(35,31): -0.0007550811767578125
(35,34): 0.0009750270843505859
(35,38): -0.010626182556152344
(36,0): 0.0047086429595947265
(36,2): 0.0023834800720214846
(36,11): 0.00941983699798584
(36,12): 0.01654545307159424
(36,13): 0.0031735849380493163
(36,14): 0.007937326431274414
(36,20): 0.006601419448852539
(36,21): 0.007823224067687989
(36,28): 0.018645882606506348
(37,4): 0.0035357761383056643
(37,5): 0.019085159301757814
(37,6): 0.00974952220916748
(37,22): 0.008931751251220704
(37,23): 0.006521835327148438
(37,25): 0.022066831588745117
(37,32): 0.009486517906188964
(37,33): 0.01623701095581055
(38,0): 0.007150263786315918
(38,7): 0.007995500564575195
(38,8): 0.013263754844665528
(38,9): 0.011249723434448243
(38,11): 0.006040549278259278
(38,17): 0.019418821334838868
(38,20): 0.003359270095825195
(38,27): 0.0054883241653442385
(38,28): 0.004343132972717285
(38,29): 0.0164652681350708
(38,35): 0.0072869682312011715
(39,5): 0.08521422863006592
(40,6): -0.029830379486083983
(41,7): -0.0008140945434570312
(41,34): -0.0018665075302124023
(41,43): -0.002762460708618164
(42,7): -0.00022446632385253907
(42,17): -0.0017905473709106446
(42,28): -0.0017916345596313476
(42,34): -0.0008693456649780274
(42,53): 0.0025074005126953123
(43,7): 0.0009394979476928711
(43,14): -0.00028606891632080076
(43,21): -2.5544166564941406e-05
(43,27): -0.0004568052291870117
(43,32): -0.003589310646057129
(43,33): -0.005929470062255859
(43,41): 0.004485607147216797
(44,10): -0.004635133743286133
(44,17): -0.0016595792770385742
(44,27): -0.0021359539031982422
(44,52): 0.0043582916259765625
(45,11): -0.0026776790618896484
(45,50): -0.00187042236328125
(46,11): -0.004010190963745117
(46,59): -0.0008925628662109375
(47,13): -0.005129399299621582
(47,51): -0.003753194808959961
(48,7): -0.002171492576599121
(48,13): -0.0030376386642456056
(49,7): -0.0021086931228637695
(49,16): -0.0017008590698242188
(49,17): -0.0018722152709960938
(50,8): -0.001490941047668457
(50,12): -0.002171368598937988
(50,15): -0.00045917034149169924
(50,16): 0.000185394287109375
(50,28): -0.0014772462844848634
(50,29): -0.0005415105819702149
(50,45): 0.0037993955612182616
(51,13): -0.002806110382080078
(51,25): -0.007544116973876953
(51,47): 0.00581606388092041
(52,26): -0.0022142219543457033
(52,44): -0.0023993444442749023
(53,12): -0.0029108905792236328
(53,14): -0.0016316652297973632
(53,42): 0.0008574342727661133
(54,13): 0.0013456106185913085
(54,24): 0.001864466667175293
(54,25): -0.004382309913635254
(54,55): 0.0021188926696777345
(54,57): 0.0033447837829589846
(55,12): -0.0013953924179077148
(55,25): -0.0012703990936279296
(55,54): -0.0015101337432861328
(56,24): 0.0020677709579467775
(56,33): -0.0018236303329467773
(57,12): -0.0008534479141235351
(57,16): 0.0008908796310424804
(57,18): -0.0010583162307739257
(57,22): -0.006125102043151856
(57,28): -0.0019391775131225586
(57,54): -0.0029609346389770507
(58,16): -0.0006709480285644531
(58,29): -0.0008047246932983399
(58,34): -0.00177978515625
(59,19): -0.001461009979248047
(59,23): -0.005386838912963867
(59,28): -0.002497248649597168
(59,46): 0.003853669166564941
