Interaction name: 5u7o

Affinity: 7.139999866485596
Predicted value: 6.912368297576904

Shapley values for edges: 

(0,2): 0.00325103759765625
(0,6): -0.009715986251831055
(0,7): -0.04024810314178467
(0,8): -0.0076811456680297855
(0,10): -0.0106126070022583
(0,11): -0.0007846260070800781
(1,2): 0.033578290939331054
(1,13): 0.0026732921600341798
(2,0): 0.011816864013671874
(2,1): 0.007919702529907226
(2,7): -0.003556838035583496
(2,11): -0.005466394424438477
(2,13): -0.00035283565521240237
(3,5): 0.014534363746643067
(3,6): -0.005066084861755371
(3,8): -0.0015029239654541016
(3,10): -0.003638148307800293
(3,20): 0.00881518840789795
(4,9): 0.0042139959335327146
(4,14): 0.006882491111755371
(4,17): 0.006909074783325195
(4,20): 6.307125091552735e-05
(5,3): 0.0067388820648193355
(5,8): 0.0025584983825683596
(6,0): 0.011419682502746583
(6,3): 0.007993793487548828
(6,8): -0.010067992210388184
(6,10): -0.014759974479675293
(6,11): 0.0028543519973754884
(6,12): 0.0038145780563354492
(6,20): 0.0046375226974487305
(7,0): -0.001954689025878906
(7,2): -0.004839310646057129
(7,8): -0.027051868438720702
(7,10): -0.0175031042098999
(7,11): -0.015898952484130858
(8,0): -0.013344688415527344
(8,3): -0.011672334671020508
(8,5): -0.02086146354675293
(8,6): 0.004006862640380859
(8,7): -0.01104381561279297
(8,10): 0.004122710227966309
(8,11): 0.0031526517868041993
(8,12): 0.010488028526306153
(8,21): 0.007505350112915039
(8,27): 0.00999631404876709
(9,4): -0.009046158790588378
(9,14): 0.0002725028991699219
(9,15): 0.000942997932434082
(9,16): 0.0035672235488891603
(9,17): 0.00418614387512207
(9,18): 0.0024771499633789063
(9,19): -0.007720870971679688
(9,26): 0.013998417854309083
(10,0): -0.008337311744689942
(10,3): -0.012620806694030762
(10,6): 0.005884242057800293
(10,7): -0.016865510940551758
(10,8): 0.004486136436462403
(10,11): 0.007566819190979004
(10,12): 0.009546618461608886
(10,22): 0.009882950782775879
(10,25): 0.006933565139770508
(11,0): -0.015970687866210937
(11,2): -0.028579597473144532
(11,6): -0.00024252891540527344
(11,7): -0.016137280464172364
(11,8): -0.0031052255630493165
(11,10): 0.008874273300170899
(11,23): 0.014381027221679688
(12,6): 0.020450544357299805
(12,8): 0.010184879302978516
(12,10): 0.01120429515838623
(12,22): 0.004839916229248047
(12,24): 0.009578666687011718
(12,25): 0.007657842636108398
(12,28): 0.010766363143920899
(13,1): -0.014253787994384766
(13,2): -0.015038466453552246
(13,21): 0.00422917366027832
(13,27): 0.003445253372192383
(14,4): -0.006527566909790039
(14,9): 0.000696864128112793
(14,15): 0.0028441190719604493
(14,16): 0.004015665054321289
(14,17): 0.0019414329528808594
(14,18): 0.0017697525024414063
(14,19): -0.02339751720428467
(14,21): 0.00105471134185791
(15,9): -0.0031374692916870117
(15,14): 4.720687866210938e-06
(15,16): 0.0018980550765991212
(15,17): -0.001703181266784668
(15,18): -0.003105783462524414
(15,19): -0.014032068252563477
(16,9): 0.00040993213653564456
(16,14): 4.159927368164062e-05
(16,15): 0.0007296228408813477
(16,17): -0.00021466255187988282
(16,18): -0.0014800977706909179
(17,4): -0.007334709167480469
(17,9): 0.001382126808166504
(17,14): 0.0011601638793945312
(17,15): -0.0006356143951416016
(17,16): 0.0031919622421264647
(17,18): 0.0025961923599243163
(17,19): -0.02703371047973633
(18,9): 0.0017373466491699219
(18,14): 0.0007667970657348632
(18,15): 0.000667576789855957
(18,16): 0.0018915414810180664
(18,17): 0.002647418975830078
(18,19): -0.007800769805908203
(18,28): 0.004657640457153321
(19,9): 0.01859379291534424
(19,14): 0.012988910675048829
(19,15): 0.007909197807312012
(19,17): 0.005412626266479492
(19,18): 0.017509727478027343
(20,3): 0.011602020263671875
(20,4): 0.005583643913269043
(20,6): 0.004811425209045411
(20,22): 0.005592761039733887
(20,27): -0.004055776596069336
(21,8): 0.013714981079101563
(21,13): 0.011782922744750977
(21,14): -0.00224851131439209
(22,10): 0.012616448402404785
(22,12): 0.005701241493225098
(22,20): -0.01134033203125
(22,27): 0.007088704109191895
(23,11): 0.023101205825805663
(24,12): 0.002497572898864746
(24,25): -0.000691533088684082
(25,10): 0.013524575233459473
(25,12): 0.002016434669494629
(25,24): 0.0062980461120605465
(26,9): -0.004090795516967774
(27,8): 0.013376779556274414
(27,13): 0.007883477210998534
(27,20): -0.00977468490600586
(27,22): 0.006312704086303711
(28,12): -0.000864710807800293
(28,18): -0.004823365211486816
