Interaction name: 5i2e

Affinity: 6.639999866485596
Predicted value: 6.6325273513793945

Shapley values for edges: 

(0,1): -0.05220261573791504
(0,2): 0.05469754219055176
(0,18): 0.06100354194641113
(0,25): -0.045466337203979496
(0,27): -0.025390219688415528
(0,28): -0.05176087379455566
(0,31): -0.0019139289855957032
(1,0): -0.016823558807373046
(1,8): 0.048224058151245114
(1,18): 0.07617384910583497
(1,25): -0.013818645477294922
(1,27): -0.040219264030456545
(1,28): 0.0559260082244873
(1,31): 0.024278974533081053
(2,0): -0.040851802825927735
(2,3): 0.031319351196289064
(2,4): 0.01709099292755127
(2,5): -0.060919299125671386
(2,11): 0.03194674015045166
(2,12): 0.034525032043457034
(2,15): 0.01694082736968994
(2,17): 0.029069724082946776
(2,18): 0.024666962623596193
(2,19): 0.024369874000549317
(2,22): -0.025338516235351563
(2,27): -0.018712215423583985
(2,31): -0.03113335609436035
(2,33): 0.053430428504943846
(3,2): -0.00527735710144043
(3,4): 0.017648396492004396
(3,12): 0.012648625373840332
(3,17): -0.01237417697906494
(3,18): 0.03201418399810791
(3,19): 0.02173672676086426
(3,22): 0.04074832439422607
(3,27): -0.027341327667236327
(3,31): -0.020325775146484374
(3,33): 0.047510595321655275
(3,35): -0.01119877815246582
(4,2): -0.017423033714294434
(4,3): 0.005284147262573242
(4,5): -0.06986478805541992
(4,11): -0.0082393217086792
(4,15): -0.0018536233901977539
(4,17): 0.028678078651428223
(4,18): 0.015202713012695313
(4,19): -0.06170872211456299
(4,22): 0.02177309513092041
(4,31): -0.03648556232452393
(4,33): 0.007117457389831543
(5,2): -0.011550254821777343
(5,4): -0.011054496765136718
(5,6): -0.017352352142333983
(5,7): -0.02502938747406006
(5,9): -0.008537969589233398
(5,10): 0.01570037841796875
(5,12): 0.024351334571838378
(5,14): 0.014813365936279297
(5,15): 0.05804662227630615
(5,19): 0.06608724117279052
(5,22): 0.021103405952453615
(5,28): -0.02637495517730713
(5,29): -0.009384913444519043
(5,30): -0.015634536743164062
(5,31): -0.06405702590942383
(5,32): 0.0626788854598999
(5,33): -0.0244347620010376
(5,34): 0.018290491104125978
(6,5): 0.019559946060180664
(6,7): -0.037072787284851076
(6,10): -0.0011757993698120117
(6,15): -0.0080079984664917
(6,28): -0.015830631256103515
(6,29): -0.004976396560668945
(6,30): 0.000628204345703125
(6,31): -0.11636091232299804
(6,32): 0.07106051445007325
(6,33): -0.022813115119934082
(6,34): 0.05828668117523193
(7,5): 0.009737038612365722
(7,6): -0.03521375179290771
(7,9): -0.03286312103271485
(7,10): -0.006824307441711426
(7,15): 0.012566308975219726
(7,28): -0.013889570236206055
(7,30): 0.018055682182312013
(7,31): -0.06280688762664795
(7,32): -0.0036464691162109374
(7,33): -0.07266951084136963
(8,1): -0.03583669185638428
(8,25): -0.03994819164276123
(9,5): -0.034499559402465824
(9,7): -0.04347790241241455
(9,10): 0.008312983512878418
(9,13): -0.040049653053283694
(9,14): -0.012583003044128419
(9,15): -0.0075194454193115235
(9,19): 0.07031233787536621
(9,28): -0.003684678077697754
(9,29): 0.035955066680908206
(9,30): 0.002397880554199219
(9,31): -0.0364037036895752
(9,33): -0.02631629467010498
(9,34): -0.02397369384765625
(10,5): 0.04120413780212402
(10,6): 0.015525269508361816
(10,7): 0.03096031188964844
(10,9): 0.010192627906799317
(10,13): -0.01224998950958252
(10,14): -0.026270380020141603
(10,15): 0.04319033622741699
(11,2): -0.013581047058105469
(11,4): -0.005400643348693847
(11,12): -0.044314179420471195
(11,17): -0.034304814338684084
(11,18): -0.026544957160949706
(11,19): 0.07275030136108399
(11,22): 0.017450819015502928
(11,27): -0.018388276100158692
(12,2): -0.035842876434326175
(12,3): -0.04646252632141113
(12,5): 0.014064855575561523
(12,11): -0.040874576568603514
(12,15): -0.0033299589157104494
(12,17): 0.017942376136779785
(12,18): -0.00979074478149414
(12,19): 0.004014582633972168
(12,22): -0.016842947006225586
(13,9): -0.044714322090148924
(13,10): -0.05271775722503662
(13,14): -0.028129940032958985
(13,23): -0.009682950973510742
(13,24): 0.017699151039123534
(13,39): 0.007345242500305176
(14,5): -0.060852279663085936
(14,9): -0.04026602268218994
(14,10): -0.05094481468200684
(14,13): -0.0171844482421875
(14,23): -0.002591371536254883
(14,24): 0.010682129859924316
(15,2): -0.028088955879211425
(15,4): -0.03665884017944336
(15,5): 0.04791801452636719
(15,6): -0.0593798828125
(15,7): -0.08423209190368652
(15,9): -0.01648791790008545
(15,10): -0.031018080711364745
(15,12): -0.037171945571899415
(15,17): 0.04533040046691895
(15,18): 0.027327055931091308
(15,19): 0.008861565589904785
(15,22): -0.011519608497619628
(15,38): 0.006754732131958008
(16,20): -0.004509658813476563
(16,21): -0.007796230316162109
(16,23): -0.0026961231231689455
(16,24): -0.003542375564575195
(17,2): -0.00320554256439209
(17,3): -0.011280140876770019
(17,4): -0.035283260345458985
(17,11): -0.0572532844543457
(17,12): -0.01913841724395752
(17,15): 0.011988229751586914
(17,18): -0.0008365440368652343
(17,19): -0.02796903133392334
(17,22): 0.006712827682495117
(17,27): -0.0832438087463379
(18,0): -0.07554328918457032
(18,1): -0.06338096618652343
(18,2): 0.03163105010986328
(18,3): -0.03087144374847412
(18,4): 0.008268136978149414
(18,11): -0.04608015537261963
(18,12): -0.009298067092895507
(18,15): -0.008117189407348633
(18,17): -0.0231619930267334
(18,19): 0.03032552719116211
(18,22): 0.019028663635253906
(18,27): -0.07833529949188232
(19,2): -0.02119575023651123
(19,3): -0.04739447116851807
(19,4): -0.0321155309677124
(19,5): -0.02660935401916504
(19,9): -0.009525361061096192
(19,11): -0.0688641119003296
(19,12): -0.028787641525268554
(19,15): -0.009443287849426269
(19,17): -0.03566808223724365
(19,18): -0.004749608039855957
(19,22): -0.005443954467773437
(20,16): -0.0022130203247070312
(20,21): -0.004068870544433594
(20,23): -0.007260870933532715
(20,24): -0.015271263122558594
(20,26): -0.014896678924560546
(21,16): 0.0008157491683959961
(21,20): -0.0034540367126464845
(21,23): -0.0071817350387573245
(21,24): 0.0060981082916259765
(21,26): -0.014730691909790039
(22,2): 0.016076068878173828
(22,3): -0.03261220455169678
(22,4): -0.011295528411865234
(22,5): 0.030399718284606934
(22,11): -0.020736875534057616
(22,12): -0.009960155487060546
(22,15): 0.07133202075958252
(22,17): 0.011264777183532715
(22,18): 0.01238853931427002
(22,19): -0.02948606014251709
(22,36): 0.006241383552551269
(22,37): 0.005786476135253907
(23,13): -0.011396236419677734
(23,14): -0.0037391853332519533
(23,16): 0.00434091567993164
(23,20): 0.0005134820938110351
(23,21): 0.004696989059448242
(23,24): -0.011513357162475585
(23,26): -0.011822357177734374
(23,40): -0.00648712158203125
(24,13): -0.00762735366821289
(24,14): -0.019776558876037596
(24,16): 0.008837475776672363
(24,20): 0.004796390533447266
(24,21): 0.004747190475463867
(24,23): -0.021364617347717284
(24,26): -0.009865703582763672
(25,0): 0.08150515079498291
(25,1): 0.10337340831756592
(25,8): 0.1337733745574951
(25,27): 0.014087505340576172
(26,20): 0.0074632358551025395
(26,21): 0.0067627191543579105
(26,23): 0.003372340202331543
(26,24): 0.004419999122619629
(27,0): 0.13167306900024414
(27,1): 0.023928356170654298
(27,2): 0.13714590549468994
(27,3): 0.0834809160232544
(27,11): 0.06525127410888672
(27,17): 0.15778878211975098
(27,18): 0.08555601596832275
(27,25): 0.01649559020996094
(28,0): -0.05817887306213379
(28,1): 0.1055557107925415
(28,5): 0.011870570182800293
(28,6): 0.05079727172851563
(28,7): 0.032802767753601074
(28,9): 0.03777629375457764
(28,35): 0.028428964614868164
(29,5): -0.014526844024658203
(29,6): -0.02162357807159424
(29,9): 0.0081986665725708
(29,30): -0.029842238426208496
(30,5): -0.053900747299194335
(30,6): -0.029966292381286622
(30,7): -0.000504765510559082
(30,9): -0.002067217826843262
(30,29): -0.015599756240844727
(30,31): -0.11432299613952637
(31,0): 0.08550614833831788
(31,1): 0.06502307415008544
(31,2): 0.0158868408203125
(31,3): 0.07663681507110595
(31,4): 0.06376479148864746
(31,5): -0.021862435340881347
(31,6): -0.028127713203430174
(31,7): 0.02851722240447998
(31,9): 0.0022009801864624023
(31,30): 0.04526203155517578
(32,5): -0.0353334903717041
(32,6): -0.02849475860595703
(32,7): -0.05938617706298828
(32,33): -0.09614374160766602
(32,34): -0.033220710754394533
(32,38): -0.04025925159454346
(33,2): -0.010956974029541015
(33,3): 0.026521854400634766
(33,4): 0.027208528518676757
(33,5): -0.0218656063079834
(33,6): -0.005822362899780273
(33,7): -0.04156029224395752
(33,9): -0.014802823066711426
(33,32): -0.007261419296264648
(33,34): -0.018258614540100096
(34,5): -0.046438584327697756
(34,6): -0.027718825340270994
(34,9): -0.017634434700012205
(34,32): -0.023404440879821777
(34,33): -0.08404720306396485
(34,38): -0.013503894805908204
(35,3): -0.011653900146484375
(35,28): -0.09387414455413819
(36,22): 0.08886751174926757
(36,37): -0.003961882591247559
(37,22): 0.05008852481842041
(37,36): 0.0008553838729858398
(38,15): 0.008341231346130372
(38,32): -0.08365090847015381
(38,34): -0.07714085578918457
(39,13): 0.006530017852783203
(39,40): 0.015645828247070313
(40,23): 0.005822029113769531
(40,39): 0.018453807830810548
