Interaction name: 5lwe

Affinity: 9.960000038146973
Predicted value: 8.05376148223877

Attributions for edges: 

(0,1): 1.5982676927185049e-25
(0,5): 0.0
(0,10): 8.610446757201742e-24
(0,11): 1.1354977465721596e-23
(0,13): 9.853715209657213e-24
(0,21): 7.38195051405744e-24
(0,25): 2.228852177004697e-23
(0,26): 4.357407710772599e-24
(0,27): 5.058173820684358e-31
(0,28): 1.1529669421851492e-36
(1,0): 3.457736044211112e-26
(1,5): 0.0
(1,10): 1.0364062776947067e-22
(1,11): 1.3667600833290066e-22
(1,21): 8.885437042330183e-23
(1,25): 2.682783410024584e-22
(1,27): 6.088282465959657e-30
(1,28): 1.3890529183769627e-35
(2,5): 0.0
(2,14): 1.239487442136747e-24
(2,15): 7.153763425321852e-25
(2,16): 1.8525402816653073e-23
(2,17): 1.3211148243044911e-24
(2,24): 8.137506993758991e-25
(2,27): 9.797415687938361e-32
(2,28): 2.2332533983340382e-37
(3,4): 2.7880758304880533e-24
(3,16): 1.9455176935631756e-21
(3,17): 1.3874204135456173e-22
(3,24): 8.54595359166758e-23
(3,29): 0.0
(4,3): 5.267899529095565e-24
(4,16): 3.5447274187311464e-22
(4,17): 2.5278757406994202e-23
(4,29): 0.0
(5,0): 0.0
(5,1): 4.1971831733303353e-38
(5,2): 0.0
(5,10): 2.261157264077547e-36
(5,11): 2.9819109365180116e-36
(5,13): 2.5876674293288755e-36
(5,14): 1.6804774758140932e-36
(5,15): 9.698960195027538e-37
(5,17): 1.791139786783083e-36
(5,21): 1.9385612281175464e-36
(5,22): 1.5292052214581143e-36
(5,24): 1.1032619664037553e-36
(5,25): 5.853150414390658e-36
(5,26): 1.1442912679743722e-36
(6,7): 1.0826790130915418e-20
(6,8): 7.217453767112771e-21
(6,9): 6.148244873308773e-21
(6,12): 9.571171158531836e-21
(6,19): 8.827471972154876e-21
(6,20): 5.924133453372671e-21
(6,30): 8.163787717322726e-23
(7,6): 9.036877914101503e-21
(7,8): 9.649623261960096e-21
(7,9): 8.22013964898839e-21
(7,12): 1.2796457419007629e-20
(7,19): 1.1802103119981494e-20
(7,20): 7.920474892839016e-21
(7,31): 1.8783528492561788e-20
(7,32): 7.352818158506666e-21
(7,37): 5.850892224296391e-22
(7,43): 3.947257011592248e-21
(7,47): 2.1190202406849153e-22
(8,6): 6.987848139231084e-21
(8,7): 1.119311966676417e-20
(8,9): 6.356297761030765e-21
(8,12): 9.895052758024694e-21
(8,19): 9.12611810061633e-21
(8,20): 6.124602371191388e-21
(8,31): 1.4524535461652504e-20
(8,33): 1.6957394408309217e-21
(8,34): 1.1228743363066503e-20
(8,35): 2.9284173409704922e-24
(8,37): 4.52427304413963e-22
(8,42): 1.3272448162743612e-20
(8,49): 2.2529852306982717e-22
(9,6): 6.390602330438274e-21
(9,7): 1.0236452976603916e-20
(9,8): 6.823944401116976e-21
(9,10): 2.5789756762718386e-21
(9,11): 3.401009230164676e-21
(9,12): 9.049296932399736e-21
(9,19): 8.346085167391691e-21
(9,20): 5.601117000790013e-21
(9,21): 2.211028533805276e-21
(9,25): 6.675792637558321e-21
(9,34): 1.0268993324861215e-20
(10,0): 4.745588018431039e-25
(10,1): 2.6403329114484688e-23
(10,5): 0.0
(10,9): 3.2061605360879882e-21
(10,11): 1.8758242938329235e-21
(10,12): 4.99113349913681e-21
(10,13): 1.627818239212354e-21
(10,20): 3.0892919920480712e-21
(10,21): 1.2194865680824648e-21
(10,25): 3.682028495201795e-21
(10,26): 7.198394382771652e-22
(10,30): 4.257201470995542e-23
(10,42): 6.694714797967255e-21
(10,44): 2.3629463824343286e-22
(10,49): 1.13642128181112e-22
(11,0): 5.46964449332621e-25
(11,1): 3.043181141006407e-23
(11,5): 0.0
(11,9): 3.69533972149472e-21
(11,10): 1.6394530919054735e-21
(11,12): 5.752653419394173e-21
(11,19): 5.3056208633428654e-21
(11,20): 3.560612275328362e-21
(11,21): 1.405554647060642e-21
(11,25): 4.2438125703024455e-21
(11,37): 2.6302513321886167e-22
(12,6): 8.412989053986886e-21
(12,7): 1.3475802115286677e-20
(12,8): 8.983431868331634e-21
(12,9): 7.65260731486535e-21
(12,10): 3.395111529332401e-21
(12,11): 4.47730085796366e-21
(12,19): 1.0987307598396887e-20
(12,20): 7.373659232533881e-21
(12,21): 2.910724579261578e-21
(12,25): 8.788394958353848e-21
(12,30): 1.0161278192650954e-22
(12,37): 5.44693586604767e-22
(12,42): 1.5979242428752108e-20
(13,0): 5.064696059658779e-25
(13,5): 0.0
(13,10): 1.5180692847489142e-21
(13,14): 1.1282149826951592e-21
(13,15): 6.511573960927299e-22
(13,21): 1.3014885203406696e-21
(13,22): 1.0266598822780394e-21
(13,23): 4.586762944736638e-22
(13,25): 3.929588950695998e-21
(13,36): 2.340394654067811e-21
(13,37): 2.435519061359765e-22
(13,40): 2.776296559451293e-23
(13,44): 2.5218282698911235e-22
(14,2): 3.003571872891865e-26
(14,5): 0.0
(14,13): 1.3356091147633068e-21
(14,15): 5.006060817434607e-22
(14,18): 4.601661889285396e-21
(14,22): 7.892901970147458e-22
(14,23): 3.526290792743045e-22
(14,24): 5.694486224122286e-22
(14,26): 5.906213966728709e-22
(14,37): 1.872413107817454e-22
(14,38): 2.3353447704493696e-23
(14,40): 2.1344091183429133e-23
(14,41): 2.7251764164179267e-22
(14,47): 6.781353788222319e-23
(14,48): 3.5733758175828975e-21
(15,2): 2.0873895879401598e-26
(15,5): 0.0
(15,13): 9.282036799321174e-22
(15,14): 6.027921194234635e-22
(15,17): 6.424869438419116e-22
(15,22): 5.485303536122724e-22
(15,23): 2.450654083578463e-22
(15,24): 3.957492260956437e-22
(15,26): 4.104636655450012e-22
(15,30): 2.427513227577039e-23
(15,49): 6.48002659291217e-23
(16,2): 1.6968684033382107e-25
(16,3): 1.0884096420193332e-21
(16,4): 1.0495595551017446e-22
(16,17): 5.222886646216224e-21
(16,24): 3.2170885694100297e-21
(16,38): 1.3193484069655202e-22
(16,39): 1.1503085154043754e-22
(17,2): 2.9583254614479914e-26
(17,3): 1.8975367499269328e-22
(17,4): 1.8298124101249848e-23
(17,5): 0.0
(17,15): 4.930667929218569e-22
(17,16): 1.2768418904298922e-20
(17,24): 5.60870410089336e-22
(17,30): 3.440373868962635e-23
(17,40): 2.102248205870139e-23
(17,47): 6.679172950713403e-23
(18,14): 2.651043989088913e-21
(18,22): 2.4124128836837347e-21
(18,23): 1.077778876729928e-21
(18,41): 8.329255899140519e-22
(18,42): 1.6788829297417045e-20
(18,47): 2.0726671525473631e-22
(18,48): 1.0921700220476642e-20
(19,6): 8.005436196829729e-21
(19,7): 1.2823039481915131e-20
(19,8): 8.548277512785488e-21
(19,9): 7.281918117135788e-21
(19,11): 4.260405861857873e-21
(19,12): 1.1335994922743533e-20
(19,20): 7.016482805592197e-21
(19,21): 2.7697302706028508e-21
(19,25): 8.362688556366706e-21
(20,6): 6.2442555816049606e-21
(20,7): 1.000199574055915e-20
(20,8): 6.6676480589195845e-21
(20,9): 5.679866776147692e-21
(20,10): 2.5199063775340644e-21
(20,11): 3.323111878968517e-21
(20,12): 8.842030027818382e-21
(20,19): 8.154925666535247e-21
(20,21): 2.1603786654673915e-21
(20,25): 6.522889432238887e-21
(20,31): 1.2978946871510038e-20
(21,0): 4.2653571094641695e-25
(21,1): 2.3731441451283017e-23
(21,5): 0.0
(21,9): 2.881712673304701e-21
(21,10): 1.2784838722185848e-21
(21,11): 1.6859996718458582e-21
(21,12): 4.486037145390184e-21
(21,13): 1.4630906526341562e-21
(21,19): 4.13744756406514e-21
(21,20): 2.7766595238201163e-21
(21,26): 6.469927153841423e-22
(21,36): 1.9710130721747435e-21
(21,40): 2.3381349714711363e-23
(21,47): 7.428593335028261e-23
(22,5): 0.0
(22,13): 1.1917779360716598e-21
(22,14): 7.739620111593519e-22
(22,15): 4.466977761049065e-22
(22,18): 4.106111232119375e-21
(22,23): 3.1465457747441335e-22
(22,26): 5.270176497212395e-22
(22,45): 1.1392873283379357e-20
(23,13): 8.358252658968016e-22
(23,14): 5.427998660483552e-22
(23,15): 3.1327963709282382e-22
(23,18): 2.8797123744845504e-21
(23,22): 4.939384526676899e-22
(23,26): 3.696113234322169e-22
(23,46): 8.64333159155002e-22
(24,2): 2.162896518819037e-26
(24,3): 1.3873305465112945e-22
(24,5): 0.0
(24,14): 6.245967902018495e-22
(24,15): 3.6049055151137502e-22
(24,16): 9.335270395382937e-21
(24,17): 6.657300425275394e-22
(24,49): 6.714452072572335e-23
(25,0): 8.246945174102237e-25
(25,1): 4.588387998201393e-23
(25,5): 0.0
(25,9): 5.571666059029501e-21
(25,10): 2.4719026389731044e-21
(25,11): 3.2598073185592435e-21
(25,12): 8.67359052882587e-21
(25,13): 2.828833092773653e-21
(25,19): 7.99960554286351e-21
(25,20): 5.368571812118208e-21
(25,26): 1.2509418476309626e-21
(26,0): 2.9460407401121625e-25
(26,5): 0.0
(26,10): 8.83032974384634e-22
(26,14): 6.562593697744649e-22
(26,15): 3.787634478408759e-22
(26,21): 7.570462080223208e-22
(26,22): 5.971847194043097e-22
(26,23): 2.6680154290078673e-22
(26,25): 2.285761151754531e-21
(27,0): 1.2371602202291363e-29
(27,1): 6.883240880430926e-28
(27,2): 9.543304489693139e-31
(27,28): 4.96546887847031e-39
(27,37): 5.9492985169412574e-27
(27,44): 6.160152023554694e-27
(28,0): 3.0422254813471514e-33
(28,1): 1.6925963140894082e-31
(28,2): 2.3467176623070072e-34
(28,27): 5.356682879273065e-37
(28,37): 1.4629389248243421e-30
(29,3): 0.0
(29,4): 0.0
(30,6): 4.28681404720009e-22
(30,10): 1.7299824412225002e-22
(30,12): 6.070287947337052e-22
(30,15): 7.420492680164728e-23
(30,17): 1.370367512694146e-22
(31,7): 1.7116956659897772e-20
(31,8): 1.141070451857613e-20
(31,20): 9.365981899004669e-21
(32,7): 9.3548052672124e-21
(32,40): 4.3102933876387266e-23
(32,46): 2.789165177978404e-21
(33,8): 3.0098875000043823e-21
(34,8): 9.651759068151102e-21
(34,9): 8.221958800101153e-21
(34,43): 3.948099944179356e-21
(35,8): 5.57404130028246e-23
(35,44): 3.499512798874791e-24
(36,13): 2.330292589667972e-21
(36,21): 1.745754585373578e-21
(37,7): 1.8551869857329707e-21
(37,8): 1.236731143201243e-21
(37,11): 6.163810752421241e-22
(37,12): 1.6400472240739625e-21
(37,13): 5.348882853665851e-22
(37,14): 3.4736607699370856e-22
(37,27): 2.7457026270687704e-29
(37,28): 6.278199385427938e-35
(37,39): 8.154353414212826e-24
(38,14): 9.939379824165698e-23
(38,16): 1.4855416592402952e-21
(39,16): 1.3850573901703586e-21
(39,37): 2.00051559912757e-23
(40,13): 1.4418800887807102e-22
(40,14): 9.363864773039898e-23
(40,17): 9.980489574747299e-23
(40,21): 1.080194431930587e-22
(40,32): 2.5402989746703304e-22
(40,46): 1.491059318442871e-22
(41,14): 4.641927672294381e-22
(41,18): 2.4626881377549477e-21
(42,8): 1.0835053051311712e-20
(42,10): 4.094895422339109e-21
(42,12): 1.4368466513344208e-20
(42,18): 1.614553642803081e-20
(42,45): 4.4797804610967584e-20
(43,7): 6.495154244014569e-21
(43,34): 6.5158010436889334e-21
(44,10): 4.797342610736038e-22
(44,13): 5.4900553817802855e-22
(44,27): 2.8181588199156025e-29
(44,35): 4.98180206270009e-25
(45,22): 4.623603582047575e-21
(45,42): 3.217716103842512e-20
(46,23): 5.043014848767504e-22
(46,32): 3.365184191315782e-21
(46,40): 3.052482126623325e-23
(47,7): 1.0337888624547324e-21
(47,14): 1.9356562759156398e-22
(47,17): 2.0631382176832727e-22
(47,18): 1.0269263531809358e-21
(47,21): 2.23294664909272e-22
(47,48): 7.974526480861508e-22
(48,14): 2.274679435706378e-21
(48,18): 1.2067886590552439e-20
(48,47): 1.778414083182001e-22
(49,8): 8.439470243672716e-22
(49,10): 3.189532256973692e-22
(49,15): 1.3681058169244412e-22
(49,24): 1.556245608722797e-22
