Interaction name: 5o2d

Affinity: 5.679999828338623
Predicted value: 5.9916486740112305

Attributions for edges: 

(0,1): 2.7233075860007964e-21
(0,2): 7.115332692400571e-33
(0,3): 3.555755093389671e-20
(0,4): 4.118034669064286e-20
(0,5): 2.2848010031233052e-37
(0,6): 1.6437510089529778e-26
(0,14): 2.303628212595998e-20
(0,20): 1.3599846879555545e-35
(0,24): 3.0262144216311095e-20
(0,25): 8.652889840485348e-24
(1,0): 2.6771207771202903e-21
(1,2): 4.6256726670639175e-34
(1,4): 2.6771207771202903e-21
(1,5): 1.4853360147885335e-38
(1,24): 1.967339832877447e-21
(1,25): 5.625215752444846e-25
(2,0): 5.6315267445087366e-33
(2,1): 3.724212681712191e-34
(2,4): 5.6315267445087366e-33
(2,5): 0.0
(2,6): 0.0
(2,12): 2.6069423109605584e-33
(2,14): 3.150263514092297e-33
(2,15): 5.6315267445087366e-33
(2,16): 2.5224587972829914e-33
(2,20): 0.0
(3,0): 3.5492500933537654e-20
(3,6): 1.4167100611569664e-26
(3,7): 2.4950285974941053e-20
(3,8): 3.236574771677084e-21
(3,10): 2.0156433480487217e-24
(3,11): 3.5492500933537654e-20
(3,12): 1.6430162491344345e-20
(3,14): 1.9854501203619214e-20
(3,16): 1.5897648816141995e-20
(3,17): 1.0308517048504764e-20
(3,19): 2.3470031728493205e-20
(3,20): 1.1721297278317991e-35
(3,21): 2.811127752204289e-20
(3,26): 1.9944662981619731e-22
(4,0): 4.118034669064286e-20
(4,1): 2.7233075860007964e-21
(4,2): 7.115332692400571e-33
(4,27): 5.510785889063025e-22
(4,28): 4.084585553044173e-20
(4,31): 2.1261884392392835e-20
(5,0): 1.7627845908301842e-37
(5,1): 1.1657558870146158e-38
(5,2): 0.0
(5,6): 0.0
(5,12): 8.160269909365653e-38
(5,13): 1.7627845908301842e-37
(5,14): 9.861128991083657e-38
(5,15): 1.7627845908301842e-37
(5,22): 0.0
(6,0): 1.7552991765135354e-26
(6,2): 3.032900331261418e-39
(6,3): 1.5156293668117925e-26
(6,5): 0.0
(6,7): 1.2339288323757202e-26
(6,12): 8.12564865790541e-27
(6,13): 1.7552991765135354e-26
(6,14): 9.81917971739135e-27
(6,16): 7.862260789826945e-27
(6,17): 5.0981280002294854e-27
(6,18): 0.0
(6,19): 1.1607220781480237e-26
(6,20): 0.0
(6,21): 1.3902627289374542e-26
(6,22): 4.895524186662308e-38
(6,27): 2.3489460121973093e-28
(6,35): 4.6158681125106245e-28
(6,38): 1.5284725462017354e-26
(7,3): 2.4897995881765484e-20
(7,6): 1.150986579316344e-26
(7,8): 2.6294702462964776e-21
(7,9): 2.883506055802679e-20
(7,10): 1.6375691374470683e-24
(7,11): 2.883506055802679e-20
(7,17): 8.374916127589572e-21
(7,19): 1.9067757121440385e-20
(7,20): 9.522733258886456e-36
(7,21): 2.2838361392948194e-20
(7,23): 2.3052615576235765e-29
(7,29): 2.7264775699058855e-21
(7,41): 2.4618158418716808e-20
(8,3): 3.2803775797931397e-21
(8,7): 2.67066428508808e-21
(8,9): 3.79909676620114e-21
(8,10): 2.157541231793355e-25
(8,11): 3.79909676620114e-21
(8,17): 1.103417537725433e-21
(8,19): 2.5122278957834562e-21
(8,20): 1.2546408539676755e-36
(8,21): 3.0090154868488637e-21
(8,23): 3.037208825575515e-30
(8,29): 3.5922075051123335e-22
(8,32): 1.5004691794864837e-21
(8,42): 9.614171423030601e-35
(9,7): 2.8948581403576887e-20
(9,8): 3.7552368066902225e-21
(9,10): 2.33866887253179e-24
(9,11): 4.118034669064286e-20
(9,19): 2.7231215511423286e-20
(9,21): 3.2616248540848727e-20
(9,39): 0.0
(9,40): 2.541509240854177e-38
(9,43): 4.118034669064286e-20
(10,3): 1.87816993860244e-24
(10,7): 1.5290863662676589e-24
(10,8): 1.9835373748076153e-25
(10,9): 2.1751608838457256e-24
(10,11): 2.1751608838457256e-24
(10,21): 1.7228087136998195e-24
(10,23): 1.7389578333263583e-33
(10,42): 5.504605850933104e-38
(11,3): 3.555755093389671e-20
(11,7): 2.8948581403576887e-20
(11,8): 3.7552368066902225e-21
(11,9): 4.118034669064286e-20
(11,10): 2.33866887253179e-24
(11,19): 2.7231215511423286e-20
(11,20): 1.3599846879555545e-35
(11,21): 3.2616248540848727e-20
(11,23): 3.2921981886304624e-29
(11,35): 1.0829097795187792e-21
(11,41): 3.51580420850792e-20
(12,2): 3.2656992633949534e-33
(12,3): 1.631959817024927e-20
(12,5): 1.0486391728981705e-37
(12,6): 7.544208866950948e-27
(12,13): 1.8900180345977372e-20
(12,14): 1.057280044642189e-20
(12,15): 1.8900180345977372e-20
(12,16): 8.465721010243575e-21
(12,20): 6.241778862581306e-36
(12,22): 5.271295766015277e-32
(12,29): 1.787092613368489e-21
(12,38): 1.6457950590047298e-20
(13,5): 2.2848010031233052e-37
(13,6): 1.6437510089529778e-26
(13,12): 1.9063246402162557e-20
(13,14): 2.303628212595998e-20
(13,15): 4.118034669064286e-20
(13,29): 3.8937620943115784e-21
(13,30): 0.0
(14,0): 2.2887551174413823e-20
(14,2): 3.9546631145676195e-33
(14,3): 1.9762541983958046e-20
(14,5): 1.2698702329402839e-37
(14,6): 9.135808928572226e-27
(14,12): 1.0595087470933938e-20
(14,13): 2.2887551174413823e-20
(14,15): 2.2887551174413823e-20
(14,16): 1.0251731584129139e-20
(14,18): 0.0
(14,19): 1.51347879585635e-20
(14,20): 7.558605889596301e-36
(14,22): 6.383380425071158e-32
(14,33): 7.364059444549867e-25
(15,2): 7.115332692400571e-33
(15,5): 2.2848010031233052e-37
(15,12): 1.9063246402162557e-20
(15,13): 4.118034669064286e-20
(15,14): 2.303628212595998e-20
(15,22): 1.1485229855909754e-31
(15,33): 1.3249707764092114e-24
(15,34): 4.118034669064286e-20
(15,35): 1.0829097795187792e-21
(16,2): 3.1943357360405016e-33
(16,3): 1.596303647421203e-20
(16,6): 7.3793769971026e-27
(16,12): 8.558163290457777e-21
(16,14): 1.0341759369371739e-20
(16,17): 5.36947209804857e-21
(16,18): 0.0
(16,19): 1.2225053330318215e-20
(16,20): 6.105380909377464e-36
(16,33): 5.94828338237873e-25
(16,35): 4.861581889276465e-22
(16,36): 2.6694319960017036e-21
(17,3): 1.0348152247660552e-20
(17,6): 4.783733803503869e-27
(17,7): 8.424742450385955e-21
(17,8): 1.0928612913925785e-21
(17,16): 5.368038668364024e-21
(17,18): 0.0
(17,19): 7.924946838025631e-21
(17,20): 3.9578415525690846e-36
(17,21): 9.49212290345117e-21
(17,31): 6.187702761776616e-21
(17,35): 3.1515311232296407e-22
(17,37): 9.904531407739242e-21
(18,6): 0.0
(18,14): 0.0
(18,16): 0.0
(18,17): 0.0
(18,19): 0.0
(18,20): 0.0
(18,21): 0.0
(19,3): 2.3515736688511028e-20
(19,6): 1.0870789852321267e-26
(19,7): 1.9144941796762106e-20
(19,8): 2.483499727316969e-21
(19,9): 2.723423019701513e-20
(19,11): 2.723423019701513e-20
(19,14): 1.5234883275030952e-20
(19,16): 1.219868614049952e-20
(19,17): 7.909967114120179e-21
(19,18): 0.0
(19,20): 8.99409585708444e-36
(19,21): 2.1570446994682123e-20
(19,23): 2.1772556771128172e-29
(19,31): 1.406139832915377e-20
(19,38): 2.371500482119248e-20
(20,0): 1.5014660228576675e-35
(20,2): 0.0
(20,3): 1.2964596358827053e-35
(20,6): 0.0
(20,7): 1.055486881288205e-35
(20,8): 1.369182048769018e-36
(20,11): 1.5014660228576675e-35
(20,12): 6.950575266436075e-36
(20,14): 8.39916757635263e-36
(20,16): 6.725327905629003e-36
(20,17): 4.360889249853758e-36
(20,18): 0.0
(20,19): 9.928779600360131e-36
(20,21): 1.1892082602579305e-35
(20,29): 1.4196998225012711e-36
(20,34): 1.5014660228576675e-35
(20,37): 1.240890407636393e-35
(20,41): 1.2818932347553832e-35
(21,3): 2.807323690738825e-20
(21,6): 1.2977718692882016e-26
(21,7): 2.285544299571484e-20
(21,8): 2.9648180715753547e-21
(21,9): 3.2512650631474996e-20
(21,10): 1.846408426405979e-24
(21,11): 3.2512650631474996e-20
(21,17): 9.442969472696054e-21
(21,18): 0.0
(21,19): 2.1499550184485512e-20
(21,20): 1.0737208907968556e-35
(21,23): 2.599241974255751e-29
(21,43): 3.2512650631474996e-20
(22,5): 0.0
(22,6): 3.805431410228911e-38
(22,12): 4.4132798110838364e-32
(22,14): 5.333106785464566e-32
(22,15): 9.53358479710393e-32
(23,7): 2.011850945421042e-29
(23,8): 2.6097620280345934e-30
(23,10): 1.6252952437835203e-33
(23,11): 2.8619051148961433e-29
(23,19): 1.8924842148803517e-29
(23,21): 2.2667185836849732e-29
(24,0): 3.003340292754604e-20
(24,1): 1.986146074909524e-21
(24,26): 1.6876911663314949e-22
(24,27): 4.019077937629445e-22
(24,34): 3.003340292754604e-20
(24,41): 2.564125158947419e-20
(25,0): 7.576955352106263e-24
(25,1): 5.010753257921701e-25
(25,34): 7.576955352106263e-24
(26,3): 1.9150692782087784e-22
(26,24): 1.6298679144142844e-22
(26,41): 1.8935525605934598e-22
(27,4): 5.369571961528284e-22
(27,6): 2.1433216942723756e-28
(27,24): 3.9459602504818093e-22
(27,41): 4.584331486100129e-22
(27,43): 5.369571961528284e-22
(28,4): 4.084476016236495e-20
(28,35): 1.074088976690313e-21
(29,7): 2.648708657886871e-21
(29,8): 3.435916615521519e-22
(29,12): 1.7442302789127504e-21
(29,13): 3.767878776012932e-21
(29,20): 1.244326310756126e-36
(29,38): 3.2809781743101643e-21
(30,13): 0.0
(30,33): 0.0
(31,4): 2.110576212970912e-20
(31,17): 6.1300020672896406e-21
(31,19): 1.3956603269713826e-20
(31,32): 8.335807609839433e-21
(31,43): 2.110576212970912e-20
(32,8): 1.4572477807902376e-21
(32,31): 8.25083338115165e-21
(33,14): 6.24133781309735e-25
(33,15): 1.115720195095841e-24
(33,16): 4.997505325094645e-25
(33,30): 0.0
(34,15): 4.118034669064286e-20
(34,20): 1.3599846879555545e-35
(34,24): 3.0262144216311095e-20
(34,25): 8.652889840485348e-24
(35,6): 4.077158544046293e-28
(35,11): 1.0214331549773091e-21
(35,15): 1.0214331549773091e-21
(35,16): 4.575159495018433e-22
(35,17): 2.9666604972402655e-22
(35,28): 1.0131324702317605e-21
(36,16): 2.58180053037545e-21
(36,37): 4.763680641111035e-21
(36,38): 5.019180899574753e-21
(37,17): 9.82910368342563e-21
(37,20): 1.1176265805522147e-35
(37,36): 4.88653675301755e-21
(38,6): 1.4291346204141973e-26
(38,12): 1.6574192084330873e-20
(38,19): 2.3675863991699662e-20
(38,29): 3.385385896734759e-21
(38,36): 5.1698024919643465e-21
(39,9): 0.0
(40,9): 1.4391867722032315e-38
(41,7): 2.467155842025336e-20
(41,11): 3.5096132786108436e-20
(41,20): 1.1590398692911422e-35
(41,24): 2.5791244314571917e-20
(41,26): 1.9721853321016764e-22
(41,27): 4.696573897356341e-22
(41,43): 3.5096132786108436e-20
(42,8): 6.142036617190038e-35
(42,10): 3.82510844326496e-38
(43,9): 4.118034669064286e-20
(43,21): 3.2616248540848727e-20
(43,27): 5.510785889063025e-22
(43,31): 2.1261884392392835e-20
(43,41): 3.51580420850792e-20
