Interaction name: 5ung

Affinity: 9.470000267028809
Predicted value: 7.5197296142578125

Attributions for edges: 

(0,4): 2.0648383939425498e-30
(0,5): 1.3463923462905965e-29
(0,7): 7.61259981890823e-29
(0,27): 5.693830384253096e-31
(0,40): 2.824443971918489e-29
(0,41): 7.596180664279221e-29
(1,14): 3.1266677425198443e-32
(1,15): 3.2068032495305136e-32
(1,16): 7.397904930480543e-32
(1,35): 8.919696390572024e-32
(1,36): 1.8100539430628377e-31
(1,40): 1.1138627118109346e-30
(2,9): 6.759159373469356e-33
(2,10): 3.2026187467809755e-34
(2,19): 2.197410181038651e-33
(2,20): 3.496896447403841e-32
(2,22): 3.587189254163172e-33
(2,28): 1.002038110541363e-32
(2,30): 4.0050229823299756e-32
(2,39): 7.115363696064074e-32
(3,8): 9.079843096065763e-33
(3,9): 2.059273799111693e-33
(3,10): 9.75715756863304e-35
(3,12): 1.5707365469342255e-32
(3,13): 2.1495389082853824e-33
(3,19): 6.694721803728652e-34
(3,20): 1.0653789624198497e-32
(3,21): 1.779992320732649e-33
(3,39): 2.1677799724820535e-32
(4,0): 2.045442737153982e-30
(4,5): 4.679152124182623e-31
(4,7): 2.6456268308759217e-30
(4,23): 1.7943362905485578e-33
(4,24): 1.9781277710354995e-32
(4,25): 2.108535351074198e-32
(4,27): 1.9787917784069203e-32
(4,31): 1.54440371023428e-32
(4,34): 4.132345183571353e-32
(4,38): 9.930693825181767e-32
(4,40): 9.8158640138296e-31
(4,41): 2.639920699178386e-30
(5,0): 1.340795413316275e-29
(5,4): 4.703885465719405e-31
(5,7): 1.734231454129714e-29
(5,25): 1.3821527229157752e-31
(5,27): 1.2971053539854774e-31
(5,34): 2.7087468808342858e-31
(5,40): 6.434334837305009e-30
(5,41): 1.7304778467607587e-29
(6,9): 6.584826214402718e-33
(6,10): 3.1199925141777076e-34
(6,19): 2.140734088255739e-33
(6,20): 3.406703704601124e-32
(6,22): 3.49464074721301e-33
(6,28): 9.761858306257131e-33
(6,30): 3.9016949717775826e-32
(6,39): 6.931789094284859e-32
(7,0): 7.619166036312375e-29
(7,4): 2.673037102187944e-30
(7,5): 1.7429727686648016e-29
(7,27): 7.370950022170143e-31
(8,3): 9.071534555057358e-33
(8,10): 7.150153314630323e-35
(8,21): 1.3043881329094168e-33
(8,42): 2.4462503964932286e-33
(8,43): 4.3411467757399775e-32
(8,60): 4.304998561210666e-32
(9,2): 6.70226250815368e-33
(9,3): 2.0488054709046435e-33
(9,6): 6.529844670194914e-33
(9,10): 1.6148616236543001e-35
(9,12): 2.5996131036831815e-33
(9,19): 1.107995261146164e-34
(9,20): 1.763232159012823e-33
(9,21): 2.945937387075688e-34
(9,22): 1.8087603638759906e-34
(9,28): 5.0525157880116064e-34
(9,39): 3.587763777027136e-33
(9,44): 7.789366295949855e-33
(9,45): 4.1360488723972065e-33
(10,2): 3.148135501975324e-34
(10,3): 9.623491577946935e-35
(10,6): 3.0671719510299966e-34
(10,8): 7.058661627611073e-35
(10,9): 1.6008651765750085e-35
(10,20): 8.282119936161127e-35
(10,21): 1.3837535797697583e-35
(10,22): 8.495970798880917e-36
(10,23): 5.7873423892805065e-36
(10,24): 6.3801321943885e-35
(10,28): 2.3732651231532487e-35
(10,30): 9.48557647364797e-35
(10,38): 3.2029853999993862e-34
(10,39): 1.6852169407539e-34
(10,45): 1.942768212196544e-34
(10,46): 9.548278880565391e-34
(10,47): 8.900245375346372e-34
(11,25): 1.869912495782769e-32
(11,26): 1.0312274572885242e-31
(11,27): 1.7548518761148187e-32
(11,29): 3.5632827847401174e-32
(11,34): 3.664660062417321e-32
(11,37): 1.6641698044012131e-31
(11,56): 4.7807481613585146e-32
(11,64): 6.2760564977972975e-31
(12,3): 1.5717795042969926e-32
(12,9): 2.614650798837068e-33
(12,13): 2.7292602123452947e-33
(12,19): 8.500322911742437e-34
(12,20): 1.3527068833012646e-32
(12,39): 2.7524414752222887e-32
(12,42): 4.2384965111492305e-33
(12,49): 1.9611918361760274e-32
(13,3): 2.1386771568127922e-33
(13,12): 2.7136674634526294e-33
(13,15): 2.025662558530845e-33
(13,16): 4.673047017947475e-33
(13,18): 4.0178290381930244e-33
(13,19): 1.156615613082719e-34
(13,20): 1.8405910748984533e-33
(13,35): 5.6343196456178935e-33
(13,36): 1.1433598617538586e-32
(13,39): 3.7451712868098716e-33
(13,50): 5.102081517504486e-33
(13,51): 2.19876861169782e-33
(14,1): 3.1173069871306587e-32
(14,35): 3.010697877971533e-32
(14,50): 2.7262961298712994e-32
(14,51): 1.1749115994978674e-32
(14,55): 1.92177765752975e-32
(14,58): 2.6419532347054494e-32
(15,1): 3.1974219229901886e-32
(15,13): 2.0353602032541366e-33
(15,16): 2.5612155807135714e-32
(15,17): 3.2085650216888085e-32
(15,18): 2.2020854526796572e-32
(15,32): 3.823106709206183e-32
(15,33): 7.058860621355923e-32
(15,49): 1.462569173076291e-32
(15,58): 2.7098718289280227e-32
(16,1): 7.393616139341568e-32
(16,13): 4.706501587171877e-33
(16,15): 2.567241458629474e-32
(16,17): 7.419383563258768e-32
(16,18): 5.092070493334105e-32
(16,32): 8.840497458685373e-32
(16,33): 1.632280876102671e-31
(16,36): 1.4490583348815273e-31
(16,51): 2.786671576844646e-32
(17,15): 3.218003653578736e-32
(17,16): 7.423800483281983e-32
(17,18): 6.382844399647183e-32
(17,32): 1.1081362910809039e-31
(17,33): 2.046027145925437e-31
(17,36): 1.81637575168156e-31
(17,50): 8.105319781794098e-32
(17,52): 4.091798504280135e-31
(18,13): 4.044709655260453e-33
(18,15): 2.206255812762787e-32
(18,16): 5.089701284470023e-32
(18,17): 6.376127624926585e-32
(18,32): 7.5972999229803e-32
(18,33): 1.4027514981724095e-31
(18,36): 1.2453029636368304e-31
(18,52): 2.8053276125876764e-31
(18,53): 1.87676665640562e-31
(19,2): 2.1717928530563715e-33
(19,3): 6.6389239337954985e-34
(19,6): 2.1159392389770505e-33
(19,9): 1.1043830266991596e-34
(19,12): 8.423883636515333e-34
(19,13): 1.1527834326224163e-34
(19,20): 5.713555495374001e-34
(19,35): 1.7490169425625277e-33
(19,39): 1.162583473923924e-33
(19,50): 1.583798272818578e-33
(19,51): 6.825409224891243e-34
(19,53): 5.349016146413785e-33
(19,65): 7.421559256365346e-33
(20,2): 3.4836618503815205e-32
(20,3): 1.06490758918517e-32
(20,6): 3.394043630442768e-32
(20,9): 1.771484313026588e-33
(20,10): 8.393502617676346e-35
(20,12): 1.351211213676637e-32
(20,13): 1.8491207557816075e-33
(20,19): 5.759071003979824e-34
(20,35): 2.8054865394239075e-32
(20,42): 2.8716539042031448e-33
(21,3): 1.7700658219529316e-33
(21,8): 1.2983019190725382e-33
(21,9): 2.9444990136171135e-34
(21,10): 1.3951598353785063e-35
(21,28): 4.36515464991789e-34
(21,51): 1.819786110585845e-33
(21,54): 1.7995673873465109e-32
(21,56): 3.1980668285784085e-33
(21,57): 1.3529236150721974e-32
(21,61): 7.619615360799517e-33
(22,2): 3.5504587291198216e-33
(22,6): 3.4591220833769606e-33
(22,9): 1.805437526036254e-34
(22,10): 8.554508035568686e-36
(22,23): 6.526998963675466e-35
(22,24): 7.195441530383156e-34
(22,25): 7.669798959510547e-34
(22,28): 2.676541632516067e-34
(22,30): 1.0697807663203968e-33
(22,31): 5.617813776386929e-34
(22,38): 3.6122912013410125e-33
(22,42): 2.92671598814108e-34
(22,49): 1.3542086140686385e-33
(22,50): 2.5891820606875722e-33
(22,56): 1.9609291866570156e-33
(23,4): 1.7760040888054996e-33
(23,10): 5.820330703951196e-36
(23,22): 6.51923542041901e-35
(23,24): 4.895721372001222e-34
(23,25): 5.218430846322922e-34
(23,27): 4.897364768204969e-34
(23,28): 1.8210698789866375e-34
(23,29): 9.944103644330757e-34
(23,30): 7.2785926028469665e-34
(23,31): 3.822286333535454e-34
(23,37): 4.644258059269883e-33
(23,38): 2.4577740982221256e-33
(23,48): 7.338229931203493e-33
(23,51): 7.591903173314377e-34
(23,59): 1.4461695575143815e-32
(23,61): 3.178800843510416e-33
(24,4): 1.971347960430338e-32
(24,10): 6.460512934316335e-35
(24,22): 7.23628995907423e-34
(24,23): 4.929302857881314e-34
(24,25): 5.792408574782121e-33
(24,27): 5.4360288096555435e-33
(24,28): 2.021370351111413e-33
(24,29): 1.1037946320835005e-32
(24,30): 8.079169734465705e-33
(24,31): 4.2426695160946496e-33
(24,37): 5.155082280262758e-32
(24,58): 1.8949158483719345e-32
(24,63): 1.1745580695718576e-31
(25,4): 2.101613305652587e-32
(25,5): 1.370371683432964e-31
(25,11): 1.8641149576445135e-32
(25,22): 7.7145177951872e-34
(25,23): 5.2550272915418815e-34
(25,24): 5.7932486859009745e-33
(25,26): 3.405559948597774e-32
(25,27): 5.795282658469882e-33
(25,29): 1.176732513715688e-32
(25,30): 8.613100574444297e-33
(25,31): 4.523057244860413e-33
(25,34): 1.2102204375922949e-32
(25,37): 5.495727024946023e-32
(25,38): 2.9083555194323045e-32
(25,49): 1.0903109037272027e-32
(26,11): 1.0330306656226856e-31
(26,25): 3.42207270549095e-32
(26,27): 3.211504051439452e-32
(26,29): 6.52106137640557e-32
(26,31): 2.506528057030266e-32
(26,34): 6.706639608305761e-32
(26,37): 3.0455492871330174e-31
(26,62): 5.569703823179146e-31
(27,0): 5.62020070950177e-31
(27,4): 1.9717391061755743e-32
(27,5): 1.2856763750607376e-31
(27,7): 7.2693078468409815e-31
(27,11): 1.74891768675828e-32
(27,23): 4.930280446737916e-34
(27,24): 5.435199718796229e-33
(27,25): 5.793558355194019e-33
(27,26): 3.1950812198641137e-32
(27,29): 1.1040134944379442e-32
(27,31): 4.243543790018074e-33
(27,34): 1.1354232177706943e-32
(27,37): 5.156105548095149e-32
(27,38): 2.7286265474218046e-32
(27,58): 1.895291565753816e-32
(28,2): 9.94665042631021e-33
(28,6): 9.690769550707184e-33
(28,9): 5.057992397824988e-34
(28,10): 2.3965550354578036e-35
(28,21): 4.371987210832044e-34
(28,22): 2.6843127522009564e-34
(28,23): 1.8285320870213253e-34
(28,24): 2.0158264258793472e-33
(28,30): 2.997003111645064e-33
(28,31): 1.5738366928793285e-33
(28,38): 1.0119951354400032e-32
(28,49): 3.7938595281369615e-33
(28,56): 5.493606727010727e-33
(28,61): 1.3088895966903945e-32
(29,11): 3.558799743159669e-32
(29,23): 1.003242367769582e-33
(29,24): 1.1059948636346521e-32
(29,25): 1.1789071782647092e-32
(29,26): 6.501488807717203e-32
(29,27): 1.1063746217783647e-32
(29,31): 8.635011054459655e-33
(29,34): 2.3104434035592188e-32
(29,38): 5.552369395734745e-32
(29,61): 7.181244276955909e-32
(29,63): 2.3905520799113306e-31
(30,2): 3.9912050462360596e-32
(30,6): 3.8885597040279066e-32
(30,10): 9.616446073476064e-35
(30,22): 1.0771186979699088e-33
(30,23): 7.337246097533152e-34
(30,24): 8.088728707589798e-33
(30,25): 8.621976291476974e-33
(30,28): 3.008801585178466e-33
(30,31): 6.315244217456889e-33
(30,38): 4.060743471674066e-32
(30,48): 1.212434378346313e-31
(31,4): 1.5379836009004702e-32
(31,22): 5.64556967756824e-34
(31,23): 3.8456873954889527e-34
(31,24): 4.239563272272602e-33
(31,25): 4.5190899514263876e-33
(31,26): 2.4922075971013736e-32
(31,27): 4.241019415899683e-33
(31,28): 1.5770219152280723e-33
(31,29): 8.611524677330225e-33
(31,30): 6.303162339582344e-33
(31,34): 8.856527087400361e-33
(31,37): 4.021863996020619e-32
(31,38): 2.128382691567069e-32
(31,61): 2.752777372733036e-32
(31,62): 7.355132805284348e-32
(32,15): 3.8364012564403955e-32
(32,16): 8.85035104008114e-32
(32,17): 1.108728387585413e-31
(32,18): 7.609423383967506e-32
(32,33): 2.43922694999018e-31
(32,36): 2.165425398522639e-31
(32,65): 4.5279642725595235e-31
(33,15): 7.095577187403858e-32
(33,16): 1.6369075043180725e-31
(33,17): 2.0506371996704917e-31
(33,18): 1.407382358167474e-31
(33,32): 2.4433990145401183e-31
(33,36): 4.005040438421085e-31
(33,52): 9.022262386911497e-31
(34,4): 4.126422749158323e-32
(34,5): 2.690642151941791e-31
(34,11): 3.660105315681472e-32
(34,25): 1.2124754030991567e-32
(34,26): 6.686662669560712e-32
(34,27): 1.1378687602991831e-32
(34,29): 2.3104610359744812e-32
(34,31): 8.880817943476134e-33
(34,37): 1.07906102606049e-31
(34,58): 3.966465298255066e-32
(34,59): 3.3601002906672936e-31
(35,1): 8.91996851751424e-32
(35,13): 5.6781637481936416e-33
(35,14): 3.0198535095965e-32
(35,19): 1.768459435454136e-33
(35,20): 2.8142977512040837e-32
(35,39): 5.726436011457334e-32
(36,1): 1.8135787804232134e-31
(36,13): 1.1544657119752368e-32
(36,16): 1.4527334004199381e-31
(36,17): 1.8198990608992796e-31
(36,18): 1.2490329247614246e-31
(36,32): 2.168467342803697e-31
(36,33): 4.003787361443109e-31
(37,11): 1.6693962873838392e-31
(37,23): 4.706070695023904e-33
(37,24): 5.188107206301935e-32
(37,25): 5.530131981353065e-32
(37,26): 3.049804341584124e-31
(37,27): 5.189849288929854e-32
(37,31): 4.050594841196242e-32
(37,34): 1.0838052037109737e-31
(37,38): 2.6045590549389838e-31
(38,4): 9.942217196302878e-32
(38,10): 3.2582940163267576e-34
(38,22): 3.649521678825447e-33
(38,23): 2.4860247172212392e-33
(38,25): 2.921342674893777e-32
(38,27): 2.741584903271682e-32
(38,28): 1.0194499002077274e-32
(38,29): 5.566833265974438e-32
(38,30): 4.074616068255295e-32
(38,31): 2.139747370950819e-32
(38,37): 2.59989351786057e-31
(39,2): 7.102618398565283e-32
(39,3): 2.1711893469098196e-32
(39,6): 6.919953629413605e-32
(39,9): 3.611794922319775e-33
(39,10): 1.7113111934266018e-34
(39,12): 2.754920298934585e-32
(39,13): 3.7700554001908256e-33
(39,19): 1.1741894602573786e-33
(39,35): 5.719973143516513e-32
(40,0): 2.8185671772491234e-29
(40,1): 1.1215201641308352e-30
(40,4): 9.8883985980437e-31
(40,5): 6.44779979595526e-30
(40,41): 3.6377702059642947e-29
(41,0): 7.601514888372066e-29
(41,4): 2.666844597947812e-30
(41,5): 1.7389215449341276e-29
(41,40): 3.6479147410198006e-29
(42,8): 2.4392988167760533e-33
(42,12): 4.219782273742155e-33
(42,20): 2.8621175226111067e-33
(42,22): 2.936019842256846e-34
(42,43): 1.5914846099734143e-32
(42,45): 6.713777944687923e-33
(42,53): 2.679507046604757e-32
(43,8): 4.3641935179821993e-32
(43,42): 1.6044929243332014e-32
(43,57): 4.547837180054525e-31
(44,9): 7.858489771882021e-33
(44,45): 9.536857961123794e-32
(44,47): 4.369043078701234e-31
(45,9): 4.16540500709907e-33
(45,10): 1.9736483569571493e-34
(45,42): 6.752356199913972e-33
(45,44): 9.520065436575122e-32
(45,53): 2.0174746232428336e-31
(46,10): 9.743659816996479e-34
(46,60): 5.8665100341911495e-31
(47,10): 9.080427537163313e-34
(47,44): 4.380023606531135e-31
(48,23): 7.44588978537546e-33
(48,30): 1.220397059529348e-31
(48,63): 1.774225909684803e-30
(49,12): 1.9610424014566791e-32
(49,15): 1.46384179264785e-32
(49,22): 1.3644446903059044e-33
(49,25): 1.0921924293724876e-32
(49,28): 3.811411862846646e-33
(49,55): 2.599009781207622e-32
(50,13): 5.140411082206939e-33
(50,14): 2.7338569095357883e-32
(50,17): 8.103403726002257e-32
(50,19): 1.6009889593443925e-33
(50,22): 2.6135338955327944e-33
(51,13): 2.2100201130161046e-33
(51,14): 1.1753687198635434e-32
(51,16): 2.7810006982226916e-32
(51,19): 6.883141150373483e-34
(51,21): 1.8300893185708023e-33
(51,23): 7.654133201398436e-34
(52,17): 4.109004450191991e-31
(52,18): 2.820091586535134e-31
(52,33): 9.039831795676627e-31
(53,18): 1.8847159369530556e-31
(53,19): 5.425546338782086e-33
(53,42): 2.705348232792471e-32
(53,45): 2.025309057992194e-31
(54,21): 1.8214192395811218e-32
(54,55): 2.1301951275318844e-31
(55,14): 1.92503539318626e-32
(55,49): 2.6009934279246345e-32
(55,54): 2.119301586283944e-31
(55,57): 1.593325816162466e-31
(56,11): 4.7789246757468016e-32
(56,21): 3.221133701161388e-33
(56,22): 1.977711756237904e-33
(56,28): 5.5244998205762905e-33
(56,60): 1.0631019270065512e-31
(56,62): 2.5766121469459242e-31
(57,21): 1.3682554409531787e-32
(57,43): 4.55370477765609e-31
(57,55): 1.6001966981924574e-31
(58,14): 2.648916275492545e-32
(58,15): 2.716807245597874e-32
(58,24): 1.9016793489929782e-32
(58,27): 1.9023321891680661e-32
(58,34): 3.972642814942225e-32
(59,23): 1.4701765317044313e-32
(59,34): 3.3857817859474485e-31
(60,8): 4.327621831613004e-32
(60,46): 5.854035217942483e-31
(60,56): 1.0660096298327452e-31
(61,21): 7.693803013331819e-33
(61,23): 3.21784268432107e-33
(61,28): 1.31955808954487e-32
(61,29): 7.205556438866791e-32
(61,31): 2.7696304352407753e-32
(62,26): 5.586940331944124e-31
(62,31): 7.420232857927237e-32
(62,56): 2.590073673152671e-31
(63,24): 1.1848364746260126e-31
(63,29): 2.4066556472209854e-31
(63,48): 1.7759865181036907e-30
(64,11): 6.318961571404571e-31
(65,19): 7.534693975476268e-33
(65,32): 4.544091114657325e-31
