Interaction name: 6d56

Affinity: 8.050000190734863
Predicted value: 7.69113302230835

Shapley values for edges: 

(0,5): 0.006799335479736328
(0,6): -0.000373530387878418
(0,7): -0.0022103548049926757
(0,11): -0.0002019834518432617
(0,13): -0.002441849708557129
(0,20): 0.002292776107788086
(0,22): 0.001219315528869629
(0,23): 0.0033331727981567383
(1,2): -0.012043023109436035
(1,6): 0.009669008255004883
(1,12): 0.003864150047302246
(1,13): 0.006555490493774414
(2,1): 0.03096418857574463
(2,6): 0.013687453269958495
(2,12): 0.010015068054199218
(2,13): 0.011143512725830078
(2,26): -0.000616765022277832
(3,7): 0.035363349914550785
(3,14): 0.0031356096267700197
(3,23): 0.03208865165710449
(3,29): -0.05036421298980713
(4,7): -0.006016101837158203
(4,14): 0.006367392539978027
(4,23): 0.00044725418090820314
(5,0): -0.002987942695617676
(5,7): 9.760856628417968e-05
(5,8): 0.0022185373306274413
(5,11): -0.000611577033996582
(5,15): -0.0002457427978515625
(5,19): -2.18963623046875e-05
(5,22): 0.0016378355026245117
(5,24): 0.00142214298248291
(5,25): -0.0011092996597290039
(5,31): 0.007325425148010254
(5,33): 0.0014318370819091798
(5,38): 0.001015472412109375
(5,41): 0.005043387413024902
(5,42): 0.002138843536376953
(6,0): -0.0014348983764648437
(6,1): -0.015606541633605957
(6,2): -0.03543922901153564
(6,11): 0.003279109001159668
(6,12): 0.0007532930374145508
(6,13): 0.00616795539855957
(6,18): 0.0017233753204345702
(6,20): 0.0067344045639038085
(6,21): 0.005419988632202149
(6,22): 0.0035823392868041992
(6,26): -0.030632467269897462
(6,27): -0.01920619487762451
(6,32): 0.002467050552368164
(6,40): 0.007002668380737305
(6,43): 0.007601065635681152
(7,0): 0.001141963005065918
(7,3): -0.030517611503601074
(7,4): 0.01819060802459717
(7,5): 0.004841790199279785
(7,14): 0.008927021026611328
(7,19): 0.001544618606567383
(7,23): 0.004223413467407226
(7,32): 0.002295389175415039
(7,33): 0.010239987373352051
(7,37): 0.01016716480255127
(7,44): 0.007408585548400879
(7,47): 0.017212281227111815
(8,5): -0.0005997180938720703
(8,9): 0.00031203746795654296
(8,11): -0.003167233467102051
(8,15): 0.0006382226943969727
(8,16): 0.0033370161056518553
(8,17): 0.001810626983642578
(8,19): 5.089282989501953e-05
(8,22): -0.0015908908843994141
(8,24): 0.00041020870208740234
(8,25): 0.0004320049285888672
(8,28): -0.006586790084838867
(8,36): 0.0032237958908081055
(8,40): -0.0009214973449707031
(8,46): 0.0027950334548950194
(9,8): -0.001174488067626953
(9,16): 0.0005056953430175781
(9,17): 5.06591796875e-05
(9,19): -0.0004026508331298828
(9,24): 0.0008214759826660156
(9,25): 0.0008333110809326172
(9,28): -0.019894967079162596
(9,33): 0.0022353887557983398
(9,34): 0.0036052322387695314
(9,35): 0.006223669052124023
(9,40): -0.0020101165771484377
(9,46): 0.0003876209259033203
(10,15): 0.002566885948181152
(10,16): -0.0008290815353393555
(10,17): -0.00046111583709716796
(10,19): -7.748126983642579e-05
(10,24): -0.002245469093322754
(10,25): 0.001353435516357422
(10,28): -0.008323369026184082
(10,36): 0.002932448387145996
(10,37): 9.028434753417969e-05
(10,49): 0.001695718765258789
(10,52): 0.002811293601989746
(11,0): -0.002894792556762695
(11,5): 0.0018225908279418945
(11,6): -0.002104039192199707
(11,8): 0.0028201770782470704
(11,18): 0.0003336668014526367
(11,19): 0.003981618881225586
(11,20): -0.0004333972930908203
(11,21): 0.0036169910430908204
(11,22): -0.00033810138702392576
(11,27): -0.03564711093902588
(11,42): 0.002537579536437988
(11,49): 0.005855774879455567
(12,1): -0.01595625877380371
(12,2): -0.03365058898925781
(12,6): -0.0003618669509887695
(12,20): 0.00525169849395752
(12,26): -0.036098990440368656
(12,38): 0.008016576766967773
(12,39): 0.013472886085510253
(12,42): 0.008080816268920899
(13,0): -0.0009310245513916016
(13,1): -0.023505859375
(13,2): -0.029384617805480958
(13,6): 0.0010637950897216797
(13,26): -0.02014584541320801
(13,39): 0.009380283355712891
(13,40): 0.00702216625213623
(13,44): 0.009921817779541016
(13,48): 0.008864707946777343
(14,3): -0.057499933242797854
(14,4): 0.014722652435302734
(14,7): 0.0069347238540649414
(14,23): -0.00045660972595214846
(15,5): -0.0002195119857788086
(15,8): 0.00025225162506103515
(15,10): 0.0012643051147460938
(15,16): 0.003864955902099609
(15,17): 0.0014550542831420897
(15,19): 0.0026931858062744143
(15,24): -0.00197230339050293
(15,25): 0.000568385124206543
(15,28): -0.015174946784973144
(15,44): 0.0009082841873168945
(15,52): 0.0011836481094360351
(16,8): -0.001184835433959961
(16,9): -0.000627584457397461
(16,10): -0.0009518814086914063
(16,15): -0.001205463409423828
(16,17): -0.0007762432098388672
(16,19): -0.002648143768310547
(16,24): -0.00382112979888916
(16,25): -0.003037886619567871
(16,51): 0.003148503303527832
(16,52): 0.0022511720657348634
(17,8): 0.0003398370742797852
(17,9): -0.00027351856231689454
(17,10): 0.0002959060668945312
(17,15): -0.0005055904388427734
(17,16): 0.0007846307754516602
(17,24): -0.001116781234741211
(17,25): 0.00022194385528564453
(17,28): -0.012545995712280274
(17,34): 0.0055507183074951175
(17,41): 0.001982536315917969
(17,50): 0.0027896928787231445
(17,51): 0.0033695316314697266
(18,6): -0.003354196548461914
(18,11): 9.65261459350586e-05
(18,20): 6.325721740722656e-05
(18,21): 0.0003320455551147461
(18,22): 0.0006242942810058594
(18,27): -0.021007943153381347
(18,32): 0.002908792495727539
(18,38): 0.0016235971450805663
(18,42): 0.003244442939758301
(18,43): 0.002580265998840332
(18,45): 0.0026929473876953127
(18,51): 0.0046605968475341795
(19,5): 0.0006755590438842773
(19,7): 0.00047272205352783203
(19,8): -0.0002257823944091797
(19,9): 0.0016386890411376953
(19,10): 0.002373948097229004
(19,11): -0.00015372753143310546
(19,15): 0.0016666460037231445
(19,16): 0.0011443567276000976
(19,22): -0.0006253385543823242
(19,24): 0.00010515689849853516
(19,25): -4.505634307861328e-05
(19,28): -0.010670242309570312
(19,37): 0.0025470924377441408
(19,43): 0.0020977163314819334
(20,0): -0.003281726837158203
(20,6): -0.00452704906463623
(20,11): 0.0014495801925659179
(20,12): 0.0007758855819702149
(20,18): 0.0030817699432373045
(20,21): 0.0022259092330932616
(20,22): 0.0005745983123779297
(20,27): -0.019233946800231935
(20,38): 0.0019183492660522462
(20,45): 0.005799345970153809
(21,6): -0.005097393989562988
(21,11): -0.0009522342681884766
(21,18): -0.0015292882919311524
(21,20): -0.005017232894897461
(21,22): -0.0010749149322509767
(21,32): 0.0005010080337524414
(21,38): 0.0017445755004882812
(21,49): 0.003373384475708008
(22,0): -0.002716488838195801
(22,5): 0.0025304365158081055
(22,6): -0.0023055124282836915
(22,8): 0.001952800750732422
(22,11): 3.335952758789062e-05
(22,18): 0.0005210256576538086
(22,19): 0.002216601371765137
(22,20): -0.0005019140243530273
(22,21): 0.0015858697891235351
(22,27): -0.01580936908721924
(22,32): 0.0007970142364501953
(22,43): 0.0021267032623291018
(22,46): 0.0035263776779174806
(23,0): 0.0016693973541259766
(23,3): -0.03454046249389649
(23,4): 0.020484619140625
(23,7): 0.0034501981735229493
(23,14): 0.016049108505249023
(23,38): 0.0063840818405151364
(23,40): 0.009094028472900391
(23,48): 0.009832978248596191
(24,5): 0.0028756046295166015
(24,8): 0.0019543075561523435
(24,9): 0.0022187232971191406
(24,10): 0.0012974214553833007
(24,15): -0.0004191017150878906
(24,16): 0.002780137062072754
(24,17): 0.0002597951889038086
(24,19): -0.0022933387756347654
(24,25): 0.002825336456298828
(24,28): -0.010322809219360352
(24,37): 0.001387777328491211
(25,5): 0.0004789876937866211
(25,8): 0.0017476511001586915
(25,9): 8.7738037109375e-05
(25,10): 0.0008797788619995117
(25,15): 0.0005028772354125976
(25,16): 0.000366663932800293
(25,17): -0.00043904781341552734
(25,19): -0.0012895822525024413
(25,24): 0.0008332204818725586
(25,28): -0.01111982822418213
(25,50): 0.0036055803298950194
(26,2): 0.02372509479522705
(26,6): 0.011628599166870117
(26,12): 0.00825716495513916
(26,13): 0.021240692138671875
(27,6): 0.0053206348419189455
(27,11): 0.011305022239685058
(27,18): 0.016696419715881348
(27,20): 0.014046249389648437
(27,22): 0.02063727378845215
(28,8): 0.008815340995788574
(28,9): 0.010570740699768067
(28,10): 0.020702362060546875
(28,15): 0.012539401054382324
(28,17): 0.015414562225341797
(28,19): 0.011790590286254883
(28,24): 0.02054605007171631
(28,25): 0.022926430702209472
(29,3): 0.06529770374298095
(31,5): -0.0030170631408691405
(31,47): -0.0042218780517578125
(32,6): -0.00392573356628418
(32,7): -0.001899728775024414
(32,18): -0.0003376579284667969
(32,21): -3.742694854736328e-05
(32,22): -0.0024531412124633788
(32,52): 0.003342447280883789
(33,5): -0.0004979276657104492
(33,7): -0.001348285675048828
(33,9): -0.000594186782836914
(33,48): -0.002315506935119629
(33,50): 0.0032944822311401366
(34,9): -0.0022756433486938476
(34,17): -0.0019898319244384764
(35,9): -0.001796870231628418
(35,39): -0.004007787704467774
(36,8): -0.0019774103164672853
(36,10): -0.0015302181243896484
(36,37): -0.0011666584014892577
(37,7): -0.0012645769119262696
(37,10): -0.000264134407043457
(37,19): -0.0006978702545166015
(37,24): -0.0007483386993408204
(37,36): 0.0018575429916381837
(37,41): 0.001722440719604492
(38,5): 0.00036529541015625
(38,12): -0.0035773134231567383
(38,18): -0.00011305809020996093
(38,20): -0.003283061981201172
(38,21): 0.0012941551208496094
(38,23): -0.0014131736755371093
(39,12): -0.003466238975524902
(39,13): -0.004238815307617188
(39,35): 0.00748931884765625
(40,6): -0.002623162269592285
(40,8): 0.0017345333099365234
(40,9): 0.0010918569564819336
(40,13): -0.0013535547256469727
(40,23): 0.002256207466125488
(41,5): -0.001130690574645996
(41,17): -0.0021892595291137695
(41,37): -0.001561908721923828
(42,5): -0.0006585741043090821
(42,11): -0.001151289939880371
(42,12): 0.00010691642761230469
(42,18): -0.0007401847839355469
(43,6): -0.003736281394958496
(43,18): -0.0007953739166259766
(43,19): -0.0003872346878051758
(43,22): -0.0024886226654052736
(44,7): -0.0038820695877075195
(44,13): -0.002942075729370117
(44,15): -0.0018880081176757813
(44,45): 0.001012568473815918
(44,46): 0.001866145133972168
(45,18): -0.0018331098556518554
(45,20): -0.003864483833312988
(45,44): -0.001807708740234375
(45,46): 0.0008076620101928711
(46,8): -0.0018793249130249024
(46,9): -0.00046063899993896483
(46,22): -0.00514643669128418
(46,44): 8.64553451538086e-05
(46,45): 0.0015717601776123046
(47,7): -0.0014727306365966797
(47,31): 0.004165220260620117
(48,13): -0.003586010932922363
(48,23): -0.0005751228332519531
(48,33): 0.002260737419128418
(48,50): 0.0016579723358154297
(49,10): -0.000792241096496582
(49,11): -0.002358889579772949
(49,21): -0.0023879766464233398
(49,52): 0.0013389635086059571
(50,17): -0.0025681495666503907
(50,25): -0.0018781232833862305
(50,33): -0.001105341911315918
(50,48): -0.0027004051208496093
(51,16): -0.0019342708587646485
(51,17): -0.0026881217956542967
(51,18): -0.004162688255310059
(51,52): 0.0002005290985107422
(52,10): -0.0022362422943115233
(52,15): -0.000832672119140625
(52,16): -0.000640864372253418
(52,32): -0.0013387107849121094
(52,49): 0.0005485010147094726
(52,51): 0.0028555965423583984
