Interaction name: 5ung

Affinity: 9.470000267028809
Predicted value: 8.183781623840332

Shapley values for edges: 

(0,4): 0.022381930351257323
(0,5): 0.0076430892944335934
(0,7): 0.014028468132019044
(0,27): 0.016532368659973144
(0,40): 0.005226106643676758
(0,41): 0.007761354446411133
(1,14): 0.018165764808654786
(1,15): 0.014478297233581542
(1,16): 0.016005849838256835
(1,35): 0.006339154243469238
(1,36): 0.007682337760925293
(1,40): 0.002244391441345215
(2,9): 0.0034906291961669922
(2,10): 0.0018894481658935547
(2,19): 0.005782594680786133
(2,20): 0.0034366750717163084
(2,22): 0.00022251129150390624
(2,28): 0.0022591590881347657
(2,30): 0.004044737815856934
(2,39): 0.0006931400299072265
(3,8): 0.013284730911254882
(3,9): 0.0033992338180541992
(3,10): 0.006048588752746582
(3,12): 0.0043214035034179685
(3,13): 0.0023232603073120115
(3,19): 0.0039601755142211915
(3,20): 0.0027504777908325196
(3,21): 0.00859344482421875
(3,39): -0.0011229419708251953
(4,0): 0.006594533920288086
(4,5): 0.0046014213562011715
(4,7): -0.010946125984191894
(4,23): 0.01786684036254883
(4,24): 0.014163117408752441
(4,25): 0.014182500839233399
(4,27): 0.004635834693908691
(4,31): 0.0179117488861084
(4,34): 0.01021662712097168
(4,38): 0.010057039260864258
(4,40): 0.004809670448303223
(4,41): 0.0022060155868530275
(5,0): 0.009212327003479005
(5,4): 0.005455355644226074
(5,7): -0.014865632057189942
(5,25): 0.02295991897583008
(5,27): 0.016537299156188966
(5,34): 0.018701357841491698
(5,40): 0.004207282066345215
(5,41): 0.005691127777099609
(6,9): 0.006540184020996094
(6,10): 0.005565128326416016
(6,19): 0.0016095685958862306
(6,20): 0.002566943168640137
(6,22): 0.0033558702468872072
(6,28): 0.0009538698196411133
(6,30): 0.0003323698043823242
(6,39): -0.0061617898941040035
(7,0): 0.03474100112915039
(7,4): 0.027786340713500977
(7,5): 0.03315245151519775
(7,27): 0.018556675910949706
(8,3): -0.01102686882019043
(8,10): -0.0008453702926635742
(8,21): -0.0005183839797973633
(8,42): -0.0006440258026123046
(8,43): 0.0041806697845458984
(8,60): 0.004702262878417969
(9,2): -0.0032501840591430665
(9,3): -0.0006029272079467774
(9,6): -0.011018853187561035
(9,10): 0.0021457862854003906
(9,12): 0.001991434097290039
(9,19): 0.0005880069732666016
(9,20): 0.0007326555252075195
(9,21): 0.0046398544311523435
(9,22): 0.0013626337051391602
(9,28): 0.00043149948120117186
(9,39): -0.016754446029663087
(9,44): 0.00915820598602295
(9,45): 0.008718838691711426
(10,2): -0.008043770790100097
(10,3): -0.0009720134735107422
(10,6): -0.015555701255798339
(10,8): 0.005087857246398926
(10,9): -0.0010642290115356445
(10,20): -0.0002091217041015625
(10,21): 0.002517280578613281
(10,22): -0.00010860443115234375
(10,23): 0.0012680387496948242
(10,24): -0.0001816892623901367
(10,28): -0.0019292736053466797
(10,30): -0.0018937063217163085
(10,38): -0.017217416763305664
(10,39): -0.028748188018798828
(10,45): 0.004185705184936523
(10,46): 0.01402198314666748
(10,47): 0.014363694190979003
(11,25): -0.0013877296447753907
(11,26): -0.0007094907760620118
(11,27): -0.00544126033782959
(11,29): 0.0023908233642578125
(11,34): -0.0023323917388916016
(11,37): -0.007260847091674805
(11,56): 0.006197147369384766
(11,64): 0.016602969169616698
(12,3): 0.0013929510116577149
(12,9): -0.0024257469177246093
(12,13): -0.002408275604248047
(12,19): -0.0004740619659423828
(12,20): -0.0011591815948486328
(12,39): -0.019198951721191407
(12,42): 0.0037803888320922852
(12,49): 0.0008852863311767578
(13,3): -0.0025686550140380858
(13,12): -0.0011064720153808594
(13,15): 0.0007930326461791992
(13,16): 0.0045050477981567385
(13,18): 0.004471306800842285
(13,19): -0.0015864992141723633
(13,20): -0.001053328514099121
(13,35): -0.02460081100463867
(13,36): -0.014641847610473633
(13,39): -0.015230631828308106
(13,50): 0.0020697212219238283
(13,51): 0.005612711906433105
(14,1): -0.015417709350585937
(14,35): -0.012642698287963867
(14,50): 0.005086002349853516
(14,51): 0.0046220064163208004
(14,55): 0.011222000122070313
(14,58): 0.0017186498641967773
(15,1): -0.018711094856262208
(15,13): -0.002630295753479004
(15,16): 0.0013173246383666993
(15,17): 0.0005197429656982422
(15,18): 2.235889434814453e-05
(15,32): 0.0013267803192138672
(15,33): 0.0017194604873657226
(15,49): 0.00475771427154541
(15,58): 0.0003471994400024414
(16,1): -0.016222023963928224
(16,13): -0.0008391094207763672
(16,15): 0.0026523399353027342
(16,17): 0.003821849822998047
(16,18): 0.002523202896118164
(16,32): 0.005564675331115722
(16,33): 0.00240842342376709
(16,36): -0.014300217628479004
(16,51): 0.004482097625732422
(17,15): -0.0012048625946044923
(17,16): -0.004128708839416504
(17,18): -0.0005061912536621093
(17,32): 0.0014785528182983398
(17,33): 0.0009169387817382813
(17,36): -0.01572719097137451
(17,50): 0.00011957645416259766
(17,52): 0.006955790519714356
(18,13): -0.0002524042129516602
(18,15): -0.0012729644775390625
(18,16): -0.004154858589172364
(18,17): -0.0001732206344604492
(18,32): 0.001995387077331543
(18,33): 0.0003676462173461914
(18,36): -0.017711400985717773
(18,52): 0.004247212409973144
(18,53): 0.0027994346618652344
(19,2): -0.008157167434692383
(19,3): -0.002894458770751953
(19,6): -0.0015856552124023438
(19,9): 1.3303756713867187e-05
(19,12): 0.0026569175720214844
(19,13): 0.0005481719970703125
(19,20): 0.002155933380126953
(19,35): -0.016261758804321288
(19,39): -0.016607213020324706
(19,50): 0.0037000751495361328
(19,51): 0.0033489322662353517
(19,53): 0.007538986206054687
(19,65): 0.011634936332702637
(20,2): -0.007971811294555663
(20,3): -0.0020434951782226565
(20,6): -0.010499534606933593
(20,9): -0.001981959342956543
(20,10): -0.0007789039611816406
(20,12): 0.0005482244491577149
(20,13): -0.0020363855361938475
(20,19): -0.002033519744873047
(20,35): -0.019644284248352052
(20,42): 0.004050760269165039
(21,3): -0.007596845626831055
(21,8): 0.004041666984558105
(21,9): -0.004080371856689453
(21,10): -0.0021606016159057616
(21,28): -0.0022093486785888673
(21,51): 0.002847714424133301
(21,54): 0.007726154327392578
(21,56): 0.0028780698776245117
(21,57): 0.008086609840393066
(21,61): 0.00040441036224365235
(22,2): -0.0019280862808227538
(22,6): -0.00598879337310791
(22,9): -6.480216979980469e-05
(22,10): 0.001517486572265625
(22,23): -0.003343238830566406
(22,24): -0.0017717266082763672
(22,25): -0.004640827178955078
(22,28): -0.0021173954010009766
(22,30): -0.0007889175415039063
(22,31): -0.002579774856567383
(22,38): -0.004508976936340332
(22,42): 0.007225723266601563
(22,49): 0.007135934829711914
(22,50): 0.002463960647583008
(22,56): 0.005876860618591309
(23,4): -0.010403027534484863
(23,10): 0.002215299606323242
(23,22): 0.004015140533447266
(23,24): 0.0008550071716308593
(23,25): -0.0009310293197631836
(23,27): -0.002114877700805664
(23,28): 0.0019977807998657225
(23,29): 0.001794261932373047
(23,30): 0.0004034519195556641
(23,31): 0.0009104585647583007
(23,37): -0.004180879592895508
(23,38): -0.007293815612792969
(23,48): 0.008188295364379882
(23,51): 0.007583918571472168
(23,59): 0.006635870933532715
(23,61): 0.0034909963607788084
(24,4): -0.01103278636932373
(24,10): 0.002951979637145996
(24,22): 0.0007481193542480469
(24,23): 0.0003129434585571289
(24,25): -0.0003866386413574219
(24,27): -0.003327031135559082
(24,28): 0.0018221998214721679
(24,29): 0.003299574851989746
(24,30): 0.001848912239074707
(24,31): 0.0008777761459350586
(24,37): -0.006161990165710449
(24,58): 0.0015523195266723632
(24,63): 0.009860219955444336
(25,4): -0.007368807792663574
(25,5): -0.01620368003845215
(25,11): 0.006009116172790528
(25,22): 0.0014172792434692383
(25,23): 0.0008670377731323242
(25,24): 0.0032253122329711915
(25,26): 0.0017493534088134765
(25,27): -0.0031086063385009767
(25,29): 0.005747404098510742
(25,30): 0.00224543571472168
(25,31): -8.00323486328125e-05
(25,34): -0.0013172101974487304
(25,37): -0.00572690486907959
(25,38): -0.010398120880126953
(25,49): 0.008960461616516114
(26,11): 0.004030914306640625
(26,25): -0.0030606269836425783
(26,27): -0.002733755111694336
(26,29): -0.0012538814544677734
(26,31): -0.0013074445724487304
(26,34): -0.0022749853134155272
(26,37): -0.012040262222290038
(26,62): 0.006750478744506836
(27,0): -0.022960624694824218
(27,4): -0.009194393157958985
(27,5): -0.018958849906921385
(27,7): -0.05909546375274658
(27,11): 0.010963072776794433
(27,23): 0.006987009048461914
(27,24): 0.006420464515686035
(27,25): 0.004142360687255859
(27,26): 0.0064606618881225585
(27,29): 0.0061789751052856445
(27,31): 0.004863438606262207
(27,34): 0.005463957786560059
(27,37): -0.005796499252319336
(27,38): -0.00615351676940918
(27,58): 0.009851527214050294
(28,2): -0.0034039974212646484
(28,6): -0.012489290237426757
(28,9): -0.0005358076095581055
(28,10): -0.00029842376708984377
(28,21): 0.00236630916595459
(28,22): -0.0007885122299194336
(28,23): -0.0006830453872680664
(28,24): -0.0005739545822143555
(28,30): -0.0010058927536010743
(28,31): -0.0008169364929199219
(28,38): -0.007789645195007324
(28,49): 0.0014676237106323242
(28,56): 0.002940669059753418
(28,61): 0.003183870315551758
(29,11): -0.0005252265930175781
(29,23): -0.0007058668136596679
(29,24): -0.0005826473236083985
(29,25): -0.0024754953384399413
(29,26): -0.0015695667266845703
(29,27): -0.0036792373657226563
(29,31): -0.00100128173828125
(29,34): -0.0012340688705444337
(29,38): -0.0056146812438964844
(29,61): 0.005220770835876465
(29,63): 0.006294102668762207
(30,2): -0.008237066268920899
(30,6): -0.009166226387023926
(30,10): 0.0009740638732910156
(30,22): 0.000457768440246582
(30,23): 0.002112746238708496
(30,24): -0.003930096626281738
(30,25): -0.002792396545410156
(30,28): -0.0009124755859375
(30,31): -0.002388768196105957
(30,38): -0.011497716903686523
(30,48): 0.005659093856811523
(31,4): -0.010731024742126465
(31,22): 0.004767866134643555
(31,23): 0.002263946533203125
(31,24): 0.002703404426574707
(31,25): -0.002831249237060547
(31,26): 0.0015941905975341798
(31,27): -0.0029541587829589842
(31,28): 0.0004735374450683594
(31,29): 0.004753828048706055
(31,30): -0.00025520801544189455
(31,34): 0.0013378524780273437
(31,37): -0.011625895500183106
(31,38): -0.005443201065063476
(31,61): 0.005435748100280762
(31,62): 0.011263494491577148
(32,15): 7.277011871337891e-05
(32,16): -0.002266530990600586
(32,17): -0.0008220243453979493
(32,18): -0.001132798194885254
(32,33): 0.0003558921813964844
(32,36): -0.014943571090698242
(32,65): 0.005810956954956054
(33,15): 0.0004256486892700195
(33,16): -0.0030031538009643553
(33,17): 0.0014601898193359374
(33,18): 0.00026563167572021487
(33,32): 1.499176025390625e-05
(33,36): -0.014639778137207031
(33,52): 0.005355195999145508
(34,4): -0.007823910713195801
(34,5): -0.0168784236907959
(34,11): 0.00877788543701172
(34,25): 0.001567225456237793
(34,26): 0.0034476327896118164
(34,27): -0.004114332199096679
(34,29): 0.0033837032318115236
(34,31): 0.00044495105743408203
(34,37): -0.003067779541015625
(34,58): 0.009296212196350098
(34,59): 0.010855746269226075
(35,1): 0.008323397636413574
(35,13): 0.015722484588623048
(35,14): 0.021971545219421386
(35,19): 0.011563305854797363
(35,20): 0.005621180534362793
(35,39): 0.005611610412597656
(36,1): 0.0026180696487426757
(36,13): 0.005185093879699707
(36,16): 0.011811766624450683
(36,17): 0.00988039493560791
(36,18): 0.023772387504577636
(36,32): 0.009399595260620118
(36,33): 0.013130550384521484
(37,11): -0.0005311059951782226
(37,23): -0.0012823200225830077
(37,24): -0.0028492403030395508
(37,25): 0.0029905080795288087
(37,26): 0.00019689559936523438
(37,27): 0.001097893714904785
(37,31): 0.0014379167556762696
(37,34): -0.0042476940155029294
(37,38): 0.002498931884765625
(38,4): -0.003804621696472168
(38,10): 0.004116702079772949
(38,22): 0.001560492515563965
(38,23): -0.004068307876586914
(38,25): -0.0010959863662719726
(38,27): -0.005897908210754394
(38,28): 0.002254953384399414
(38,29): -0.0019905710220336913
(38,30): 0.004307761192321778
(38,31): -0.0016408920288085937
(38,37): -0.005661039352416992
(39,2): 0.009848079681396484
(39,3): 0.011697216033935547
(39,6): 0.0029349470138549803
(39,9): 0.016003708839416503
(39,10): 0.006473417282104492
(39,12): 0.01412271499633789
(39,13): 0.016920866966247557
(39,19): 0.021517257690429687
(39,35): -0.00569760799407959
(40,0): 0.0012543869018554687
(40,1): 0.030025935173034667
(40,4): 0.013130908012390136
(40,5): 0.005811967849731445
(40,41): -0.00013133525848388672
(41,0): 0.0025609159469604493
(41,4): 0.012585391998291015
(41,5): 0.0032494354248046877
(41,40): 0.0030835771560668943
(42,8): 0.00022373676300048827
(42,12): -0.00157379150390625
(42,20): -0.0017819786071777343
(42,22): -0.0014694643020629883
(42,43): 0.0060951137542724606
(42,45): 0.0010970020294189453
(42,53): 0.0013532018661499023
(43,8): -0.0015937566757202148
(43,42): -0.0020432806015014647
(43,57): 0.0001507568359375
(44,9): -0.003441300392150879
(44,45): -0.0008416461944580078
(44,47): 0.0016912126541137695
(45,9): -0.001110849380493164
(45,10): 0.00016261100769042968
(45,42): 0.0010281085968017578
(45,44): 0.00478297233581543
(45,53): 0.0008542633056640625
(46,10): -0.0023804807662963865
(46,60): 0.0009124660491943359
(47,10): -0.0035993432998657226
(47,44): 7.387161254882812e-05
(48,23): -0.0032366418838500974
(48,30): -0.001872391700744629
(48,63): -0.0003056001663208008
(49,12): -0.0017076730728149414
(49,15): 0.0016446638107299805
(49,22): -0.00030346393585205077
(49,25): -0.006107053756713867
(49,28): -0.000446624755859375
(49,55): 0.00792708396911621
(50,13): -0.00034152984619140625
(50,14): -0.0008505678176879883
(50,17): -0.0001664304733276367
(50,19): -0.004443635940551758
(50,22): -0.0014124298095703125
(51,13): -0.002718987464904785
(51,14): 0.0018863868713378906
(51,16): -0.0031227922439575197
(51,19): -0.002646503448486328
(51,21): 0.0011591672897338866
(51,23): -0.0019063234329223632
(52,17): -0.0057066106796264645
(52,18): -0.0027684926986694335
(52,33): -0.0007514190673828125
(53,18): -0.003163127899169922
(53,19): -0.004552121162414551
(53,42): -0.00026385784149169923
(53,45): 0.00196993350982666
(54,21): -0.002771944999694824
(54,55): -0.0014411640167236329
(55,14): -0.004722280502319336
(55,49): -0.0027249908447265626
(55,54): 0.003879880905151367
(55,57): 0.0025064802169799806
(56,11): -0.002764720916748047
(56,21): -0.0007608604431152344
(56,22): -0.00215519905090332
(56,28): -0.0018877601623535157
(56,60): 0.005123977661132813
(56,62): 0.00028037071228027345
(57,21): -0.002712898254394531
(57,43): 0.0005071592330932617
(57,55): -0.0017325210571289063
(58,14): 0.0006213617324829101
(58,15): 0.0014213228225708008
(58,24): -0.00028112888336181643
(58,27): -0.003926525115966797
(58,34): -0.00042637348175048826
(59,23): -0.0037427854537963865
(59,34): -0.0021028566360473634
(60,8): -0.00218963623046875
(60,46): 0.0005183553695678711
(60,56): -0.0011872053146362305
(61,21): 0.0006936311721801758
(61,23): -0.002469305992126465
(61,28): 0.00023839473724365234
(61,29): -0.000749197006225586
(61,31): -0.0035320281982421874
(62,26): -0.0028186464309692383
(62,31): -0.0037749052047729493
(62,56): -0.000946493148803711
(63,24): -0.002447957992553711
(63,29): -0.0024684953689575197
(63,48): 0.001164236068725586
(64,11): -0.00431035041809082
(65,19): -0.0038877010345458986
(65,32): -0.002403888702392578
