Interaction name: 1o0f

Affinity: 5.300000190734863
Predicted value: 6.1011576652526855

Attributions for edges: 

(0,1): 4.078747224411927e-06
(0,2): 4.513089606916765e-06
(0,8): 3.219708787582931e-06
(0,15): 2.9316322525119176e-06
(0,16): 4.20659080191399e-06
(0,20): 3.338863962198957e-06
(0,23): 5.2874988796247635e-06
(0,25): 5.989227247482631e-06
(0,26): 5.090523700346239e-06
(0,28): 4.419513970788103e-06
(0,31): 7.820861355867237e-06
(1,0): 4.068859652761603e-06
(1,2): 4.079633981746156e-06
(1,8): 2.910474677264574e-06
(1,9): 5.038362814957509e-06
(1,14): 2.864707312255632e-06
(1,16): 3.802572791755665e-06
(1,22): 4.78508991363924e-06
(1,25): 5.413997769210255e-06
(1,26): 4.601609816745622e-06
(1,28): 3.9950386963027995e-06
(2,0): 4.529906163952546e-06
(2,1): 4.104790605197195e-06
(2,8): 3.24026382259035e-06
(2,14): 3.1893107461655745e-06
(2,15): 2.9503480618586764e-06
(2,25): 6.027462859492516e-06
(2,26): 5.123027676745551e-06
(2,28): 4.447724677447695e-06
(2,31): 7.870790796005167e-06
(3,4): 8.625927875982597e-06
(3,5): 8.625927875982597e-06
(3,6): 7.1722738539392594e-06
(3,18): 1.3100031537760515e-05
(3,19): 1.3100031537760515e-05
(3,20): 4.715502200269839e-06
(3,25): 8.45861268317094e-06
(3,26): 7.1893800850375555e-06
(3,27): 1.2551367035484873e-05
(3,31): 1.1045441169699188e-05
(4,3): 8.597446139901876e-06
(4,5): 8.41741893964354e-06
(4,6): 6.998897788434988e-06
(4,17): 1.3145348020771053e-05
(4,19): 1.2783378224412445e-05
(4,20): 4.601513410307234e-06
(4,25): 8.254149179265369e-06
(4,26): 7.015597020654241e-06
(4,27): 1.2247975064383354e-05
(4,28): 6.090822353144176e-06
(4,31): 1.0778448995552026e-05
(5,3): 8.597446139901876e-06
(5,4): 8.41741893964354e-06
(5,6): 6.998903700150549e-06
(5,17): 1.3145348020771053e-05
(5,18): 1.2783378224412445e-05
(5,20): 4.601517957780743e-06
(5,25): 8.254149179265369e-06
(5,26): 7.015597020654241e-06
(5,27): 1.2247985978319775e-05
(5,28): 6.090827810112387e-06
(5,31): 1.0778458999993745e-05
(6,3): 7.445979008480208e-06
(6,4): 7.290057055797661e-06
(6,5): 7.290064331755275e-06
(6,7): 8.198769137379713e-06
(6,17): 1.1384781828382984e-05
(6,18): 1.1071279914176557e-05
(6,19): 1.1071279914176557e-05
(6,20): 3.985224793723319e-06
(6,21): 6.0850979934912175e-06
(6,22): 6.318248779280111e-06
(6,23): 6.311083325272193e-06
(6,25): 7.148660642997129e-06
(6,26): 6.075987585063558e-06
(6,27): 1.0607592230371665e-05
(6,28): 5.275063813314773e-06
(7,6): 7.903057849034667e-06
(7,8): 5.010537734051468e-06
(7,9): 8.673804586578626e-06
(7,12): 4.43368364244634e-08
(7,20): 5.195967332838336e-06
(7,21): 7.933800588943996e-06
(7,22): 8.237783731601667e-06
(7,23): 8.228441402025055e-06
(7,25): 9.320469871454407e-06
(7,27): 1.3830233001499437e-05
(7,28): 6.877667146909516e-06
(7,31): 1.2170858099125326e-05
(8,0): 5.0224066399096046e-06
(8,1): 4.551063284452539e-06
(8,2): 5.03570618093363e-06
(8,7): 7.664446457056329e-06
(8,9): 6.219113856786862e-06
(8,14): 3.5360562833375297e-06
(8,15): 3.2711166113585932e-06
(8,16): 4.6937107072153594e-06
(8,20): 3.725502210727427e-06
(8,21): 5.688529199687764e-06
(8,22): 5.90648642173619e-06
(8,23): 5.899787083762931e-06
(8,25): 6.682773346255999e-06
(8,26): 5.680002232111292e-06
(8,27): 9.91629440250108e-06
(8,31): 8.726507076062262e-06
(9,1): 5.109531684865942e-06
(9,7): 8.604952199675608e-06
(9,8): 4.033397090097424e-06
(9,15): 3.672518005259917e-06
(9,21): 6.386571385519346e-06
(9,22): 6.631273663515458e-06
(9,23): 6.623752142331796e-06
(9,25): 7.50281924410956e-06
(9,27): 1.113311191147659e-05
(9,28): 5.536411663342733e-06
(9,31): 9.797346137929708e-06
(10,11): 1.444377183503799e-14
(10,12): 8.750175028993112e-10
(10,13): 6.133260417815611e-26
(10,21): 1.5657982999073283e-07
(10,28): 1.3573618673490273e-07
(11,10): 6.177321848488404e-11
(11,12): 1.83702640772776e-12
(11,13): 1.2876270477506164e-28
(11,24): 4.1538932504498923e-29
(11,29): 1.3041234321703951e-27
(12,7): 1.2017260520025275e-09
(12,10): 1.6760631771362e-10
(12,11): 8.227528801701538e-17
(12,21): 8.919167071574918e-10
(12,24): 1.1270538423435458e-28
(12,28): 7.731862927684574e-10
(12,29): 3.538435975554837e-27
(13,10): 1.6560179644754225e-18
(13,11): 8.12906815422539e-25
(13,24): 1.1135704111643881e-36
(13,30): 0.0
(14,1): 2.879190560634015e-06
(14,2): 3.185793502780143e-06
(14,8): 2.272794517921284e-06
(14,15): 2.069440597551875e-06
(14,16): 2.969432671307004e-06
(14,20): 2.356903451072867e-06
(14,23): 3.7324473396438407e-06
(15,0): 2.930737764472724e-06
(15,2): 2.9384987101366278e-06
(15,8): 2.096370053550345e-06
(15,9): 3.629056891440996e-06
(15,14): 2.0634024622268043e-06
(15,16): 2.738932835200103e-06
(15,22): 3.446627943048952e-06
(16,0): 4.374487161840079e-06
(16,1): 3.963948984164745e-06
(16,8): 3.12908855448768e-06
(16,14): 3.079883526879712e-06
(16,15): 2.8491203920566477e-06
(17,4): 1.3975175534142181e-05
(17,5): 1.3975200999993831e-05
(17,6): 1.1620079931162763e-05
(17,18): 2.1223813746473752e-05
(17,19): 2.1223813746473752e-05
(17,20): 7.639780051249545e-06
(18,3): 1.3880338883609511e-05
(18,5): 1.3589679838332813e-05
(18,6): 1.129953670897521e-05
(18,17): 2.1222742361715063e-05
(18,19): 2.0638355636037886e-05
(18,20): 7.4290342126914766e-06
(19,3): 1.3880338883609511e-05
(19,4): 1.3589679838332813e-05
(19,6): 1.129953670897521e-05
(19,17): 2.1222742361715063e-05
(19,18): 2.0638355636037886e-05
(19,20): 7.4290342126914766e-06
(20,0): 3.5394166388869053e-06
(20,3): 4.905398782284465e-06
(20,4): 4.802677267434774e-06
(20,5): 4.802677267434774e-06
(20,6): 3.9933206608111504e-06
(20,7): 5.401332145993365e-06
(20,8): 2.5317635845567565e-06
(20,14): 2.491949089744594e-06
(20,17): 7.500279025407508e-06
(20,18): 7.29375005903421e-06
(20,19): 7.29375005903421e-06
(20,21): 4.008850737591274e-06
(20,22): 4.162450750300195e-06
(20,23): 4.15773365602945e-06
(20,33): 1.5859303914567136e-07
(21,6): 5.782922926300671e-06
(21,7): 7.82193546911003e-06
(21,8): 3.6663695937022567e-06
(21,9): 6.346905138343573e-06
(21,10): 1.090941964321246e-06
(21,12): 3.244272051006192e-08
(21,20): 3.802054152401979e-06
(21,22): 6.027853032719577e-06
(21,23): 6.021022272761911e-06
(21,33): 2.2966673896007705e-07
(22,1): 4.837142569158459e-06
(22,6): 6.022675734129734e-06
(22,7): 8.146223080984782e-06
(22,8): 3.818372988462215e-06
(22,9): 6.610046057176078e-06
(22,15): 3.476732672424987e-06
(22,20): 3.95968345401343e-06
(22,21): 6.0460984059318434e-06
(22,23): 6.270634912652895e-06
(23,0): 5.329309715307318e-06
(23,6): 6.012753601680743e-06
(23,7): 8.132794391713105e-06
(23,8): 3.812082468357403e-06
(23,9): 6.599149855901487e-06
(23,14): 3.752133579837391e-06
(23,20): 3.953156010538805e-06
(23,21): 6.036131708242465e-06
(23,22): 6.267413027671864e-06
(24,11): 8.876348694170268e-25
(24,12): 5.377346388959806e-20
(24,13): 3.769143643035673e-36
(25,0): 6.056168331269873e-06
(25,1): 5.4878087212273385e-06
(25,2): 6.0722049965988845e-06
(25,3): 8.393435564357787e-06
(25,4): 8.21766570879845e-06
(25,5): 8.217672984756064e-06
(25,6): 6.8328185989230406e-06
(25,7): 9.242004125553649e-06
(25,8): 4.332008757046424e-06
(25,9): 7.4991917244915385e-06
(25,26): 6.849122200947022e-06
(26,0): 5.111783593747532e-06
(26,1): 4.632051513908664e-06
(26,2): 5.125314146425808e-06
(26,3): 7.08457855580491e-06
(26,4): 6.936224963283166e-06
(26,5): 6.936224963283166e-06
(26,6): 5.767325092165265e-06
(26,8): 3.656480430436204e-06
(26,25): 6.80169023326016e-06
(26,33): 2.2904706042936596e-07
(27,3): 1.2908850294479635e-05
(27,4): 1.263852300326107e-05
(27,5): 1.2638533917197492e-05
(27,6): 1.0508666491659824e-05
(27,7): 1.421391516487347e-05
(27,8): 6.6625125327846035e-06
(27,9): 1.1533523320395034e-05
(27,28): 9.145227522822097e-06
(28,0): 4.324554083723342e-06
(28,1): 3.91870617022505e-06
(28,2): 4.336005531513365e-06
(28,4): 5.868032985745231e-06
(28,5): 5.868032985745231e-06
(28,6): 4.879141215496929e-06
(28,7): 6.599489552172599e-06
(28,9): 5.354981567506911e-06
(28,10): 9.204447906085989e-07
(28,12): 2.7372347943810382e-08
(28,27): 8.538451766071375e-06
(28,32): 7.249596378012545e-22
(29,11): 1.140007191050765e-23
(29,12): 6.906312396952107e-19
(29,30): 0.0
(30,13): 0.0
(30,29): 0.0
(31,0): 8.12514281278709e-06
(31,2): 8.146658728946932e-06
(31,3): 1.1260885912633967e-05
(31,4): 1.1025088497262914e-05
(31,5): 1.1025088497262914e-05
(31,7): 1.239934590557823e-05
(31,8): 5.811960363644175e-06
(31,9): 1.006114234769484e-05
(32,28): 2.0038995351859094e-15
(33,20): 0.0003283885307610035
(33,21): 0.0005013355403207242
(33,26): 0.0005005851853638887
