Interaction name: 5ets

Affinity: 5.909999847412109
Predicted value: 6.277456760406494

Attributions for edges: 

(0,2): 0.0
(0,3): 0.5339314937591553
(0,4): 0.0
(0,6): 0.5984475612640381
(0,9): 0.5257670879364014
(0,10): 0.44810622930526733
(0,11): 0.0
(0,15): 0.337312251329422
(0,16): 0.5850313901901245
(0,17): 0.0
(1,3): 0.0
(1,4): 0.4850565195083618
(1,6): 0.5501533150672913
(1,17): 0.0
(1,18): 0.4276540279388428
(2,0): 0.0
(2,3): 0.0
(2,4): 0.4745597243309021
(2,5): 0.0
(2,6): 0.0
(2,17): 0.0
(3,0): 0.5165389180183411
(3,1): 0.0
(3,2): 0.0
(3,4): 0.47568273544311523
(3,5): 0.0
(3,6): 0.0
(3,17): 0.0
(3,19): 0.38885051012039185
(3,20): 0.4817635715007782
(4,0): 0.0
(4,1): 0.3571852445602417
(4,2): 0.5226340293884277
(4,3): 0.47407183051109314
(4,11): 0.0
(4,17): 0.0
(5,2): 0.0
(5,3): 0.0
(5,6): 0.0
(5,19): 0.4930388331413269
(5,20): 0.0
(5,21): 0.4890371561050415
(6,0): 0.5160608887672424
(6,1): 0.47635501623153687
(6,2): 0.0
(6,3): 0.0
(6,5): 0.0
(6,17): 0.0
(7,8): 0.0
(7,9): 0.0
(7,10): 0.0
(7,12): 0.0
(7,13): 0.0
(7,14): 0.0
(7,15): 0.0
(7,16): 0.0
(7,22): 0.6168764233589172
(7,26): 0.399254709482193
(8,7): 0.0
(8,9): 0.0
(8,10): 0.49950480461120605
(8,12): 0.0
(8,13): 0.0
(8,14): 0.0
(8,15): 0.0
(8,16): 0.0
(9,0): 0.5597218871116638
(9,7): 0.0
(9,8): 0.0
(9,10): 0.0
(9,11): 0.0
(9,13): 0.0
(9,14): 0.4675126373767853
(9,15): 0.0
(9,16): 0.0
(10,0): 0.5585132241249084
(10,7): 0.5197641253471375
(10,8): 0.4826085865497589
(10,9): 0.0
(10,11): 0.0
(10,13): 0.0
(10,15): 0.0
(10,16): 0.0
(10,23): 0.4811019003391266
(10,24): 0.49737173318862915
(10,26): 0.5876474380493164
(11,0): 0.0
(11,4): 0.0
(11,9): 0.0
(11,10): 0.0
(11,13): 0.4334365427494049
(11,15): 0.45204731822013855
(11,16): 0.5794312953948975
(11,17): 0.44349849224090576
(12,7): 0.0
(12,8): 0.0
(12,14): 0.5390322804450989
(12,25): 0.310272753238678
(12,26): 0.3874765932559967
(12,27): 0.4293285608291626
(12,28): 0.5124531984329224
(13,7): 0.0
(13,8): 0.0
(13,9): 0.0
(13,10): 0.0
(13,11): 0.49718719720840454
(13,14): 0.0
(13,15): 0.0
(13,16): 0.0
(13,29): 0.5097306370735168
(14,7): 0.0
(14,8): 0.0
(14,9): 0.0
(14,12): 0.0
(14,13): 0.0
(14,15): 0.0
(14,16): 0.0
(15,0): 0.4603623151779175
(15,7): 0.0
(15,8): 0.0
(15,9): 0.0
(15,10): 0.0
(15,11): 0.47153714299201965
(15,13): 0.0
(15,14): 0.0
(15,23): 0.5760588645935059
(16,0): 0.4491766691207886
(16,7): 0.0
(16,8): 0.0
(16,9): 0.0
(16,10): 0.0
(16,11): 0.6178651452064514
(16,13): 0.0
(16,14): 0.5537673234939575
(17,0): 0.0
(17,1): 0.0
(17,2): 0.0
(17,3): 0.0
(17,4): 0.0
(17,6): 0.0
(17,11): 0.4705551862716675
(18,1): 0.4907262623310089
(18,19): 0.0
(19,3): 0.48670318722724915
(19,5): 0.46475785970687866
(19,18): 0.0
(19,20): 0.0
(20,3): 0.5357153415679932
(20,5): 0.0
(20,19): 0.0
(21,5): 0.0
(22,7): 0.5100539326667786
(23,10): 0.5861530900001526
(23,15): 0.5348643660545349
(23,25): 0.0
(24,10): 0.47132888436317444
(24,29): 0.4546318054199219
(25,12): 0.4527360200881958
(25,23): 0.0
(26,7): 0.6090109348297119
(26,10): 0.4083428978919983
(26,12): 0.39842820167541504
(27,12): 0.534174382686615
(28,12): 0.5900233387947083
(29,13): 0.35377833247184753
(29,24): 0.3886339068412781
