Interaction name: 5wei

Affinity: 5.699999809265137
Predicted value: 5.503560543060303

Attributions for edges: 

(0,1): 0.48524209856987
(0,3): 0.38265714049339294
(0,5): 0.47716644406318665
(0,6): 0.3848857283592224
(0,7): 0.47810617089271545
(0,9): 0.5379172563552856
(0,10): 0.5345192551612854
(0,11): 0.29792505502700806
(1,0): 0.5405181646347046
(1,2): 0.47388243675231934
(1,3): 0.4853881299495697
(1,5): 0.4905030131340027
(2,1): 0.5832085609436035
(2,5): 0.3566697835922241
(2,7): 0.5028056502342224
(3,0): 0.32783564925193787
(3,1): 0.4606257379055023
(3,6): 0.36952871084213257
(3,7): 0.5478664040565491
(3,12): 0.49169254302978516
(4,11): 0.5979164242744446
(4,12): 0.5521364808082581
(5,0): 0.4234834313392639
(5,1): 0.48887258768081665
(5,2): 0.5456709265708923
(5,7): 0.6497790217399597
(5,10): 0.45208069682121277
(5,11): 0.452971875667572
(6,0): 0.563610851764679
(6,3): 0.41869884729385376
(6,8): 0.5343745350837708
(7,0): 0.5300179719924927
(7,2): 0.5486088395118713
(7,3): 0.569575846195221
(7,5): 0.42097926139831543
(8,6): 0.5713501572608948
(8,13): 0.5680853128433228
(9,0): 0.3667123317718506
(9,10): 0.5903499126434326
(10,0): 0.5021559000015259
(10,5): 0.27502748370170593
(10,9): 0.7078261375427246
(11,0): 0.4074009358882904
(11,4): 0.630840539932251
(11,5): 0.3951088488101959
(11,14): 0.39067596197128296
(12,3): 0.5729619264602661
(12,4): 0.5016797780990601
(13,8): 0.43401601910591125
(14,11): 0.3411100208759308
