Interaction name: 6f29

Affinity: 5.489999771118164
Predicted value: 6.470059871673584

Attributions for edges: 

(0,1): 4.1978259932523463e-22
(0,4): 1.2470208176570052e-21
(0,7): 1.3171063001898138e-21
(0,8): 9.87800063972324e-22
(0,11): 2.4294967078826906e-22
(0,12): 4.182401427526996e-22
(0,13): 4.530386526828475e-22
(0,16): 3.4446304361894627e-22
(0,20): 2.3196574824881446e-22
(1,0): 4.196945245828885e-22
(1,4): 9.96105898401862e-22
(1,6): 9.922792793010414e-22
(1,8): 7.890404373412656e-22
(1,11): 1.9406467993286852e-22
(1,12): 3.3408418370468343e-22
(1,13): 3.6188351578692705e-22
(1,14): 1.3916343191746907e-22
(1,15): 1.9001950218509104e-22
(1,16): 2.7515210889909428e-22
(1,20): 1.852922816095467e-22
(2,5): 4.734996850803632e-23
(2,10): 1.9679683025834183e-23
(2,11): 8.020283190154713e-23
(2,12): 1.3807046197784173e-22
(2,14): 5.751331162299278e-23
(2,15): 7.853104631676655e-23
(2,16): 1.1371455192309852e-22
(3,5): 7.314567593255271e-23
(3,12): 2.132896619552115e-22
(3,16): 1.7566559110208124e-22
(4,0): 1.2480200582993178e-21
(4,1): 9.971171549734829e-22
(4,6): 2.9506691633535065e-21
(4,7): 3.1285344015819315e-21
(4,17): 4.7999259345631326e-21
(4,18): 9.1303614402235e-22
(4,19): 3.660405073104993e-21
(4,22): 4.5976786592067834e-21
(5,2): 4.735050493345187e-23
(5,3): 7.31119189966965e-23
(5,10): 1.6259174252186824e-23
(6,1): 9.933093170730938e-22
(6,4): 2.9507479232262838e-21
(6,7): 3.1165871347267955e-21
(6,8): 2.3373613892239276e-21
(7,0): 1.3182624547325057e-21
(7,4): 3.128773104580964e-21
(7,6): 3.116765455156699e-21
(7,8): 2.4783890193672916e-21
(8,0): 9.883767276049279e-22
(8,1): 7.896727882428908e-22
(8,6): 2.3368086564757446e-21
(8,7): 2.4776706889378845e-21
(9,10): 2.0515286306272256e-24
(9,23): 1.7261827210952563e-25
(9,24): 1.924250262304794e-24
(10,2): 1.9668875631432655e-23
(10,5): 1.625006133100971e-23
(10,9): 2.052765564526612e-24
(11,0): 2.427690027083117e-22
(11,1): 1.9396254453374774e-22
(11,2): 8.021598379055897e-23
(11,12): 1.9324911135284034e-22
(11,14): 8.049831395309395e-23
(11,20): 1.0718046122136357e-22
(12,0): 4.1820025794533163e-22
(12,1): 3.341262142137136e-22
(12,2): 1.3818216468202103e-22
(12,3): 2.133612526600821e-22
(12,11): 1.9337447081701082e-22
(12,18): 3.0595133385348684e-22
(12,19): 1.2265733410452848e-21
(13,0): 4.529833693106096e-22
(13,1): 3.6191663532317184e-22
(13,16): 2.969785648602389e-22
(14,1): 1.390445852889321e-22
(14,2): 5.750366227640012e-23
(14,11): 8.047159996739955e-23
(14,20): 7.683400456124442e-23
(15,1): 1.8993545378880517e-22
(15,2): 7.855052171479465e-23
(16,0): 3.443579294810474e-22
(16,1): 2.7512689059367617e-22
(16,2): 1.1378224249965373e-22
(16,3): 1.7568704811870325e-22
(16,13): 2.969230795396093e-22
(17,4): 4.801592412691743e-21
(17,19): 5.933677938262925e-21
(17,22): 7.453039490770562e-21
(18,4): 9.12329324651272e-22
(18,12): 3.0598750785915666e-22
(18,24): 4.090738251586339e-23
(19,4): 3.660391340614355e-21
(19,12): 1.227664064309054e-21
(19,17): 5.931573232124247e-21
(19,21): 5.551871077671481e-21
(19,22): 5.6816657324212814e-21
(20,0): 2.317711457298273e-22
(20,1): 1.851749874592712e-22
(20,11): 1.0716942979046496e-22
(20,14): 7.685101240236098e-23
(21,19): 5.551892080304222e-21
(21,22): 6.973495263133582e-21
(22,4): 4.59838063181646e-21
(22,17): 7.45156122854305e-21
(22,19): 5.682532494918615e-21
(22,21): 6.974532470073541e-21
(23,9): 1.7249779825815641e-25
(24,9): 1.9256893418111434e-24
(24,18): 4.0853582202127314e-23
