Interaction name: 5ml4

Affinity: 8.699999809265137
Predicted value: 7.773716926574707

Shapley values for edges: 

(0,1): -0.006893558502197266
(0,26): -0.02744241714477539
(0,27): -0.03186673164367676
(0,28): -0.028285179138183594
(0,36): -0.019327826499938965
(1,0): -0.0025426912307739257
(1,8): -0.0008604145050048828
(1,26): -0.030632500648498536
(1,27): -0.02315096378326416
(1,28): -0.014025435447692872
(1,36): -0.010863842964172364
(2,3): 0.004495925903320312
(2,10): -0.045288009643554686
(2,11): -0.033222684860229494
(2,14): -0.001292266845703125
(2,15): -0.011773295402526855
(2,30): -0.03020872116088867
(2,37): -0.002821030616760254
(3,2): -0.010196800231933595
(3,12): -0.023192791938781737
(3,14): 0.0016898298263549804
(3,15): -0.015209383964538574
(3,29): -0.02528956890106201
(3,30): -0.030233736038208007
(3,37): -0.0018713521957397462
(3,38): 0.022515506744384767
(4,5): 0.0008072662353515625
(4,16): 0.0011541414260864257
(4,25): 0.00493290901184082
(4,31): 0.005263023376464844
(4,32): 0.013536295890808105
(4,35): 0.008679776191711426
(4,37): 0.01096327304840088
(4,38): 0.0456105375289917
(4,39): 0.013980779647827148
(5,4): -0.005560483932495117
(5,16): 0.007995247840881348
(5,20): 0.007029228210449219
(5,25): 0.003760547637939453
(5,31): -0.0235245418548584
(5,32): 0.0017470312118530273
(5,35): -0.008985605239868164
(5,37): 0.015150246620178222
(5,39): 0.013161783218383788
(6,12): 0.03413783550262451
(6,13): 0.02219017028808594
(6,29): -0.03977787017822266
(6,40): 0.004659981727600098
(7,12): -0.0605269718170166
(7,13): -0.03829640865325928
(7,29): -0.040862078666687014
(8,1): -0.007209334373474121
(8,9): -0.035949687957763675
(8,26): -0.011054205894470214
(8,27): -0.02344040870666504
(8,41): 0.02930565357208252
(8,42): 0.014034638404846192
(8,43): 0.00480222225189209
(8,44): 0.049669508934020994
(8,61): 0.022465734481811522
(8,63): 0.042609333992004395
(9,8): 0.01826219081878662
(9,10): -0.020545544624328612
(9,11): -0.015537505149841308
(9,26): 0.005704398155212402
(9,27): -0.01593480110168457
(9,28): -0.0015739107131958008
(9,42): -0.012929167747497559
(9,43): -0.004519877433776856
(10,2): -0.011227993965148926
(10,9): -0.01824427127838135
(10,11): -0.0020769977569580077
(10,12): 0.018081808090209962
(10,26): -0.02124563217163086
(10,27): -0.01039621353149414
(10,28): 0.0019998788833618165
(10,46): 0.015107436180114746
(10,48): 0.00534156322479248
(11,2): -0.017865481376647948
(11,9): -0.04830023765563965
(11,10): -0.008896512985229492
(11,12): -0.011048994064331054
(11,26): -0.010626688003540039
(11,27): -0.023076319694519044
(11,28): 0.003335890769958496
(11,61): -0.016709160804748536
(11,67): 0.008566741943359374
(12,3): -0.032253775596618656
(12,6): 0.020401830673217772
(12,7): 0.015612945556640626
(12,10): -0.021429452896118164
(12,11): -0.006791009902954102
(12,13): 0.10604152202606201
(12,29): 0.05557239055633545
(12,42): 0.007203760147094726
(12,43): -0.003832063674926758
(12,46): 0.05137856960296631
(12,47): 0.037995409965515134
(13,6): -0.03986230850219727
(13,7): -0.02573820114135742
(13,12): -0.0055686521530151365
(13,29): 0.02948370933532715
(13,48): -0.010264759063720702
(13,49): 0.0256713342666626
(14,2): -0.013862309455871582
(14,3): -0.0021868848800659178
(14,15): -0.001208958625793457
(14,16): -0.005899620056152344
(14,30): -0.019106745719909668
(14,31): 0.002399654388427734
(14,32): -0.01578946113586426
(14,35): -0.027700958251953126
(14,43): 0.006784749031066894
(14,47): 0.03543083667755127
(14,49): 0.04990572929382324
(15,2): -0.016274943351745605
(15,3): -0.0005242824554443359
(15,14): 8.631229400634765e-05
(15,16): 0.004997954368591308
(15,30): -0.03154319763183594
(15,31): -0.006166229248046875
(15,32): 0.0006670188903808593
(15,35): -0.023563413619995116
(15,50): 0.024633607864379882
(15,65): 0.06475783824920654
(16,4): -0.007401652336120605
(16,5): -0.011573848724365234
(16,14): -0.004863615036010742
(16,15): 0.020117106437683104
(16,19): -0.007077112197875977
(16,30): -0.03248972415924072
(16,31): -0.019328351020812987
(16,32): 0.01345682144165039
(16,35): -0.037238540649414065
(16,64): 0.01124772548675537
(16,65): 0.0566759204864502
(16,68): -0.004840655326843262
(17,18): -0.004249153137207032
(17,19): 0.0012685775756835938
(17,33): -0.0035535573959350588
(17,53): 0.0011928749084472656
(17,64): 0.007347922325134277
(17,68): -0.01764397621154785
(18,17): -0.006700677871704102
(18,19): -0.010961556434631347
(18,33): -0.0016980838775634765
(18,66): -0.005386323928833008
(18,67): -0.019435672760009765
(19,16): 0.0011295223236083985
(19,17): -0.0024710702896118164
(19,18): 0.0150040864944458
(19,31): -0.02907064914703369
(19,32): -0.00950974464416504
(19,33): -0.0345969295501709
(19,35): -0.036081581115722655
(19,50): 0.007610044479370117
(19,64): -0.0009083127975463867
(19,68): -0.011737637519836426
(20,5): -0.02466310977935791
(20,21): 0.003786044120788574
(20,22): -0.010277295112609863
(20,24): -0.0016541481018066406
(20,25): -0.005969200134277344
(20,33): -0.014610381126403808
(20,34): -0.0014408349990844727
(20,50): -0.0073439407348632815
(20,68): -0.015558838844299316
(21,20): -0.019037261009216308
(21,22): -0.016602954864501952
(21,23): -0.0012410449981689452
(21,24): -0.016375389099121094
(21,25): -0.0147575044631958
(21,34): -0.0011968040466308594
(21,55): -0.010990710258483886
(21,56): -0.02907553195953369
(22,20): -0.016023616790771484
(22,21): -0.002488417625427246
(22,23): -0.0010701560974121095
(22,24): 0.008622732162475586
(22,25): -0.0012054681777954102
(22,34): 0.011439633369445801
(22,51): -0.0036899566650390623
(22,70): -0.008379259109497071
(23,21): -0.0214024019241333
(23,22): -0.005585498809814453
(23,24): -0.003509225845336914
(23,25): -0.007441120147705078
(23,34): -0.010144834518432616
(23,57): -0.0043623256683349605
(23,58): -0.007742123603820801
(23,59): -0.019998345375061035
(23,70): 0.007604198455810547
(24,20): -0.012426786422729492
(24,21): -0.00650766372680664
(24,22): -0.017132606506347656
(24,23): -0.005821800231933594
(24,25): -0.02831699848175049
(24,34): -0.012811222076416016
(24,58): -0.002781529426574707
(24,69): -0.005009574890136719
(24,70): 0.018330874443054198
(24,71): -0.015394444465637208
(25,4): -0.02708707332611084
(25,5): -0.04643301486968994
(25,20): -0.012005910873413086
(25,21): -0.007041420936584473
(25,22): -0.014760375022888184
(25,23): -0.006752681732177734
(25,24): -0.016689248085021972
(25,33): -0.025655035972595216
(25,34): -0.010596675872802734
(25,58): -0.0014968109130859375
(25,67): 0.012378993034362793
(25,72): 0.0011537456512451172
(26,0): -0.014196667671203613
(26,1): -0.02687657356262207
(26,8): 0.004613361358642578
(26,9): -0.026454405784606935
(26,10): -0.015404438972473145
(26,11): -0.018723864555358887
(26,27): -0.014286723136901856
(26,28): 0.0005334329605102539
(26,60): -0.003169522285461426
(27,0): -0.00992046356201172
(27,1): -0.021817731857299804
(27,8): 0.009526505470275878
(27,9): -0.03654658794403076
(27,10): -0.015410442352294922
(27,11): -0.0037760114669799804
(27,26): -0.0019479656219482421
(27,28): -0.0014642143249511718
(27,47): 0.015139007568359375
(28,0): 0.0017494583129882813
(28,1): -0.01349781036376953
(28,9): -0.04702673435211182
(28,10): -0.005516786575317383
(28,11): -0.006581463813781738
(28,26): -0.002968463897705078
(28,27): -0.011903743743896484
(28,45): 0.008433375358581543
(28,46): 0.019374098777770996
(29,3): -0.039494385719299314
(29,6): -0.044481658935546876
(29,7): -0.022039766311645507
(29,12): -0.0028426265716552735
(29,13): 0.05235348224639893
(29,68): -0.02161378860473633
(30,2): -0.006277818679809571
(30,3): -0.003467879295349121
(30,14): 0.003142642974853516
(30,15): -0.01337874412536621
(30,16): -0.0030828475952148437
(30,31): -0.007257604598999023
(30,32): -0.007018375396728516
(30,35): -0.03331018924713135
(30,63): 0.03448285102844238
(31,4): -0.02926529884338379
(31,5): -0.03637825965881348
(31,14): 0.001383523941040039
(31,15): -0.010171146392822265
(31,16): -0.012621188163757324
(31,19): -0.019785747528076172
(31,30): -0.034538254737854004
(31,32): -0.0013285923004150392
(31,62): 0.018898873329162597
(32,4): -0.013681354522705079
(32,5): -0.02377321243286133
(32,14): -0.006250138282775879
(32,15): -0.00615450382232666
(32,16): 0.012419881820678711
(32,19): -0.010133175849914551
(32,30): -0.02158273696899414
(32,31): 0.008539037704467773
(32,35): -0.039191370010375974
(32,64): 0.028360495567321776
(32,66): 0.006250472068786621
(33,17): 0.008240947723388672
(33,18): 0.034076261520385745
(33,19): -0.03391702651977539
(33,20): -0.01494685173034668
(33,25): -0.020233163833618163
(33,51): 0.07296487808227539
(33,52): 0.03638074398040771
(33,53): 0.045392088890075684
(33,54): 0.025588698387145996
(33,59): 0.010343880653381347
(33,70): -0.006039295196533203
(33,72): 0.018819665908813475
(34,20): -0.010589809417724609
(34,21): -0.004934844970703125
(34,22): -0.013476967811584473
(34,23): -0.007035980224609375
(34,24): -0.014902982711791992
(34,25): -0.007541885375976562
(34,54): 0.0009476804733276367
(34,67): 0.00812504768371582
(34,68): -0.018635611534118652
(34,69): -0.008284921646118165
(35,4): 0.07562916755676269
(35,5): 0.07052798271179199
(35,14): 0.03299950122833252
(35,15): 0.06380967140197753
(35,16): 0.04625559806823731
(35,19): 0.014706459045410156
(35,30): 0.04856485843658447
(35,32): 0.048184995651245115
(36,0): -0.02173828601837158
(36,1): -0.031638932228088376
(37,2): -0.013460826873779298
(37,3): -0.0168328857421875
(37,4): -0.021784029006958007
(37,5): -0.00997525691986084
(37,63): -0.03400697231292724
(38,3): -0.026247096061706544
(38,4): -0.025742998123168947
(38,39): -0.019361720085144044
(38,65): -0.030573787689208983
(38,72): -0.059294238090515136
(39,4): -0.012864294052124024
(39,5): -0.017755770683288576
(39,38): 0.021434121131896973
(40,6): 0.0023303651809692383
(41,8): 0.003458070755004883
(41,60): -0.07342559814453126
(42,8): 0.01885716915130615
(42,9): -0.04476339817047119
(42,12): 0.03190455436706543
(43,8): 0.03622172355651856
(43,9): -0.04052436351776123
(43,12): 0.02790410041809082
(43,14): -0.0021630477905273436
(44,8): 0.024109501838684082
(44,47): -0.04856588840484619
(45,28): -0.004246282577514649
(45,46): -0.05543696880340576
(46,10): -0.014599623680114747
(46,12): 0.01055051326751709
(46,28): 0.012517423629760742
(46,45): -0.012129521369934082
(47,12): 0.01215559482574463
(47,14): -0.014103493690490722
(47,27): -0.01603978157043457
(47,44): -0.009181513786315917
(48,10): -0.026065192222595214
(48,13): 0.008714089393615723
(49,13): 0.025588974952697754
(49,14): -0.0245068883895874
(49,65): 0.006692509651184082
(50,15): -0.010122714042663574
(50,19): -0.02708021640777588
(50,20): -0.029320621490478517
(50,64): -0.014067106246948242
(51,22): -0.01845181465148926
(51,33): -0.006874208450317383
(51,54): -0.0025374269485473632
(51,57): -0.021950316429138184
(51,71): -0.031024794578552246
(52,33): -0.008687100410461425
(52,53): -0.05446323871612549
(53,17): -0.02497941017150879
(53,33): -0.009941115379333496
(53,52): -0.056310844421386716
(54,33): -0.006064357757568359
(54,34): -0.008985629081726074
(54,51): 0.009240665435791016
(54,55): -0.04093691349029541
(55,21): -0.022105817794799806
(55,54): -0.062077088356018065
(56,21): -0.027702341079711913
(56,70): -0.033717379570007325
(57,23): -0.014348301887512207
(57,51): -0.004231796264648437
(58,23): -0.014830636978149413
(58,24): -0.010545482635498047
(58,25): -0.029700026512145997
(59,23): -0.012341551780700684
(59,33): -0.010463142395019531
(59,70): -0.0248714017868042
(60,26): -0.025724868774414062
(60,41): -0.07870665073394775
(61,8): 0.006621079444885254
(61,11): -0.027943820953369142
(62,31): -0.05500936031341553
(62,63): -0.037675633430480956
(63,8): 0.014290475845336914
(63,30): -0.04331550121307373
(63,37): -0.011881132125854493
(63,62): 0.013378357887268067
(63,68): -0.02948585033416748
(64,16): -0.0064684200286865235
(64,17): 0.0035947322845458984
(64,19): -0.013947105407714844
(64,32): -0.0064228963851928715
(64,50): -0.003986606597900391
(65,15): -0.02174348831176758
(65,16): -0.006955065727233887
(65,38): -0.04259438991546631
(65,49): 0.011461129188537597
(66,18): -0.028633432388305666
(66,32): -0.03847613334655762
(67,11): -0.013149886131286622
(67,18): -0.01579817771911621
(67,25): 0.0030756473541259767
(67,34): -0.01771963119506836
(68,16): -0.002326359748840332
(68,17): 0.005585541725158691
(68,19): -0.0067041110992431645
(68,20): -0.01538015842437744
(68,29): 0.026899328231811525
(68,34): 0.0009141063690185547
(68,63): 0.006824913024902343
(69,24): -0.011268906593322754
(69,34): -0.028124175071716308
(70,22): -0.02867959499359131
(70,23): -0.008711419105529784
(70,24): -0.008347105979919434
(70,33): -0.021831889152526856
(70,56): -0.03718022346496582
(70,59): -0.04433091640472412
(71,24): -0.007777485847473144
(71,51): -0.010330252647399903
(72,25): -0.020087246894836427
(72,33): -0.004696965217590332
(72,38): -0.0726198673248291
