Interaction name: 2cbj

Affinity: 8.270000457763672
Predicted value: 8.57363510131836

Shapley values for edges: 

(0,4): -0.08396251201629638
(0,5): -0.048931546211242676
(0,8): 0.019510693550109863
(0,13): 0.017452073097229005
(0,14): -0.0025993299484252928
(0,16): -0.017753825187683106
(0,24): 0.08324420928955079
(0,25): 0.04920742988586426
(0,26): -0.0038446235656738282
(1,2): 0.047337188720703124
(1,8): -0.013961858749389648
(1,10): 0.01714655876159668
(1,14): -0.0003084421157836914
(1,15): 0.0003147077560424805
(1,16): -0.005558886528015137
(1,24): 0.03899997234344482
(1,25): 0.008543038368225097
(1,26): -0.040951619148254396
(1,30): 0.026898441314697267
(2,1): 0.00024222373962402345
(2,3): -0.06599927425384522
(2,4): 0.02650594711303711
(2,9): -0.053673415184020995
(2,11): -0.010436158180236816
(2,14): 0.00013444900512695312
(2,15): -0.0017710590362548827
(2,16): 0.00383575439453125
(2,17): -0.0004293394088745117
(2,25): 0.07058192729949951
(2,26): -0.004076819419860839
(2,27): 0.038078441619873046
(3,2): -0.008136940002441407
(3,4): 0.019550833702087402
(3,10): -0.000402226448059082
(3,15): 0.002081718444824219
(3,16): 0.0010058116912841798
(3,17): 0.032097973823547364
(3,27): 0.13577297687530518
(3,31): 0.009471783638000488
(4,0): -0.007432537078857422
(4,2): -0.020898089408874512
(4,3): -0.009045577049255371
(4,5): 0.009534859657287597
(4,6): -0.008124027252197265
(4,8): -0.04191916942596435
(4,10): 0.03937607765197754
(4,11): -0.017197465896606444
(4,14): 0.0029567575454711916
(4,15): -0.0025787973403930665
(4,16): 0.013277344703674317
(4,17): 0.0017763948440551757
(4,25): -0.08887604236602784
(4,27): -0.09344303131103515
(5,0): -0.04266683578491211
(5,4): -0.001376814842224121
(5,6): -0.014204730987548828
(5,7): 0.02730992317199707
(5,8): -0.0013066530227661133
(5,12): -0.035317583084106444
(5,14): -0.046688232421875
(5,15): -0.05097815036773681
(5,16): 0.04930813312530517
(5,27): 0.02881099224090576
(6,4): 4.76837158203125e-09
(6,5): -0.006898636817932129
(6,7): -0.04696052074432373
(6,12): -0.002778120040893555
(6,27): 0.0006894302368164062
(6,28): -0.02098674774169922
(7,5): -0.0010938739776611328
(7,6): -0.06543670177459716
(7,12): -0.018329339027404787
(7,18): 0.012007923126220703
(7,23): 0.054064216613769533
(7,28): 0.0013744354248046875
(8,0): 0.03997561454772949
(8,1): -0.02264516830444336
(8,4): -0.07083457946777344
(8,5): -0.016544318199157713
(8,9): -0.05394183158874512
(8,13): -0.0247609281539917
(8,14): -0.026384406089782715
(8,15): -0.02551948547363281
(8,16): 0.009960432052612305
(8,29): -0.13172518253326415
(9,2): 0.003963165283203125
(9,8): -0.008820834159851075
(9,10): 0.006772928237915039
(9,14): 0.009575357437133789
(9,15): 0.007338194847106933
(9,16): -0.0034410762786865235
(10,1): 0.007937097549438476
(10,3): 0.03460708618164063
(10,4): -0.016420788764953613
(10,9): -0.003197765350341797
(10,11): 0.015416979789733887
(10,14): 0.0007692146301269532
(10,15): -0.0021730852127075195
(10,16): -0.004733996391296387
(10,17): -0.003260793685913086
(11,2): -0.033948812484741214
(11,4): 0.0020468807220458984
(11,10): 0.03709298610687256
(11,15): 0.0008629131317138672
(11,16): -0.009214520454406738
(11,17): -1.9073486328125e-08
(12,5): -0.020074906349182128
(12,6): -0.02804759979248047
(12,7): -0.024523448944091798
(12,18): 0.042512011528015134
(12,19): 0.013290648460388183
(12,20): 0.02580634117126465
(12,21): 0.020219831466674804
(12,23): 0.027658443450927734
(13,0): 0.08958122253417969
(13,8): -0.011844816207885743
(13,32): -0.1037083101272583
(13,33): -0.0006288480758666992
(13,34): -0.0822157621383667
(13,35): -0.06684096336364746
(13,36): 0.08794801235198975
(13,44): 0.012106857299804687
(14,0): -0.06644877433776855
(14,1): -0.0028827381134033203
(14,2): 0.0009941387176513672
(14,4): 0.010727410316467284
(14,5): 0.0507323694229126
(14,8): 0.04411261081695557
(14,9): -0.0180871057510376
(14,10): 0.0013443899154663085
(14,15): 0.0017936992645263671
(14,16): -5.433082580566406e-05
(14,17): -0.14071511268615722
(14,37): 0.07287103652954102
(14,38): 0.029139719009399413
(15,1): 0.06301520824432373
(15,2): 0.002972912788391113
(15,3): -0.04971018314361572
(15,4): 0.03212102890014648
(15,5): 0.09586123466491699
(15,8): 0.03526208400726318
(15,9): 0.08025622844696045
(15,10): -0.0072680854797363284
(15,11): -0.13663800716400146
(15,14): -0.001457662582397461
(15,16): -0.03330747127532959
(15,17): -0.08269326210021972
(15,32): -0.26581969738006594
(15,39): 0.13896894931793213
(16,0): 0.0039097023010253905
(16,1): 0.011820783615112304
(16,2): -0.0025006771087646485
(16,3): 0.004316792488098144
(16,4): 0.029339561462402342
(16,5): 0.027756690979003906
(16,8): -0.1388298463821411
(16,9): -0.1485402774810791
(16,10): 0.030022130012512208
(16,11): -0.04500058174133301
(16,14): -0.029970636367797853
(16,15): 0.008581771850585937
(16,17): 1.9073486328125e-08
(16,37): 0.04390074729919433
(16,44): 0.031741790771484375
(17,2): -0.053499760627746584
(17,3): 0.15358168601989747
(17,4): -0.001599273681640625
(17,10): -0.04472731590270996
(17,11): 0.003715023994445801
(17,14): -0.03381454467773438
(17,15): -0.004794645309448242
(17,16): 0.10126441955566406
(17,32): 0.0657792854309082
(17,38): -0.028928346633911133
(17,40): 0.013937859535217286
(17,41): -0.06802353858947754
(17,42): 0.0210553503036499
(17,43): 0.01834587097167969
(17,45): -0.11494195461273193
(18,7): -0.01311849594116211
(18,12): -0.0283821964263916
(18,19): -0.005481433868408203
(18,20): -0.02231886386871338
(18,21): -0.003758988380432129
(18,22): -0.0009905433654785157
(18,32): 0.06536616802215577
(18,44): -0.0891597843170166
(18,45): -0.021193161010742187
(19,12): -0.05379480838775635
(19,18): -0.001784195899963379
(19,20): 0.005564422607421875
(19,21): -0.029779191017150878
(19,22): 0.03809785842895508
(19,23): -0.050457005500793455
(20,12): 0.0014305257797241212
(20,18): -0.0021274757385253908
(20,19): 0.00823084831237793
(20,21): -0.009957699775695801
(20,22): 0.0041738319396972656
(20,23): -0.03645674705505371
(21,12): 0.009063787460327148
(21,18): 0.0253057861328125
(21,19): 0.03601320743560791
(21,20): -0.0032741355895996092
(21,22): 0.020486998558044433
(21,23): -0.046706557273864746
(21,32): -0.11354146480560302
(22,18): 0.0044339847564697265
(22,19): 0.028096394538879396
(22,20): 0.0007456731796264648
(22,21): -0.006597003936767578
(22,23): -0.0018572521209716797
(22,46): -0.12704081058502198
(23,7): -0.040368776321411136
(23,12): -0.01358780860900879
(23,19): -0.004277069568634034
(23,20): 0.029400167465209962
(23,21): 0.016555800437927246
(23,22): 0.009475636482238769
(24,0): 0.023038668632507323
(24,1): -0.024531192779541015
(24,35): -0.030826725959777833
(24,44): 0.06328598976135254
(25,0): -0.02801046848297119
(25,1): -0.0011253070831298828
(25,2): -0.03512215614318848
(25,4): -0.060557832717895506
(25,29): -0.11400734901428222
(25,30): -0.02254520893096924
(26,0): -0.03425224304199219
(26,1): -0.14153290271759034
(26,2): -0.0478130578994751
(26,41): -0.008621673583984375
(27,2): 0.02503734588623047
(27,3): 0.16110640048980712
(27,4): -0.024304442405700684
(27,5): 0.02436582088470459
(27,6): -0.07605287551879883
(27,28): -0.1096262550354004
(27,34): 0.02324942111968994
(28,6): -0.005560011863708496
(28,7): -0.05082635402679443
(28,27): 0.019394917488098143
(28,29): 0.09120799541473389
(28,37): 0.07725240230560303
(29,8): -0.0014964962005615235
(29,25): 0.028224787712097167
(29,28): 0.011783366203308105
(29,32): -0.007028346061706543
(30,1): 0.0010854816436767578
(30,25): -0.017004776000976562
(30,38): 0.08209043979644776
(31,3): -0.13873352527618407
(31,39): -0.14978405475616455
(32,13): 0.039418601989746095
(32,15): 0.21176974296569825
(32,17): 0.23472993373870848
(32,18): 0.021594300270080566
(32,21): -0.028323664665222167
(32,29): 0.3409863758087158
(33,13): -0.0013159608840942383
(34,13): -0.06187900066375732
(34,27): 0.013622508049011231
(34,35): -0.02703925609588623
(35,13): 0.0096522855758667
(35,24): -0.10567399501800537
(35,34): -0.015353937149047852
(36,13): -0.032938089370727536
(36,38): -0.01668546199798584
(37,14): -0.033714590072631834
(37,16): 0.1695992136001587
(37,28): 0.08649904727935791
(37,39): -0.07104447364807129
(38,14): 0.05802957534790039
(38,17): -0.18321164608001708
(38,30): 0.014460744857788086
(38,36): -0.033559350967407225
(39,15): 0.1012725591659546
(39,31): -0.12217532634735108
(39,37): -0.12851808071136475
(40,17): 0.011732501983642578
(41,17): 0.054759430885314944
(41,26): -0.06280566215515136
(42,17): 0.01632183074951172
(43,17): 0.05970167636871338
(44,13): 0.02197323799133301
(44,16): 0.08187735557556153
(44,18): -0.04419173717498779
(44,24): -0.038681135177612305
(45,17): 0.19431944370269774
(45,18): -0.016793961524963378
(46,22): -0.014090094566345215
