Interaction name: 5ep7

Affinity: 5.400000095367432
Predicted value: 6.466614723205566

Attributions for edges: 

(0,11): 8.020581537349067e-25
(1,4): 4.5098241179160295e-26
(1,6): 3.619612381966804e-27
(1,11): 1.7722823965416914e-25
(2,3): 1.3153074669785256e-23
(2,6): 3.954481139931201e-26
(2,7): 5.91387326969299e-24
(2,9): 2.2303308573284886e-24
(3,2): 1.3152923997352359e-23
(3,5): 1.310349555075302e-23
(3,6): 3.848784563839274e-26
(3,7): 5.755761089598637e-24
(3,9): 2.170709736188016e-24
(4,1): 4.5015906903665763e-26
(4,6): 1.4268677623510546e-27
(4,8): 1.862455506391986e-28
(4,9): 8.04754726827985e-26
(4,10): 3.103008098143765e-26
(5,3): 1.310329439122219e-23
(5,6): 3.9395300687357253e-26
(5,7): 5.8914913136596066e-24
(5,9): 2.221898525897355e-24
(6,1): 3.588869917822517e-27
(6,2): 3.887578031448682e-26
(6,3): 3.783698300629092e-26
(6,4): 1.4173473128569652e-27
(6,5): 3.872968389113747e-26
(6,7): 1.7012164444104175e-26
(6,8): 1.4848385726592575e-29
(6,9): 6.415913594239375e-27
(6,10): 2.4738570135654045e-27
(6,12): 4.503232868237432e-29
(6,13): 6.744852823165117e-29
(7,2): 5.9008483872868856e-24
(7,3): 5.74317244727312e-24
(7,5): 5.8786506302748715e-24
(7,6): 1.7266889479292786e-26
(7,8): 2.2537873543890915e-27
(7,9): 9.738466181278497e-25
(7,10): 3.7550000955649755e-25
(8,4): 1.8384838174860626e-28
(8,6): 1.4755784607454006e-29
(8,7): 2.206690663529046e-27
(8,9): 8.32227454964768e-28
(8,10): 3.2089146583775283e-28
(8,12): 5.8412571241513045e-30
(8,13): 8.748984400627812e-30
(9,2): 2.2186375721303975e-24
(9,3): 2.159353689026907e-24
(9,4): 8.088789286183354e-26
(9,5): 2.2102914237531592e-24
(9,6): 6.492111856931089e-27
(9,7): 9.708829663145475e-25
(9,8): 8.473995458806618e-28
(9,10): 1.411828306378571e-25
(10,4): 3.1085171822310856e-26
(10,6): 2.494905694520607e-27
(10,7): 3.7310981031748446e-25
(10,8): 3.256539054042336e-28
(10,9): 1.40713963763268e-25
(11,0): 7.994434249607451e-25
(11,1): 1.7740477193361563e-25
(12,6): 4.4876280208630345e-29
(12,8): 5.8576354280006335e-30
(13,6): 6.729483902208907e-29
(13,8): 8.7838301909263e-30
