Interaction name: 5nz2

Affinity: 5.03000020980835
Predicted value: 5.946432113647461

Shapley values for edges: 

(0,11): -0.021036348342895507
(0,22): -0.005642890930175781
(1,11): 0.024059453010559083
(1,17): -0.007574567794799805
(1,21): -0.012366433143615723
(1,22): 0.0035315752029418945
(2,3): 0.017263097763061522
(2,4): 0.03256350040435791
(2,17): -0.007175931930541992
(2,18): -0.01987349510192871
(2,19): 0.04178592681884766
(2,20): -0.005360403060913086
(2,21): -0.003606243133544922
(2,22): 0.00028955936431884766
(3,2): -0.010747742652893067
(3,4): 0.03603963851928711
(3,12): -0.03137717247009277
(3,17): -0.006024937629699707
(3,18): -0.013088164329528808
(3,19): 0.0260941743850708
(3,20): -0.029627346992492677
(3,21): -0.004121599197387696
(4,2): -0.007844390869140625
(4,3): 0.030077075958251952
(4,5): 0.016834840774536133
(4,6): 0.008722224235534669
(4,12): -0.03324800968170166
(4,13): 0.01650726318359375
(4,14): -0.009015979766845704
(4,17): 0.004370298385620117
(4,18): -0.013796801567077637
(4,19): 0.03553422927856445
(4,20): -0.011177582740783691
(4,21): -0.0004127264022827148
(4,22): 0.0046459054946899414
(5,4): 0.02598854064941406
(5,6): 0.00194549560546875
(5,8): 0.0089841890335083
(5,13): 0.017084145545959474
(5,14): -0.011023468971252441
(5,16): 0.003923110961914063
(5,19): 0.027447280883789064
(5,21): -0.013521661758422851
(6,4): 0.04616542339324951
(6,5): 0.03023449897766113
(6,8): 0.016960296630859375
(6,9): 0.019874186515808107
(6,13): 0.018429832458496095
(6,16): 0.005062117576599121
(6,19): 0.04935720443725586
(6,21): -0.0018198251724243163
(6,22): 0.011543374061584472
(7,8): 0.014101505279541016
(7,9): 0.01643209934234619
(7,13): 0.018966150283813477
(7,16): 0.0012632131576538086
(7,22): -0.00856710433959961
(8,5): 0.006284208297729492
(8,6): 0.004775700569152832
(8,7): -0.010783238410949707
(8,9): 0.033432569503784176
(8,13): 0.020767884254455568
(8,14): -0.004285879135131836
(8,15): -0.025101017951965333
(8,22): 0.0012949895858764648
(9,6): 0.004736027717590332
(9,7): 0.003599090576171875
(9,8): 0.018827285766601563
(9,10): -0.014554376602172852
(9,13): 0.01628547191619873
(9,14): -0.004781112670898437
(9,15): -0.02399045944213867
(9,16): 0.007250003814697266
(9,21): -0.009611892700195312
(9,22): 0.0058465242385864254
(10,9): 0.02407438278198242
(10,19): 0.03627042293548584
(10,21): -0.011575212478637695
(10,22): 0.007688026428222656
(11,0): 0.00448122501373291
(11,1): -0.0022528982162475586
(11,23): 0.017407946586608887
(12,3): -0.012441244125366211
(12,4): 0.03958768844604492
(12,17): -0.005085806846618652
(12,18): -0.04787417411804199
(12,19): 0.016497669219970704
(12,20): -0.09092478275299072
(13,4): 0.019865922927856446
(13,5): -0.01128457546234131
(13,6): 0.014138145446777344
(13,7): -0.026623096466064453
(13,8): -0.0077697324752807615
(13,9): -0.0060155391693115234
(13,14): -0.02334895610809326
(13,15): -0.018241052627563478
(13,16): -0.001806154251098633
(13,19): 0.0006145238876342773
(14,4): -0.05546351909637451
(14,5): -0.06286527156829834
(14,8): -0.03890620708465576
(14,9): -0.033511786460876464
(14,13): -0.03218329906463623
(14,16): -0.013462157249450683
(14,19): -0.06689091682434083
(15,8): -0.04995135307312012
(15,9): -0.02400991439819336
(15,13): -0.04127268791198731
(15,16): -0.018913798332214356
(16,5): -0.06334654331207275
(16,6): -0.03141775608062744
(16,7): -0.05294730663299561
(16,9): -0.037863874435424806
(16,13): -0.032552995681762696
(16,14): -0.04792320728302002
(16,15): -0.04035286426544189
(17,1): -0.02714608669281006
(17,2): -0.015657949447631835
(17,3): -0.020510706901550293
(17,4): -0.01983908176422119
(17,12): -0.0017013788223266602
(17,18): 0.01955211639404297
(17,19): -0.006279792785644531
(17,20): 0.027159361839294432
(17,24): -0.014954838752746582
(17,25): 0.02345862865447998
(18,2): -0.019453401565551757
(18,3): -0.0368685245513916
(18,4): -0.020242328643798827
(18,12): -0.00448509693145752
(18,17): 0.01956517219543457
(18,19): -0.003183636665344238
(18,20): 0.009001150131225585
(18,26): -0.02648723602294922
(18,27): 0.01639533996582031
(19,2): -0.026799845695495605
(19,3): -0.037430496215820314
(19,4): -0.03103424549102783
(19,5): -0.015140590667724609
(19,6): -0.025036911964416503
(19,10): -0.04385996818542481
(19,12): -0.014391312599182129
(19,13): 0.00042286872863769534
(19,14): -0.017168612480163575
(19,17): 0.0063906717300415035
(19,18): 0.02821263313293457
(19,20): 0.011169605255126953
(20,2): -0.0130145263671875
(20,3): -0.029574804306030274
(20,4): -0.015392532348632812
(20,12): -0.002873525619506836
(20,17): 0.018473200798034668
(20,18): 0.025166902542114258
(20,19): 0.00031445503234863283
(20,28): 0.007824583053588867
(21,1): 0.03204357624053955
(21,2): 0.000855560302734375
(21,3): 0.05327813148498535
(21,4): 0.05226966381072998
(21,5): 0.032945284843444826
(21,6): 0.014868683815002441
(21,9): 0.026165642738342286
(21,10): -0.0026593780517578124
(21,23): -0.01519622802734375
(22,0): 0.004913263320922852
(22,1): 0.004035129547119141
(22,2): -0.011557350158691406
(22,4): 0.03728442668914795
(22,6): 0.0055249595642089845
(22,7): 0.004473285675048828
(22,8): 0.015343894958496094
(22,9): 0.021441850662231445
(22,10): -0.02179607391357422
(22,26): -0.03455662727355957
(23,11): -0.005083837509155273
(23,21): 0.0324729585647583
(24,17): -0.0197177791595459
(25,17): 0.02762214183807373
(25,27): 0.0030367040634155275
(25,28): -0.006094403266906738
(26,18): -0.015404772758483887
(26,22): -0.043633556365966795
(27,18): 0.03700220584869385
(27,25): 0.006001853942871093
(27,28): -0.016960501670837402
(28,20): 0.006647658348083496
(28,25): -0.007785797119140625
(28,27): -0.006076807975769043
