Interaction name: 5jnl

Affinity: 6.570000171661377
Predicted value: 6.894072532653809

Attributions for edges: 

(0,1): 4.670031907005102e-27
(0,5): 2.684443730733295e-28
(0,9): 2.5824204808242977e-29
(0,10): 4.4023066159876957e-29
(0,18): 8.683727689006433e-27
(0,26): 3.018860675162389e-26
(0,27): 1.0359496281801277e-26
(0,28): 1.3394323532500219e-26
(0,30): 1.1615768828945405e-26
(0,31): 2.660641403291856e-26
(0,32): 1.0928876669815964e-26
(1,0): 4.683376290403772e-27
(1,9): 6.962249989728225e-29
(1,26): 8.138869011415662e-26
(1,27): 2.792927214121598e-26
(1,28): 3.611160245812866e-26
(1,31): 7.173133781590037e-26
(1,32): 2.9464324588554113e-26
(1,33): 8.756080562933986e-26
(2,3): 5.685835768706555e-26
(2,4): 4.34551764175651e-26
(2,7): 3.0033438427864497e-25
(2,8): 1.4586741949375385e-25
(2,10): 2.4102608808717935e-28
(2,18): 4.754355591094988e-26
(2,26): 1.6528311061208628e-25
(2,28): 7.33341429379381e-26
(2,29): 7.899513821629634e-26
(2,30): 6.359628368651856e-26
(2,31): 1.4567056172004628e-25
(2,32): 5.983577758835417e-26
(2,33): 1.7781740781680444e-25
(3,2): 5.687462178025991e-26
(3,4): 4.769796618868316e-26
(3,6): 3.324918799976236e-25
(3,8): 1.6010930473543605e-25
(3,10): 2.6455892978114977e-28
(3,18): 5.218571884128772e-26
(3,26): 1.8142001231143236e-25
(3,28): 8.049450395213696e-26
(3,29): 8.670790524235204e-26
(3,30): 6.980583927982068e-26
(3,31): 1.5989261450553315e-25
(3,32): 6.567765004411344e-26
(3,33): 1.9517726578637269e-25
(4,2): 4.3437112735430704e-26
(4,3): 4.7664858682567166e-26
(4,6): 2.539355333339048e-25
(4,7): 2.517720329975296e-25
(4,10): 2.0205354751154257e-28
(4,11): 6.79832325880549e-29
(4,18): 3.9856032433861256e-26
(4,26): 1.3855725502624868e-25
(4,29): 6.622206883930491e-26
(4,30): 5.331332771256712e-26
(4,31): 1.221164446631662e-25
(4,32): 5.016066975675463e-26
(4,33): 1.4906532601805175e-25
(5,0): 2.6714904074098325e-28
(5,9): 3.9714048430666564e-30
(6,3): 3.3426854266760106e-25
(6,4): 2.554706566554649e-25
(6,7): 1.765656482627804e-24
(6,8): 8.575499824669999e-25
(6,10): 1.4169849491379288e-27
(6,18): 2.7950601584238473e-25
(7,2): 3.0201754227945044e-25
(7,4): 2.532863747646178e-25
(7,6): 1.7655959375533283e-24
(7,8): 8.5021781617581e-25
(7,10): 1.404869501636772e-27
(7,18): 2.7711727106566564e-25
(8,2): 1.4637296840043572e-25
(8,3): 1.6061888422830553e-25
(8,6): 8.557036535183301e-25
(8,7): 8.484164522987379e-25
(8,10): 6.8087083545481125e-28
(8,11): 2.2908770577028467e-28
(8,18): 1.343050359021229e-25
(9,0): 2.552723844788062e-29
(9,1): 6.86257709657511e-29
(9,5): 3.944770209947081e-30
(9,10): 6.469108405230582e-31
(9,11): 2.17660576039218e-31
(9,12): 1.1683693504235354e-30
(9,18): 1.2760673754831612e-28
(9,35): 2.5885047643525154e-30
(9,36): 3.9257053842886085e-30
(9,45): 5.740107245856268e-31
(10,0): 4.35846041339129e-29
(10,2): 2.3744961210632795e-28
(10,3): 2.6055867699016026e-28
(10,4): 1.9913815902116423e-28
(10,6): 1.3881368296869412e-27
(10,7): 1.3763100790844481e-27
(10,8): 6.684508502811982e-28
(10,9): 6.479233643370825e-31
(10,11): 3.7163136351811537e-31
(10,12): 1.9948462629499565e-30
(10,18): 2.1787275088875044e-28
(10,35): 4.41955106169053e-30
(10,36): 6.702656751326531e-30
(10,37): 1.0829384458984288e-29
(10,43): 1.0635655466804929e-29
(10,45): 9.800599514387563e-31
(11,4): 6.679254445553072e-29
(11,8): 2.2420554558363594e-28
(11,9): 2.1731876579188588e-31
(11,10): 3.7046785920967147e-31
(11,12): 6.69092748061493e-31
(11,13): 1.8807145541828566e-32
(11,14): 1.6723227746097593e-30
(11,18): 7.307628812214511e-29
(11,19): 1.350536861954929e-31
(11,22): 4.100486347928192e-31
(11,25): 1.7931688600889822e-30
(11,37): 3.6322632500295624e-30
(11,38): 8.953621980382801e-31
(11,46): 1.2194994990628342e-30
(12,9): 1.1721639402275378e-30
(12,10): 1.9981974562848288e-30
(12,11): 6.723216429641057e-31
(12,13): 1.0144035470406855e-31
(12,14): 9.020030452277703e-30
(12,18): 3.9415552611094462e-28
(12,19): 7.284464200802744e-31
(12,22): 2.2117016488687483e-30
(12,25): 9.671913351786096e-30
(12,35): 7.995450015875e-30
(13,11): 1.8705973681789168e-32
(13,12): 1.0041010443523386e-31
(13,14): 2.5096385914066946e-31
(13,15): 8.21629629327691e-33
(13,18): 1.0966570856335421e-29
(13,19): 2.0267532703516143e-32
(13,21): 1.6909110078386343e-32
(13,22): 6.153607132063101e-32
(13,25): 2.6910114922668194e-31
(13,35): 2.2245534696656104e-31
(13,37): 5.450902251514422e-31
(13,38): 1.3436612779475345e-31
(13,44): 3.526113241944094e-31
(13,45): 4.93306960095883e-32
(13,47): 2.738377566935463e-31
(14,11): 1.6848219471013748e-30
(14,12): 9.043941323927102e-30
(14,13): 2.542089993752105e-31
(14,15): 7.400364182211899e-31
(14,19): 1.825483293832635e-30
(14,20): 5.198810529054025e-30
(14,21): 1.5229924861796031e-30
(14,22): 5.542513792488694e-30
(15,13): 8.241346077892933e-33
(15,14): 7.328167199975355e-31
(15,16): 6.289930975169488e-32
(15,17): 6.296727801055378e-31
(15,19): 5.918137393430959e-32
(15,20): 1.6854316760211463e-31
(15,21): 4.937475353785712e-32
(15,22): 1.7968451481415178e-31
(15,23): 7.327800210639028e-32
(15,24): 1.7073166771964504e-31
(15,25): 7.857717060670508e-31
(15,39): 6.215492207656491e-31
(15,40): 5.318582494815241e-31
(16,15): 6.307422918856899e-32
(16,17): 1.655439290308221e-30
(16,20): 4.431045233531966e-31
(16,21): 1.2980756070226461e-31
(16,23): 1.9264981783564233e-31
(16,24): 4.488581450225054e-31
(16,39): 1.6340571421063116e-30
(16,41): 1.2345430996064656e-30
(17,15): 6.3560465373820525e-31
(17,16): 1.6663751493527908e-30
(17,20): 4.4651703987736256e-30
(17,21): 1.3080725281995532e-30
(17,23): 1.9413496090835823e-30
(17,24): 4.523184900608176e-30
(18,0): 8.728630360473832e-27
(18,2): 4.75533488795311e-26
(18,3): 5.218153418070456e-26
(18,4): 3.98808199226175e-26
(18,6): 2.779992668615093e-25
(18,7): 2.756307366454865e-25
(18,8): 1.3386975724576392e-25
(18,9): 1.2975873555698796e-28
(18,10): 2.212007578326516e-28
(18,11): 7.44255464929342e-29
(18,12): 3.9950520579159335e-28
(18,13): 1.1229463303009817e-29
(19,11): 1.3508667056697698e-31
(19,12): 7.25125084301913e-31
(19,13): 2.0382127239673992e-32
(19,14): 1.8123553729226516e-30
(19,15): 5.93346348877698e-32
(19,20): 4.168302027620351e-31
(19,21): 1.2211049422274133e-31
(19,22): 4.443875989470062e-31
(19,24): 4.222459403351435e-31
(19,25): 1.9433355362596355e-30
(19,40): 1.3153579600673056e-30
(19,44): 2.5464105937682135e-30
(20,14): 5.176922636162618e-30
(20,15): 1.6948706605593791e-31
(20,16): 4.443435884385114e-31
(20,17): 4.4482714919862044e-30
(20,19): 4.180786718021564e-31
(20,21): 3.4880387448220898e-31
(20,22): 1.2693662263738692e-30
(20,23): 5.176702677659692e-31
(20,24): 1.2061199283222269e-30
(20,25): 5.551019105373956e-30
(20,45): 1.0175937681791561e-30
(21,13): 1.6996026130686143e-32
(21,14): 1.5112674472476651e-30
(21,15): 4.947732129743812e-32
(21,16): 1.297154842297647e-31
(21,17): 1.2985665404833236e-30
(21,19): 1.2204901586819332e-31
(21,20): 3.4758185406498114e-31
(21,22): 3.705611229314657e-31
(21,23): 1.5112031947264492e-31
(21,24): 3.520978682619702e-31
(21,25): 1.6204874233995152e-30
(21,45): 2.9706446712087898e-31
(21,47): 1.6490231600227887e-30
(22,11): 4.114525512058933e-31
(22,12): 2.2086325741780734e-30
(22,13): 6.208072487314101e-32
(22,14): 5.520147426376728e-30
(22,15): 1.8072387516420534e-31
(22,19): 4.458036934815548e-31
(22,20): 1.2696082841705905e-30
(22,21): 3.719320079532817e-31
(22,24): 1.2860940752233588e-30
(22,25): 5.9190914011361995e-30
(22,40): 4.0063717563030526e-30
(23,15): 7.351542845536937e-32
(23,16): 1.9273655756378951e-31
(23,17): 1.9294631982871635e-30
(23,20): 5.164512801241665e-31
(23,21): 1.5129566796495708e-31
(23,24): 5.2315733433628556e-31
(23,42): 1.325644193913837e-30
(23,46): 1.6374890213734243e-30
(24,15): 1.716957023916979e-31
(24,16): 4.501373179750702e-31
(24,17): 4.506237469413953e-30
(24,19): 4.235300033442078e-31
(24,20): 1.2061750354973934e-30
(24,21): 3.5334920550830755e-31
(24,22): 1.2859076888390924e-30
(24,23): 5.244121510459013e-31
(24,45): 1.0308699894564392e-30
(24,47): 5.7223794744921946e-30
(25,11): 1.806929479078352e-30
(25,12): 9.699328513154617e-30
(25,13): 2.7263287498395347e-31
(25,15): 7.936646334153081e-31
(25,19): 1.9577856532154237e-30
(25,20): 5.5755954008654675e-30
(25,21): 1.633371593800912e-30
(25,22): 5.944162344650537e-30
(26,0): 3.0443837150829906e-26
(26,1): 8.184324655888694e-26
(26,2): 1.6585789438915294e-25
(26,3): 1.8200018252936748e-25
(26,4): 1.3909688518922643e-25
(27,0): 1.0413976217696126e-26
(27,1): 2.799636845899052e-26
(27,28): 8.029761536355027e-26
(27,45): 2.341708126725059e-28
(28,0): 1.347550533151603e-26
(28,1): 3.6226671379701953e-26
(28,2): 7.341419999386639e-26
(28,3): 8.055901182006624e-26
(28,27): 8.03607365619196e-26
(28,45): 3.030129859416332e-28
(29,2): 7.91000752056182e-26
(29,3): 8.679857494264588e-26
(29,4): 6.63376123100165e-26
(29,30): 9.708453228582265e-26
(29,37): 3.607523319705885e-27
(30,0): 1.1680909942640403e-26
(30,2): 6.363753864667129e-26
(30,3): 6.98308732876098e-26
(30,4): 5.336968812645966e-26
(30,29): 9.701826796978409e-26
(30,32): 7.348761336185852e-26
(30,43): 2.850413102955047e-27
(31,0): 2.6820922569380456e-26
(31,1): 7.210363085935812e-26
(31,2): 1.4612026173982883e-25
(31,3): 1.6034034237305265e-25
(31,4): 1.225438963402312e-25
(31,32): 1.68736669699434e-25
(32,0): 1.0988572794372191e-26
(32,1): 2.954096735587699e-26
(32,2): 5.986592070309976e-26
(32,3): 6.569193582206893e-26
(32,4): 5.020642985223327e-26
(32,30): 7.34772349105742e-26
(32,31): 1.6830210594827038e-25
(32,43): 2.6814670615594986e-27
(33,1): 8.806999685473256e-26
(33,2): 1.7847589713148604e-25
(33,3): 1.9584625681185504e-25
(33,4): 1.4967901049850712e-25
(35,9): 2.6029217793873845e-30
(35,10): 4.437254947009394e-30
(35,12): 8.014015679612339e-30
(35,13): 2.2526139304129594e-31
(36,9): 3.952331365769762e-30
(36,10): 6.737571754732395e-30
(37,10): 1.0900005902632537e-29
(37,11): 3.667460748237816e-30
(37,13): 5.5334896634167535e-31
(37,29): 3.572451750232605e-27
(38,11): 9.004932778993934e-31
(38,13): 1.3586703424671387e-31
(38,40): 8.768162449902156e-30
(38,43): 2.577106418810558e-29
(39,15): 6.273854561779337e-31
(39,16): 1.644826551150805e-30
(39,46): 1.3974439342914412e-29
(40,15): 5.366024976616688e-31
(40,19): 1.3236633448733794e-30
(40,22): 4.018892557890723e-30
(40,38): 8.775456909566522e-30
(41,16): 1.2416937728018396e-30
(42,23): 1.3324174864028231e-30
(43,10): 1.0704034255310906e-29
(43,30): 2.8243498782036433e-27
(43,32): 2.6573132037549606e-27
(43,38): 2.586995467221879e-29
(44,13): 3.5752804090570675e-31
(44,19): 2.56741996920159e-30
(45,9): 5.746768067045767e-31
(45,10): 9.796562396589099e-31
(45,13): 4.97335379236151e-32
(45,20): 1.0170969572467246e-30
(45,21): 2.9795650276394398e-31
(45,24): 1.0302959720550456e-30
(45,27): 2.3053330878654173e-28
(45,28): 2.9807061637009807e-28
(45,46): 3.224839164983711e-30
(46,11): 1.2275272791230178e-30
(46,23): 1.6468230107562416e-30
(46,39): 1.3968363635792977e-29
(46,45): 3.2372140171927836e-30
(47,13): 2.774570332700671e-31
(47,21): 1.6622609191249128e-30
(47,24): 5.747933405125398e-30
