Interaction name: 5kr0

Affinity: 9.149999618530273
Predicted value: 9.118529319763184

Shapley values for edges: 

(0,1): -0.0038355541229248046
(0,5): 0.032723193168640134
(0,6): -0.050842065811157224
(0,9): 0.014722275733947753
(0,10): 0.014013233184814454
(0,11): -0.01155271053314209
(0,21): 0.03321385860443115
(0,24): 0.02781230926513672
(0,30): -0.0013401174545288085
(0,31): 0.05231161117553711
(1,0): 0.0068613624572753905
(1,6): -0.05814129829406738
(1,10): 0.002614450454711914
(1,11): 0.015019512176513672
(1,12): -0.023270955085754396
(1,13): -0.08225285530090332
(1,28): 0.025740733146667482
(1,30): 0.06549475193023682
(2,6): -0.042472853660583496
(2,12): -0.019478106498718263
(2,13): -0.06792225837707519
(2,29): -0.043561463356018064
(2,30): -0.13608420848846436
(3,4): -0.046603212356567385
(3,12): -0.00040251731872558593
(3,13): -0.06217557430267334
(3,15): 0.01795511245727539
(3,18): 0.036544384956359866
(3,22): -0.0003629779815673828
(3,25): 0.011871752738952636
(3,28): 0.04610159397125244
(3,29): 0.09294820308685303
(3,30): 0.021538758277893068
(4,3): -0.014663805961608887
(4,15): -0.0049743461608886715
(4,18): 0.028178858757019042
(4,19): -0.020781025886535645
(4,25): 0.009195709228515625
(4,29): 0.10554889678955078
(5,0): -0.015510010719299316
(5,9): -0.021633930206298828
(5,10): -0.03003431797027588
(5,11): -0.03238403797149658
(5,21): -0.06517525672912598
(5,31): 0.0077289724349975586
(6,0): 0.0009764480590820312
(6,1): -0.004471044540405273
(6,2): 0.1353606128692627
(6,8): 0.06356114864349366
(6,11): 0.03287691593170166
(6,12): 0.060031986236572264
(6,13): 0.07244840621948243
(6,22): 0.045634613037109376
(6,24): 0.05884011745452881
(6,28): 0.017351360321044923
(6,32): 0.01796104907989502
(7,15): 0.0002957439422607422
(7,16): -0.002646064758300781
(7,17): -0.0038890695571899415
(7,18): -0.00754145622253418
(7,26): -0.0492438268661499
(8,6): 0.08171415805816651
(8,12): 0.010931816101074219
(8,13): -0.07332932472229003
(9,0): -0.051790452003479
(9,5): -0.05255825519561767
(9,10): -0.029688053131103516
(9,11): -0.020413169860839842
(9,21): -0.0075778341293334965
(9,33): 0.01441248893737793
(9,42): 0.015190863609313964
(10,0): -0.036061305999755856
(10,1): -0.01650904655456543
(10,5): 0.0022462320327758787
(10,9): -0.018257551193237305
(10,11): -0.02116942882537842
(10,21): -0.02028691291809082
(10,34): 0.009698748588562012
(10,35): 0.012511286735534668
(10,44): 0.011330280303955078
(11,0): -0.058871493339538575
(11,1): -0.02120485782623291
(11,5): -0.004913020133972168
(11,6): 0.0343672513961792
(11,9): -0.026414036750793457
(11,10): -0.021089510917663576
(11,21): -0.0044666147232055664
(11,38): -0.04563570022583008
(11,45): 0.008977313041687012
(11,46): 0.06626963138580322
(12,1): 0.008270578384399414
(12,2): -0.035128917694091794
(12,3): -0.028740816116333008
(12,6): 0.038969416618347165
(12,8): -0.03697867393493652
(12,13): 0.013207592964172364
(12,14): -0.009340586662292481
(12,28): 0.04225329875946045
(12,38): -0.04992692947387695
(12,48): 0.00036027431488037107
(12,50): -0.017440757751464843
(12,51): -0.018675570487976075
(12,52): 0.0025655317306518557
(13,1): -0.012743415832519532
(13,2): -0.0001656198501586914
(13,3): -0.02475414752960205
(13,6): -0.0017578887939453125
(13,8): -0.002405195236206055
(13,12): 0.014573249816894531
(13,22): 0.02986091613769531
(13,23): 0.010816311836242676
(13,24): 0.01805043697357178
(13,27): 0.056416473388671874
(13,28): -0.015095376968383789
(13,35): 0.03217074394226074
(13,36): 0.05989924907684326
(13,46): 0.05274945259094238
(14,12): -0.031526436805725096
(14,19): -0.08374808311462402
(14,20): -0.075017409324646
(14,38): 0.010204973220825196
(14,40): 0.0646080207824707
(14,45): 0.04678940296173096
(14,49): 0.06338747978210449
(14,50): -0.023159370422363282
(15,3): -0.014082255363464356
(15,4): -0.006372599601745605
(15,7): 0.10758028984069824
(15,16): -0.07503794193267822
(15,17): 0.01783559799194336
(15,18): 0.012284274101257325
(15,25): 0.012269349098205566
(15,26): 0.027196269035339355
(15,38): -0.010803384780883789
(15,48): 0.010427699089050294
(16,7): 0.030698671340942382
(16,15): -0.0042842674255371095
(16,17): 6.761550903320312e-06
(16,18): 0.018485150337219237
(16,25): 0.014921197891235352
(16,26): -0.005328869819641114
(16,48): 0.01790524959564209
(16,49): 0.0167122220993042
(16,50): 0.0002610588073730469
(16,51): -0.026349596977233887
(17,7): 0.016435327529907225
(17,15): 0.01801873207092285
(17,16): -0.03259096145629883
(17,18): 0.0037257909774780274
(17,25): -0.004012203216552735
(17,26): -0.0038067007064819334
(17,39): 0.010064420700073242
(17,51): 0.024933667182922364
(18,3): -0.0087784481048584
(18,4): -0.0196966552734375
(18,7): 0.05974375724792481
(18,15): 0.005862736701965332
(18,16): -0.009302453994750976
(18,17): -0.020644574165344237
(18,25): -0.02238752841949463
(18,26): 0.029291777610778807
(18,35): 0.01779104709625244
(18,41): 0.023443150520324706
(19,4): 0.01422529697418213
(19,14): -0.06621094703674317
(19,20): -0.02361717700958252
(19,34): 0.058593730926513675
(19,35): 0.0348395586013794
(19,37): 0.07073029041290284
(19,51): 0.04233832836151123
(20,14): -0.04465120792388916
(20,19): -0.014362673759460449
(20,40): 0.03659465789794922
(20,41): 0.043359723091125485
(20,42): 0.04443471431732178
(20,47): 0.05345541954040527
(21,0): -0.032647104263305665
(21,5): -0.04364034652709961
(21,9): -0.014919414520263671
(21,10): -0.04948668479919434
(21,11): 0.008522028923034669
(21,42): 0.01019625186920166
(21,43): 0.012085003852844238
(21,45): 0.025145139694213867
(21,52): -0.014442510604858398
(22,3): -0.002600688934326172
(22,6): 0.03215384483337402
(22,13): -0.03400602340698242
(22,23): 0.02892582893371582
(22,24): 0.011074571609497071
(22,27): 0.005177807807922363
(22,28): -0.026381478309631348
(22,37): 0.03220957279205322
(22,38): -0.0016066837310791016
(22,50): -0.011787571907043458
(23,13): -0.05012709140777588
(23,22): 0.032415947914123534
(23,24): -0.013550467491149902
(23,27): 0.029737443923950196
(23,28): -0.0034257793426513672
(23,42): 0.024354028701782226
(23,45): 0.00632072925567627
(24,0): -0.02267347812652588
(24,6): 0.027677111625671387
(24,13): -0.047993769645690916
(24,22): 0.006765356063842773
(24,23): 0.026076531410217284
(24,27): 0.04577867031097412
(24,28): -0.012999300956726073
(24,36): 0.01114565372467041
(24,38): -0.008924880027770997
(24,52): 0.028662800788879395
(25,3): -0.032834649085998535
(25,4): -0.04723504066467285
(25,15): -0.0030156660079956057
(25,16): -0.023709173202514647
(25,17): -0.004805426597595214
(25,18): -0.04489770889282227
(25,26): 0.02863875389099121
(25,52): 0.00044380664825439454
(26,7): -0.05422310829162598
(26,15): -0.047176356315612795
(26,16): -0.08149585723876954
(26,17): -0.06052483081817627
(26,18): -0.036238880157470704
(26,25): -0.013654170036315917
(27,13): -0.04569381713867188
(27,22): -0.017650461196899413
(27,23): 0.00521815299987793
(27,24): -0.002087082862854004
(27,28): -0.012799320220947265
(27,46): 0.01803689479827881
(28,1): 0.021376233100891113
(28,3): -0.039339146614074706
(28,6): 0.007299389839172363
(28,12): 0.01276308536529541
(28,13): -0.04452770233154297
(28,22): -0.009494423866271973
(28,23): 0.0015226316452026367
(28,24): -0.008072509765625
(28,27): 0.020327773094177246
(29,2): 0.02105721950531006
(29,3): 0.07272367000579834
(29,4): 0.16271930694580078
(30,0): 0.05210814952850342
(30,1): 0.07589565753936768
(30,2): -0.003519926071166992
(30,3): 0.0448048734664917
(30,51): 0.01939957618713379
(31,0): 0.006203994750976562
(31,5): 0.03387609481811524
(31,42): -0.06249356269836426
(32,6): 0.07842949390411377
(32,36): 0.06696887969970704
(32,52): 0.029960427284240723
(33,9): 0.031127514839172362
(33,44): 0.01358290672302246
(34,10): -0.00022514820098876954
(34,19): 0.017954401969909668
(35,10): 0.0014066791534423828
(35,13): -0.01890199661254883
(35,18): 0.015113134384155274
(35,19): 0.02382944107055664
(35,47): 0.015254526138305665
(36,13): -0.01059497356414795
(36,24): 0.029590330123901366
(36,32): -0.0952651071548462
(37,19): -0.011243724822998047
(37,22): 0.03525068759918213
(37,48): -0.03733423709869385
(38,11): 0.055038166046142575
(38,12): -0.006775779724121094
(38,14): -0.0005065441131591797
(38,15): 0.037339086532592776
(38,22): 0.01773890495300293
(38,24): 0.023779354095458984
(38,49): 0.03210333347320557
(39,17): 0.009504785537719726
(39,50): -0.048589186668396
(40,14): 0.006268138885498047
(40,20): -0.0016690731048583985
(40,41): 0.03300232887268066
(41,18): 0.018242545127868652
(41,20): 0.006832590103149414
(41,40): 0.03275688171386719
(41,47): 0.04646337985992432
(42,9): 0.05645392417907715
(42,20): -0.004089136123657227
(42,21): 0.030946035385131836
(42,23): 0.005280089378356933
(42,31): -0.07696042537689209
(43,21): 0.004383416175842285
(43,44): 0.02514019012451172
(44,10): -0.01757537841796875
(44,33): 0.013839144706726075
(44,43): 0.020588388442993166
(45,11): 0.03178143501281738
(45,14): -0.0037945127487182618
(45,21): 0.007865853309631347
(45,23): 0.0038257408142089843
(46,11): 0.00919288158416748
(46,13): -0.054831199645996094
(46,27): 0.007776360511779785
(47,20): 0.02127647876739502
(47,35): -0.022823052406311037
(47,41): 0.023250570297241212
(48,12): 0.0017886829376220703
(48,15): 0.055670003890991214
(48,16): 0.02221867084503174
(48,37): -0.009148812294006348
(48,50): 0.020953865051269532
(49,14): 0.01665996551513672
(49,16): 0.013197202682495118
(49,38): -0.04616225242614746
(50,12): 0.004717378616333008
(50,14): 0.004837689399719239
(50,16): 0.02251199245452881
(50,22): 0.005068445205688476
(50,39): 0.004743084907531738
(50,48): 0.019428586959838866
(51,12): -0.014548416137695313
(51,16): 0.031245388984680177
(51,17): 0.03784711360931396
(51,19): -0.0002595806121826172
(51,30): -0.0661881685256958
(52,12): -0.002277064323425293
(52,21): 0.019664626121520996
(52,24): 0.03958203315734863
(52,25): 0.032428412437438964
(52,32): -0.08969746589660645
