Interaction name: 5nu1

Affinity: 9.0
Predicted value: 7.554725646972656

Shapley values for edges: 

(0,1): 0.0025664043426513673
(0,6): 0.006171321868896485
(0,7): -0.007343778610229492
(0,9): 0.000752410888671875
(0,24): -0.0005147457122802734
(0,26): -0.008758010864257813
(0,32): 0.008322114944458009
(1,0): 0.0010654449462890625
(1,6): 0.0031149101257324217
(1,7): -0.008884458541870118
(1,9): 0.0012427425384521483
(1,24): -0.005042142868041992
(1,26): -0.006318206787109375
(1,32): 0.013251314163208008
(1,33): 0.010238714218139648
(2,5): -0.0017122459411621094
(2,8): -0.005468482971191406
(2,10): 0.003939418792724609
(2,17): -0.0022487640380859375
(2,25): 0.0009390735626220704
(2,28): -0.00812809944152832
(2,33): 0.016977691650390626
(3,5): -0.001476726531982422
(3,13): 0.00894923210144043
(3,14): 0.01242600440979004
(3,17): -0.001303415298461914
(3,29): 0.009340648651123046
(3,30): 0.009123830795288087
(4,11): 0.009872636795043944
(4,17): 0.00044160842895507813
(4,18): 0.011072216033935546
(4,21): 0.008833885192871094
(5,2): 0.0009646892547607421
(5,3): -0.002106914520263672
(5,8): 0.0011049747467041016
(5,10): 0.004275064468383789
(5,17): 0.00020249366760253907
(5,25): 0.0013022613525390625
(5,31): 0.0055612468719482425
(5,34): 0.0028273963928222654
(6,0): 0.007291345596313476
(6,1): 0.007190332412719726
(6,7): 0.0008507156372070312
(6,9): -0.0007209968566894531
(6,26): 0.0019118118286132813
(6,35): 0.0007430458068847656
(6,44): -0.0009881019592285155
(6,47): 0.0005789470672607422
(6,50): 0.001804656982421875
(6,51): -0.0004059791564941406
(6,53): 0.001160135269165039
(6,54): 0.0006856441497802735
(7,0): 0.0043885231018066405
(7,1): 0.0044209003448486325
(7,6): 0.0012667751312255859
(7,9): 0.003367500305175781
(7,24): 0.002124052047729492
(7,26): 0.0028843021392822264
(7,36): 0.007939300537109374
(8,2): 0.009668760299682617
(8,5): 0.00013349533081054687
(8,9): 0.0006851100921630859
(8,10): 0.0008295726776123047
(8,24): 0.0005649566650390625
(8,25): 0.0003337383270263672
(8,26): 0.002158699035644531
(8,28): 0.0031060791015625
(8,52): 0.0023308086395263674
(8,53): 0.0025006866455078124
(8,56): -0.00029126167297363284
(9,0): 0.005997467041015625
(9,1): 0.010420103073120118
(9,6): 0.0015842056274414063
(9,7): 0.0023223400115966798
(9,8): 0.00022125244140625
(9,10): -0.0008179283142089843
(9,24): 0.0017623519897460938
(9,25): 0.0010935020446777343
(9,26): 0.0014427947998046876
(9,28): 0.0026265239715576173
(9,37): 0.006258440017700195
(9,47): 0.0016805076599121095
(9,50): 0.0032489776611328127
(9,54): 0.0003905487060546875
(9,56): -0.0004568004608154297
(10,2): 0.008641328811645508
(10,5): 0.001882448196411133
(10,8): 0.0014097118377685547
(10,9): 0.000643167495727539
(10,24): 0.001545419692993164
(10,25): 0.0005279350280761719
(10,28): 0.0025926494598388673
(10,38): 0.009146842956542969
(10,44): 0.0009896278381347657
(10,53): 0.002848911285400391
(11,4): 0.006602792739868164
(11,12): 0.001024618148803711
(11,14): 0.0013467693328857422
(11,18): 0.000245513916015625
(11,19): 0.00032340049743652345
(11,20): 0.0009023857116699219
(11,21): 0.0009830474853515625
(11,39): 0.0011946487426757813
(11,40): 0.0014122772216796876
(12,11): -0.0005552005767822265
(12,18): -0.0011429691314697266
(12,19): -0.00106292724609375
(12,20): -0.0003478240966796875
(12,21): 3.0117034912109373e-05
(12,22): 6.511688232421875e-05
(12,39): -0.0019665145874023437
(12,41): -0.0011395835876464844
(12,46): -0.0013247299194335937
(12,47): -0.0021360492706298828
(12,52): -0.0020941734313964845
(13,3): 0.003194732666015625
(13,14): 9.660720825195313e-06
(13,15): 0.00038865089416503904
(13,16): 3.3521652221679686e-05
(13,18): -0.0010937023162841796
(13,21): -0.00021539688110351564
(13,22): 0.0005030059814453126
(13,27): 0.0002726078033447266
(13,29): 3.890037536621094e-05
(13,30): 0.0016107368469238281
(13,31): 0.0032565116882324217
(13,35): -0.0009037303924560547
(13,53): -0.001408090591430664
(14,3): 0.0013530635833740234
(14,11): -0.002073030471801758
(14,13): -0.00029382705688476565
(14,15): 7.547378540039063e-05
(14,16): -0.00017459869384765626
(14,18): -0.001065969467163086
(14,21): -0.00021311759948730469
(14,27): -1.4867782592773437e-05
(14,29): -0.0001668834686279297
(14,30): 0.0016256046295166015
(14,31): 0.0029438114166259765
(14,39): -0.0014715099334716797
(14,43): -0.0003909873962402344
(15,13): -0.001123523712158203
(15,14): -0.0010063934326171875
(15,16): -0.0003767871856689453
(15,23): -0.00022462844848632812
(15,27): -0.00034667015075683593
(15,29): -0.00010799407958984375
(15,30): 0.0010862064361572266
(15,39): -0.0035331916809082033
(15,49): -0.003275289535522461
(15,57): -0.001667633056640625
(16,13): 0.0002929115295410156
(16,14): -0.0006356143951416016
(16,15): 6.322860717773437e-05
(16,23): 0.00010180473327636719
(16,27): 0.0002765655517578125
(16,29): -6.91986083984375e-05
(16,30): 0.0013422298431396485
(16,53): -0.0020059871673583983
(16,57): -0.0013645744323730468
(17,2): 0.004791355133056641
(17,3): 0.003155632019042969
(17,4): 0.0007723426818847656
(17,5): 0.000695343017578125
(17,31): 0.0028762340545654295
(17,35): 0.0011489105224609375
(17,37): 0.002033519744873047
(17,39): 0.001680469512939453
(17,44): -0.0004155349731445313
(17,46): 0.002025480270385742
(17,53): 0.00032362937927246096
(17,56): -0.0014945411682128907
(17,57): 0.0024210739135742186
(18,4): 0.003993511199951172
(18,11): -0.00030658721923828127
(18,12): 0.000576791763305664
(18,13): 0.0004612255096435547
(18,14): 0.0005857372283935547
(18,19): 0.0004412937164306641
(18,20): 0.0004579734802246094
(18,21): 0.00023932456970214843
(18,22): 0.0007482147216796874
(18,41): 0.0012456893920898438
(18,44): -0.002423877716064453
(18,53): -0.0006744098663330078
(19,11): -0.00011427879333496094
(19,12): -0.00037347793579101563
(19,18): -0.0006416702270507813
(19,20): -0.00029195785522460936
(19,21): 4.4603347778320315e-05
(19,42): -0.00022634506225585938
(19,45): -0.00011937141418457031
(20,11): -0.0007173919677734375
(20,12): -0.0001772308349609375
(20,18): -0.0004069805145263672
(20,19): -0.00037764549255371095
(20,21): -0.00042438507080078125
(20,35): -0.0017806243896484374
(20,40): -0.0018258285522460937
(20,45): -0.0012787151336669921
(20,55): -0.0009261512756347656
(21,4): 0.006130905151367188
(21,11): 0.00011023521423339844
(21,12): 0.0004561042785644531
(21,13): 0.0011895942687988282
(21,14): 0.0012020206451416016
(21,18): 0.000418243408203125
(21,19): 0.0006664562225341797
(21,20): 0.0006227874755859375
(21,22): 0.0007591629028320312
(21,35): 0.0010330963134765625
(21,46): 0.0006482315063476563
(22,12): -0.0011732196807861328
(22,13): -0.0013880252838134766
(22,18): -0.001808929443359375
(22,21): -0.0013114070892333983
(22,29): -0.0015767574310302734
(22,30): 0.001670389175415039
(22,35): -0.002747354507446289
(22,41): -0.0023148632049560546
(22,46): -0.003652515411376953
(22,50): -0.003825397491455078
(22,53): -0.003212137222290039
(22,54): -0.004162616729736328
(22,57): -0.0026197147369384764
(23,15): -0.00019811630249023438
(23,16): -0.00019057273864746095
(23,29): -0.0004083347320556641
(23,30): 0.0012194538116455079
(23,43): -0.0018759536743164062
(23,48): -0.001977825164794922
(23,50): -0.0012505054473876953
(24,0): 0.007135572433471679
(24,1): 0.008706045150756837
(24,7): 0.0025969409942626955
(24,8): 0.0021771907806396483
(24,9): 0.0005948829650878906
(24,10): 3.495216369628906e-05
(24,25): 0.0009125328063964844
(24,26): 0.0010172271728515626
(24,28): 0.0013256359100341797
(24,37): 0.0025843334197998046
(24,44): 0.0014593029022216797
(24,56): 9.930610656738281e-05
(25,2): 0.0073908805847167965
(25,5): 0.001356344223022461
(25,8): 0.0010759925842285156
(25,9): 0.0004789447784423828
(25,10): 0.00045090675354003906
(25,24): 0.0011704730987548827
(25,26): 0.0026010704040527344
(25,28): 0.0019741058349609375
(25,35): 0.0022789764404296873
(25,54): 0.002070274353027344
(25,56): 0.0001667594909667969
(26,0): 0.003946800231933594
(26,1): 0.0062484931945800785
(26,6): 0.0026508712768554686
(26,7): 0.0042727279663085935
(26,8): 0.0021391963958740236
(26,9): 0.0011647510528564452
(26,24): 0.0013266849517822267
(26,25): 0.001815919876098633
(26,28): 0.002753791809082031
(27,13): -0.0006721305847167968
(27,14): 2.095222473144531e-05
(27,15): -0.0003056526184082031
(27,16): -0.0003924560546875
(27,29): -0.00037858963012695314
(27,30): 0.0018275260925292968
(27,42): -0.0021450042724609373
(27,50): -0.0023523044586181642
(28,2): 0.011343612670898437
(28,8): 0.0017781257629394531
(28,9): 0.0006919479370117187
(28,10): 0.00031584739685058594
(28,24): 0.0009599399566650391
(28,25): 0.0008189582824707031
(28,26): 0.005036773681640625
(29,3): 0.00464045524597168
(29,13): -0.00011441230773925781
(29,14): 0.0001832294464111328
(29,15): 0.0003030204772949219
(29,16): 0.0002452850341796875
(29,22): 0.00019931793212890625
(29,23): 0.0004024314880371094
(29,27): 0.0003615570068359375
(29,31): 0.003256368637084961
(29,43): 0.00019435882568359376
(29,54): -0.0017285728454589843
(30,3): 0.0032816410064697267
(30,13): -0.002832012176513672
(30,14): -0.005551233291625977
(30,15): -0.005372495651245117
(30,16): -0.0034969043731689453
(30,22): -0.008326730728149413
(30,23): -0.005548086166381836
(30,27): -0.0048284435272216795
(30,31): -4.345893859863281e-05
(31,5): 0.002099018096923828
(31,13): -0.006174039840698242
(31,14): -0.009142732620239258
(31,17): -0.008888454437255859
(31,29): -0.006051883697509765
(31,30): -0.0021466827392578125
(32,0): 0.001330718994140625
(32,1): -0.0003135013580322266
(32,36): -0.015443229675292968
(32,37): -0.003972578048706055
(33,1): 0.0016460990905761718
(33,2): 0.00582819938659668
(34,5): 0.0025316333770751954
(34,38): -0.0033043384552001952
(35,6): -0.000930948257446289
(35,13): -4.541397094726562e-05
(35,17): 0.0008970260620117188
(35,20): -0.00044203758239746093
(35,21): -0.0006373691558837891
(35,22): 0.0005640888214111328
(35,25): -0.0009292125701904297
(35,43): 3.57818603515625e-05
(35,52): -0.0003167438507080078
(36,7): 0.009944734573364257
(36,32): 0.008117237091064454
(36,37): 0.0018468952178955077
(37,9): 0.0017169189453125
(37,17): 0.005389060974121094
(37,24): 0.001964874267578125
(37,32): 0.005789871215820312
(37,36): 0.003336009979248047
(38,10): 0.0013875579833984375
(38,34): -0.002126951217651367
(38,56): -0.00020982742309570313
(39,11): -5.4168701171875e-05
(39,12): -0.00014119148254394532
(39,14): 0.0007270717620849609
(39,15): 0.0013778018951416016
(39,17): 0.0012398719787597655
(40,11): 0.0004522514343261719
(40,20): 0.00047235488891601564
(40,46): 0.00011816024780273438
(41,12): -0.00022660255432128908
(41,18): -0.0011085796356201172
(41,22): 0.001034536361694336
(41,47): -0.0006428337097167968
(42,19): -0.0001744842529296875
(42,27): 0.0011792850494384765
(43,14): 0.0015422534942626954
(43,23): 0.000794076919555664
(43,29): 0.0009718227386474609
(43,35): -0.0009223175048828125
(43,52): -0.0003748607635498047
(44,6): 0.00018152236938476563
(44,10): -0.0006088066101074219
(44,17): 0.0024264907836914064
(44,18): 0.000186767578125
(44,24): 0.0026185798645019533
(45,19): -0.00032044410705566405
(45,20): -0.00039265632629394533
(46,12): 0.00016109466552734374
(46,17): 0.0018260383605957031
(46,21): 0.0003324127197265625
(46,22): 0.001412649154663086
(46,40): -0.0003609943389892578
(47,6): 0.00043209075927734373
(47,9): -0.0001560211181640625
(47,12): 0.0010530185699462891
(47,41): 0.0009175682067871094
(48,23): 0.0012871360778808595
(48,52): 8.383750915527343e-05
(48,53): -0.0007272243499755859
(49,15): 0.0019144248962402344
(50,6): -0.002010974884033203
(50,9): -0.0027552032470703125
(50,22): 0.001040496826171875
(50,23): 0.0011675739288330078
(50,27): 0.0010801219940185546
(51,6): 0.003957567214965821
(52,8): 0.0010824298858642578
(52,12): 0.00038541793823242186
(52,35): -0.00032167434692382814
(52,43): -5.0411224365234374e-05
(52,48): 0.0003650665283203125
(53,6): -0.000940093994140625
(53,8): -0.0013700199127197265
(53,10): -0.0022721099853515625
(53,13): 9.699821472167968e-05
(53,16): 0.0008456802368164062
(53,17): 0.0008380317687988281
(53,18): -0.0010580730438232422
(53,22): 0.0011069488525390625
(53,48): 6.90746307373047e-05
(54,6): 0.00026111602783203126
(54,9): -0.0005676841735839844
(54,22): 0.002038564682006836
(54,25): -0.0006530570983886718
(54,29): 0.002146482467651367
(55,20): -0.00021967887878417968
(55,57): 0.00065032958984375
(56,8): 0.0022573947906494142
(56,9): -0.0005695629119873047
(56,17): 0.003942031860351563
(56,24): 0.0020967578887939454
(56,25): 0.0014598846435546875
(56,38): 0.010733785629272461
(57,15): 0.00021112442016601562
(57,16): 0.0003131866455078125
(57,17): 0.0013947391510009766
(57,22): 0.0004671382904052734
(57,55): -0.0008220291137695313
