Interaction name: 5ko1

Affinity: 6.639999866485596
Predicted value: 7.147295951843262

Attributions for edges: 

(0,1): 0.533049464225769
(0,3): 0.43001240491867065
(0,4): 0.43130844831466675
(0,6): 0.4719809591770172
(0,20): 0.5248350501060486
(0,21): 0.43606051802635193
(1,0): 0.4227712154388428
(1,6): 0.41200196743011475
(1,20): 0.35329490900039673
(1,21): 0.5762735605239868
(2,3): 0.4347701668739319
(2,5): 0.5207690596580505
(2,7): 0.4407440721988678
(2,10): 0.5458188056945801
(2,12): 0.4916105270385742
(2,19): 0.587097704410553
(3,0): 0.3318021297454834
(3,2): 0.4987531006336212
(3,4): 0.46010106801986694
(3,5): 0.6337348222732544
(3,10): 0.46920982003211975
(3,12): 0.4908573031425476
(3,13): 0.46170738339424133
(3,19): 0.4939973056316376
(3,21): 0.5555693507194519
(4,0): 0.42661988735198975
(4,3): 0.4417765140533447
(4,6): 0.4726855158805847
(4,10): 0.45287856459617615
(4,12): 0.42997512221336365
(4,19): 0.4911772608757019
(5,2): 0.44486162066459656
(5,3): 0.47517767548561096
(5,7): 0.46390506625175476
(5,8): 0.6020545959472656
(5,9): 0.42170846462249756
(5,10): 0.4570794999599457
(5,12): 0.49216777086257935
(5,13): 0.48022210597991943
(5,14): 0.49701762199401855
(6,0): 0.4633621275424957
(6,1): 0.5485846996307373
(6,4): 0.4095751643180847
(6,22): 0.47404322028160095
(7,2): 0.3765019476413727
(7,5): 0.30883827805519104
(7,8): 0.5414102077484131
(7,9): 0.5156075954437256
(7,11): 0.5993816256523132
(7,14): 0.45353496074676514
(7,16): 0.5329126119613647
(7,24): 0.5732030868530273
(7,25): 0.44656071066856384
(7,28): 0.5195784568786621
(7,29): 0.4938153922557831
(8,5): 0.4267660081386566
(8,7): 0.5404750108718872
(8,9): 0.5725123286247253
(8,11): 0.5098783373832703
(8,14): 0.4397444427013397
(8,16): 0.6062968969345093
(9,5): 0.5450838208198547
(9,7): 0.48963671922683716
(9,8): 0.3159636855125427
(9,11): 0.4875437319278717
(9,14): 0.5941899418830872
(9,16): 0.539417564868927
(10,2): 0.39377668499946594
(10,3): 0.42554643750190735
(10,4): 0.5042850971221924
(10,5): 0.5029389262199402
(10,12): 0.627059817314148
(10,13): 0.3839291036128998
(10,15): 0.6536092758178711
(10,17): 0.4940249025821686
(10,19): 0.5877782702445984
(10,23): 0.49994635581970215
(10,24): 0.49170804023742676
(11,7): 0.3064655065536499
(11,8): 0.4575297236442566
(11,9): 0.5522925853729248
(11,14): 0.4589569568634033
(11,16): 0.4420825242996216
(12,2): 0.4459719657897949
(12,3): 0.4973660707473755
(12,4): 0.46439385414123535
(12,5): 0.44586852192878723
(12,10): 0.46536338329315186
(12,13): 0.44986826181411743
(12,15): 0.5836218595504761
(12,17): 0.5393857359886169
(12,18): 0.46286970376968384
(12,19): 0.46944287419319153
(12,26): 0.48505324125289917
(13,3): 0.47235286235809326
(13,5): 0.35734638571739197
(13,10): 0.42896702885627747
(13,12): 0.5189055800437927
(13,15): 0.3994004726409912
(13,17): 0.5014804005622864
(13,18): 0.42702269554138184
(13,19): 0.5177406072616577
(13,24): 0.48501983284950256
(13,25): 0.5424047112464905
(13,28): 0.45941653847694397
(14,5): 0.3598190248012543
(14,7): 0.3948753774166107
(14,8): 0.6089271306991577
(14,9): 0.5718668103218079
(14,11): 0.5028062462806702
(14,16): 0.5015535950660706
(14,24): 0.4832359552383423
(14,25): 0.5236074328422546
(14,29): 0.5828012228012085
(15,10): 0.49368149042129517
(15,12): 0.6047529578208923
(15,13): 0.5122004151344299
(15,17): 0.5998836159706116
(15,18): 0.46283963322639465
(15,19): 0.5145911574363708
(15,27): 0.541467010974884
(15,28): 0.49051815271377563
(16,7): 0.4413298964500427
(16,8): 0.422529011964798
(16,9): 0.42437368631362915
(16,11): 0.4830452799797058
(16,14): 0.4509475827217102
(16,26): 0.5627049803733826
(16,28): 0.5297379493713379
(17,10): 0.5525271892547607
(17,12): 0.4930066168308258
(17,13): 0.45411980152130127
(17,15): 0.5129559636116028
(17,18): 0.4894143044948578
(17,19): 0.38297200202941895
(18,12): 0.5229440927505493
(18,13): 0.4730818569660187
(18,15): 0.5525702238082886
(18,17): 0.423832505941391
(18,19): 0.5747596025466919
(18,29): 0.5502333641052246
(19,2): 0.4485831558704376
(19,3): 0.4740365743637085
(19,4): 0.5480737090110779
(19,10): 0.4905552268028259
(19,12): 0.5196223258972168
(19,13): 0.5670578479766846
(19,15): 0.4650459587574005
(19,17): 0.5549858808517456
(19,18): 0.4108734726905823
(19,29): 0.5850690007209778
(20,0): 0.5238927006721497
(20,1): 0.5433497428894043
(21,0): 0.4851636588573456
(21,1): 0.6091641187667847
(21,3): 0.55122309923172
(21,22): 0.5297521352767944
(22,6): 0.4894735813140869
(22,21): 0.4998396039009094
(23,10): 0.5257226824760437
(23,25): 0.44312623143196106
(24,7): 0.5592994689941406
(24,10): 0.5199444890022278
(24,13): 0.5996625423431396
(24,14): 0.5285765528678894
(24,27): 0.344549298286438
(25,7): 0.4198426902294159
(25,13): 0.5051307082176208
(25,14): 0.4339180588722229
(25,23): 0.43613478541374207
(26,12): 0.4684426784515381
(26,16): 0.5343117117881775
(27,15): 0.3887562155723572
(27,24): 0.4889681339263916
(27,29): 0.5239988565444946
(28,7): 0.4881334900856018
(28,13): 0.5804422497749329
(28,15): 0.3989444375038147
(28,16): 0.41916632652282715
(29,7): 0.4084009528160095
(29,14): 0.4439101815223694
(29,18): 0.5234327912330627
(29,19): 0.5279539823532104
(29,27): 0.4966470003128052
