Interaction name: 5b25

Affinity: 10.239999771118164
Predicted value: 7.515296936035156

Shapley values for edges: 

(0,6): 0.005749273300170899
(0,10): 0.01096287727355957
(0,11): 0.01195932388305664
(0,16): 0.013579702377319336
(0,18): 0.01717733383178711
(0,26): 0.010709972381591796
(0,28): 0.015648040771484375
(1,4): 0.00048119544982910156
(1,5): 0.00027647972106933596
(1,7): 0.0050436115264892575
(1,13): -0.001177530288696289
(1,14): -0.0003405952453613281
(1,15): 0.011954059600830078
(1,21): 0.009365615844726562
(1,29): 0.0017751693725585938
(1,30): 0.014500970840454102
(2,4): -0.0036969947814941406
(2,5): -0.004931831359863281
(2,30): 0.011952352523803712
(3,5): -0.001729860305786133
(3,8): 0.0045992469787597655
(3,9): 0.00608464241027832
(3,12): -0.007935237884521485
(3,13): 0.0009130096435546875
(3,14): 0.002047882080078125
(4,1): -0.005351934432983398
(4,2): 0.010335187911987304
(4,15): 0.008468198776245116
(4,17): 0.005297908782958985
(4,19): 0.005604705810546875
(4,20): 0.0073333454132080075
(4,21): 0.0050974273681640625
(4,22): 0.0066540145874023435
(4,24): 0.006650867462158203
(4,25): 0.007979326248168946
(4,27): 0.0041392135620117185
(4,29): 0.004403905868530273
(4,31): 0.0005312061309814453
(5,1): 0.0030486392974853516
(5,2): 0.015358219146728516
(5,3): -0.0005850887298583984
(5,8): -0.0048577022552490235
(5,9): -0.0027016544342041014
(5,12): -0.006271610260009766
(5,13): -0.0019989681243896486
(5,14): -0.003023576736450195
(6,0): 0.005290546417236328
(6,10): 0.0005832862854003906
(6,11): 0.0009428787231445312
(6,16): 0.0020314311981201173
(6,48): 0.0024558448791503905
(7,1): 0.004874897003173828
(7,15): -0.00018156051635742187
(7,17): 0.002044200897216797
(7,18): 0.0018861770629882812
(7,21): -0.0002055931091308594
(7,26): 0.0006668949127197265
(7,28): 0.001626596450805664
(7,29): 0.0028444957733154298
(7,33): -0.001953268051147461
(8,3): 0.005760917663574219
(8,5): 0.010463838577270507
(8,9): 5.532264709472656e-05
(8,12): 0.002810811996459961
(8,13): 0.0015493297576904296
(8,14): 0.0014235782623291016
(8,43): 0.0008325386047363281
(8,49): 0.002938241958618164
(9,3): 0.0031223201751708982
(9,5): 0.0058122920989990235
(9,8): 0.0001647186279296875
(9,12): 0.007329568862915039
(9,13): 0.002964754104614258
(9,14): 0.0005408859252929687
(9,34): 0.00021958351135253906
(9,35): 6.305694580078125e-05
(9,36): 0.0014032554626464844
(10,0): 0.001543426513671875
(10,6): 0.00019211769104003905
(10,11): 0.001163463592529297
(10,18): 0.0008299350738525391
(10,26): -0.0007797527313232422
(10,28): 0.0028144168853759767
(10,34): 0.0002705192565917969
(10,39): -0.0015499019622802735
(10,44): -0.0006620216369628906
(10,49): 1.049041748046875e-05
(11,0): 0.003097095489501953
(11,6): 0.0019373703002929688
(11,10): 0.0008516693115234375
(11,16): 0.000705728530883789
(11,34): 0.0030739307403564453
(11,40): 0.002124519348144531
(12,3): 0.0011343955993652344
(12,5): 0.01095083236694336
(12,8): 0.00025071144104003905
(12,9): 0.0002060699462890625
(12,13): 0.0021811580657958986
(12,14): 0.002497854232788086
(13,1): 0.004720792770385742
(13,3): 0.004833106994628906
(13,5): 0.0064415264129638675
(13,8): 0.00045909881591796873
(13,9): 2.17437744140625e-06
(13,12): 0.0013791847229003907
(13,14): 0.00028957366943359374
(13,32): 0.001928539276123047
(13,38): 0.003011798858642578
(13,44): 0.0018499755859375
(14,1): 0.010725841522216797
(14,3): 0.0042642784118652344
(14,5): 0.003865184783935547
(14,8): 0.00019313812255859376
(14,9): 0.0002385234832763672
(14,12): 0.0035062217712402343
(14,13): 0.0010234642028808594
(14,33): 0.0010506248474121095
(14,41): 0.0034572410583496092
(14,43): 0.0015565776824951172
(15,1): 0.005551795959472656
(15,4): -0.00021140098571777343
(15,7): -0.000491037368774414
(15,17): -0.0001656341552734375
(15,18): -0.0021867847442626955
(15,19): -0.0004004383087158203
(15,20): -0.00012022972106933593
(15,21): 8.343696594238281e-05
(15,26): -0.0016220760345458983
(15,28): 0.002575063705444336
(15,29): 0.001759500503540039
(15,32): -0.0026326465606689455
(15,38): -0.0018190479278564454
(15,42): -0.00238677978515625
(15,44): -0.001001138687133789
(15,45): -0.0030521488189697264
(15,49): -0.001294422149658203
(16,0): 0.003495340347290039
(16,6): 0.0006517314910888672
(16,11): -0.0005746841430664063
(16,34): 0.0002993965148925781
(16,40): -0.0005346107482910157
(16,43): -4.055023193359375e-05
(16,44): 0.0009944534301757812
(16,48): 0.0006851482391357421
(17,4): 0.0010605335235595703
(17,7): -2.0751953125e-05
(17,15): -0.0005793952941894531
(17,18): -0.0004676723480224609
(17,21): -0.00034628868103027345
(17,26): -0.0009004974365234375
(17,28): 0.0019409561157226563
(17,29): 0.0030190372467041016
(17,46): -0.0023070049285888673
(17,47): 0.012257699966430663
(18,0): -0.0007444572448730469
(18,7): 0.0012552928924560547
(18,10): -0.00011506080627441407
(18,15): 0.00026769638061523436
(18,17): 0.00039556503295898435
(18,21): 0.0004137134552001953
(18,26): -0.00020409584045410155
(18,28): 0.002176685333251953
(18,46): 0.000555257797241211
(18,48): -0.0003806495666503906
(18,49): 0.0008003711700439453
(19,4): -0.0001735401153564453
(19,15): -0.0010974407196044922
(19,20): -0.0003735160827636719
(19,22): 0.001073160171508789
(19,23): -0.00027253150939941405
(19,24): -0.0006591796875
(19,25): -0.0007012462615966796
(19,27): 0.00207611083984375
(19,29): 0.002949676513671875
(19,34): -0.004452066421508789
(20,4): 0.0002933025360107422
(20,15): -0.0006901741027832032
(20,19): -0.00030247688293457033
(20,22): 0.0008466148376464844
(20,23): -0.0003875255584716797
(20,24): -0.001956958770751953
(20,25): -0.0011771869659423827
(20,27): 0.0019518566131591798
(20,29): 0.002617778778076172
(20,32): -0.002164144515991211
(20,44): -0.003125734329223633
(21,1): 0.003384885787963867
(21,4): 0.0005368709564208985
(21,7): 0.0002899646759033203
(21,15): 0.00012320518493652344
(21,17): 0.0006568717956542968
(21,18): 4.39453125e-05
(21,26): -0.0004417896270751953
(21,28): 0.0023488235473632813
(21,29): 0.0018722152709960938
(21,32): -0.0002103710174560547
(21,34): 0.00039690017700195313
(21,44): -0.00010355949401855469
(21,49): 0.0006890201568603516
(22,4): 0.0016509437561035157
(22,19): 0.0004842567443847656
(22,20): 0.00034271240234375
(22,23): 0.00026818275451660154
(22,24): -0.0007972431182861328
(22,25): 0.0003318595886230469
(22,27): 0.0038367652893066405
(23,19): -0.00023886680603027344
(23,20): -0.0001615619659423828
(23,22): -0.00023299217224121094
(23,24): -0.0021025943756103516
(23,25): -0.0002468109130859375
(23,27): 0.002749195098876953
(23,38): -0.002423000335693359
(24,4): 0.0025356483459472658
(24,19): 0.0003528785705566406
(24,20): 0.001074981689453125
(24,22): 0.0020002460479736327
(24,23): 0.0007314682006835938
(24,25): -0.00014435768127441407
(24,44): -0.0001352691650390625
(24,47): 0.010974416732788086
(24,48): -0.000887451171875
(24,49): 0.0010747337341308594
(25,4): 0.002254524230957031
(25,19): 0.0003685474395751953
(25,20): 0.0005163097381591797
(25,22): 0.0011829185485839845
(25,23): 0.0001534080505371094
(25,24): 0.00018080711364746094
(25,27): 0.0018823719024658203
(25,37): 0.008199214935302734
(25,45): -0.00038293838500976564
(25,46): -0.0003464031219482422
(26,0): 0.0019473743438720703
(26,7): 0.0020565032958984376
(26,10): 0.0011968708038330078
(26,15): 0.0016466140747070312
(26,17): 0.0021203994750976563
(26,18): 0.0013298702239990235
(26,21): 0.001643218994140625
(26,39): 0.0017253208160400392
(27,4): -0.00420267105102539
(27,19): -0.004342575073242188
(27,20): -0.006350593566894531
(27,22): -0.00982905387878418
(27,23): -0.006723737716674805
(27,25): -0.006563568115234375
(28,0): -0.0010776615142822266
(28,7): -0.0025989246368408204
(28,10): -0.00855320930480957
(28,15): -0.011358137130737305
(28,17): -0.007659540176391601
(28,18): -0.005975618362426758
(28,21): -0.005653877258300782
(29,1): 0.0022039794921875
(29,4): -0.003870067596435547
(29,7): -0.007426786422729492
(29,15): -0.004329595565795898
(29,17): -0.010373687744140625
(29,19): -0.00867523193359375
(29,20): -0.008084278106689453
(29,21): -0.00790109634399414
(29,50): 0.0020712471008300782
(30,1): -0.004533653259277344
(30,2): 0.00350245475769043
(30,31): 0.0008625221252441406
(30,37): -0.010921411514282227
(30,47): -0.010721921920776367
(31,4): -0.0017415904998779297
(31,30): 0.00035620689392089843
(31,47): -0.005368003845214844
(31,49): 0.009039306640625
(31,50): 0.004389181137084961
(32,13): 0.0014108467102050782
(32,15): 0.00043158531188964845
(32,20): 0.0023598098754882813
(32,21): 0.002499380111694336
(33,7): 0.0029679107666015624
(33,14): 0.0014080429077148438
(33,34): 3.003120422363281e-05
(34,9): -0.00315032958984375
(34,10): -0.0016501617431640624
(34,11): -0.003124046325683594
(34,16): -0.002797880172729492
(34,19): 0.0014312362670898437
(34,21): -0.00010011672973632813
(34,33): -0.0007951736450195312
(35,9): -0.0005726242065429688
(36,9): -0.0040081596374511716
(36,41): -0.00010057449340820312
(36,50): 0.002377281188964844
(37,25): 0.0014429378509521484
(37,30): 0.0059057331085205075
(38,13): 0.0043822193145751955
(38,15): 0.0004213428497314453
(38,23): 0.001981639862060547
(39,10): 0.00019759178161621094
(39,26): 0.001110830307006836
(39,40): -0.0001012897491455078
(40,11): 0.00023642539978027343
(40,16): -0.0005445575714111328
(40,39): -0.00018962860107421875
(40,43): -0.0006889724731445313
(41,14): -0.0019519805908203125
(41,36): -9.722709655761719e-05
(41,49): -0.0011095809936523438
(41,50): 0.0025911331176757812
(42,15): 0.00127685546875
(43,8): -0.0012599372863769532
(43,14): 0.0012415409088134765
(43,16): -0.0006721878051757813
(43,40): 0.00019258499145507812
(44,10): -0.0013814353942871093
(44,13): 0.001241302490234375
(44,15): -0.0001251220703125
(44,16): -0.0036546611785888672
(44,20): 0.0009867382049560548
(44,21): 0.0009656715393066407
(44,24): -0.0013804435729980469
(45,15): 0.0007802867889404297
(45,25): 0.0023881340026855468
(46,17): 0.0017465686798095704
(46,18): 0.0008706474304199219
(46,25): 0.0012049102783203126
(47,17): 0.003509502410888672
(47,24): 0.0002607917785644531
(47,30): 0.002631826400756836
(47,31): -0.0007766914367675781
(48,6): 0.0020121479034423827
(48,16): -0.0017882728576660157
(48,18): -0.00012208938598632813
(48,24): -0.0011359500885009767
(49,8): -0.0037000274658203127
(49,10): -0.0010278701782226562
(49,15): -0.0004863548278808594
(49,18): -0.0009789752960205078
(49,21): 0.00044803619384765626
(49,24): -0.0016456031799316406
(49,31): 0.002588052749633789
(49,41): -3.0698776245117185e-05
(49,50): 0.001883077621459961
(50,29): -0.003466958999633789
(50,31): 0.003326263427734375
(50,36): -0.006189146041870117
(50,41): -0.00839324951171875
(50,49): -0.012271060943603515
