Interaction name: 5xij

Affinity: 7.300000190734863
Predicted value: 6.577245712280273

Shapley values for edges: 

(0,1): 0.01762083053588867
(0,2): -0.015178556442260743
(0,4): -0.0032968664169311522
(0,8): 0.010226302146911621
(0,11): 0.010634112358093261
(0,17): -0.014819517135620117
(0,18): 0.0126513671875
(1,0): 0.012421836853027344
(1,8): -0.007754783630371093
(1,9): -0.0028961944580078126
(1,10): -0.031624975204467776
(1,17): -0.014253063201904297
(1,18): 0.009124112129211426
(1,19): 0.05205411434173584
(2,0): 0.0014188194274902344
(2,5): -0.010581727027893067
(2,7): 0.008261399269104004
(2,11): -0.026870050430297852
(2,12): 0.005770058631896973
(2,19): 0.015905814170837404
(3,5): -0.01950808525085449
(3,7): -0.01043501377105713
(3,11): -0.02408341407775879
(3,12): 0.004627399444580078
(3,13): -0.025675759315490723
(3,14): -0.0031671380996704103
(3,15): 0.025570993423461915
(3,19): 0.017576780319213867
(4,0): 0.004144535064697265
(4,5): 0.007947001457214355
(4,7): -0.002373933792114258
(4,11): 0.032461628913879395
(4,12): 0.019288029670715332
(5,2): 0.04488519191741944
(5,3): -0.004415254592895507
(5,4): -0.008212118148803712
(5,6): -0.006269645690917969
(5,11): -0.0017613649368286132
(5,12): 0.017025699615478517
(5,13): 0.016870527267456054
(5,14): -0.01854084014892578
(5,15): 0.0082692289352417
(5,20): 0.05118937492370605
(5,21): 0.008120183944702148
(6,5): -0.006536226272583007
(6,7): -0.00880208969116211
(6,11): 0.01063734531402588
(6,12): 0.012487082481384278
(6,13): -0.004638123512268067
(6,14): -0.007900338172912597
(6,15): 0.01543738842010498
(7,2): -0.046312599182128905
(7,3): -0.020469346046447755
(7,4): -0.03974407196044922
(7,6): -0.0687698793411255
(7,11): -0.020823159217834473
(7,12): -0.027846722602844237
(7,13): -0.03923058986663818
(7,14): -0.038237876892089843
(7,15): -0.0280933141708374
(8,0): -0.022592849731445312
(8,1): -0.03929409503936768
(8,9): 0.0007725095748901367
(8,10): -0.02078700065612793
(8,16): -0.008803539276123047
(8,17): -0.036973490715026855
(8,28): -0.008808789253234863
(8,30): 0.019228715896606446
(9,1): -0.05657564163208008
(9,8): 0.022033867835998536
(9,10): -0.007047405242919922
(9,16): -0.0008158731460571289
(9,17): -0.043253512382507325
(9,18): -0.03204216003417969
(9,30): 0.028023815155029295
(9,31): 0.04138159275054932
(10,1): -0.03389138221740723
(10,8): 0.03802651405334473
(10,9): 0.007162632942199707
(10,16): 0.00019460201263427735
(10,17): -0.05056167602539063
(10,18): -0.01314249038696289
(10,22): 0.0029867744445800782
(11,0): -0.053158717155456545
(11,2): -0.06951581001281738
(11,3): -0.0023507022857666014
(11,4): -0.04556687355041504
(11,5): 0.021622028350830078
(11,6): -0.028012595176696777
(11,7): -0.029780144691467284
(11,12): 0.02039283275604248
(11,13): 0.02260343074798584
(11,23): 0.016323199272155763
(11,25): 0.004646406173706054
(11,27): 0.009624700546264648
(11,32): 0.04438794136047363
(12,2): -0.04338274955749512
(12,3): -0.017967305183410644
(12,4): -0.046228437423706054
(12,5): 0.029051918983459473
(12,6): -0.029670209884643556
(12,7): -0.019166736602783202
(12,11): 0.02796861171722412
(12,13): 0.018333549499511718
(12,14): 0.0033781909942626953
(12,22): 0.005584683418273926
(12,23): 0.02752106189727783
(12,24): -0.012953944206237793
(13,3): -0.00482490062713623
(13,5): 0.02059108257293701
(13,6): -0.043211655616760256
(13,7): -0.04630930423736572
(13,11): 0.03845870971679687
(13,12): 0.020612025260925294
(13,14): 0.01809175491333008
(13,15): 0.032879419326782226
(13,22): -0.012806272506713868
(14,3): -0.02298922061920166
(14,5): 0.0006311178207397461
(14,6): -0.035469765663146975
(14,7): -0.024991030693054198
(14,12): 0.02994912624359131
(14,13): 0.010905790328979491
(14,15): 0.03323987007141113
(14,23): 0.014207777976989746
(14,32): 0.012785086631774903
(15,3): -0.014543013572692871
(15,5): 0.015578718185424804
(15,6): -0.03435926914215088
(15,7): -0.02044510841369629
(15,13): 0.01108039379119873
(15,14): 0.010649967193603515
(15,25): -0.006435909271240234
(15,26): -0.010727181434631347
(15,27): 0.003734169006347656
(15,28): -0.010484652519226074
(16,8): 0.018737125396728515
(16,9): -0.006515660285949707
(16,10): -0.012930488586425782
(16,17): -0.033417649269104004
(16,18): -0.03278807163238526
(16,29): 0.04382814407348633
(16,33): -0.0012356853485107422
(17,0): -0.01663440227508545
(17,1): -0.03294600963592529
(17,8): 0.021767230033874513
(17,9): 0.012496695518493653
(17,10): -0.016760902404785158
(17,16): 0.010647635459899902
(17,18): -0.04098225116729736
(18,0): 0.08923999786376953
(18,1): 0.06962471961975097
(18,9): 0.07321383953094482
(18,10): 0.02964183807373047
(18,16): 0.04227055072784424
(18,17): 0.05160444736480713
(19,1): -0.01964428901672363
(19,2): -0.03322052001953125
(19,3): -0.00829385280609131
(19,32): -0.05113096237182617
(20,5): 0.009501595497131348
(20,21): -0.03508600234985351
(20,23): -0.01531320571899414
(20,25): -0.030117716789245606
(20,28): -0.03084035873413086
(21,5): -0.030174999237060546
(21,20): -0.01006227970123291
(22,10): -0.030794391632080077
(22,12): 0.049946441650390624
(22,13): -0.003919868469238281
(23,11): 0.04934996128082275
(23,12): 0.05383668422698975
(23,14): 0.016562843322753908
(23,20): -0.02186319828033447
(23,25): -0.02773412227630615
(23,28): -0.012858452796936036
(24,12): 0.03560839176177979
(25,11): 0.039261488914489745
(25,15): 0.038276262283325195
(25,20): -0.04552948951721191
(25,23): -0.0014137887954711913
(26,15): 0.0347927713394165
(27,11): 0.061722846031188966
(27,15): 0.03731223106384277
(28,8): -0.01954726696014404
(28,15): 0.06564710617065429
(28,20): -0.044341745376586916
(28,23): -0.0041406679153442386
(29,16): -0.0475223970413208
(29,31): -0.0443462610244751
(30,8): -0.027439570426940917
(30,9): -0.03340301036834717
(31,9): -0.04347783088684082
(31,29): -0.043179931640625
(32,11): 0.00315488338470459
(32,14): 0.02885648250579834
(32,19): -0.09900955200195312
(33,16): -0.10240675449371338
