Interaction name: 1o0f

Affinity: 5.300000190734863
Predicted value: 6.344837188720703

Attributions for edges: 

(0,1): 3.049883677966095e-25
(0,2): 2.1270756701527525e-25
(0,8): 1.51228616813249e-25
(0,15): 9.233217534778675e-25
(0,16): 1.3466576473774817e-24
(0,20): 4.203925059508149e-25
(0,23): 7.131612211103246e-25
(0,25): 1.5277096314247252e-25
(0,26): 1.3865506145254445e-25
(0,28): 1.1776482906498258e-25
(0,31): 1.5511698617079323e-25
(1,0): 3.0495809525937163e-25
(1,2): 2.1138664408138595e-25
(1,8): 1.5029005722531066e-25
(1,9): 1.6296975135562237e-25
(1,14): 1.1789165324663883e-24
(1,16): 1.3382999619095046e-24
(1,22): 8.205805584856895e-25
(1,25): 1.5182282629010673e-25
(1,26): 1.3779400744854407e-25
(1,28): 1.1703396176224695e-25
(2,0): 2.124391324403705e-25
(2,1): 2.1114081530179646e-25
(2,8): 1.0469387225163289e-25
(2,14): 8.212569081043034e-25
(2,15): 6.392052647268219e-25
(2,25): 1.0576202689515707e-25
(2,26): 9.598971660889233e-26
(2,28): 8.152758510025792e-26
(2,31): 1.0738573683118315e-25
(3,4): 1.765514216493928e-25
(3,5): 1.8663345844856994e-25
(3,6): 1.922231789115463e-25
(3,18): 1.0894630584731727e-24
(3,19): 1.0772840321726918e-24
(3,20): 3.3098976557456637e-25
(3,25): 1.2028239236233393e-25
(3,26): 1.091684145655629e-25
(3,27): 1.7651237303458436e-25
(3,31): 1.2212949784595728e-25
(4,3): 1.765042995362575e-25
(4,5): 1.7304550191946103e-25
(4,6): 1.782275661837128e-25
(4,17): 1.0219811356273991e-24
(4,19): 9.988440424924931e-25
(4,20): 3.0689299849655575e-25
(4,25): 1.1152472976350642e-25
(4,26): 1.0121995069216914e-25
(4,27): 1.6366126189475845e-25
(4,28): 8.596981493195298e-26
(4,31): 1.132369153804337e-25
(5,3): 1.8661780448998196e-25
(5,4): 1.730758607383604e-25
(5,6): 1.8844054156720498e-25
(5,17): 1.0805353223935602e-24
(5,18): 1.0680119583079504e-24
(5,20): 3.2447764484625705e-25
(5,25): 1.179149714819591e-25
(5,26): 1.0701932326665963e-25
(5,27): 1.730375763325539e-25
(5,28): 9.089613418851758e-26
(5,31): 1.1972527167397323e-25
(6,3): 1.9224810198577063e-25
(6,4): 1.7829692431361402e-25
(6,5): 1.8848009554603082e-25
(6,7): 1.2175735271391927e-25
(6,17): 1.1131354923398843e-24
(6,18): 1.1002342638806736e-24
(6,19): 1.087943022116425e-24
(6,20): 3.3426467231878482e-25
(6,21): 1.3262898997541607e-25
(6,22): 6.565439343855139e-25
(6,23): 5.6705244715742805e-25
(6,25): 1.2147251229737627e-25
(6,26): 1.1024856236003678e-25
(6,27): 1.7825817152164504e-25
(6,28): 9.363850435492946e-26
(7,6): 1.2155408544535678e-25
(7,8): 7.529348237425661e-26
(7,9): 8.164584644330703e-26
(7,12): 4.798266177529435e-26
(7,20): 2.0930358290544e-25
(7,21): 8.304682643312461e-26
(7,22): 4.1110080917105605e-25
(7,23): 3.5506496223719985e-25
(7,25): 7.606109950181905e-26
(7,27): 1.1161835769219484e-25
(7,28): 5.863236411446369e-26
(7,31): 7.722912516853938e-26
(8,0): 1.5091568555290914e-25
(8,1): 1.4999280457546207e-25
(8,2): 1.0460924226764465e-25
(8,7): 7.530842142764923e-26
(8,9): 8.064910220063281e-26
(8,14): 5.834146056230697e-25
(8,15): 4.5408820647926465e-25
(8,16): 6.6228674316790975e-25
(8,20): 2.0674837615176764e-25
(8,21): 8.203328808133534e-26
(8,22): 4.0608357985814055e-25
(8,23): 3.507288896640394e-25
(8,25): 7.513252393471241e-26
(8,26): 6.81903507535412e-26
(8,27): 1.102552800036828e-25
(8,31): 7.628628847538054e-26
(9,1): 1.6265299905027285e-25
(9,7): 8.16648530607422e-26
(9,8): 8.06515612279858e-26
(9,15): 4.924157038127196e-25
(9,21): 8.895734211358975e-26
(9,22): 4.403575400820206e-25
(9,23): 3.803337794051426e-25
(9,25): 8.147442327081701e-26
(9,27): 1.1956232259323852e-25
(9,28): 6.280503770965441e-26
(9,31): 8.27252670066339e-26
(10,11): 2.2092946363696542e-26
(10,12): 3.2958223434144996e-26
(10,13): 5.272817164719196e-27
(10,21): 5.70430189316213e-26
(10,28): 4.0273111822617756e-26
(11,10): 2.205984810204428e-26
(11,12): 2.018757610665163e-26
(11,13): 3.2297072869466246e-27
(11,24): 5.0218469225501624e-27
(11,29): 1.9551547757353455e-26
(12,7): 4.7907303988430365e-26
(12,10): 3.294816545760343e-26
(12,11): 2.0211542378879584e-26
(12,21): 5.218531208488347e-26
(12,24): 7.500447886754581e-27
(12,28): 3.684337263682221e-26
(12,29): 2.9201482914207876e-26
(13,10): 5.2434925701999674e-27
(13,11): 3.2165635854481595e-27
(13,24): 1.1936625868785402e-27
(13,30): 1.5224487765960766e-27
(14,1): 1.1843209199204443e-24
(14,2): 8.259760219507552e-25
(14,8): 5.872438350646256e-25
(14,15): 3.5853862248648874e-24
(14,16): 5.2292978039899326e-24
(14,20): 1.6324422318164238e-24
(14,23): 2.7693037019569615e-24
(15,0): 9.266032176283606e-25
(15,2): 6.422923732717911e-25
(15,8): 4.5664697543296215e-25
(15,9): 4.951771607152523e-25
(15,14): 3.5821049579296206e-24
(15,16): 4.0663716792876006e-24
(15,22): 2.4933110507193016e-24
(16,0): 1.3530633951431026e-24
(16,1): 1.3447891317158526e-24
(16,8): 6.668117479278706e-25
(16,14): 5.2306944822226264e-24
(16,15): 4.071214496384752e-24
(17,4): 1.0281163041025292e-24
(17,5): 1.0868355600131078e-24
(17,6): 1.1193907648878343e-24
(17,18): 6.344320744653171e-24
(17,19): 6.273421870796433e-24
(17,20): 1.927482619863937e-24
(18,3): 1.095685593293556e-24
(18,5): 1.0742144757828637e-24
(18,6): 1.106383138814032e-24
(18,17): 6.344151928419454e-24
(18,19): 6.2005240234058644e-24
(18,20): 1.905092380791049e-24
(19,3): 1.0834203839391798e-24
(19,4): 1.0047980687822619e-24
(19,6): 1.0939983184249015e-24
(19,17): 6.2731347254269325e-24
(19,18): 6.200428965666785e-24
(19,20): 1.8837521155830103e-24
(20,0): 4.210087542292122e-25
(20,3): 3.317190921333465e-25
(20,4): 3.0764552249633e-25
(20,5): 3.2521621586877023e-25
(20,6): 3.3495650333266365e-25
(20,7): 2.100875134300034e-25
(20,8): 2.074800076635052e-25
(20,14): 1.6275487304061115e-24
(20,17): 1.9206861887350055e-24
(20,18): 1.8984253228505738e-24
(20,19): 1.8772100920960125e-24
(20,21): 2.2884785835132346e-25
(20,22): 1.1328494221841969e-24
(20,23): 9.784303930252496e-25
(20,33): 1.890813924450839e-25
(21,6): 1.3247628376049758e-25
(21,7): 8.30905589095578e-26
(21,8): 8.205957933619216e-26
(21,9): 8.898278287778313e-26
(21,10): 5.714494222576619e-26
(21,12): 5.229472339465213e-26
(21,20): 2.2811227020910815e-25
(21,22): 4.4804355979300865e-25
(21,23): 3.8697211787828727e-25
(21,33): 7.478196154400318e-26
(22,1): 8.232455278387524e-25
(22,6): 6.590079907267783e-25
(22,7): 4.1333530698890115e-25
(22,8): 4.0820519661082918e-25
(22,9): 4.426463706947128e-25
(22,15): 2.49228415103593e-24
(22,20): 1.1347481117754507e-24
(22,21): 4.502434463386372e-25
(22,23): 1.924999088519075e-24
(23,0): 7.150653341203018e-25
(23,6): 5.689114964881945e-25
(23,7): 3.568260202523959e-25
(23,8): 3.5239858772564955e-25
(23,9): 3.8212979381920124e-25
(23,14): 2.764322045340491e-24
(23,20): 9.796068804577735e-25
(23,21): 3.886897392398896e-25
(23,22): 1.9240962372130496e-24
(24,11): 5.0083785092630736e-27
(24,12): 7.471434137328377e-27
(24,13): 1.19531657551478e-27
(25,0): 1.5240774199942482e-25
(25,1): 1.5147630681153675e-25
(25,2): 1.0564347589224432e-25
(25,3): 1.2008478270557606e-25
(25,4): 1.1136997744061502e-25
(25,5): 1.1773114223913931e-25
(25,6): 1.2125721490000915e-25
(25,7): 7.605326019657342e-26
(25,8): 7.510959766465443e-26
(25,9): 8.144676999830352e-26
(25,26): 6.886478368667441e-26
(26,0): 1.38300074045195e-25
(26,1): 1.374543411990882e-25
(26,2): 9.586457122185e-26
(26,3): 1.089686971710739e-25
(26,4): 1.0106060695229032e-25
(26,5): 1.0683252346949363e-25
(26,6): 1.1003301844363678e-25
(26,8): 6.81565406681815e-26
(26,25): 6.885217423814252e-26
(26,33): 6.211265819092743e-26
(27,3): 1.7643025754473151e-25
(27,4): 1.6362757506891519e-25
(27,5): 1.729715831874515e-25
(27,6): 1.7815347488838024e-25
(27,7): 1.1173893015117722e-25
(27,8): 1.103529015407039e-25
(27,9): 1.1966317352959037e-25
(27,28): 8.593407583516098e-26
(28,0): 1.1739389187620569e-25
(28,1): 1.1667644753481046e-25
(28,2): 8.137347988982783e-26
(28,4): 8.578439564137111e-26
(28,5): 9.068349303372977e-26
(28,6): 9.339984311622099e-26
(28,7): 5.858116211133419e-26
(28,9): 6.27355994610675e-26
(28,10): 4.02887842701332e-26
(28,12): 3.686924172783522e-26
(28,27): 8.576575263950945e-26
(28,32): 5.419590282813805e-25
(29,11): 1.9572592779041763e-26
(29,12): 2.9198364448441925e-26
(29,30): 9.264008070134374e-27
(30,13): 1.5255532793699316e-27
(30,29): 9.235180750726786e-27
(31,0): 1.547493646630086e-25
(31,2): 1.0726660650854313e-25
(31,3): 1.2192932439125745e-25
(31,4): 1.1308107837379762e-25
(31,5): 1.1953953190864862e-25
(31,7): 7.72220562352715e-26
(31,8): 7.626359639840379e-26
(31,9): 8.269781711232253e-26
(32,28): 5.461889004551756e-25
(33,20): 1.8838735508586078e-25
(33,21): 7.474802819912703e-26
(33,26): 6.213469082949122e-26
