Interaction name: 6h38

Affinity: 8.109999656677246
Predicted value: 7.517991542816162

Attributions for edges: 

(0,2): 0.5616046786308289
(0,4): 0.5310835242271423
(0,6): 0.38279685378074646
(0,7): 0.551822304725647
(0,11): 0.4760502576828003
(0,20): 0.44946157932281494
(0,21): 0.4715912640094757
(1,8): 0.33662495017051697
(1,9): 0.5821059346199036
(1,12): 0.4514642357826233
(1,19): 0.43314456939697266
(1,20): 0.48744654655456543
(1,21): 0.5478717088699341
(2,0): 0.4364103078842163
(2,4): 0.47832348942756653
(2,6): 0.5996269583702087
(2,7): 0.505275309085846
(2,11): 0.4772648215293884
(2,20): 0.5180428624153137
(2,21): 0.48246604204177856
(3,15): 0.43341755867004395
(3,16): 0.4689446687698364
(3,18): 0.5705416202545166
(4,0): 0.565632700920105
(4,2): 0.5236284732818604
(4,6): 0.44748377799987793
(4,7): 0.4644502103328705
(4,11): 0.5113906264305115
(5,15): 0.39251774549484253
(5,16): 0.47671690583229065
(5,18): 0.46298763155937195
(6,0): 0.36034783720970154
(6,2): 0.5167840123176575
(6,4): 0.5234566926956177
(6,7): 0.44713646173477173
(6,8): 0.6088321805000305
(6,9): 0.5486707091331482
(6,11): 0.5581923723220825
(6,12): 0.50376957654953
(6,19): 0.5382086038589478
(7,0): 0.5428162813186646
(7,2): 0.4909927248954773
(7,4): 0.47157976031303406
(7,6): 0.4908042252063751
(7,8): 0.5011871457099915
(7,9): 0.4850608706474304
(7,11): 0.3238460123538971
(7,12): 0.4339391589164734
(7,19): 0.4329879879951477
(7,23): 0.2504580020904541
(8,1): 0.5234825611114502
(8,6): 0.4681077003479004
(8,7): 0.460336297750473
(8,9): 0.42041999101638794
(8,11): 0.5404514670372009
(8,12): 0.476503849029541
(8,19): 0.6145506501197815
(8,29): 0.40176281332969666
(9,1): 0.5574926137924194
(9,6): 0.4640365540981293
(9,7): 0.4817763566970825
(9,8): 0.5494074821472168
(9,11): 0.44575121998786926
(9,12): 0.589985728263855
(9,19): 0.5201988220214844
(9,25): 0.49022918939590454
(10,13): 0.5477614998817444
(10,14): 0.511002242565155
(10,15): 0.39788371324539185
(10,17): 0.43691951036453247
(10,18): 0.5419835448265076
(10,24): 0.4569128751754761
(11,0): 0.4699469804763794
(11,2): 0.38567912578582764
(11,4): 0.43249645829200745
(11,6): 0.5536841750144958
(11,7): 0.5243731737136841
(11,8): 0.4888799488544464
(11,9): 0.4439021050930023
(11,12): 0.4883364140987396
(11,19): 0.5264629125595093
(11,26): 0.448260635137558
(12,1): 0.5015178322792053
(12,6): 0.43896931409835815
(12,7): 0.49458926916122437
(12,8): 0.586246132850647
(12,9): 0.45699262619018555
(12,11): 0.4669623076915741
(12,22): 0.4701504111289978
(12,29): 0.4504665434360504
(13,10): 0.43232011795043945
(13,14): 0.44912439584732056
(13,15): 0.5326001048088074
(13,16): 0.3965971767902374
(13,17): 0.5346490144729614
(13,18): 0.6248689293861389
(13,25): 0.5425963401794434
(14,10): 0.31046634912490845
(14,13): 0.3891909718513489
(14,15): 0.42962849140167236
(14,16): 0.5161966681480408
(14,17): 0.5477920174598694
(14,18): 0.5686678886413574
(14,27): 0.5334585309028625
(15,3): 0.4974827468395233
(15,5): 0.530850350856781
(15,10): 0.4349483251571655
(15,13): 0.5178055167198181
(15,14): 0.5121604204177856
(15,16): 0.45850276947021484
(15,17): 0.42428308725357056
(15,18): 0.4714944064617157
(16,3): 0.43001556396484375
(16,5): 0.4270443320274353
(16,13): 0.4383558928966522
(16,14): 0.4684717059135437
(16,15): 0.46803009510040283
(16,17): 0.4610077738761902
(16,18): 0.445527046918869
(16,23): 0.49417001008987427
(16,29): 0.565845251083374
(17,10): 0.550109326839447
(17,13): 0.4272690713405609
(17,14): 0.43218743801116943
(17,15): 0.4178564250469208
(17,16): 0.5369883179664612
(17,18): 0.39986270666122437
(17,28): 0.37160250544548035
(18,3): 0.47152647376060486
(18,5): 0.47474604845046997
(18,10): 0.4303329586982727
(18,13): 0.573062002658844
(18,14): 0.5960883498191833
(18,15): 0.5515412092208862
(18,16): 0.5287995338439941
(18,17): 0.3482374846935272
(19,1): 0.4488618075847626
(19,6): 0.47942429780960083
(19,7): 0.3373955190181732
(19,8): 0.4721910357475281
(19,9): 0.5069006085395813
(19,11): 0.4886249601840973
(20,0): 0.5064817070960999
(20,1): 0.4904612600803375
(20,2): 0.46156230568885803
(21,0): 0.5283571481704712
(21,1): 0.5121166110038757
(21,2): 0.487593412399292
(21,26): 0.35102012753486633
(22,12): 0.4425332844257355
(22,26): 0.5232644081115723
(23,7): 0.5078395009040833
(23,16): 0.5515908598899841
(24,10): 0.5030485987663269
(25,9): 0.4698253870010376
(25,13): 0.47542068362236023
(26,11): 0.45750167965888977
(26,21): 0.4868115484714508
(26,22): 0.4711582064628601
(27,14): 0.5921037197113037
(27,28): 0.45564842224121094
(28,17): 0.4028278589248657
(28,27): 0.5295491218566895
(29,8): 0.5575240254402161
(29,12): 0.3122650682926178
(29,16): 0.3905292749404907
