Interaction name: 5etj

Affinity: 10.180000305175781
Predicted value: 8.338083267211914

Shapley values for edges: 

(0,3): 0.016822948455810546
(0,6): 0.01869776725769043
(0,10): 0.0762849521636963
(0,16): -0.018104186058044435
(1,7): 0.036378483772277835
(1,11): 0.11024895668029785
(1,12): 0.00011143684387207031
(1,13): 0.05445932388305664
(1,14): 0.07310715198516846
(1,16): 0.1106780481338501
(1,17): -0.0228263521194458
(2,12): 0.06675611972808838
(2,13): 0.022175297737121583
(2,14): 0.02698986530303955
(2,22): -0.03120799541473389
(3,0): -0.023819799423217772
(3,4): -0.024039859771728515
(3,5): -0.018771514892578126
(3,6): 0.042940101623535155
(3,10): -0.06052456378936768
(3,18): -0.025802421569824218
(3,19): 0.026807317733764647
(4,3): -0.02209559440612793
(4,5): -0.061927080154418945
(4,10): -0.04820493698120117
(4,17): 0.029930801391601564
(4,18): 0.009667887687683105
(4,19): -0.007613296508789062
(5,3): 0.015354561805725097
(5,4): 0.011663570404052734
(5,6): 0.08829564094543457
(5,7): 0.06652390003204346
(5,10): 0.008557519912719726
(5,11): 0.0413425874710083
(5,15): -0.010568780899047852
(5,17): 0.0708862829208374
(6,0): 0.021152772903442384
(6,3): 0.0788062858581543
(6,5): 0.01882373809814453
(6,15): -0.07812561988830566
(6,20): 0.0043533086776733395
(7,1): 0.03849827766418457
(7,5): -0.005389623641967774
(7,8): 0.05525650978088379
(7,12): 0.035862092971801755
(7,13): 0.008220810890197754
(7,14): 0.06389544010162354
(7,15): 0.013390178680419923
(7,18): 0.14732988357543944
(8,7): 0.03825971126556396
(8,11): 0.022732577323913573
(8,12): -0.0515728759765625
(8,13): 0.006070389747619629
(8,14): 0.02574549674987793
(9,12): 0.05218229293823242
(9,13): -0.03159392833709717
(9,14): -0.013012747764587402
(10,0): 0.06449333190917969
(10,3): -0.10224571704864502
(10,4): -0.1120646333694458
(10,5): -0.10745309829711915
(10,18): 0.02397585391998291
(10,19): 0.057965455055236814
(11,1): 0.07557202339172363
(11,5): -0.013996663093566895
(11,8): 0.007205300331115723
(11,12): 0.0056338167190551755
(11,13): 0.010617647171020508
(11,14): 0.055793838500976564
(11,15): 0.005665149688720703
(12,1): -0.03616957187652588
(12,2): 0.04016639232635498
(12,7): -0.04176729679107666
(12,8): -0.047599229812622074
(12,9): 0.023667402267456054
(12,11): -0.010973529815673828
(12,13): -0.020223584175109863
(12,14): 0.053749527931213376
(12,25): 0.051120238304138185
(12,26): 0.010358233451843262
(12,27): 0.0240960168838501
(13,1): -0.09121251583099366
(13,2): -0.010133857727050782
(13,7): -0.0704106903076172
(13,8): -0.014767036437988282
(13,9): -0.002400641441345215
(13,11): -0.006037960052490235
(13,12): -0.026037964820861816
(13,14): -0.014601020812988282
(13,28): 0.042641820907592776
(14,1): -0.033542962074279786
(14,2): 0.032747416496276854
(14,7): -0.044339265823364254
(14,8): 0.0136329984664917
(14,9): 0.030416197776794433
(14,11): -0.04506739139556885
(14,12): 0.028278498649597167
(14,13): -0.013673968315124511
(14,29): -0.005543599128723145
(14,30): 0.09676083087921143
(15,5): 0.13237843036651611
(15,6): 0.08371789932250977
(15,7): 0.1328972101211548
(15,11): 0.08480321884155273
(16,0): 0.022434139251708986
(16,1): 0.03958868503570557
(16,20): -0.04355801105499268
(17,1): -0.04575256824493408
(17,4): 0.14967141151428223
(17,5): 0.01270533561706543
(17,25): -0.01338578701019287
(17,27): -0.010305914878845215
(17,28): 0.013655743598937987
(18,3): -0.020150299072265624
(18,4): 0.017061977386474608
(18,7): 0.12975547313690186
(18,10): 0.0002892637252807617
(18,19): -0.026142306327819824
(18,23): -0.00589639663696289
(19,3): 0.03483133792877197
(19,4): -0.051932182312011715
(19,10): -0.03137324333190918
(19,18): -0.08518331050872803
(19,24): -0.021830730438232422
(20,6): -0.01961891174316406
(20,16): -0.04358842372894287
(21,25): 0.009807443618774414
(21,27): -0.025194292068481446
(21,28): 0.02888646125793457
(22,2): 0.0814149284362793
(23,18): -0.12992228031158448
(23,24): -0.0022805023193359377
(24,19): -0.07040522575378418
(24,23): -0.0009219646453857422
(25,12): 0.059515647888183594
(25,17): -0.04003772735595703
(25,21): -0.05791282176971436
(25,26): 0.03383144378662109
(25,27): -0.006586127281188965
(26,12): 0.04020924568176269
(26,25): 0.0674869966506958
(27,12): 0.06646936893463135
(27,17): -0.02895157814025879
(27,21): -0.036465325355529786
(27,25): 0.038940143585205075
(27,28): 0.010239453315734863
(27,30): 0.0212195348739624
(28,13): 0.1361329412460327
(28,17): -0.044712038040161134
(28,21): -0.031638593673706056
(28,27): -0.013922829627990723
(28,30): 0.026565556526184083
(29,14): 0.06766769409179688
(30,14): 0.021620702743530274
(30,27): -0.010003647804260253
(30,28): -0.01699105739593506
