Interaction name: 5txy

Affinity: 5.460000038146973
Predicted value: 6.424197673797607

Attributions for edges: 

(0,2): 0.3757571280002594
(0,3): 0.5434926152229309
(0,4): 0.4049135148525238
(0,6): 0.5805085301399231
(0,9): 0.4921857416629791
(0,10): 0.5449669361114502
(0,11): 0.520326554775238
(1,2): 0.5160916447639465
(1,3): 0.4486353099346161
(1,6): 0.6681170463562012
(1,11): 0.5248948931694031
(2,0): 0.6866185069084167
(2,1): 0.4427330195903778
(2,3): 0.5820744633674622
(2,4): 0.3952833414077759
(2,6): 0.4616096019744873
(2,9): 0.6184293031692505
(2,10): 0.46229198575019836
(2,11): 0.40156686305999756
(3,0): 0.43056419491767883
(3,1): 0.4920983612537384
(3,2): 0.47598013281822205
(3,4): 0.456364244222641
(3,6): 0.555192232131958
(3,10): 0.43017327785491943
(3,12): 0.45596495270729065
(3,13): 0.37212806940078735
(4,0): 0.5700321793556213
(4,2): 0.4869774878025055
(4,3): 0.44723618030548096
(4,5): 0.3681514263153076
(4,6): 0.37605226039886475
(4,7): 0.4152449369430542
(4,8): 0.504422664642334
(4,9): 0.5265268087387085
(4,10): 0.5517187118530273
(5,4): 0.5312749743461609
(5,6): 0.27090638875961304
(5,7): 0.42938387393951416
(5,8): 0.3652168810367584
(5,9): 0.6363881826400757
(5,10): 0.4416746497154236
(5,15): 0.5706978440284729
(5,19): 0.5463876128196716
(6,0): 0.6994893550872803
(6,1): 0.4431222081184387
(6,2): 0.44252216815948486
(6,3): 0.5184969902038574
(6,4): 0.4190419018268585
(6,5): 0.3919209837913513
(6,8): 0.5501766204833984
(6,9): 0.4138064682483673
(6,10): 0.4754233956336975
(6,16): 0.44317689538002014
(6,17): 0.4257371127605438
(7,4): 0.5562244057655334
(7,5): 0.47927403450012207
(7,8): 0.6598954200744629
(7,9): 0.5053147673606873
(7,10): 0.6710857152938843
(8,4): 0.47408783435821533
(8,5): 0.41228264570236206
(8,6): 0.676221489906311
(8,7): 0.6139646172523499
(8,9): 0.4226832985877991
(8,10): 0.4090915024280548
(9,0): 0.38940030336380005
(9,2): 0.38465574383735657
(9,4): 0.4613492488861084
(9,5): 0.3916190266609192
(9,6): 0.5047531723976135
(9,7): 0.4664101302623749
(9,8): 0.6190423369407654
(9,10): 0.3948518931865692
(9,18): 0.45742395520210266
(10,0): 0.49137094616889954
(10,2): 0.5251724720001221
(10,3): 0.5010883212089539
(10,4): 0.46826836466789246
(10,5): 0.41721561551094055
(10,6): 0.2945726215839386
(10,7): 0.4904024302959442
(10,8): 0.5595568418502808
(10,9): 0.6128831505775452
(10,14): 0.49868685007095337
(10,19): 0.486174076795578
(11,0): 0.3924662470817566
(11,1): 0.499752402305603
(11,2): 0.7358343601226807
(11,16): 0.529235303401947
(12,3): 0.4372597634792328
(12,13): 0.5604972243309021
(13,3): 0.6905531883239746
(13,12): 0.6221763491630554
(14,10): 0.41442739963531494
(14,15): 0.4774513840675354
(15,5): 0.5395978093147278
(15,14): 0.5660236477851868
(16,6): 0.5088198781013489
(16,11): 0.519664466381073
(16,18): 0.48226743936538696
(16,19): 0.6206917762756348
(17,6): 0.44352883100509644
(18,9): 0.4214939475059509
(18,16): 0.5691113471984863
(18,19): 0.4721648395061493
(19,5): 0.47724032402038574
(19,10): 0.5890742540359497
(19,16): 0.45402792096138
(19,18): 0.37497755885124207
