Interaction name: 5nvv

Affinity: 6.699999809265137
Predicted value: 6.964890003204346

Attributions for edges: 

(0,10): 1.498258125825881e-25
(0,11): 1.5838348661599042e-25
(0,22): 1.808582324133502e-25
(1,3): 4.2773373033734894e-23
(1,6): 1.9669623471570805e-23
(1,15): 1.0155309986586414e-22
(1,19): 3.292760954200231e-23
(1,21): 4.737342844249669e-24
(1,23): 4.737342844249669e-24
(1,27): 1.6522781589997287e-23
(1,28): 3.5075217092150474e-22
(2,15): 6.15842933265244e-22
(2,16): 4.1908340350594466e-22
(2,28): 2.1270474873080526e-21
(2,30): 2.673486463375501e-22
(3,1): 4.278643025943811e-23
(3,6): 3.1730017713680944e-23
(3,8): 2.3769320658685557e-22
(3,17): 1.2628222948119828e-22
(3,19): 5.311710970505367e-23
(3,24): 8.503581663637624e-23
(3,27): 2.665369463314011e-23
(4,5): 1.4844546114372555e-20
(4,8): 3.4916905204029356e-21
(4,9): 1.4844828842120986e-20
(4,20): 1.4768295248414225e-20
(4,28): 8.311739400512268e-21
(5,4): 1.4844205225487304e-20
(5,8): 3.488774789523043e-21
(5,20): 1.4756020017370908e-20
(6,1): 1.966639703046845e-23
(6,3): 3.1715133486121234e-23
(6,13): 2.807339419363098e-24
(6,15): 7.52979093630491e-23
(6,21): 3.5126063121796495e-24
(6,23): 3.5126063121796495e-24
(6,26): 2.8074037115268734e-24
(6,29): 1.6293457516039005e-22
(7,15): 3.480172848264121e-22
(7,16): 2.368279587024602e-22
(8,3): 2.379299910761667e-22
(8,4): 3.4874043677367185e-21
(8,5): 3.484585168188076e-21
(8,9): 3.484638482563494e-21
(8,17): 4.354537440368952e-22
(8,18): 1.3664213149018684e-22
(8,19): 1.831614988847851e-22
(8,20): 3.466686482228463e-21
(8,24): 2.9322545497401045e-22
(9,4): 1.484448956882287e-20
(9,8): 3.488854357189387e-21
(9,20): 1.475624458398252e-20
(10,0): 1.4982697122204264e-25
(10,11): 1.583569118642458e-25
(10,12): 1.8719030796599447e-25
(10,22): 1.8082857617369455e-25
(10,25): 1.4981094748490533e-25
(10,31): 1.5376547022492333e-25
(10,32): 1.518315160860158e-25
(10,33): 1.5098708979078329e-25
(10,34): 1.4984526293428245e-25
(11,0): 1.5838711044577378e-25
(11,10): 1.5836112733970807e-25
(11,12): 1.978851664290119e-25
(11,14): 2.0455493607884897e-25
(11,22): 1.9116138445907047e-25
(11,25): 1.5837080321174867e-25
(11,32): 1.6050680435000593e-25
(11,34): 1.5840765780716446e-25
(11,35): 3.666252750689546e-25
(12,10): 1.872103129855128e-25
(12,11): 1.9790175715992483e-25
(12,13): 3.552898615508977e-25
(12,14): 2.4181848191829035e-25
(12,21): 4.445432853489299e-25
(12,22): 2.259850574743731e-25
(12,23): 4.4454501098216e-25
(12,26): 3.5529661617239866e-25
(12,31): 1.921630529194265e-25
(13,6): 2.803957375447189e-24
(13,12): 3.553779674532496e-25
(13,14): 3.6735327042495715e-25
(13,21): 6.753207467782305e-25
(13,22): 3.43300260475283e-25
(13,23): 6.753207467782305e-25
(14,11): 2.045744603862532e-25
(14,12): 2.4182217970378357e-25
(14,13): 3.6726918278284125e-25
(14,21): 4.595320369785817e-25
(14,22): 2.336046156540963e-25
(14,23): 4.595320369785817e-25
(14,26): 3.672761839233751e-25
(14,33): 1.950529708899938e-25
(14,35): 4.480298533347804e-25
(14,41): 3.6423598795036317e-25
(15,1): 1.0166511811440552e-22
(15,2): 6.155727768041984e-22
(15,6): 7.539419456969675e-23
(15,7): 3.480517927578501e-22
(15,16): 2.648909596536649e-22
(15,36): 9.188953484424502e-23
(15,42): 1.3998827245303285e-21
(15,43): 1.6348627039871052e-21
(16,2): 4.18774952581116e-22
(16,7): 2.367809804578325e-22
(16,15): 2.64811139551831e-22
(16,37): 2.7307527794936254e-23
(17,3): 1.263525832521695e-22
(17,8): 4.352644174196422e-22
(17,18): 7.256400145547895e-23
(17,19): 9.726817782265913e-23
(17,24): 1.5571719207521438e-22
(17,40): 4.468511559084305e-22
(18,8): 1.3646397514335173e-22
(18,17): 7.250091151572299e-23
(18,19): 3.0495608169191105e-23
(18,24): 4.882059456198554e-23
(18,38): 4.9736019521979304e-24
(18,44): 4.946903349291178e-24
(19,1): 3.293376265706303e-23
(19,3): 5.311103232063985e-23
(19,8): 1.8295828831560017e-22
(19,17): 9.720253197357026e-23
(19,18): 3.0501423651784394e-23
(19,24): 6.545390345341334e-23
(19,36): 2.976713929943019e-23
(19,39): 7.225707145447556e-24
(19,40): 1.878286398137878e-22
(19,41): 4.662420779776303e-24
(20,4): 1.4768972179423326e-20
(20,5): 1.475703299050386e-20
(20,8): 3.4710796675423e-21
(20,9): 1.475725755711547e-20
(20,40): 3.5634662100003836e-21
(20,42): 8.60346596927926e-21
(21,1): 4.731491074054739e-24
(21,6): 3.508816229960515e-24
(21,12): 4.4471461607678255e-25
(21,13): 6.754109727442651e-25
(21,14): 4.597020858074634e-25
(21,22): 4.296039854372741e-25
(21,23): 8.450894314309682e-25
(21,26): 6.754289686336655e-25
(22,0): 1.8087479849235985e-25
(22,10): 1.8084443967346048e-25
(22,11): 1.9117379669237605e-25
(22,12): 2.2598160620791277e-25
(22,13): 3.4320862935076093e-25
(22,14): 2.3359660378552764e-25
(22,21): 4.294287104048953e-25
(22,23): 4.294287104048953e-25
(22,25): 1.80856161653474e-25
(22,26): 3.4321646865600656e-25
(22,32): 1.8329541818003052e-25
(22,34): 1.8089756452504646e-25
(22,35): 4.186800861408064e-25
(23,1): 4.731491074054739e-24
(23,6): 3.508829640595904e-24
(23,12): 4.4471461607678255e-25
(23,13): 6.754135365422071e-25
(23,14): 4.597020858074634e-25
(23,21): 8.450894314309682e-25
(23,22): 4.296039854372741e-25
(23,26): 6.754289686336655e-25
(24,3): 8.505722316590032e-23
(24,8): 2.93009622630342e-22
(24,17): 1.5567027693945908e-22
(24,18): 4.884798065717119e-23
(24,19): 6.547837076324968e-23
(24,35): 9.18470751948824e-24
(24,42): 7.262550357600487e-22
(25,10): 1.4981094748490533e-25
(25,11): 1.583671793819653e-25
(25,22): 1.8083959557446436e-25
(26,6): 2.8040214703957383e-24
(26,12): 3.5538339087197297e-25
(26,14): 3.67360271565491e-25
(26,21): 6.753336643755535e-25
(26,22): 3.4330812443243193e-25
(26,23): 6.753336643755535e-25
(27,1): 1.6514525371763244e-23
(27,3): 2.6632247082848963e-23
(27,36): 1.4926576768545936e-23
(28,1): 3.5151566206001385e-22
(28,2): 2.1283785291579884e-21
(28,4): 8.308823265735592e-21
(28,42): 4.840174652933016e-21
(28,43): 5.652610205611789e-21
(29,6): 1.6325622846132848e-22
(29,42): 3.031262323630957e-21
(30,2): 2.6704693544029564e-22
(30,37): 1.7413697430526742e-23
(31,10): 1.5376782448168735e-25
(31,12): 1.9214472422933175e-25
(32,10): 1.5183209540574307e-25
(32,11): 1.605037475139982e-25
(32,22): 1.832807626235257e-25
(32,41): 2.857688811765475e-25
(33,10): 1.5098708979078329e-25
(33,14): 1.9502915715141744e-25
(34,10): 1.4984526293428245e-25
(34,11): 1.584034176797989e-25
(34,22): 1.8088167637337724e-25
(35,11): 3.6681975393399486e-25
(35,14): 4.482230256489464e-25
(35,22): 4.1887498408820255e-25
(35,24): 9.168674710450529e-24
(36,15): 9.177883557113717e-23
(36,19): 2.9758398720600344e-23
(36,27): 1.493255791192932e-23
(37,16): 2.72659990014418e-23
(37,30): 1.7393911221301988e-23
(37,39): 2.295973353758513e-24
(37,44): 2.107450388552664e-24
(38,18): 4.967913081779929e-24
(39,19): 7.215928425666436e-24
(39,37): 2.2949399459726736e-24
(39,44): 1.1705499723132274e-24
(40,17): 4.470949581043545e-22
(40,19): 1.8805734636742947e-22
(40,20): 3.559349290086442e-21
(41,14): 3.6433047869566667e-25
(41,19): 4.6552587116178015e-24
(41,32): 2.85879025880439e-25
(42,15): 1.4014534791212556e-21
(42,20): 8.600546603328316e-21
(42,24): 7.274695029008546e-22
(42,28): 4.8404703053785186e-21
(42,29): 3.032557216718772e-21
(43,15): 1.6370282975658924e-21
(43,28): 5.654098565258888e-21
(44,18): 4.9408681689357845e-24
(44,37): 2.106357224553254e-24
(44,39): 1.170474143058713e-24
