Interaction name: 6e4a

Affinity: 7.360000133514404
Predicted value: 7.336401462554932

Shapley values for edges: 

(0,1): -0.019275617599487305
(0,6): -0.021291604042053224
(0,7): -0.023806796073913575
(0,8): -0.022089524269104002
(0,9): 0.019465813636779784
(0,10): 0.020166444778442382
(0,16): -2.0198822021484375e-05
(0,22): -0.01978981018066406
(0,23): -0.007894306182861329
(1,0): -0.04623373508453369
(1,3): -0.00949324607849121
(1,7): -0.0038725042343139646
(1,8): -0.034092655181884764
(1,9): 0.029251852035522462
(1,10): 0.030576162338256836
(1,11): -0.0036478233337402344
(1,19): -0.00543311595916748
(1,22): -0.012337546348571777
(2,24): 0.007003979682922363
(3,1): 0.023029651641845703
(3,7): 0.03574253559112549
(3,8): 0.04266603946685791
(3,11): 0.06628293037414551
(3,12): 0.04651394844055176
(3,18): 0.03950698852539063
(3,19): 0.04763529777526856
(3,21): 0.024116435050964356
(3,22): 0.030997161865234376
(3,23): 0.06936329364776611
(4,5): 0.07128547668457032
(4,9): -0.08784303188323975
(4,10): -0.08497879028320313
(5,4): 0.0384052848815918
(6,0): -0.043578782081604005
(6,7): -0.0047840547561645505
(6,8): 0.014027547836303712
(6,15): -0.00475635051727295
(6,16): -0.014282407760620118
(6,22): -0.036126170158386234
(6,25): 0.027798862457275392
(6,27): 0.04529665946960449
(7,0): -0.03493289947509766
(7,1): -0.027632951736450195
(7,3): -0.011623034477233887
(7,6): -0.007549676895141601
(7,8): -0.0077402877807617185
(7,15): 0.0027878808975219725
(7,16): -0.0034901762008666994
(7,23): -0.023749747276306153
(8,0): -0.03931877136230469
(8,1): -0.025854716300964354
(8,3): -0.01457585334777832
(8,6): -0.013259086608886719
(8,7): -0.0174003267288208
(8,11): -0.01811556816101074
(8,15): 0.002132258415222168
(8,16): -0.019167747497558594
(8,22): -0.02747084617614746
(8,23): -0.014002976417541503
(8,25): 0.010087265968322753
(9,0): -0.027995047569274904
(9,1): -0.02983510971069336
(9,4): -0.009575891494750976
(9,10): -0.015787572860717775
(9,23): -0.051493439674377445
(10,0): -0.045289416313171384
(10,1): -0.029616680145263672
(10,4): -0.010811734199523925
(10,9): -0.025584149360656738
(10,23): -0.018775944709777833
(11,1): -0.009500250816345215
(11,3): 0.01228966236114502
(11,8): -0.01608987808227539
(11,12): 0.017544493675231934
(11,13): 0.033788080215454104
(11,17): 0.029331722259521485
(11,18): 0.05188682079315186
(11,19): 0.03294140338897705
(11,21): 0.017324719429016113
(11,23): -0.019758658409118654
(11,25): 0.04604634761810303
(11,26): 0.052451615333557126
(11,27): 0.05888866901397705
(12,3): 0.016906962394714356
(12,11): 0.016099252700805665
(12,13): 0.020666799545288085
(12,14): 0.003134298324584961
(12,17): 0.003218183517456055
(12,18): 0.011366186141967773
(12,19): 0.028271045684814453
(12,20): 0.009472169876098634
(13,11): 0.022750611305236815
(13,12): 0.008746418952941894
(13,14): -0.052851810455322265
(13,17): 0.020970215797424318
(13,18): 0.023757009506225585
(13,19): 0.01601712703704834
(13,20): -0.01695222854614258
(13,21): 0.024947433471679686
(13,25): 0.03441269874572754
(13,27): 0.03746561050415039
(13,29): 0.07120998859405518
(14,12): 0.013566999435424805
(14,13): 0.008451056480407716
(14,20): 0.012944083213806152
(14,21): 0.002485547065734863
(14,26): 0.03220553398132324
(14,27): 0.04423224449157715
(14,28): -0.0003655099868774414
(14,31): 0.02272676467895508
(15,6): -0.021298165321350097
(15,7): -0.022151956558227538
(15,8): 0.01718318462371826
(15,16): -0.020435371398925782
(15,22): -0.03904833793640137
(15,29): 0.031621484756469725
(15,30): -0.008974967002868652
(16,0): -0.02975126266479492
(16,6): -0.00585470199584961
(16,7): -0.03430266380310058
(16,8): -0.00016181468963623048
(16,15): -0.005809259414672851
(16,22): -0.03272807598114014
(16,29): 0.024776620864868162
(17,11): 0.028335270881652833
(17,12): -0.0012494516372680664
(17,13): 0.008929357528686524
(17,18): -0.01957047462463379
(17,19): -0.01786391258239746
(17,20): -0.03243196964263916
(17,21): -0.009003500938415527
(18,3): 0.025902299880981444
(18,11): -0.01086451530456543
(18,12): 0.0031963062286376955
(18,13): 0.017687292098999025
(18,17): -0.01841268062591553
(18,19): 0.013953080177307129
(18,20): -0.001422266960144043
(18,21): -0.0029014968872070313
(19,1): 0.0020162773132324217
(19,3): -0.002758760452270508
(19,11): 0.003762631416320801
(19,12): -0.016738533973693848
(19,13): 0.04047324657440186
(19,17): 0.018512134552001954
(19,18): -0.0006425905227661132
(19,20): 0.002629117965698242
(19,21): -0.00012825965881347657
(19,23): -0.01425260066986084
(20,12): -0.0011730527877807618
(20,13): 0.005340695381164551
(20,14): -0.02061248779296875
(20,17): -0.008988118171691895
(20,18): 0.00941011905670166
(20,19): -0.02480891227722168
(20,21): -0.006419939994812012
(20,31): 0.013072090148925781
(21,3): 0.12757357597351074
(21,11): 0.0563513708114624
(21,13): 0.025889029502868654
(21,14): -0.025738391876220703
(21,17): -0.02534060001373291
(21,18): -0.04888706684112549
(21,19): 0.06898906230926513
(21,20): -0.04147940158843994
(22,0): 0.03440771579742432
(22,1): 0.014125933647155762
(22,3): 0.08555161952972412
(22,6): 0.0059427785873413085
(22,8): 0.03362416744232178
(22,15): 0.012976775169372559
(22,16): 0.003688492774963379
(22,23): 0.05969061374664306
(23,0): 0.026125903129577636
(23,3): 0.09270847797393798
(23,7): -0.002057757377624512
(23,8): 0.009380960464477539
(23,9): -0.04534425735473633
(23,10): 0.018424668312072755
(23,11): 0.052385902404785155
(23,19): -0.005560641288757324
(23,22): 0.019244775772094727
(24,2): 0.006219725608825683
(25,6): -0.005202870368957519
(25,8): -0.029413318634033202
(25,11): 0.022467312812805177
(25,13): 0.054043855667114254
(25,30): 0.005496940612792969
(26,11): 0.010195441246032715
(26,14): -0.009155340194702148
(27,6): 0.022447261810302734
(27,11): -0.0069610500335693356
(27,13): 0.010449352264404297
(27,14): 0.006967997550964356
(28,14): -0.005373010635375977
(29,13): 0.04667831420898438
(29,15): -0.03135757923126221
(29,16): -0.03325681209564209
(30,15): -0.04364294052124024
(30,25): 0.03111795425415039
(31,14): -0.006728010177612305
(31,20): -0.01896688938140869
