Interaction name: 5ep7

Affinity: 5.400000095367432
Predicted value: 6.264449596405029

Attributions for edges: 

(0,11): 8.47161440095948e-33
(1,4): 5.934750820597975e-18
(1,6): 7.980275794399105e-30
(1,11): 1.5357832414555333e-27
(2,3): 9.147542901784657e-16
(2,6): 4.243781336149927e-28
(2,7): 8.034616571508339e-15
(2,9): 2.329475991151146e-20
(3,2): 7.530728397299119e-18
(3,5): 8.556218117086222e-18
(3,6): 8.440754256790926e-23
(3,7): 1.5393283314679707e-09
(3,9): 4.462990764578017e-15
(4,1): 1.1725008917539272e-20
(4,6): 8.927192396676618e-23
(4,8): 1.6427973347984959e-12
(4,9): 4.9002524653567366e-15
(4,10): 7.73795125197374e-11
(5,3): 1.0391058207363303e-15
(5,6): 4.820680650963999e-28
(5,7): 9.126772383368561e-15
(5,9): 2.64614480188474e-20
(6,1): 0.0
(6,2): 2.4503360544023644e-37
(6,3): 5.943618419904525e-30
(6,4): 1.9063732918923795e-30
(6,5): 2.7860158683887257e-37
(6,7): 7.729708998442234e-29
(6,8): 8.976837758712671e-32
(6,9): 3.0289185638716065e-34
(6,10): 2.259681002450103e-30
(6,12): 0.0
(6,13): 0.0
(7,2): 8.146437371733775e-21
(7,3): 1.8958487937089513e-13
(7,5): 9.255769775904781e-21
(7,6): 2.356767313849823e-25
(7,8): 2.237132386552986e-15
(7,9): 7.548445778839392e-18
(7,10): 7.623657022511054e-14
(8,4): 1.0843753013877118e-17
(8,6): 5.325369028072594e-29
(8,7): 4.35275673215204e-16
(8,9): 1.7056330944904885e-21
(8,10): 1.2724628550744082e-17
(8,12): 1.1514361581375269e-38
(8,13): 1.1514361581375269e-38
(9,2): 6.759434399885937e-28
(9,3): 1.6395976667591177e-20
(9,4): 5.258892832772505e-21
(9,5): 7.68549181359029e-28
(9,6): 2.608764033330745e-32
(9,7): 2.132305666051312e-19
(9,8): 2.476337122733052e-22
(9,10): 6.2334981946739365e-21
(10,4): 4.5214856164710326e-11
(10,6): 6.079878476460622e-23
(10,7): 1.1510842279349731e-09
(10,8): 1.1188383119281609e-12
(10,9): 3.3373504697634115e-15
(11,0): 5.330660710290199e-34
(11,1): 7.1966984974245875e-28
(12,6): 0.0
(12,8): 2.752897179117272e-29
(13,6): 0.0
(13,8): 2.752897179117272e-29
