Interaction name: 5ko1

Affinity: 6.639999866485596
Predicted value: 7.220726490020752

Attributions for edges: 

(0,1): 5.0970625239684594e-33
(0,3): 1.3297716261062055e-23
(0,4): 8.684777459986118e-22
(0,6): 1.2788424917154384e-32
(0,20): 0.0
(0,21): 1.7341527016505818e-28
(1,0): 3.1064103935982248e-24
(1,6): 3.679535943426977e-32
(1,20): 0.0
(1,21): 4.989573151507093e-28
(2,3): 3.570994797576709e-19
(2,5): 1.4876387771859258e-15
(2,7): 9.691162430553176e-21
(2,10): 4.647674941838677e-27
(2,12): 5.897238704614526e-27
(2,19): 1.338974330547429e-16
(3,0): 1.9827452450600183e-23
(3,2): 1.752615316098834e-27
(3,4): 1.0722188134137973e-20
(3,5): 7.976546590818888e-19
(3,10): 4.8530019082172594e-30
(3,12): 6.0775619574801576e-30
(3,13): 4.089744122762692e-21
(3,19): 7.376645483792168e-20
(3,21): 2.1249241521821193e-27
(4,0): 1.5868356262020445e-16
(4,3): 1.2611898126934089e-15
(4,6): 1.8795818024075594e-24
(4,10): 1.6414474143154063e-23
(4,12): 2.0827717034367753e-23
(4,19): 4.728946184293092e-13
(5,2): 8.125638908817217e-22
(5,3): 7.211056177771876e-17
(5,7): 3.1520906313463665e-18
(5,8): 5.0919012062333735e-11
(5,9): 5.091911267629534e-11
(5,10): 1.7846236570177117e-24
(5,12): 2.2349385938758845e-24
(5,13): 1.503963431420121e-15
(5,14): 2.832879192779346e-16
(6,0): 7.966947673263996e-24
(6,1): 3.7611943033691364e-32
(6,4): 6.4085951243484365e-21
(6,22): 0.0
(7,2): 2.844687361378632e-28
(7,5): 1.2946809935360073e-19
(7,8): 2.2474371511612654e-17
(7,9): 2.2474371511612654e-17
(7,11): 2.5366206361761424e-21
(7,14): 1.2503591760337046e-22
(7,16): 8.115725767137848e-22
(7,24): 2.1124803101155575e-32
(7,25): 2.026143658981278e-31
(7,28): 0.0
(7,29): 4.0628925068727364e-27
(8,5): 3.990490604621755e-09
(8,7): 3.891674580248222e-14
(8,9): 7.889224207247025e-07
(8,11): 1.0106292192002542e-10
(8,14): 3.4975787457230956e-12
(8,16): 2.27016599962937e-11
(9,5): 3.990498598227532e-09
(9,7): 3.891674580248222e-14
(9,8): 7.889224207247025e-07
(9,11): 1.0106310927016082e-10
(9,14): 3.4975787457230956e-12
(9,16): 2.27016599962937e-11
(10,2): 2.739070621013361e-36
(10,3): 3.0646153353056146e-31
(10,4): 1.6757146306452152e-29
(10,5): 1.2466079417937008e-27
(10,12): 9.498229402843295e-39
(10,13): 6.391670975138525e-30
(10,15): 4.766338419060174e-27
(10,17): 0.0
(10,19): 1.1528573313678245e-28
(10,23): 0.0
(10,24): 0.0
(11,7): 3.7160439185855547e-16
(11,8): 1.1277449196711586e-08
(11,9): 1.1277449196711586e-08
(11,14): 3.6403453358311785e-14
(11,16): 2.5847331002956664e-13
(12,2): 4.0997718769516325e-36
(12,3): 4.587039446456708e-31
(12,4): 2.5081481962252192e-29
(12,5): 1.8658840709531084e-27
(12,10): 1.135220612568053e-38
(12,13): 9.566818514449699e-30
(12,15): 7.13410827794093e-27
(12,17): 0.0
(12,18): 0.0
(12,19): 1.725554628155108e-28
(12,26): 0.0
(13,3): 1.6867413394314143e-19
(13,5): 6.861261216709004e-16
(13,10): 4.174436976647801e-27
(13,12): 5.227754255880424e-27
(13,15): 2.623366705006738e-15
(13,17): 1.962791794190092e-34
(13,18): 3.781033768049857e-31
(13,19): 6.345238951423231e-17
(13,24): 1.1195293544214464e-28
(13,25): 1.0737702700560265e-27
(13,28): 1.774957390330081e-37
(14,5): 4.071570579548929e-17
(14,7): 4.375267947651691e-22
(14,8): 7.067813589028754e-15
(14,9): 7.067813589028754e-15
(14,11): 7.977276577709466e-19
(14,16): 2.552259834671714e-19
(14,24): 6.64344719491516e-30
(14,25): 6.371930193208556e-29
(14,29): 1.2777164304646624e-24
(15,10): 8.009067228913153e-22
(15,12): 1.0029998106505736e-21
(15,13): 6.749501673709857e-13
(15,17): 5.890420021868796e-29
(15,18): 1.1656611794164432e-25
(15,19): 1.3732088383067165e-11
(15,27): 1.6159736757361905e-24
(15,28): 5.544199122249355e-32
(16,7): 6.4983514909525425e-21
(16,8): 1.0497504964899693e-13
(16,9): 1.0497504964899693e-13
(16,11): 1.1848267914871714e-17
(16,14): 5.840309231918535e-19
(16,26): 1.0492300210282531e-32
(16,28): 1.5643880816278137e-37
(17,10): 3.51282610973743e-36
(17,12): 4.457294279410423e-36
(17,13): 4.7611958009226715e-27
(17,15): 4.988784369179814e-24
(17,18): 0.0
(17,19): 1.0120295320485196e-25
(18,12): 4.969615426452307e-33
(18,13): 5.308426469240389e-24
(18,15): 5.562151866398007e-21
(18,17): 0.0
(18,19): 1.1283521813837952e-22
(18,29): 4.933020987214457e-29
(19,2): 2.9701013822910947e-23
(19,3): 2.8785198756936944e-18
(19,4): 1.9479734172198358e-16
(19,10): 7.123913175187322e-26
(19,12): 8.921459088737749e-26
(19,13): 6.003542551778396e-17
(19,15): 4.476924202450466e-14
(19,17): 3.349628090675726e-33
(19,18): 6.452524342850085e-30
(19,29): 3.6744913773254026e-22
(20,0): 2.225436265923078e-31
(20,1): 0.0
(21,0): 2.7966349662609915e-20
(21,1): 1.320305986305736e-28
(21,3): 2.222726329773132e-19
(21,22): 0.0
(22,6): 0.0
(22,21): 2.284347879251881e-37
(23,10): 9.699867876982549e-33
(23,25): 6.241526762664916e-33
(24,7): 5.127291186411935e-25
(24,10): 2.458939284956859e-31
(24,13): 3.3327843486520344e-22
(24,14): 5.02283420909014e-23
(24,27): 8.336547161314122e-34
(25,7): 4.3263849668138774e-24
(25,13): 2.8121885063267243e-21
(25,14): 4.238244954116464e-22
(25,23): 7.935331653924282e-34
(26,12): 1.6461106773426906e-33
(26,16): 1.881561646064438e-24
(27,15): 1.2846008930432536e-19
(27,24): 6.228587508598239e-33
(27,29): 1.1393049475351604e-27
(28,7): 1.3344463426325684e-31
(28,13): 8.673985829791112e-29
(28,15): 9.088539212165977e-26
(28,16): 9.281861079606979e-29
(29,7): 9.610243325571463e-21
(29,14): 9.414493069250577e-19
(29,18): 1.1271214417322775e-30
(29,19): 1.3277944220859583e-16
(29,27): 1.562545632943529e-29
