Interaction name: 5o2d

Affinity: 5.679999828338623
Predicted value: 5.9916486740112305

Shapley values for edges: 

(0,1): -0.05053829193115234
(0,2): -0.05664600849151611
(0,3): -0.0014985418319702149
(0,4): -0.03521162986755371
(0,5): -0.012228460311889648
(0,6): -0.05502365112304688
(0,14): -0.007230358123779297
(0,20): -0.02305373191833496
(0,24): -0.07434393405914307
(0,25): 0.05602972984313965
(1,0): -0.03156298637390137
(1,2): -0.03427361488342285
(1,4): -0.04990244388580322
(1,5): -0.014841623306274414
(1,24): 0.006688904762268066
(1,25): -0.06331153869628907
(2,0): -0.012264447212219238
(2,1): 0.017788867950439453
(2,4): -0.003895735740661621
(2,5): -0.04396860122680664
(2,6): -0.054266772270202636
(2,12): 0.04940059661865234
(2,14): -0.008171329498291016
(2,15): 0.04644890785217285
(2,16): 0.02982914447784424
(2,20): -0.005124387741088868
(3,0): -0.001389021873474121
(3,6): -0.03504022598266601
(3,7): -0.02705042839050293
(3,8): 0.04556094646453857
(3,10): 0.03888644218444824
(3,11): 0.026023926734924315
(3,12): 0.02326540946960449
(3,14): 0.005928521156311035
(3,16): 0.02994997501373291
(3,17): 0.04347047805786133
(3,19): -0.003437180519104004
(3,20): -0.07749983310699463
(3,21): 0.013525443077087402
(3,26): -0.031566891670227054
(4,0): -0.006479902267456055
(4,1): -0.04147273063659668
(4,2): 0.012832288742065429
(4,27): 0.04646064758300781
(4,28): 0.015658555030822755
(4,31): 0.013434276580810547
(5,0): 0.005848426818847657
(5,1): -0.051369729042053225
(5,2): 0.031176424026489256
(5,6): -0.020082621574401854
(5,12): 0.002052254676818848
(5,13): 0.02776233673095703
(5,14): -0.02826029300689697
(5,15): -0.04076694965362549
(5,22): 0.03493375301361084
(6,0): 0.0018425989151000977
(6,2): 0.031736292839050294
(6,3): 0.004954948425292969
(6,5): 0.02363901138305664
(6,7): 0.006914882659912109
(6,12): 0.023658609390258788
(6,13): 0.008033266067504883
(6,14): -0.0359574031829834
(6,16): -0.03961333751678467
(6,17): -0.0015034341812133788
(6,18): 0.020702314376831055
(6,19): -0.00911001205444336
(6,20): -0.06091209411621094
(6,21): 0.016210603713989257
(6,22): 0.006758217811584473
(6,27): 0.04537712097167969
(6,35): 0.0031221771240234376
(6,38): -0.00893813133239746
(7,3): -0.04852048397064209
(7,6): 0.00362001895904541
(7,8): -0.015679712295532226
(7,9): 0.005979280471801757
(7,10): 8.655071258544921e-05
(7,11): -0.025963277816772462
(7,17): 0.004459948539733887
(7,19): -0.020068144798278807
(7,20): -0.04477224349975586
(7,21): -0.04562961578369141
(7,23): -0.0008512783050537109
(7,29): 0.0013640928268432617
(7,41): 0.035818443298339844
(8,3): 0.0038390541076660156
(8,7): -0.008648223876953125
(8,9): -0.034430737495422366
(8,10): 0.0010127544403076172
(8,11): 0.006604685783386231
(8,17): 0.015248503684997559
(8,19): 0.008930082321166993
(8,20): -7.496356964111329e-05
(8,21): -0.05505829811096191
(8,23): 0.025069780349731445
(8,29): 0.014207553863525391
(8,32): 0.0046504497528076175
(8,42): 0.029588770866394044
(9,7): 0.01031322479248047
(9,8): -0.06596073150634765
(9,10): -0.02329538345336914
(9,11): -0.003965668678283692
(9,19): 0.020293498039245607
(9,21): -0.009170641899108887
(9,39): 0.009413900375366211
(9,40): -0.0019219207763671875
(9,43): 0.023283772468566895
(10,3): 0.005130953788757324
(10,7): -0.008797683715820313
(10,8): -0.010495166778564453
(10,9): -0.06830591678619385
(10,11): -0.020853734016418456
(10,21): 0.005218009948730468
(10,23): 0.028396668434143065
(10,42): 0.009199495315551759
(11,3): -0.013635077476501466
(11,7): -0.014195857048034667
(11,8): -0.002706942558288574
(11,9): 0.003084454536437988
(11,10): -0.02065629482269287
(11,19): 0.005879778861999512
(11,20): 0.010883197784423829
(11,21): 0.0037920618057250975
(11,23): 0.011740293502807617
(11,35): 0.012923922538757324
(11,41): 0.028892555236816407
(12,2): 0.021503725051879884
(12,3): 0.014300909042358399
(12,5): 0.016690192222595216
(12,6): -0.03500059604644776
(12,13): -0.004335346221923828
(12,14): -0.048547983169555664
(12,15): -0.0012032079696655273
(12,16): 0.015964088439941407
(12,20): -0.0005080080032348632
(12,22): 0.02831376075744629
(12,29): 0.008295526504516601
(12,38): 0.02298447608947754
(13,5): -0.017544898986816406
(13,6): 0.01618748188018799
(13,12): -0.030882697105407714
(13,14): -0.02733262062072754
(13,15): -0.0663929271697998
(13,29): 0.015904221534729004
(13,30): 0.006601319313049316
(14,0): 0.00903787612915039
(14,2): 0.02969642639160156
(14,3): 0.00872868537902832
(14,5): -0.0019249963760375978
(14,6): -0.055676541328430175
(14,12): -0.0423479700088501
(14,13): 0.016467819213867186
(14,15): 0.01544713020324707
(14,16): 0.008829560279846192
(14,18): 0.0302996826171875
(14,19): 0.01799642562866211
(14,20): -0.017868547439575194
(14,22): 0.007276487350463867
(14,33): 0.024928979873657227
(15,2): 0.044665861129760745
(15,5): -0.023001561164855956
(15,12): -0.00021209239959716798
(15,13): -0.016474666595458983
(15,14): -0.01643378734588623
(15,22): -0.0010738086700439453
(15,33): 0.019524354934692383
(15,34): 0.007359776496887207
(15,35): 0.003387608528137207
(16,2): 0.038591322898864744
(16,3): 0.018693008422851563
(16,6): -0.043558964729309084
(16,12): 0.012822093963623047
(16,14): -0.002951946258544922
(16,17): 0.03360997200012207
(16,18): -0.005421504974365234
(16,19): 0.004936890602111816
(16,20): -0.031152257919311522
(16,33): 0.04287774562835693
(16,35): 0.018371567726135254
(16,36): 0.014994711875915527
(17,3): 0.000993647575378418
(17,6): -0.030043048858642576
(17,7): 0.013895750045776367
(17,8): 0.0176216983795166
(17,16): 0.0031842756271362304
(17,18): -0.007095108032226563
(17,19): -0.03951135158538818
(17,20): -0.01949729919433594
(17,21): 0.002867770195007324
(17,31): 0.01888709545135498
(17,35): 0.005219597816467286
(17,37): 0.020362405776977538
(18,6): -0.029649415016174317
(18,14): 0.029384775161743162
(18,16): -0.048268365859985354
(18,17): -0.029383697509765626
(18,19): -0.020997958183288576
(18,20): -0.008545184135437011
(18,21): 0.018503437042236327
(19,3): 0.0013182401657104493
(19,6): -0.029158859252929686
(19,7): -0.0017366647720336915
(19,8): 0.0015093708038330079
(19,9): 0.01853935718536377
(19,11): 0.01612093925476074
(19,14): 0.03224560260772705
(19,16): 0.008108248710632324
(19,17): -0.025061588287353515
(19,18): 0.017866458892822266
(19,20): -0.030154671669006348
(19,21): -0.047305550575256344
(19,23): -0.012839770317077637
(19,31): 0.005542473793029785
(19,38): 0.016546554565429687
(20,0): -0.0009141254425048828
(20,2): 0.017807202339172365
(20,3): -0.045159587860107424
(20,6): -0.04230916976928711
(20,7): -0.013594365119934082
(20,8): 0.0035382366180419923
(20,11): 0.007328939437866211
(20,12): 0.00813812255859375
(20,14): -0.01032388687133789
(20,16): 0.004272408485412597
(20,17): -0.003533625602722168
(20,18): 0.025822649002075194
(20,19): -0.04156615257263183
(20,21): -0.005622639656066895
(20,29): -0.003910942077636719
(20,34): 0.09155471324920654
(20,37): 0.03651652336120605
(20,41): 0.01417766571044922
(21,3): -0.017748961448669432
(21,6): -0.010740113258361817
(21,7): -0.02921727180480957
(21,8): -0.060195636749267575
(21,9): -0.0035627079010009765
(21,10): -0.0027206277847290038
(21,11): 0.001576251983642578
(21,17): 0.02371922492980957
(21,18): 0.020493149757385254
(21,19): -0.04482865333557129
(21,20): -0.037982091903686524
(21,23): 0.007060055732727051
(21,43): 0.007265520095825195
(22,5): 0.046638264656066894
(22,6): -0.06305952548980713
(22,12): -0.05980348587036133
(22,14): -0.03485082149505615
(22,15): 0.0029703760147094726
(23,7): -0.009656410217285156
(23,8): -0.04841370105743408
(23,10): -0.002277336120605469
(23,11): -0.028566389083862304
(23,19): -0.013371233940124511
(23,21): -0.0019881391525268556
(24,0): -0.03093449115753174
(24,1): -0.023186941146850586
(24,26): -0.03548642158508301
(24,27): -0.04043066024780274
(24,34): -0.0006785821914672851
(24,41): -0.026481776237487792
(25,0): 0.02590308666229248
(25,1): -0.03950443744659424
(25,34): 0.013477830886840821
(26,3): 0.008139281272888184
(26,24): -0.02400090217590332
(26,41): 0.04092968463897705
(27,4): 0.0125523042678833
(27,6): -0.006216750144958496
(27,24): -0.035753941535949706
(27,41): -0.003315706253051758
(27,43): -0.012305870056152343
(28,4): -0.005256185531616211
(28,35): 0.0028170108795166015
(29,7): -0.010181651115417481
(29,8): 0.017373690605163573
(29,12): -0.005425434112548828
(29,13): -0.003314480781555176
(29,20): -0.0078167724609375
(29,38): 0.0044196128845214845
(30,13): -0.014258337020874024
(30,33): -0.0023786449432373047
(31,4): 0.07805807590484619
(31,17): 0.005210695266723633
(31,19): 0.032759475708007815
(31,32): -0.0057045650482177735
(31,43): 0.019097781181335448
(32,8): 0.016733307838439942
(32,31): -0.024537768363952637
(33,14): -0.007595047950744629
(33,15): -0.005322093963623047
(33,16): -0.010041794776916503
(33,30): 0.01632218360900879
(34,15): 0.009531745910644531
(34,20): -0.04039790630340576
(34,24): -0.021724276542663574
(34,25): -0.05429342269897461
(35,6): 0.0006941270828247071
(35,11): 0.009072279930114746
(35,15): 0.008822541236877441
(35,16): 0.00011202335357666016
(35,17): -7.008552551269531e-05
(35,28): -0.03292032241821289
(36,16): 0.020602617263793945
(36,37): 0.0182792329788208
(36,38): 0.01721092700958252
(37,17): 0.008251004219055176
(37,20): -0.003058195114135742
(37,36): 0.011200556755065918
(38,6): 0.0132257080078125
(38,12): 0.011803851127624512
(38,19): 0.013015713691711426
(38,29): -0.012895936965942384
(38,36): 0.009658784866333007
(39,9): 0.003342447280883789
(40,9): 0.0028522968292236327
(41,7): 0.026211118698120116
(41,11): 0.013366289138793945
(41,20): -0.004569625854492188
(41,24): -0.008689379692077637
(41,26): -0.016646199226379395
(41,27): -0.0020327186584472657
(41,43): 0.02364156723022461
(42,8): 0.013814024925231934
(42,10): -0.02228381633758545
(43,9): 0.01973689079284668
(43,21): 0.007398061752319336
(43,27): -0.008163790702819824
(43,31): 0.024109277725219726
(43,41): 0.02536980152130127
