Interaction name: 6fgy

Affinity: 7.150000095367432
Predicted value: 6.756631851196289

Attributions for edges: 

(0,1): 1.5903639059824783e-22
(0,3): 7.174767531654627e-21
(0,7): 4.384818260646313e-25
(0,13): 7.621913422563327e-25
(0,15): 1.4609484345817125e-22
(1,0): 4.1025235179659786e-22
(1,3): 1.2261850952621712e-21
(1,10): 4.978411962147756e-21
(1,13): 1.3026033649987683e-25
(2,4): 4.057141422939445e-22
(2,5): 1.166855283099057e-22
(2,6): 1.9073421773828596e-21
(2,8): 3.417758678314014e-22
(2,9): 2.0796844805069748e-22
(2,11): 2.1064397394039403e-22
(2,14): 1.9680443803291178e-22
(2,17): 2.336655983491592e-22
(2,18): 1.955330340674107e-22
(2,19): 1.6863075674126096e-22
(2,20): 3.2884195686488737e-22
(3,0): 4.304579649169549e-21
(3,1): 2.851834661182764e-22
(3,8): 8.956164958038074e-20
(3,10): 5.22362650434419e-20
(3,13): 1.3667587107110315e-24
(3,16): 3.5150817825651287e-19
(3,19): 4.4189668533201987e-20
(3,20): 8.617298787878363e-20
(3,21): 0.0
(3,23): 2.805644384848372e-19
(4,2): 8.743006943715081e-24
(4,5): 1.3172282568235836e-19
(4,6): 2.1531498937046122e-18
(4,8): 3.85820638191584e-19
(4,9): 2.347711769366246e-19
(4,11): 2.377906188169904e-19
(4,14): 2.2216752934073067e-19
(4,17): 2.6378014252491784e-19
(4,18): 2.207322675803746e-19
(4,19): 1.9036297762534374e-19
(4,20): 3.7122270983761303e-19
(4,22): 3.393879543168612e-22
(4,24): 1.061115109224752e-19
(5,2): 3.960055711799607e-24
(5,4): 2.0744739797595205e-19
(5,6): 9.752473897660916e-19
(5,11): 1.0770442167535651e-19
(5,18): 9.997843196948906e-20
(5,22): 1.5372172739469076e-22
(5,23): 5.474357808082598e-19
(5,24): 4.8061943318632793e-20
(6,2): 2.288637893973044e-23
(6,4): 1.1988977954511884e-18
(6,5): 3.4480537865663084e-19
(6,8): 1.0099506149924116e-18
(6,11): 6.224547034158604e-19
(6,14): 5.815586871360856e-19
(6,17): 6.904836913534465e-19
(6,18): 5.778017361914463e-19
(6,19): 4.983071460844744e-19
(6,20): 9.717343537045789e-19
(6,22): 8.88401772378951e-22
(6,23): 3.163800200097667e-18
(6,24): 2.777637083283092e-19
(7,0): 9.935737022277568e-24
(7,12): 1.727092425630396e-24
(7,13): 3.1547225527128686e-27
(7,15): 6.046889516417159e-25
(8,2): 7.952129710020324e-24
(8,3): 5.0410389857027533e-20
(8,4): 4.1657048292717754e-19
(8,6): 1.958380085516498e-18
(8,9): 2.135342065134235e-19
(8,10): 2.0467109549688853e-19
(8,11): 2.1628051077058491e-19
(8,14): 2.0207064644617495e-19
(8,16): 1.3772723669106187e-18
(8,17): 2.3991724847307596e-19
(8,18): 2.0076522619259556e-19
(8,19): 1.7314308060003573e-19
(8,28): 2.4540628977100714e-19
(8,32): 2.9901596866814544e-20
(8,35): 6.875186624477502e-20
(9,2): 5.8161050045435184e-24
(9,4): 3.0467646899742237e-19
(9,8): 2.5666023710115594e-19
(9,10): 1.496943067670503e-19
(9,14): 1.4779181720757247e-19
(9,16): 1.0073264878966637e-18
(9,17): 1.7547363612650975e-19
(9,18): 1.468375997475072e-19
(9,19): 1.2663504452969782e-19
(9,20): 2.4694732725219344e-19
(9,33): 2.342228078892902e-19
(10,1): 8.017411736459708e-22
(10,3): 3.6169755060065446e-20
(10,8): 2.5178718686563534e-19
(10,9): 1.532114658069287e-19
(10,16): 9.88204863869005e-19
(10,19): 1.2423119304613337e-19
(10,20): 2.42258712443878e-19
(10,28): 1.7607980441914626e-19
(10,33): 2.2977668624742354e-19
(11,2): 5.849146049128248e-24
(11,4): 3.0640731857979544e-19
(11,5): 8.812369302068534e-20
(11,6): 1.4404702064805889e-18
(11,8): 2.5811728990077396e-19
(11,14): 1.4863139260461672e-19
(11,18): 1.4767120393450458e-19
(11,19): 1.273549372318633e-19
(11,20): 2.4835022557108337e-19
(11,35): 5.056986769418834e-20
(12,7): 1.5350292745490447e-25
(12,15): 5.114462296497733e-23
(12,29): 9.808235548313922e-22
(12,30): 9.808235548313922e-22
(12,35): 3.4256186611816956e-21
(13,0): 1.35052198112932e-23
(13,1): 8.94736688323892e-25
(13,3): 4.036499331186963e-23
(13,7): 2.466883606422767e-27
(13,15): 8.219276370889675e-25
(14,2): 5.616834795580165e-24
(14,4): 2.9423659663699647e-19
(14,6): 1.3832641530752231e-18
(14,8): 2.47865626979098e-19
(14,9): 1.5082520483607806e-19
(14,11): 1.5276502092069734e-19
(14,17): 1.694622431964484e-19
(14,18): 1.4180723009923667e-19
(14,19): 1.222963012710982e-19
(14,20): 2.3848738923609563e-19
(14,31): 1.9486391290748912e-19
(15,0): 4.200869103080327e-22
(15,7): 7.67340040169484e-26
(15,12): 7.302244954826995e-23
(15,13): 1.3338294378558105e-25
(15,35): 1.7124133097946524e-21
(16,3): 1.1956178433766567e-19
(16,8): 8.322947600877133e-19
(16,9): 5.064499120344464e-19
(16,10): 4.854306322840146e-19
(16,18): 4.761686909652583e-19
(16,19): 4.106522899876962e-19
(16,20): 8.008040458666079e-19
(16,32): 7.091940256709073e-20
(17,2): 6.256645165925098e-24
(17,4): 3.2775413600340415e-19
(17,6): 1.5408252059615941e-18
(17,8): 2.7609986037555293e-19
(17,9): 1.680062631466873e-19
(17,14): 1.5898628508179987e-19
(17,18): 1.5795980564040985e-19
(17,19): 1.3622700506346859e-19
(17,20): 2.656523365944609e-19
(17,32): 2.3526322015412292e-20
(17,33): 2.5196399672156855e-19
(17,34): 2.123619881878593e-19
(18,2): 5.601193655981895e-24
(18,4): 2.9341724839086855e-19
(18,5): 8.438802905212223e-20
(18,6): 1.37941238655287e-18
(18,8): 2.4717446587852167e-19
(18,9): 1.5040578549142246e-19
(18,11): 1.52340199052666e-19
(18,14): 1.4233128779138022e-19
(18,16): 9.701047045002729e-19
(18,17): 1.6898970334683041e-19
(18,19): 1.2195573550327363e-19
(18,20): 2.378232666017921e-19
(19,2): 5.113854321398079e-24
(19,3): 3.2417906139594996e-20
(19,4): 2.6788807654322103e-19
(19,6): 1.2593900306350742e-18
(19,8): 2.2566960525912705e-19
(19,9): 1.3731849573112645e-19
(19,10): 1.3161936348230387e-19
(19,11): 1.3908563786287528e-19
(19,14): 1.2994706277766307e-19
(19,16): 8.856995049880916e-19
(19,17): 1.5428652918460913e-19
(19,18): 1.291080819166841e-19
(19,20): 2.171294824223999e-19
(20,2): 7.735715975864708e-24
(20,3): 4.903867883217026e-20
(20,4): 4.0523523925245127e-19
(20,6): 1.9050908357091475e-18
(20,9): 2.0772297836690292e-19
(20,10): 1.991018176795397e-19
(20,11): 2.1039452617620485e-19
(20,14): 1.9657140756225463e-19
(20,16): 1.3397956050904084e-18
(20,17): 2.333889064342602e-19
(20,18): 1.9530226693335394e-19
(20,19): 1.6843107209002155e-19
(21,3): 5.0747127029394814e-33
(22,4): 4.428161159699182e-21
(22,5): 1.273562692834552e-21
(22,6): 2.0817660938470583e-20
(22,24): 1.0259355943710762e-21
(22,26): 3.450992725607815e-24
(22,32): 3.178576304286493e-22
(23,3): 1.0353726023272482e-19
(23,5): 2.460709293931935e-19
(23,6): 4.0222918735825114e-18
(24,4): 1.6477307262615893e-19
(24,5): 4.738942932475584e-20
(24,6): 7.746308105145112e-19
(24,22): 1.2209987828833372e-22
(24,27): 7.333064779638621e-30
(26,22): 2.888851036193001e-24
(26,27): 1.7349971006201786e-31
(27,24): 1.767744073590979e-26
(27,26): 5.946274999521564e-29
(27,32): 5.4768424793078026e-27
(28,8): 2.853362107941083e-19
(28,10): 1.66420532063029e-19
(28,33): 2.6039294131408976e-19
(29,12): 4.907268673939031e-22
(30,12): 4.907268673939031e-22
(31,14): 1.7677435179035524e-19
(31,34): 2.361219887263178e-19
(32,8): 6.710084605386186e-20
(32,16): 2.6335481659370073e-19
(32,17): 4.587572434670075e-20
(32,22): 5.902517301417971e-23
(32,27): 3.544929474057254e-30
(33,9): 2.0498207663311725e-19
(33,10): 1.9647466620467714e-19
(33,17): 2.3031021774252025e-19
(33,28): 2.355785569132646e-19
(34,17): 2.0701893134334665e-19
(34,31): 2.3805107731236805e-19
(35,8): 1.2859688429812632e-19
(35,11): 7.925707941124408e-20
(35,12): 1.0743718054129401e-21
(35,15): 3.7615578923257733e-22
