Interaction name: 5idp

Affinity: 7.349999904632568
Predicted value: 6.818875789642334

Shapley values for edges: 

(0,7): 0.06317312240600587
(0,8): 0.027178926467895506
(0,9): -0.008947300910949706
(0,17): 0.01761030197143555
(0,20): -0.011037325859069825
(0,21): 0.06850911140441894
(1,2): 0.027599492073059083
(1,3): -0.002073817253112793
(1,9): 0.01771641731262207
(1,10): -0.04634928464889526
(1,18): -0.016634383201599122
(1,19): 0.02395669460296631
(1,20): 0.015608830451965332
(1,21): -0.0003696393966674805
(2,1): 0.1047605037689209
(2,3): -0.025439467430114746
(2,9): 0.020468077659606933
(2,10): 0.03380131244659424
(2,17): 0.026353650093078614
(2,18): 0.0052833080291748045
(2,19): 0.023484749794006346
(2,20): 0.0033188819885253905
(2,22): 0.005846319198608399
(3,1): 0.011866331100463867
(3,2): -0.09821655750274658
(3,9): -0.0037123584747314454
(3,18): 0.018435816764831543
(3,19): -0.04337210178375244
(3,20): 0.0015749025344848633
(3,23): 0.009831533432006836
(4,5): 1.430511474609375e-08
(4,11): -0.09717020034790039
(4,13): -0.010279569625854492
(4,14): 0.007835192680358887
(4,15): -0.03286088943481445
(4,16): 0.09571004390716553
(5,4): -0.004846172332763672
(5,9): 0.009187393188476563
(5,11): -0.11940770149230957
(5,12): -0.02086271286010742
(5,13): 0.007761836051940918
(5,14): -0.001997966766357422
(5,15): 0.014439163208007812
(5,16): 0.02248518943786621
(5,20): -0.05579620361328125
(5,32): -0.0865708065032959
(5,33): -0.04624018669128418
(6,7): -0.047556681632995604
(6,12): 0.007755084037780762
(6,14): -0.017331767082214355
(6,24): -0.08050577163696289
(6,29): -0.08451565265655518
(6,30): -0.014233407974243164
(6,32): -0.021665711402893067
(7,0): -0.10755174160003662
(7,6): -0.018111419677734376
(7,12): -0.008292655944824218
(7,14): 0.009579768180847168
(7,25): -0.0024034404754638672
(8,0): -0.03195059776306152
(8,9): -6.67572021484375e-08
(8,10): -0.040298357009887695
(8,17): -0.014106335639953614
(8,18): -0.009309558868408204
(8,19): 0.01001275062561035
(8,20): -0.0095098876953125
(8,24): -0.10550713539123535
(9,0): -0.035604114532470706
(9,1): -0.11582196235656739
(9,2): -0.04820953369140625
(9,3): -0.08264395713806152
(9,5): -0.06057845592498779
(9,8): -0.007241377830505371
(9,10): -0.0031955432891845703
(9,14): 0.004410452842712402
(9,17): 0.00028618812561035154
(9,18): 0.002160048484802246
(9,19): 0.0004489469528198242
(9,32): -0.017998123168945314
(10,1): -0.06387218952178955
(10,2): -0.0013176631927490235
(10,8): 0.0007071113586425782
(10,9): 0.004841494560241699
(10,17): 0.00010169506072998047
(10,18): 0.0007739639282226562
(10,19): -0.01619227886199951
(10,20): -0.0026240634918212893
(10,26): 0.06877373218536377
(10,34): 0.004621148109436035
(11,4): -0.009710397720336914
(11,5): -0.029426913261413574
(11,13): 0.011803293228149414
(11,15): 0.006049690246582032
(11,16): -0.040540246963500975
(12,5): -0.011699142456054688
(12,6): 0.19841216564178465
(12,7): -0.02438108444213867
(12,14): -2.86102294921875e-08
(12,16): 0.02757716178894043
(12,27): -0.03346915721893311
(12,32): -0.007593293190002442
(12,33): -0.04609424591064453
(12,34): -0.004088783264160156
(13,4): 0.028780341148376465
(13,5): -0.010647706985473633
(13,11): -0.003942699432373047
(13,14): 0.0027685022354125978
(13,15): -7.724761962890626e-07
(13,16): -0.00015296459197998048
(13,30): -0.013664207458496093
(13,33): -0.056287131309509277
(14,4): 0.007800512313842774
(14,5): 9.5367431640625e-09
(14,6): 0.0017869138717651366
(14,7): -0.13659611225128174
(14,9): 0.015745019912719725
(14,12): -0.05865719795227051
(14,13): -0.0005549097061157227
(14,15): 0.0007545137405395507
(14,16): -0.04403843879699707
(14,20): 0.023231897354125976
(14,30): -0.03559455871582031
(15,4): 0.0025452470779418947
(15,5): 0.033189921379089354
(15,11): 0.005267195701599121
(15,13): 0.02334991455078125
(15,14): 0.0011816930770874024
(15,16): 0.004918889999389648
(15,29): -0.04610592365264893
(16,4): 0.024427289962768554
(16,5): -0.007135372161865234
(16,11): -0.011104779243469238
(16,12): -0.009613389968872071
(16,13): 0.008173823356628418
(16,14): -0.037826757431030276
(16,15): -0.0012024068832397461
(16,27): -0.057554678916931154
(17,0): 0.0015364789962768555
(17,2): 0.04157303810119629
(17,8): 0.0030398321151733397
(17,9): 0.0024779558181762694
(17,10): -0.00035617828369140627
(17,18): 0.014075756072998047
(17,19): 0.000921630859375
(17,20): -0.002082314491271973
(17,24): -0.06435129642486573
(17,30): -0.004875679016113282
(18,1): -0.08661050319671632
(18,2): 0.043197712898254394
(18,3): 0.0009456300735473633
(18,8): -0.001635584831237793
(18,9): -0.016784234046936033
(18,10): 0.0018376970291137695
(18,17): -0.10582201957702636
(18,19): -0.0020114803314208985
(18,20): -0.018946213722229002
(18,31): 0.001125459671020508
(18,32): 0.10640457153320312
(19,1): -0.004943666458129883
(19,2): 0.06848829746246338
(19,3): 0.03052915573120117
(19,8): -0.027954230308532713
(19,9): 0.000569005012512207
(19,10): 0.020040016174316406
(19,17): 0.016275954246520997
(19,18): 0.0025368404388427736
(19,20): -0.0007174396514892578
(19,28): 0.05557975292205811
(19,31): -0.07959988117218017
(19,33): 0.010959177017211915
(20,0): -0.10150224685668946
(20,1): -0.047658557891845706
(20,2): 0.001976613998413086
(20,3): -0.044824590682983396
(20,5): -0.06258995056152344
(20,8): 0.009162259101867676
(20,10): 0.026897072792053223
(20,14): 0.009150075912475585
(20,17): -0.0007552146911621094
(20,18): -0.0004288291931152344
(20,19): -0.00017534732818603516
(21,0): 0.10537641525268554
(21,1): -0.08888310909271241
(21,22): -0.03092846870422363
(21,23): -0.0004184865951538086
(22,2): -0.053471031188964846
(22,21): 0.020569276809692384
(22,28): -0.0852436351776123
(22,34): 0.027683796882629393
(23,3): 0.0014693593978881835
(23,21): -0.0002894020080566406
(24,6): 0.010510816574096679
(24,8): 0.08088265895843506
(24,17): 0.049447460174560545
(24,31): -0.05122512817382813
(25,7): 0.040685505867004396
(26,10): -0.10883028984069824
(26,28): -0.07126008987426757
(27,12): -0.09657176494598389
(27,16): -0.006864256858825683
(27,31): -0.030117149353027343
(28,19): -0.069583101272583
(28,22): -0.05449940681457519
(28,26): -0.05380513191223144
(29,6): -0.03885534763336182
(29,15): 0.07511494636535644
(29,30): -0.02634195804595947
(30,6): -0.02759291172027588
(30,13): -0.03937332630157471
(30,14): -0.060879607200622556
(30,17): 0.024279775619506835
(30,29): -0.06248358249664307
(31,18): 0.03191110610961914
(31,19): -0.06047560214996338
(31,24): 0.0022878313064575197
(31,27): -0.033666768074035645
(32,5): -0.04191192626953125
(32,6): -0.025354733467102052
(32,9): 0.011006336212158203
(32,12): -0.01642214775085449
(32,18): 0.07478647232055664
(33,5): -0.01250485897064209
(33,12): -0.059905505180358885
(33,13): -0.03161353588104248
(33,19): -0.06666962146759033
(34,10): 0.024748311042785645
(34,12): -0.08621994495391845
(34,22): 0.0003158140182495117
