Interaction name: 5ni5

Affinity: 8.050000190734863
Predicted value: 7.865765571594238

Attributions for edges: 

(0,1): 2.3377232255216562e-24
(0,6): 2.3535430421149584e-24
(0,7): 4.962266415420357e-25
(0,20): 7.343384386300155e-25
(0,23): 2.0534469431334967e-24
(0,24): 1.74432075336997e-24
(0,32): 5.468373271402388e-32
(0,33): 6.26445094458226e-25
(1,0): 2.562467330836407e-24
(1,6): 7.046221725759326e-23
(1,7): 1.485642021280101e-23
(1,20): 2.198520001882406e-23
(1,23): 6.147769739230115e-23
(1,24): 5.222283489478979e-23
(1,33): 1.875500236083946e-23
(2,5): 0.0
(2,8): 0.0
(2,9): 0.0
(2,16): 0.0
(2,21): 0.0
(2,22): 0.0
(2,32): 0.0
(3,5): 3.586459520200619e-28
(3,11): 5.530839391972599e-28
(3,15): 3.3571823751461797e-29
(3,16): 4.946686062022992e-28
(3,29): 1.7563883753602277e-29
(3,31): 3.3883713661480727e-28
(4,10): 6.100709428416347e-26
(4,16): 2.8091164271597213e-25
(4,17): 2.0106495996736882e-26
(4,18): 3.0977584137087936e-25
(4,26): 1.6049393605648951e-25
(4,31): 1.92419062935074e-25
(5,2): 0.0
(5,3): 4.957056231808545e-28
(5,8): 8.745308050975611e-24
(5,9): 4.454943971929845e-23
(5,16): 3.8210831905320886e-23
(5,22): 1.654656101312427e-23
(5,31): 2.61736838163658e-23
(5,34): 1.5021584777833602e-21
(6,0): 2.577899422294793e-24
(6,1): 7.040981796082486e-23
(6,7): 1.4945892816671177e-23
(6,20): 2.2117600855434544e-23
(6,23): 6.184793821411395e-23
(6,24): 5.253753990887504e-23
(6,37): 7.063203061149476e-23
(7,0): 6.111007144717392e-25
(7,1): 1.669090993700523e-23
(7,6): 1.6803989992325042e-23
(7,8): 3.2987185106425504e-24
(7,9): 1.6803989992325042e-23
(7,20): 5.2430602713424184e-24
(7,21): 7.81049407322287e-25
(7,22): 6.241340475502905e-24
(7,23): 1.466128600156373e-23
(7,24): 1.2454173095612933e-23
(7,35): 1.6803989992325042e-23
(7,38): 6.835572188377398e-26
(7,39): 1.663097701859197e-23
(7,52): 5.189885080569926e-26
(8,2): 0.0
(8,5): 1.0442195978621226e-23
(8,7): 3.540399459592396e-24
(8,9): 1.679181471311386e-23
(8,21): 7.804834982304041e-25
(8,22): 6.2368183303637254e-24
(8,23): 1.4650663200614024e-23
(8,24): 1.2445150104579015e-23
(8,49): 5.1718972800753386e-27
(8,58): 5.179622246712034e-25
(9,2): 0.0
(9,5): 4.4081850306337745e-23
(9,7): 1.4945892816671177e-23
(9,8): 1.3915435370617178e-23
(9,21): 3.2948073382744647e-24
(9,22): 2.6328800691603028e-23
(9,23): 6.184793821411395e-23
(9,40): 4.235562069732243e-22
(9,44): 7.034370806430849e-25
(10,4): 8.050187487122012e-26
(10,11): 1.4252712850644422e-23
(10,15): 8.651367536153498e-25
(10,16): 1.2747376128004573e-23
(10,17): 9.124080600693611e-25
(10,25): 2.832100777101854e-24
(10,26): 7.283017890211862e-24
(10,27): 1.334909950498453e-23
(10,28): 4.7215928418464786e-24
(10,29): 5.000479823745394e-25
(10,31): 8.731707300108695e-24
(10,41): 1.4861975371295576e-23
(10,52): 4.590114134330391e-26
(10,56): 1.4748104680133508e-25
(10,58): 4.584341891175469e-25
(10,59): 1.693428969791447e-24
(11,3): 7.602069676566671e-28
(11,10): 1.2726435026414576e-23
(11,12): 8.833727525537308e-23
(11,13): 6.404873392193574e-23
(11,14): 9.181665671837708e-23
(11,15): 3.9770264764536266e-24
(11,16): 5.859980659231006e-23
(11,17): 4.1943477950807e-24
(11,19): 2.991615512442644e-23
(11,26): 3.347997310328168e-23
(11,29): 2.298716420341193e-24
(11,30): 1.149883439283319e-21
(11,31): 4.013973565810558e-23
(11,35): 6.832037785838407e-23
(11,41): 6.832037785838407e-23
(11,42): 6.832037785838407e-23
(11,44): 6.779691007484772e-25
(11,56): 6.779691007484772e-25
(12,11): 8.925387482925472e-23
(12,13): 8.725019337354232e-23
(12,14): 1.2507695099221644e-22
(12,15): 5.417670688408563e-24
(12,26): 4.5607986924465556e-23
(12,29): 3.131419256445994e-24
(12,30): 1.566425120330867e-21
(12,31): 5.468022812241825e-23
(12,43): 5.444358247262643e-23
(13,11): 6.418619766783593e-23
(13,12): 8.653917726244851e-23
(13,14): 8.994773163793815e-23
(13,15): 3.896073570359846e-24
(13,19): 2.9307208148137376e-23
(13,29): 2.2519346020788712e-24
(13,43): 3.9152801245914434e-23
(13,57): 6.692971074578805e-23
(13,59): 7.626222082220031e-24
(14,11): 9.327500809664106e-23
(14,12): 1.2575871614094464e-22
(14,13): 9.118105570982241e-23
(14,15): 5.6617521410929965e-24
(14,19): 4.25890698827263e-23
(14,29): 3.2724859273155572e-24
(14,30): 1.6369969955651732e-21
(14,31): 5.714329168223343e-23
(15,3): 5.36549878772944e-29
(15,10): 8.98235089223321e-25
(15,11): 4.624408333766871e-24
(15,12): 6.23484420594841e-24
(15,13): 4.520559134329503e-24
(15,14): 6.480443032584036e-24
(15,19): 2.111481862208796e-24
(15,29): 1.622439869968674e-25
(15,30): 8.11593857025564e-23
(15,31): 2.833073245382765e-24
(15,38): 1.9615494794482934e-26
(15,49): 1.4852027359190857e-27
(15,52): 1.4892995933560857e-26
(15,58): 1.4874268190781635e-25
(16,2): 0.0
(16,3): 6.890124154052166e-28
(16,4): 3.354091369289375e-25
(16,5): 3.850699868813344e-23
(16,10): 1.1534627915111198e-23
(16,11): 5.938381442524215e-23
(16,17): 3.801541212643592e-24
(16,31): 3.6380450568711056e-23
(16,41): 6.192206589565576e-23
(16,44): 6.144762502851799e-25
(16,55): 3.181352652910764e-23
(16,57): 6.192206589565576e-23
(17,4): 2.1394602625117775e-26
(17,10): 7.357515843341058e-25
(17,11): 3.787861575686154e-24
(17,16): 3.387809700265043e-24
(17,18): 3.7359139017859926e-24
(17,25): 7.526738833462609e-25
(17,26): 1.9355656831292842e-24
(17,27): 3.547740599176383e-24
(17,28): 1.2548351254782743e-24
(17,29): 1.3289435538836143e-25
(17,31): 2.320584039064372e-24
(17,43): 2.3105495311347343e-24
(17,47): 2.3105495311347343e-24
(18,4): 3.6309702071464375e-25
(18,17): 4.1153567860582045e-24
(18,26): 3.284944604806939e-23
(18,27): 6.021001053938546e-23
(18,28): 2.12964313629793e-23
(18,29): 2.2554249171540216e-24
(18,35): 6.703345542115548e-23
(18,45): 6.035165840352695e-23
(18,46): 6.703345542115548e-23
(18,47): 3.9213489893074897e-23
(18,51): 6.384942979195346e-23
(19,11): 3.26089823114963e-23
(19,13): 3.1876938324112926e-23
(19,14): 4.5697150294860876e-23
(19,15): 1.9793585074217235e-24
(19,30): 5.7229483255826605e-22
(19,48): 3.4002921619127174e-23
(19,49): 1.0472937407385574e-26
(19,57): 3.4002921619127174e-23
(19,58): 1.0488620640108708e-24
(19,59): 3.874405533445688e-24
(20,0): 9.125646489590475e-25
(20,1): 2.4924756075776273e-23
(20,6): 2.5093523400117446e-23
(20,7): 5.290757562685249e-24
(20,23): 2.1893807327510585e-23
(20,24): 1.8597979597655217e-23
(20,35): 2.5093523400117446e-23
(20,36): 2.1496402869287396e-23
(20,50): 2.5093523400117446e-23
(20,52): 7.750122055108241e-26
(20,56): 2.4901257289916323e-25
(21,2): 0.0
(21,7): 6.883566732370077e-25
(21,8): 6.409021538377588e-25
(21,9): 3.26481760767113e-24
(21,22): 1.2126191355277587e-24
(21,23): 2.8485153948176927e-24
(21,24): 2.4197087505403708e-24
(21,44): 3.23980274208491e-26
(21,55): 1.677349617960327e-24
(21,56): 3.23980274208491e-26
(22,2): 0.0
(22,5): 1.7975995906046468e-23
(22,7): 6.094690838791866e-24
(22,8): 5.674552592571565e-24
(22,9): 2.890671608833115e-23
(22,21): 1.3435840480755144e-24
(22,23): 2.5220774552738647e-23
(22,24): 2.142403434756423e-23
(22,36): 2.476298121449898e-23
(22,52): 8.927825442761915e-26
(23,0): 2.2833261385107835e-24
(23,1): 6.236394159854988e-23
(23,6): 6.278644287761177e-23
(23,7): 1.3237942692551648e-23
(23,8): 1.2325336332572237e-23
(23,9): 6.278644287761177e-23
(23,20): 1.9590175712084186e-23
(23,21): 2.9183142021421004e-24
(23,22): 2.332015461884975e-23
(23,24): 4.6533787771945693e-23
(23,36): 5.378610161800454e-23
(23,52): 1.9391491577469605e-25
(23,55): 3.225761419798e-23
(24,0): 1.8999975226346792e-24
(24,1): 5.1894372146517486e-23
(24,6): 5.224575288180827e-23
(24,7): 1.101553456250952e-23
(24,8): 1.0256175477421964e-23
(24,20): 1.63012804918639e-23
(24,21): 2.4283822761932758e-24
(24,22): 1.9405126298659252e-23
(24,23): 4.5583813070885963e-23
(24,55): 2.684215034795379e-23
(25,10): 3.0216520224976584e-24
(25,17): 9.95868754980839e-25
(25,26): 7.949157282129452e-24
(25,27): 1.45701268130782e-23
(25,28): 5.153471310488731e-24
(25,49): 4.99618467641318e-27
(25,51): 1.5450826904885042e-23
(25,54): 1.6221386237104927e-23
(26,4): 2.0357801812939426e-25
(26,10): 7.000937796583838e-24
(26,11): 3.604312102386407e-23
(26,12): 4.8595220156807516e-23
(26,17): 2.307360955355831e-24
(26,18): 3.554881446976534e-23
(26,25): 7.161986905828328e-24
(26,27): 3.375800870704864e-23
(26,28): 1.1940248359662264e-23
(26,29): 1.264546693474837e-24
(26,46): 3.758371904010639e-23
(26,51): 3.5798394282959164e-23
(26,58): 1.1593160013772013e-24
(27,10): 1.1833100538349714e-23
(27,17): 3.899910195372389e-24
(27,18): 6.008472680586188e-23
(27,25): 1.210526149495549e-23
(27,26): 3.112971980835672e-23
(27,28): 2.0181524779299582e-23
(27,45): 5.719235883053818e-23
(27,51): 6.050702613653204e-23
(28,10): 4.761184587388163e-24
(28,17): 1.5691799259526773e-24
(28,18): 2.4175877796675483e-23
(28,25): 4.8707100354690486e-24
(28,26): 1.2525450622704177e-23
(28,27): 2.295808324057141e-23
(28,41): 2.555976543865203e-23
(28,52): 7.894151416366878e-26
(28,53): 2.555976543865203e-23
(28,54): 2.555976543865203e-23
(28,56): 2.536412142605475e-25
(29,3): 2.538487912306948e-29
(29,10): 4.249636097699246e-25
(29,11): 2.1878516836584686e-24
(29,12): 2.949775749979351e-24
(29,13): 2.1387277373685458e-24
(29,14): 3.065959381315528e-24
(29,15): 1.3280162725414303e-25
(29,17): 1.400590243226599e-25
(29,18): 2.1578467674827085e-24
(29,26): 1.1179739707020574e-24
(29,30): 3.839727760254806e-23
(29,31): 1.3403538598838606e-24
(29,47): 1.3345630291938595e-24
(30,11): 1.4006463923736803e-21
(30,12): 1.8884246617869356e-21
(30,14): 1.9628121499347127e-21
(30,15): 8.501862577952967e-23
(30,19): 6.395306718223778e-22
(30,29): 4.9140850001399923e-23
(31,3): 4.795204931142131e-28
(31,4): 2.3343005552691286e-25
(31,5): 2.679917951672459e-23
(31,10): 8.02753376850678e-24
(31,11): 4.1328369181987253e-23
(31,12): 5.572106382254133e-23
(31,14): 5.791576952417481e-23
(31,15): 2.5086139662044577e-24
(31,16): 3.696350713009077e-23
(31,17): 2.6457055669726123e-24
(31,29): 1.4499813668443589e-24
(32,0): 5.81075892321922e-32
(32,2): 0.0
(33,0): 6.98746020662575e-25
(33,1): 1.9084757263274515e-23
(33,37): 1.914498521566633e-23
(33,38): 7.815945102077948e-26
(33,39): 1.9016227338716156e-23
(34,5): 1.828014223779639e-21
(34,40): 1.7564231957915948e-20
(35,7): 1.4945892816671177e-23
(35,11): 6.798111087115386e-23
(35,18): 6.704828600617363e-23
(35,20): 2.2117600855434544e-23
(36,20): 1.8888693773890885e-23
(36,22): 2.2485109063071667e-23
(36,23): 5.281887295122582e-23
(36,41): 6.053819560861913e-23
(36,57): 6.053819560861913e-23
(37,6): 7.066005726173545e-23
(37,33): 1.8807663559428393e-23
(37,38): 2.8743396933224275e-25
(38,7): 5.016296546524834e-26
(38,15): 1.3849587178706117e-26
(38,33): 6.332684454655483e-26
(38,37): 2.3706349955255426e-25
(39,7): 1.4808892920983255e-23
(39,33): 1.869507417559163e-23
(39,55): 3.60854923208053e-23
(40,9): 4.693332120797989e-22
(40,34): 1.5825404606275718e-20
(41,10): 1.3204505245362045e-23
(41,11): 6.798111087115386e-23
(41,16): 6.080087366828324e-23
(41,28): 2.2520475275174536e-23
(41,36): 6.072507991250961e-23
(41,57): 7.088683899476838e-23
(42,11): 6.798111087115386e-23
(42,58): 2.1865833925380995e-24
(43,12): 5.715047978280181e-23
(43,13): 4.1436664007055994e-23
(43,17): 2.713565551407213e-24
(43,48): 4.4200390856843496e-23
(44,9): 6.311609542534437e-25
(44,11): 6.052912962466588e-25
(44,16): 5.413619098799348e-25
(44,21): 2.9336470573638e-26
(45,18): 6.020242485292086e-23
(45,27): 5.71694566207378e-23
(45,56): 6.316112952227118e-25
(46,18): 6.704828600617363e-23
(46,26): 3.473765088903192e-23
(47,17): 2.713565551407213e-24
(47,18): 4.180708153371157e-23
(47,29): 1.4871665935870538e-24
(48,19): 3.103983699681584e-23
(48,43): 4.146749900211927e-23
(49,8): 3.1613001812519344e-27
(49,15): 9.374348448508207e-28
(49,19): 7.051611453959092e-27
(49,25): 3.068786210443349e-27
(50,20): 2.2117600855434544e-23
(51,18): 6.39708386407106e-23
(51,25): 1.2888194899334671e-23
(51,26): 3.314297803545851e-23
(51,27): 6.074824717957414e-23
(51,59): 7.70635141752876e-24
(52,7): 3.7257768049608214e-26
(52,10): 3.2916758932814316e-26
(52,15): 1.0286525877696356e-26
(52,20): 5.513571350016827e-26
(52,22): 6.563382512304292e-26
(52,23): 1.5417721863959377e-25
(52,28): 5.614001355120031e-26
(53,28): 2.2520475275174536e-23
(53,56): 7.034370806430849e-25
(54,25): 1.3508206438680367e-23
(54,28): 2.2520475275174536e-23
(55,16): 3.0766695486104874e-23
(55,21): 1.6672512122973667e-24
(55,23): 3.1296415583960784e-23
(55,24): 2.658514893136365e-23
(55,39): 3.5501113628548436e-23
(56,10): 1.1757047345945875e-25
(56,11): 6.052912962466588e-25
(56,20): 1.9693105149009873e-25
(56,21): 2.9336470573638e-26
(56,28): 2.0051816226351004e-25
(56,45): 5.682477686440642e-25
(56,53): 6.311609542534437e-25
(57,13): 6.645447569293395e-23
(57,16): 6.080087366828324e-23
(57,19): 3.103983699681584e-23
(57,36): 6.072507991250961e-23
(57,41): 7.088683899476838e-23
(58,8): 3.7655432215632544e-25
(58,10): 3.5731501540601977e-25
(58,15): 1.1166094385512513e-25
(58,19): 8.399438889614379e-25
(58,26): 9.400037950405762e-25
(58,42): 1.9182040378967276e-24
(59,10): 1.38644029725823e-24
(59,13): 6.977582780623865e-24
(59,19): 3.259118482061361e-24
(59,51): 7.089410124826185e-24
