Interaction name: 5l26

Affinity: 5.349999904632568
Predicted value: 6.420754432678223

Attributions for edges: 

(0,2): 2.861876430577034e-26
(0,6): 2.8068747602602513e-27
(0,7): 5.955500473585371e-26
(0,10): 4.8757967215194785e-27
(0,14): 1.9239096438755736e-27
(1,6): 4.1137805834213026e-27
(1,15): 8.92880843740553e-27
(2,0): 2.879793125738075e-26
(2,3): 4.761672892288495e-25
(2,4): 3.873221256011725e-25
(2,8): 6.504662048450452e-25
(2,10): 3.7977538914376256e-26
(2,11): 4.012944053025438e-25
(2,12): 3.5667088582500353e-25
(2,15): 4.7452232935218904e-26
(3,2): 4.773804093896597e-25
(3,4): 8.29480832345039e-25
(3,5): 9.60743835707355e-25
(3,7): 9.934177641483173e-25
(3,9): 2.547642662275041e-24
(3,10): 8.13315839801896e-26
(3,11): 8.594002557201958e-25
(3,12): 7.6383877964927365e-25
(3,13): 3.5113051847241006e-25
(3,15): 1.016227011621394e-25
(4,2): 3.8806155944030078e-25
(4,3): 8.289525913613804e-25
(4,5): 7.809838332595405e-25
(4,7): 8.07553506712096e-25
(4,8): 1.1323871496937373e-24
(4,9): 2.070965966116645e-24
(4,10): 6.61145434001378e-26
(4,11): 6.9860752626990215e-25
(4,12): 6.209207508427698e-25
(4,13): 2.854322594371477e-25
(4,15): 8.260890386013797e-26
(5,3): 9.605239407300247e-25
(5,4): 7.813056885088707e-25
(5,8): 1.3121146116292114e-24
(5,11): 8.09484293081431e-25
(5,12): 7.194732916434505e-25
(5,13): 3.3073479093885697e-25
(5,15): 9.572022816512202e-26
(5,16): 4.492570250804649e-25
(6,0): 2.803161759920467e-27
(6,1): 4.106114226684675e-27
(7,0): 6.006905854917e-26
(7,3): 9.93228338923451e-25
(7,4): 8.079110086135809e-25
(7,8): 1.3567951016552506e-24
(7,10): 7.921693139017989e-26
(7,11): 8.370491638697294e-25
(7,12): 7.439759523091006e-25
(8,2): 6.527879210967238e-25
(8,4): 1.134267695484171e-24
(8,5): 1.313757315856721e-24
(8,7): 1.358442144617739e-24
(8,9): 3.483742680518518e-24
(8,10): 1.1121629747551665e-25
(8,11): 1.1751806844344879e-24
(8,12): 1.044497986875575e-24
(8,13): 4.8014724040710925e-25
(9,3): 2.5547078977574266e-24
(9,4): 2.078048753754172e-24
(9,8): 3.489847675064023e-24
(9,11): 2.1530037531703304e-24
(9,12): 1.9135921598295792e-24
(9,13): 8.796594856652423e-25
(10,0): 4.8829627216565545e-27
(10,2): 3.7796735692685093e-26
(10,3): 8.073899536597307e-26
(10,4): 6.567464867488811e-26
(10,7): 7.86547508986693e-26
(10,8): 1.102935644094893e-25
(10,11): 6.804353634350859e-26
(10,12): 6.047739883821084e-26
(10,13): 2.780086345847588e-26
(10,17): 8.035973026352366e-28
(10,18): 1.4888168782748245e-26
(11,2): 4.0217709135167953e-25
(11,3): 8.591052217416431e-25
(11,4): 6.988126794090662e-25
(11,5): 8.093947080648819e-25
(11,7): 8.369246224543176e-25
(11,8): 1.1735813675567654e-24
(11,9): 2.146296068893236e-24
(11,10): 6.851941668458316e-26
(11,12): 6.435063315973131e-25
(11,13): 2.9581467967789105e-25
(11,19): 1.6614537255934777e-25
(12,2): 3.573341206310681e-25
(12,3): 7.633144336663346e-25
(12,4): 6.208923025463753e-25
(12,5): 7.191467525324956e-25
(12,7): 7.436070119244901e-25
(12,8): 1.0427263038900618e-24
(12,9): 1.906982688735185e-24
(12,10): 6.087945905488903e-26
(12,11): 6.4328791573418005e-25
(12,13): 2.6283117263543614e-25
(12,18): 1.4075369030541686e-25
(13,3): 3.5013268338301534e-25
(13,4): 2.8480356194758986e-25
(13,5): 3.298729357479997e-25
(13,8): 4.7829721367294625e-25
(13,9): 8.747338381730423e-25
(13,10): 2.7925330918177784e-26
(13,11): 2.9507531979447265e-25
(13,12): 2.622642774674217e-25
(13,20): 2.690864636723136e-26
(13,21): 3.0566972175159084e-25
(14,0): 1.9203243326911024e-27
(14,18): 5.855075090714034e-27
(15,1): 8.93719162526746e-27
(15,2): 4.7226865235358577e-26
(15,3): 1.0088303312992991e-25
(15,4): 8.205989364795908e-26
(15,5): 9.504563499461744e-26
(15,20): 7.753134517690053e-27
(16,5): 4.484556410083735e-25
(16,19): 9.205534063683657e-26
(16,21): 4.155534359429629e-25
(17,10): 7.9842425480461245e-28
(17,19): 1.9360131506110752e-27
(18,10): 1.4922283935411143e-26
(18,12): 1.4014451712326322e-25
(18,14): 5.888090152192698e-27
(19,11): 1.6542252945113245e-25
(19,16): 9.18077554091378e-26
(19,17): 1.9536477355538625e-27
(20,13): 2.677052791608364e-26
(20,15): 7.747902151217142e-27
(21,13): 3.064788465213147e-25
(21,16): 4.163070939302884e-25
