Interaction name: 6hu2

Affinity: 5.900000095367432
Predicted value: 6.2585883140563965

Shapley values for edges: 

(0,1): -0.01299417495727539
(0,3): 0.027445721626281738
(0,9): -0.08524925231933594
(0,21): -9.5367431640625e-09
(0,22): -0.0027371883392333985
(1,0): 0.031053104400634766
(1,2): -0.25603418350219725
(1,3): 0.0004504251480102539
(1,9): 0.005707502365112305
(1,16): 0.006324515342712402
(1,17): -0.018570213317871093
(1,21): 0.0042597389221191405
(2,1): -0.005651435852050781
(2,3): -0.00039208412170410156
(2,9): -0.0187827205657959
(3,0): 0.037863116264343265
(3,1): -0.022091784477233888
(3,2): 0.11341058254241944
(3,9): 9.298324584960937e-07
(3,16): -0.07664015769958496
(3,17): 0.01881406307220459
(3,22): 0.0041869163513183595
(4,5): 0.010972790718078614
(4,6): 0.002047419548034668
(4,7): 6.486892700195312e-05
(4,8): 0.03937134742736816
(4,9): -0.03715924739837646
(4,10): 0.0010798072814941406
(4,11): 0.03148484706878662
(4,13): 0.013854827880859375
(4,15): 0.01654216766357422
(4,16): 0.004645791053771973
(4,19): 0.06855355262756348
(4,20): 0.05266079425811768
(5,4): -3.7384033203125e-05
(5,6): 0.0020195770263671873
(5,7): 0.00653160572052002
(5,9): 9.838581085205079e-05
(5,10): 0.00027103900909423827
(5,11): 0.001024298667907715
(5,13): -0.038594598770141604
(5,16): 0.0006331491470336914
(5,17): 0.004153203964233398
(5,19): -0.00528745174407959
(6,4): 0.0113270902633667
(6,5): 0.0009903717041015625
(6,10): -0.00033156394958496095
(6,11): -0.0022487735748291018
(6,16): -0.020038318634033204
(6,17): -0.036785569190979
(6,19): 0.0024946784973144532
(7,4): -0.00014513969421386719
(7,5): 0.0028407907485961913
(7,8): 0.004935841560363769
(7,10): -0.02317296028137207
(7,12): -0.03767067432403565
(7,13): 0.002784147262573242
(7,15): 0.0017692184448242188
(7,16): 0.003052339553833008
(7,18): 0.011639094352722168
(7,20): -0.0019057989120483398
(7,23): -0.058468294143676755
(8,4): 0.0030290699005126953
(8,7): 0.0002699899673461914
(8,12): 0.000316004753112793
(8,13): 0.000983428955078125
(8,14): 0.0019013071060180664
(8,15): 0.007276921272277832
(8,18): 0.00978489875793457
(9,0): -0.13097046852111816
(9,1): -0.038376574516296384
(9,2): -0.1808452320098877
(9,3): -0.010948619842529296
(9,4): -0.09717562198638915
(9,5): 0.006644425392150879
(9,10): 0.005751552581787109
(9,11): 0.004102625846862793
(9,16): -1.9655227661132812e-05
(9,17): 0.0007665157318115234
(9,19): -0.012599196434020996
(10,4): -0.00022774696350097656
(10,5): -0.015474271774291993
(10,6): -0.011604175567626954
(10,7): -0.10170463562011718
(10,9): 0.00018979549407958983
(10,11): -0.0007016944885253906
(10,16): 0.004421072006225586
(10,17): 0.00301300048828125
(10,19): -0.004187464714050293
(11,4): -0.0019336652755737305
(11,5): 0.0014340925216674806
(11,6): 0.0014528512954711914
(11,9): 1.4438629150390626e-05
(11,10): 0.0009494400024414062
(11,16): 0.00014551162719726564
(11,17): 2.8548240661621093e-05
(12,7): -0.09505224704742432
(12,8): -0.0021878862380981445
(12,13): 0.025346179008483887
(12,14): -0.002499351501464844
(12,15): 0.002977752685546875
(12,18): 0.003480687141418457
(12,20): -0.006264133453369141
(13,4): 4.691600799560547e-05
(13,5): -0.05484524726867676
(13,7): 0.00010125637054443359
(13,8): -0.0042576932907104495
(13,12): 0.003729715347290039
(13,14): 0.021516814231872558
(13,15): 0.0002872323989868164
(13,18): 0.010187144279479981
(13,20): -0.006268868446350098
(14,8): -0.0014321327209472657
(14,12): -0.01332531452178955
(14,13): 0.014827780723571778
(14,15): 0.0004832983016967773
(14,18): 0.0011801958084106446
(14,20): -0.00972249984741211
(15,4): 0.012070369720458985
(15,7): 0.0008870077133178711
(15,8): 0.0006940889358520507
(15,12): 0.01446326732635498
(15,13): 0.0004190206527709961
(15,14): 0.0013396644592285156
(15,18): 0.0008868980407714844
(15,20): -0.019621825218200682
(16,1): -0.000472564697265625
(16,3): 0.12852306365966798
(16,4): -0.0025231170654296873
(16,5): 0.00036618232727050784
(16,6): -0.07658690452575684
(16,7): 0.01438889503479004
(16,9): -6.740093231201172e-05
(16,10): 0.011491641998291016
(16,11): 0.015606541633605957
(16,17): -0.000730743408203125
(16,19): -0.014435110092163085
(17,1): -0.1515238904953003
(17,3): -0.012613492012023926
(17,5): 0.0037458992004394532
(17,6): -0.06659886837005616
(17,9): 9.703636169433594e-06
(17,10): -0.00040828227996826173
(17,11): -0.005247373580932618
(17,16): 0.0009208059310913086
(17,19): -0.010168671607971191
(18,7): -0.10288483619689942
(18,8): 0.008159117698669434
(18,12): 0.008869566917419434
(18,13): -0.001824331283569336
(18,14): 0.0011107540130615235
(18,15): 0.00034917354583740234
(18,20): -0.03251848220825195
(19,4): 0.049227027893066405
(19,5): 0.007768383026123047
(19,6): 0.0022249650955200196
(19,9): 0.0003479576110839844
(19,10): 0.00550574779510498
(19,16): 0.0016808509826660156
(19,17): 0.003211832046508789
(20,4): 0.038813180923461914
(20,7): 0.014904828071594238
(20,12): 0.014117708206176758
(20,13): 0.02534364700317383
(20,14): 0.024245824813842774
(20,15): 0.00650080680847168
(20,18): 0.022182464599609375
(21,0): -0.013394641876220702
(21,1): 0.1100968074798584
(21,22): -0.023973183631896974
(22,0): -0.07553651332855224
(22,3): -0.003706092834472656
(22,21): -0.0428476619720459
(23,7): -0.028508763313293457
