Interaction name: 1epq

Affinity: 8.1899995803833
Predicted value: 8.3253173828125

Shapley values for edges: 

(0,1): 0.006930170059204102
(0,6): -0.010313720703125
(0,11): 0.0033458995819091795
(0,27): 0.006665482521057129
(0,28): 0.016507530212402345
(0,34): 0.01534623146057129
(1,0): 0.03968853950500488
(1,2): 0.03016665458679199
(1,6): 0.030902299880981445
(1,7): 0.019076337814331056
(1,34): 0.015726914405822755
(2,1): 0.007908973693847656
(2,6): -0.012452435493469239
(2,7): -0.008715534210205078
(2,11): 0.012441020011901855
(2,24): 0.0023997879028320314
(2,25): 0.00023543357849121094
(2,34): 0.008863716125488282
(2,35): 0.010024127960205078
(2,36): 0.008824334144592286
(3,5): 0.005150971412658692
(3,7): -0.013979630470275879
(3,8): -0.0031980609893798827
(3,10): -0.011829862594604492
(3,15): -0.0011217164993286132
(3,20): 0.009710159301757813
(3,24): -6.315231323242187e-05
(3,31): -0.002465381622314453
(4,5): 0.00766331672668457
(4,8): -0.008227605819702149
(4,10): 0.004687752723693848
(4,14): 0.019270963668823242
(4,15): 0.006097807884216309
(4,16): 0.011715302467346192
(4,31): 0.0036393117904663084
(4,35): 0.010039458274841309
(4,36): 0.010375676155090332
(4,40): -0.04725925922393799
(4,41): -0.04678693771362305
(5,3): 0.011211333274841308
(5,4): -0.003137845993041992
(5,8): 0.0013433361053466796
(5,9): -0.005142107009887696
(5,15): -0.0017596530914306642
(5,16): -0.0020615530014038087
(5,18): 0.006497597694396973
(5,31): -0.001256704330444336
(5,32): 0.004124717712402344
(5,35): 0.00042418479919433596
(5,36): -0.0022348213195800782
(5,37): 0.006447229385375976
(6,0): 0.010310921669006348
(6,1): -0.004934887886047363
(6,2): 0.011121468544006348
(6,7): -0.0010811662673950195
(6,11): 0.009212183952331542
(6,27): 0.011741204261779785
(6,28): 0.01388493537902832
(6,30): 0.030738682746887208
(6,38): -0.0007137775421142579
(7,1): -0.004657831192016602
(7,2): 0.004826984405517578
(7,3): 0.014281883239746093
(7,6): -0.0029013729095458984
(7,8): 0.001703634262084961
(7,11): 0.0008381128311157227
(7,24): -0.0076104021072387696
(7,25): -0.0027296638488769533
(8,3): -0.005250372886657715
(8,4): 0.0009320735931396485
(8,5): 0.003376898765563965
(8,7): -0.005506806373596192
(8,9): -0.002587261199951172
(8,10): -0.0138026762008667
(8,14): 0.010114617347717285
(8,15): -0.0075868558883667
(8,19): 0.021715984344482422
(8,20): 0.02338017463684082
(8,24): -0.0067739725112915036
(8,31): -0.004072465896606445
(8,39): -0.05881823539733887
(9,5): -0.00306243896484375
(9,8): -0.0016830825805664062
(9,10): -0.007540359497070313
(9,14): 0.012072935104370117
(9,15): -0.00490084171295166
(9,16): -0.0003450441360473633
(9,31): -0.021530098915100097
(10,3): 0.00848691463470459
(10,4): 0.0005791187286376953
(10,8): -0.008871469497680664
(10,9): -0.013064217567443848
(10,15): -0.00665778636932373
(10,16): -0.008220787048339845
(10,18): 0.0018131589889526366
(10,31): -0.0015486621856689454
(10,32): -0.004340786933898926
(11,0): -0.019524250030517578
(11,2): -0.018944611549377443
(11,6): -0.023505606651306153
(11,7): -0.02597066879272461
(11,12): 0.005315256118774414
(11,27): -0.0010464191436767578
(11,28): 0.005169291496276856
(11,29): 0.006372146606445313
(11,30): 0.005690040588378906
(11,42): 0.06573583126068115
(11,47): 0.00828338623046875
(11,50): 0.021296186447143553
(11,53): 0.005704960823059082
(12,11): 0.007801585197448731
(12,13): 0.002683568000793457
(12,27): 0.00038994789123535155
(12,28): 0.0021807146072387695
(12,29): 0.0022486162185668943
(12,30): 0.0006451797485351562
(12,51): 0.0040402555465698245
(12,59): -0.00029999256134033203
(13,12): -0.004138221740722656
(13,27): -0.0003533172607421875
(13,28): 0.0024784278869628908
(13,29): -0.003659367561340332
(13,30): -0.0018699359893798828
(13,44): 0.008496627807617188
(14,4): -0.01821399211883545
(14,8): -0.007966156005859376
(14,9): -0.0018414020538330077
(14,15): 0.015816164016723634
(14,19): 0.006959004402160645
(14,20): 0.006663684844970703
(14,21): 0.00777005672454834
(14,22): 0.009575376510620117
(14,23): 0.005364327430725097
(14,31): 0.013831143379211425
(14,47): 0.003527488708496094
(14,52): 0.012890172004699708
(14,53): 0.006998982429504395
(14,56): 0.015187935829162598
(14,59): 0.0009790802001953126
(14,60): 0.008841376304626464
(15,3): -0.013609261512756347
(15,4): -0.020153770446777342
(15,5): -0.016476478576660156
(15,8): -0.02425826549530029
(15,9): -0.02663811683654785
(15,10): -0.01489893913269043
(15,14): 0.0019859695434570313
(15,16): 0.011132454872131348
(15,17): 0.008036355972290039
(15,18): 0.008092570304870605
(15,31): 0.004987339973449707
(15,32): 0.00810309886932373
(15,51): 0.002806425094604492
(15,53): 0.007209720611572265
(15,59): -0.0009621477127075195
(16,4): -0.021507148742675782
(16,5): -0.010285358428955078
(16,9): -0.009306497573852539
(16,10): -0.012490286827087402
(16,15): 0.009389667510986329
(16,17): 0.005899581909179687
(16,18): 0.010473699569702148
(16,31): 0.007616405487060547
(16,32): 0.010963816642761231
(16,46): 0.007487483024597168
(17,15): 0.00819218635559082
(17,16): 0.00981703281402588
(17,18): 0.0035042667388916014
(17,32): 0.005765881538391113
(17,46): 0.00292050838470459
(18,5): -0.0036582279205322264
(18,10): -0.006497249603271484
(18,15): 0.013174662590026856
(18,16): 0.012087020874023437
(18,17): 0.003045353889465332
(18,32): 0.006730566024780274
(18,46): 0.008551759719848633
(18,47): 0.000928187370300293
(18,52): 0.004136147499084472
(19,8): -0.011420111656188964
(19,14): -0.001194782257080078
(19,20): 0.0031239461898803712
(19,21): 0.003509783744812012
(19,22): 0.004567070007324219
(19,23): 0.004513554573059082
(19,31): 0.011524300575256347
(19,33): 0.005360660552978516
(19,46): 0.004432950019836426
(19,51): 0.003020296096801758
(20,3): 0.0026895856857299806
(20,8): -0.010476937294006347
(20,14): -0.00027173995971679687
(20,19): 0.003800778388977051
(20,21): 0.004797420501708984
(20,22): 0.0023133039474487306
(20,23): 0.004733901023864746
(20,33): 0.007313508987426758
(20,47): -0.0008334732055664063
(20,48): 0.008035116195678711
(20,52): 0.0022226905822753905
(20,57): 0.007754168510437012
(20,59): -0.0021930360794067383
(21,14): -0.0017402172088623047
(21,19): -0.0021247243881225585
(21,20): -0.004398469924926758
(21,22): 0.0002562856674194336
(21,23): -0.00015617847442626952
(21,28): -8.025169372558594e-05
(21,33): 0.0007797336578369141
(21,49): 0.008185205459594726
(21,51): -0.0008542966842651367
(21,54): 0.00500485897064209
(21,57): 0.005024776458740234
(22,14): -0.003350625038146973
(22,19): -0.0010560226440429687
(22,20): -0.0022021961212158204
(22,21): -0.0019316291809082032
(22,23): -0.002932324409484863
(22,33): 1.656055450439453e-05
(22,44): 0.005822277069091797
(22,55): 0.0032064008712768557
(23,14): -0.0017761945724487304
(23,19): -0.002666459083557129
(23,20): -0.002161126136779785
(23,21): 0.0010387420654296875
(23,22): 0.0008488702774047852
(23,33): 0.0020849418640136717
(23,52): 0.0017635440826416016
(23,59): -0.002493419647216797
(24,2): -0.019924449920654296
(24,3): -0.015887866020202635
(24,7): -0.04336726188659668
(24,8): -0.004231066703796387
(24,25): 0.024865732192993165
(24,26): 0.009851007461547852
(24,51): 0.005290517807006836
(24,52): 0.0070043992996215824
(24,55): 0.012392020225524903
(24,59): 0.0011170482635498046
(25,2): -0.030082106590270996
(25,7): -0.05649230003356934
(25,24): 0.004264869689941406
(25,26): 0.0052927637100219724
(26,24): 0.019535531997680666
(26,25): 0.03591318130493164
(26,47): 0.0003218507766723633
(26,53): -0.0026124429702758787
(26,59): -0.00632627010345459
(26,60): 0.003309321403503418
(27,0): -0.008698844909667968
(27,6): -0.018774170875549317
(27,11): 0.009694685935974121
(27,12): 0.0029787921905517576
(27,13): 0.006524043083190918
(27,28): 0.005074877738952637
(27,29): 0.0077117252349853515
(27,30): 0.004585747718811035
(27,59): -6.419658660888672e-05
(28,0): -0.005477714538574219
(28,6): -0.016918745040893555
(28,11): 0.007038626670837402
(28,12): 0.00472663402557373
(28,13): 0.005802812576293945
(28,21): 0.006348719596862793
(28,27): 0.00423856258392334
(28,29): 0.0025004291534423827
(28,30): 0.00418571949005127
(29,11): 0.010495772361755371
(29,12): -0.0003267717361450195
(29,13): -0.00011776924133300781
(29,27): 0.000675191879272461
(29,28): 0.00013478279113769532
(29,30): -0.002796311378479004
(29,43): 0.009510440826416016
(30,6): -0.015501208305358886
(30,11): 0.005512146949768066
(30,12): 0.0018677949905395509
(30,13): 0.007619738578796387
(30,27): 0.0055989217758178715
(30,28): 0.001937117576599121
(30,29): 0.004154267311096191
(30,51): 0.004746394157409668
(30,54): 0.01476473331451416
(30,55): 0.009286198616027832
(31,3): -0.011489019393920899
(31,4): -0.027264323234558106
(31,5): -0.01383913516998291
(31,8): -0.03401075839996338
(31,9): -0.017668075561523437
(31,10): -0.013868703842163085
(31,14): 0.0036773204803466795
(31,15): 0.005489535331726074
(31,16): 0.007222042083740234
(31,19): 0.005815234184265137
(31,32): 0.011165971755981446
(31,55): 0.012508397102355956
(31,56): 0.01422299861907959
(32,5): -0.0023998117446899416
(32,10): 0.011184992790222168
(32,15): 0.0068529176712036136
(32,16): 0.01126213550567627
(32,17): 0.005347075462341308
(32,18): 0.006539216041564941
(32,31): 0.02236403465270996
(32,47): 0.005478858947753906
(32,51): 0.0017293071746826171
(32,59): 0.0010343360900878906
(33,19): -0.0021699714660644532
(33,20): -0.0033555698394775392
(33,21): -0.004334135055541992
(33,22): -0.003800978660583496
(33,23): -0.0021288919448852538
(33,50): 0.001282668113708496
(33,58): 0.0031409502029418946
(34,0): 9.743690490722656e-05
(34,1): -0.00674708366394043
(34,2): 0.002601871490478516
(34,38): -0.01915266513824463
(34,42): 0.009262857437133789
(34,52): 0.003229846954345703
(35,2): 0.013043785095214843
(35,4): -0.0020728826522827147
(35,5): 0.007066907882690429
(35,37): 0.007670154571533203
(35,51): 0.023663954734802248
(36,2): 0.016941046714782713
(36,4): 0.01345057487487793
(36,5): 0.0071328687667846676
(37,5): 0.019325060844421385
(37,35): -0.0023217391967773437
(38,6): 0.004686508178710937
(38,34): -0.009542808532714844
(38,42): -0.03393801689147949
(39,8): 0.06896806716918945
(40,4): 0.04530674457550049
(40,41): 0.0157881498336792
(41,4): 0.019447741508483888
(41,40): -0.0006267309188842773
(41,59): 0.044837665557861325
(42,11): -0.01022498607635498
(42,34): -0.05240859031677246
(42,38): -0.17014379501342775
(43,29): -0.005057744979858399
(43,55): -0.0045395708084106446
(44,13): -0.004682722091674804
(44,22): -0.0037975072860717773
(46,16): 0.008676300048828125
(46,17): 0.001648859977722168
(46,18): 0.000638113021850586
(46,19): -0.0007808732986450195
(47,11): 0.006078920364379883
(47,14): 0.0003055286407470703
(47,18): 0.009542088508605957
(47,20): 0.008006210327148438
(47,26): 0.0037762975692749025
(47,32): 0.006077814102172852
(47,53): 0.002086215019226074
(48,20): -0.004910268783569336
(48,49): -0.001604766845703125
(48,56): -0.006065878868103027
(49,21): -0.0036407232284545897
(49,48): -0.000943140983581543
(49,56): -0.0033440160751342773
(49,57): -0.002172842025756836
(50,11): 3.694057464599609e-05
(50,33): -0.0034267473220825195
(50,57): 0.00045042991638183594
(51,12): 0.0055261564254760745
(51,15): 0.011722311973571778
(51,19): 0.004750223159790039
(51,21): 0.009566636085510253
(51,24): 0.015210323333740235
(51,30): 0.0032709074020385743
(51,32): 0.007870988845825195
(51,35): -0.03915433406829834
(52,14): 0.00213407039642334
(52,18): 0.003499617576599121
(52,20): 0.011174521446228027
(52,23): 0.0030406379699707033
(52,24): 0.011020488739013672
(52,34): 0.010188312530517578
(52,60): 0.00697530746459961
(53,11): 0.003826594352722168
(53,14): -9.885311126708984e-05
(53,15): 0.0073648405075073245
(53,26): 0.0017124223709106445
(53,47): 0.0008638620376586914
(54,21): -0.0020523786544799803
(54,30): -0.004049572944641113
(55,22): 0.0023891019821166994
(55,24): 0.012704157829284668
(55,30): -0.0011224031448364257
(55,31): 0.008197641372680664
(55,43): 0.00892247200012207
(56,14): -0.002915329933166504
(56,31): 0.020594258308410645
(56,48): 0.003310847282409668
(56,49): 0.004624233245849609
(57,20): 0.00018596649169921875
(57,21): -0.00312042236328125
(57,49): 0.0007235002517700195
(57,50): -0.0016669559478759766
(58,33): -0.0007220220565795899
(58,59): -0.01089489459991455
(59,12): 0.009216313362121581
(59,14): 0.0018922805786132813
(59,15): 0.014205403327941894
(59,20): 0.013962426185607911
(59,23): 0.005814461708068847
(59,24): 0.010147562026977539
(59,26): 0.00633758544921875
(59,27): 0.004092512130737305
(59,32): 0.005135912895202637
(59,41): -0.08392970561981201
(59,58): 0.018635773658752443
(60,14): -0.0013895368576049805
(60,26): 0.0008571481704711914
(60,52): 0.004924888610839844
