Interaction name: 5ubg

Affinity: 5.170000076293945
Predicted value: 6.431252479553223

Attributions for edges: 

(0,1): 0.48557785153388977
(0,2): 0.474825382232666
(0,3): 0.4881872832775116
(0,29): 0.5408003926277161
(0,30): 0.5460155606269836
(0,46): 0.4301406443119049
(0,47): 0.4788663387298584
(0,48): 0.5339325666427612
(0,58): 0.5349835157394409
(1,0): 0.4547796845436096
(1,2): 0.473019003868103
(1,3): 0.48475536704063416
(1,4): 0.5193615555763245
(1,28): 0.4198744297027588
(1,30): 0.5206068158149719
(1,31): 0.5203457474708557
(1,46): 0.4962253272533417
(1,47): 0.5204127430915833
(1,48): 0.5187920928001404
(1,58): 0.4918407201766968
(2,0): 0.45206934213638306
(2,1): 0.4781742990016937
(2,3): 0.4865495264530182
(2,5): 0.5095599293708801
(2,28): 0.5463142395019531
(2,29): 0.5154253840446472
(2,32): 0.42935875058174133
(2,46): 0.4142848253250122
(2,47): 0.5446980595588684
(2,48): 0.560868501663208
(2,49): 0.461093008518219
(2,58): 0.4841541647911072
(3,0): 0.46043407917022705
(3,1): 0.4968603849411011
(3,2): 0.4464760422706604
(3,4): 0.4303321838378906
(3,5): 0.4721936881542206
(3,6): 0.4507502317428589
(3,7): 0.48978182673454285
(3,28): 0.520218014717102
(3,29): 0.5944329500198364
(3,30): 0.5342023372650146
(3,31): 0.4765198528766632
(3,32): 0.4379982054233551
(3,33): 0.5149756073951721
(3,46): 0.4259396195411682
(3,48): 0.49621647596359253
(4,1): 0.5002377033233643
(4,3): 0.5087361931800842
(4,5): 0.43612468242645264
(4,6): 0.4917278587818146
(4,7): 0.4317992925643921
(4,8): 0.5622653961181641
(4,29): 0.4206639528274536
(4,32): 0.5536869764328003
(4,33): 0.4228823781013489
(4,34): 0.49108028411865234
(4,58): 0.5394162535667419
(5,2): 0.508355975151062
(5,3): 0.49581190943717957
(5,4): 0.5171709656715393
(5,6): 0.5206588506698608
(5,30): 0.4826205372810364
(5,31): 0.5062351226806641
(5,48): 0.5642474293708801
(5,58): 0.5228961110115051
(6,3): 0.5434791445732117
(6,4): 0.4988800883293152
(6,5): 0.4647022485733032
(6,7): 0.4770824909210205
(6,8): 0.45181599259376526
(6,9): 0.5612538456916809
(6,31): 0.5247505307197571
(6,32): 0.4903746545314789
(6,33): 0.4560527205467224
(6,34): 0.4783508777618408
(6,37): 0.5180084705352783
(6,46): 0.5182194113731384
(6,47): 0.46356672048568726
(6,48): 0.5034652352333069
(6,49): 0.5572841763496399
(7,3): 0.5304628014564514
(7,4): 0.5340786576271057
(7,6): 0.5431370139122009
(7,8): 0.5151657462120056
(7,9): 0.5081661939620972
(7,31): 0.506758451461792
(7,34): 0.5249514579772949
(7,37): 0.46075335144996643
(7,46): 0.5201906561851501
(7,47): 0.49496233463287354
(7,48): 0.408476859331131
(7,49): 0.48442116379737854
(7,58): 0.480074018239975
(8,4): 0.46712321043014526
(8,6): 0.5703877210617065
(8,7): 0.5217915773391724
(8,9): 0.5768859386444092
(8,31): 0.6106266975402832
(8,33): 0.46069443225860596
(8,37): 0.519925057888031
(8,46): 0.5559119582176208
(8,47): 0.4718054234981537
(8,48): 0.5074037313461304
(8,49): 0.49536359310150146
(8,53): 0.5288596749305725
(9,6): 0.564230740070343
(9,7): 0.5580512285232544
(9,8): 0.4239788055419922
(9,10): 0.4701772928237915
(9,11): 0.5731183886528015
(9,14): 0.4933873414993286
(9,23): 0.4390893578529358
(9,33): 0.4337308406829834
(9,34): 0.5422397255897522
(9,37): 0.5244938135147095
(9,38): 0.5291246175765991
(9,39): 0.5261581540107727
(9,41): 0.46183010935783386
(9,46): 0.47632667422294617
(9,47): 0.43808913230895996
(9,48): 0.40272554755210876
(9,49): 0.5238261818885803
(10,9): 0.5418589115142822
(10,11): 0.47017908096313477
(10,12): 0.4757193624973297
(10,14): 0.5336064100265503
(10,23): 0.49428293108940125
(10,24): 0.4601201117038727
(10,37): 0.5614374279975891
(10,38): 0.5280499458312988
(10,39): 0.5899267196655273
(10,40): 0.49703449010849
(10,41): 0.5439196228981018
(10,49): 0.41787540912628174
(11,9): 0.4766830503940582
(11,10): 0.5164641737937927
(11,12): 0.4788852632045746
(11,24): 0.4874185621738434
(11,37): 0.5377328395843506
(11,38): 0.49665793776512146
(11,39): 0.5386552810668945
(11,40): 0.46862977743148804
(11,41): 0.5810354948043823
(11,48): 0.4768558740615845
(11,49): 0.48056256771087646
(12,10): 0.43885326385498047
(12,11): 0.5695071816444397
(12,23): 0.452987939119339
(12,38): 0.5248960852622986
(12,39): 0.4913937449455261
(12,40): 0.5647920370101929
(12,41): 0.46875667572021484
(12,56): 0.4666919708251953
(13,14): 0.5199252367019653
(13,15): 0.5228095650672913
(13,25): 0.578191339969635
(13,41): 0.5902108550071716
(13,50): 0.4658306837081909
(13,51): 0.5410159826278687
(13,53): 0.4518257677555084
(13,55): 0.5427852869033813
(14,9): 0.4965905249118805
(14,10): 0.5469837188720703
(14,13): 0.533520519733429
(14,15): 0.5630890130996704
(14,38): 0.4060420095920563
(14,39): 0.5087527632713318
(14,40): 0.5773683786392212
(14,41): 0.6084816455841064
(14,47): 0.5487200617790222
(14,49): 0.5016354918479919
(14,50): 0.5231765508651733
(14,55): 0.47002270817756653
(15,13): 0.5147041082382202
(15,14): 0.4774974286556244
(15,16): 0.4965150058269501
(15,18): 0.5446180701255798
(15,25): 0.5797939896583557
(15,26): 0.4870472550392151
(15,42): 0.43968290090560913
(15,43): 0.4831761121749878
(15,45): 0.5141155123710632
(15,46): 0.45967745780944824
(15,47): 0.5279179215431213
(15,53): 0.5139493346214294
(16,15): 0.49768251180648804
(16,17): 0.5356380939483643
(16,18): 0.5604870319366455
(16,27): 0.4998737871646881
(16,42): 0.47211673855781555
(16,43): 0.5895216464996338
(16,45): 0.5593371391296387
(16,48): 0.5115891695022583
(16,50): 0.49357691407203674
(16,53): 0.4957592189311981
(16,55): 0.560982882976532
(17,16): 0.4305581748485565
(17,18): 0.49700668454170227
(17,26): 0.5015720725059509
(17,42): 0.5396534204483032
(17,43): 0.5317730903625488
(17,44): 0.5633049607276917
(17,45): 0.4800344705581665
(17,48): 0.532331645488739
(17,50): 0.5520288348197937
(17,55): 0.5582365989685059
(18,15): 0.49119266867637634
(18,16): 0.520933985710144
(18,17): 0.4852219223976135
(18,19): 0.5611188411712646
(18,25): 0.5302070379257202
(18,26): 0.5098214745521545
(18,27): 0.5124654769897461
(18,42): 0.45038992166519165
(18,43): 0.48192375898361206
(18,44): 0.5223126411437988
(18,45): 0.5592946410179138
(18,50): 0.526752769947052
(18,51): 0.5158647298812866
(18,53): 0.5683259963989258
(18,55): 0.5373867750167847
(19,18): 0.5268219113349915
(19,20): 0.5078331828117371
(19,21): 0.5102691650390625
(19,22): 0.5468736886978149
(19,25): 0.5524706840515137
(19,35): 0.4483675956726074
(19,36): 0.5418354868888855
(19,42): 0.5762055516242981
(19,43): 0.5429421067237854
(19,44): 0.4719507694244385
(19,45): 0.45202088356018066
(19,50): 0.49242404103279114
(19,51): 0.552560567855835
(19,53): 0.4485875070095062
(19,54): 0.5735414624214172
(19,55): 0.46794435381889343
(20,19): 0.5417800545692444
(20,21): 0.5020507574081421
(20,22): 0.5320276021957397
(20,36): 0.5637583136558533
(20,44): 0.5319865345954895
(20,50): 0.5097246766090393
(20,51): 0.522930383682251
(20,52): 0.518333911895752
(20,53): 0.4462668001651764
(20,54): 0.5388944745063782
(20,55): 0.47866925597190857
(21,19): 0.49346616864204407
(21,20): 0.4954105317592621
(21,22): 0.4964645802974701
(21,35): 0.5065367221832275
(21,44): 0.5107465982437134
(21,50): 0.43716248869895935
(21,51): 0.4507733881473541
(21,52): 0.43130940198898315
(21,53): 0.5113414525985718
(21,54): 0.44382548332214355
(21,55): 0.5206673741340637
(22,19): 0.5214372873306274
(22,20): 0.46204590797424316
(22,21): 0.4735885560512543
(22,35): 0.5736848711967468
(22,36): 0.5498700737953186
(22,44): 0.4889672100543976
(22,52): 0.5702884793281555
(22,53): 0.4880043864250183
(22,54): 0.44034844636917114
(22,55): 0.39882081747055054
(23,9): 0.5284015536308289
(23,10): 0.5097136497497559
(23,12): 0.45727235078811646
(23,24): 0.47378233075141907
(23,37): 0.5888094305992126
(23,38): 0.4409618675708771
(23,39): 0.5198127627372742
(23,40): 0.5302894711494446
(23,41): 0.5063729286193848
(24,10): 0.5226720571517944
(24,11): 0.5150928497314453
(24,23): 0.47765642404556274
(24,38): 0.5066119432449341
(24,39): 0.513954222202301
(24,40): 0.5287637114524841
(24,41): 0.49919816851615906
(25,13): 0.5512603521347046
(25,15): 0.501194179058075
(25,18): 0.5064510703086853
(25,19): 0.49857938289642334
(25,42): 0.45411983132362366
(25,44): 0.5052119493484497
(25,45): 0.5871899127960205
(25,52): 0.5190445184707642
(25,57): 0.37470680475234985
(26,15): 0.5283458828926086
(26,17): 0.44330456852912903
(26,18): 0.45849859714508057
(26,27): 0.4618939757347107
(26,42): 0.5668551325798035
(26,43): 0.4683205485343933
(26,45): 0.5745596885681152
(27,16): 0.4922294616699219
(27,18): 0.47974511981010437
(27,26): 0.4583413898944855
(27,42): 0.559913158416748
(27,43): 0.47653692960739136
(27,44): 0.5950106978416443
(27,45): 0.5464859008789062
(28,1): 0.4659278690814972
(28,2): 0.4438430070877075
(28,3): 0.5167310237884521
(28,29): 0.5420820116996765
(28,30): 0.49143359065055847
(29,0): 0.5739829540252686
(29,2): 0.43880781531333923
(29,3): 0.5610501170158386
(29,4): 0.4939940571784973
(29,28): 0.5082322359085083
(29,30): 0.5519416332244873
(29,31): 0.543125569820404
(30,0): 0.4380650222301483
(30,1): 0.4162575900554657
(30,3): 0.4906166195869446
(30,5): 0.38217395544052124
(30,28): 0.482684463262558
(30,29): 0.5343429446220398
(30,32): 0.44394147396087646
(31,1): 0.4891713559627533
(31,3): 0.5015135407447815
(31,5): 0.5368832349777222
(31,6): 0.5297297835350037
(31,7): 0.5534117221832275
(31,8): 0.4934152662754059
(31,29): 0.4737533926963806
(31,32): 0.4298040568828583
(31,33): 0.5493929982185364
(31,34): 0.5089839696884155
(32,2): 0.43375131487846375
(32,3): 0.5059253573417664
(32,4): 0.46198612451553345
(32,6): 0.532598614692688
(32,30): 0.5242699980735779
(32,31): 0.4906666576862335
(33,3): 0.5284799933433533
(33,4): 0.52169269323349
(33,6): 0.41260209679603577
(33,8): 0.5234020352363586
(33,9): 0.5407313108444214
(33,31): 0.581806480884552
(33,34): 0.5541689395904541
(33,37): 0.5445979833602905
(34,4): 0.5193628668785095
(34,6): 0.5154542922973633
(34,7): 0.5279210209846497
(34,9): 0.503162682056427
(34,31): 0.5633044242858887
(34,33): 0.4453067183494568
(34,37): 0.507318913936615
(35,19): 0.49930471181869507
(35,21): 0.47847437858581543
(35,22): 0.44119852781295776
(35,36): 0.42203664779663086
(35,44): 0.47911641001701355
(36,19): 0.4710181951522827
(36,20): 0.5695942640304565
(36,22): 0.4753255546092987
(36,35): 0.5166991949081421
(36,44): 0.5072038769721985
(37,6): 0.540393054485321
(37,7): 0.3764875531196594
(37,8): 0.5942275524139404
(37,9): 0.5539411306381226
(37,10): 0.5229411721229553
(37,11): 0.5470896363258362
(37,23): 0.5682969689369202
(37,33): 0.5615441203117371
(37,34): 0.45967331528663635
(37,38): 0.4614010155200958
(37,39): 0.5239824652671814
(37,40): 0.4466063976287842
(37,41): 0.5689119696617126
(37,59): 0.5445168614387512
(37,65): 0.48102325201034546
(38,9): 0.49718931317329407
(38,10): 0.5416937470436096
(38,11): 0.6327760219573975
(38,12): 0.479092001914978
(38,14): 0.4898946285247803
(38,23): 0.5155304074287415
(38,24): 0.461454302072525
(38,37): 0.4531978964805603
(38,39): 0.512690007686615
(38,40): 0.5248367190361023
(38,41): 0.4895781874656677
(38,63): 0.42971235513687134
(39,9): 0.5114184021949768
(39,10): 0.5886872410774231
(39,11): 0.5104972720146179
(39,12): 0.5635462403297424
(39,14): 0.4375508725643158
(39,23): 0.49680453538894653
(39,24): 0.4828384220600128
(39,37): 0.5372706055641174
(39,38): 0.5010610222816467
(39,40): 0.5220618844032288
(39,41): 0.5050427913665771
(39,64): 0.4926204979419708
(40,10): 0.5021147131919861
(40,11): 0.5883966684341431
(40,12): 0.4241977035999298
(40,14): 0.4967755675315857
(40,23): 0.545097291469574
(40,24): 0.5300955772399902
(40,37): 0.5772556066513062
(40,38): 0.5624796748161316
(40,39): 0.4231797754764557
(40,41): 0.5047059655189514
(40,59): 0.49308937788009644
(40,64): 0.4466925859451294
(40,65): 0.4626621603965759
(41,9): 0.5017231702804565
(41,10): 0.4955041706562042
(41,11): 0.5019436478614807
(41,12): 0.5791611075401306
(41,13): 0.43567800521850586
(41,14): 0.4862477481365204
(41,23): 0.47414126992225647
(41,24): 0.5580444931983948
(41,37): 0.5485946536064148
(41,38): 0.4910869598388672
(41,39): 0.5353039503097534
(41,40): 0.5330514907836914
(41,60): 0.4370138347148895
(42,15): 0.4700452983379364
(42,16): 0.5069571733474731
(42,17): 0.4800355136394501
(42,18): 0.49883127212524414
(42,19): 0.5581685304641724
(42,25): 0.44517144560813904
(42,26): 0.560469388961792
(42,27): 0.47625473141670227
(42,43): 0.5408362150192261
(42,44): 0.5296743512153625
(42,45): 0.44020184874534607
(42,61): 0.5078977942466736
(42,65): 0.4899768829345703
(43,15): 0.4275009334087372
(43,16): 0.4953118860721588
(43,17): 0.4858246445655823
(43,18): 0.4365827739238739
(43,19): 0.5649120807647705
(43,26): 0.5959902405738831
(43,27): 0.4783147871494293
(43,42): 0.5249380469322205
(43,44): 0.42544323205947876
(43,45): 0.4567105770111084
(43,62): 0.442777156829834
(44,17): 0.4951985478401184
(44,18): 0.5194745063781738
(44,19): 0.4979977011680603
(44,20): 0.5311720371246338
(44,21): 0.5389416813850403
(44,22): 0.49635934829711914
(44,25): 0.42882251739501953
(44,27): 0.47192373871803284
(44,35): 0.4062255918979645
(44,36): 0.429328054189682
(44,42): 0.5321730971336365
(44,43): 0.46562010049819946
(44,45): 0.4874905049800873
(44,59): 0.5264334082603455
(44,61): 0.41307422518730164
(45,15): 0.46145474910736084
(45,16): 0.4582461416721344
(45,17): 0.5031883120536804
(45,18): 0.4386133849620819
(45,19): 0.5395399928092957
(45,25): 0.5131036639213562
(45,26): 0.5534310340881348
(45,27): 0.5130122303962708
(45,42): 0.5372433066368103
(45,43): 0.5826343894004822
(45,44): 0.5490208864212036
(45,60): 0.5074573755264282
(46,0): 0.6389820575714111
(46,1): 0.5884249210357666
(46,2): 0.48507562279701233
(46,3): 0.5460523366928101
(46,6): 0.5316320657730103
(46,7): 0.5634483695030212
(46,8): 0.49685120582580566
(46,9): 0.5061025023460388
(46,15): 0.5576361417770386
(47,0): 0.46617239713668823
(47,1): 0.4979853928089142
(47,2): 0.584587574005127
(47,6): 0.5144724249839783
(47,7): 0.46989569067955017
(47,8): 0.4484732449054718
(47,9): 0.4964431822299957
(47,14): 0.4863574206829071
(47,15): 0.5587135553359985
(48,0): 0.531555712223053
(48,1): 0.4816013276576996
(48,2): 0.5840152502059937
(48,3): 0.44914647936820984
(48,5): 0.4566901922225952
(48,6): 0.45441490411758423
(48,7): 0.4445265531539917
(48,8): 0.48790231347084045
(48,9): 0.5035068392753601
(48,11): 0.5434601306915283
(48,16): 0.5016249418258667
(48,17): 0.5927391052246094
(48,59): 0.5356931686401367
(49,2): 0.5690494775772095
(49,6): 0.4746708869934082
(49,7): 0.591162919998169
(49,8): 0.5159298777580261
(49,9): 0.5932554006576538
(49,10): 0.6318657398223877
(49,11): 0.5616089701652527
(49,14): 0.5588892698287964
(49,56): 0.47054561972618103
(49,64): 0.4555005729198456
(50,13): 0.5188682675361633
(50,14): 0.5399668216705322
(50,16): 0.534394383430481
(50,17): 0.4962635636329651
(50,18): 0.42164885997772217
(50,19): 0.5324841141700745
(50,20): 0.4967498183250427
(50,21): 0.5558330416679382
(50,51): 0.47957342863082886
(50,54): 0.45987075567245483
(50,55): 0.4468640983104706
(51,13): 0.557036280632019
(51,18): 0.5755804777145386
(51,19): 0.6102946996688843
(51,20): 0.5261812806129456
(51,21): 0.5773148536682129
(51,50): 0.5275256633758545
(51,55): 0.48642536997795105
(52,20): 0.5681399703025818
(52,21): 0.4490714967250824
(52,22): 0.44702279567718506
(52,25): 0.5309773087501526
(52,53): 0.5028305053710938
(52,62): 0.5921100378036499
(53,8): 0.5346437096595764
(53,13): 0.49216917157173157
(53,15): 0.46805503964424133
(53,16): 0.5317909121513367
(53,18): 0.4445311725139618
(53,19): 0.5397769212722778
(53,20): 0.5303456783294678
(53,21): 0.5975388884544373
(53,22): 0.5583357810974121
(53,52): 0.6187116503715515
(53,62): 0.46959012746810913
(54,19): 0.5337424278259277
(54,20): 0.48616862297058105
(54,21): 0.5761652588844299
(54,22): 0.4430302083492279
(54,50): 0.4732576906681061
(54,57): 0.5217507481575012
(55,13): 0.5390648245811462
(55,14): 0.46865230798721313
(55,16): 0.5841600894927979
(55,17): 0.548916220664978
(55,18): 0.4788911044597626
(55,19): 0.5491477847099304
(55,20): 0.4586185812950134
(55,21): 0.5138911008834839
(55,22): 0.46938806772232056
(55,50): 0.4702603816986084
(55,51): 0.550432562828064
(56,12): 0.46274182200431824
(56,49): 0.49230238795280457
(57,25): 0.49319496750831604
(57,54): 0.5111610293388367
(58,0): 0.48668795824050903
(58,1): 0.4633874297142029
(58,2): 0.5611801743507385
(58,4): 0.5602035522460938
(58,5): 0.5551652908325195
(58,7): 0.4957398772239685
(59,37): 0.4426002502441406
(59,40): 0.43769916892051697
(59,44): 0.49281731247901917
(59,48): 0.551710307598114
(60,41): 0.4452146887779236
(60,45): 0.5451145172119141
(60,63): 0.4126151502132416
(61,42): 0.47562557458877563
(61,44): 0.521848738193512
(61,64): 0.4999505281448364
(62,43): 0.4719052314758301
(62,52): 0.47195562720298767
(62,53): 0.45752811431884766
(63,38): 0.5456994771957397
(63,60): 0.5446913242340088
(64,39): 0.532710075378418
(64,40): 0.3964359164237976
(64,49): 0.5293636918067932
(64,61): 0.5178346037864685
(65,37): 0.4672729969024658
(65,40): 0.4435378313064575
(65,42): 0.5455690026283264
