Interaction name: 5c4l

Affinity: 5.639999866485596
Predicted value: 6.485212326049805

Shapley values for edges: 

(0,3): 0.00013072013854980468
(0,4): 0.004960260391235352
(0,8): -0.0011660385131835938
(0,9): -0.0010272216796875
(0,14): -0.00013179779052734374
(0,16): 0.0025187015533447267
(0,17): -0.005464305877685547
(0,20): -0.005937509536743164
(0,22): -0.0230377197265625
(0,24): -0.007622804641723633
(0,25): -0.013559617996215821
(0,26): -0.01074091911315918
(0,28): -0.0024753284454345705
(1,5): 0.0078066825866699215
(1,6): 0.004579095840454101
(1,7): -0.001144723892211914
(1,10): 0.00016115188598632812
(1,15): 0.00026816368103027344
(1,18): 0.002433633804321289
(1,21): -0.0028048038482666017
(1,23): -0.0011502742767333985
(1,26): -0.005117216110229492
(1,30): -0.003202953338623047
(1,31): -0.007287502288818359
(1,33): -0.0060137939453125
(2,5): 0.004030494689941406
(2,10): -0.0030317020416259764
(2,18): 0.0023564910888671875
(2,21): -0.008622875213623047
(2,23): -0.0033353614807128907
(2,27): -0.014196043014526366
(2,29): -0.01256800651550293
(2,30): -0.004235048294067383
(3,0): 0.0009193801879882812
(3,4): 0.009979677200317384
(3,8): -0.0011566925048828126
(3,9): 0.002203969955444336
(3,11): -0.0030490589141845704
(3,14): -0.0011727714538574219
(3,16): 0.0044221305847167965
(3,17): -0.0033852577209472655
(3,19): 0.014421405792236329
(3,20): -0.003112525939941406
(3,24): -0.016509714126586913
(3,25): -0.0023317432403564455
(3,28): -0.0025961875915527345
(4,0): 0.0050757408142089845
(4,3): 0.0036081314086914063
(4,5): 0.006941547393798828
(4,6): 0.005797176361083984
(4,20): -0.01045792579650879
(4,21): -0.0013260364532470704
(4,24): -0.01743237495422363
(4,26): -0.004934539794921875
(4,28): -0.003026599884033203
(4,29): -0.014130582809448242
(4,40): 0.008288774490356445
(5,1): -0.002338142395019531
(5,2): 0.00041586875915527343
(5,4): 0.003225088119506836
(5,6): -0.00043299674987792966
(5,12): -0.00014258384704589843
(5,13): 0.0012726306915283204
(5,14): -0.003788309097290039
(5,21): -0.0023104381561279298
(5,23): -0.007533082962036133
(5,26): -0.009864788055419921
(5,27): -0.028136701583862306
(5,28): -0.006834020614624023
(5,29): -0.007437467575073242
(5,30): -0.0058866596221923825
(6,1): -0.002011394500732422
(6,4): 0.003755502700805664
(6,5): 0.002546405792236328
(6,7): -0.0026483154296875
(6,12): 0.00013439178466796874
(6,14): -0.002788753509521484
(6,15): -0.0014392566680908204
(6,21): -0.0044052982330322265
(6,22): -0.022780656814575195
(6,23): -0.004568662643432617
(6,24): -0.023202342987060545
(6,26): -0.004327669143676758
(6,28): -0.004515466690063477
(6,29): -0.015058975219726562
(6,30): -0.012860593795776367
(7,1): 0.0004965114593505859
(7,6): -0.0015423202514648438
(7,12): 0.007294635772705078
(7,21): -0.006040992736816406
(7,22): -0.010180950164794922
(7,23): -0.008419084548950195
(7,26): -0.004022903442382812
(7,28): -0.005420312881469726
(7,31): -0.0024065589904785157
(7,33): -0.002996082305908203
(8,0): 0.0018698406219482423
(8,3): 0.0008390331268310547
(8,20): -0.011904487609863281
(8,25): -0.021346006393432617
(8,31): -0.003641214370727539
(8,32): -0.002272157669067383
(8,36): 0.011364898681640624
(8,40): 0.01192831039428711
(9,0): -0.0004252815246582031
(9,3): -0.0027299976348876954
(9,20): -0.014870185852050782
(9,22): -0.00940032958984375
(9,24): -0.01184840202331543
(9,28): -0.005127439498901367
(9,32): -0.0010806655883789063
(9,33): -0.002257833480834961
(9,34): -0.0049892902374267575
(9,36): 0.008871698379516601
(9,40): 0.010051374435424804
(10,1): 0.003449220657348633
(10,2): -0.003915653228759765
(10,12): 0.006751613616943359
(10,13): 0.008153390884399415
(10,21): -0.0023119449615478516
(10,23): -0.003158817291259766
(10,27): -0.006437759399414062
(10,29): -0.013936834335327148
(10,30): -0.0018280792236328126
(10,31): -0.0033208751678466797
(10,32): -0.0027254295349121095
(10,33): -0.002559823989868164
(11,3): 0.00299072265625
(11,25): -0.006405715942382813
(11,32): -0.0015813636779785157
(11,33): -0.0026810264587402346
(11,34): -0.0016523933410644532
(11,36): 0.018517732620239258
(11,40): 0.011775026321411133
(12,5): -0.0007618141174316407
(12,6): -0.0031909751892089844
(12,7): -0.00013941764831542969
(12,10): 0.00025785446166992187
(12,15): -0.013185501098632812
(12,18): -0.007007417678833008
(12,21): -0.003330841064453125
(12,23): -0.002531280517578125
(12,26): -0.013304061889648437
(12,30): -0.00646336555480957
(13,5): -0.0037511253356933595
(13,10): 0.0016817378997802735
(13,18): -0.00706904411315918
(13,21): -0.007572784423828125
(13,23): -0.0036438846588134764
(13,27): -0.012108707427978515
(13,29): -0.012968082427978516
(13,30): -0.0014290714263916016
(14,0): -0.005945529937744141
(14,3): -0.008840351104736329
(14,5): -0.0047170925140380855
(14,6): -0.0029408931732177734
(14,20): -0.01628542900085449
(14,21): -0.012059564590454102
(14,24): -0.01390700340270996
(14,26): -0.008071546554565429
(14,28): -0.004395132064819336
(14,29): -0.01827686309814453
(15,1): 0.0012424659729003906
(15,6): 0.01168919563293457
(15,12): -0.005527496337890625
(15,21): 0.0066667842864990235
(15,22): 0.0008452415466308593
(15,23): 0.006696720123291016
(15,26): 0.006514492034912109
(15,28): 0.005484590530395508
(16,0): 0.011818408966064453
(16,3): 0.0017878150939941407
(16,20): -0.0020980358123779295
(16,25): -0.00602452278137207
(17,0): 0.00851119041442871
(17,3): 0.0032848167419433595
(17,20): -0.0037453556060791015
(17,22): 0.0016922950744628906
(17,24): 0.004551219940185547
(17,28): 0.0074109649658203125
(18,1): 0.0004590606689453125
(18,2): 0.008532371520996094
(18,12): -0.007043590545654297
(18,13): -0.002222776412963867
(18,21): 0.0009825897216796874
(18,23): 0.001994943618774414
(18,27): 0.00414423942565918
(18,29): -0.0017904949188232422
(18,30): 0.006811494827270508
(19,3): 0.00027887344360351564
(19,25): -0.007407855987548828
(20,0): 0.0005958080291748047
(20,3): -0.0009120655059814453
(20,4): -0.008993091583251954
(20,8): -0.005180492401123047
(20,9): -0.007391147613525391
(20,14): -0.0021985816955566407
(20,16): 0.0019433975219726562
(20,17): 0.005723409652709961
(20,24): 0.0029344654083251955
(20,25): 0.0022010707855224607
(20,28): 0.00535470962524414
(20,41): -0.00522552490234375
(20,42): -0.006423482894897461
(21,1): -0.003554840087890625
(21,2): -0.005860538482666016
(21,4): -0.010763473510742187
(21,5): -0.00036076545715332033
(21,6): -0.0005460834503173828
(21,7): -0.012167043685913086
(21,10): -0.007311754226684571
(21,12): -0.009066610336303712
(21,13): -0.009102239608764648
(21,14): -0.004560365676879883
(21,15): 0.00289860725402832
(21,18): 0.0047594642639160155
(21,23): 0.001845417022705078
(21,26): 0.0021079158782958984
(21,28): 0.0036047935485839845
(21,29): 0.00244781494140625
(21,30): 0.004226179122924805
(21,42): -0.012220821380615234
(21,44): -0.013968925476074218
(22,0): -0.004730072021484375
(22,6): 0.0026069927215576173
(22,7): -0.007314004898071289
(22,9): -0.0032899093627929686
(22,15): 0.006679410934448242
(22,17): 0.0044737720489501955
(22,24): 0.0030619621276855467
(22,26): 0.0033936119079589844
(22,28): 0.004661455154418946
(22,42): -0.004405603408813476
(23,1): -0.0029890632629394533
(23,2): -0.006833391189575195
(23,5): -0.004586496353149414
(23,6): -0.0019439125061035155
(23,7): -0.014496488571166992
(23,10): -0.007132081985473633
(23,12): -0.005123949050903321
(23,13): -0.009583616256713867
(23,15): 0.004113616943359375
(23,18): 0.001058502197265625
(23,21): -0.0005637168884277344
(23,26): 0.0007991409301757813
(23,27): 0.004546298980712891
(23,29): 0.0017412281036376953
(23,30): 0.0007911205291748046
(24,0): 0.0007930850982666016
(24,3): -0.005802049636840821
(24,4): -0.0084857177734375
(24,6): -0.001173715591430664
(24,9): -0.005140161514282227
(24,14): -0.0009734344482421875
(24,17): 0.0038797760009765623
(24,20): 0.0033545303344726563
(24,22): 0.001686859130859375
(24,25): 0.0030208301544189455
(24,26): 0.002260322570800781
(24,28): 0.0017438983917236327
(24,42): -0.005871143341064453
(25,0): -0.0010241985321044922
(25,3): -0.0017064476013183593
(25,8): -0.011710081100463867
(25,11): -0.0029723644256591797
(25,16): -0.0007698631286621094
(25,19): 0.002758951187133789
(25,20): 0.0038074111938476564
(25,24): 0.008736562728881837
(25,43): -0.0037264251708984376
(26,0): -0.0031941699981689452
(26,1): -0.00876209259033203
(26,4): -0.009349441528320313
(26,5): -0.006901454925537109
(26,6): -0.0011069297790527344
(26,7): -0.010816936492919921
(26,12): -0.011326408386230469
(26,14): -0.0033443260192871096
(26,15): 4.2753219604492186e-05
(26,21): 0.0006447029113769531
(26,22): 0.0013155555725097657
(26,23): 0.0030279159545898438
(26,24): 0.00047210693359375
(26,28): 0.0008170032501220704
(26,29): 0.0014348125457763672
(26,42): -0.011154870986938476
(27,2): -0.0022856807708740235
(27,5): -0.0052865219116210935
(27,10): -0.010054512023925781
(27,13): -0.011091213226318359
(27,18): 0.002754812240600586
(27,23): 0.005096349716186523
(27,29): 0.0030457019805908204
(27,30): 0.004188642501831054
(28,0): -0.003047523498535156
(28,3): -0.010890464782714843
(28,4): -0.0035629177093505857
(28,5): -0.005769176483154297
(28,6): -0.0023239326477050783
(28,7): -0.015157537460327148
(28,9): -0.010667657852172852
(28,14): -0.002455415725708008
(28,15): 0.005420236587524414
(28,17): -7.266998291015625e-06
(28,20): -9.870529174804688e-05
(28,21): 0.0011173534393310548
(28,22): -0.00012899398803710937
(28,24): 0.0006226348876953125
(28,26): 0.0008149623870849609
(28,29): 0.0014653778076171874
(29,2): -0.0024002742767333983
(29,4): -0.004123096466064453
(29,5): -0.0009334850311279297
(29,6): 0.0005607986450195312
(29,10): -0.006154680252075195
(29,13): -0.003642416000366211
(29,14): 0.0007753276824951172
(29,18): 0.008804416656494141
(29,21): 0.0032491397857666014
(29,23): 0.00521514892578125
(29,26): 0.0070212364196777345
(29,27): 0.0046100616455078125
(29,28): 0.00719146728515625
(29,30): 0.0030562686920166016
(29,41): -0.008230781555175782
(29,42): -0.007500190734863282
(29,44): -0.004950494766235352
(30,1): -0.013430194854736328
(30,2): -0.0039596080780029295
(30,5): -0.004113788604736328
(30,6): -0.007087583541870117
(30,10): -0.009663772583007813
(30,12): -0.019632644653320312
(30,13): -0.004736604690551757
(30,18): 0.001759176254272461
(30,21): -0.001082620620727539
(30,23): 0.0015822124481201171
(30,27): 0.0010729598999023437
(30,29): 0.0013747406005859375
(31,1): 0.015105209350585937
(31,7): 0.01595621109008789
(31,8): 0.01276982307434082
(31,10): 0.01046234130859375
(32,8): 0.010961990356445312
(32,9): 0.00781294822692871
(32,10): 0.010223522186279296
(32,11): 0.001802549362182617
(32,36): 0.014608383178710938
(33,1): 0.0169960880279541
(33,7): 0.019061565399169922
(33,9): 0.00672368049621582
(33,10): 0.011229352951049805
(33,11): 0.004220390319824218
(34,9): 0.014700002670288086
(34,11): 0.0024356842041015625
(34,40): 0.013153076171875
(36,8): -0.009827995300292968
(36,9): -0.0075921154022216795
(36,11): -0.010094413757324219
(36,32): -0.0033285903930664064
(36,37): 0.005577783584594726
(36,40): -0.004668159484863281
(37,36): -0.008927831649780274
(39,40): -0.010282459259033204
(40,4): 0.014482908248901367
(40,8): -0.01146967887878418
(40,9): -0.00928619384765625
(40,11): -0.007476377487182617
(40,34): -0.003270883560180664
(40,36): 6.275177001953125e-06
(40,39): 0.0064497566223144535
(41,20): 0.028246412277221678
(41,29): 0.028576440811157226
(41,43): -0.0001356983184814453
(42,20): 0.018569488525390625
(42,21): 0.023083009719848634
(42,22): 0.02370417594909668
(42,24): 0.03256596565246582
(42,26): 0.033315057754516604
(42,29): 0.024567899703979493
(43,25): 0.026863574981689453
(43,41): -0.00029425621032714845
(44,21): 0.03163951873779297
(44,29): 0.02411282539367676
