Interaction name: 5xij

Affinity: 7.300000190734863
Predicted value: 7.357441425323486

Attributions for edges: 

(0,1): 1.3136787710891333e-29
(0,2): 3.993606021565439e-27
(0,4): 1.491630738960772e-26
(0,8): 3.3495887607835514e-26
(0,11): 2.178585953036592e-28
(0,17): 2.9865934907997295e-26
(0,18): 2.8134293547524137e-31
(1,0): 1.520792976381983e-29
(1,8): 1.0569017430079187e-26
(1,9): 1.2974154952112922e-26
(1,10): 1.7165553208594952e-26
(1,17): 9.423653025456498e-27
(1,18): 8.877265158737568e-32
(1,19): 9.096910039770635e-31
(2,0): 5.5099730965831296e-27
(2,5): 4.579832565026e-25
(2,7): 1.4964883656888242e-24
(2,11): 2.490552052844122e-26
(2,12): 6.219190444575657e-24
(2,19): 3.295894228749674e-28
(3,5): 4.2316289300531376e-26
(3,7): 1.3827105875502483e-25
(3,11): 2.3012047125848774e-27
(3,12): 5.746369010268689e-25
(3,13): 5.5613771836898355e-25
(3,14): 5.746369010268689e-25
(3,15): 2.168992895983599e-27
(3,19): 3.045296979025557e-29
(4,0): 1.6841121835371167e-26
(4,5): 1.3998163213747706e-24
(4,7): 4.5739855279965016e-24
(4,11): 7.61234996320172e-26
(4,12): 1.9008900398628463e-23
(5,2): 3.6547331628020232e-25
(5,3): 4.176398189628769e-26
(5,4): 1.3650548697633672e-24
(5,6): 2.724938093002738e-29
(5,11): 1.9937320769677952e-26
(5,12): 4.978555998682718e-24
(5,13): 4.8182819452776076e-24
(5,14): 4.978555998682718e-24
(5,15): 1.87917853424762e-26
(5,20): 5.209120883668477e-27
(5,21): 5.899986852570771e-26
(6,5): 2.2391654474915295e-29
(6,7): 7.316609664286432e-29
(6,11): 1.217686510615674e-30
(6,12): 3.0407015296223167e-28
(6,13): 2.9428127698214327e-28
(6,14): 3.0407015296223167e-28
(6,15): 1.14771337561179e-30
(7,2): 1.2225727852146111e-24
(7,3): 1.3970789493817504e-25
(7,4): 4.566349748864415e-24
(7,6): 9.115469760208536e-29
(7,11): 6.669386312740948e-26
(7,12): 1.6654150596543743e-23
(7,13): 1.6118004437753903e-23
(7,14): 1.6654150596543743e-23
(7,15): 6.286160150174909e-26
(8,0): 3.8258610671204084e-26
(8,1): 1.042773120935894e-26
(8,9): 3.263909786541402e-23
(8,10): 4.31830789889141e-23
(8,16): 4.4791755701276996e-23
(8,17): 2.3707010429048322e-23
(8,28): 3.362472907938974e-23
(8,30): 1.7813056686073068e-23
(9,1): 1.3173240641580163e-26
(9,8): 3.3588706535013725e-23
(9,10): 5.455272295658556e-23
(9,16): 5.658472767423902e-23
(9,17): 2.994881081045897e-23
(9,18): 2.821225682796107e-28
(9,30): 2.2502957829913198e-23
(9,31): 4.012243751617589e-23
(10,1): 1.7117557493636867e-26
(10,8): 4.364562915841225e-23
(10,9): 5.357804428741793e-23
(10,16): 7.352725741873898e-23
(10,17): 3.891575169933914e-23
(10,18): 3.6659395193693207e-28
(10,22): 7.088629625846559e-23
(11,0): 2.264040427634026e-28
(11,2): 1.8759554519670892e-26
(11,3): 2.143723539555272e-27
(11,4): 7.006755004810357e-26
(11,5): 1.881854344275154e-26
(11,6): 1.398696465840039e-30
(11,7): 6.149096800487923e-26
(11,12): 2.555476692013371e-25
(11,13): 2.4731989926368853e-25
(11,23): 1.267037571086879e-25
(11,25): 1.4237802270200097e-26
(11,27): 4.5790441971588445e-26
(11,32): 1.7329188536687451e-25
(12,2): 5.203727272177646e-24
(12,3): 5.946491189009681e-25
(12,4): 1.9436092244632797e-23
(12,5): 5.2200898250737404e-24
(12,6): 3.8798845768777365e-28
(12,7): 1.7056963485133127e-23
(12,11): 2.8387401263030334e-25
(12,13): 6.860426049918052e-23
(12,14): 7.088629625846559e-23
(12,22): 7.088629625846559e-23
(12,23): 3.514645438733555e-23
(12,24): 7.088629625846559e-23
(13,3): 5.775905934712427e-25
(13,5): 5.070323793356626e-24
(13,6): 3.768554992736217e-28
(13,7): 1.6567593622579272e-23
(13,11): 2.7572853074583063e-25
(13,12): 6.885280848231032e-23
(13,14): 6.885280848231032e-23
(13,15): 2.598880312056697e-25
(13,22): 6.885280848231032e-23
(14,3): 5.946491189009681e-25
(14,5): 5.2200898250737404e-24
(14,6): 3.8798845768777365e-28
(14,7): 1.7056963485133127e-23
(14,12): 7.088629625846559e-23
(14,13): 6.860426049918052e-23
(14,15): 2.675655706619266e-25
(14,23): 3.514645438733555e-23
(14,32): 4.806957373666617e-23
(15,3): 2.0472101826241722e-27
(15,5): 1.797123595632222e-26
(15,6): 1.3357254215455851e-30
(15,7): 5.872211553136005e-26
(15,13): 2.3618433872558873e-25
(15,14): 2.440416398606229e-25
(15,25): 1.3596746473375095e-26
(15,26): 1.2180798772327314e-25
(15,27): 4.3728889581261415e-26
(15,28): 1.900250056731963e-25
(16,8): 4.528362940834402e-23
(16,9): 5.558880024772836e-23
(16,10): 7.354689689983536e-23
(16,17): 4.037623615749084e-23
(16,18): 3.8035202508765673e-28
(16,29): 7.627388807498853e-23
(16,33): 7.629484653151844e-23
(17,0): 3.459636089657047e-26
(17,1): 9.429586430429166e-27
(17,8): 2.4043257656733347e-23
(17,9): 2.9514766918631887e-23
(17,10): 3.9049586685075317e-23
(17,16): 4.050427774873907e-23
(17,18): 2.0194795840234154e-28
(18,0): 2.7587601687809813e-31
(18,1): 7.519279424180348e-32
(18,9): 2.353574503336158e-28
(18,10): 3.113878441565525e-28
(18,16): 3.229890442884336e-28
(18,17): 1.7094896038946234e-28
(19,1): 7.042430384166175e-31
(19,2): 2.1409190966667525e-28
(19,3): 2.4464981254624454e-29
(19,32): 1.9776723634591322e-27
(20,5): 4.5839174162157264e-27
(20,21): 7.3767849842869465e-28
(20,23): 3.086292258821648e-26
(20,25): 3.4681040954737265e-27
(20,28): 4.8469247205371806e-26
(21,5): 5.643439425431583e-26
(21,20): 8.018427804558998e-28
(22,10): 7.088629625846559e-23
(22,12): 7.088629625846559e-23
(22,13): 6.860426049918052e-23
(23,11): 1.4033711011770195e-25
(23,12): 3.504390246965682e-23
(23,14): 3.504390246965682e-23
(23,20): 3.6666846520351544e-26
(23,25): 1.9524735361261125e-24
(23,28): 2.7287118385596376e-23
(24,12): 7.088629625846559e-23
(25,11): 1.513976610770717e-26
(25,15): 1.4269883640841722e-26
(25,20): 3.955640934943711e-27
(25,23): 1.874454995384528e-24
(26,15): 1.3166163696443716e-25
(27,11): 5.017808632642771e-26
(27,15): 4.7295015421998686e-26
(28,8): 3.375440519043359e-23
(28,15): 2.0692748455510774e-25
(28,20): 5.736051079406947e-26
(28,23): 2.7181256407559337e-23
(29,16): 7.627244288181017e-23
(29,31): 5.408237253045659e-23
(30,8): 1.757506366185513e-23
(30,9): 2.1574608961709196e-23
(31,9): 3.917551412909756e-23
(31,29): 5.375328500434735e-23
(32,11): 2.0093625854327718e-25
(32,14): 5.017605639010335e-23
(32,19): 2.659107977870135e-27
(33,16): 7.629484653151844e-23
