Interaction name: 5i88

Affinity: 6.599999904632568
Predicted value: 6.830735206604004

Attributions for edges: 

(0,2): 0.550822913646698
(0,11): 0.5993160009384155
(1,7): 0.4659819006919861
(1,8): 0.5604676008224487
(1,9): 0.523668646812439
(2,0): 0.524083137512207
(2,12): 0.5696031451225281
(3,13): 0.5282204151153564
(3,14): 0.5346484780311584
(3,15): 0.3394765257835388
(4,5): 0.4429861009120941
(4,6): 0.5920590758323669
(4,7): 0.5829190015792847
(4,8): 0.435638427734375
(4,9): 0.49149835109710693
(4,10): 0.45443108677864075
(5,4): 0.5370088219642639
(5,6): 0.47478556632995605
(5,7): 0.6849565505981445
(5,8): 0.3827551007270813
(5,9): 0.5510936975479126
(5,10): 0.353914737701416
(5,14): 0.46567216515541077
(5,15): 0.5107850432395935
(5,18): 0.5112146735191345
(5,19): 0.4388284683227539
(6,4): 0.4714601933956146
(6,5): 0.37508735060691833
(6,7): 0.43027645349502563
(6,8): 0.3916391432285309
(6,9): 0.37823745608329773
(7,1): 0.4174465239048004
(7,4): 0.4727787673473358
(7,5): 0.49047616124153137
(7,6): 0.4214702248573303
(7,8): 0.42905187606811523
(7,9): 0.4757315218448639
(7,10): 0.40531885623931885
(7,16): 0.5207890868186951
(8,1): 0.4033451974391937
(8,4): 0.41448795795440674
(8,5): 0.6351691484451294
(8,6): 0.47616249322891235
(8,7): 0.5241008400917053
(8,9): 0.4174431264400482
(8,10): 0.44045498967170715
(8,17): 0.49245885014533997
(9,1): 0.5238915681838989
(9,4): 0.7194821834564209
(9,5): 0.3747135400772095
(9,6): 0.5509978532791138
(9,7): 0.5606799125671387
(9,8): 0.46739327907562256
(9,10): 0.5723021626472473
(10,4): 0.49042651057243347
(10,5): 0.4928431212902069
(10,7): 0.39874008297920227
(10,8): 0.5317969918251038
(10,9): 0.4081113636493683
(11,0): 0.5522043108940125
(11,12): 0.533932089805603
(12,2): 0.48388350009918213
(12,11): 0.46295052766799927
(13,3): 0.46081459522247314
(14,3): 0.6350171566009521
(14,5): 0.4601755440235138
(15,3): 0.37418025732040405
(15,5): 0.3087300658226013
(16,7): 0.4947564899921417
(16,19): 0.451765239238739
(17,8): 0.5004084706306458
(17,18): 0.3605087995529175
(18,5): 0.49472519755363464
(18,17): 0.490461140871048
(19,5): 0.49378323554992676
(19,16): 0.41267362236976624
