Interaction name: 5ets

Affinity: 5.909999847412109
Predicted value: 6.277456760406494

Attributions for edges: 

(0,2): 1.84414553819413e-20
(0,3): 4.176902625255499e-21
(0,4): 4.1796625327563274e-20
(0,6): 2.8026208478585184e-24
(0,9): 1.2205575811832005e-20
(0,10): 6.756287650917387e-21
(0,11): 4.383606093823907e-21
(0,15): 1.0841958878515536e-20
(0,16): 1.0841958878515536e-20
(0,17): 4.2622755000685705e-21
(1,3): 5.891031839091016e-35
(1,4): 2.8607640510687302e-33
(1,6): 9.033659725562617e-39
(1,17): 4.258310076842502e-36
(1,18): 5.397478264893629e-38
(2,0): 1.597558635506811e-20
(2,3): 3.3108747151970433e-22
(2,4): 8.729688560876024e-21
(2,5): 5.553604501691952e-22
(2,6): 2.221532888867785e-25
(2,17): 3.378520863106066e-22
(3,0): 3.617318575934427e-21
(3,1): 2.1317771427267096e-34
(3,2): 3.3098647208028707e-22
(3,4): 1.9766377387813907e-21
(3,5): 1.257481643374764e-22
(3,6): 5.0301703295466174e-26
(3,17): 7.649885227249584e-23
(3,19): 1.2551141771348872e-22
(3,20): 1.48437873942648e-23
(4,0): 4.167546598604413e-20
(4,1): 6.484667483556936e-33
(4,2): 9.912960733610327e-21
(4,3): 2.2452476790430805e-21
(4,11): 2.3563493848085677e-21
(4,17): 2.291129949748848e-21
(5,2): 5.316335841111625e-22
(5,3): 1.2041248587940425e-22
(5,6): 8.079505995702616e-26
(5,19): 2.0159837730837608e-22
(5,20): 2.3842323740120882e-23
(5,21): 1.9626752036815664e-23
(6,0): 2.135980134835661e-24
(6,1): 4.271874903816084e-38
(6,2): 1.954432598228519e-25
(6,3): 4.426697591879574e-26
(6,5): 7.425295635134263e-26
(6,17): 4.517193188106442e-26
(7,8): 7.088683899476838e-23
(7,9): 2.0427376435855331e-22
(7,10): 1.1307393375918664e-22
(7,12): 7.088683899476838e-23
(7,13): 7.832880131332961e-23
(7,14): 3.223891503908264e-23
(7,15): 1.814528135423019e-22
(7,16): 1.814528135423019e-22
(7,22): 7.088683899476838e-23
(7,26): 7.088683899476838e-23
(8,7): 7.088683899476838e-23
(8,9): 2.0427376435855331e-22
(8,10): 1.1307393375918664e-22
(8,12): 7.088683899476838e-23
(8,13): 7.832880131332961e-23
(8,14): 3.223891503908264e-23
(8,15): 1.814528135423019e-22
(8,16): 1.814528135423019e-22
(9,0): 1.049216326139504e-20
(9,7): 2.20497982606308e-22
(9,8): 2.20497982606308e-22
(9,10): 3.517262942325951e-22
(9,11): 2.2820572163016903e-22
(9,13): 2.4364669566234786e-22
(9,14): 1.0028118471849647e-22
(9,15): 5.644247522709978e-22
(9,16): 5.644247522709978e-22
(10,0): 5.526619854665523e-21
(10,7): 1.1614507654829515e-22
(10,8): 1.1614507654829515e-22
(10,9): 3.3469389114288512e-22
(10,11): 1.2020459263188593e-22
(10,13): 1.2833792526955733e-22
(10,15): 2.9730274251607405e-22
(10,16): 2.9730274251607405e-22
(10,23): 1.1614507654829515e-22
(10,24): 1.1678261499923305e-22
(10,26): 1.1614507654829515e-22
(11,0): 3.491557638361173e-21
(11,4): 1.907924394596236e-21
(11,9): 2.1144986161939333e-22
(11,10): 1.1704619551577273e-22
(11,13): 8.108048067937257e-23
(11,15): 1.8782720093149667e-22
(11,16): 1.8782720093149667e-22
(11,17): 7.384010072108791e-23
(12,7): 7.088683899476838e-23
(12,8): 7.088683899476838e-23
(12,14): 3.223891503908264e-23
(12,25): 7.088683899476838e-23
(12,26): 7.088683899476838e-23
(12,27): 7.088683899476838e-23
(12,28): 7.088683899476838e-23
(13,7): 7.83757290708594e-23
(13,8): 7.83757290708594e-23
(13,9): 2.2585441126163107e-22
(13,10): 1.250197112449336e-22
(13,11): 8.111543037291749e-23
(13,14): 3.564481884193074e-23
(13,15): 2.006232821206505e-22
(13,16): 2.006232821206505e-22
(13,29): 8.650319889428319e-23
(14,7): 3.257790119183059e-23
(14,8): 3.257790119183059e-23
(14,9): 9.38793575915745e-23
(14,12): 3.257790119183059e-23
(14,13): 3.599804866718336e-23
(14,15): 8.339138874778873e-23
(14,16): 8.339138874778873e-23
(15,0): 9.109839444655228e-21
(15,7): 1.9144629281625893e-22
(15,8): 1.9144629281625893e-22
(15,9): 5.516906439945581e-22
(15,10): 3.0538464142272504e-22
(15,11): 1.9813927903696712e-22
(15,13): 2.115458754578896e-22
(15,14): 8.706898255728219e-23
(15,23): 1.9144629281625893e-22
(16,0): 9.109839444655228e-21
(16,7): 1.9144629281625893e-22
(16,8): 1.9144629281625893e-22
(16,9): 5.516906439945581e-22
(16,10): 3.0538464142272504e-22
(16,11): 1.9813927903696712e-22
(16,13): 2.115458754578896e-22
(16,14): 8.706898255728219e-23
(17,0): 3.394438233394351e-21
(17,1): 2.2602184972420165e-35
(17,2): 3.1059278947141554e-22
(17,3): 7.034806592916416e-23
(17,4): 1.8548473085380698e-21
(17,6): 4.720236740646597e-26
(17,11): 7.382911977728723e-23
(18,1): 2.2679201770949084e-37
(18,19): 2.998137459419604e-24
(19,3): 1.2021284727239816e-22
(19,5): 2.016437525876444e-22
(19,18): 3.3390036649199245e-24
(19,20): 2.3802610904430246e-23
(20,3): 1.4475780626535578e-23
(20,5): 2.4281428963515865e-23
(20,19): 2.423562138847149e-23
(21,5): 1.8085634950097705e-23
(22,7): 7.088683899476838e-23
(23,10): 1.1307393375918664e-22
(23,15): 1.814528135423019e-22
(23,25): 7.088683899476838e-23
(24,10): 1.1369763874529058e-22
(24,29): 7.866868045662227e-23
(25,12): 7.088683899476838e-23
(25,23): 7.088683899476838e-23
(26,7): 7.088683899476838e-23
(26,10): 1.1307393375918664e-22
(26,12): 7.088683899476838e-23
(27,12): 7.088683899476838e-23
(28,12): 7.088683899476838e-23
(29,13): 8.649957013411918e-23
(29,24): 7.871099495557832e-23
