Interaction name: 5eyk

Affinity: 8.520000457763672
Predicted value: 8.646446228027344

Shapley values for edges: 

(0,3): -0.0854552936553955
(0,13): 0.04183518886566162
(0,26): 0.05629623413085937
(0,28): 0.0016718196868896484
(1,2): -0.06030997753143311
(1,4): -0.00873708724975586
(1,8): 0.022983155250549316
(1,18): -0.025975933074951173
(1,24): -0.03141036987304688
(1,29): 0.06218013763427734
(2,1): -0.011601476669311524
(2,8): -0.004603238105773926
(2,11): -0.036709656715393064
(2,12): 0.018015866279602052
(2,18): 0.011634755134582519
(2,20): -0.04369265079498291
(2,21): -0.010022497177124024
(2,23): -0.001145334243774414
(2,24): -0.0272009801864624
(2,25): -0.0213693904876709
(3,0): 0.005494837760925293
(3,13): -0.018311190605163574
(3,14): 0.035620231628417966
(3,26): 0.04457754135131836
(3,30): 0.00880021572113037
(4,1): -0.012876019477844239
(4,7): -0.002688446044921875
(4,8): -0.007438893318176269
(4,15): -0.005482306480407715
(4,16): 0.010578908920288087
(4,30): 0.025021071434020995
(5,11): -0.0378004264831543
(5,22): -0.052603988647460936
(5,25): -0.002084512710571289
(5,27): -0.014542312622070312
(6,11): 0.06867000102996826
(6,22): 0.0501214599609375
(6,25): 0.08268195629119873
(6,27): 0.062077293395996096
(7,4): -0.03371952056884766
(7,8): 0.015289878845214844
(7,10): 0.00013196945190429687
(7,15): -0.008002352714538575
(7,16): 0.006823692321777344
(7,19): -0.02002817630767822
(7,20): 0.003912081718444824
(7,21): 0.008174815177917481
(7,23): 0.004562220573425293
(7,26): 0.024243731498718262
(7,39): 0.0019515609741210937
(8,1): -0.024415369033813476
(8,2): -0.018171792030334474
(8,4): 0.012436962127685547
(8,7): 0.0030834484100341797
(8,15): -0.005013117790222168
(8,16): 0.009824395179748535
(8,19): -0.019642596244812013
(8,21): 0.001067357063293457
(8,23): 0.021006984710693358
(8,31): -0.011674962043762206
(8,38): 0.03076255798339844
(9,10): -0.00027984142303466797
(9,17): -0.018592162132263182
(9,20): 0.0008250761032104492
(9,21): -0.0009338998794555664
(9,23): 0.012777509689331055
(9,41): -0.0062668991088867185
(10,7): -0.0022298669815063476
(10,9): -0.0021546459197998046
(10,17): -0.006394796371459961
(10,20): 0.012477126121520996
(10,21): 0.00801224708557129
(10,23): 0.009980406761169434
(10,32): 0.014943222999572753
(10,40): 0.002751755714416504
(11,2): 0.0017054986953735352
(11,5): 0.03702417850494385
(11,6): 0.04729042053222656
(11,12): 0.017776679992675782
(11,18): 0.017093520164489746
(11,22): -0.004247875213623047
(11,24): -0.014578533172607423
(11,25): -0.005446815490722656
(11,27): -0.0013542318344116212
(12,2): 0.016160874366760253
(12,11): -0.022042407989501953
(12,18): 0.008261947631835938
(12,20): 0.014954209327697754
(12,21): 0.005815486907958984
(12,22): 0.0077709341049194336
(12,23): 0.019673223495483397
(12,24): -0.04114595413208008
(12,25): -0.0012073564529418946
(12,27): -0.02812302589416504
(12,31): -0.0083148193359375
(12,32): 0.024867796897888185
(13,0): -0.0421326208114624
(13,3): -0.011025662422180177
(13,15): -0.00832296848297119
(13,16): -0.00023014068603515624
(13,19): -0.045846056938171384
(13,26): 0.0170475435256958
(13,33): 0.04298826217651367
(14,3): -0.06380634307861328
(14,34): -0.032765278816223146
(14,35): -0.008287525177001953
(14,36): -0.03888153076171875
(14,37): 0.003169870376586914
(15,4): -0.045410718917846676
(15,7): -0.009887900352478027
(15,8): 0.012911996841430663
(15,13): 0.014077711105346679
(15,16): 0.002360420227050781
(15,19): -0.03171757698059082
(15,26): 0.017475943565368652
(15,33): 0.021206321716308593
(16,4): -0.01196404457092285
(16,7): 0.006833081245422363
(16,8): 0.013723540306091308
(16,13): 0.027106504440307617
(16,15): 0.01504021167755127
(16,19): -0.01938781261444092
(16,26): 0.022224035263061524
(16,31): -0.018558363914489746
(16,43): 0.011701745986938477
(16,44): 0.004026851654052734
(17,9): 0.0016989994049072265
(17,10): -0.00029795169830322267
(17,20): -0.0002577781677246094
(17,21): 0.005936908721923828
(17,23): 0.015981287956237794
(17,39): -0.0011347198486328124
(18,1): -0.029394774436950682
(18,2): 0.0074971866607666015
(18,11): -0.046749749183654786
(18,12): 0.0018859434127807618
(18,20): 0.010857739448547364
(18,21): 0.007332563400268555
(18,22): -0.026627373695373536
(18,24): -0.05540358066558838
(18,25): -0.0029363775253295897
(18,27): -0.02910524845123291
(18,40): 0.018649301528930663
(18,41): 0.03596946716308594
(19,7): -0.00011309623718261719
(19,8): 0.012753267288208008
(19,13): 0.016020383834838867
(19,15): -0.012325663566589356
(19,16): -0.004267416000366211
(19,26): 0.023249807357788085
(19,43): -0.037266778945922854
(20,2): 0.0036051321029663087
(20,7): -0.0018806791305541993
(20,9): 0.004849467277526855
(20,10): -0.008071727752685547
(20,12): 0.005440516471862793
(20,17): -0.0008980894088745117
(20,18): -0.0020344734191894533
(20,21): 0.005906848907470703
(20,23): 0.0036700153350830078
(20,40): 0.0005406045913696289
(21,2): -0.00553983211517334
(21,7): -0.0050510549545288086
(21,8): 0.012499256134033203
(21,9): 0.001967000961303711
(21,10): -0.010177288055419922
(21,12): 0.005985107421875
(21,17): -0.001312556266784668
(21,18): 0.009956445693969727
(21,20): 0.012645087242126464
(21,23): 0.011402783393859863
(21,31): -0.010044703483581543
(21,40): 0.010395493507385254
(22,5): 0.03305482864379883
(22,6): 0.03643233299255371
(22,11): -0.03901668071746826
(22,12): 0.001847395896911621
(22,18): 0.007044653892517089
(22,24): -0.06099342346191406
(22,25): -0.012208561897277832
(22,31): 0.022419233322143555
(23,2): -0.0070097255706787105
(23,7): -0.009098443984985351
(23,8): 0.0035286664962768553
(23,9): 0.016599068641662596
(23,10): 0.007889699935913087
(23,12): 0.0009778642654418945
(23,17): 0.0017259073257446288
(23,20): 0.0030411434173583983
(23,21): -0.0015334320068359376
(23,32): 0.019902424812316896
(23,42): 0.026319799423217775
(24,1): -0.019481396675109862
(24,2): 0.01762958526611328
(24,11): -0.058763647079467775
(24,12): 0.003805227279663086
(24,18): -0.0033411550521850585
(24,22): -0.014670982360839843
(24,25): -0.0022601890563964844
(24,27): -0.03824032306671143
(25,2): 0.008138108253479003
(25,5): 0.032218246459960936
(25,6): 0.0341266393661499
(25,11): -0.023961443901062012
(25,12): 0.0029642724990844725
(25,18): 0.0014888238906860351
(25,22): 0.01761712074279785
(25,24): -0.05000805377960205
(25,27): -0.01609700679779053
(25,41): 0.05492240428924561
(25,45): 0.0652784538269043
(26,0): -0.016648573875427244
(26,3): -0.008862109184265136
(26,7): -0.006457033157348632
(26,13): 0.03363028049468994
(26,15): 0.0099839448928833
(26,16): 0.01853933334350586
(26,19): -0.015029187202453614
(26,34): 0.018947296142578125
(26,37): 0.017196359634399413
(26,39): 0.04428203582763672
(26,43): 0.02759976387023926
(26,44): 0.06401755809783935
(27,5): 0.08503003120422363
(27,6): 0.10439457416534424
(27,11): 0.07161839962005616
(27,12): 0.03982006072998047
(27,18): 0.09085753917694092
(27,24): 0.09802002906799316
(27,25): 0.1101309061050415
(28,0): -0.04528573989868164
(28,33): -0.07935225009918213
(29,1): 0.0006122875213623047
(29,30): -0.06638737201690674
(30,3): 0.009634342193603516
(30,4): -0.0021912240982055664
(30,29): 0.03660067558288574
(30,44): -0.005386471748352051
(31,8): 0.0038758468627929686
(31,12): -0.004627280235290528
(31,16): 0.01127213954925537
(31,21): 0.013123998641967774
(31,22): -0.024518313407897948
(31,39): -0.0013224506378173829
(31,42): 0.0165499210357666
(32,10): 0.005269007682800293
(32,12): -0.005537996292114258
(32,23): 0.015785770416259767
(32,45): -0.020456080436706544
(33,13): -0.018354401588439942
(33,15): -0.01743072509765625
(33,28): -0.11270318508148193
(34,14): 0.08181505680084228
(34,26): 0.046449928283691405
(35,14): 0.07380834102630615
(35,37): -0.062159333229064945
(36,14): 0.07636371612548828
(37,14): 0.0670700740814209
(37,26): 0.03864932537078857
(37,35): -0.041897096633911134
(38,8): 0.008356924057006837
(38,40): -0.032806320190429686
(38,44): -0.06990826606750489
(39,7): 0.005512566566467285
(39,17): -0.0042101192474365235
(39,26): 0.04717735290527344
(39,31): -0.017633395195007326
(39,42): -0.0055874776840209965
(40,10): -0.004485416412353516
(40,18): -0.017918171882629393
(40,20): 0.0055361795425415035
(40,21): 0.01600900650024414
(40,38): -0.00028650760650634767
(40,41): -0.0056462717056274415
(41,9): -0.010838861465454102
(41,18): 0.01590327739715576
(41,25): -0.02342754364013672
(41,40): -0.018896708488464354
(42,23): 0.002569246292114258
(42,31): -0.05516768932342529
(42,39): -0.04144339084625244
(43,16): 0.02833529472351074
(43,19): -0.04058825492858887
(43,26): 0.0420569658279419
(44,16): 0.0022672748565673827
(44,26): 0.017224087715148925
(44,30): -0.10239568710327149
(44,38): -0.009796085357666016
(45,25): -0.04581418037414551
(45,32): -0.061174144744873045
