Interaction name: 6f29

Affinity: 5.489999771118164
Predicted value: 6.470059871673584

Attributions for edges: 

(0,1): 0.5148271918296814
(0,4): 0.541616678237915
(0,7): 0.5529414415359497
(0,8): 0.39713770151138306
(0,11): 0.3653019368648529
(0,12): 0.4654258191585541
(0,13): 0.42551949620246887
(0,16): 0.36151939630508423
(0,20): 0.4852597713470459
(1,0): 0.5491956472396851
(1,4): 0.4691600501537323
(1,6): 0.38226157426834106
(1,8): 0.5011340379714966
(1,11): 0.4348377585411072
(1,12): 0.4830780029296875
(1,13): 0.5146310925483704
(1,14): 0.3975902795791626
(1,15): 0.49493926763534546
(1,16): 0.45452579855918884
(1,20): 0.45050135254859924
(2,5): 0.4808712601661682
(2,10): 0.45326459407806396
(2,11): 0.34086188673973083
(2,12): 0.5124353766441345
(2,14): 0.3723728358745575
(2,15): 0.5255017876625061
(2,16): 0.43695372343063354
(3,5): 0.46741849184036255
(3,12): 0.3664604425430298
(3,16): 0.31589576601982117
(4,0): 0.6751205921173096
(4,1): 0.602878987789154
(4,6): 0.3766162097454071
(4,7): 0.4936620593070984
(4,17): 0.4035559296607971
(4,18): 0.5587631464004517
(4,19): 0.5416508913040161
(4,22): 0.43960142135620117
(5,2): 0.6135545969009399
(5,3): 0.5342023372650146
(5,10): 0.4635602831840515
(6,1): 0.4965883493423462
(6,4): 0.47632548213005066
(6,7): 0.45312055945396423
(6,8): 0.5137832164764404
(7,0): 0.47672024369239807
(7,4): 0.5868462324142456
(7,6): 0.6097267866134644
(7,8): 0.47560247778892517
(8,0): 0.6994954347610474
(8,1): 0.5662896037101746
(8,6): 0.5469090938568115
(8,7): 0.447111040353775
(9,10): 0.5344942808151245
(9,23): 0.5553579330444336
(9,24): 0.5150225162506104
(10,2): 0.57994145154953
(10,5): 0.45068359375
(10,9): 0.5473983287811279
(11,0): 0.5381823182106018
(11,1): 0.3743622601032257
(11,2): 0.4540049135684967
(11,12): 0.5023922920227051
(11,14): 0.5364916324615479
(11,20): 0.4004666209220886
(12,0): 0.43884748220443726
(12,1): 0.4688582718372345
(12,2): 0.4787059724330902
(12,3): 0.3752673864364624
(12,11): 0.4681502878665924
(12,18): 0.47945523262023926
(12,19): 0.43229594826698303
(13,0): 0.5049794316291809
(13,1): 0.45689094066619873
(13,16): 0.5250640511512756
(14,1): 0.4522300064563751
(14,2): 0.4530177712440491
(14,11): 0.3691282868385315
(14,20): 0.4203164279460907
(15,1): 0.43962404131889343
(15,2): 0.48799052834510803
(16,0): 0.5457472205162048
(16,1): 0.48187702894210815
(16,2): 0.545921266078949
(16,3): 0.6924973130226135
(16,13): 0.49175944924354553
(17,4): 0.4125652313232422
(17,19): 0.5674061179161072
(17,22): 0.5980796217918396
(18,4): 0.43755578994750977
(18,12): 0.5940864086151123
(18,24): 0.5203324556350708
(19,4): 0.5406507849693298
(19,12): 0.5196055769920349
(19,17): 0.5148727893829346
(19,21): 0.42412522435188293
(19,22): 0.3706235885620117
(20,0): 0.3966030776500702
(20,1): 0.45082610845565796
(20,11): 0.5382455587387085
(20,14): 0.4825163781642914
(21,19): 0.44600120186805725
(21,22): 0.5494154691696167
(22,4): 0.4357791841030121
(22,17): 0.4360595643520355
(22,19): 0.437056303024292
(22,21): 0.5141558051109314
(23,9): 0.591439425945282
(24,9): 0.44757080078125
(24,18): 0.49569880962371826
