Interaction name: 5tku

Affinity: 9.800000190734863
Predicted value: 7.54830265045166

Attributions for edges: 

(0,1): 0.0
(0,2): 0.0
(0,19): 0.35161736607551575
(0,29): 0.4706636369228363
(1,0): 0.0
(1,2): 0.0
(1,19): 0.46214452385902405
(1,29): 0.5304294228553772
(2,0): 0.0
(2,1): 0.0
(2,19): 0.0
(2,25): 0.41947805881500244
(2,28): 0.4624714255332947
(2,29): 0.5762923359870911
(3,4): 0.4670405685901642
(3,8): 0.0
(3,29): 0.0
(3,30): 0.0
(4,3): 0.45932286977767944
(4,7): 0.46254757046699524
(4,8): 0.45786356925964355
(4,9): 0.0
(4,10): 0.0
(4,12): 0.41498705744743347
(4,13): 0.0
(4,14): 0.38423952460289
(4,17): 0.4976377487182617
(4,21): 0.4539453983306885
(4,29): 0.5807781219482422
(4,30): 0.4256269335746765
(5,6): 0.424983948469162
(5,11): 0.0
(5,23): 0.0
(6,5): 0.5503086447715759
(6,11): 0.0
(6,15): 0.0
(6,23): 0.0
(7,4): 0.44729384779930115
(7,10): 0.0
(7,13): 0.4102150797843933
(7,16): 0.0
(7,17): 0.4198763072490692
(7,20): 0.48579809069633484
(7,21): 0.5777879357337952
(7,22): 0.0
(8,3): 0.0
(8,4): 0.5441340804100037
(8,9): 0.4508986175060272
(8,12): 0.0
(8,21): 0.49279049038887024
(9,4): 0.0
(9,8): 0.5843121409416199
(9,12): 0.49029985070228577
(9,13): 0.4667307138442993
(9,21): 0.4738396108150482
(10,4): 0.0
(10,7): 0.0
(10,13): 0.0
(10,14): 0.49933624267578125
(10,16): 0.5006709694862366
(10,17): 0.4437050223350525
(10,20): 0.0
(10,22): 0.0
(10,31): 0.0
(11,5): 0.5925353765487671
(11,6): 0.39070746302604675
(11,14): 0.5326808094978333
(11,15): 0.0
(11,20): 0.0
(11,23): 0.4337184727191925
(11,32): 0.4761531949043274
(12,4): 0.4649692177772522
(12,8): 0.0
(12,9): 0.4949067533016205
(12,16): 0.5597817301750183
(12,17): 0.0
(12,21): 0.0
(12,42): 0.5076995491981506
(13,4): 0.0
(13,7): 0.44904202222824097
(13,9): 0.5443336963653564
(13,10): 0.0
(13,14): 0.0
(13,15): 0.0
(13,20): 0.0
(13,36): 0.466909795999527
(14,4): 0.5075145959854126
(14,10): 0.5223771333694458
(14,11): 0.540618896484375
(14,13): 0.0
(14,15): 0.0
(14,20): 0.0
(14,33): 0.389629065990448
(14,34): 0.43971872329711914
(14,41): 0.4506058394908905
(14,42): 0.4428359270095825
(15,6): 0.4688640534877777
(15,11): 0.0
(15,13): 0.0
(15,14): 0.0
(15,20): 0.0
(15,36): 0.4745531678199768
(15,39): 0.48815813660621643
(16,7): 0.0
(16,10): 0.49089741706848145
(16,12): 0.6423310041427612
(16,17): 0.0
(16,21): 0.0
(16,22): 0.0
(17,4): 0.5148980617523193
(17,7): 0.5015977621078491
(17,10): 0.4699499309062958
(17,12): 0.0
(17,16): 0.0
(17,21): 0.0
(17,22): 0.0
(17,34): 0.4364936351776123
(17,39): 0.5337677001953125
(18,24): 0.0
(18,25): 0.4375287890434265
(18,26): 0.0
(18,27): 0.0
(18,35): 0.5378568768501282
(19,0): 0.5196790099143982
(19,1): 0.41373080015182495
(19,2): 0.0
(19,24): 0.0
(19,25): 0.0
(19,26): 0.0
(19,27): 0.0
(19,28): 0.0
(19,40): 0.5964740514755249
(20,7): 0.48291143774986267
(20,10): 0.0
(20,11): 0.0
(20,13): 0.0
(20,14): 0.0
(20,15): 0.0
(20,34): 0.4197636842727661
(20,36): 0.4563056528568268
(20,39): 0.5456641316413879
(20,42): 0.48896127939224243
(21,4): 0.38425102829933167
(21,7): 0.5129958987236023
(21,8): 0.538332998752594
(21,9): 0.3784187436103821
(21,12): 0.0
(21,16): 0.0
(21,17): 0.0
(21,22): 0.4687046706676483
(21,34): 0.5162439942359924
(22,7): 0.0
(22,10): 0.0
(22,16): 0.0
(22,17): 0.0
(22,21): 0.5152439475059509
(22,36): 0.4710891842842102
(22,39): 0.4886532127857208
(23,5): 0.5237206220626831
(23,6): 0.0
(23,11): 0.5575394630432129
(23,33): 0.4123190939426422
(23,34): 0.5709343552589417
(23,37): 0.4168385863304138
(23,38): 0.44428983330726624
(24,18): 0.0
(24,19): 0.0
(24,25): 0.0
(24,26): 0.0
(24,27): 0.0
(24,28): 0.0
(24,40): 0.49040642380714417
(24,41): 0.6030562520027161
(25,2): 0.5537286996841431
(25,18): 0.4948176443576813
(25,19): 0.0
(25,24): 0.0
(25,26): 0.0
(25,27): 0.0
(25,28): 0.0
(26,18): 0.0
(26,19): 0.0
(26,24): 0.0
(26,25): 0.0
(26,27): 0.0
(26,28): 0.0
(26,41): 0.4896910786628723
(27,18): 0.0
(27,19): 0.0
(27,24): 0.0
(27,25): 0.0
(27,26): 0.0
(27,28): 0.0
(27,34): 0.446475088596344
(27,42): 0.4601256549358368
(28,2): 0.42316222190856934
(28,19): 0.0
(28,24): 0.0
(28,25): 0.0
(28,26): 0.0
(28,27): 0.0
(29,0): 0.5553179383277893
(29,1): 0.5224691033363342
(29,2): 0.5881806015968323
(29,3): 0.0
(29,4): 0.5734140872955322
(29,42): 0.3944126069545746
(30,3): 0.0
(30,4): 0.40852758288383484
(30,33): 0.4919930696487427
(31,10): 0.0
(31,34): 0.4144471287727356
(32,11): 0.0
(33,14): 0.5839711427688599
(33,23): 0.5419937968254089
(33,30): 0.4666476249694824
(34,14): 0.3676328957080841
(34,17): 0.524244487285614
(34,20): 0.6030990481376648
(34,21): 0.4130072295665741
(34,23): 0.45576968789100647
(34,27): 0.4453125
(34,31): 0.48935869336128235
(35,18): 0.5020877718925476
(36,13): 0.42150449752807617
(36,15): 0.5769744515419006
(36,20): 0.594002902507782
(36,22): 0.46802225708961487
(37,23): 0.4232243597507477
(38,23): 0.4537181556224823
(38,39): 0.0
(39,15): 0.413483202457428
(39,17): 0.3555808365345001
(39,20): 0.5472995638847351
(39,22): 0.3573133945465088
(39,38): 0.0
(40,19): 0.5214941501617432
(40,24): 0.5300461649894714
(41,14): 0.4347355365753174
(41,24): 0.4299111068248749
(41,26): 0.4529730975627899
(41,42): 0.0
(42,12): 0.4360315501689911
(42,14): 0.45392683148384094
(42,20): 0.499218612909317
(42,27): 0.41180452704429626
(42,29): 0.4612402617931366
(42,41): 0.5186521410942078
