Interaction name: 5ep7

Affinity: 5.400000095367432
Predicted value: 6.264449596405029

Attributions for edges: 

(0,11): 0.5683578848838806
(1,4): 0.6258620023727417
(1,6): 0.5150778293609619
(1,11): 0.6268023252487183
(2,3): 0.5317174792289734
(2,6): 0.5852702856063843
(2,7): 0.5853779911994934
(2,9): 0.5282595753669739
(3,2): 0.4823462963104248
(3,5): 0.312100350856781
(3,6): 0.43634432554244995
(3,7): 0.6147264838218689
(3,9): 0.6044988632202148
(4,1): 0.4276633560657501
(4,6): 0.4970255196094513
(4,8): 0.45116618275642395
(4,9): 0.5482580661773682
(4,10): 0.4756106734275818
(5,3): 0.6742902398109436
(5,6): 0.3671242296695709
(5,7): 0.5679301619529724
(5,9): 0.3323715925216675
(6,1): 0.49798110127449036
(6,2): 0.5195664167404175
(6,3): 0.5177150368690491
(6,4): 0.43083587288856506
(6,5): 0.47183600068092346
(6,7): 0.35515519976615906
(6,8): 0.42276373505592346
(6,9): 0.3752659559249878
(6,10): 0.3607051372528076
(6,12): 0.40820857882499695
(6,13): 0.47509127855300903
(7,2): 0.49373215436935425
(7,3): 0.4111482799053192
(7,5): 0.42071840167045593
(7,6): 0.4775112271308899
(7,8): 0.3929064869880676
(7,9): 0.5292368531227112
(7,10): 0.39057764410972595
(8,4): 0.4025878310203552
(8,6): 0.6614013910293579
(8,7): 0.47614142298698425
(8,9): 0.5338826775550842
(8,10): 0.4070877730846405
(8,12): 0.43467822670936584
(8,13): 0.49803319573402405
(9,2): 0.5349317193031311
(9,3): 0.7515953779220581
(9,4): 0.3554447293281555
(9,5): 0.5670824646949768
(9,6): 0.5794907808303833
(9,7): 0.46513399481773376
(9,8): 0.5923632979393005
(9,10): 0.4941374659538269
(10,4): 0.49314984679222107
(10,6): 0.3854321539402008
(10,7): 0.5444064140319824
(10,8): 0.39632925391197205
(10,9): 0.5692541599273682
(11,0): 0.5477410554885864
(11,1): 0.48691463470458984
(12,6): 0.5141476392745972
(12,8): 0.39957693219184875
(13,6): 0.6550150513648987
(13,8): 0.45860549807548523
