Interaction name: 5cj6

Affinity: 8.6899995803833
Predicted value: 7.680527687072754

Shapley values for edges: 

(0,2): -0.0017139244079589844
(0,4): 0.009142179489135743
(0,5): -0.008118581771850587
(0,8): 0.003541412353515625
(0,9): 0.004891700744628906
(0,10): 0.005177059173583984
(0,11): -0.0023241138458251955
(0,12): -0.0033825206756591796
(0,13): -0.007564840316772461
(0,18): 0.010352458953857422
(1,7): -0.012841529846191406
(1,14): 0.011435356140136719
(1,15): 0.01331089973449707
(1,17): -0.005977354049682617
(1,19): 0.02054438591003418
(2,0): -0.003424081802368164
(2,3): -0.001533641815185547
(2,4): 0.003372774124145508
(2,5): 0.00023592948913574217
(2,6): 0.011050024032592774
(2,7): -0.006653614044189453
(2,8): 0.0004873752593994141
(2,9): 0.0014152240753173828
(2,10): 0.004277639389038086
(2,11): -0.005357513427734375
(2,12): -0.0029916858673095705
(2,13): -0.004731330871582031
(2,16): 0.006643428802490235
(2,17): -0.00416595458984375
(2,18): 0.002348318099975586
(3,2): -0.0068849468231201175
(3,4): 0.00401127815246582
(3,5): -0.0033675384521484374
(3,8): 0.00021495819091796876
(3,9): 0.0010538005828857422
(3,10): 0.003635196685791016
(3,11): -0.004829816818237305
(3,12): -0.0016327667236328124
(3,13): -0.006932010650634765
(3,18): -0.0036908817291259766
(4,0): 0.008970699310302734
(4,2): 0.007630815505981445
(4,3): 0.009266462326049805
(4,5): 0.0014166736602783203
(4,6): 0.00033843994140625
(4,7): 0.003223667144775391
(4,8): -0.00019225120544433594
(4,9): -0.0004664134979248047
(4,10): 0.0006588649749755859
(4,15): 0.0006508159637451171
(4,16): -0.0003046417236328125
(4,17): 0.0004700660705566406
(4,21): 0.001172800064086914
(4,28): 0.0003349971771240234
(4,29): -0.0016151332855224609
(4,36): 0.0018663883209228515
(4,39): 0.0003809356689453125
(5,0): 0.003463907241821289
(5,2): 0.0017734813690185548
(5,3): 0.00410919189453125
(5,4): 0.00038190841674804686
(5,6): 0.0010481929779052733
(5,7): 0.003475351333618164
(5,8): 0.0010943031311035157
(5,9): -0.00045554161071777345
(5,10): 0.00024493217468261717
(5,13): 0.0021660709381103515
(5,14): 0.0013456344604492188
(5,15): 0.0017930126190185546
(5,16): 9.592056274414062e-05
(5,17): 0.0022751903533935547
(5,18): 0.002267351150512695
(6,2): 0.008006038665771485
(6,4): -0.002230701446533203
(6,5): 0.001667356491088867
(6,7): 0.0043620777130126956
(6,14): -0.0013864803314208984
(6,15): -0.001375875473022461
(6,16): -0.00043176651000976563
(6,18): 0.008774147033691407
(6,20): -0.0019020938873291016
(6,22): -0.0012352561950683594
(6,23): -0.0012591266632080078
(6,24): -0.0010762691497802734
(7,1): 0.01222452163696289
(7,2): 0.00339569091796875
(7,4): 0.0005435562133789063
(7,5): 0.00132293701171875
(7,6): 7.761001586914062e-05
(7,14): -9.134292602539063e-05
(7,15): -5.50079345703125e-05
(7,16): 2.6798248291015626e-05
(7,17): 0.0020254230499267578
(7,18): 0.0027086353302001953
(8,0): 0.004169378280639648
(8,2): 0.0028711509704589843
(8,3): 0.005267562866210937
(8,4): 0.0006989097595214844
(8,5): 0.0021319007873535157
(8,9): 0.00014858245849609376
(8,10): 0.000994882583618164
(8,11): 0.0014035892486572265
(8,12): 0.0005358219146728516
(8,13): 0.0014033222198486328
(8,16): 7.578849792480469e-05
(8,18): 0.005832786560058594
(8,25): 0.0006427669525146484
(8,27): 0.0012495708465576172
(9,0): 0.0031414031982421875
(9,2): 0.007061395645141601
(9,3): 0.0030569362640380858
(9,4): 0.001005706787109375
(9,5): 0.0023149299621582032
(9,8): 0.0007449722290039062
(9,10): 0.00026236534118652345
(9,11): 0.0017702007293701172
(9,12): 0.0015824317932128906
(9,13): 0.003101682662963867
(9,18): 0.006318740844726563
(9,28): 0.0017205333709716796
(9,39): 0.0007460880279541016
(10,0): 0.008334112167358399
(10,2): 0.006140613555908203
(10,3): 0.004864587783813477
(10,4): -0.0005756473541259766
(10,5): 0.003084249496459961
(10,8): -7.721900939941406e-05
(10,9): -0.0003062629699707031
(10,11): 0.0019305801391601562
(10,12): 0.0019599723815917967
(10,13): 0.0011666011810302734
(10,18): 0.006516933441162109
(10,25): -0.0007550239562988282
(10,26): 0.0004969501495361328
(10,27): -0.0002972221374511719
(10,28): -2.26593017578125e-05
(10,39): 0.00017971038818359375
(11,0): 0.007176656723022461
(11,2): 0.005719213485717773
(11,3): 0.0029749107360839844
(11,8): 0.001187906265258789
(11,9): 0.0011144447326660156
(11,10): 0.0015264701843261718
(11,12): 0.0015624427795410155
(11,13): 0.003855457305908203
(11,29): 0.0017133808135986327
(11,40): 0.0019112777709960936
(12,0): 0.004897947311401367
(12,2): 0.007339000701904297
(12,3): 0.004090328216552735
(12,8): 0.0009006309509277344
(12,9): 0.00010801315307617188
(12,10): 0.0016321086883544923
(12,11): 0.0011565971374511718
(12,13): 0.000903167724609375
(12,30): 0.0013273143768310547
(12,33): 0.0021522998809814452
(12,40): 0.001158437728881836
(12,41): 0.0023710155487060547
(13,0): 0.004857664108276367
(13,2): 0.004884662628173828
(13,3): 0.0018620777130126953
(13,5): 0.0026908111572265625
(13,8): 0.0005605697631835937
(13,9): 0.00101287841796875
(13,10): 0.0010735416412353516
(13,11): 0.004994287490844727
(13,12): 0.0015393924713134766
(13,25): 0.002807931900024414
(13,32): 0.002983884811401367
(14,1): 0.012752027511596679
(14,5): 0.00451045036315918
(14,6): 0.0006730175018310547
(14,7): 0.003240995407104492
(14,15): 0.0006476402282714844
(14,16): -0.0003661060333251953
(14,17): 0.0027147960662841798
(14,21): 0.0006184101104736329
(14,33): 0.00018166542053222657
(14,34): -0.0011022758483886718
(14,35): 0.00090423583984375
(15,1): 0.0084600830078125
(15,4): 0.0005636882781982422
(15,5): 0.0014073753356933594
(15,6): -0.00017686843872070313
(15,7): 0.002670755386352539
(15,14): -0.0005300235748291015
(15,16): -0.0011262035369873048
(15,17): 0.0006591892242431641
(15,18): 0.005092935562133789
(15,37): -0.000448150634765625
(15,38): -3.405570983886719e-05
(15,39): -0.00290156364440918
(16,2): 0.006647176742553711
(16,4): 7.26318359375e-05
(16,5): 0.0011079025268554688
(16,6): 0.0008345413208007813
(16,7): 0.0036732292175292967
(16,8): 0.0010844898223876954
(16,14): 3.584861755371094e-05
(16,15): -0.00010814666748046876
(16,17): 0.006146707534790039
(16,18): 0.005698881149291992
(16,28): 8.961677551269531e-05
(17,1): 0.009637851715087891
(17,2): 0.007901411056518554
(17,4): 0.00011503219604492188
(17,5): 0.001579599380493164
(17,7): 0.0032721805572509767
(17,14): 0.0009470081329345703
(17,15): 0.0003731441497802734
(17,16): 0.00033698081970214846
(17,18): 0.0031552028656005857
(17,34): 0.00042301177978515625
(18,0): 0.005449419021606445
(18,2): -0.005218343734741211
(18,3): -0.00379755973815918
(18,5): -0.0045967578887939455
(18,6): -0.012315921783447266
(18,7): -0.008085451126098632
(18,8): -0.011971015930175782
(18,9): -0.014250917434692383
(18,10): -0.015013360977172851
(18,15): -0.005778636932373047
(18,16): -0.009216556549072266
(18,17): -0.004997215270996094
(19,1): -0.0032811832427978517
(20,6): 0.0003404521942138672
(20,27): -0.00023783683776855467
(21,4): -0.00018849372863769532
(21,14): -3.5381317138671876e-05
(21,24): 0.0013440704345703124
(22,6): -0.0006531524658203125
(22,35): -0.0003646945953369141
(22,36): -0.0004348945617675781
(23,6): -0.0010662269592285156
(23,24): -5.343437194824219e-05
(24,6): -0.0015235805511474609
(24,21): -0.0010790729522705078
(24,23): -0.00019910812377929688
(25,8): -0.00022850990295410158
(25,10): -0.0012147808074951172
(25,13): 0.008533267974853516
(25,31): 0.0009864521026611327
(25,36): 0.0004059410095214844
(26,10): 0.0020955562591552734
(26,39): -0.00032501220703125
(27,8): 0.00176605224609375
(27,10): -0.00015639305114746095
(27,20): 0.0004242992401123047
(28,4): -0.001011228561401367
(28,9): -0.0015233612060546874
(28,10): 0.0009737968444824219
(28,16): -0.0019455814361572265
(28,33): -0.0011557960510253907
(28,38): 1.5201568603515625e-05
(29,4): 0.0016903114318847657
(29,11): 0.006123600006103516
(30,12): 0.0028567218780517576
(30,40): -0.00042634963989257813
(31,25): -0.0010392284393310547
(31,32): -0.0013616371154785156
(31,36): -0.00010484695434570312
(32,13): 0.006367225646972657
(32,31): 0.0005552196502685547
(32,41): -0.0005123233795166016
(33,12): 0.003909950256347656
(33,14): -0.0012949657440185546
(33,28): -0.0006392288208007812
(33,38): 0.00027413368225097655
(34,14): 0.0005445194244384766
(34,17): 0.014125394821166991
(35,14): -0.0008245658874511719
(35,22): 0.00036310195922851563
(35,36): 0.0004776191711425781
(36,4): -0.000560150146484375
(36,22): -0.00015892982482910157
(36,25): -0.0012430000305175782
(36,31): -0.0003944301605224609
(36,35): -0.0007979679107666016
(37,15): 0.0007353019714355469
(38,15): 0.00013382911682128907
(38,28): -0.00029905319213867186
(38,33): -0.0007445526123046875
(39,4): -0.0002685070037841797
(39,9): 0.0002621936798095703
(39,10): -0.0015678977966308593
(39,15): -0.0018942832946777343
(39,26): -0.0004191112518310547
(40,11): 0.004102010726928711
(40,12): 0.002024679183959961
(40,30): -0.0008489322662353515
(40,41): -0.00020313262939453125
(41,12): 0.004801149368286133
(41,32): -0.0002719879150390625
(41,40): -0.0019036483764648436
