Interaction name: 5nvv

Affinity: 6.699999809265137
Predicted value: 6.9648895263671875

Attributions for edges: 

(0,10): 0.5160067081451416
(0,11): 0.5481547713279724
(0,22): 0.46518218517303467
(1,3): 0.4059872031211853
(1,6): 0.4895358383655548
(1,15): 0.5392041802406311
(1,19): 0.5403344035148621
(1,21): 0.4656257927417755
(1,23): 0.39539846777915955
(1,27): 0.48799899220466614
(1,28): 0.43631744384765625
(2,15): 0.48000001907348633
(2,16): 0.46417686343193054
(2,28): 0.49355801939964294
(2,30): 0.49160465598106384
(3,1): 0.38002920150756836
(3,6): 0.39524850249290466
(3,8): 0.5037881135940552
(3,17): 0.5804653167724609
(3,19): 0.4129737913608551
(3,24): 0.45830026268959045
(3,27): 0.5444730520248413
(4,5): 0.5146093964576721
(4,8): 0.392353892326355
(4,9): 0.416302353143692
(4,20): 0.41183120012283325
(4,28): 0.5264785289764404
(5,4): 0.3868407905101776
(5,8): 0.4075598418712616
(5,20): 0.4418086111545563
(6,1): 0.3988208770751953
(6,3): 0.4298315644264221
(6,13): 0.41835707426071167
(6,15): 0.4323633015155792
(6,21): 0.6276743412017822
(6,23): 0.4167141616344452
(6,26): 0.5304857492446899
(6,29): 0.4126235842704773
(7,15): 0.48729148507118225
(7,16): 0.46703916788101196
(8,3): 0.3890518248081207
(8,4): 0.5085276961326599
(8,5): 0.5516918301582336
(8,9): 0.3954143524169922
(8,17): 0.4436250925064087
(8,18): 0.4999185800552368
(8,19): 0.4760483503341675
(8,20): 0.4302540123462677
(8,24): 0.4105951189994812
(9,4): 0.4055079221725464
(9,8): 0.3971398174762726
(9,20): 0.5243618488311768
(10,0): 0.38971856236457825
(10,11): 0.49797073006629944
(10,12): 0.5414240956306458
(10,22): 0.4394225478172302
(10,25): 0.4123924970626831
(10,31): 0.5028116703033447
(10,32): 0.4053345024585724
(10,33): 0.4719720184803009
(10,34): 0.5204526782035828
(11,0): 0.4503902196884155
(11,10): 0.48949894309043884
(11,12): 0.51120924949646
(11,14): 0.5092664361000061
(11,22): 0.5192812085151672
(11,25): 0.5446578860282898
(11,32): 0.45552897453308105
(11,34): 0.5537453293800354
(11,35): 0.42704468965530396
(12,10): 0.42948925495147705
(12,11): 0.4982122480869293
(12,13): 0.42347803711891174
(12,14): 0.4636841416358948
(12,21): 0.5233979225158691
(12,22): 0.44484031200408936
(12,23): 0.48904553055763245
(12,26): 0.5128101706504822
(12,31): 0.4822574555873871
(13,6): 0.4730829894542694
(13,12): 0.43773242831230164
(13,14): 0.4008629620075226
(13,21): 0.47128885984420776
(13,22): 0.4860667586326599
(13,23): 0.4090234935283661
(14,11): 0.5064131617546082
(14,12): 0.5512303709983826
(14,13): 0.5281208157539368
(14,21): 0.5504220128059387
(14,22): 0.47889748215675354
(14,23): 0.5061887502670288
(14,26): 0.4876828193664551
(14,33): 0.5480310320854187
(14,35): 0.44709447026252747
(14,41): 0.42326903343200684
(15,1): 0.4644024968147278
(15,2): 0.5169870853424072
(15,6): 0.39805537462234497
(15,7): 0.5260379314422607
(15,16): 0.4655958116054535
(15,36): 0.3513828217983246
(15,42): 0.49416306614875793
(15,43): 0.5141742825508118
(16,2): 0.5454604625701904
(16,7): 0.5256084203720093
(16,15): 0.4664168059825897
(16,37): 0.46764329075813293
(17,3): 0.5461384057998657
(17,8): 0.38117873668670654
(17,18): 0.5305050015449524
(17,19): 0.3907584846019745
(17,24): 0.4912770688533783
(17,40): 0.5084047913551331
(18,8): 0.5896294116973877
(18,17): 0.4204557538032532
(18,19): 0.47582605481147766
(18,24): 0.46586358547210693
(18,38): 0.437936007976532
(18,44): 0.4465801417827606
(19,1): 0.3612724542617798
(19,3): 0.49010995030403137
(19,8): 0.4571892023086548
(19,17): 0.5403690934181213
(19,18): 0.4389030337333679
(19,24): 0.43954163789749146
(19,36): 0.3846799433231354
(19,39): 0.5757107138633728
(19,40): 0.46749791502952576
(19,41): 0.5761950612068176
(20,4): 0.42549389600753784
(20,5): 0.5271979570388794
(20,8): 0.4916003942489624
(20,9): 0.460286021232605
(20,40): 0.3871760368347168
(20,42): 0.45503923296928406
(21,1): 0.49501585960388184
(21,6): 0.365996390581131
(21,12): 0.5152369737625122
(21,13): 0.3890381455421448
(21,14): 0.5583547353744507
(21,22): 0.3285808861255646
(21,23): 0.5191687941551208
(21,26): 0.5587853193283081
(22,0): 0.5330822467803955
(22,10): 0.4643633961677551
(22,11): 0.44768232107162476
(22,12): 0.5005314350128174
(22,13): 0.42451542615890503
(22,14): 0.4725639820098877
(22,21): 0.4582218527793884
(22,23): 0.41890937089920044
(22,25): 0.41708728671073914
(22,26): 0.4777471423149109
(22,32): 0.4406799077987671
(22,34): 0.47372737526893616
(22,35): 0.4749230742454529
(23,1): 0.604770839214325
(23,6): 0.4674007296562195
(23,12): 0.39477992057800293
(23,13): 0.4095616936683655
(23,14): 0.49636298418045044
(23,21): 0.5054008960723877
(23,22): 0.48673269152641296
(23,26): 0.4321788251399994
(24,3): 0.4817768633365631
(24,8): 0.5394514799118042
(24,17): 0.3641620874404907
(24,18): 0.46055349707603455
(24,19): 0.5026929378509521
(24,35): 0.5210860371589661
(24,42): 0.41329967975616455
(25,10): 0.4900882840156555
(25,11): 0.42367589473724365
(25,22): 0.6220898032188416
(26,6): 0.4002659022808075
(26,12): 0.5167350769042969
(26,14): 0.5075439810752869
(26,21): 0.47313782572746277
(26,22): 0.4003385007381439
(26,23): 0.4801977574825287
(27,1): 0.4631304144859314
(27,3): 0.40464192628860474
(27,36): 0.43385130167007446
(28,1): 0.4570654332637787
(28,2): 0.522895336151123
(28,4): 0.45500051975250244
(28,42): 0.4845697581768036
(28,43): 0.5140030384063721
(29,6): 0.43373391032218933
(29,42): 0.5073877573013306
(30,2): 0.4566851854324341
(30,37): 0.5235857963562012
(31,10): 0.4744615852832794
(31,12): 0.4539051353931427
(32,10): 0.45231330394744873
(32,11): 0.5384067893028259
(32,22): 0.49191951751708984
(32,41): 0.521148145198822
(33,10): 0.5068230628967285
(33,14): 0.42549213767051697
(34,10): 0.33982306718826294
(34,11): 0.3193932771682739
(34,22): 0.5264931321144104
(35,11): 0.41525140404701233
(35,14): 0.417555570602417
(35,22): 0.4372498095035553
(35,24): 0.4702792465686798
(36,15): 0.5096712708473206
(36,19): 0.44399750232696533
(36,27): 0.4044465720653534
(37,16): 0.5056817531585693
(37,30): 0.4848024249076843
(37,39): 0.4587821066379547
(37,44): 0.464539498090744
(38,18): 0.4338051378726959
(39,19): 0.46589478850364685
(39,37): 0.49082937836647034
(39,44): 0.48512136936187744
(40,17): 0.5040637850761414
(40,19): 0.5002017021179199
(40,20): 0.47949475049972534
(41,14): 0.4246409237384796
(41,19): 0.4526221752166748
(41,32): 0.41968607902526855
(42,15): 0.499241441488266
(42,20): 0.46926870942115784
(42,24): 0.4168831706047058
(42,28): 0.6097343564033508
(42,29): 0.5089656114578247
(43,15): 0.5076861381530762
(43,28): 0.5078108906745911
(44,18): 0.49879342317581177
(44,37): 0.4928635060787201
(44,39): 0.4166320562362671
