Interaction name: 5i88

Affinity: 6.599999904632568
Predicted value: 6.830735206604004

Attributions for edges: 

(0,2): 7.198800917674166e-39
(0,11): 7.223943014721082e-39
(1,7): 1.5018804764950427e-25
(1,8): 1.5023674748445002e-25
(1,9): 1.4964417735916095e-25
(2,0): 7.198800917674166e-39
(2,12): 7.185027555068317e-39
(3,13): 7.253402967146121e-25
(3,14): 4.241311149958836e-25
(3,15): 4.243043192683862e-25
(4,5): 1.6440339511729676e-25
(4,6): 1.5216085318799393e-25
(4,7): 1.520726486780289e-25
(4,8): 1.5212139781678124e-25
(4,9): 1.5152138281669915e-25
(4,10): 1.5215969454853939e-25
(5,4): 1.644109262737513e-25
(5,6): 1.646374895909211e-25
(5,7): 1.6454267837087485e-25
(5,8): 1.6459478016847437e-25
(5,9): 1.639462009189146e-25
(5,10): 1.6463622001790176e-25
(5,14): 2.4006481947408075e-25
(5,15): 2.4016098654880785e-25
(5,18): 1.7233338238917605e-25
(5,19): 1.7203911261962533e-25
(6,4): 1.5216142018176956e-25
(6,5): 1.6463058705800041e-25
(6,7): 1.5228221450788153e-25
(6,8): 1.5233160459611935e-25
(6,9): 1.517307637572771e-25
(7,1): 1.501897609567828e-25
(7,4): 1.520726486780289e-25
(7,5): 1.6453451859088647e-25
(7,6): 1.5228221450788153e-25
(7,8): 1.5224215516503827e-25
(7,9): 1.516428180922966e-25
(7,10): 1.522804765486997e-25
(7,16): 1.559166815875094e-25
(8,1): 1.5023789379795292e-25
(8,4): 1.5212139781678124e-25
(8,5): 1.6458788996150533e-25
(8,6): 1.5233102527639208e-25
(8,7): 1.522427221588139e-25
(8,9): 1.5169199863935648e-25
(8,10): 1.5232928731721026e-25
(8,17): 1.5626023051173314e-25
(9,1): 1.4964532367266385e-25
(9,4): 1.5152196213642642e-25
(9,5): 1.63938706740315e-25
(9,6): 1.517307637572771e-25
(9,7): 1.5164164712689042e-25
(9,8): 1.516914193196292e-25
(9,10): 1.517296174437742e-25
(10,4): 1.5215969454853939e-25
(10,5): 1.6462868886144723e-25
(10,7): 1.522804765486997e-25
(10,8): 1.5232928731721026e-25
(10,9): 1.517290257980953e-25
(11,0): 7.223943014721082e-39
(11,12): 7.210178059906019e-39
(12,2): 7.185027555068317e-39
(12,11): 7.21012340926591e-39
(13,3): 7.254509837603759e-25
(14,3): 4.24064850679845e-25
(14,5): 2.4010418856363194e-25
(15,3): 4.242395833703515e-25
(15,5): 2.402031413034306e-25
(16,7): 1.559190604961767e-25
(16,19): 1.6302197641273833e-25
(17,8): 1.5626260942040045e-25
(17,18): 1.6360883962241619e-25
(18,5): 1.7232943808464995e-25
(18,17): 1.6361071316706609e-25
(19,5): 1.7203518064105087e-25
(19,16): 1.6302446625497043e-25
