Interaction name: 5unh

Affinity: 9.460000038146973
Predicted value: 7.912165641784668

Attributions for edges: 

(0,5): 0.0
(0,6): 0.0
(0,7): 0.0
(0,11): 0.5563884973526001
(0,38): 0.48645415902137756
(0,39): 0.5306370854377747
(0,40): 0.4862692654132843
(1,2): 0.4980201721191406
(1,16): 0.0
(1,17): 0.613602876663208
(1,30): 0.48568424582481384
(2,1): 0.5760435461997986
(2,29): 0.5095695853233337
(2,35): 0.5410536527633667
(2,37): 0.4339594841003418
(2,38): 0.49322929978370667
(3,10): 0.5392648577690125
(3,14): 0.4922448396682739
(3,15): 0.0
(3,18): 0.0
(3,21): 0.4887085556983948
(3,39): 0.4915209412574768
(4,8): 0.46512678265571594
(4,15): 0.5218458771705627
(4,18): 0.0
(4,19): 0.0
(4,28): 0.0
(4,29): 0.5694130063056946
(4,37): 0.4868372082710266
(4,39): 0.49395835399627686
(5,0): 0.0
(5,6): 0.0
(5,7): 0.0
(5,11): 0.0
(5,12): 0.502422034740448
(5,25): 0.5561911463737488
(5,38): 0.5123659372329712
(5,39): 0.0
(5,40): 0.47443142533302307
(6,0): 0.0
(6,5): 0.0
(6,7): 0.0
(6,11): 0.5391148924827576
(6,38): 0.49997586011886597
(6,39): 0.5919906497001648
(6,40): 0.45999759435653687
(7,0): 0.0
(7,5): 0.0
(7,6): 0.0
(7,11): 0.0
(7,12): 0.5008290410041809
(7,20): 0.43798205256462097
(7,24): 0.4730820655822754
(7,25): 0.5018393397331238
(8,4): 0.42431408166885376
(8,9): 0.0
(8,19): 0.0
(8,46): 0.5864917635917664
(8,50): 0.5368600487709045
(8,59): 0.5613107085227966
(9,8): 0.0
(9,19): 0.0
(9,41): 0.5903456211090088
(9,42): 0.5316453576087952
(9,43): 0.49236801266670227
(10,3): 0.4364917278289795
(10,14): 0.0
(10,19): 0.4219178557395935
(10,20): 0.0
(10,21): 0.0
(10,23): 0.0
(10,24): 0.0
(10,33): 0.0
(10,46): 0.4310512840747833
(10,49): 0.4435110092163086
(11,0): 0.5182397961616516
(11,5): 0.0
(11,6): 0.5267901420593262
(11,7): 0.0
(11,12): 0.0
(11,13): 0.0
(11,20): 0.0
(11,23): 0.5003989338874817
(11,24): 0.0
(11,25): 0.0
(11,26): 0.0
(11,27): 0.0
(11,33): 0.5362516641616821
(11,36): 0.0
(11,47): 0.5341558456420898
(11,54): 0.46479299664497375
(11,58): 0.5436453819274902
(12,5): 0.5735095143318176
(12,7): 0.6041821241378784
(12,11): 0.0
(12,13): 0.0
(12,24): 0.5147030353546143
(12,25): 0.0
(12,26): 0.0
(12,27): 0.0
(12,36): 0.0
(12,44): 0.5815971493721008
(12,45): 0.45519617199897766
(13,11): 0.0
(13,12): 0.0
(13,24): 0.4539181888103485
(13,25): 0.0
(13,26): 0.0
(13,27): 0.0
(13,36): 0.0
(13,53): 0.40008577704429626
(14,3): 0.4837300181388855
(14,10): 0.0
(14,20): 0.0
(14,21): 0.0
(14,23): 0.0
(14,24): 0.0
(14,25): 0.4881795644760132
(14,33): 0.0
(14,44): 0.5096777081489563
(14,45): 0.42443782091140747
(14,47): 0.4587498903274536
(14,55): 0.5182814002037048
(14,56): 0.396033376455307
(15,3): 0.0
(15,4): 0.5848936438560486
(15,16): 0.5267293453216553
(15,18): 0.0
(15,28): 0.0
(15,29): 0.0
(15,30): 0.0
(15,37): 0.0
(15,55): 0.557025134563446
(15,56): 0.45768603682518005
(15,58): 0.5208830237388611
(16,1): 0.0
(16,15): 0.5401197075843811
(16,17): 0.4598226845264435
(16,22): 0.0
(16,29): 0.5487329363822937
(16,30): 0.0
(16,31): 0.0
(16,32): 0.0
(16,34): 0.5018901824951172
(16,37): 0.5565494894981384
(16,55): 0.5146366357803345
(16,57): 0.4642592668533325
(17,1): 0.0
(17,16): 0.0
(17,22): 0.0
(17,30): 0.0
(17,31): 0.0
(17,32): 0.0
(17,34): 0.42929860949516296
(18,3): 0.0
(18,4): 0.0
(18,15): 0.0
(18,28): 0.0
(18,29): 0.0
(18,30): 0.48922568559646606
(18,37): 0.0
(18,49): 0.4628884494304657
(18,51): 0.5113304853439331
(18,55): 0.49412018060684204
(19,4): 0.0
(19,8): 0.0
(19,9): 0.0
(19,10): 0.4165804982185364
(19,48): 0.42285630106925964
(19,49): 0.0
(19,51): 0.49273595213890076
(20,7): 0.5079036951065063
(20,10): 0.0
(20,11): 0.5076438188552856
(20,14): 0.0
(20,21): 0.0
(20,23): 0.0
(20,24): 0.0
(20,25): 0.0
(20,27): 0.5027450919151306
(20,33): 0.0
(20,36): 0.4771285653114319
(20,47): 0.46306389570236206
(20,51): 0.480844110250473
(20,52): 0.559637188911438
(20,58): 0.5679008364677429
(21,3): 0.4970256984233856
(21,10): 0.0
(21,14): 0.0
(21,20): 0.0
(21,23): 0.0
(21,24): 0.0
(21,25): 0.4591107964515686
(21,33): 0.0
(21,45): 0.5032510757446289
(22,16): 0.0
(22,17): 0.5304032564163208
(22,30): 0.0
(22,31): 0.0
(22,32): 0.0
(22,34): 0.0
(22,47): 0.45437654852867126
(22,58): 0.6195545196533203
(23,10): 0.0
(23,11): 0.0
(23,14): 0.0
(23,20): 0.0
(23,21): 0.0
(23,24): 0.0
(23,25): 0.0
(23,27): 0.0
(23,36): 0.45677316188812256
(23,51): 0.5625046491622925
(23,52): 0.5469633936882019
(24,7): 0.5688315033912659
(24,10): 0.0
(24,11): 0.0
(24,12): 0.523204505443573
(24,13): 0.5118060111999512
(24,14): 0.0
(24,20): 0.0
(24,21): 0.0
(24,23): 0.0
(24,25): 0.0
(24,27): 0.0
(24,33): 0.0
(24,36): 0.0
(24,44): 0.4641994535923004
(24,47): 0.44393208622932434
(25,5): 0.4555889070034027
(25,7): 0.4762219786643982
(25,11): 0.0
(25,12): 0.0
(25,13): 0.0
(25,14): 0.46674832701683044
(25,20): 0.0
(25,21): 0.500098705291748
(25,23): 0.0
(25,24): 0.0
(25,26): 0.0
(25,27): 0.0
(25,33): 0.0
(25,36): 0.0
(25,54): 0.4436691105365753
(26,11): 0.0
(26,12): 0.0
(26,13): 0.0
(26,25): 0.0
(26,27): 0.0
(26,36): 0.0
(26,44): 0.40062835812568665
(26,45): 0.4383962154388428
(26,58): 0.5408543944358826
(27,11): 0.0
(27,12): 0.0
(27,13): 0.0
(27,20): 0.4773741662502289
(27,23): 0.5154711008071899
(27,24): 0.0
(27,25): 0.0
(27,26): 0.0
(27,33): 0.5600825548171997
(27,52): 0.4431424140930176
(27,54): 0.46930718421936035
(28,4): 0.0
(28,15): 0.0
(28,18): 0.0
(28,29): 0.0
(28,37): 0.0
(28,46): 0.48853665590286255
(28,47): 0.5000391602516174
(28,49): 0.5083940029144287
(28,55): 0.5869308114051819
(29,2): 0.5352751016616821
(29,4): 0.49113181233406067
(29,15): 0.0
(29,16): 0.4725245237350464
(29,18): 0.0
(29,28): 0.0
(29,30): 0.5025082230567932
(29,55): 0.43543490767478943
(29,58): 0.46887871623039246
(30,1): 0.4871926009654999
(30,15): 0.0
(30,16): 0.0
(30,17): 0.456490695476532
(30,18): 0.4972038269042969
(30,22): 0.0
(30,29): 0.0
(30,31): 0.0
(30,32): 0.0
(30,34): 0.560250997543335
(30,37): 0.502677857875824
(30,51): 0.5324945449829102
(30,56): 0.47836124897003174
(31,16): 0.0
(31,17): 0.4303785562515259
(31,22): 0.0
(31,30): 0.0
(31,32): 0.0
(31,34): 0.0
(31,58): 0.5219001173973083
(32,16): 0.0
(32,17): 0.0
(32,22): 0.0
(32,30): 0.0
(32,31): 0.0
(32,57): 0.5088574290275574
(33,10): 0.0
(33,11): 0.5603204369544983
(33,14): 0.0
(33,20): 0.0
(33,21): 0.0
(33,24): 0.0
(33,25): 0.0
(33,27): 0.4484955966472626
(33,36): 0.45926713943481445
(34,16): 0.0
(34,17): 0.43232661485671997
(34,22): 0.0
(34,30): 0.0
(34,31): 0.0
(35,2): 0.0
(36,11): 0.0
(36,12): 0.0
(36,13): 0.0
(36,20): 0.4935104548931122
(36,23): 0.4453519284725189
(36,24): 0.0
(36,25): 0.0
(36,26): 0.0
(36,33): 0.4608868956565857
(37,2): 0.5651145577430725
(37,4): 0.5512287616729736
(37,15): 0.0
(37,16): 0.5015544891357422
(37,18): 0.0
(37,28): 0.0
(37,30): 0.40223899483680725
(38,0): 0.5486091375350952
(38,2): 0.47795748710632324
(38,5): 0.5064293146133423
(38,6): 0.524387538433075
(38,40): 0.0
(38,58): 0.5203444957733154
(39,0): 0.532291829586029
(39,3): 0.43288546800613403
(39,4): 0.5307415723800659
(39,5): 0.0
(39,6): 0.6075723171234131
(39,52): 0.5260754227638245
(40,0): 0.5068312287330627
(40,5): 0.4479003846645355
(40,6): 0.508581817150116
(40,38): 0.0
(40,58): 0.0
(41,9): 0.3993218243122101
(42,9): 0.5083760619163513
(42,49): 0.0
(42,59): 0.42648813128471375
(43,9): 0.46391522884368896
(43,50): 0.0
(44,12): 0.5209447145462036
(44,14): 0.4571267068386078
(44,24): 0.5701656937599182
(44,26): 0.44574812054634094
(45,12): 0.4802841246128082
(45,14): 0.5776486396789551
(45,21): 0.47510501742362976
(45,26): 0.4250441789627075
(46,8): 0.5026313662528992
(46,10): 0.5336451530456543
(46,28): 0.42326509952545166
(46,56): 0.3746519386768341
(47,11): 0.4877816438674927
(47,14): 0.0
(47,20): 0.4541511535644531
(47,22): 0.486907958984375
(47,24): 0.4755125343799591
(47,28): 0.0
(47,48): 0.0
(48,19): 0.39710408449172974
(48,47): 0.0
(49,10): 0.4939440190792084
(49,18): 0.48792821168899536
(49,19): 0.47938016057014465
(49,28): 0.5405455231666565
(49,42): 0.0
(49,59): 0.5410251021385193
(50,8): 0.4631000757217407
(50,43): 0.0
(51,18): 0.4280415177345276
(51,19): 0.4680408537387848
(51,20): 0.4439504146575928
(51,23): 0.5115104913711548
(51,30): 0.5163841247558594
(51,54): 0.0
(52,20): 0.4555063545703888
(52,23): 0.4525950253009796
(52,27): 0.4479612410068512
(52,39): 0.4642333686351776
(53,13): 0.4803784191608429
(54,11): 0.5004825592041016
(54,25): 0.3840010464191437
(54,27): 0.5598878860473633
(54,51): 0.0
(55,14): 0.4440805912017822
(55,15): 0.4726558029651642
(55,16): 0.5442224740982056
(55,18): 0.4772193133831024
(55,28): 0.4705296456813812
(55,29): 0.5053062438964844
(56,14): 0.5023096203804016
(56,15): 0.5034075379371643
(56,30): 0.5866594910621643
(56,46): 0.4679597318172455
(57,16): 0.4983031153678894
(57,32): 0.4966541528701782
(58,11): 0.49913984537124634
(58,15): 0.4351887106895447
(58,20): 0.5151153206825256
(58,22): 0.5427921414375305
(58,26): 0.439576119184494
(58,29): 0.429588258266449
(58,31): 0.49292248487472534
(58,38): 0.4789518117904663
(58,40): 0.0
(59,8): 0.5036057233810425
(59,42): 0.4798009693622589
(59,49): 0.4367354214191437
