Interaction name: 5x33

Affinity: 8.489999771118164
Predicted value: 7.671338081359863

Attributions for edges: 

(0,8): 4.840689318409357e-22
(0,9): 5.293831722078459e-22
(0,11): 1.097263614871142e-22
(0,17): 7.112604686478036e-22
(0,18): 7.511032202631988e-22
(0,19): 3.080382180465947e-22
(0,20): 3.1468320996982926e-23
(0,27): 7.547365747531275e-22
(0,28): 1.1883640994835488e-21
(0,36): 1.2791331968825355e-20
(0,38): 9.287243028860143e-22
(1,10): 4.56278852027834e-28
(1,26): 5.087944838241532e-28
(1,30): 9.947434903514879e-28
(1,31): 3.7805780918965405e-28
(1,34): 1.28512499993749e-27
(2,12): 2.729606051838751e-24
(2,13): 3.6055617369463674e-24
(2,19): 4.935911065614989e-25
(2,21): 1.1588606314196624e-24
(2,22): 1.1935960506211935e-24
(2,23): 3.3377156029731183e-25
(2,25): 6.546878063052871e-26
(2,32): 4.413649154579878e-25
(2,33): 5.0439831761449604e-27
(2,36): 2.0496521671919763e-23
(3,10): 1.3569476460920538e-28
(3,26): 1.5131263608485188e-28
(3,30): 2.9583227651460692e-28
(3,31): 1.1243227533117832e-28
(3,34): 3.821904696643202e-28
(4,5): 9.632632939866514e-21
(4,6): 9.635888625620346e-24
(4,24): 2.465377726825774e-20
(4,25): 9.532214505972283e-22
(4,33): 7.344064049134571e-23
(4,37): 9.823860618500008e-20
(5,4): 1.5835610270200518e-20
(5,6): 3.560797036018696e-24
(5,24): 9.110430749546233e-21
(5,25): 3.5224994641236805e-22
(5,33): 2.7138982929370353e-23
(5,37): 3.6302459387243387e-20
(5,39): 2.8280421601263558e-31
(6,4): 2.2395493517605474e-22
(6,5): 5.034209267799065e-23
(6,23): 2.5397550392989624e-23
(6,24): 1.2884466427152234e-22
(6,25): 4.981709864581792e-24
(6,32): 3.358473383149503e-23
(6,33): 3.838142337189777e-25
(6,37): 5.13410972931204e-22
(6,40): 1.601477986824205e-25
(7,15): 4.762427349391918e-21
(7,16): 1.2739471621827401e-20
(7,17): 1.0069873826196082e-20
(7,18): 1.0633918107697048e-20
(7,27): 1.0685398791718537e-20
(7,29): 8.912059267724092e-21
(7,30): 2.4715064162285172e-21
(7,34): 3.1929664398622706e-21
(7,35): 5.391698437068902e-22
(7,38): 1.3148679648003231e-20
(7,41): 1.5838208134311817e-20
(7,42): 1.3523954689812347e-20
(7,43): 2.2914197053013115e-20
(7,48): 2.3514030628497637e-20
(7,49): 1.3199942227761644e-20
(8,0): 1.248305108454254e-22
(8,9): 5.640956571718238e-21
(8,11): 1.1692130305725814e-21
(8,17): 7.578989855935265e-21
(8,18): 8.003543536502374e-21
(8,27): 8.042289354940954e-21
(8,29): 6.707572852069123e-21
(8,35): 4.058023684975844e-22
(8,38): 9.896222443109632e-21
(8,50): 1.438272406980081e-20
(9,0): 1.3177790155262373e-22
(9,8): 5.445194263117334e-21
(9,11): 1.2342850433063337e-21
(9,17): 8.00079623058119e-21
(9,18): 8.448977065187911e-21
(9,20): 3.53979508169847e-22
(9,27): 8.489879692450238e-21
(9,28): 1.3367670868415244e-20
(9,29): 7.080906765936867e-21
(9,38): 1.044703425819045e-20
(10,1): 2.486178780449594e-31
(10,3): 3.302394156265794e-32
(10,15): 1.047843864674423e-21
(10,26): 2.7813970816289626e-22
(10,30): 5.437884539130037e-22
(10,31): 2.0666984416118437e-22
(10,34): 7.025290784697788e-22
(10,44): 1.0998581973210757e-21
(11,0): 4.908801525341184e-23
(11,8): 2.028357933595479e-21
(11,9): 2.2182346582676123e-21
(11,12): 7.137913565749835e-21
(11,14): 1.106436221895433e-20
(11,18): 3.1472794532513125e-21
(11,19): 1.290744562977696e-21
(11,20): 1.3185837798673076e-22
(11,28): 4.979513388676287e-21
(11,36): 5.3598366556026777e-20
(11,38): 3.8915495477317125e-21
(11,45): 5.441477201019031e-21
(11,46): 1.2802847470018958e-21
(12,2): 1.2479979046938645e-26
(12,11): 2.479117043319502e-21
(12,13): 5.083872401148795e-20
(12,14): 5.965932893053022e-20
(12,19): 6.959702187977974e-21
(12,20): 7.109810730478361e-22
(12,21): 1.634009350862983e-20
(12,22): 1.682993306527754e-20
(12,28): 2.6849566978370964e-20
(12,36): 2.890026888592496e-19
(12,50): 3.049612000738996e-20
(12,53): 3.685416623759638e-20
(12,55): 6.677043263558667e-20
(12,57): 5.556492707006051e-20
(13,2): 1.4884988687224073e-26
(13,12): 4.590496001147567e-20
(13,14): 7.115596975993236e-20
(13,19): 8.300902849811683e-21
(13,21): 1.9489060240694102e-20
(13,22): 2.00732193898056e-20
(13,23): 5.613137372962958e-21
(13,28): 3.202360917487143e-20
(13,32): 7.422596174613056e-21
(13,36): 3.4469626836395626e-19
(13,47): 7.537071993718e-20
(13,48): 4.4756296946323614e-20
(13,51): 5.140288057629472e-20
(13,54): 9.5121014155076e-20
(14,11): 3.3028663507485334e-21
(14,12): 5.127636394783959e-20
(14,13): 6.773142263691722e-20
(14,19): 9.272239071147683e-21
(14,20): 9.472260067433528e-22
(14,21): 2.17695018698619e-20
(14,28): 3.577087305905589e-20
(14,36): 3.850325935617624e-19
(14,43): 4.8718349908784834e-20
(14,53): 4.9099702789391654e-20
(15,7): 6.4607802043603024e-21
(15,10): 6.835482015659474e-22
(15,16): 7.681386576274947e-21
(15,17): 6.0717040094599085e-21
(15,26): 7.622273959607145e-22
(15,27): 6.442863343045433e-21
(15,29): 5.3736116361823864e-21
(15,30): 1.4902184810703267e-21
(15,31): 5.663658297252718e-22
(15,34): 1.9252372282714214e-21
(15,35): 3.2509763173369946e-22
(15,50): 1.1522376324651489e-20
(16,7): 1.18973460204923e-20
(16,15): 5.287839711347243e-21
(16,17): 1.1180871092908564e-20
(16,27): 1.1864351692250377e-20
(16,29): 9.895316906521085e-21
(16,30): 2.7441848087901322e-21
(16,34): 3.545256119620713e-21
(16,35): 5.986581348704198e-22
(16,49): 1.4656331828861197e-20
(16,50): 2.1218051897863194e-20
(16,57): 3.865983366014002e-20
(16,58): 1.4449376732596685e-20
(17,0): 1.5878358907711708e-22
(17,7): 1.0258187470316174e-20
(17,8): 6.561071006870955e-21
(17,9): 7.17528775071174e-21
(17,15): 4.559324620648172e-21
(17,16): 1.21962207545332e-20
(17,18): 1.0180415529071283e-20
(17,27): 1.0229699822384245e-20
(17,29): 8.53202147504426e-21
(17,35): 5.161779688205827e-22
(17,38): 1.2587979631869423e-20
(17,42): 1.2947248244149498e-20
(17,44): 4.785665146932262e-21
(17,49): 1.2637054706648545e-20
(18,0): 1.6285440164887063e-22
(18,7): 1.0521181629700453e-20
(18,8): 6.729279880800104e-21
(18,9): 7.359215883556881e-21
(18,11): 1.5253542700582237e-21
(18,17): 9.887544316819928e-21
(18,20): 4.37453285550577e-22
(18,27): 1.0491963736384005e-20
(18,28): 1.6519971364530303e-20
(18,29): 8.750693616997329e-21
(18,35): 5.294094254987717e-22
(18,57): 3.4187927247616425e-20
(19,0): 9.149009354716455e-23
(19,2): 4.3138373267665045e-27
(19,11): 8.569331642365985e-22
(19,12): 1.3303674230867489e-20
(19,13): 1.7572876964669407e-20
(19,14): 2.0621725762046352e-20
(19,20): 2.457572330608379e-22
(19,21): 5.648127355212021e-21
(19,28): 9.28080249075088e-21
(19,59): 1.218398571121984e-21
(20,0): 2.234837264692609e-23
(20,9): 1.0098950355638314e-21
(20,11): 2.0932388779070994e-22
(20,12): 3.2497006093463946e-21
(20,14): 5.037306979423461e-21
(20,18): 1.4328667534042722e-21
(20,19): 5.87639123797901e-22
(20,21): 1.3796680944142804e-21
(20,28): 2.2670302364725714e-21
(20,36): 2.4401807067681576e-20
(20,38): 1.7717180803571914e-21
(21,2): 7.30638194109439e-27
(21,12): 2.2532627683730353e-20
(21,13): 2.976343831747258e-20
(21,14): 3.4927449333458706e-20
(21,19): 4.074545486800597e-21
(21,20): 4.1624423631006906e-22
(21,28): 1.571903111820596e-20
(21,36): 1.6919609783435946e-19
(21,43): 2.1408463381876646e-20
(22,2): 7.417392543088871e-27
(22,12): 2.287506914821737e-20
(22,13): 3.021577363439411e-20
(22,23): 2.7971138666771557e-21
(22,24): 1.41900216832315e-20
(22,25): 5.486474836794796e-22
(22,32): 3.6987809220899114e-21
(22,33): 4.227069508770996e-23
(22,37): 5.654338479948271e-20
(22,57): 3.302477559704762e-20
(23,2): 3.353652627040604e-27
(23,6): 2.507590024749481e-24
(23,13): 1.3661516279708336e-20
(23,22): 4.522566782177847e-21
(23,24): 6.415761868874384e-21
(23,25): 2.4806199432508055e-22
(23,32): 1.6723433157514556e-21
(23,33): 1.9111857790812478e-23
(23,37): 2.556497164294745e-20
(23,59): 9.47204297291241e-22
(24,4): 3.109760309733819e-20
(24,5): 6.9903014082939e-21
(24,6): 6.992610580868325e-24
(24,22): 1.2611530045520176e-20
(24,23): 3.5266017427792215e-21
(24,25): 6.917429138929323e-22
(24,32): 4.6634415373886665e-21
(24,33): 5.329510827970774e-23
(24,54): 5.976274589414495e-20
(24,56): 6.081488732156972e-20
(25,2): 1.194086098873311e-27
(25,4): 3.970635365213241e-21
(25,5): 8.925460562999732e-22
(25,6): 8.928408583534197e-25
(25,22): 1.6102904314741652e-21
(25,23): 4.502905389680961e-22
(25,24): 2.2843751799420427e-21
(25,32): 5.954467515450247e-22
(25,33): 6.804879829226544e-24
(25,37): 9.10261453899246e-21
(25,51): 4.123581383591723e-21
(25,54): 7.630686220839128e-21
(25,55): 6.388603849153649e-21
(26,1): 2.687564472632468e-31
(26,3): 3.569867904093424e-32
(26,10): 2.696367468594745e-22
(26,15): 1.132721461056761e-21
(26,30): 5.878364778637256e-22
(26,31): 2.2341139107969574e-22
(26,34): 7.5943540895785835e-22
(26,35): 1.2823908415357676e-22
(26,52): 1.5337973284199466e-21
(27,0): 1.6456804734872585e-22
(27,7): 1.063193093552236e-20
(27,8): 6.800088641497917e-21
(27,9): 7.436681671039899e-21
(27,15): 4.725401323457366e-21
(27,16): 1.2640525795605714e-20
(27,17): 9.991624478953126e-21
(27,18): 1.0551325254444622e-20
(27,29): 8.842839436972462e-21
(27,30): 2.4523011241743685e-21
(27,35): 5.349801213977273e-22
(27,38): 1.3046555961889177e-20
(27,43): 2.2736223974343502e-20
(27,44): 4.959986594782494e-21
(28,0): 2.1654436321063407e-22
(28,9): 9.785444056719315e-21
(28,11): 2.0282341392313445e-21
(28,12): 3.148794510475799e-20
(28,13): 4.1592560516681296e-20
(28,14): 4.880894234173073e-20
(28,18): 1.3883748367910937e-20
(28,19): 5.693924807593259e-21
(28,20): 5.81675436328626e-22
(28,21): 1.3368282368145422e-20
(28,36): 2.3644197837640513e-19
(28,38): 1.716704632339698e-20
(28,42): 1.7657003817905464e-20
(28,50): 2.494971567268279e-20
(28,57): 4.5459200134189085e-20
(28,59): 2.8837798170425168e-21
(29,7): 9.568542598264993e-21
(29,8): 6.11997775302062e-21
(29,9): 6.692902109203027e-21
(29,15): 4.252806543876826e-21
(29,16): 1.1376240006042365e-20
(29,17): 8.992311943013075e-21
(29,18): 9.496034239902325e-21
(29,27): 9.54200577179724e-21
(29,30): 2.2070424764491793e-21
(29,34): 2.8513028805802236e-21
(29,35): 4.814740969555124e-22
(29,38): 1.1741659966334736e-20
(29,50): 1.7064799044867183e-20
(29,58): 1.1621034576363344e-20
(30,1): 4.188896688646757e-31
(30,3): 5.564073205238707e-32
(30,7): 3.97221096656557e-21
(30,10): 4.202584654668129e-22
(30,15): 1.7654774711557476e-21
(30,16): 4.7226443240133785e-21
(30,26): 4.68630128753968e-22
(30,27): 3.961179737615351e-21
(30,29): 3.3037985445247894e-21
(30,31): 3.4821254367767243e-22
(30,34): 1.1836633467690965e-21
(30,35): 1.998761866671955e-22
(31,1): 2.205036972057778e-31
(31,3): 2.9289304909283347e-32
(31,10): 2.212242142665417e-22
(31,15): 9.293515545907482e-22
(31,26): 2.4668803844190074e-22
(31,30): 4.822957744743906e-22
(31,34): 6.230832879799797e-22
(31,35): 1.0521491014636593e-22
(32,2): 3.980996573033547e-27
(32,6): 2.9766672293774302e-24
(32,13): 1.6217139249804932e-20
(32,22): 5.368571812118208e-21
(32,23): 1.5012361794782993e-21
(32,24): 7.615941564861657e-21
(32,25): 2.944663016234869e-22
(32,33): 2.2686978568717724e-23
(32,37): 3.0347343819404057e-20
(32,43): 1.1664782252568455e-20
(33,2): 2.3281515058465173e-28
(33,4): 7.741687053382943e-22
(33,5): 1.7402284190950004e-22
(33,6): 1.7408032718973963e-25
(33,22): 3.1396275277142177e-22
(33,23): 8.779440642394895e-23
(33,24): 4.453909680619791e-22
(33,25): 1.722073731994425e-23
(33,32): 1.160959021149073e-22
(33,37): 1.7747553841689095e-21
(33,43): 6.821727815569275e-22
(33,56): 1.513974781106455e-21
(34,1): 4.969885731378279e-31
(34,3): 6.601454022805481e-32
(34,7): 4.712800147709787e-21
(34,10): 4.986144667041545e-22
(34,15): 2.0946297217245382e-21
(34,16): 5.6031465821269656e-21
(34,26): 5.560006770580981e-22
(34,29): 3.919752852328076e-21
(34,30): 1.0870361910071327e-21
(34,31): 4.1313420583377677e-22
(34,35): 2.37141660285474e-22
(34,41): 6.966050637620605e-21
(34,42): 5.94818227565423e-21
(34,58): 5.723715830445455e-21
(35,7): 1.6568053055170473e-21
(35,8): 1.0596779394559907e-21
(35,15): 7.363760833087109e-22
(35,16): 1.969810469501952e-21
(35,17): 1.5570243217213334e-21
(35,18): 1.6442443174994238e-21
(35,26): 1.9546367741662367e-22
(35,27): 1.652204214333917e-21
(35,29): 1.3780059581760925e-21
(35,30): 3.821493145767314e-22
(35,31): 1.452385444118847e-22
(35,34): 4.937029808429251e-22
(35,38): 2.0330756499748372e-21
(36,0): 8.835249206669043e-22
(36,2): 4.165880455090877e-26
(36,11): 8.275450890104339e-21
(36,12): 1.2847479760959232e-19
(36,13): 1.6970288813121598e-19
(36,14): 1.991458908965523e-19
(36,20): 2.3733001250173692e-21
(36,21): 5.454427666704957e-20
(36,28): 8.962521970292515e-20
(37,4): 7.182137193924592e-20
(37,5): 1.614442813525696e-20
(37,6): 1.6149823931226897e-23
(37,22): 2.9127142555963236e-20
(37,23): 8.144914680860082e-21
(37,25): 1.5976125153377262e-21
(37,32): 1.0770437643891676e-20
(37,33): 1.230875573852194e-22
(38,0): 1.8505566120330386e-22
(38,7): 1.1955489385853962e-20
(38,8): 7.646653876276956e-21
(38,9): 8.36249710929134e-21
(38,11): 1.73330588066176e-21
(38,17): 1.1235512673157513e-20
(38,20): 4.970932399563008e-22
(38,27): 1.1922332691105083e-20
(38,28): 1.8772138603267845e-20
(38,29): 9.943715050291107e-21
(38,35): 6.015838117086056e-22
(39,5): 1.0894947176799705e-27
(40,6): 1.0372312960395186e-25
(41,7): 1.364630714242987e-20
(41,34): 4.06640898609753e-21
(41,43): 2.918241825416224e-20
(42,7): 1.2413449369382136e-20
(42,17): 1.166589458431014e-20
(42,28): 1.949121704951785e-20
(42,34): 3.699034973166716e-21
(42,53): 2.6753869290081968e-20
(43,7): 1.6876348883634277e-20
(43,14): 5.887976290198727e-20
(43,21): 1.6126638905325668e-20
(43,27): 1.6829548555539675e-20
(43,32): 6.141986088752073e-21
(43,33): 7.019205448566041e-23
(43,41): 2.4945148407855275e-20
(44,10): 7.073047540375654e-22
(44,17): 6.28270009304307e-21
(44,27): 6.666782912009385e-21
(44,52): 4.023436387819904e-21
(45,11): 2.1259603991153346e-21
(45,50): 2.615206631388123e-20
(46,11): 8.721396761859712e-22
(46,59): 1.240023810754312e-21
(47,13): 7.082720424053375e-20
(47,51): 6.004266252096319e-20
(48,7): 1.7376894936218294e-20
(48,13): 5.166256035867382e-20
(49,7): 1.2238911836752746e-20
(49,16): 1.4551097329720833e-20
(49,17): 1.1501824440721241e-20
(50,8): 9.776862057864078e-21
(50,12): 3.4405369119967034e-20
(50,15): 6.793969605228299e-21
(50,16): 1.8173909305807278e-20
(50,28): 2.4001690758101727e-20
(50,29): 1.271378863315991e-20
(50,45): 2.622839634360912e-20
(51,13): 5.537448812106578e-20
(51,25): 1.0054744862429136e-21
(51,47): 6.883084906857676e-20
(52,26): 9.216550994332754e-22
(52,44): 3.644521832094911e-21
(53,12): 3.866234105137182e-20
(53,14): 5.992962312037899e-20
(53,42): 2.1679999958231382e-20
(54,13): 8.100887346522093e-20
(54,24): 3.804377474306981e-20
(54,25): 1.470936549601514e-21
(54,55): 1.0639524033492942e-19
(54,57): 8.853982949228487e-20
(55,12): 5.468803161022334e-20
(55,25): 1.311676109884409e-21
(55,54): 1.1332152087186856e-19
(56,24): 3.7039929677425624e-20
(56,33): 1.1033749518583255e-22
(57,12): 4.964153194000803e-20
(57,16): 2.622199538738464e-20
(57,18): 2.188807788755395e-20
(57,22): 2.1707222601437473e-20
(57,28): 3.463053349881765e-20
(57,54): 1.0286405799872883e-19
(58,16): 1.4415021272194458e-20
(58,29): 1.0084212162009379e-20
(58,34): 3.612933064659475e-21
(59,19): 1.6368719895106883e-21
(59,23): 1.1068661094369226e-21
(59,28): 6.314825235406958e-21
(59,46): 1.6236135727222025e-21
