Interaction name: 6e9w

Affinity: 6.550000190734863
Predicted value: 7.264621734619141

Attributions for edges: 

(0,18): 0.47919052839279175
(0,19): 0.45631974935531616
(0,20): 0.5034472942352295
(0,22): 0.4166799485683441
(0,23): 0.4362982213497162
(1,4): 0.5222152471542358
(1,7): 0.4746655225753784
(1,9): 0.4341975450515747
(1,10): 0.5001837015151978
(1,11): 0.43626290559768677
(1,23): 0.5265001058578491
(1,24): 0.518406331539154
(2,3): 0.4773443043231964
(2,6): 0.45683974027633667
(2,11): 0.4365187883377075
(2,12): 0.5138016939163208
(2,13): 0.4520687758922577
(2,14): 0.45059648156166077
(2,15): 0.5481699705123901
(2,16): 0.5012758374214172
(2,24): 0.46932080388069153
(2,25): 0.5250798463821411
(3,2): 0.43376579880714417
(3,5): 0.5358656644821167
(3,6): 0.4992258548736572
(3,11): 0.5443321466445923
(3,12): 0.533397912979126
(3,14): 0.5898938775062561
(3,15): 0.3631848990917206
(3,16): 0.5087573528289795
(3,24): 0.4864508807659149
(3,25): 0.47149336338043213
(4,1): 0.44129693508148193
(4,7): 0.41926127672195435
(4,9): 0.4981943368911743
(4,10): 0.49465134739875793
(4,11): 0.47367456555366516
(4,13): 0.3503320515155792
(4,15): 0.44729822874069214
(5,3): 0.5167631506919861
(5,6): 0.5621268153190613
(5,11): 0.4848062992095947
(5,13): 0.4017394483089447
(5,14): 0.46936070919036865
(5,15): 0.5072232484817505
(5,26): 0.37869879603385925
(6,2): 0.4224804639816284
(6,3): 0.45039090514183044
(6,5): 0.5334086418151855
(6,11): 0.48829686641693115
(6,12): 0.40685832500457764
(6,13): 0.4679238796234131
(6,14): 0.44733282923698425
(6,15): 0.5258392691612244
(6,34): 0.5096250176429749
(7,1): 0.4592866599559784
(7,4): 0.5723400712013245
(7,8): 0.4727928638458252
(7,9): 0.4811455011367798
(7,10): 0.48889875411987305
(7,17): 0.4925735294818878
(7,21): 0.4065020978450775
(7,30): 0.4309302866458893
(7,32): 0.4603806138038635
(7,36): 0.3897039294242859
(8,7): 0.38364309072494507
(8,9): 0.4746197462081909
(8,10): 0.5101602673530579
(8,17): 0.45142117142677307
(8,18): 0.47919273376464844
(8,19): 0.363380491733551
(8,20): 0.4502300024032593
(8,21): 0.4959014356136322
(8,22): 0.5469267964363098
(8,35): 0.4974663555622101
(8,36): 0.4427694082260132
(8,37): 0.35834741592407227
(9,1): 0.4324019253253937
(9,4): 0.387603223323822
(9,7): 0.47485893964767456
(9,8): 0.4620261490345001
(9,10): 0.3912351727485657
(9,17): 0.4264959394931793
(9,19): 0.5217260122299194
(9,21): 0.4070698320865631
(10,1): 0.5040037035942078
(10,4): 0.5389967560768127
(10,7): 0.4022526144981384
(10,8): 0.521226167678833
(10,9): 0.4941529333591461
(10,17): 0.4874759912490845
(10,19): 0.4332931935787201
(10,21): 0.5671008825302124
(10,33): 0.38922667503356934
(10,39): 0.49778008460998535
(11,1): 0.38667017221450806
(11,2): 0.5530303120613098
(11,3): 0.5027768611907959
(11,4): 0.503706157207489
(11,5): 0.49189355969429016
(11,6): 0.5299727320671082
(11,13): 0.4340708255767822
(11,14): 0.49689847230911255
(11,15): 0.450983464717865
(11,16): 0.5285433530807495
(11,33): 0.4158425033092499
(12,2): 0.42161500453948975
(12,3): 0.4917888641357422
(12,6): 0.5458133220672607
(12,14): 0.40370574593544006
(12,15): 0.5230327844619751
(12,16): 0.47299158573150635
(12,30): 0.5409824252128601
(12,31): 0.3889461159706116
(12,34): 0.45365238189697266
(13,2): 0.46136873960494995
(13,4): 0.41996002197265625
(13,5): 0.4524381160736084
(13,6): 0.4239964485168457
(13,11): 0.5174059271812439
(13,14): 0.4832557737827301
(13,15): 0.48173096776008606
(13,29): 0.495270699262619
(13,32): 0.48883214592933655
(13,33): 0.5875412225723267
(13,36): 0.5902631878852844
(13,37): 0.5220518708229065
(14,2): 0.37846681475639343
(14,3): 0.4511891007423401
(14,5): 0.42393821477890015
(14,6): 0.4670867323875427
(14,11): 0.5207974314689636
(14,12): 0.5010712146759033
(14,13): 0.4894329607486725
(14,15): 0.5269268751144409
(14,16): 0.35839560627937317
(14,30): 0.47529828548431396
(15,2): 0.4544641673564911
(15,3): 0.40595024824142456
(15,4): 0.4111666977405548
(15,5): 0.465861976146698
(15,6): 0.48662957549095154
(15,11): 0.531489908695221
(15,12): 0.5642968416213989
(15,13): 0.5092023611068726
(15,14): 0.39643487334251404
(15,16): 0.4438849985599518
(15,39): 0.5012608766555786
(16,2): 0.5443377494812012
(16,3): 0.45136258006095886
(16,11): 0.4611643850803375
(16,12): 0.5102824568748474
(16,14): 0.4415395259857178
(16,15): 0.4682346284389496
(16,32): 0.4280785322189331
(17,7): 0.512068510055542
(17,8): 0.5342981815338135
(17,9): 0.4839070439338684
(17,10): 0.45180103182792664
(17,18): 0.5531534552574158
(17,19): 0.37972545623779297
(17,20): 0.4504607915878296
(17,21): 0.4210556745529175
(18,0): 0.480129212141037
(18,8): 0.5238255858421326
(18,17): 0.4366225004196167
(18,19): 0.5600463151931763
(18,20): 0.4532968997955322
(18,21): 0.4972088932991028
(18,22): 0.5930538773536682
(18,27): 0.4749585688114166
(18,37): 0.5247052311897278
(18,38): 0.5810651779174805
(19,0): 0.46172699332237244
(19,8): 0.3939608931541443
(19,9): 0.4890807867050171
(19,10): 0.5467916131019592
(19,17): 0.46294736862182617
(19,18): 0.420577734708786
(19,20): 0.40367817878723145
(19,21): 0.5322470664978027
(19,22): 0.5571722388267517
(19,36): 0.3576391935348511
(20,0): 0.38606569170951843
(20,8): 0.4247264266014099
(20,17): 0.43115586042404175
(20,18): 0.5030494928359985
(20,19): 0.4119555354118347
(20,21): 0.5018306374549866
(20,22): 0.373878538608551
(20,35): 0.5316258072853088
(21,7): 0.40086519718170166
(21,8): 0.5536542534828186
(21,9): 0.5332198739051819
(21,10): 0.5137059092521667
(21,17): 0.4754895865917206
(21,18): 0.48671743273735046
(21,19): 0.47561585903167725
(21,20): 0.5911243557929993
(21,28): 0.47219955921173096
(21,38): 0.46562257409095764
(21,39): 0.533479630947113
(22,0): 0.49966779351234436
(22,8): 0.41129717230796814
(22,18): 0.37430432438850403
(22,19): 0.5648452043533325
(22,20): 0.5198616981506348
(23,0): 0.45147567987442017
(23,1): 0.5257689356803894
(23,27): 0.41975247859954834
(24,1): 0.5031771063804626
(24,2): 0.5292658805847168
(24,3): 0.4743714928627014
(24,26): 0.4780973494052887
(24,33): 0.4734708368778229
(25,2): 0.5596411824226379
(25,3): 0.43987664580345154
(25,30): 0.4620935022830963
(25,31): 0.479999303817749
(26,5): 0.45092135667800903
(26,24): 0.47702664136886597
(26,33): 0.6304888725280762
(27,18): 0.3417913615703583
(27,23): 0.4758310914039612
(28,21): 0.4599326252937317
(28,37): 0.5092082023620605
(29,13): 0.41708090901374817
(29,35): 0.4755644202232361
(30,7): 0.464262455701828
(30,12): 0.46927210688591003
(30,14): 0.5334621667861938
(30,25): 0.3527408540248871
(31,12): 0.4588998258113861
(31,25): 0.48483896255493164
(32,7): 0.42859286069869995
(32,13): 0.5319228768348694
(32,16): 0.48560500144958496
(32,35): 0.478793740272522
(33,10): 0.5203700661659241
(33,11): 0.4898667633533478
(33,13): 0.46095138788223267
(33,24): 0.565757691860199
(33,26): 0.557828426361084
(34,6): 0.4991823732852936
(34,12): 0.43478482961654663
(35,8): 0.5213348865509033
(35,20): 0.41273972392082214
(35,29): 0.44482019543647766
(35,32): 0.5611711144447327
(36,7): 0.5360204577445984
(36,8): 0.5199807286262512
(36,13): 0.39943927526474
(36,19): 0.435430645942688
(37,8): 0.36597681045532227
(37,13): 0.6148622035980225
(37,18): 0.39722561836242676
(37,28): 0.5619878172874451
(38,18): 0.45392733812332153
(38,21): 0.45744550228118896
(39,10): 0.4644699692726135
(39,15): 0.5101721286773682
(39,21): 0.4296025335788727
