Interaction name: 5z68

Affinity: 5.889999866485596
Predicted value: 6.371267318725586

Shapley values for edges: 

(0,1): -0.000579996109008789
(0,2): -0.0009281730651855469
(0,3): -0.0003726100921630859
(0,5): -0.0005720329284667969
(0,20): 0.00395747184753418
(0,21): 0.0027579116821289064
(0,22): 0.0060073757171630856
(0,32): -0.0014966583251953124
(0,33): -0.0007364749908447266
(0,34): -0.0003301334381103516
(0,35): -0.00159210205078125
(0,36): -0.0035994434356689453
(0,37): -0.002764110565185547
(1,0): 0.0003115081787109375
(1,2): 6.006240844726562e-05
(1,3): -0.00016063690185546875
(1,4): -0.00013916969299316407
(1,5): 0.00012574195861816406
(1,19): 0.003474464416503906
(1,21): 0.002934751510620117
(1,22): 0.004674434661865234
(1,23): 0.005242280960083008
(1,32): -0.0014320087432861328
(1,33): 0.001246509552001953
(1,34): 0.0012118721008300781
(1,35): -0.0002684211730957031
(1,36): -0.0008075332641601562
(1,38): -0.0016077327728271484
(1,46): -0.0012113380432128907
(1,47): -0.00045511245727539065
(2,0): -1.80816650390625e-05
(2,1): -0.0002588176727294922
(2,5): -8.09478759765625e-05
(2,19): 0.00440089225769043
(2,20): 0.004695329666137695
(2,32): -0.0010873031616210936
(2,33): 2.070426940917969e-05
(2,34): -0.0001407337188720703
(2,35): -0.0024091720581054686
(2,37): -0.0030190181732177735
(2,46): -0.0018393802642822266
(3,0): 0.00028252601623535156
(3,1): 0.000210113525390625
(3,4): -0.00014881134033203124
(3,5): 0.00016412734985351562
(3,6): 0.0020083045959472657
(3,8): 0.0004827594757080078
(3,19): 0.003252687454223633
(3,20): 0.00461090087890625
(3,23): 0.004866943359375
(3,24): 0.007660646438598633
(3,32): -0.0004073333740234375
(3,33): 0.0013779067993164062
(3,34): 0.0009162521362304687
(3,35): 0.0002816486358642578
(3,36): -0.00048427581787109376
(3,37): -0.00019451141357421876
(3,38): -0.0010689926147460938
(3,46): -0.0010121440887451171
(3,47): 0.0023202037811279295
(4,1): -8.295059204101563e-05
(4,3): -0.00010310173034667969
(4,5): 0.00011737823486328125
(4,6): 0.0014101028442382812
(4,7): -0.0003579235076904297
(4,8): 0.0003252506256103516
(4,20): 0.0035274314880371096
(4,22): 0.0053051567077636716
(4,24): 0.005874700546264648
(4,25): 0.00706456184387207
(4,32): -0.0006351184844970703
(4,33): 0.0012096118927001952
(4,34): 0.001530466079711914
(4,35): 0.00017436981201171875
(4,36): -0.00030463218688964844
(4,37): -0.0001602935791015625
(4,38): -0.0011380863189697265
(4,46): -0.001425771713256836
(4,47): -0.0007134342193603516
(5,0): 0.0001879119873046875
(5,1): -0.00022759437561035157
(5,2): -0.00022098541259765625
(5,3): -0.00039201736450195313
(5,4): -0.0004309177398681641
(5,8): 0.0005333805084228515
(5,19): 0.003100128173828125
(5,20): 0.004416170120239257
(5,21): 0.003395376205444336
(5,22): 0.005315351486206055
(5,23): 0.005413579940795899
(5,32): -0.00019353866577148437
(5,33): 0.0008474159240722657
(5,34): 0.0009955215454101564
(5,35): -0.0003610706329345703
(5,36): -0.0009975147247314453
(5,38): -0.0025111675262451173
(5,46): -0.0007420444488525391
(6,3): 0.0004952049255371094
(6,4): 0.0003120231628417969
(6,7): 0.00033178329467773435
(6,8): 0.0008311271667480469
(6,9): 0.0010053539276123047
(6,22): 0.005443944931030274
(6,23): 0.006626949310302734
(6,25): 0.005678510665893555
(6,26): -0.0010747051239013673
(6,37): 8.53729248046875e-05
(6,38): 0.0009714889526367187
(6,46): 0.0008399200439453125
(6,47): 0.0006933307647705078
(7,4): 0.0004217720031738281
(7,6): 0.001847381591796875
(7,8): 0.000910482406616211
(7,9): 0.0022986030578613283
(7,23): 0.005429658889770508
(7,24): 0.006222200393676758
(7,26): 0.0007091522216796875
(7,32): 0.002256021499633789
(7,36): 0.00023207664489746093
(7,37): 0.0002616596221923828
(7,38): -4.285812377929687e-05
(7,46): -0.0008059978485107422
(7,47): 0.0008730220794677734
(8,3): 2.0294189453125e-05
(8,4): 0.00015944480895996094
(8,5): -7.45868682861328e-05
(8,6): 0.0024203014373779296
(8,7): 0.0006273174285888672
(8,9): 0.002027902603149414
(8,22): 0.004964647293090821
(8,23): 0.005113811492919922
(8,24): 0.005727462768554688
(8,25): 0.0063740921020507815
(8,26): 0.0002954578399658203
(8,27): -0.004004945755004883
(8,36): 0.0008158779144287109
(8,37): 0.0004139137268066406
(8,38): 0.00027696609497070314
(9,6): 0.0032136344909667967
(9,7): 0.001463775634765625
(9,8): 0.0014862918853759766
(9,10): 0.0024186325073242186
(9,24): 0.004343996047973633
(9,25): 0.005901374816894531
(9,26): -0.0002604866027832031
(9,27): -0.004632492065429688
(9,28): -0.013292951583862305
(9,29): -0.004128847122192383
(9,30): -0.012618951797485352
(9,36): 0.0022552490234375
(9,37): 0.0022721481323242187
(9,38): 0.0022748661041259765
(9,46): 0.0006033229827880859
(10,9): 0.002218313217163086
(10,11): 0.0015459632873535156
(10,12): 0.0010233783721923827
(10,15): 0.0033506107330322265
(10,16): 7.63702392578125e-05
(10,17): -0.00091796875
(10,26): 0.0004901123046875
(10,27): -0.0025431060791015624
(10,28): -0.006100873947143554
(10,29): -0.0011054611206054688
(10,30): -0.010176448822021485
(10,36): 0.0005755519866943359
(10,37): 0.001535511016845703
(10,39): 0.00210087776184082
(11,10): 0.001673583984375
(11,12): 0.00015649795532226562
(11,17): -0.0001550579071044922
(11,26): -0.0026191425323486327
(11,27): -0.004491567611694336
(11,28): -0.006020727157592773
(11,29): -0.0010009574890136718
(11,30): -0.004645452499389648
(11,37): -0.0004742908477783203
(11,40): 0.005243425369262695
(11,41): 0.0012904834747314454
(11,42): 0.0035582637786865236
(11,43): -0.007543716430664062
(12,10): 0.0017807292938232422
(12,11): 0.0011877822875976563
(12,16): 0.000782623291015625
(12,27): -0.006073074340820312
(12,28): -0.0018683242797851562
(12,29): -0.0008503818511962891
(12,30): -0.007491111755371094
(12,36): 0.0004063892364501953
(12,37): -0.00032712936401367186
(12,38): -0.0009909629821777343
(12,41): 0.0028109169006347657
(13,14): 0.0009631252288818359
(13,15): -0.0011736106872558593
(13,18): -0.008000688552856445
(13,29): -0.005005664825439453
(13,39): 0.0005431270599365234
(13,40): 0.00029448509216308596
(13,41): -0.0016089344024658202
(14,13): -0.002959117889404297
(14,15): -0.0019719696044921877
(14,18): -0.00666025161743164
(14,31): -0.004324760437011719
(14,39): -0.0021985244750976564
(14,40): -0.002976360321044922
(14,42): -0.0018298625946044922
(15,10): 0.0003612899780273437
(15,13): 4.713058471679688e-05
(15,14): 0.0001342296600341797
(15,29): 0.0026105785369873046
(15,31): -0.003501424789428711
(15,39): -0.00048722267150878905
(15,42): -0.0005887317657470704
(16,10): -0.001948995590209961
(16,12): -0.0011798763275146485
(16,17): 0.0037465476989746093
(16,26): 0.0015906238555908204
(16,27): -0.004783306121826172
(16,28): -0.009998817443847657
(16,29): -0.007545871734619141
(16,30): -0.005222311019897461
(17,10): -0.0019371986389160156
(17,11): -0.0006970405578613281
(17,16): 0.0030065155029296874
(17,27): -0.008984622955322265
(17,28): -0.0031728172302246094
(17,29): -0.004543294906616211
(17,30): -0.011234788894653321
(18,13): 0.004441041946411133
(18,14): 0.006833972930908203
(18,31): 0.0057318687438964845
(18,44): -2.4471282958984375e-05
(18,45): -0.00018114089965820312
(19,1): 0.0008222293853759765
(19,2): 0.0015351390838623047
(19,3): 0.0010814857482910156
(19,5): 0.0005298137664794921
(19,20): -0.0019217967987060548
(19,21): -0.001924610137939453
(19,22): -0.003607635498046875
(20,0): 0.0021184158325195314
(20,2): 0.0008201980590820312
(20,3): 0.0003842639923095703
(20,4): 0.00026268959045410155
(20,5): 0.0010357379913330078
(20,19): -0.0014581775665283203
(20,21): -0.0010094928741455078
(20,22): -0.0030622482299804688
(20,23): -0.002654094696044922
(21,0): 0.0012569141387939453
(21,1): -0.00013991355895996095
(21,5): -8.131980895996093e-05
(21,19): -0.0027229976654052734
(21,20): -0.0035287094116210936
(22,0): 0.001317291259765625
(22,1): 0.0005308723449707031
(22,4): 0.0014167022705078125
(22,5): 0.000579996109008789
(22,6): -0.00656550407409668
(22,8): -0.0020797061920166016
(22,19): -0.0005491924285888672
(22,20): -0.0015823936462402344
(22,23): -0.0023607254028320313
(22,24): -0.0036489200592041016
(23,1): 0.0007062625885009766
(23,3): 0.0005652713775634766
(23,5): 0.001016712188720703
(23,6): -0.004916477203369141
(23,7): -0.002098064422607422
(23,8): -0.0025434017181396483
(23,20): -0.0017650032043457031
(23,22): -0.0029710102081298827
(23,24): -0.0024448490142822267
(23,25): -0.0023128795623779297
(24,3): 0.0007876110076904297
(24,4): 0.0012997627258300782
(24,7): -0.0021234798431396485
(24,8): -0.003563575744628906
(24,9): -0.005823698043823242
(24,22): -0.004794950485229492
(24,23): -0.0031320953369140623
(24,25): -0.002071504592895508
(24,26): -0.008907737731933594
(25,4): -0.00018532752990722657
(25,6): -0.006098222732543945
(25,8): -0.003077793121337891
(25,9): -0.006504602432250976
(25,23): -0.0042686939239501955
(25,24): -0.0033210086822509765
(25,26): -0.01580306053161621
(26,6): -0.0010656261444091798
(26,7): 0.001063852310180664
(26,8): -0.00026051521301269533
(26,9): -0.0005461692810058594
(26,10): 0.0012924385070800782
(26,11): -0.001025371551513672
(26,16): -0.012983102798461914
(26,24): 0.0005851173400878906
(26,25): 0.0037784576416015625
(26,27): -0.001323575973510742
(26,28): -0.0006242275238037109
(26,29): -0.003575868606567383
(26,30): -0.0025499820709228515
(27,8): 0.003077268600463867
(27,9): 0.00016766548156738281
(27,10): 0.0006468582153320312
(27,11): 0.0015390777587890624
(27,12): 0.003699674606323242
(27,16): -0.007547817230224609
(27,17): -0.016919288635253906
(27,26): 0.0005655574798583984
(27,28): 0.0023437786102294923
(27,29): -0.00016379356384277344
(27,30): 0.00033158302307128906
(27,48): -0.003484659194946289
(28,9): -0.0009158229827880859
(28,10): 0.0006107425689697265
(28,11): 0.0007698535919189453
(28,12): 0.0020124244689941405
(28,16): -0.006618366241455078
(28,17): -0.004584054946899414
(28,26): 0.002929849624633789
(28,27): 0.0005963706970214844
(28,29): 0.0003452777862548828
(28,30): 0.0015464019775390625
(29,9): -1.938819885253906e-05
(29,10): 0.00022308349609375
(29,11): 0.0027736282348632814
(29,12): 0.0024819374084472656
(29,13): 0.010303058624267579
(29,15): 0.010446081161499024
(29,16): -0.007879562377929687
(29,17): -0.010459823608398438
(29,26): 0.0016957569122314454
(29,27): 0.00015881538391113281
(29,28): 0.0007058620452880859
(29,30): 0.0009377670288085938
(30,9): -0.0008892440795898438
(30,10): 0.0029176902770996094
(30,11): 0.001228456497192383
(30,12): 0.004205179214477539
(30,16): -0.002950439453125
(30,17): -0.00820601463317871
(30,26): 0.0020746040344238282
(30,27): 0.0008123302459716797
(30,28): 0.0015775299072265626
(30,29): 0.0025104331970214845
(30,49): -0.0042661380767822265
(31,14): 0.002965087890625
(31,15): 0.0020981788635253905
(31,18): 0.0024973201751708985
(31,50): 0.0007517242431640625
(32,0): 8.024215698242188e-05
(32,1): -0.0006317043304443359
(32,2): -0.0002289104461669922
(32,3): -0.0006881999969482422
(32,4): -0.0010293197631835937
(32,5): -5.207061767578125e-06
(32,7): -0.00046352386474609377
(32,33): 0.00013590812683105468
(32,35): -0.0006839847564697266
(32,49): -0.007556171417236328
(33,0): -0.000576629638671875
(33,1): -0.0012705326080322266
(33,2): -0.0006697177886962891
(33,3): -0.0023151588439941405
(33,4): -0.0019415187835693359
(33,5): -0.0006694221496582032
(33,32): -0.0031772327423095705
(34,0): -0.0009727954864501953
(34,1): -0.0014299774169921876
(34,2): -0.001991710662841797
(34,3): -0.0008936309814453125
(34,4): -0.0022858047485351564
(34,5): -0.0009571552276611328
(34,35): -0.0013306713104248046
(35,0): 0.0004512405395507813
(35,1): -0.0004000568389892578
(35,2): 0.000204620361328125
(35,3): -0.0004221153259277344
(35,4): 9.418487548828125e-05
(35,5): -0.0002618980407714844
(35,32): -0.0006246471405029297
(35,34): 0.0004107666015625
(35,49): -0.019330501556396484
(36,0): 1.3532638549804687e-05
(36,1): -0.0006042766571044922
(36,3): -0.0009305572509765625
(36,4): -0.0006202030181884766
(36,5): -0.0005119228363037109
(36,7): -0.0013553428649902344
(36,8): 0.000148773193359375
(36,9): 0.0033275508880615235
(36,10): -2.2134780883789063e-05
(36,12): -0.0015765762329101563
(36,37): -0.0013433361053466796
(37,0): 3.167152404785156e-05
(37,2): -0.0007213020324707032
(37,3): -0.0013058948516845702
(37,4): -0.0011700153350830077
(37,6): 0.0009714412689208984
(37,7): -0.0019132328033447266
(37,8): 0.00011538505554199218
(37,9): 0.005475988388061523
(37,10): 0.0004639911651611328
(37,11): 0.0005589008331298828
(37,12): -0.0010357189178466797
(37,36): -0.0013047981262207032
(38,1): -0.0008372879028320313
(38,3): -0.000591287612915039
(38,4): -0.00023125648498535157
(38,5): 0.0005768489837646484
(38,6): 0.004960365295410156
(38,7): -0.0012642478942871095
(38,8): 0.0025171661376953126
(38,9): 0.002497434616088867
(38,12): -0.0008029365539550782
(38,47): 0.0011011028289794921
(39,10): 0.0007070064544677735
(39,13): 0.00011982917785644532
(39,14): 0.0021818733215332032
(39,15): -6.197929382324218e-05
(39,48): -0.025424184799194335
(40,11): -0.0027273941040039064
(40,13): -0.0019776725769042967
(40,14): 0.00019822120666503906
(40,41): -0.0014821529388427735
(40,45): -0.010069026947021484
(41,11): -0.0009712791442871094
(41,12): -0.0020088958740234375
(41,13): -0.0007764625549316406
(41,40): -0.0005211448669433594
(41,45): -0.00726170539855957
(42,11): -0.003662757873535156
(42,14): -0.0007529449462890625
(42,15): -0.004108772277832031
(42,44): -0.011019105911254884
(43,11): 0.0005132007598876953
(44,18): -3.056526184082031e-05
(44,42): 0.011283445358276366
(44,45): 0.000969696044921875
(45,18): -0.000742177963256836
(45,40): 0.011088123321533203
(45,41): 0.00816441535949707
(45,44): -0.00099884033203125
(46,1): 0.002851886749267578
(46,2): 0.005829696655273438
(46,3): 0.0027607059478759765
(46,4): 0.005915498733520508
(46,5): 0.004030265808105469
(46,6): -0.0022841453552246093
(46,7): 0.0007907390594482422
(46,9): -0.0006040668487548828
(47,1): 0.005521392822265625
(47,3): 0.0046072864532470705
(47,4): 0.005746908187866211
(47,6): -0.003066911697387695
(47,7): 0.0021329021453857424
(47,38): 0.0015200996398925782
(48,27): 0.01852860450744629
(48,39): 0.017811899185180665
(49,30): 0.014999675750732421
(49,32): 0.012485876083374023
(49,35): 0.014994144439697266
(50,31): -3.6153793334960934e-05
